"Index" "Price" "Volume"
14019 45000 NA
14020 45000 NA
14021 45100 NA
14022 45100 NA
14023 45400 NA
14024 45400 NA
14025 45300 NA
14026 45300 NA
14027 45100 NA
14028 45100 NA
14029 45300 NA
14030 45300 NA
14031 45600 NA
14032 45800 NA
14033 45900 NA
14034 46300 NA
14035 46200 NA
14036 46400 NA
14037 46900 NA
14038 47000 NA
14039 47500 NA
14040 47500 NA
14041 47700 NA
14042 48000 NA
14043 48100 NA
14044 48200 NA
14045 48100 NA
14046 48100 NA
14047 48300 NA
14048 48300 NA
14049 48800 NA
14050 49100 NA
14051 49100 NA
14052 49300 NA
14053 49700 NA
14054 49700 NA
14055 50200 NA
14056 50100 NA
14057 49800 NA
14058 49600 NA
14059 50100 NA
14060 50500 NA
14061 50500 NA
14062 51000 NA
14063 51000 NA
14064 51200 NA
14065 51300 NA
14066 51600 NA
14067 51400 NA
14068 51400 NA
14069 51700 NA
14070 51700 NA
14071 51700 NA
14072 51700 NA
14073 51400 NA
14074 51300 NA
14075 51300 NA
14076 51500 NA
14077 51100 NA
14078 50400 NA
14079 50600 NA
14080 51100 NA
14081 50600 NA
14082 50200 NA
14083 50000 NA
14084 49700 NA
14085 49100 NA
14086 49100 NA
14087 48600 NA
14088 48600 NA
14089 48600 NA
14090 48600 NA
14091 48600 NA
14092 48600 NA
14093 48500 NA
14094 49400 NA
14095 49200 NA
14096 48800 NA
14097 48800 NA
14098 48700 NA
14099 48200 NA
14100 48700 NA
14101 48700 NA
14102 48400 NA
14103 48400 NA
14104 48200 NA
14105 47600 NA
14106 48000 NA
14107 48600 NA
14108 48600 NA
14109 47900 NA
14110 48000 NA
14111 48800 NA
14112 48800 NA
14113 49100 NA
14114 48900 NA
14115 48900 NA
14116 48600 NA
14117 48400 NA
14118 48000 NA
14119 47900 NA
14120 47500 NA
14121 47400 NA
14122 47400 NA
14123 47400 NA
14124 47400 NA
14125 47500 NA
14126 47400 NA
14127 47500 NA
14128 47500 NA
14129 47500 NA
14130 47300 NA
14131 47300 NA
14132 47200 NA
14133 48000 NA
14134 48000 NA
14135 48000 NA
14136 48000 NA
14137 48200 NA
14138 48200 NA
14139 48100 NA
14140 48700 NA
14141 49000 NA
14142 48900 NA
14143 48900 NA
14144 49400 NA
14145 49200 NA
14146 49500 NA
14147 49200 NA
14148 49200 NA
14149 49400 NA
14150 49400 NA
14151 49100 NA
14152 48900 NA
14153 48500 NA
14154 48000 NA
14155 47600 NA
14156 47400 NA
14157 47400 NA
14158 47200 NA
14159 46800 NA
14160 46700 NA
14161 46700 NA
14162 46400 NA
14163 46100 NA
14164 46600 NA
14165 46600 NA
14166 46500 NA
14167 46500 NA
14168 46500 NA
14169 47400 NA
14170 47900 NA
14171 48200 NA
14172 48200 NA
14173 48200 NA
14174 48200 NA
14175 47600 NA
14176 47600 NA
14177 47200 NA
14178 47200 NA
14179 47000 NA
14180 47800 NA
14181 48500 NA
14182 49300 NA
14183 49300 NA
14184 49100 NA
14185 49000 NA
14186 49300 NA
14187 49200 NA
14188 49200 NA
14189 49100 NA
14190 49100 NA
14191 49300 NA
14192 49300 NA
14193 49000 NA
14194 49000 NA
14195 49000 NA
14196 49000 NA
14197 49100 NA
14198 48900 NA
14199 47900 NA
14200 47900 NA
14201 47900 NA
14202 47900 NA
14203 47900 NA
14204 48000 NA
14205 48000 NA
14206 48200 NA
14207 48500 NA
14208 48300 NA
14209 48300 NA
14210 48200 NA
14211 48400 NA
14212 48400 NA
14213 49000 NA
14214 49300 NA
14215 49300 NA
14216 49300 NA
14217 48800 NA
14218 48700 NA
14219 48500 NA
14220 48800 NA
14221 48600 NA
14222 48600 NA
14223 48300 NA
14224 48000 NA
14225 48000 NA
14226 47700 NA
14227 47700 NA
14228 47400 NA
14229 47100 NA
14230 47100 NA
14231 46500 NA
14232 45800 NA
14233 45800 NA
14234 45400 NA
14235 44500 NA
14236 44800 NA
14237 44800 NA
14238 44800 NA
14239 46200 NA
14240 46200 NA
14241 45900 NA
14242 45900 NA
14243 46100 NA
14244 46100 NA
14245 46100 NA
14246 46100 NA
14247 46100 NA
14248 46400 NA
14249 46400 NA
14250 46200 NA
14251 46400 NA
14252 46400 NA
14253 46600 NA
14254 47200 NA
14255 47200 NA
14256 47500 NA
14257 47900 NA
14258 47900 NA
14259 47500 NA
14260 47200 NA
14261 47300 NA
14262 47600 NA
14263 47600 NA
14264 47000 NA
14265 47100 NA
14266 47100 NA
14267 46400 NA
14268 46400 NA
14269 45800 NA
14270 45800 NA
14271 45400 NA
14272 46000 NA
14273 46000 NA
14274 45800 NA
14275 45400 NA
14276 45200 NA
14277 45200 NA
14278 45100 NA
14279 45000 NA
14280 45200 NA
14281 45000 NA
14282 44900 NA
14283 44900 NA
14284 45200 NA
14285 45200 NA
14286 45200 NA
14287 45600 NA
14288 45700 NA
14289 46000 NA
14290 46200 NA
14291 46400 NA
14292 46300 NA
14293 46300 NA
14294 46200 NA
14295 46200 NA
14296 46400 NA
14297 46400 NA
14298 46600 NA
14299 46600 NA
14300 46600 NA
14301 46600 NA
14302 46400 NA
14303 45800 NA
14304 45800 NA
14305 46000 NA
14306 45900 NA
14307 46300 NA
14308 46300 NA
14309 46200 NA
14310 46200 NA
14311 46000 NA
14312 46200 NA
14313 46200 NA
14314 46200 NA
14315 46100 NA
14316 45300 NA
14317 45300 NA
14318 44800 NA
14319 44700 NA
14320 44700 NA
14321 44200 NA
14322 44100 NA
14323 44100 NA
14324 43800 NA
14325 44100 NA
14326 44100 NA
14327 44100 NA
14328 43900 NA
14329 43600 NA
14330 43500 NA
14331 43500 NA
14332 43300 NA
14333 43300 NA
14334 42800 NA
14335 42800 NA
14336 42500 NA
14337 42500 NA
14338 42200 NA
14339 41900 NA
14340 41900 NA
14341 41700 NA
14342 41800 NA
14343 41400 NA
14344 41600 NA
14345 41400 NA
14346 41300 NA
14347 41700 NA
14348 41700 NA
14349 42400 NA
14350 42500 NA
14351 42500 NA
14352 42200 NA
14353 41800 NA
14354 41800 NA
14355 41400 NA
14356 41700 NA
14357 41700 NA
14358 41300 NA
14359 41400 NA
14360 41700 NA
14361 41300 NA
14362 41100 NA
14363 41100 NA
14364 41100 NA
14365 41100 NA
14366 40900 NA
14367 40700 NA
14368 40700 NA
14369 40900 NA
14370 40900 NA
14371 40900 NA
14372 41000 NA
14373 41000 NA
14374 40800 NA
14375 40500 NA
14376 40200 NA
14377 40200 NA
14378 39800 NA
14379 39700 NA
14380 39700 NA
14381 39800 NA
14382 39800 NA
14383 39800 NA
14384 39800 NA
14385 39800 NA
14386 39700 NA
14387 39400 NA
14388 39400 NA
14389 38900 NA
14390 38500 NA
14391 38500 NA
14392 38100 NA
14393 38100 NA
14394 37600 NA
14395 37400 NA
14396 37100 NA
14397 37400 NA
14398 37400 NA
14399 37400 NA
14400 37100 NA
14401 37100 NA
14402 36900 NA
14403 36700 NA
14404 36700 NA
14405 36600 NA
14406 36800 NA
14407 37000 NA
14408 37000 NA
14409 36900 NA
14410 36900 NA
14411 37400 NA
14412 37400 NA
14413 37800 NA
14414 37800 NA
14415 38300 NA
14416 38700 NA
14417 38700 NA
14418 39100 NA
14419 39500 NA
14420 39900 NA
14421 39900 NA
14422 39900 NA
14423 40200 NA
14424 40200 NA
14425 39800 NA
14426 39800 NA
14428 39800 NA
14429 39900 NA
14430 39900 NA
14431 40600 NA
14432 40800 NA
14433 40900 NA
14434 40900 NA
14435 41500 NA
14436 41700 NA
14437 41700 NA
14438 42100 NA
14439 42500 NA
14440 42500 NA
14441 43100 NA
14442 43100 NA
14443 43200 NA
14444 43600 NA
14445 43600 NA
14446 43600 NA
14447 45300 NA
14448 45300 NA
14449 45400 NA
14450 45600 NA
14451 46500 NA
14452 47700 NA
14453 47700 NA
14454 48900 NA
14455 48900 NA
14456 49400 NA
14457 50200 NA
14458 50700 NA
14459 51000 NA
14460 51000 NA
14461 51500 NA
14462 51500 NA
14463 51400 NA
14464 51300 NA
14465 51500 NA
14466 51500 NA
14467 51700 NA
14468 51800 NA
14469 52700 NA
14470 52700 NA
14471 52700 NA
14472 52700 NA
14473 52700 NA
14474 53100 NA
14475 54100 NA
14476 54100 NA
14477 54500 NA
14478 54500 NA
14479 54800 NA
14480 55100 NA
14481 55500 NA
14482 55500 NA
14483 55500 NA
14484 55500 NA
14485 55800 NA
14486 56700 NA
14487 57200 NA
14488 59500 NA
14489 59900 NA
14490 61000 NA
14491 61000 NA
14492 61100 NA
14493 61100 NA
14494 60600 NA
14495 60600 NA
14496 60500 NA
14497 60500 NA
14498 60900 NA
14499 61200 NA
14500 61900 NA
14501 61900 NA
14502 62300 NA
14503 62100 NA
14504 62100 NA
14505 62100 NA
14506 62400 NA
14507 63300 NA
14508 64700 NA
14509 64700 NA
14510 64600 NA
14511 64600 NA
14512 65200 NA
14513 65200 NA
14514 66000 NA
14515 66600 NA
14516 66600 NA
14517 67300 NA
14518 67300 NA
14519 67700 NA
14520 67700 NA
14521 68000 NA
14522 69000 NA
14523 69000 NA
14524 69000 NA
14525 68800 NA
14526 68800 NA
14527 68800 NA
14528 68900 NA
14529 68900 NA
14530 70200 NA
14531 70200 NA
14532 70400 NA
14533 71500 NA
14534 71500 NA
14535 72200 NA
14536 72200 NA
14537 72200 NA
14538 72100 NA
14539 72100 NA
14540 73100 NA
14541 73300 NA
14542 73000 NA
14543 73500 NA
14544 73500 NA
14545 72700 NA
14546 72700 NA
14547 72700 NA
14548 71600 NA
14549 71100 NA
14550 71100 NA
14551 70800 NA
14552 70800 NA
14553 71200 NA
14554 71200 NA
14555 71200 NA
14556 71200 NA
14557 71700 NA
14558 72600 NA
14559 72600 NA
14560 72600 NA
14561 73400 NA
14562 73400 NA
14563 73100 NA
14564 74100 NA
14565 75200 NA
14566 75200 NA
14567 75200 NA
14568 75400 NA
14569 75700 NA
14570 73800 NA
14571 73800 NA
14572 74800 NA
14573 75200 NA
14574 75200 NA
14575 75500 NA
14576 75100 NA
14577 74900 NA
14578 75000 NA
14579 75000 NA
14580 74400 NA
14581 74200 NA
14582 74200 NA
14583 74200 NA
14584 73900 NA
14585 73900 NA
14586 73900 NA
14587 73900 NA
14588 72900 NA
14589 72900 NA
14590 72800 NA
14591 72900 NA
14592 72900 NA
14593 73300 NA
14594 73300 NA
14595 73300 NA
14596 73300 NA
14597 73200 NA
14598 72700 NA
14599 72900 NA
14600 72900 NA
14601 72700 NA
14602 72700 NA
14603 72400 NA
14604 72800 NA
14605 73600 NA
14606 73600 NA
14607 73200 NA
14608 73200 NA
14609 73400 NA
14610 75000 NA
14611 75800 NA
14612 75800 NA
14613 76600 NA
14614 78200 NA
14615 78200 NA
14616 79700 NA
14617 80300 NA
14618 81400 NA
14619 82600 NA
14620 82600 NA
14621 83900 NA
14622 83900 NA
14623 83800 NA
14624 83800 NA
14625 84600 NA
14626 85200 NA
14627 85200 NA
14628 85800 NA
14629 86000 NA
14630 86000 NA
14631 85800 NA
14632 85800 NA
14633 86600 NA
14634 86600 NA
14635 86300 NA
14636 86300 NA
14637 86800 NA
14638 86400 NA
14639 86900 NA
14640 87300 NA
14641 87300 NA
14642 87300 NA
14643 86500 NA
14644 86500 NA
14645 85800 NA
14646 85300 NA
14647 86000 NA
14648 86000 NA
14649 86000 NA
14650 86200 NA
14651 87200 NA
14653 87200 NA
14654 86700 NA
14655 86300 NA
14656 86300 NA
14657 86300 NA
14658 85400 NA
14659 85000 NA
14660 85000 NA
14661 86100 NA
14662 85400 NA
14663 85400 NA
14664 86300 NA
14665 86300 NA
14666 88100 NA
14667 88100 NA
14668 89800 NA
14669 92000 NA
14670 92000 NA
14671 92000 NA
14672 90300 NA
14673 90300 NA
14674 88900 NA
14675 88900 NA
14676 88900 NA
14677 88900 NA
14678 89900 NA
14679 89900 NA
14680 89700 NA
14681 88700 NA
14682 88800 NA
14683 88800 NA
14684 88800 NA
14685 89300 NA
14686 89300 NA
14687 90400 NA
14688 90400 NA
14689 90900 NA
14690 91100 NA
14691 91100 NA
14692 91100 NA
14693 90800 NA
14694 91300 NA
14695 91300 NA
14696 91500 NA
14697 91500 NA
14698 91300 NA
14699 91300 NA
14700 91000 NA
14701 91000 NA
14702 91700 NA
14703 91700 NA
14704 92600 NA
14705 93700 NA
14706 93700 NA
14707 95900 NA
14708 97900 NA
14709 97900 NA
14710 99800 NA
14711 101600 NA
14712 101600 NA
14713 101600 NA
14714 103100 NA
14715 103100 NA
14716 103100 NA
14717 102900 NA
14718 102900 NA
14719 102900 NA
14720 102100 NA
14721 102100 NA
14722 102100 NA
14723 102100 NA
14724 101400 NA
14725 101400 NA
14726 99900 NA
14727 99900 NA
14728 99900 NA
14729 99500 NA
14730 99500 NA
14731 100200 NA
14732 99300 NA
14733 99300 NA
14734 99200 NA
14735 99200 NA
14736 99800 NA
14737 99800 NA
14738 99600 NA
14739 99600 NA
14740 99700 NA
14741 99700 NA
14742 101400 NA
14743 101400 NA
14744 101000 NA
14745 101000 NA
14746 100900 NA
14747 100900 NA
14748 99800 NA
14749 99800 NA
14750 99800 NA
14751 99200 NA
14752 98700 NA
14753 98700 NA
14754 98800 NA
14755 98800 NA
14756 98800 NA
14757 98100 NA
14758 98200 NA
14759 98200 NA
14760 97700 NA
14761 97700 NA
14762 98300 NA
14763 98300 NA
14764 98300 NA
14765 99000 NA
14766 99000 NA
14767 98700 NA
14768 98700 NA
14769 98900 NA
14770 98900 NA
14771 98600 NA
14772 98600 NA
14773 99700 NA
14774 99700 NA
14775 99600 NA
14776 100100 NA
14777 100100 NA
14778 99600 NA
14779 99600 NA
14780 100800 NA
14781 100800 NA
14782 101500 NA
14783 101500 NA
14784 101100 NA
14785 101100 NA
14786 99900 NA
14787 99900 NA
14788 99500 NA
14789 99800 NA
14790 99800 NA
14791 99800 NA
14792 99500 NA
14793 99500 NA
14794 99400 NA
14795 99400 NA
14796 99400 NA
14797 100800 NA
14798 100900 NA
14799 100900 NA
14800 100900 NA
14801 101000 NA
14802 101000 NA
14803 100200 NA
14804 100200 NA
14805 99500 NA
14806 99500 NA
14807 99800 NA
14808 99800 NA
14809 101100 NA
14810 102100 NA
14811 102100 NA
14812 102400 NA
14813 102400 NA
14814 102400 NA
14815 101200 NA
14816 101200 NA
14817 100600 NA
14818 100600 NA
14819 99900 NA
14820 99900 NA
14821 99200 NA
14822 99200 NA
14823 1e+05 NA
14824 1e+05 NA
14825 99300 NA
14826 96500 NA
14827 96500 NA
14828 93400 NA
14829 93400 NA
14830 90100 NA
14831 90100 NA
14832 87400 NA
14833 87400 NA
14834 85100 NA
14835 85100 NA
14836 83200 NA
14837 81400 NA
14838 81400 NA
14839 81400 NA
14840 79800 NA
14841 79800 NA
14842 77900 NA
14843 76300 NA
14844 76300 NA
14845 75300 NA
14846 75300 NA
14847 74900 NA
14848 73800 NA
14849 73800 NA
14850 72700 NA
14851 72700 NA
14852 71200 NA
14853 71200 NA
14854 71200 NA
14855 70700 NA
14856 70700 NA
14857 70000 NA
14858 70000 NA
14859 68600 NA
14860 68600 NA
14861 68600 NA
14862 68600 NA
14863 69000 NA
14864 69000 NA
14865 69500 NA
14866 69500 NA
14867 69500 NA
14868 69100 NA
14869 69100 NA
14870 68800 NA
14871 68800 NA
14872 68700 NA
14873 68700 NA
14874 68200 NA
14875 68200 NA
14876 68200 NA
14877 68500 NA
14878 68500 NA
14879 69000 NA
14880 69000 NA
14881 69000 NA
14882 69900 NA
14883 69900 NA
14884 70300 NA
14885 70500 NA
14886 70500 NA
14887 70500 NA
14888 71800 NA
14889 71800 NA
14890 73100 NA
14891 73100 NA
14892 75100 NA
14893 75100 NA
14894 75100 NA
14895 77200 NA
14896 77200 NA
14897 77200 NA
14898 77200 NA
14899 77200 NA
14900 77100 NA
14901 77100 NA
14902 77100 NA
14903 76700 NA
14904 76700 NA
14905 76700 NA
14906 77300 NA
14907 77300 NA
14908 77300 NA
14909 76900 NA
14910 76900 NA
14911 76600 NA
14912 76600 NA
14913 77200 NA
14914 77200 NA
14915 77200 NA
14916 77300 NA
14917 77300 NA
14918 77300 NA
14920 77400 NA
14921 77400 NA
14922 77400 NA
14923 77400 NA
14924 76900 NA
14925 76900 NA
14926 76900 NA
14927 76300 NA
14928 76300 NA
14929 76300 NA
14930 75900 NA
14931 75900 NA
14932 75900 NA
14933 75800 NA
14934 75800 NA
14935 75800 NA
14936 77300 NA
14937 77300 NA
14938 78500 NA
14939 78500 NA
14940 78500 NA
14941 77900 NA
14942 77900 NA
14943 77900 NA
14944 78000 NA
14945 78000 NA
14946 78000 NA
14947 78400 NA
14948 78400 NA
14949 78700 NA
14950 78700 NA
14951 78700 NA
14952 79100 NA
14953 79100 NA
14954 79100 NA
14955 79700 NA
14956 79700 NA
14957 79700 NA
14958 80700 NA
14959 80700 NA
14960 80600 NA
14961 80600 NA
14962 80600 NA
14963 80600 NA
14964 79800 NA
14965 79800 NA
14966 77500 NA
14967 77500 NA
14968 77500 NA
14969 77500 NA
14970 75500 NA
14971 75500 NA
14972 75500 NA
14973 73600 NA
14974 73600 NA
14975 73600 NA
14976 71400 NA
14979 69300 NA
14981 69300 NA
14983 67700 NA
14985 67700 NA
14986 66300 NA
14988 66300 NA
14989 65100 NA
14991 63200 NA
14993 63200 NA
14995 61700 NA
14996 61700 NA
14998 60000 NA
15001 58400 NA
15003 56700 NA
15005 56700 NA
15007 55100 NA
15008 52600 NA
15011 50300 NA
15012 49000 NA
15013 47700 NA
15014 47700 NA
15016 46200 NA
15018 45300 NA
15019 44100 NA
15020 43300 NA
15021 43300 NA
15023 42400 NA
15025 42300 NA
15026 41600 NA
15028 41300 NA
15029 41400 NA
15031 41600 NA
15033 41900 NA
15035 41700 NA
15037 41700 NA
15039 41500 NA
15044 41700 NA
15046 41800 NA
15047 41700 NA
15048 41700 NA
15050 41600 NA
15052 40700 NA
15054 40100 NA
15055 40100 NA
15058 40000 NA
15060 40000 NA
15061 40300 NA
15063 40800 NA
15064 40800 NA
15066 41200 NA
15067 41200 NA
15068 41300 NA
15070 41900 NA
15072 42000 NA
15073 42100 NA
15076 42700 NA
15078 43300 NA
15080 43300 NA
15081 43100 NA
15084 43200 NA
15085 43600 NA
15087 44200 NA
15089 44900 NA
15090 44900 NA
15091 45200 NA
15093 45500 NA
15094 45500 NA
15095 45700 NA
15096 45400 NA
15097 45400 NA
15098 45000 NA
15101 44200 NA
15103 43400 NA
15104 42800 NA
15106 42800 NA
15107 42100 NA
15109 41800 NA
15110 41400 NA
15114 40900 NA
15115 40700 NA
15116 40700 NA
15119 40000 NA
15120 39700 NA
15122 39700 NA
15123 39400 NA
15125 38800 NA
15128 38300 NA
15132 38400 NA
15133 38500 NA
15136 38400 NA
15137 38900 NA
15142 39400 NA
15144 39400 NA
15147 40100 NA
15148 40279 NA
15150 40800 NA
15152 41200 NA
15154 41400 NA
15156 41700 NA
15157 41700 NA
15158 42200 NA
15159 42200 NA
15161 42300 NA
15163 42800 NA
15164 42800 NA
15165 42500 NA
15170 42100 NA
15172 41900 NA
15175 42300 NA
15177 42200 NA
15178 42100 NA
15179 42100 NA
15182 42200 NA
15184 42300 NA
15185 42600 NA
15186 42600 NA
15187 42100 NA
15189 41800 NA
15193 40900 NA
15197 40900 NA
15199 41000 NA
15204 41000 NA
15207 41100 NA
15210 41300 NA
15214 41400 NA
15221 41400 NA
15222 40800 NA
15224 40900 NA
15227 40900 NA
15228 41400 NA
15231 41700 NA
15232 41700 NA
15235 40400 NA
15242 40700 NA
15243 40700 NA
15244 41200 NA
15248 41500 NA
15249 41500 NA
15250 42000 NA
15251 42000 NA
15254 42900 NA
15256 44100 NA
15258 43300 NA
15263 42722 NA
15264 42800 NA
15268 43300 NA
15271 43500 NA
15275 43200 NA
15277 43200 NA
15278 42700 NA
15280 42700 NA
15281 42300 NA
15283 42300 NA
15284 42000 NA
15289 41300 NA
15294 40400 NA
15295 40400 NA
15297 41000 NA
15301 41800 NA
15303 41800 NA
15304 42300 NA
15307 42300 NA
15308 42700 NA
15310 42700 NA
15312 42926 NA
15314 42926 NA
15315 43563 NA
15318 43563 NA
15319 43180 NA
15322 43180 NA
15323 44020 NA
15326 44020 NA
15327 44789 NA
15329 44789 NA
15330 45521 NA
15333 45521 NA
15334 45412 NA
15336 45412 NA
15337 45453 NA
15339 45453 NA
15340 45279 NA
15341 45279 NA
15342 45279 NA
15343 44770 NA
15344 44770 NA
15345 44770 NA
15346 44530 NA
15347 44530 NA
15348 44530 NA
15349 44434 NA
15350 44434 NA
15351 44434 NA
15352 44434 NA
15353 44879 NA
15354 44879 NA
15355 44879 NA
15356 45556 NA
15357 45556 NA
15358 45556 NA
15359 45556 NA
15360 45695 NA
15361 45695 NA
15362 45695 NA
15363 45983 NA
15364 45983 NA
15365 45983 NA
15366 45983 NA
15367 46332 NA
15368 46332 NA
15369 46332 NA
15370 46332 NA
15371 46729 NA
15372 46729 NA
15373 46729 NA
15374 46729 NA
15375 47796 NA
15376 47796 NA
15377 47796 NA
15378 47796 NA
15379 47796 NA
15380 48983 NA
15381 48983 NA
15382 48983 NA
15383 48983 NA
15384 49095 NA
15385 49095 NA
15386 49095 NA
15387 49095 NA
15388 49398 NA
15389 49150 NA
15390 49150 NA
15391 49150 NA
15392 49150 NA
15393 49150 NA
15394 48235 NA
15395 48235 NA
15396 48235 NA
15397 48235 NA
15398 48396 NA
15399 48396 NA
15400 48396 NA
15401 48396 NA
15402 48396 NA
15403 48355 NA
15404 48355 NA
15405 48355 NA
15406 48355 NA
15407 47210 NA
15408 47210 NA
15409 47210 NA
15410 47210 NA
15411 48036 NA
15412 48036 NA
15413 48036 NA
15414 48036 NA
15415 48036 NA
15416 48828 NA
15417 48828 NA
15418 48828 NA
15419 48828 NA
15420 48828 NA
15421 50109 NA
15422 50232 NA
15423 50356 NA
15424 50479 NA
15425 50603 NA
15426 50726 NA
15427 50726 NA
15428 50726 NA
15429 50726 NA
15430 50726 NA
15431 50726 NA
15432 49649 NA
15433 49649 NA
15434 49649 NA
15435 49649 NA
15436 47874 NA
15437 47874 NA
15438 47874 NA
15439 47874 NA
15440 46268 NA
15441 46268 NA
15442 46268 NA
15443 46268 NA
15444 46268 NA
15445 44671 NA
15446 44671 NA
15447 44671 NA
15448 44671 NA
15449 44671 NA
15450 44671 NA
15451 43305 NA
15452 43305 NA
15453 43305 NA
15454 43305 NA
15455 43305 NA
15456 43305 NA
15457 41730 NA
15458 41730 NA
15459 41730 NA
15460 41730 NA
15461 40202 NA
15462 40202 NA
15463 40202 NA
15464 40202 NA
15465 40202 NA
15466 38883 NA
15467 38883 NA
15468 38883 NA
15469 38883 NA
15470 37499 NA
15471 37499 NA
15472 37499 NA
15473 37499 NA
15474 36331 NA
15475 36331 NA
15476 36331 NA
15477 36331 NA
15478 36331 NA
15479 34981 NA
15480 34981 NA
15481 34981 NA
15482 34981 NA
15483 34981 NA
15484 33852 NA
15485 33852 NA
15486 33852 NA
15487 33852 NA
15488 32916 NA
15489 32916 NA
15490 32916 NA
15491 32916 NA
15492 32212 NA
15493 32212 NA
15494 32212 NA
15495 32212 NA
15496 31851 NA
15497 31851 NA
15498 31851 NA
15499 31105 NA
15500 31105 NA
15501 31105 NA
15502 31105 NA
15503 30042 NA
15504 30042 NA
15505 30042 NA
15506 30042 NA
15507 29063 NA
15508 29063 NA
15509 29063 NA
15510 28556 NA
15511 28556 NA
15512 28556 NA
15513 27741 NA
15514 27741 NA
15515 27741 NA
15516 27204 NA
15517 27204 NA
15518 27204 NA
15519 27060 NA
15520 27060 NA
15521 27060 NA
15522 26787 NA
15523 26787 NA
15524 26787 NA
15525 26734 NA
15526 26734 NA
15527 26734 NA
15528 26734 NA
15529 26398 NA
15530 26398 NA
15531 26398 NA
15532 26241 NA
15533 26241 NA
15534 26241 NA
15535 26241 NA
15536 26530 NA
15537 26530 NA
15538 26530 NA
15539 25840 NA
15540 25840 NA
15541 25840 NA
15542 25840 NA
15543 25840 NA
15544 25264 NA
15545 25264 NA
15546 25264 NA
15547 24854 NA
15548 24854 NA
15549 24854 NA
15550 24854 NA
15551 24327 NA
15552 24327 NA
15553 24327 NA
15554 23724 NA
15555 23724 NA
15556 23724 NA
15557 23724 NA
15558 22839 NA
15559 22839 NA
15560 22839 NA
15561 22839 NA
15562 22396 NA
15563 22396 NA
15564 22396 NA
15565 22396 NA
15566 22229 NA
15567 22229 NA
15568 22229 NA
15569 22229 NA
15570 21893 NA
15571 21893 NA
15572 21893 NA
15573 21893 NA
15574 21521 NA
15575 21521 NA
15576 21521 NA
15577 21521 NA
15578 21521 NA
15579 21332 NA
15580 21332 NA
15581 21332 NA
15582 21332 NA
15583 21332 NA
15584 20999 NA
15585 20999 NA
15586 20999 NA
15587 20999 NA
15588 20795 NA
15589 20795 NA
15590 20795 NA
15591 20795 NA
15592 20795 NA
15593 20795 NA
15594 20704 NA
15595 20704 NA
15596 20704 NA
15597 20704 NA
15598 20704 NA
15599 20704 NA
15600 21079 NA
15601 21079 NA
15602 21079 NA
15603 21079 NA
15604 21079 NA
15605 21079 NA
15606 20520 NA
15607 20520 NA
15608 20520 NA
15609 20520 NA
15610 20520 NA
15611 20520 NA
15612 20160 NA
15613 20160 NA
15614 20160 NA
15615 20160 NA
15616 20160 NA
15617 20356 NA
15618 20356 NA
15619 20356 NA
15620 20356 NA
15621 20356 NA
15622 20356 NA
15623 20919 NA
15624 20919 NA
15625 20919 NA
15626 20919 NA
15627 20919 NA
15628 20919 NA
15629 20919 NA
15630 21342 NA
15631 21342 NA
15632 21342 NA
15633 21342 NA
15634 21342 NA
15635 21342 NA
15636 21582 NA
15637 21582 NA
15638 21582 NA
15639 21582 NA
15640 21582 NA
15641 21582 NA
15642 21582 NA
15643 21715 NA
15644 21715 NA
15645 21715 NA
15646 21715 NA
15647 21715 NA
15648 21715 NA
15649 21715 NA
15650 21750 NA
15651 21785 NA
15652 21820 NA
15653 21856 NA
15654 21891 NA
15655 21926 NA
15656 21961 NA
15657 21996 NA
15658 21996 NA
15659 22323 NA
15660 22323 NA
15661 22323 NA
15662 22323 NA
15663 22323 NA
15664 22323 NA
15665 22148 NA
15666 22148 NA
15667 22148 NA
15668 22148 NA
15669 22148 NA
15670 22705 NA
15671 22705 NA
15672 22705 NA
15673 22705 NA
15674 22705 NA
15675 22705 NA
15676 22705 NA
15677 22705 NA
15678 23398 NA
15679 23398 NA
15680 23398 NA
15681 23398 NA
15682 23398 NA
15683 23398 NA
15684 23398 NA
15685 24067 NA
15686 24067 NA
15687 24067 NA
15688 24067 NA
15689 24067 NA
15690 24067 NA
15691 24067 NA
15692 24067 NA
15693 24631 NA
15694 24631 NA
15695 24631 NA
15696 24631 NA
15697 24631 NA
15698 24631 NA
15699 24631 NA
15700 24631 NA
15701 25063 NA
15702 25063 NA
15703 25063 NA
15704 25063 NA
15705 25063 NA
15706 25063 NA
15707 25063 NA
15708 25063 NA
15709 25063 NA
15710 25444 NA
15711 25444 NA
15712 25444 NA
15713 25444 NA
15714 25444 NA
15715 25444 NA
15716 25444 NA
15717 25444 NA
15718 25444 NA
15719 25444 NA
15720 25444 NA
15721 26185 NA
15722 26185 NA
15723 26185 NA
15724 26185 NA
15725 26185 NA
15726 26185 NA
15727 26185 NA
15728 26185 NA
15729 26185 NA
15730 26185 NA
15731 26185 NA
15732 26722 NA
15733 26722 NA
15734 26722 NA
15735 26722 NA
15736 26722 NA
15737 26722 NA
15738 26722 NA
15739 26722 NA
15740 26722 NA
15741 26722 NA
15742 26722 NA
15743 26722 NA
15744 27397 NA
15745 27397 NA
15746 27397 NA
15747 27397 NA
15748 27397 NA
15749 27397 NA
15750 27397 NA
15751 27397 NA
15752 27397 NA
15753 27397 NA
15754 28035 NA
15755 28035 NA
15756 28035 NA
15757 28035 NA
15758 28035 NA
15759 28035 NA
15760 28035 NA
15761 28035 NA
15762 28035 NA
15763 28035 NA
15764 28829 NA
15765 28829 NA
15766 28829 NA
15767 28829 NA
15768 28829 NA
15769 28829 NA
15770 28829 NA
15771 28829 NA
15772 28829 NA
15773 29456 NA
15774 29456 NA
15775 29456 NA
15776 29456 NA
15777 29456 NA
15778 29456 NA
15779 29456 NA
15780 29456 NA
15781 29456 NA
15782 30313 NA
15783 30313 NA
15784 30313 NA
15785 30313 NA
15786 30313 NA
15787 30313 NA
15788 30313 NA
15789 30313 NA
15790 30313 NA
15791 30894 NA
15792 30894 NA
15793 30894 NA
15794 30894 NA
15795 30894 NA
15796 30894 NA
15797 30894 NA
15798 30993 NA
15799 31092 NA
15800 31191 NA
15801 31291 NA
15802 31390 NA
15803 31489 NA
15804 31588 NA
15805 31588 NA
15806 31588 NA
15807 31588 NA
15808 31588 NA
15809 31588 NA
15810 31588 NA
15811 31588 NA
15812 31588 NA
15813 32265 NA
15814 32265 NA
15815 32265 NA
15816 32265 NA
15817 32265 NA
15818 32265 NA
15819 32265 NA
15820 32265 NA
15821 32265 NA
15822 32265 NA
15823 32265 NA
15824 32265 NA
15825 33138 NA
15826 33138 NA
15827 33138 NA
15828 33138 NA
15829 33138 NA
15830 33138 NA
15831 33138 NA
15832 33138 NA
15833 33138 NA
15834 33138 NA
15835 33138 NA
15836 33138 NA
15837 34349 NA
15838 34349 NA
15839 34349 NA
15840 34349 NA
15841 34349 NA
15842 34349 NA
15843 34349 NA
15844 34349 NA
15845 34349 NA
15846 34349 NA
15847 34349 NA
15848 34349 NA
15849 34349 NA
15850 34349 NA
15851 35003 NA
15852 35003 NA
15853 35003 NA
15854 35003 NA
15855 35003 NA
15856 35003 NA
15857 35003 NA
15858 35003 NA
15859 35003 NA
15860 35003 NA
15861 35003 NA
15862 35003 NA
15863 35003 NA
15864 35786 NA
15865 35786 NA
15866 35786 NA
15867 35786 NA
15868 35786 NA
15869 35786 NA
15870 35786 NA
15871 35786 NA
15872 35786 NA
15873 35786 NA
15874 35786 NA
15875 35786 NA
15876 36536 NA
15877 36536 NA
15878 36536 NA
15879 36536 NA
15880 36536 NA
15881 36536 NA
15882 36536 NA
15883 36536 NA
15884 36536 NA
15885 36536 NA
15886 36536 NA
15887 36536 NA
15888 36536 NA
15889 37306 NA
15890 37306 NA
15891 37306 NA
15892 37306 NA
15893 37306 NA
15894 37306 NA
15895 37306 NA
15896 37306 NA
15897 37306 NA
15898 37306 NA
15899 37306 NA
15900 37306 NA
15901 38253 NA
15902 38253 NA
15903 38253 NA
15904 38253 NA
15905 38253 NA
15906 38253 NA
15907 38253 NA
15908 38253 NA
15909 38253 NA
15910 38253 NA
15911 38253 NA
15912 38253 NA
15913 39001 NA
15914 39001 NA
15915 39001 NA
15916 39001 NA
15917 39001 NA
15918 39001 NA
15919 39001 NA
15920 39001 NA
15921 39001 NA
15922 39001 NA
15923 39001 NA
15924 39619 NA
15925 39619 NA
15926 39619 NA
15927 39619 NA
15928 39619 NA
15929 39619 NA
15930 39619 NA
15931 39619 NA
15932 39619 NA
15933 39619 NA
15934 39619 NA
15935 39619 NA
15936 39619 NA
15937 39619 NA
15938 39619 NA
15939 39619 NA
15940 40444 NA
15941 40444 NA
15942 40444 NA
15943 40444 NA
15944 40444 NA
15945 40444 NA
15946 40444 NA
15947 40444 NA
15948 40444 NA
15949 40444 NA
15950 40444 NA
15951 40444 NA
15952 40444 NA
15953 40444 NA
15954 40444 NA
15955 40444 NA
15956 40444 NA
15957 40444 NA
15958 40444 NA
15959 40444 NA
15960 40832 NA
15961 40832 NA
15962 40832 NA
15963 40832 NA
15964 40832 NA
15965 40832 NA
15966 40832 NA
15967 40832 NA
15968 40832 NA
15969 40832 NA
15970 40832 NA
15971 40832 NA
15972 40832 NA
15973 40832 NA
15974 40832 NA
15975 40832 NA
15976 40832 NA
15977 40832 NA
15978 40832 NA
15979 40832 NA
15980 40832 NA
15981 40832 NA
15982 40832 NA
15983 40832 NA
15984 40832 NA
15985 40832 NA
15986 40804 NA
15987 40775 NA
15988 40747 NA
15989 40719 NA
15990 40690 NA
15991 40662 NA
15992 40633 NA
15993 40605 NA
15994 40605 NA
15995 40605 NA
15996 40605 NA
15997 40605 NA
15998 40605 NA
15999 40605 NA
16000 40605 NA
16001 40605 NA
16002 40605 NA
16003 40605 NA
16004 40605 NA
16005 40605 NA
16006 40605 NA
16007 40605 NA
16008 40605 NA
16009 40605 NA
16010 40605 NA
16011 40605 NA
16012 40605 NA
16013 40694 NA
16014 40694 NA
16015 40694 NA
16016 40694 NA
16017 40694 NA
16018 40694 NA
16019 40694 NA
16020 40694 NA
16021 40694 NA
16022 40694 NA
16023 40694 NA
16024 40694 NA
16025 40694 NA
16026 40694 NA
16027 40694 NA
16028 40694 NA
16029 40694 NA
16030 40694 NA
16031 40694 NA
16032 40694 NA
16033 40694 NA
16034 40694 NA
16035 40724 NA
16036 40753 NA
16037 40783 NA
16038 40813 NA
16039 40843 NA
16040 40872 NA
16041 40902 NA
16042 40902 NA
16043 40902 NA
16044 40902 NA
16045 40902 NA
16046 40902 NA
16047 40902 NA
16048 40902 NA
16049 40902 NA
16050 40902 NA
16051 40902 NA
16052 40902 NA
16053 40902 NA
16054 40902 NA
16055 40902 NA
16056 41299 NA
16057 41299 NA
16058 41299 NA
16059 41299 NA
16060 41299 NA
16061 41299 NA
16062 41299 NA
16063 41299 NA
16064 41299 NA
16065 41299 NA
16066 41299 NA
16067 41299 NA
16068 41299 NA
16069 41299 NA
16070 41299 NA
16071 41299 NA
16072 41299 NA
16073 41299 NA
16074 41299 NA
16075 41299 NA
16076 41789 NA
16077 41789 NA
16078 41789 NA
16079 41789 NA
16080 41789 NA
16081 41789 NA
16082 41789 NA
16083 41789 NA
16084 41789 NA
16085 41789 NA
16086 41789 NA
16087 41789 NA
16088 41789 NA
16089 41789 NA
16090 41789 NA
16091 41789 NA
16092 41789 NA
16093 41789 NA
16094 41789 NA
16095 41789 NA
16096 42413 NA
16097 42413 NA
16098 42413 NA
16099 42413 NA
16100 42413 NA
16101 42413 NA
16102 42413 NA
16103 42413 NA
16104 42413 NA
16105 42413 NA
16106 42413 NA
16107 42413 NA
16108 42413 NA
16109 42413 NA
16110 42413 NA
16111 42413 NA
16112 42413 NA
16113 42413 NA
16114 42808 NA
16115 42808 NA
16116 42808 NA
16117 42808 NA
16118 42808 NA
16119 42808 NA
16120 42808 NA
16121 42808 NA
16122 42808 NA
16123 42808 NA
16124 42808 NA
16125 42808 NA
16126 42808 NA
16127 42808 NA
16128 42808 NA
16129 42808 NA
16130 42808 NA
16131 42808 NA
16132 42808 NA
16133 42808 NA
16134 42808 NA
16135 42808 NA
16136 42808 NA
16137 43540 NA
16138 43540 NA
16139 43540 NA
16140 43540 NA
16141 43540 NA
16142 43540 NA
16143 43540 NA
16144 43540 NA
16145 43540 NA
16146 43540 NA
16147 43540 NA
16148 43540 NA
16149 43540 NA
16150 43540 NA
16151 43540 NA
16152 43540 NA
16153 43540 NA
16154 43540 NA
16155 43540 NA
16156 43540 NA
16157 43540 NA
16158 43540 NA
16159 43750 NA
16160 43750 NA
16161 43750 NA
16162 43750 NA
16163 43750 NA
16164 43750 NA
16165 43750 NA
16166 43750 NA
16167 43750 NA
16168 43750 NA
16169 43750 NA
16170 43750 NA
16171 43750 NA
16172 43750 NA
16173 43750 NA
16174 43750 NA
16175 43750 NA
16176 43750 NA
16177 43750 NA
16178 43750 NA
16179 43750 NA
16180 43750 NA
16181 43750 NA
16182 43750 NA
16183 43811 NA
16184 43811 NA
16185 43811 NA
16186 43811 NA
16187 43811 NA
16188 43811 NA
16189 43811 NA
16190 43811 NA
16191 43811 NA
16192 43811 NA
16193 43811 NA
16194 43811 NA
16195 43811 NA
16196 43811 NA
16197 43811 NA
16198 43811 NA
16199 43811 NA
16200 43811 NA
16201 43811 NA
16202 43811 NA
16203 43811 NA
16204 43811 NA
16205 43811 NA
16206 43811 NA
16207 44145 NA
16208 44145 NA
16209 44145 NA
16210 44145 NA
16211 44145 NA
16212 44145 NA
16213 44145 NA
16214 44145 NA
16215 44145 NA
16216 44145 NA
16217 44145 NA
16218 44145 NA
16219 44145 NA
16220 44145 NA
16221 44145 NA
16222 44145 NA
16223 44145 NA
16224 44145 NA
16225 44145 NA
16226 44145 NA
16227 44145 NA
16228 44145 NA
16229 44145 NA
16230 44145 NA
16231 44658 NA
16232 44658 NA
16233 44658 NA
16234 44658 NA
16235 44658 NA
16236 44658 NA
16237 44658 NA
16238 44658 NA
16239 44658 NA
16240 44658 NA
16241 44658 NA
16242 44658 NA
16243 44658 NA
16244 44658 NA
16245 44658 NA
16246 44658 NA
16247 44658 NA
16248 44658 NA
16249 44658 NA
16250 44658 NA
16251 44658 NA
16252 45453 NA
16253 45453 NA
16254 45453 NA
16255 45453 NA
16256 45453 NA
16257 45453 NA
16258 45453 NA
16259 45453 NA
16260 45453 NA
16261 45453 NA
16262 45453 NA
16263 45453 NA
16264 45453 NA
16265 45453 NA
16266 45453 NA
16267 45453 NA
16268 45453 NA
16269 45453 NA
16270 45453 NA
16271 45453 NA
16272 46047 NA
16273 46047 NA
16274 46047 NA
16275 46047 NA
16276 46047 NA
16277 46047 NA
16278 46047 NA
16279 46047 NA
16280 46047 NA
16281 46047 NA
16282 46047 NA
16283 46047 NA
16284 46047 NA
16285 46047 NA
16286 46047 NA
16287 46047 NA
16288 46047 NA
16289 46047 NA
16290 46047 NA
16291 46047 NA
16292 46656 NA
16293 46656 NA
16294 46656 NA
16295 46656 NA
16296 46656 NA
16297 46656 NA
16298 46656 NA
16299 46656 NA
16300 46656 NA
16301 46656 NA
16302 46656 NA
16303 46656 NA
16304 46656 NA
16305 46656 NA
16306 46656 NA
16307 46656 NA
16308 46656 NA
16309 46656 NA
16310 46656 NA
16311 46656 NA
16312 46931 NA
16313 46931 NA
16314 46931 NA
16315 46931 NA
16316 46931 NA
16317 46931 NA
16318 46931 NA
16319 46931 NA
16320 46931 NA
16321 46931 NA
16322 46931 NA
16323 46931 NA
16324 46931 NA
16325 46931 NA
16326 46931 NA
16327 46931 NA
16328 46931 NA
16329 46931 NA
16330 46931 NA
16331 46931 NA
16332 46931 NA
16333 46931 NA
16334 46931 NA
16335 46931 NA
16336 46931 NA
16337 46931 NA
16338 46931 NA
16339 47911 NA
16340 47911 NA
16341 47911 NA
16342 47911 NA
16343 47911 NA
16344 47911 NA
16345 47911 NA
16346 47911 NA
16347 47911 NA
16348 47911 NA
16349 47911 NA
16350 47911 NA
16351 47911 NA
16352 47911 NA
16353 47911 NA
16354 47911 NA
16355 47911 NA
16356 47911 NA
16357 47911 NA
16358 47911 NA
16359 47911 NA
16360 47911 NA
16361 47911 NA
16362 47911 NA
16363 47911 NA
16364 47911 NA
16365 47911 NA
16366 47911 NA
16367 48404 NA
16368 48404 NA
16369 48404 NA
16370 48404 NA
16371 48404 NA
16372 48404 NA
16373 48404 NA
16374 48404 NA
16375 48404 NA
16376 48404 NA
16377 48404 NA
16378 48404 NA
16379 48404 NA
16380 48404 NA
16381 48404 NA
16382 48404 NA
16383 48404 NA
16384 48404 NA
16385 48404 NA
16386 48404 NA
16387 48404 NA
16388 48404 NA
16389 48404 NA
16390 48404 NA
16391 48404 NA
16392 48404 NA
16393 48404 NA
16394 48404 NA
16395 48404 NA
16396 48661 NA
16397 48661 NA
16398 48661 NA
16399 48661 NA
16400 48661 NA
16401 48661 NA
16402 48661 NA
16403 48661 NA
16404 48661 NA
16405 48661 NA
16406 48661 NA
16407 48661 NA
16408 48661 NA
16409 48661 NA
16410 48661 NA
16411 48661 NA
16412 48661 NA
16413 48661 NA
16414 48661 NA
16415 48661 NA
16416 48661 NA
16417 48661 NA
16418 48661 NA
16419 48661 NA
16420 48661 NA
16421 48661 NA
16422 48661 NA
16423 48661 NA
16424 49040 NA
16425 49040 NA
16426 49040 NA
16427 49040 NA
16428 49040 NA
16429 49040 NA
16430 49040 NA
16431 49040 NA
16432 49040 NA
16433 49040 NA
16434 49040 NA
16435 49040 NA
16436 49040 NA
16437 49040 NA
16438 49040 NA
16439 49040 NA
16440 49040 NA
16441 49040 NA
16442 49040 NA
16443 49040 NA
16444 49040 NA
16445 49040 NA
16446 49040 NA
16447 49040 NA
16448 49040 NA
16449 49040 NA
16450 49040 NA
16451 49040 NA
16452 49231 NA
16453 49231 NA
16454 49231 NA
16455 49231 NA
16456 49231 NA
16457 49231 NA
16458 49231 NA
16459 49231 NA
16460 49231 NA
16461 49231 NA
16462 49231 NA
16463 49231 NA
16464 49231 NA
16465 49231 NA
16466 49231 NA
16467 49231 NA
16468 49231 NA
16469 49231 NA
16470 49231 NA
16471 49231 NA
16472 49231 NA
16473 49231 NA
16474 49231 NA
16475 49231 NA
16476 49231 NA
16477 49231 NA
16478 49231 NA
16479 49231 NA
16480 49231 NA
16481 49410 NA
16482 49410 NA
16483 49410 NA
16484 49410 NA
16485 49410 NA
16486 49410 NA
16487 49410 NA
16488 49410 NA
16489 49410 NA
16490 49410 NA
16491 49410 NA
16492 49410 NA
16493 49410 NA
16494 49410 NA
16495 49410 NA
16496 49410 NA
16497 49410 NA
16498 49410 NA
16499 49410 NA
16500 49410 NA
16501 49410 NA
16502 49410 NA
16503 49410 NA
16504 49410 NA
16505 49410 NA
16506 49410 NA
16507 49410 NA
16508 49410 NA
16509 49410 NA
16510 49410 NA
16511 49410 NA
16512 49515 NA
16513 49515 NA
16514 49515 NA
16515 49515 NA
16516 49515 NA
16517 49515 NA
16518 49515 NA
16519 49515 NA
16520 49515 NA
16521 49515 NA
16522 49515 NA
16523 49515 NA
16524 49515 NA
16525 49515 NA
16526 49515 NA
16527 49515 NA
16528 49515 NA
16529 49515 NA
16530 49515 NA
16531 49515 NA
16532 49515 NA
16533 49515 NA
16534 49515 NA
16535 49515 NA
16536 49515 NA
16537 49515 NA
16538 49515 NA
16539 49515 NA
16540 49515 NA
16541 49515 NA
16542 49515 NA
16543 49515 NA
16544 49515 NA
16545 49167 NA
16546 49167 NA
16547 49167 NA
16548 49167 NA
16549 49167 NA
16550 49167 NA
16551 49167 NA
16552 49167 NA
16553 49167 NA
16554 49167 NA
16555 49167 NA
16556 49167 NA
16557 49167 NA
16558 49167 NA
16559 49167 NA
16560 49167 NA
16561 49167 NA
16562 49167 NA
16563 49167 NA
16564 49167 NA
16565 49167 NA
16566 49167 NA
16567 49167 NA
16568 49167 NA
16569 49167 NA
16570 49167 NA
16571 49167 NA
16572 49167 NA
16573 49167 NA
16574 49167 NA
16575 49167 NA
16576 49167 NA
16577 49167 NA
16578 49167 NA
16579 49167 NA
16580 49167 NA
16581 49167 NA
16582 49273 NA
16583 49273 NA
16584 49273 NA
16585 49273 NA
16586 49273 NA
16587 49273 NA
16588 49273 NA
16589 49273 NA
16590 49273 NA
16591 49273 NA
16592 49273 NA
16593 49273 NA
16594 49273 NA
16595 49273 NA
16596 49273 NA
16597 49273 NA
16598 49273 NA
16599 49273 NA
16600 49273 NA
16601 49273 NA
16602 49273 NA
16603 49273 NA
16604 49273 NA
16605 49273 NA
16606 49273 NA
16607 49273 NA
16608 49273 NA
16609 49273 NA
16610 49273 NA
16611 49273 NA
16612 49273 NA
16613 49273 NA
16614 49273 NA
16615 49273 NA
16616 49273 NA
16617 49273 NA
16618 49273 NA
16619 49273 NA
16620 49043 NA
16621 49043 NA
16622 49043 NA
16623 49043 NA
16624 49043 NA
16625 49043 NA
16626 49043 NA
16627 49043 NA
16628 49043 NA
16629 49043 NA
16630 49043 NA
16631 49043 NA
16632 49043 NA
16633 49043 NA
16634 49043 NA
16635 49043 NA
16636 49043 NA
16637 49043 NA
16638 49043 NA
16639 49043 NA
16640 49043 NA
16641 49043 NA
16642 49043 NA
16643 49043 NA
16644 49043 NA
16645 49043 NA
16646 49043 NA
16647 49043 NA
16648 49043 NA
16649 49043 NA
16650 49043 NA
16651 49043 NA
16652 49043 NA
16653 49043 NA
16654 49043 NA
16655 49043 NA
16656 49043 NA
16657 49043 NA
16658 48632 NA
16659 48632 NA
16660 48632 NA
16661 48632 NA
16662 48632 NA
16663 48632 NA
16664 48632 NA
16665 48632 NA
16666 48632 NA
16668 48632 NA
16669 48632 NA
16670 48632 NA
16671 48632 NA
16672 48632 NA
16673 48632 NA
16674 48632 NA
16675 48632 NA
16676 48632 NA
16677 48632 NA
16678 48632 NA
16679 48632 NA
16680 48632 NA
16681 48632 NA
16682 48632 NA
16683 48632 NA
16684 48632 NA
16685 48632 NA
16686 48632 NA
16687 48632 NA
16688 48632 NA
16689 48632 NA
16690 48632 NA
16691 48632 NA
16692 48632 NA
16693 48632 NA
16694 48632 NA
16695 48632 NA
16696 48632 NA
16697 48632 NA
16698 48108 NA
16699 48108 NA
16700 48108 NA
16701 48108 NA
16702 48108 NA
16703 48108 NA
16704 48108 NA
16705 48108 NA
16706 48108 NA
16707 48108 NA
16708 48108 NA
16709 48108 NA
16710 48108 NA
16711 48108 NA
16712 48108 NA
16714 48108 NA
16717 48108 NA
16719 48108 NA
16720 48108 NA
16721 48108 NA
16722 48108 NA
16723 48108 NA
16724 48108 NA
16725 48108 NA
16726 48108 NA
16727 48108 NA
16728 48108 NA
16729 48108 NA
16730 48108 NA
16731 48108 NA
16732 48108 NA
16733 48108 NA
16734 48108 NA
16735 48108 NA
16736 48108 NA
16737 47277 NA
16738 47277 NA
16739 47277 NA
16740 47277 NA
16741 47277 NA
16742 47277 NA
16743 47277 NA
16744 47277 NA
16745 47277 NA
16746 47277 NA
16747 47277 NA
16748 47277 NA
16749 47277 NA
16750 47277 NA
16751 47277 NA
16752 47277 NA
16753 47277 NA
16754 47277 NA
16755 47277 NA
16756 47277 NA
16757 47277 NA
16759 47277 NA
16760 47277 NA
16761 47277 NA
16762 47277 NA
16763 47277 NA
16764 47277 NA
16765 47277 NA
16766 47277 NA
16767 47277 NA
16768 47277 NA
16769 47277 NA
16770 47277 NA
16771 47277 NA
16772 47277 NA
16773 47277 NA
16774 47277 NA
16775 47277 NA
16776 47277 NA
16777 47277 NA
16778 47277 NA
16779 47277 NA
16780 47350 NA
16781 47350 NA
16782 47350 NA
16783 47350 NA
16784 47350 NA
16785 47350 NA
16786 47350 NA
16787 47350 NA
16788 47350 NA
16789 47350 NA
16790 47350 NA
16791 47350 NA
16792 47350 NA
16793 47350 NA
16794 47350 NA
16795 47350 NA
16796 47350 NA
16797 47350 NA
16798 47350 NA
16799 47350 NA
16800 47350 NA
16801 47350 NA
16802 47350 NA
16803 47350 NA
16804 47350 NA
16805 47350 NA
16807 47350 NA
16808 47350 NA
16809 47350 NA
16810 47350 NA
16811 46632 NA
16812 46632 NA
16813 46632 NA
16814 46632 NA
16815 46632 NA
16816 46632 NA
16817 46632 NA
16818 46632 NA
16819 46632 NA
16820 46632 NA
16821 46632 NA
16822 46632 NA
16823 46632 NA
16824 46632 NA
16825 46632 NA
16826 46632 NA
16827 46632 NA
16828 46632 NA
16829 46632 NA
16830 46632 NA
16831 46632 NA
16832 46632 NA
16833 46632 NA
16834 46632 NA
16835 46632 NA
16836 46632 NA
16837 46632 NA
16838 46632 NA
16839 46030 NA
16840 46030 NA
16841 46030 NA
16842 46030 NA
16843 46030 NA
16844 46030 NA
16845 46030 NA
16846 46030 NA
16847 46030 NA
16848 46030 NA
16849 46030 NA
16850 46030 NA
16851 46030 NA
16852 46030 NA
16853 46030 NA
16854 46030 NA
16855 46030 NA
16856 46030 NA
16857 46030 NA
16858 46030 NA
16859 46030 NA
16860 46030 NA
16861 46030 NA
16862 46030 NA
16863 46030 NA
16864 46030 NA
16865 46030 NA
16866 46030 NA
16867 46030 NA
16869 46030 NA
16870 46030 NA
16871 46030 NA
16872 45190 NA
16873 45190 NA
16874 45190 NA
16875 45190 NA
16876 45190 NA
16877 45190 NA
16878 45190 NA
16879 45190 NA
16880 45190 NA
16881 45190 NA
16882 45190 NA
16883 45190 NA
16884 45190 NA
16885 45190 NA
16886 45190 NA
16887 45190 NA
16888 45190 NA
16889 45190 NA
16890 45190 NA
16891 45190 NA
16892 45190 NA
16893 45190 NA
16894 45190 NA
16895 45190 NA
16896 45190 NA
16897 45190 NA
16898 45190 NA
16899 45190 NA
16900 45190 NA
16901 45190 NA
16902 45190 NA
16903 45190 NA
16904 45190 NA
16905 45190 NA
16906 45190 NA
16907 45190 NA
16908 45190 NA
16909 45190 NA
16910 45190 NA
16911 44440 NA
16912 44440 NA
16913 44440 NA
16914 44440 NA
16915 44440 NA
16916 44440 NA
16917 44440 NA
16918 44440 NA
16919 44440 NA
16920 44440 NA
16921 44440 NA
16922 44440 NA
16923 44440 NA
16924 44440 NA
16925 44440 NA
16926 44440 NA
16927 44440 NA
16928 44440 NA
16929 44440 NA
16930 44440 NA
16931 44440 NA
16932 44440 NA
16933 44440 NA
16934 44440 NA
16935 44440 NA
16936 44440 NA
16937 44440 NA
16938 44440 NA
16939 44440 NA
16940 44440 NA
16941 44440 NA
16942 44440 NA
16943 44440 NA
16944 44440 NA
16945 44440 NA
16946 44440 NA
16947 44440 NA
16948 44440 NA
16949 44440 NA
16950 44127 NA
16951 44127 NA
16952 44127 NA
16953 44127 NA
16954 44127 NA
16955 44127 NA
16956 44127 NA
16957 44127 NA
16958 44127 NA
16959 44127 NA
16960 44127 NA
16961 44127 NA
16966 44127 NA
16968 44127 NA
16969 44127 NA
16970 44127 NA
16971 44127 NA
16972 44127 NA
16973 44127 NA
16974 44127 NA
16975 44127 NA
16976 44127 NA
16977 44127 NA
16978 44127 NA
16979 44127 NA
16980 44127 NA
16981 44127 NA
16982 44127 NA
16984 44127 NA
16985 44127 NA
16986 44127 NA
16987 44127 NA
16988 44127 NA
16989 43410 NA
16990 43410 NA
16991 43410 NA
16992 43410 NA
16993 43410 NA
16994 43410 NA
16998 43410 NA
16999 43410 NA
17000 43410 NA
17001 43410 NA
17002 43410 NA
17006 43410 NA
17007 43410 NA
17012 43410 NA
17014 43410 NA
17015 43410 NA
17016 43410 NA
17017 43410 NA
17018 43410 NA
17019 43410 NA
17020 43410 NA
17021 43410 NA
17022 43410 NA
17023 43410 NA
17024 43410 NA
17025 43410 NA
17026 43410 NA
17027 43410 NA
17028 43410 NA
17029 43410 NA
17031 43410 NA
17032 43410 NA
17033 43410 NA
17034 43410 NA
17035 43410 NA
17036 43410 NA
17037 43410 NA
17038 43410 NA
17039 43410 NA
17040 43410 NA
17042 42578 NA
17044 42578 NA
17045 42578 NA
17046 42578 NA
17047 42578 NA
17048 42578 NA
17049 42578 NA
17050 42578 NA
17051 42578 NA
17052 42578 NA
17053 42578 NA
17054 42578 NA
17055 42578 NA
17056 42578 NA
17057 42578 NA
17058 42578 NA
17059 42578 NA
17060 42578 NA
17061 42578 NA
17062 42578 NA
17063 42578 NA
17064 42578 NA
17069 42578 NA
17070 42578 NA
17071 42578 NA
17072 42578 NA
17073 42578 NA
17075 42578 NA
17076 42578 NA
17077 42578 NA
17078 42578 NA
17079 42578 NA
17080 41289 NA
17081 41289 NA
17083 41289 NA
17084 41289 NA
17085 41289 NA
17086 41289 NA
17087 41289 NA
17088 41289 NA
17089 41289 NA
17091 41289 NA
17092 41289 NA
17093 41289 NA
17094 41289 NA
17095 41289 NA
17096 39603 NA
17097 39603 NA
17098 39603 NA
17099 39603 NA
17100 39603 NA
17101 39603 NA
17102 39603 NA
17103 39603 NA
17104 39603 NA
17105 39603 NA
17106 39603 NA
17107 39603 NA
17108 39603 NA
17109 39603 NA
17110 39603 NA
17111 39603 NA
17112 39603 NA
17113 39603 NA
17114 39603 NA
17115 39603 NA
17117 39603 NA
17118 39603 NA
17119 39603 NA
17123 39603 NA
17124 39603 NA
17125 39603 NA
17126 39603 NA
17127 39603 NA
17129 39603 NA
17130 39603 NA
17131 39603 NA
17132 39603 NA
17133 39603 NA
17134 39603 NA
17135 39603 NA
17136 39603 NA
17138 39603 NA
17139 39603 NA
17140 39603 NA
17141 38081 NA
17142 38081 NA
17143 38081 NA
17144 38081 NA
17145 38081 NA
17146 38081 NA
17147 38081 NA
17148 38081 NA
