"Index" "Price" "Volume"
14019 578 NA
14020 577 NA
14021 577 NA
14022 577 NA
14023 581 NA
14024 581 NA
14025 585 NA
14026 585 NA
14027 585 NA
14028 585 NA
14029 587 NA
14030 587 NA
14031 586 NA
14032 581 NA
14033 579 NA
14034 578 NA
14035 578 NA
14036 578 NA
14037 586 NA
14038 587 NA
14039 590 NA
14040 590 NA
14041 588 NA
14042 588 NA
14043 589 NA
14044 588 NA
14045 591 NA
14046 591 NA
14047 595 NA
14048 578 NA
14049 582 NA
14050 587 NA
14051 587 NA
14052 585 NA
14053 590 NA
14054 590 NA
14055 592 NA
14056 585 NA
14057 590 NA
14058 594 NA
14059 597 NA
14060 600 NA
14061 597 NA
14062 594 NA
14063 594 NA
14064 606 NA
14065 618 NA
14066 626 NA
14067 625 NA
14068 627 NA
14069 622 NA
14070 622 NA
14071 621 NA
14072 606 NA
14073 603 NA
14074 616 NA
14075 616 NA
14076 625 NA
14077 630 NA
14078 639 NA
14079 634 NA
14080 618 NA
14081 594 NA
14082 586 NA
14083 579 NA
14084 581 NA
14085 591 NA
14086 591 NA
14087 592 NA
14088 592 NA
14089 591 NA
14090 602 NA
14091 608 NA
14092 608 NA
14093 615 NA
14094 617 NA
14095 628 NA
14096 629 NA
14097 629 NA
14098 633 NA
14099 641 NA
14100 650 NA
14101 651 NA
14102 651 NA
14103 645 NA
14104 640 NA
14105 638 NA
14106 637 NA
14107 636 NA
14108 639 NA
14109 627 NA
14110 616 NA
14111 616 NA
14112 616 NA
14113 607 NA
14114 619 NA
14115 619 NA
14116 626 NA
14117 636 NA
14118 631 NA
14119 632 NA
14120 635 NA
14121 641 NA
14122 643 NA
14123 643 NA
14124 625 NA
14125 621 NA
14126 613 NA
14127 611 NA
14128 611 NA
14129 606 NA
14130 612 NA
14131 612 NA
14132 610 NA
14133 606 NA
14134 599 NA
14135 599 NA
14136 584 NA
14137 587 NA
14138 587 NA
14139 595 NA
14140 603 NA
14141 606 NA
14142 606 NA
14143 608 NA
14144 604 NA
14145 596 NA
14146 603 NA
14147 610 NA
14148 609 NA
14149 603 NA
14150 603 NA
14151 607 NA
14152 597 NA
14153 595 NA
14154 600 NA
14155 611 NA
14156 634 NA
14157 634 NA
14158 644 NA
14159 642 NA
14160 640 NA
14161 640 NA
14162 639 NA
14163 633 NA
14164 640 NA
14165 635 NA
14166 622 NA
14167 600 NA
14168 589 NA
14169 590 NA
14170 608 NA
14171 613 NA
14172 613 NA
14173 623 NA
14174 634 NA
14175 652 NA
14176 652 NA
14177 660 NA
14178 660 NA
14179 663 NA
14180 665 NA
14181 656 NA
14182 646 NA
14183 641 NA
14184 644 NA
14185 620 NA
14186 597 NA
14187 599 NA
14188 599 NA
14189 594 NA
14190 593 NA
14191 607 NA
14192 620 NA
14193 627 NA
14194 633 NA
14195 638 NA
14196 644 NA
14197 647 NA
14198 646 NA
14199 647 NA
14200 646 NA
14201 634 NA
14202 634 NA
14203 637 NA
14204 646 NA
14205 646 NA
14206 650 NA
14207 637 NA
14208 631 NA
14209 631 NA
14210 647 NA
14211 661 NA
14212 661 NA
14213 672 NA
14214 660 NA
14215 669 NA
14216 660 NA
14217 663 NA
14218 652 NA
14219 653 NA
14220 655 NA
14221 636 NA
14222 636 NA
14223 632 NA
14224 634 NA
14225 634 NA
14226 635 NA
14227 632 NA
14228 640 NA
14229 630 NA
14230 629 NA
14231 637 NA
14232 645 NA
14233 645 NA
14234 660 NA
14235 679 NA
14236 671 NA
14237 656 NA
14238 656 NA
14239 643 NA
14240 643 NA
14241 619 NA
14242 607 NA
14243 607 NA
14244 609 NA
14245 609 NA
14246 622 NA
14247 631 NA
14248 636 NA
14249 642 NA
14250 639 NA
14251 638 NA
14252 650 NA
14253 634 NA
14254 629 NA
14255 629 NA
14256 616 NA
14257 615 NA
14258 615 NA
14259 613 NA
14260 628 NA
14261 634 NA
14262 654 NA
14263 654 NA
14264 649 NA
14265 652 NA
14266 652 NA
14267 683 NA
14268 683 NA
14269 669 NA
14270 669 NA
14271 651 NA
14272 648 NA
14273 648 NA
14274 636 NA
14275 653 NA
14276 664 NA
14277 664 NA
14278 666 NA
14279 687 NA
14280 701 NA
14281 701 NA
14282 668 NA
14283 668 NA
14284 661 NA
14285 654 NA
14286 654 NA
14287 662 NA
14288 663 NA
14289 651 NA
14290 655 NA
14291 645 NA
14292 643 NA
14293 643 NA
14294 649 NA
14295 649 NA
14296 661 NA
14297 661 NA
14298 667 NA
14299 668 NA
14300 654 NA
14301 627 NA
14302 621 NA
14303 619 NA
14304 626 NA
14305 637 NA
14306 651 NA
14307 648 NA
14308 648 NA
14309 640 NA
14310 638 NA
14311 623 NA
14312 638 NA
14313 647 NA
14314 647 NA
14315 651 NA
14316 664 NA
14317 664 NA
14318 669 NA
14319 666 NA
14320 671 NA
14321 669 NA
14322 670 NA
14323 664 NA
14324 660 NA
14325 679 NA
14326 678 NA
14327 665 NA
14328 658 NA
14329 649 NA
14330 642 NA
14331 642 NA
14332 634 NA
14333 617 NA
14334 609 NA
14335 599 NA
14336 588 NA
14337 588 NA
14338 597 NA
14339 600 NA
14340 600 NA
14341 616 NA
14342 616 NA
14343 620 NA
14344 627 NA
14345 637 NA
14346 652 NA
14347 642 NA
14348 642 NA
14349 645 NA
14350 639 NA
14351 639 NA
14352 638 NA
14353 634 NA
14354 634 NA
14355 646 NA
14356 675 NA
14357 690 NA
14358 683 NA
14359 667 NA
14360 655 NA
14361 640 NA
14362 630 NA
14363 630 NA
14364 630 NA
14365 615 NA
14366 629 NA
14367 640 NA
14368 640 NA
14369 645 NA
14370 646 NA
14371 644 NA
14372 622 NA
14373 622 NA
14374 628 NA
14375 625 NA
14376 613 NA
14377 620 NA
14378 635 NA
14379 630 NA
14380 630 NA
14381 630 NA
14382 639 NA
14383 642 NA
14384 656 NA
14385 656 NA
14386 669 NA
14387 670 NA
14388 658 NA
14389 647 NA
14390 648 NA
14391 648 NA
14392 645 NA
14393 645 NA
14394 653 NA
14395 661 NA
14396 659 NA
14397 663 NA
14398 663 NA
14399 683 NA
14400 683 NA
14401 683 NA
14402 678 NA
14403 664 NA
14404 657 NA
14405 678 NA
14406 700 NA
14407 712 NA
14408 712 NA
14409 710 NA
14410 693 NA
14411 680 NA
14412 682 NA
14413 685 NA
14414 685 NA
14415 679 NA
14416 674 NA
14417 651 NA
14418 645 NA
14419 669 NA
14420 687 NA
14421 687 NA
14422 687 NA
14423 670 NA
14424 670 NA
14425 676 NA
14426 680 NA
14427 696 NA
14428 707 NA
14429 707 NA
14430 707 NA
14431 712 NA
14432 692 NA
14433 696 NA
14434 696 NA
14435 704 NA
14436 710 NA
14437 710 NA
14438 716 NA
14439 717 NA
14440 700 NA
14441 679 NA
14442 674 NA
14443 664 NA
14444 655 NA
14445 655 NA
14446 647 NA
14447 662 NA
14448 662 NA
14449 668 NA
14450 675 NA
14451 688 NA
14452 681 NA
14453 681 NA
14454 679 NA
14455 679 NA
14456 681 NA
14457 698 NA
14458 704 NA
14459 722 NA
14460 735 NA
14461 722 NA
14462 702 NA
14463 695 NA
14464 684 NA
14465 679 NA
14466 677 NA
14467 667 NA
14468 650 NA
14469 649 NA
14470 644 NA
14471 648 NA
14472 667 NA
14473 667 NA
14474 694 NA
14475 700 NA
14476 700 NA
14477 697 NA
14478 697 NA
14479 706 NA
14480 720 NA
14481 717 NA
14482 717 NA
14483 707 NA
14484 707 NA
14485 703 NA
14486 700 NA
14487 691 NA
14488 688 NA
14489 706 NA
14490 709 NA
14491 709 NA
14492 716 NA
14493 713 NA
14494 712 NA
14495 712 NA
14496 705 NA
14497 692 NA
14498 680 NA
14499 665 NA
14500 662 NA
14501 649 NA
14502 657 NA
14503 662 NA
14504 648 NA
14505 648 NA
14506 639 NA
14507 611 NA
14508 618 NA
14509 628 NA
14510 647 NA
14511 646 NA
14512 666 NA
14513 666 NA
14514 696 NA
14515 697 NA
14516 697 NA
14517 678 NA
14518 678 NA
14519 637 NA
14520 637 NA
14521 618 NA
14522 571 NA
14523 571 NA
14524 546 NA
14525 562 NA
14526 582 NA
14527 577 NA
14528 622 NA
14529 622 NA
14530 655 NA
14531 655 NA
14532 643 NA
14533 646 NA
14534 646 NA
14535 666 NA
14536 658 NA
14537 632 NA
14538 614 NA
14539 614 NA
14540 598 NA
14541 611 NA
14542 597 NA
14543 584 NA
14544 584 NA
14545 603 NA
14546 603 NA
14547 597 NA
14548 588 NA
14549 573 NA
14550 576 NA
14551 568 NA
14552 563 NA
14553 587 NA
14554 587 NA
14555 620 NA
14556 620 NA
14557 642 NA
14558 627 NA
14559 609 NA
14560 609 NA
14561 584 NA
14562 592 NA
14563 572 NA
14564 600 NA
14565 619 NA
14566 598 NA
14567 598 NA
14568 583 NA
14569 601 NA
14570 622 NA
14571 622 NA
14572 643 NA
14573 653 NA
14574 635 NA
14575 630 NA
14576 630 NA
14577 629 NA
14578 635 NA
14579 635 NA
14580 638 NA
14581 634 NA
14582 639 NA
14583 639 NA
14584 645 NA
14585 639 NA
14586 639 NA
14587 649 NA
14588 641 NA
14589 641 NA
14590 619 NA
14591 638 NA
14592 624 NA
14593 626 NA
14594 614 NA
14595 649 NA
14596 649 NA
14597 648 NA
14598 654 NA
14599 675 NA
14600 675 NA
14601 667 NA
14602 668 NA
14603 675 NA
14604 635 NA
14605 616 NA
14606 616 NA
14607 637 NA
14608 637 NA
14609 642 NA
14610 645 NA
14611 642 NA
14612 627 NA
14613 627 NA
14614 615 NA
14615 615 NA
14616 623 NA
14617 625 NA
14618 633 NA
14619 653 NA
14620 653 NA
14621 644 NA
14622 644 NA
14623 641 NA
14624 641 NA
14625 626 NA
14626 629 NA
14627 629 NA
14628 650 NA
14629 650 NA
14630 645 NA
14631 643 NA
14632 643 NA
14633 637 NA
14634 637 NA
14635 631 NA
14636 645 NA
14637 657 NA
14638 647 NA
14639 633 NA
14640 634 NA
14641 628 NA
14642 628 NA
14643 630 NA
14644 630 NA
14645 628 NA
14646 639 NA
14647 652 NA
14648 647 NA
14649 647 NA
14650 617 NA
14651 631 NA
14652 638 NA
14653 638 NA
14654 619 NA
14655 635 NA
14656 635 NA
14657 657 NA
14658 659 NA
14659 677 NA
14660 677 NA
14661 676 NA
14662 651 NA
14663 651 NA
14664 657 NA
14665 653 NA
14666 654 NA
14667 654 NA
14668 653 NA
14669 671 NA
14670 684 NA
14671 686 NA
14672 679 NA
14673 679 NA
14674 671 NA
14675 663 NA
14676 659 NA
14677 651 NA
14678 637 NA
14679 626 NA
14680 628 NA
14681 603 NA
14682 598 NA
14683 594 NA
14684 594 NA
14685 608 NA
14686 631 NA
14687 640 NA
14688 618 NA
14689 631 NA
14690 617 NA
14691 635 NA
14692 635 NA
14693 645 NA
14694 671 NA
14695 671 NA
14696 668 NA
14697 669 NA
14698 668 NA
14699 676 NA
14700 651 NA
14701 624 NA
14702 617 NA
14703 631 NA
14704 644 NA
14705 633 NA
14706 633 NA
14707 622 NA
14708 644 NA
14709 644 NA
14710 638 NA
14711 623 NA
14712 604 NA
14713 604 NA
14714 617 NA
14715 646 NA
14716 646 NA
14717 664 NA
14718 663 NA
14719 663 NA
14720 669 NA
14721 669 NA
14722 664 NA
14723 664 NA
14724 683 NA
14725 685 NA
14726 675 NA
14727 674 NA
14728 674 NA
14729 652 NA
14730 643 NA
14731 654 NA
14732 642 NA
14733 642 NA
14734 621 NA
14735 621 NA
14736 611 NA
14737 611 NA
14738 632 NA
14739 632 NA
14740 645 NA
14741 662 NA
14742 666 NA
14743 654 NA
14744 637 NA
14745 623 NA
14746 602 NA
14747 591 NA
14748 614 NA
14749 614 NA
14750 623 NA
14751 629 NA
14752 643 NA
14753 620 NA
14754 606 NA
14755 630 NA
14756 630 NA
14757 625 NA
14758 631 NA
14759 633 NA
14760 624 NA
14761 624 NA
14762 605 NA
14763 605 NA
14764 618 NA
14765 605 NA
14766 630 NA
14767 648 NA
14768 644 NA
14769 665 NA
14770 664 NA
14771 627 NA
14772 627 NA
14773 625 NA
14774 618 NA
14775 642 NA
14776 631 NA
14777 631 NA
14778 616 NA
14779 616 NA
14780 638 NA
14781 648 NA
14782 650 NA
14783 650 NA
14784 644 NA
14785 644 NA
14786 648 NA
14787 649 NA
14788 634 NA
14789 668 NA
14790 681 NA
14791 681 NA
14792 656 NA
14793 657 NA
14794 633 NA
14795 645 NA
14796 645 NA
14797 641 NA
14798 679 NA
14799 685 NA
14800 685 NA
14801 675 NA
14802 674 NA
14803 689 NA
14804 689 NA
14805 679 NA
14806 679 NA
14807 657 NA
14808 634 NA
14809 634 NA
14810 611 NA
14811 611 NA
14812 636 NA
14813 648 NA
14814 648 NA
14815 627 NA
14816 613 NA
14817 630 NA
14818 631 NA
14819 649 NA
14820 649 NA
14821 650 NA
14822 633 NA
14823 609 NA
14824 609 NA
14825 638 NA
14826 661 NA
14827 682 NA
14828 683 NA
14829 668 NA
14830 658 NA
14831 659 NA
14832 641 NA
14833 641 NA
14834 633 NA
14835 619 NA
14836 623 NA
14837 662 NA
14838 673 NA
14839 673 NA
14840 686 NA
14841 686 NA
14842 666 NA
14843 641 NA
14844 627 NA
14845 622 NA
14846 639 NA
14847 665 NA
14848 649 NA
14849 649 NA
14850 637 NA
14851 686 NA
14852 683 NA
14853 683 NA
14854 671 NA
14855 652 NA
14856 632 NA
14857 621 NA
14858 621 NA
14859 642 NA
14860 642 NA
14861 639 NA
14862 647 NA
14863 636 NA
14864 606 NA
14865 593 NA
14866 602 NA
14867 602 NA
14868 612 NA
14869 639 NA
14870 650 NA
14871 650 NA
14872 605 NA
14873 605 NA
14874 621 NA
14875 621 NA
14876 637 NA
14877 633 NA
14878 643 NA
14879 663 NA
14880 650 NA
14881 650 NA
14882 614 NA
14883 614 NA
14884 596 NA
14885 620 NA
14886 641 NA
14887 644 NA
14888 638 NA
14889 640 NA
14890 662 NA
14891 662 NA
14892 669 NA
14893 641 NA
14894 641 NA
14895 621 NA
14896 642 NA
14897 664 NA
14898 664 NA
14899 656 NA
14900 643 NA
14901 622 NA
14902 622 NA
14903 645 NA
14904 645 NA
14905 662 NA
14906 647 NA
14907 621 NA
14908 621 NA
14909 626 NA
14910 638 NA
14911 649 NA
14912 647 NA
14913 647 NA
14914 629 NA
14915 629 NA
14916 612 NA
14917 618 NA
14918 597 NA
14920 624 NA
14921 647 NA
14922 650 NA
14923 650 NA
14924 657 NA
14925 661 NA
14926 651 NA
14927 625 NA
14928 602 NA
14929 602 NA
14930 611 NA
14931 611 NA
14932 621 NA
14933 615 NA
14934 641 NA
14935 641 NA
14936 645 NA
14937 625 NA
14938 617 NA
14939 613 NA
14940 620 NA
14941 637 NA
14942 637 NA
14943 641 NA
14944 621 NA
14945 612 NA
14946 612 NA
14947 630 NA
14948 612 NA
14949 650 NA
14950 650 NA
14951 653 NA
14952 650 NA
14953 650 NA
14954 649 NA
14955 658 NA
14956 641 NA
14957 624 NA
14958 623 NA
14959 613 NA
14960 633 NA
14961 633 NA
14962 630 NA
14963 630 NA
14964 634 NA
14965 640 NA
14966 623 NA
14967 627 NA
14968 627 NA
14969 641 NA
14970 646 NA
14971 634 NA
14972 623 NA
14973 618 NA
14974 608 NA
14975 608 NA
14976 616 NA
14977 629 NA
14979 645 NA
14981 651 NA
14983 617 NA
14984 603 NA
14985 608 NA
14986 627 NA
14987 644 NA
14988 638 NA
14990 618 NA
14991 634 NA
14992 603 NA
14993 618 NA
14995 638 NA
14996 620 NA
14998 623 NA
15000 633 NA
15001 609 NA
15003 624 NA
15004 646 NA
15005 645 NA
15007 618 NA
15008 610 NA
15011 622 NA
15012 626 NA
15013 633 NA
15014 633 NA
15016 632 NA
15017 658 NA
15019 656 NA
15020 633 NA
15021 633 NA
15023 653 NA
15025 649 NA
15026 652 NA
15028 644 NA
15029 672 NA
15030 685 NA
15031 735 NA
15033 811 NA
15035 817 NA
15036 768 NA
15037 731 NA
15039 694 NA
15040 675 NA
15042 665 NA
15043 641 NA
15044 656 NA
15046 634 NA
15047 635 NA
15048 642 NA
15049 642 NA
15050 656 NA
15052 637 NA
15054 660 NA
15055 684 NA
15056 693 NA
15058 715 NA
15059 696 NA
15060 698 NA
15061 685 NA
15062 686 NA
15063 660 NA
15064 629 NA
15066 662 NA
15068 649 NA
15070 667 NA
15072 640 NA
15073 653 NA
15074 650 NA
15076 663 NA
15078 683 NA
15080 686 NA
15081 684 NA
15082 674 NA
15084 643 NA
15085 626 NA
15086 644 NA
15087 636 NA
15088 621 NA
15089 627 NA
15090 618 NA
15091 620 NA
15093 644 NA
15094 651 NA
15095 651 NA
15096 661 NA
15097 653 NA
15098 662 NA
15100 660 NA
15101 645 NA
15102 638 NA
15103 640 NA
15104 636 NA
15106 649 NA
15107 653 NA
15109 645 NA
15110 632 NA
15112 649 NA
15114 663 NA
15115 677 NA
15116 673 NA
15119 682 NA
15120 683 NA
15121 674 NA
15122 652 NA
15123 641 NA
15124 630 NA
15125 614 NA
15126 628 NA
15128 657 NA
15130 638 NA
15131 628 NA
15132 609 NA
15133 622 NA
15134 646 NA
15135 644 NA
15136 641 NA
15137 651 NA
15138 634 NA
15140 640 NA
15142 651 NA
15143 646 NA
15144 646 NA
15147 616 NA
15148 636 NA
15149 666 NA
15150 662 NA
15151 665 NA
15152 671 NA
15154 664 NA
15156 699 NA
15157 701 NA
15158 703 NA
15159 702 NA
15161 717 NA
15163 714 NA
15164 684 NA
15165 675 NA
15166 692 NA
15168 706 NA
15170 658 NA
15172 689 NA
15173 681 NA
15175 675 NA
15177 689 NA
15178 685 NA
15179 666 NA
15181 648 NA
15182 644 NA
15183 659 NA
15185 664 NA
15186 663 NA
15187 680 NA
15189 667 NA
15191 637 NA
15193 662 NA
15194 657 NA
15196 672 NA
15197 675 NA
15199 652 NA
15204 656 NA
15205 666 NA
15207 652 NA
15208 642 NA
15211 674 NA
15214 661 NA
15215 675 NA
15217 659 NA
15219 653 NA
15220 669 NA
15221 691 NA
15222 680 NA
15224 666 NA
15226 656 NA
15227 648 NA
15228 640 NA
15229 653 NA
15231 631 NA
15232 637 NA
15233 642 NA
15234 661 NA
15235 672 NA
15238 626 NA
15240 627 NA
15242 630 NA
15243 637 NA
15244 642 NA
15247 641 NA
15248 636 NA
15249 636 NA
15250 629 NA
15251 649 NA
15254 621 NA
15256 634 NA
15257 631 NA
15258 650 NA
15259 655 NA
15261 682 NA
15263 667 NA
15264 673 NA
15266 667 NA
15268 648 NA
15270 612 NA
15271 637 NA
15273 647 NA
15275 615 NA
15277 629 NA
15278 653 NA
15280 643 NA
15281 662 NA
15282 641 NA
15283 661 NA
15284 670 NA
15285 669 NA
15287 622 NA
15289 653 NA
15291 640 NA
15294 628 NA
15295 620 NA
15297 631 NA
15299 618 NA
15301 639 NA
15302 633 NA
15303 624 NA
15304 648 NA
15306 672 NA
15307 687 NA
15308 677 NA
15310 631 NA
15312 628 NA
15313 644 NA
15314 641 NA
15315 649 NA
15316 640 NA
15317 627 NA
15318 631 NA
15319 639 NA
15320 620 NA
15321 646 NA
15322 675 NA
15323 700 NA
15324 715 NA
15325 708 NA
15326 694 NA
15327 702 NA
15328 717 NA
15329 719 NA
15330 710 NA
15331 690 NA
15332 688 NA
15333 665 NA
15334 660 NA
15335 633 NA
15336 604 NA
15337 589 NA
15338 572 NA
15339 565 NA
15340 572 NA
15341 560 NA
15342 550 NA
15343 567 NA
15344 566 NA
15345 573 NA
15346 580 NA
15347 569 NA
15348 575 NA
15349 578 NA
15350 593 NA
15351 609 NA
15352 615 NA
15353 608 NA
15354 599 NA
15355 573 NA
15356 544 NA
15357 529 NA
15358 532 NA
15359 543 NA
15360 569 NA
15361 587 NA
15362 588 NA
15363 599 NA
15364 591 NA
15365 605 NA
15366 614 NA
15367 608 NA
15368 614 NA
15369 610 NA
15370 613 NA
15371 640 NA
15372 653 NA
15373 635 NA
15374 616 NA
15375 604 NA
15376 595 NA
15377 604 NA
15378 607 NA
15379 614 NA
15380 604 NA
15381 608 NA
15382 622 NA
15383 633 NA
15384 616 NA
15385 592 NA
15386 595 NA
15387 595 NA
15388 572 NA
15389 610 NA
15390 606 NA
15391 607 NA
15392 602 NA
15393 607 NA
15394 631 NA
15395 641 NA
15396 653 NA
15397 680 NA
15398 705 NA
15399 678 NA
15400 646 NA
15401 618 NA
15402 594 NA
15403 585 NA
15404 602 NA
15405 612 NA
15406 613 NA
15407 614 NA
15408 596 NA
15409 593 NA
15410 607 NA
15411 608 NA
15412 610 NA
15413 631 NA
15414 654 NA
15415 662 NA
15416 639 NA
15417 609 NA
15418 583 NA
15419 563 NA
15420 570 NA
15421 579 NA
15422 585 NA
15423 590 NA
15424 596 NA
15425 601 NA
15426 607 NA
15427 608 NA
15428 608 NA
15429 599 NA
15430 609 NA
15431 615 NA
15432 602 NA
15433 602 NA
15434 610 NA
15435 599 NA
15436 606 NA
15437 600 NA
15438 596 NA
15439 602 NA
15440 590 NA
15441 606 NA
15442 611 NA
15443 609 NA
15444 615 NA
15445 623 NA
15446 606 NA
15447 611 NA
15448 605 NA
15449 574 NA
15450 594 NA
15451 612 NA
15452 615 NA
15453 622 NA
15454 620 NA
15455 613 NA
15456 590 NA
15457 597 NA
15458 612 NA
15459 618 NA
15460 611 NA
15461 615 NA
15462 610 NA
15463 613 NA
15464 606 NA
15465 590 NA
15466 592 NA
15467 602 NA
15468 617 NA
15469 627 NA
15470 632 NA
15471 626 NA
15472 609 NA
15473 615 NA
15474 616 NA
15475 634 NA
15476 637 NA
15477 638 NA
15478 641 NA
15479 650 NA
15480 669 NA
15481 657 NA
15482 656 NA
15483 664 NA
15484 650 NA
15485 617 NA
15486 613 NA
15487 628 NA
15488 633 NA
15489 644 NA
15490 651 NA
15491 644 NA
15492 647 NA
15493 652 NA
15494 662 NA
15495 647 NA
15496 645 NA
15497 654 NA
15498 646 NA
15499 644 NA
15500 660 NA
15501 652 NA
15502 648 NA
15503 636 NA
15504 644 NA
15505 645 NA
15506 637 NA
15507 627 NA
15508 605 NA
15509 619 NA
15510 635 NA
15511 641 NA
15512 655 NA
15513 638 NA
15514 626 NA
15515 631 NA
15516 630 NA
15517 622 NA
15518 630 NA
15519 647 NA
15520 646 NA
15521 637 NA
15522 634 NA
15523 625 NA
15524 630 NA
15525 642 NA
15526 611 NA
15527 627 NA
15528 633 NA
15529 638 NA
15530 629 NA
15531 632 NA
15532 634 NA
15533 637 NA
15534 640 NA
15535 627 NA
15536 637 NA
15537 617 NA
15538 615 NA
15539 631 NA
15540 631 NA
15541 633 NA
15542 646 NA
15543 649 NA
15544 635 NA
15545 624 NA
15546 640 NA
15547 650 NA
15548 641 NA
15549 639 NA
15550 632 NA
15551 652 NA
15552 657 NA
15553 648 NA
15554 670 NA
15555 681 NA
15556 688 NA
15557 698 NA
15558 704 NA
15559 687 NA
15560 657 NA
15561 633 NA
15562 649 NA
15563 651 NA
15564 637 NA
15565 632 NA
15566 638 NA
15567 660 NA
15568 680 NA
15569 693 NA
15570 685 NA
15571 669 NA
15572 642 NA
15573 630 NA
15574 635 NA
15575 661 NA
15576 677 NA
15577 691 NA
15578 689 NA
15579 661 NA
15580 662 NA
15581 638 NA
15582 647 NA
15583 640 NA
15584 644 NA
15585 669 NA
15586 674 NA
15587 651 NA
15588 623 NA
15589 625 NA
15590 640 NA
15591 644 NA
15592 657 NA
15593 654 NA
15594 648 NA
15595 631 NA
15596 643 NA
15597 640 NA
15598 651 NA
15599 676 NA
15600 651 NA
15601 644 NA
15602 630 NA
15603 626 NA
15604 646 NA
15605 655 NA
15606 656 NA
15607 637 NA
15608 636 NA
15609 632 NA
15610 609 NA
15611 626 NA
15612 639 NA
15613 657 NA
15614 655 NA
15615 666 NA
15616 680 NA
15617 686 NA
15618 687 NA
15619 684 NA
15620 683 NA
15621 673 NA
15622 652 NA
15623 644 NA
15624 636 NA
15625 631 NA
15626 638 NA
15627 655 NA
15628 655 NA
15629 662 NA
15630 659 NA
15631 643 NA
15632 650 NA
15633 640 NA
15634 659 NA
15635 640 NA
15636 629 NA
15637 646 NA
15638 643 NA
15639 653 NA
15640 659 NA
15641 640 NA
15642 633 NA
15643 616 NA
15644 625 NA
15645 615 NA
15646 618 NA
15647 632 NA
15648 646 NA
15649 649 NA
15650 652 NA
15651 655 NA
15652 657 NA
15653 660 NA
15654 663 NA
15655 666 NA
15656 668 NA
15657 671 NA
15658 656 NA
15659 657 NA
15660 658 NA
15661 659 NA
15662 664 NA
15663 643 NA
15664 623 NA
15665 601 NA
15666 619 NA
15667 599 NA
15668 607 NA
15669 613 NA
15670 618 NA
15671 621 NA
15672 612 NA
15673 615 NA
15674 620 NA
15675 631 NA
15676 648 NA
15677 640 NA
15678 621 NA
15679 610 NA
15680 599 NA
15681 609 NA
15682 609 NA
15683 611 NA
15684 599 NA
15685 600 NA
15686 602 NA
15687 603 NA
15688 614 NA
15689 609 NA
15690 622 NA
15691 617 NA
15692 603 NA
15693 609 NA
15694 585 NA
15695 581 NA
15696 587 NA
15697 591 NA
15698 587 NA
15699 593 NA
15700 613 NA
15701 613 NA
15702 613 NA
15703 612 NA
15704 602 NA
15705 593 NA
15706 572 NA
15707 566 NA
15708 558 NA
15709 556 NA
15710 551 NA
15711 554 NA
15712 558 NA
15713 557 NA
15714 572 NA
15715 576 NA
15716 597 NA
15717 598 NA
15718 588 NA
15719 579 NA
15720 596 NA
15721 589 NA
15722 605 NA
15723 608 NA
15724 607 NA
15725 607 NA
15726 597 NA
15727 604 NA
15728 578 NA
15729 567 NA
15730 566 NA
15731 561 NA
15732 579 NA
15733 571 NA
15734 579 NA
15735 573 NA
15736 572 NA
15737 593 NA
15738 583 NA
15739 579 NA
15740 582 NA
15741 569 NA
15742 565 NA
15743 578 NA
15744 586 NA
15745 588 NA
15746 600 NA
15747 613 NA
15748 610 NA
15749 602 NA
15750 602 NA
15751 592 NA
15752 609 NA
15753 610 NA
15754 626 NA
15755 639 NA
15756 640 NA
15757 624 NA
15758 604 NA
15759 606 NA
15760 603 NA
15761 600 NA
15762 599 NA
15763 594 NA
15764 573 NA
15765 547 NA
15766 551 NA
15767 546 NA
15768 556 NA
15769 563 NA
15770 565 NA
15771 562 NA
15772 572 NA
15773 580 NA
15774 593 NA
15775 595 NA
15776 591 NA
15777 604 NA
15778 597 NA
15779 585 NA
15780 566 NA
15781 587 NA
15782 590 NA
15783 609 NA
15784 619 NA
15785 627 NA
15786 625 NA
15787 620 NA
15788 628 NA
15789 629 NA
15790 620 NA
15791 613 NA
15792 601 NA
15793 593 NA
15794 617 NA
15795 616 NA
15796 619 NA
15797 595 NA
15798 600 NA
15799 605 NA
15800 610 NA
15801 614 NA
15802 619 NA
15803 624 NA
15804 629 NA
15805 651 NA
15806 632 NA
15807 613 NA
15808 622 NA
15809 625 NA
15810 615 NA
15811 620 NA
15812 619 NA
15813 624 NA
15814 611 NA
15815 617 NA
15816 599 NA
15817 595 NA
15818 605 NA
15819 606 NA
15820 588 NA
15821 588 NA
15822 575 NA
15823 563 NA
15824 557 NA
15825 562 NA
15826 579 NA
15827 574 NA
15828 575 NA
15829 572 NA
15830 552 NA
15831 558 NA
15832 571 NA
15833 574 NA
15834 584 NA
15835 600 NA
15836 608 NA
15837 607 NA
15838 601 NA
15839 593 NA
15840 592 NA
15841 586 NA
15842 599 NA
15843 612 NA
15844 603 NA
15845 595 NA
15846 578 NA
15847 584 NA
15848 567 NA
15849 563 NA
15850 563 NA
15851 573 NA
15852 580 NA
15853 590 NA
15854 594 NA
15855 594 NA
15856 579 NA
15857 557 NA
15858 577 NA
15859 589 NA
15860 574 NA
15861 575 NA
15862 589 NA
15863 591 NA
15864 608 NA
15865 639 NA
15866 651 NA
15867 648 NA
15868 639 NA
15869 649 NA
15870 641 NA
15871 609 NA
15872 604 NA
15873 609 NA
15874 607 NA
15875 605 NA
15876 606 NA
15877 595 NA
15878 578 NA
15879 566 NA
15880 560 NA
15881 567 NA
15882 558 NA
15883 563 NA
15884 561 NA
15885 555 NA
15886 545 NA
15887 553 NA
15888 565 NA
15889 581 NA
15890 582 NA
15891 580 NA
15892 589 NA
15893 577 NA
15894 580 NA
15895 591 NA
15896 592 NA
15897 575 NA
15898 583 NA
15899 596 NA
15900 587 NA
15901 602 NA
15902 617 NA
15903 616 NA
15904 615 NA
15905 614 NA
15906 612 NA
15907 611 NA
15908 610 NA
15909 610 NA
15910 592 NA
15911 589 NA
15912 615 NA
15913 612 NA
15914 609 NA
15915 620 NA
15916 631 NA
15917 654 NA
15918 663 NA
15919 662 NA
15920 668 NA
15921 664 NA
15922 649 NA
15923 630 NA
15924 627 NA
15925 613 NA
15926 617 NA
15927 621 NA
15928 606 NA
15929 589 NA
15930 570 NA
15931 561 NA
15932 557 NA
15933 565 NA
15934 565 NA
15935 562 NA
15936 571 NA
15937 574 NA
15938 584 NA
15939 582 NA
15940 582 NA
15941 578 NA
15942 572 NA
15943 572 NA
15944 563 NA
15945 575 NA
15946 575 NA
15947 584 NA
15948 572 NA
15949 560 NA
15950 545 NA
15951 545 NA
15952 545 NA
15953 535 NA
15954 547 NA
15955 547 NA
15956 560 NA
15957 574 NA
15958 574 NA
15959 566 NA
15960 558 NA
15961 558 NA
15962 549 NA
15963 562 NA
15964 585 NA
15965 585 NA
15966 584 NA
15967 584 NA
15968 590 NA
15969 575 NA
15970 561 NA
15971 562 NA
15972 572 NA
15973 572 NA
15974 554 NA
15975 545 NA
15976 545 NA
15977 524 NA
15978 526 NA
15979 527 NA
15980 527 NA
15981 534 NA
15982 535 NA
15983 535 NA
15984 535 NA
15985 530 NA
15986 533 NA
15987 535 NA
15988 538 NA
15989 540 NA
15990 543 NA
15991 545 NA
15992 548 NA
15993 550 NA
15994 544 NA
15995 544 NA
15996 548 NA
15997 537 NA
15998 541 NA
15999 547 NA
16000 552 NA
16001 552 NA
16002 548 NA
16003 534 NA
16004 534 NA
16005 538 NA
16006 536 NA
16007 534 NA
16008 533 NA
16009 533 NA
16010 539 NA
16011 529 NA
16012 528 NA
16013 531 NA
16014 517 NA
16015 524 NA
16016 524 NA
16017 524 NA
16018 524 NA
16019 525 NA
16020 537 NA
16021 521 NA
16022 526 NA
16023 520 NA
16024 523 NA
16025 526 NA
16026 499 NA
16027 493 NA
16028 509 NA
16029 509 NA
16030 534 NA
16031 536 NA
16032 530 NA
16033 522 NA
16034 521 NA
16035 522 NA
16036 524 NA
16037 525 NA
16038 526 NA
16039 527 NA
16040 529 NA
16041 530 NA
16042 530 NA
16043 520 NA
16044 501 NA
16045 500 NA
16046 505 NA
16047 487 NA
16048 474 NA
16049 469 NA
16050 473 NA
16051 489 NA
16052 486 NA
16053 469 NA
16054 466 NA
16055 478 NA
16056 471 NA
16057 471 NA
16058 476 NA
16059 485 NA
16060 491 NA
16061 494 NA
16062 496 NA
16063 481 NA
16064 481 NA
16065 471 NA
16066 476 NA
16067 480 NA
16068 487 NA
16069 485 NA
16070 479 NA
16071 486 NA
16072 495 NA
16073 506 NA
16074 510 NA
16075 503 NA
16076 501 NA
16077 498 NA
16078 492 NA
16079 486 NA
16080 472 NA
16081 489 NA
16082 488 NA
16083 491 NA
16084 496 NA
16085 510 NA
16086 498 NA
16087 487 NA
16088 487 NA
16089 479 NA
16090 479 NA
16091 472 NA
16092 478 NA
16093 494 NA
16094 498 NA
16095 500 NA
16096 490 NA
16097 493 NA
16098 485 NA
16099 492 NA
16100 479 NA
16101 474 NA
16102 485 NA
16103 486 NA
16104 502 NA
16105 493 NA
16106 490 NA
16107 486 NA
16108 468 NA
16109 444 NA
16110 425 NA
16111 403 NA
16112 404 NA
16113 408 NA
16114 427 NA
16115 428 NA
16116 449 NA
16117 449 NA
16118 461 NA
16119 461 NA
16120 472 NA
16121 474 NA
16122 471 NA
16123 465 NA
16124 452 NA
16125 439 NA
16126 434 NA
16127 432 NA
16128 428 NA
16129 435 NA
16130 436 NA
16131 443 NA
16132 442 NA
16133 441 NA
16134 441 NA
16135 448 NA
16136 439 NA
16137 433 NA
16138 421 NA
16139 409 NA
16140 409 NA
16141 423 NA
16142 427 NA
16143 428 NA
16144 431 NA
16145 426 NA
16146 437 NA
16147 423 NA
16148 417 NA
16149 417 NA
16150 417 NA
16151 405 NA
16152 401 NA
16153 402 NA
16154 415 NA
16155 436 NA
16156 436 NA
16157 437 NA
16158 441 NA
16159 429 NA
16160 445 NA
16161 443 NA
16162 430 NA
16163 430 NA
16164 427 NA
16165 431 NA
16166 436 NA
16167 443 NA
16168 443 NA
16169 441 NA
16170 437 NA
16171 437 NA
16172 435 NA
16173 435 NA
16174 427 NA
16175 425 NA
16176 405 NA
16177 389 NA
16178 377 NA
16179 382 NA
16180 394 NA
16181 394 NA
16182 407 NA
16183 421 NA
16184 434 NA
16185 434 NA
16186 439 NA
16187 427 NA
16188 427 NA
16189 406 NA
16190 403 NA
16191 401 NA
16192 392 NA
16193 387 NA
16194 384 NA
16195 385 NA
16196 372 NA
16197 371 NA
16198 385 NA
16199 385 NA
16200 384 NA
16201 387 NA
16202 392 NA
16203 396 NA
16204 402 NA
16205 402 NA
16206 394 NA
16207 394 NA
16208 389 NA
16209 396 NA
16210 410 NA
16211 402 NA
16212 398 NA
16213 398 NA
16214 402 NA
16215 410 NA
16216 413 NA
16217 426 NA
16218 426 NA
16219 420 NA
16220 425 NA
16221 426 NA
16222 426 NA
16223 426 NA
16224 438 NA
16225 430 NA
16226 424 NA
16227 421 NA
16228 432 NA
16229 421 NA
16230 435 NA
16231 433 NA
16232 439 NA
16233 444 NA
16234 441 NA
16235 438 NA
16236 433 NA
16237 423 NA
16238 423 NA
16239 433 NA
16240 433 NA
16241 449 NA
16242 444 NA
16243 440 NA
16244 429 NA
16245 432 NA
16246 445 NA
16247 443 NA
16248 447 NA
16249 440 NA
16250 441 NA
16251 430 NA
16252 429 NA
16253 434 NA
16254 440 NA
16255 449 NA
16256 458 NA
16257 458 NA
16258 444 NA
16259 449 NA
16260 449 NA
16261 441 NA
16262 426 NA
16263 443 NA
16264 450 NA
16265 448 NA
16266 453 NA
16267 457 NA
16268 458 NA
16269 457 NA
16270 440 NA
16271 440 NA
16272 441 NA
16273 454 NA
16274 461 NA
16275 462 NA
16276 462 NA
16277 458 NA
16278 447 NA
16279 459 NA
16280 452 NA
16281 455 NA
16282 433 NA
16283 440 NA
16284 439 NA
16285 439 NA
16286 447 NA
16287 452 NA
16288 446 NA
16289 452 NA
16290 450 NA
16291 463 NA
16292 479 NA
16293 461 NA
16294 463 NA
16295 476 NA
16296 478 NA
16297 464 NA
16298 465 NA
16299 451 NA
16300 460 NA
16301 460 NA
16302 460 NA
16303 465 NA
16304 453 NA
16305 450 NA
16306 466 NA
16307 476 NA
16308 476 NA
16309 487 NA
16310 469 NA
16311 463 NA
16312 457 NA
16313 457 NA
16314 452 NA
16315 457 NA
16316 465 NA
16317 461 NA
16318 459 NA
16319 461 NA
16320 457 NA
16321 455 NA
16322 450 NA
16323 441 NA
16324 431 NA
16325 436 NA
16326 436 NA
16327 444 NA
16328 449 NA
16329 439 NA
16330 443 NA
16331 443 NA
16332 447 NA
16333 441 NA
16334 433 NA
16335 446 NA
16336 438 NA
16337 441 NA
16338 451 NA
16339 456 NA
16340 456 NA
16341 452 NA
16342 468 NA
16343 468 NA
16344 461 NA
16345 473 NA
16346 482 NA
16347 458 NA
16348 463 NA
16349 469 NA
16350 478 NA
16351 462 NA
16352 457 NA
16353 466 NA
16354 455 NA
16355 454 NA
16356 469 NA
16357 478 NA
16358 471 NA
16359 475 NA
16360 475 NA
16361 472 NA
16362 476 NA
16363 470 NA
16364 465 NA
16365 448 NA
16366 448 NA
16367 450 NA
16368 453 NA
16369 458 NA
16370 442 NA
16371 438 NA
16372 431 NA
16373 441 NA
16374 441 NA
16375 432 NA
16376 420 NA
16377 400 NA
16378 385 NA
16379 386 NA
16380 385 NA
16381 379 NA
16382 386 NA
16383 395 NA
16384 395 NA
16385 399 NA
16386 401 NA
16387 393 NA
16388 400 NA
16389 399 NA
16390 399 NA
16391 404 NA
16392 400 NA
16393 403 NA
16394 403 NA
16395 401 NA
16396 409 NA
16397 409 NA
16398 402 NA
16399 407 NA
16400 425 NA
16401 413 NA
16402 413 NA
16403 402 NA
16404 398 NA
16405 395 NA
16406 380 NA
16407 378 NA
16408 378 NA
16409 375 NA
16410 368 NA
16411 380 NA
16412 395 NA
16413 403 NA
16414 403 NA
16415 415 NA
16416 400 NA
16417 389 NA
16418 377 NA
16419 370 NA
16420 368 NA
16421 370 NA
16422 370 NA
16423 374 NA
16424 379 NA
16425 378 NA
16426 380 NA
16427 380 NA
16428 384 NA
16429 386 NA
16430 389 NA
16431 375 NA
16432 375 NA
16433 370 NA
16434 381 NA
16435 377 NA
16436 378 NA
16437 376 NA
16438 368 NA
16439 370 NA
16440 370 NA
16441 379 NA
16442 379 NA
16443 378 NA
16444 378 NA
16445 372 NA
16446 372 NA
16447 379 NA
16448 368 NA
16449 357 NA
16450 358 NA
16451 358 NA
16452 354 NA
16453 367 NA
16454 368 NA
16455 383 NA
16456 390 NA
16457 393 NA
16458 411 NA
16459 427 NA
16460 424 NA
16461 434 NA
16462 440 NA
16463 447 NA
16464 460 NA
16465 460 NA
16466 470 NA
16467 485 NA
16468 478 NA
16469 478 NA
16470 468 NA
16471 461 NA
16472 453 NA
16473 453 NA
16474 448 NA
16475 446 NA
16476 455 NA
16477 446 NA
16478 446 NA
16479 451 NA
16480 451 NA
16481 440 NA
16482 445 NA
16483 448 NA
16484 455 NA
16485 439 NA
16486 435 NA
16487 421 NA
16488 408 NA
16489 393 NA
16490 373 NA
16491 360 NA
16492 362 NA
16493 364 NA
16494 370 NA
16495 369 NA
16496 366 NA
16497 366 NA
16498 354 NA
16499 354 NA
16500 355 NA
16501 358 NA
16502 358 NA
16503 363 NA
16504 363 NA
16505 374 NA
16506 374 NA
16507 373 NA
16508 378 NA
16509 394 NA
16510 394 NA
16511 398 NA
16512 399 NA
16513 399 NA
16514 383 NA
16515 383 NA
16516 379 NA
16517 369 NA
16518 367 NA
16519 367 NA
16520 357 NA
16521 357 NA
16522 367 NA
16523 381 NA
16524 386 NA
16525 391 NA
16526 380 NA
16527 380 NA
16528 373 NA
16529 373 NA
16530 377 NA
16531 388 NA
16532 388 NA
16533 389 NA
16534 394 NA
16535 392 NA
16536 407 NA
16537 423 NA
16538 423 NA
16539 415 NA
16540 406 NA
16541 406 NA
16542 396 NA
16543 408 NA
16544 404 NA
16545 404 NA
16546 409 NA
16547 419 NA
16548 419 NA
16549 431 NA
16550 431 NA
16551 429 NA
16552 429 NA
16553 431 NA
16554 431 NA
16555 432 NA
16556 432 NA
16557 421 NA
16558 421 NA
16559 416 NA
16560 401 NA
16561 399 NA
16562 399 NA
16563 386 NA
16564 386 NA
16565 392 NA
16566 389 NA
16567 390 NA
16568 392 NA
16569 392 NA
16570 402 NA
16571 402 NA
16572 408 NA
16573 414 NA
16574 414 NA
16575 423 NA
16576 423 NA
16577 425 NA
16578 425 NA
16579 420 NA
16580 420 NA
16581 419 NA
16582 419 NA
16583 433 NA
16584 433 NA
16585 450 NA
16586 450 NA
16587 453 NA
16588 447 NA
16589 447 NA
16590 440 NA
16591 440 NA
16592 446 NA
16593 446 NA
16594 437 NA
16595 440 NA
16596 440 NA
16597 441 NA
16598 435 NA
16599 435 NA
16600 453 NA
16601 449 NA
16602 449 NA
16603 454 NA
16604 454 NA
16605 452 NA
16606 443 NA
16607 438 NA
16608 438 NA
16609 426 NA
16610 426 NA
16611 438 NA
16612 433 NA
16613 433 NA
16614 443 NA
16615 441 NA
16616 435 NA
16617 435 NA
16618 434 NA
16619 434 NA
16620 431 NA
16621 431 NA
16622 435 NA
16623 435 NA
16624 433 NA
16625 434 NA
16626 415 NA
16627 415 NA
16628 422 NA
16629 417 NA
16630 417 NA
16631 399 NA
16632 399 NA
16633 382 NA
16634 382 NA
16635 369 NA
16636 371 NA
16637 371 NA
16638 373 NA
16639 373 NA
16640 363 NA
16641 363 NA
16642 363 NA
16643 363 NA
16644 367 NA
16645 370 NA
16646 377 NA
16647 377 NA
16648 382 NA
16649 373 NA
16650 373 NA
16651 374 NA
16652 374 NA
16653 369 NA
16654 368 NA
16655 368 NA
16656 363 NA
16657 363 NA
16658 365 NA
16659 365 NA
16660 363 NA
16661 363 NA
16662 366 NA
16663 366 NA
16664 365 NA
16665 366 NA
16666 366 NA
16668 373 NA
16669 381 NA
16670 386 NA
16671 386 NA
16672 388 NA
16673 381 NA
16674 381 NA
16675 373 NA
16676 373 NA
16677 379 NA
16678 364 NA
16679 364 NA
16680 382 NA
16681 382 NA
16682 392 NA
16683 392 NA
16684 390 NA
16685 390 NA
16686 389 NA
16687 389 NA
16688 388 NA
16689 381 NA
16690 381 NA
16691 393 NA
16692 377 NA
16693 377 NA
16694 392 NA
16695 385 NA
16696 385 NA
16697 395 NA
16698 395 NA
16699 395 NA
16700 397 NA
16701 412 NA
16702 412 NA
16703 410 NA
16704 410 NA
16705 393 NA
16706 375 NA
16707 359 NA
16708 359 NA
16709 351 NA
16710 351 NA
16711 358 NA
16712 358 NA
16714 365 NA
16717 373 NA
16719 372 NA
16720 372 NA
16721 367 NA
16722 359 NA
16723 359 NA
16724 354 NA
16725 354 NA
16726 346 NA
16727 346 NA
16728 340 NA
16729 356 NA
16730 356 NA
16731 365 NA
16732 365 NA
16733 354 NA
16734 354 NA
16735 355 NA
16736 355 NA
16737 358 NA
16738 358 NA
16739 347 NA
16740 347 NA
16741 347 NA
16742 353 NA
16743 354 NA
16744 354 NA
16745 367 NA
16746 379 NA
16747 379 NA
16748 379 NA
16749 385 NA
16750 391 NA
16751 391 NA
16752 396 NA
16753 396 NA
16754 399 NA
16755 399 NA
16756 406 NA
16757 406 NA
16759 414 NA
16760 413 NA
16761 413 NA
16762 413 NA
16763 418 NA
16764 423 NA
16765 423 NA
16766 409 NA
16767 409 NA
16768 391 NA
16769 391 NA
16770 392 NA
16771 377 NA
16772 377 NA
16773 392 NA
16774 392 NA
16775 382 NA
16776 382 NA
16777 364 NA
16778 380 NA
16779 380 NA
16780 383 NA
16781 383 NA
16782 380 NA
16783 380 NA
16784 361 NA
16785 361 NA
16786 358 NA
16787 358 NA
16788 366 NA
16789 366 NA
16790 375 NA
16791 375 NA
16792 359 NA
16793 345 NA
16794 339 NA
16795 339 NA
16796 340 NA
16797 347 NA
16798 347 NA
16799 332 NA
16800 316 NA
16801 316 NA
16802 319 NA
16803 329 NA
16804 336 NA
16805 336 NA
16807 318 NA
16808 331 NA
16809 331 NA
16810 341 NA
16811 349 NA
16812 349 NA
16813 342 NA
16814 342 NA
16815 353 NA
16816 353 NA
16817 355 NA
16818 355 NA
16819 367 NA
16820 367 NA
16821 385 NA
16822 398 NA
16823 398 NA
16824 416 NA
16825 416 NA
16826 437 NA
16827 459 NA
16828 478 NA
16829 502 NA
16830 528 NA
16831 555 NA
16832 555 NA
16833 583 NA
16834 644 NA
16835 677 NA
16836 711 NA
16837 747 NA
16838 785 NA
16839 825 NA
16840 867 NA
16841 907 NA
16842 953 NA
16843 1001 NA
16844 1050 NA
16845 1102 NA
16846 1102 NA
16847 1215 NA
16848 1276 NA
16849 1340 NA
16850 1407 NA
16851 1478 NA
16852 1542 NA
16853 1542 NA
16854 1662 NA
16855 1746 NA
16856 1746 NA
16857 1926 NA
16858 1950 NA
16859 2024 NA
16860 2085 NA
16861 2180 NA
16862 2289 NA
16863 2404 NA
16864 2521 NA
16865 2627 NA
16866 2701 NA
16867 2691 NA
16869 2775 NA
16870 2775 NA
16871 2659 NA
16872 2583 NA
16873 2639 NA
16874 2679 NA
16875 2732 NA
16876 2798 NA
16877 2784 NA
16878 2781 NA
16879 2805 NA
16880 2874 NA
16881 2880 NA
16882 2846 NA
16883 2724 NA
16884 2682 NA
16885 2721 NA
16886 2711 NA
16887 2658 NA
16888 2704 NA
16889 2648 NA
16890 2676 NA
16891 2676 NA
16892 2741 NA
16893 2668 NA
16894 2551 NA
16895 2427 NA
16896 2306 NA
16897 2344 NA
16898 2409 NA
16899 2409 NA
16900 2447 NA
16901 2476 NA
16902 2407 NA
16903 2475 NA
16904 2503 NA
16905 2506 NA
16906 2506 NA
16907 2536 NA
16908 2469 NA
16909 2439 NA
16910 2472 NA
16911 2487 NA
16912 2443 NA
16913 2434 NA
16914 2434 NA
16915 2506 NA
16916 2506 NA
16917 2526 NA
16918 2412 NA
16919 2291 NA
16920 2239 NA
16921 2239 NA
16922 2146 NA
16923 2038 NA
16924 1985 NA
16925 1913 NA
16926 1918 NA
16927 2008 NA
16928 2021 NA
16929 2021 NA
16930 2028 NA
16931 2028 NA
16932 2048 NA
16933 2048 NA
16934 2079 NA
16935 2181 NA
16936 2181 NA
16937 2181 NA
16938 2292 NA
16939 2376 NA
16940 2419 NA
16941 2392 NA
16942 2358 NA
16943 2328 NA
16944 2328 NA
16945 2255 NA
16946 2259 NA
16947 2253 NA
16948 2253 NA
16949 2252 NA
16950 2246 NA
16951 2161 NA
16952 2155 NA
16953 2111 NA
16954 2178 NA
16955 2178 NA
16956 2245 NA
16957 2245 NA
16958 2229 NA
16959 2143 NA
16960 2204 NA
16961 2311 NA
16966 2299 NA
16968 2326 NA
16969 2300 NA
16970 2295 NA
16971 2295 NA
16972 2312 NA
16973 2332 NA
16974 2332 NA
16975 2265 NA
16976 2271 NA
16977 2271 NA
16978 2213 NA
16979 2240 NA
16980 2243 NA
16981 2303 NA
16982 2303 NA
16984 2208 NA
16985 2208 NA
16986 2208 NA
16987 2009 NA
16988 2052 NA
16989 2116 NA
16990 2084 NA
16991 1987 NA
16992 1932 NA
16993 1932 NA
16994 1883 NA
16998 1960 NA
16999 1960 NA
17000 2002 NA
17001 2025 NA
17002 2025 NA
17006 1999 NA
17007 1999 NA
17012 2204 NA
17014 2219 NA
17015 2293 NA
17016 2309 NA
17017 2309 NA
17018 2373 NA
17019 2387 NA
17020 2387 NA
17021 2387 NA
17022 2419 NA
17023 2448 NA
17024 2448 NA
17025 2452 NA
17026 2447 NA
17027 2447 NA
17028 2447 NA
17029 2448 NA
17031 2416 NA
17032 2498 NA
17033 2498 NA
17034 2463 NA
17035 2463 NA
17036 2453 NA
17037 2470 NA
17038 2470 NA
17039 2420 NA
17040 2420 NA
17042 2487 NA
17044 2546 NA
17045 2571 NA
17046 2571 NA
17047 2614 NA
17048 2614 NA
17049 2591 NA
17050 2692 NA
17051 2669 NA
17052 2711 NA
17053 2711 NA
17054 2685 NA
17055 2685 NA
17056 2729 NA
17057 2729 NA
17058 2737 NA
17059 2781 NA
17060 2781 NA
17061 2700 NA
17062 2708 NA
17063 2660 NA
17064 2701 NA
17069 2383 NA
17070 2383 NA
17071 2166 NA
17072 2066 NA
17073 2000 NA
17075 2025 NA
17076 2050 NA
17077 2050 NA
17078 2092 NA
17079 2092 NA
17080 2131 NA
17081 2131 NA
17083 2106 NA
17084 2106 NA
17085 2163 NA
17086 2163 NA
17087 2246 NA
17088 2246 NA
17089 2319 NA
17091 2269 NA
17092 2269 NA
17093 2220 NA
17094 2220 NA
17095 2253 NA
17096 2314 NA
17097 2314 NA
17098 2314 NA
17099 2289 NA
17100 2309 NA
17101 2309 NA
17102 2288 NA
17103 2288 NA
17104 2244 NA
17105 2244 NA
17106 2247 NA
17107 2247 NA
17108 2251 NA
17109 2268 NA
17110 2268 NA
17111 2189 NA
17112 2189 NA
17113 2205 NA
17114 2175 NA
17115 2175 NA
17117 2082 NA
17118 2082 NA
17119 2082 NA
17123 2140 NA
17124 2182 NA
17125 2107 NA
17126 2107 NA
17127 2055 NA
17129 2048 NA
17130 2091 NA
17131 2091 NA
17132 2022 NA
17133 2022 NA
17134 2042 NA
17135 2025 NA
17136 2002 NA
17138 1945 NA
17139 1961 NA
17140 2021 NA
17141 2021 NA
17142 2091 NA
17143 2091 NA
17144 2075 NA
17145 2052 NA
17146 2052 NA
17147 2088 NA
17148 2125 NA
17149 2125 NA
