"Index" "Price" "Volume"
14019 2711 NA
14020 2704 NA
14021 2683 NA
14022 2683 NA
14023 2700 NA
14024 2700 NA
14025 2700 NA
14026 2700 NA
14027 2692 NA
14028 2692 NA
14029 2685 NA
14030 2685 NA
14031 2711 NA
14032 2731 NA
14033 2719 NA
14034 2686 NA
14035 2661 NA
14036 2653 NA
14037 2688 NA
14038 2693 NA
14039 2706 NA
14040 2706 NA
14041 2693 NA
14042 2707 NA
14043 2721 NA
14044 2722 NA
14045 2727 NA
14046 2727 NA
14047 2720 NA
14048 2703 NA
14049 2716 NA
14050 2707 NA
14051 2707 NA
14052 2725 NA
14053 2702 NA
14054 2702 NA
14055 2698 NA
14056 2686 NA
14057 2707 NA
14058 2706 NA
14059 2692 NA
14060 2692 NA
14061 2688 NA
14062 2700 NA
14063 2700 NA
14064 2696 NA
14065 2701 NA
14066 2687 NA
14067 2707 NA
14068 2724 NA
14069 2739 NA
14070 2739 NA
14071 2745 NA
14072 2739 NA
14073 2699 NA
14074 2687 NA
14075 2687 NA
14076 2689 NA
14077 2702 NA
14078 2721 NA
14079 2718 NA
14080 2721 NA
14081 2746 NA
14082 2787 NA
14083 2734 NA
14084 2736 NA
14085 2750 NA
14086 2750 NA
14087 2747 NA
14088 2737 NA
14089 2727 NA
14090 2717 NA
14091 2744 NA
14092 2744 NA
14093 2739 NA
14094 2738 NA
14095 2777 NA
14096 2779 NA
14097 2779 NA
14098 2792 NA
14099 2781 NA
14100 2782 NA
14101 2796 NA
14102 2751 NA
14103 2775 NA
14104 2781 NA
14105 2801 NA
14106 2818 NA
14107 2775 NA
14108 2743 NA
14109 2703 NA
14110 2687 NA
14111 2694 NA
14112 2694 NA
14113 2691 NA
14114 2668 NA
14115 2668 NA
14116 2703 NA
14117 2729 NA
14118 2721 NA
14119 2726 NA
14120 2712 NA
14121 2745 NA
14122 2748 NA
14123 2748 NA
14124 2738 NA
14125 2745 NA
14126 2683 NA
14127 2699 NA
14128 2699 NA
14129 2735 NA
14130 2749 NA
14131 2749 NA
14132 2730 NA
14133 2687 NA
14134 2692 NA
14135 2700 NA
14136 2688 NA
14137 2714 NA
14138 2714 NA
14139 2692 NA
14140 2731 NA
14141 2733 NA
14142 2733 NA
14143 2757 NA
14144 2780 NA
14145 2796 NA
14146 2761 NA
14147 2756 NA
14148 2810 NA
14149 2765 NA
14150 2765 NA
14151 2739 NA
14152 2725 NA
14153 2716 NA
14154 2755 NA
14155 2783 NA
14156 2750 NA
14157 2750 NA
14158 2704 NA
14159 2698 NA
14160 2697 NA
14161 2697 NA
14162 2695 NA
14163 2732 NA
14164 2748 NA
14165 2771 NA
14166 2752 NA
14167 2755 NA
14168 2678 NA
14169 2655 NA
14170 2650 NA
14171 2668 NA
14172 2668 NA
14173 2678 NA
14174 2677 NA
14175 2689 NA
14176 2689 NA
14177 2684 NA
14178 2684 NA
14179 2688 NA
14180 2700 NA
14181 2699 NA
14182 2696 NA
14183 2703 NA
14184 2697 NA
14185 2701 NA
14186 2704 NA
14187 2705 NA
14188 2705 NA
14189 2703 NA
14190 2698 NA
14191 2704 NA
14192 2705 NA
14193 2707 NA
14194 2709 NA
14195 2716 NA
14196 2725 NA
14197 2726 NA
14198 2702 NA
14199 2706 NA
14200 2716 NA
14201 2714 NA
14202 2714 NA
14203 2708 NA
14204 2728 NA
14205 2728 NA
14206 2727 NA
14207 2691 NA
14208 2685 NA
14209 2685 NA
14210 2690 NA
14211 2701 NA
14212 2701 NA
14213 2714 NA
14214 2722 NA
14215 2725 NA
14216 2717 NA
14217 2704 NA
14218 2712 NA
14219 2714 NA
14220 2706 NA
14221 2715 NA
14222 2715 NA
14223 2726 NA
14224 2710 NA
14225 2710 NA
14226 2706 NA
14227 2698 NA
14228 2718 NA
14229 2738 NA
14230 2732 NA
14231 2691 NA
14232 2693 NA
14233 2693 NA
14234 2694 NA
14235 2685 NA
14236 2682 NA
14237 2683 NA
14238 2683 NA
14239 2726 NA
14240 2726 NA
14241 2713 NA
14242 2721 NA
14243 2733 NA
14244 2718 NA
14245 2718 NA
14246 2700 NA
14247 2691 NA
14248 2709 NA
14249 2701 NA
14250 2727 NA
14251 2729 NA
14252 2727 NA
14253 2735 NA
14254 2711 NA
14255 2711 NA
14256 2701 NA
14257 2712 NA
14258 2712 NA
14259 2734 NA
14260 2722 NA
14261 2731 NA
14262 2709 NA
14263 2709 NA
14264 2727 NA
14265 2742 NA
14266 2742 NA
14267 2709 NA
14268 2709 NA
14269 2720 NA
14270 2720 NA
14271 2733 NA
14272 2731 NA
14273 2731 NA
14274 2752 NA
14275 2747 NA
14276 2724 NA
14277 2724 NA
14278 2714 NA
14279 2714 NA
14280 2724 NA
14281 2724 NA
14282 2712 NA
14283 2712 NA
14284 2703 NA
14285 2780 NA
14286 2780 NA
14287 2760 NA
14288 2746 NA
14289 2730 NA
14290 2683 NA
14291 2705 NA
14292 2727 NA
14293 2727 NA
14294 2744 NA
14295 2744 NA
14296 2711 NA
14297 2711 NA
14298 2720 NA
14299 2733 NA
14300 2740 NA
14301 2765 NA
14302 2758 NA
14303 2716 NA
14304 2719 NA
14305 2706 NA
14306 2723 NA
14307 2707 NA
14308 2707 NA
14309 2702 NA
14310 2721 NA
14311 2713 NA
14312 2734 NA
14313 2731 NA
14314 2731 NA
14315 2758 NA
14316 2714 NA
14317 2714 NA
14318 2707 NA
14319 2716 NA
14320 2694 NA
14321 2705 NA
14322 2715 NA
14323 2721 NA
14324 2696 NA
14325 2707 NA
14326 2718 NA
14327 2724 NA
14328 2716 NA
14329 2706 NA
14330 2695 NA
14331 2695 NA
14332 2717 NA
14333 2727 NA
14334 2744 NA
14335 2743 NA
14336 2729 NA
14337 2729 NA
14338 2743 NA
14339 2747 NA
14340 2747 NA
14341 2743 NA
14342 2741 NA
14343 2727 NA
14344 2695 NA
14345 2717 NA
14346 2716 NA
14347 2734 NA
14348 2734 NA
14349 2754 NA
14350 2760 NA
14351 2760 NA
14352 2772 NA
14353 2723 NA
14354 2723 NA
14355 2705 NA
14356 2689 NA
14357 2706 NA
14358 2712 NA
14359 2728 NA
14360 2732 NA
14361 2726 NA
14362 2720 NA
14363 2731 NA
14364 2731 NA
14365 2710 NA
14366 2712 NA
14367 2717 NA
14368 2717 NA
14369 2731 NA
14370 2739 NA
14371 2739 NA
14372 2704 NA
14373 2704 NA
14374 2719 NA
14375 2724 NA
14376 2736 NA
14377 2747 NA
14378 2710 NA
14379 2711 NA
14380 2711 NA
14381 2714 NA
14382 2738 NA
14383 2728 NA
14384 2720 NA
14385 2721 NA
14386 2722 NA
14387 2750 NA
14388 2740 NA
14389 2740 NA
14390 2749 NA
14391 2749 NA
14392 2755 NA
14393 2755 NA
14394 2762 NA
14395 2751 NA
14396 2761 NA
14397 2766 NA
14398 2766 NA
14399 2742 NA
14400 2752 NA
14401 2752 NA
14402 2765 NA
14403 2763 NA
14404 2707 NA
14405 2714 NA
14406 2753 NA
14407 2729 NA
14408 2729 NA
14409 2732 NA
14410 2759 NA
14411 2767 NA
14412 2774 NA
14413 2749 NA
14414 2749 NA
14415 2745 NA
14416 2738 NA
14417 2748 NA
14418 2727 NA
14419 2755 NA
14420 2763 NA
14421 2763 NA
14422 2768 NA
14423 2782 NA
14424 2782 NA
14425 2758 NA
14426 2763 NA
14427 2767 NA
14428 2760 NA
14429 2775 NA
14430 2775 NA
14431 2766 NA
14432 2759 NA
14433 2750 NA
14434 2750 NA
14435 2755 NA
14436 2737 NA
14437 2737 NA
14438 2777 NA
14439 2782 NA
14440 2790 NA
14441 2786 NA
14442 2766 NA
14443 2779 NA
14444 2717 NA
14445 2717 NA
14446 2731 NA
14447 2791 NA
14448 2791 NA
14449 2786 NA
14450 2756 NA
14451 2760 NA
14452 2803 NA
14453 2803 NA
14454 2781 NA
14455 2781 NA
14456 2800 NA
14457 2765 NA
14458 2752 NA
14459 2750 NA
14460 2758 NA
14461 2771 NA
14462 2745 NA
14463 2755 NA
14464 2754 NA
14465 2768 NA
14466 2760 NA
14467 2769 NA
14468 2783 NA
14469 2795 NA
14470 2787 NA
14471 2772 NA
14472 2758 NA
14473 2758 NA
14474 2750 NA
14475 2733 NA
14476 2733 NA
14477 2735 NA
14478 2735 NA
14479 2725 NA
14480 2748 NA
14481 2772 NA
14482 2772 NA
14483 2809 NA
14484 2809 NA
14485 2785 NA
14486 2727 NA
14487 2748 NA
14488 2785 NA
14489 2781 NA
14490 2746 NA
14491 2746 NA
14492 2726 NA
14493 2738 NA
14494 2766 NA
14495 2766 NA
14496 2749 NA
14497 2798 NA
14498 2749 NA
14499 2753 NA
14500 2753 NA
14501 2752 NA
14502 2756 NA
14503 2745 NA
14504 2755 NA
14505 2755 NA
14506 2769 NA
14507 2804 NA
14508 2769 NA
14509 2765 NA
14510 2699 NA
14511 2654 NA
14512 2755 NA
14513 2755 NA
14514 2763 NA
14515 2777 NA
14516 2777 NA
14517 2708 NA
14518 2708 NA
14519 2683 NA
14520 2683 NA
14521 2667 NA
14522 2806 NA
14523 2806 NA
14524 2782 NA
14525 2788 NA
14526 2696 NA
14527 2729 NA
14528 2688 NA
14529 2688 NA
14530 2730 NA
14531 2730 NA
14532 2752 NA
14533 2813 NA
14534 2813 NA
14535 2853 NA
14536 2739 NA
14537 2730 NA
14538 2686 NA
14539 2686 NA
14540 2739 NA
14541 2718 NA
14542 2701 NA
14543 2702 NA
14544 2702 NA
14545 2668 NA
14546 2668 NA
14547 2699 NA
14548 2668 NA
14549 2675 NA
14550 2777 NA
14551 2754 NA
14552 2705 NA
14553 2595 NA
14554 2595 NA
14555 2740 NA
14556 2740 NA
14557 2845 NA
14558 2930 NA
14559 2940 NA
14560 2940 NA
14561 3074 NA
14562 2940 NA
14563 2793 NA
14564 2565 NA
14565 2687 NA
14566 2762 NA
14567 2762 NA
14568 2735 NA
14569 2707 NA
14570 2754 NA
14571 2754 NA
14572 2724 NA
14573 2743 NA
14574 2757 NA
14575 2762 NA
14576 2663 NA
14577 2716 NA
14578 2726 NA
14579 2726 NA
14580 2727 NA
14581 2663 NA
14582 2707 NA
14583 2707 NA
14584 2674 NA
14585 2670 NA
14586 2670 NA
14587 2685 NA
14588 2692 NA
14589 2692 NA
14590 2691 NA
14591 2712 NA
14592 2753 NA
14593 2746 NA
14594 2715 NA
14595 2698 NA
14596 2698 NA
14597 2738 NA
14598 2702 NA
14599 2725 NA
14600 2725 NA
14601 2709 NA
14602 2735 NA
14603 2780 NA
14604 2735 NA
14605 2767 NA
14606 2767 NA
14607 2811 NA
14608 2811 NA
14609 2765 NA
14610 2742 NA
14611 2708 NA
14612 2700 NA
14613 2760 NA
14614 2724 NA
14615 2724 NA
14616 2744 NA
14617 2762 NA
14618 2725 NA
14619 2740 NA
14620 2740 NA
14621 2781 NA
14622 2781 NA
14623 2767 NA
14624 2767 NA
14625 2751 NA
14626 2718 NA
14627 2718 NA
14628 2765 NA
14629 2765 NA
14630 2801 NA
14631 2765 NA
14632 2765 NA
14633 2787 NA
14634 2787 NA
14635 2759 NA
14636 2752 NA
14637 2735 NA
14638 2761 NA
14639 2701 NA
14640 2775 NA
14641 2777 NA
14642 2777 NA
14643 2768 NA
14644 2768 NA
14645 2769 NA
14646 2781 NA
14647 2808 NA
14648 2758 NA
14649 2758 NA
14650 2715 NA
14651 2760 NA
14652 2791 NA
14653 2791 NA
14654 2767 NA
14655 2791 NA
14656 2791 NA
14657 2791 NA
14658 2799 NA
14659 2724 NA
14660 2724 NA
14661 2782 NA
14662 2775 NA
14663 2775 NA
14664 2813 NA
14665 2818 NA
14666 2818 NA
14667 2818 NA
14668 2832 NA
14669 2839 NA
14670 2895 NA
14671 2852 NA
14672 2735 NA
14673 2735 NA
14674 2700 NA
14675 2720 NA
14676 2767 NA
14677 2776 NA
14678 2788 NA
14679 2728 NA
14680 2734 NA
14681 2727 NA
14682 2696 NA
14683 2722 NA
14684 2722 NA
14685 2755 NA
14686 2743 NA
14687 2667 NA
14688 2760 NA
14689 2811 NA
14690 2752 NA
14691 2697 NA
14692 2697 NA
14693 2691 NA
14694 2743 NA
14695 2743 NA
14696 2762 NA
14697 2707 NA
14698 2697 NA
14699 2735 NA
14700 2743 NA
14701 2740 NA
14702 2761 NA
14703 2766 NA
14704 2768 NA
14705 2801 NA
14706 2801 NA
14707 2739 NA
14708 2741 NA
14709 2741 NA
14710 2732 NA
14711 2710 NA
14712 2681 NA
14713 2681 NA
14714 2688 NA
14715 2744 NA
14716 2744 NA
14717 2761 NA
14718 2696 NA
14719 2696 NA
14720 2754 NA
14721 2754 NA
14722 2737 NA
14723 2737 NA
14724 2746 NA
14725 2684 NA
14726 2758 NA
14727 2725 NA
14728 2725 NA
14729 2741 NA
14730 2761 NA
14731 2702 NA
14732 2714 NA
14733 2714 NA
14734 2714 NA
14735 2714 NA
14736 2761 NA
14737 2761 NA
14738 2660 NA
14739 2660 NA
14740 2716 NA
14741 2768 NA
14742 2795 NA
14743 2775 NA
14744 2717 NA
14745 2707 NA
14746 2689 NA
14747 2723 NA
14748 2765 NA
14749 2765 NA
14750 2735 NA
14751 2751 NA
14752 2713 NA
14753 2704 NA
14754 2687 NA
14755 2732 NA
14756 2732 NA
14757 2739 NA
14758 2770 NA
14759 2697 NA
14760 2727 NA
14761 2727 NA
14762 2730 NA
14763 2730 NA
14764 2674 NA
14765 2752 NA
14766 2779 NA
14767 2722 NA
14768 2729 NA
14769 2758 NA
14770 2738 NA
14771 2730 NA
14772 2730 NA
14773 2737 NA
14774 2748 NA
14775 2754 NA
14776 2774 NA
14777 2774 NA
14778 2756 NA
14779 2756 NA
14780 2760 NA
14781 2750 NA
14782 2703 NA
14783 2703 NA
14784 2741 NA
14785 2741 NA
14786 2714 NA
14787 2746 NA
14788 2800 NA
14789 2748 NA
14790 2766 NA
14791 2766 NA
14792 2760 NA
14793 2756 NA
14794 2755 NA
14795 2738 NA
14796 2738 NA
14797 2732 NA
14798 2751 NA
14799 2740 NA
14800 2740 NA
14801 2771 NA
14802 2810 NA
14803 2697 NA
14804 2697 NA
14805 2706 NA
14806 2706 NA
14807 2712 NA
14808 2736 NA
14809 2704 NA
14810 2728 NA
14811 2728 NA
14812 2732 NA
14813 2689 NA
14814 2689 NA
14815 2716 NA
14816 2708 NA
14817 2669 NA
14818 2784 NA
14819 2816 NA
14820 2816 NA
14821 2801 NA
14822 2763 NA
14823 2762 NA
14824 2762 NA
14825 2705 NA
14826 2691 NA
14827 2730 NA
14828 2768 NA
14829 2759 NA
14830 2746 NA
14831 2743 NA
14832 2772 NA
14833 2772 NA
14834 2821 NA
14835 2755 NA
14836 2740 NA
14837 2769 NA
14838 2737 NA
14839 2737 NA
14840 2722 NA
14841 2722 NA
14842 2734 NA
14843 2746 NA
14844 2759 NA
14845 2752 NA
14846 2774 NA
14847 2798 NA
14848 2766 NA
14849 2766 NA
14850 2779 NA
14851 2750 NA
14852 2727 NA
14853 2727 NA
14854 2765 NA
14855 2763 NA
14856 2727 NA
14857 2646 NA
14858 2646 NA
14859 2728 NA
14860 2728 NA
14861 2765 NA
14862 2771 NA
14863 2760 NA
14864 2714 NA
14865 2725 NA
14866 2754 NA
14867 2754 NA
14868 2748 NA
14869 2718 NA
14870 2676 NA
14871 2676 NA
14872 2769 NA
14873 2769 NA
14874 2771 NA
14875 2771 NA
14876 2774 NA
14877 2709 NA
14878 2734 NA
14879 2747 NA
14880 2740 NA
14881 2740 NA
14882 2737 NA
14883 2737 NA
14884 2756 NA
14885 2738 NA
14886 2695 NA
14887 2708 NA
14888 2733 NA
14889 2741 NA
14890 2762 NA
14891 2762 NA
14892 2798 NA
14893 2742 NA
14894 2742 NA
14895 2706 NA
14896 2765 NA
14897 2809 NA
14898 2809 NA
14899 2787 NA
14900 2765 NA
14901 2743 NA
14902 2743 NA
14903 2739 NA
14904 2739 NA
14905 2737 NA
14906 2765 NA
14907 2781 NA
14908 2781 NA
14909 2702 NA
14910 2707 NA
14911 2757 NA
14912 2734 NA
14913 2718 NA
14914 2715 NA
14915 2715 NA
14916 2727 NA
14917 2734 NA
14918 2712 NA
14920 2684 NA
14921 2773 NA
14922 2805 NA
14923 2805 NA
14924 2806 NA
14925 2788 NA
14926 2728 NA
14927 2719 NA
14928 2734 NA
14929 2734 NA
14930 2695 NA
14931 2695 NA
14932 2698 NA
14933 2722 NA
14934 2692 NA
14935 2692 NA
14936 2731 NA
14937 2765 NA
14938 2777 NA
14939 2759 NA
14940 2759 NA
14941 2678 NA
14942 2678 NA
14943 2725 NA
14944 2716 NA
14945 2706 NA
14946 2706 NA
14947 2729 NA
14948 2709 NA
14949 2753 NA
14950 2753 NA
14951 2718 NA
14952 2716 NA
14953 2716 NA
14954 2769 NA
14955 2777 NA
14956 2812 NA
14957 2803 NA
14958 2724 NA
14959 2658 NA
14960 2738 NA
14961 2738 NA
14962 2739 NA
14963 2739 NA
14964 2716 NA
14965 2686 NA
14966 2732 NA
14967 2796 NA
14968 2796 NA
14969 2864 NA
14970 2854 NA
14971 2805 NA
14972 2836 NA
14973 2759 NA
14974 2689 NA
14975 2689 NA
14976 2712 NA
14977 2761 NA
14979 2771 NA
14981 2747 NA
14983 2718 NA
14984 2748 NA
14985 2674 NA
14986 2755 NA
14987 2752 NA
14988 2788 NA
14990 2802 NA
14991 2793 NA
14992 2795 NA
14993 2843 NA
14995 2776 NA
14996 2730 NA
14998 2741 NA
15000 2708 NA
15001 2780 NA
15003 2715 NA
15005 2735 NA
15007 2742 NA
15008 2770 NA
15011 2763 NA
15012 2748 NA
15013 2757 NA
15014 2757 NA
15016 2760 NA
15018 2792 NA
15019 2763 NA
15020 2716 NA
15021 2716 NA
15023 2759 NA
15025 2758 NA
15028 2779 NA
15029 2772 NA
15031 2755 NA
15033 2755 NA
15035 2742 NA
15036 2787 NA
15037 2772 NA
15039 2761 NA
15042 2780 NA
15044 2772 NA
15046 2705 NA
15047 2720 NA
15048 2715 NA
15049 2745 NA
15051 2682 NA
15052 2753 NA
15054 2805 NA
15055 2771 NA
15058 2744 NA
15060 2765 NA
15061 2781 NA
15062 2770 NA
15063 2801 NA
15064 2785 NA
15066 2814 NA
15067 2799 NA
15068 2770 NA
15070 2775 NA
15073 2785 NA
15076 2723 NA
15078 2794 NA
15080 2744 NA
15081 2749 NA
15082 2754 NA
15084 2730 NA
15085 2762 NA
15086 2735 NA
15087 2752 NA
15088 2737 NA
15089 2730 NA
15090 2720 NA
15091 2730 NA
15093 2767 NA
15094 2749 NA
15095 2769 NA
15096 2798 NA
15097 2757 NA
15098 2750 NA
15099 2692 NA
15101 2761 NA
15102 2765 NA
15103 2754 NA
15104 2736 NA
15106 2742 NA
15107 2750 NA
15109 2748 NA
15110 2766 NA
15112 2757 NA
15113 2701 NA
15115 2802 NA
15116 2777 NA
15119 2747 NA
15120 2750 NA
15121 2743 NA
15122 2722 NA
15123 2808 NA
15124 2807 NA
15125 2778 NA
15126 2763 NA
15127 2530 NA
15128 2657 NA
15130 2779 NA
15131 2834 NA
15132 2838 NA
15133 2839 NA
15135 2793 NA
15136 2804 NA
15137 2817 NA
15138 2803 NA
15140 2888 NA
15142 2891 NA
15143 2793 NA
15144 2793 NA
15147 2726 NA
15150 2760 NA
15151 2805 NA
15152 2763 NA
15154 2742 NA
15156 2701 NA
15157 2701 NA
15158 2740 NA
15159 2773 NA
15161 2770 NA
15163 2737 NA
15164 2759 NA
15165 2765 NA
15166 2739 NA
15168 2701 NA
15170 2763 NA
15172 2738 NA
15173 2759 NA
15175 2733 NA
15177 2761 NA
15178 2702 NA
15179 2757 NA
15182 2739 NA
15184 2764 NA
15185 2765 NA
15186 2701 NA
15187 2769 NA
15189 2785 NA
15191 2768 NA
15192 2732 NA
15193 2768 NA
15194 2768 NA
15196 2751 NA
15197 2755 NA
15199 2745 NA
15202 2703 NA
15204 2804 NA
15207 2727 NA
15208 2719 NA
15210 2716 NA
15211 2742 NA
15214 2758 NA
15215 2772 NA
15217 2697 NA
15219 2726 NA
15220 2683 NA
15221 2683 NA
15222 2726 NA
15224 2733 NA
15226 2722 NA
15227 2715 NA
15228 2736 NA
15229 2698 NA
15231 2714 NA
15232 2636 NA
15235 2779 NA
15238 2645 NA
15240 2595 NA
15241 2716 NA
15242 2716 NA
15243 2747 NA
15244 2682 NA
15247 2719 NA
15248 2709 NA
15249 2709 NA
15250 2738 NA
15251 2687 NA
15254 2692 NA
15256 2729 NA
15257 2719 NA
15258 2727 NA
15261 2758 NA
15262 2718 NA
15264 2734 NA
15266 2742 NA
15268 2765 NA
15270 2740 NA
15271 2763 NA
15273 2726 NA
15275 2727 NA
15277 2743 NA
15278 2708 NA
15280 2720 NA
15281 2716 NA
15282 2733 NA
15283 2733 NA
15284 2760 NA
15285 2768 NA
15287 2764 NA
15289 2757 NA
15291 2788 NA
15294 2813 NA
15295 2777 NA
15297 2771 NA
15299 2703 NA
15301 2711 NA
15302 2698 NA
15304 2683 NA
15306 2692 NA
15307 2692 NA
15308 2660 NA
15310 2701 NA
15312 2766 NA
15313 2735 NA
15314 2690 NA
15315 2690 NA
15316 2674 NA
15317 2659 NA
15318 2659 NA
15319 2626 NA
15320 2650 NA
15321 2650 NA
15322 2656 NA
15323 2656 NA
15324 2678 NA
15325 2678 NA
15326 2674 NA
15327 2703 NA
15328 2760 NA
15329 2798 NA
15330 2827 NA
15331 2827 NA
15332 2752 NA
15333 2677 NA
15334 2677 NA
15335 2634 NA
15336 2645 NA
15337 2649 NA
15338 2611 NA
15339 2644 NA
15340 2644 NA
15341 2660 NA
15342 2653 NA
15343 2645 NA
15344 2662 NA
15345 2662 NA
15346 2662 NA
15347 2691 NA
15348 2638 NA
15349 2655 NA
15350 2688 NA
15351 2688 NA
15352 2654 NA
15353 2617 NA
15354 2610 NA
15355 2627 NA
15356 2634 NA
15357 2636 NA
15358 2636 NA
15359 2680 NA
15360 2590 NA
15361 2655 NA
15362 2666 NA
15363 2640 NA
15364 2640 NA
15365 2669 NA
15366 2601 NA
15367 2725 NA
15368 2822 NA
15369 2837 NA
15370 2837 NA
15371 2800 NA
15372 2725 NA
15373 2725 NA
15374 2676 NA
15375 2653 NA
15376 2653 NA
15377 2647 NA
15378 2676 NA
15379 2676 NA
15380 2690 NA
15381 2690 NA
15382 2702 NA
15383 2648 NA
15384 2731 NA
15385 2731 NA
15386 2754 NA
15387 2765 NA
15388 2693 NA
15389 2668 NA
15390 2668 NA
15391 2740 NA
15392 2751 NA
15393 2720 NA
15394 2720 NA
15395 2713 NA
15396 2750 NA
15397 2725 NA
15398 2725 NA
15399 2644 NA
15400 2693 NA
15401 2693 NA
15402 2782 NA
15403 2782 NA
15404 2824 NA
15405 2824 NA
15406 2734 NA
15407 2791 NA
15408 2735 NA
15409 2805 NA
15410 2805 NA
15411 2831 NA
15412 2784 NA
15413 2800 NA
15414 2749 NA
15415 2749 NA
15416 2640 NA
15417 2589 NA
15418 2570 NA
15419 2616 NA
15420 2637 NA
15421 2663 NA
15422 2679 NA
15423 2696 NA
15424 2712 NA
15425 2729 NA
15426 2745 NA
15427 2745 NA
15428 2661 NA
15429 2660 NA
15430 2680 NA
15431 2743 NA
15432 2718 NA
15433 2680 NA
15434 2680 NA
15435 2652 NA
15436 2711 NA
15437 2711 NA
15438 2728 NA
15439 2717 NA
15440 2720 NA
15441 2715 NA
15442 2691 NA
15443 2678 NA
15444 2714 NA
15445 2714 NA
15446 2723 NA
15447 2710 NA
15448 2710 NA
15449 2710 NA
15450 2659 NA
15451 2696 NA
15452 2711 NA
15453 2717 NA
15454 2717 NA
15455 2664 NA
15456 2684 NA
15457 2704 NA
15458 2714 NA
15459 2715 NA
15460 2700 NA
15461 2727 NA
15462 2745 NA
15463 2745 NA
15464 2703 NA
15465 2708 NA
15466 2708 NA
15467 2701 NA
15468 2718 NA
15469 2760 NA
15470 2746 NA
15471 2746 NA
15472 2673 NA
15473 2692 NA
15474 2658 NA
15475 2690 NA
15476 2690 NA
15477 2745 NA
15478 2749 NA
15479 2754 NA
15480 2760 NA
15481 2710 NA
15482 2710 NA
15483 2734 NA
15484 2727 NA
15485 2727 NA
15486 2694 NA
15487 2767 NA
15488 2664 NA
15489 2632 NA
15490 2632 NA
15491 2609 NA
15492 2639 NA
15493 2666 NA
15494 2741 NA
15495 2755 NA
15496 2765 NA
15497 2757 NA
15498 2741 NA
15499 2718 NA
15500 2725 NA
15501 2725 NA
15502 2698 NA
15503 2713 NA
15504 2713 NA
15505 2666 NA
15506 2667 NA
15507 2695 NA
15508 2691 NA
15509 2669 NA
15510 2717 NA
15511 2690 NA
15512 2666 NA
15513 2674 NA
15514 2720 NA
15515 2751 NA
15516 2758 NA
15517 2743 NA
15518 2727 NA
15519 2694 NA
15520 2730 NA
15521 2732 NA
15522 2701 NA
15523 2736 NA
15524 2752 NA
15525 2747 NA
15526 2747 NA
15527 2700 NA
15528 2725 NA
15529 2688 NA
15530 2670 NA
15531 2702 NA
15532 2716 NA
15533 2764 NA
15534 2809 NA
15535 2716 NA
15536 2726 NA
15537 2728 NA
15538 2746 NA
15539 2753 NA
15540 2753 NA
15541 2725 NA
15542 2723 NA
15543 2723 NA
15544 2717 NA
15545 2729 NA
15546 2768 NA
15547 2761 NA
15548 2791 NA
15549 2764 NA
15550 2673 NA
15551 2672 NA
15552 2690 NA
15553 2728 NA
15554 2727 NA
15555 2752 NA
15556 2751 NA
15557 2751 NA
15558 2766 NA
15559 2730 NA
15560 2692 NA
15561 2700 NA
15562 2667 NA
15563 2642 NA
15564 2579 NA
15565 2589 NA
15566 2603 NA
15567 2602 NA
15568 2620 NA
15569 2609 NA
15570 2613 NA
15571 2621 NA
15572 2630 NA
15573 2629 NA
15574 2607 NA
15575 2616 NA
15576 2615 NA
15577 2636 NA
15578 2641 NA
15579 2646 NA
15580 2634 NA
15581 2647 NA
15582 2608 NA
15583 2567 NA
15584 2595 NA
15585 2608 NA
15586 2629 NA
15587 2588 NA
15588 2578 NA
15589 2525 NA
15590 2548 NA
15591 2553 NA
15592 2522 NA
15593 2545 NA
15594 2539 NA
15595 2543 NA
15596 2554 NA
15597 2563 NA
15598 2568 NA
15599 2588 NA
15600 2586 NA
15601 2593 NA
15602 2600 NA
15603 2693 NA
15604 2736 NA
15605 2738 NA
15606 2688 NA
15607 2715 NA
15608 2702 NA
15609 2721 NA
15610 2742 NA
15611 2730 NA
15612 2751 NA
15613 2739 NA
15614 2756 NA
15615 2713 NA
15616 2763 NA
15617 2776 NA
15618 2765 NA
15619 2744 NA
15620 2707 NA
15621 2635 NA
15622 2667 NA
15623 2647 NA
15624 2671 NA
15625 2691 NA
15626 2709 NA
15627 2737 NA
15628 2735 NA
15629 2727 NA
15630 2714 NA
15631 2693 NA
15632 2688 NA
15633 2646 NA
15634 2715 NA
15635 2692 NA
15636 2727 NA
15637 2718 NA
15638 2736 NA
15639 2749 NA
15640 2713 NA
15641 2635 NA
15642 2554 NA
15643 2467 NA
15644 2467 NA
15645 2390 NA
15646 2493 NA
15647 2605 NA
15648 2585 NA
15649 2627 NA
15650 2639 NA
15651 2650 NA
15652 2662 NA
15653 2673 NA
15654 2685 NA
15655 2696 NA
15656 2708 NA
15657 2719 NA
15658 2732 NA
15659 2728 NA
15660 2712 NA
15661 2728 NA
15662 2717 NA
15663 2703 NA
15664 2652 NA
15665 2599 NA
15666 2591 NA
15667 2580 NA
15668 2513 NA
15669 2550 NA
15670 2560 NA
15671 2555 NA
15672 2591 NA
15673 2567 NA
15674 2551 NA
15675 2492 NA
15676 2466 NA
15677 2467 NA
15678 2482 NA
15679 2471 NA
15680 2440 NA
15681 2375 NA
15682 2418 NA
15683 2413 NA
15684 2362 NA
15685 2314 NA
15686 2317 NA
15687 2293 NA
15688 2284 NA
15689 2256 NA
15690 2289 NA
15691 2305 NA
15692 2344 NA
15693 2281 NA
15694 2330 NA
15695 2332 NA
15696 2343 NA
15697 2291 NA
15698 2259 NA
15699 2269 NA
15700 2321 NA
15701 2316 NA
15702 2320 NA
15703 2348 NA
15704 2356 NA
15705 2339 NA
15706 2345 NA
15707 2325 NA
15708 2334 NA
15709 2402 NA
15710 2392 NA
15711 2442 NA
15712 2443 NA
15713 2428 NA
15714 2396 NA
15715 2388 NA
15716 2416 NA
15717 2402 NA
15718 2378 NA
15719 2375 NA
15720 2375 NA
15721 2385 NA
15722 2363 NA
15723 2385 NA
15724 2346 NA
15725 2414 NA
15726 2379 NA
15727 2366 NA
15728 2365 NA
15729 2317 NA
15730 2375 NA
15731 2396 NA
15732 2344 NA
15733 2367 NA
15734 2378 NA
15735 2337 NA
15736 2362 NA
15737 2345 NA
15738 2378 NA
15739 2383 NA
15740 2413 NA
15741 2435 NA
15742 2443 NA
15743 2424 NA
15744 2411 NA
15745 2456 NA
15746 2488 NA
15747 2528 NA
15748 2539 NA
15749 2538 NA
15750 2519 NA
15751 2535 NA
15752 2471 NA
15753 2432 NA
15754 2467 NA
15755 2517 NA
15756 2451 NA
15757 2492 NA
15758 2458 NA
15759 2454 NA
15760 2395 NA
15761 2394 NA
15762 2385 NA
15763 2432 NA
15764 2541 NA
15765 2579 NA
15766 2629 NA
15767 2650 NA
15768 2675 NA
15769 2688 NA
15770 2699 NA
15771 2694 NA
15772 2664 NA
15773 2639 NA
15774 2597 NA
15775 2567 NA
15776 2634 NA
15777 2634 NA
15778 2574 NA
15779 2628 NA
15780 2658 NA
15781 2689 NA
15782 2683 NA
15783 2693 NA
15784 2701 NA
15785 2702 NA
15786 2630 NA
15787 2609 NA
15788 2623 NA
15789 2605 NA
15790 2580 NA
15791 2572 NA
15792 2601 NA
15793 2568 NA
15794 2604 NA
15795 2592 NA
15796 2556 NA
15797 2580 NA
15798 2579 NA
15799 2577 NA
15800 2576 NA
15801 2574 NA
15802 2573 NA
15803 2571 NA
15804 2570 NA
15805 2592 NA
15806 2601 NA
15807 2602 NA
15808 2575 NA
15809 2602 NA
15810 2567 NA
15811 2539 NA
15812 2496 NA
15813 2570 NA
15814 2504 NA
15815 2571 NA
15816 2502 NA
15817 2476 NA
15818 2483 NA
15819 2517 NA
15820 2482 NA
15821 2518 NA
15822 2526 NA
15823 2507 NA
15824 2466 NA
15825 2448 NA
15826 2442 NA
15827 2448 NA
15828 2380 NA
15829 2417 NA
15830 2392 NA
15831 2336 NA
15832 2343 NA
15833 2334 NA
15834 2333 NA
15835 2323 NA
15836 2312 NA
15837 2330 NA
15838 2354 NA
15839 2373 NA
15840 2352 NA
15841 2367 NA
15842 2356 NA
15843 2359 NA
15844 2356 NA
15845 2366 NA
15846 2331 NA
15847 2380 NA
15848 2421 NA
15849 2410 NA
15850 2458 NA
15851 2444 NA
15852 2407 NA
15853 2432 NA
15854 2477 NA
15855 2457 NA
15856 2381 NA
15857 2380 NA
15858 2430 NA
15859 2433 NA
15860 2446 NA
15861 2432 NA
15862 2432 NA
15863 2401 NA
15864 2402 NA
15865 2429 NA
15866 2515 NA
15867 2497 NA
15868 2467 NA
15869 2547 NA
15870 2515 NA
15871 2511 NA
15872 2479 NA
15873 2506 NA
15874 2608 NA
15875 2599 NA
15876 2601 NA
15877 2583 NA
15878 2590 NA
15879 2571 NA
15880 2559 NA
15881 2601 NA
15882 2596 NA
15883 2643 NA
15884 2540 NA
15885 2445 NA
15886 2426 NA
15887 2404 NA
15888 2511 NA
15889 2508 NA
15890 2516 NA
15891 2572 NA
15892 2507 NA
15893 2560 NA
15894 2606 NA
15895 2638 NA
15896 2591 NA
15897 2596 NA
15898 2586 NA
15899 2619 NA
15900 2640 NA
15901 2576 NA
15902 2623 NA
15903 2630 NA
15904 2638 NA
15905 2645 NA
15906 2652 NA
15907 2660 NA
15908 2667 NA
15909 2667 NA
15910 2650 NA
15911 2649 NA
15912 2637 NA
15913 2637 NA
15914 2625 NA
15915 2610 NA
15916 2551 NA
15917 2566 NA
15918 2598 NA
15919 2609 NA
15920 2637 NA
15921 2653 NA
15922 2593 NA
15923 2670 NA
15924 2713 NA
15925 2677 NA
15926 2697 NA
15927 2717 NA
15928 2657 NA
15929 2601 NA
15930 2630 NA
15931 2672 NA
15932 2675 NA
15933 2620 NA
15934 2620 NA
15935 2576 NA
15936 2487 NA
15937 2447 NA
15938 2479 NA
15939 2500 NA
15940 2500 NA
15941 2454 NA
15942 2417 NA
15943 2417 NA
15944 2385 NA
15945 2345 NA
15946 2294 NA
15947 2409 NA
15948 2378 NA
15949 2378 NA
15950 2474 NA
15951 2537 NA
15952 2537 NA
15953 2518 NA
15954 2544 NA
15955 2544 NA
15956 2559 NA
15957 2563 NA
15958 2563 NA
15959 2545 NA
15960 2570 NA
15961 2570 NA
15962 2569 NA
15963 2581 NA
15964 2563 NA
15965 2563 NA
15966 2601 NA
15967 2631 NA
15968 2631 NA
15969 2592 NA
15970 2580 NA
15971 2617 NA
15972 2591 NA
15973 2558 NA
15974 2548 NA
15975 2566 NA
15976 2485 NA
15977 2566 NA
15978 2519 NA
15979 2556 NA
15980 2556 NA
15981 2468 NA
15982 2425 NA
15983 2429 NA
15984 2429 NA
15985 2448 NA
15986 2457 NA
15987 2467 NA
15988 2476 NA
15989 2485 NA
15990 2494 NA
15991 2504 NA
15992 2513 NA
15993 2522 NA
15994 2525 NA
15995 2525 NA
15996 2471 NA
15997 2500 NA
15998 2528 NA
15999 2539 NA
16000 2531 NA
16001 2531 NA
16002 2513 NA
16003 2535 NA
16004 2535 NA
16005 2499 NA
16006 2492 NA
16007 2500 NA
16008 2516 NA
16009 2504 NA
16010 2504 NA
16011 2512 NA
16012 2490 NA
16013 2506 NA
16014 2533 NA
16015 2531 NA
16016 2531 NA
16017 2496 NA
16018 2519 NA
16019 2551 NA
16020 2547 NA
16021 2504 NA
16022 2490 NA
16023 2470 NA
16024 2472 NA
16025 2470 NA
16026 2437 NA
16027 2417 NA
16028 2403 NA
16029 2436 NA
16030 2493 NA
16031 2536 NA
16032 2563 NA
16033 2544 NA
16034 2546 NA
16035 2532 NA
16036 2518 NA
16037 2504 NA
16038 2489 NA
16039 2475 NA
16040 2461 NA
16041 2447 NA
16042 2447 NA
16043 2442 NA
16044 2438 NA
16045 2423 NA
16046 2445 NA
16047 2462 NA
16048 2404 NA
16049 2409 NA
16050 2403 NA
16051 2432 NA
16052 2447 NA
16053 2435 NA
16054 2426 NA
16055 2446 NA
16056 2426 NA
16057 2426 NA
16058 2451 NA
16059 2503 NA
16060 2510 NA
16061 2525 NA
16062 2544 NA
16063 2476 NA
16064 2519 NA
16065 2449 NA
16066 2488 NA
16067 2462 NA
16068 2466 NA
16069 2515 NA
16070 2548 NA
16071 2533 NA
16072 2525 NA
16073 2503 NA
16074 2512 NA
16075 2428 NA
16076 2388 NA
16077 2406 NA
16078 2408 NA
16079 2395 NA
16080 2366 NA
16081 2447 NA
16082 2473 NA
16083 2481 NA
16084 2507 NA
16085 2453 NA
16086 2512 NA
16087 2472 NA
16088 2451 NA
16089 2417 NA
16090 2456 NA
16091 2478 NA
16092 2474 NA
16093 2474 NA
16094 2460 NA
16095 2445 NA
16096 2430 NA
16097 2353 NA
16098 2419 NA
16099 2414 NA
16100 2436 NA
16101 2464 NA
16102 2475 NA
16103 2493 NA
16104 2516 NA
16105 2528 NA
16106 2530 NA
16107 2521 NA
16108 2491 NA
16109 2476 NA
16110 2438 NA
16111 2428 NA
16112 2423 NA
16113 2435 NA
16114 2437 NA
16115 2483 NA
16116 2509 NA
16117 2513 NA
16118 2514 NA
16119 2514 NA
16120 2513 NA
16121 2513 NA
16122 2524 NA
16123 2464 NA
16124 2450 NA
16125 2404 NA
16126 2399 NA
16127 2413 NA
16128 2451 NA
16129 2473 NA
16130 2480 NA
16131 2413 NA
16132 2413 NA
16133 2405 NA
16134 2412 NA
16135 2443 NA
16136 2462 NA
16137 2484 NA
16138 2413 NA
16139 2357 NA
16140 2384 NA
16141 2300 NA
16142 2280 NA
16143 2310 NA
16144 2342 NA
16145 2371 NA
16146 2379 NA
16147 2412 NA
16148 2442 NA
16149 2444 NA
16150 2416 NA
16151 2375 NA
16152 2376 NA
16153 2379 NA
16154 2365 NA
16155 2370 NA
16156 2377 NA
16157 2379 NA
16158 2388 NA
16159 2392 NA
16160 2405 NA
16161 2417 NA
16162 2446 NA
16163 2432 NA
16164 2468 NA
16165 2491 NA
16166 2428 NA
16167 2426 NA
16168 2426 NA
16169 2386 NA
16170 2350 NA
16171 2350 NA
16172 2333 NA
16173 2258 NA
16174 2206 NA
16175 2221 NA
16176 2268 NA
16177 2286 NA
16178 2303 NA
16179 2324 NA
16180 2350 NA
16181 2354 NA
16182 2343 NA
16183 2342 NA
16184 2354 NA
16185 2354 NA
16186 2348 NA
16187 2329 NA
16188 2331 NA
16189 2326 NA
16190 2335 NA
16191 2333 NA
16192 2343 NA
16193 2352 NA
16194 2357 NA
16195 2343 NA
16196 2328 NA
16197 2332 NA
16198 2349 NA
16199 2349 NA
16200 2314 NA
16201 2324 NA
16202 2301 NA
16203 2278 NA
16204 2271 NA
16205 2271 NA
16206 2320 NA
16207 2320 NA
16208 2339 NA
16209 2322 NA
16210 2362 NA
16211 2344 NA
16212 2295 NA
16213 2295 NA
16214 2291 NA
16215 2317 NA
16216 2315 NA
16217 2284 NA
16218 2284 NA
16219 2233 NA
16220 2209 NA
16221 2161 NA
16222 2130 NA
16223 2157 NA
16224 2194 NA
16225 2216 NA
16226 2265 NA
16227 2286 NA
16228 2308 NA
16229 2258 NA
16230 2287 NA
16231 2289 NA
16232 2217 NA
16233 2151 NA
16234 2180 NA
16235 2220 NA
16236 2243 NA
16237 2284 NA
16238 2313 NA
16239 2298 NA
16240 2298 NA
16241 2299 NA
16242 2259 NA
16243 2271 NA
16244 2301 NA
16245 2279 NA
16246 2334 NA
16247 2312 NA
16248 2271 NA
16249 2260 NA
16250 2323 NA
16251 2341 NA
16252 2336 NA
16253 2297 NA
16254 2318 NA
16255 2344 NA
16256 2326 NA
16257 2326 NA
16258 2322 NA
16259 2244 NA
16260 2316 NA
16261 2322 NA
16262 2313 NA
16263 2298 NA
16264 2308 NA
16265 2336 NA
16266 2378 NA
16267 2363 NA
16268 2346 NA
16269 2355 NA
16270 2395 NA
16271 2381 NA
16272 2363 NA
16273 2365 NA
16274 2333 NA
16275 2303 NA
16276 2210 NA
16277 2229 NA
16278 2250 NA
16279 2253 NA
16280 2297 NA
16281 2317 NA
16282 2332 NA
16283 2334 NA
16284 2359 NA
16285 2370 NA
16286 2386 NA
16287 2379 NA
16288 2367 NA
16289 2320 NA
16290 2286 NA
16291 2273 NA
16292 2249 NA
16293 2305 NA
16294 2324 NA
16295 2355 NA
16296 2375 NA
16297 2350 NA
16298 2369 NA
16299 2342 NA
16300 2348 NA
16301 2374 NA
16302 2376 NA
16303 2376 NA
16304 2370 NA
16305 2364 NA
16306 2309 NA
16307 2228 NA
16308 2269 NA
16309 2315 NA
16310 2307 NA
16311 2331 NA
16312 2307 NA
16313 2316 NA
16314 2288 NA
16315 2305 NA
16316 2333 NA
16317 2322 NA
16318 2329 NA
16319 2318 NA
16320 2331 NA
16321 2244 NA
16322 2245 NA
16323 2324 NA
16324 2367 NA
16325 2365 NA
16326 2311 NA
16327 2265 NA
16328 2262 NA
16329 2213 NA
16330 2288 NA
16331 2267 NA
16332 2303 NA
16333 2325 NA
16334 2341 NA
16335 2342 NA
16336 2344 NA
16337 2369 NA
16338 2368 NA
16339 2387 NA
16340 2326 NA
16341 2302 NA
16342 2309 NA
16343 2287 NA
16344 2283 NA
16345 2317 NA
16346 2288 NA
16347 2296 NA
16348 2262 NA
16349 2259 NA
16350 2233 NA
16351 2237 NA
16352 2263 NA
16353 2266 NA
16354 2268 NA
16355 2267 NA
16356 2295 NA
16357 2278 NA
16358 2251 NA
16359 2263 NA
16360 2249 NA
16361 2250 NA
16362 2275 NA
16363 2283 NA
16364 2311 NA
16365 2296 NA
16366 2300 NA
16367 2257 NA
16368 2255 NA
16369 2266 NA
16370 2280 NA
16371 2303 NA
16372 2287 NA
16373 2311 NA
16374 2254 NA
16375 2171 NA
16376 2107 NA
16377 2063 NA
16378 2008 NA
16379 2026 NA
16380 2055 NA
16381 2060 NA
16382 2080 NA
16383 2120 NA
16384 2110 NA
16385 2134 NA
16386 2077 NA
16387 2061 NA
16388 2149 NA
16389 2177 NA
16390 2222 NA
16391 2239 NA
16392 2190 NA
16393 2122 NA
16394 2155 NA
16395 2161 NA
16396 2168 NA
16397 2167 NA
16398 2193 NA
16399 2203 NA
16400 2205 NA
16401 2250 NA
16402 2278 NA
16403 2266 NA
16404 2274 NA
16405 2245 NA
16406 2243 NA
16407 2196 NA
16408 2232 NA
16409 2221 NA
16410 2241 NA
16411 2201 NA
16412 2223 NA
16413 2265 NA
16414 2252 NA
16415 2303 NA
16416 2309 NA
16417 2284 NA
16418 2238 NA
16419 2226 NA
16420 2270 NA
16421 2294 NA
16422 2304 NA
16423 2269 NA
16424 2283 NA
16425 2280 NA
16426 2252 NA
16427 2216 NA
16428 2212 NA
16429 2220 NA
16430 2250 NA
16431 2268 NA
16432 2270 NA
16433 2211 NA
16434 2195 NA
16435 2200 NA
16436 2159 NA
16437 2149 NA
16438 2163 NA
16439 2097 NA
16440 2102 NA
16441 2177 NA
16442 2198 NA
16443 2191 NA
16444 2160 NA
16445 2188 NA
16446 2243 NA
16447 2234 NA
16448 2188 NA
16449 2151 NA
16450 2153 NA
16451 2174 NA
16452 2201 NA
16453 2175 NA
16454 2180 NA
16455 2213 NA
16456 2215 NA
16457 2195 NA
16458 2230 NA
16459 2208 NA
16460 2172 NA
16461 2209 NA
16462 2231 NA
16463 2238 NA
16464 2236 NA
16465 2232 NA
16466 2236 NA
16467 2250 NA
16468 2229 NA
16469 2214 NA
16470 2206 NA
16471 2230 NA
16472 2239 NA
16473 2237 NA
16474 2245 NA
16475 2248 NA
16476 2238 NA
16477 2206 NA
16478 2193 NA
16479 2196 NA
16480 2211 NA
16481 2228 NA
16482 2215 NA
16483 2238 NA
16484 2260 NA
16485 2260 NA
16486 2269 NA
16487 2163 NA
16488 2058 NA
16489 2000 NA
16490 1984 NA
16491 2024 NA
16492 1995 NA
16493 1988 NA
16494 2005 NA
16495 2031 NA
16496 2056 NA
16497 2086 NA
16498 2118 NA
16499 2134 NA
16500 2165 NA
16501 2184 NA
16502 2172 NA
16503 2161 NA
16504 2167 NA
16505 2188 NA
16506 2209 NA
16507 2231 NA
16508 2242 NA
16509 2242 NA
16510 2242 NA
16511 2216 NA
16512 2256 NA
16513 2264 NA
16514 2281 NA
16515 2271 NA
16516 2255 NA
16517 2216 NA
16518 2282 NA
16519 2277 NA
16520 2313 NA
16521 2326 NA
16522 2317 NA
16523 2312 NA
16524 2260 NA
16525 2276 NA
16526 2284 NA
16527 2284 NA
16528 2266 NA
16529 2283 NA
16530 2277 NA
16531 2270 NA
16532 2259 NA
16533 2270 NA
16534 2281 NA
16535 2298 NA
16536 2250 NA
16537 2243 NA
16538 2272 NA
16539 2291 NA
16540 2278 NA
16541 2285 NA
16542 2296 NA
16543 2315 NA
16544 2311 NA
16545 2308 NA
16546 2311 NA
16547 2287 NA
16548 2280 NA
16549 2291 NA
16550 2311 NA
16551 2320 NA
16552 2332 NA
16553 2337 NA
16554 2343 NA
16555 2340 NA
16556 2340 NA
16557 2254 NA
16558 2266 NA
16559 2258 NA
16560 2303 NA
16561 2306 NA
16562 2336 NA
16563 2320 NA
16564 2275 NA
16565 2299 NA
16566 2315 NA
16567 2317 NA
16568 2322 NA
16569 2306 NA
16570 2292 NA
16571 2275 NA
16572 2279 NA
16573 2260 NA
16574 2241 NA
16575 2272 NA
16576 2235 NA
16577 2258 NA
16578 2290 NA
16579 2301 NA
16580 2305 NA
16581 2313 NA
16582 2290 NA
16583 2307 NA
16584 2308 NA
16585 2319 NA
16586 2320 NA
16587 2294 NA
16588 2287 NA
16589 2274 NA
16590 2298 NA
16591 2299 NA
16592 2261 NA
16593 2256 NA
16594 2245 NA
16595 2268 NA
16596 2254 NA
16597 2244 NA
16598 2244 NA
16599 2227 NA
16600 2222 NA
16601 2235 NA
16602 2207 NA
16603 2185 NA
16604 2133 NA
16605 2165 NA
16606 2176 NA
16607 2185 NA
16608 2193 NA
16609 2202 NA
16610 2232 NA
16611 2254 NA
16612 2257 NA
16613 2267 NA
16614 2240 NA
16615 2225 NA
16616 2225 NA
16617 2186 NA
16618 2169 NA
16619 2169 NA
16620 2148 NA
16621 2152 NA
16622 2136 NA
16623 2167 NA
16624 2144 NA
16625 2154 NA
16626 2155 NA
16627 2192 NA
16628 2177 NA
16629 2166 NA
16630 2141 NA
16631 2113 NA
16632 2121 NA
16633 2040 NA
16634 2060 NA
16635 2098 NA
16636 2092 NA
16637 2120 NA
16638 2119 NA
16639 2137 NA
16640 2134 NA
16641 2114 NA
16642 2067 NA
16643 2081 NA
16644 2077 NA
16645 1996 NA
16646 2019 NA
16647 2042 NA
16648 2083 NA
16649 2044 NA
16650 2074 NA
16651 2113 NA
16652 2160 NA
16653 2153 NA
16654 2175 NA
16655 2172 NA
16656 2181 NA
16657 2170 NA
16658 2195 NA
16659 2199 NA
16660 2180 NA
16661 2184 NA
16662 2206 NA
16663 2259 NA
16664 2243 NA
16665 2262 NA
16666 2208 NA
16668 2158 NA
16669 2206 NA
16670 2204 NA
16671 2204 NA
16672 2228 NA
16673 2206 NA
16674 2205 NA
16675 2211 NA
16676 2242 NA
16677 2227 NA
16678 2237 NA
16679 2237 NA
16680 2287 NA
16681 2266 NA
16682 2252 NA
16683 2258 NA
16684 2233 NA
16685 2248 NA
16686 2249 NA
16687 2249 NA
16688 2250 NA
16689 2187 NA
16690 2153 NA
16691 2175 NA
16692 2191 NA
16693 2209 NA
16694 2214 NA
16695 2200 NA
16696 2207 NA
16697 2204 NA
16698 2212 NA
16699 2212 NA
16700 2281 NA
16701 2313 NA
16702 2282 NA
16703 2307 NA
16704 2214 NA
16705 2103 NA
16706 2026 NA
16707 1997 NA
16708 1967 NA
16709 1981 NA
16710 2032 NA
16711 2006 NA
16712 2006 NA
16714 2089 NA
16717 2111 NA
16719 2141 NA
16720 2141 NA
16721 2182 NA
16722 2196 NA
16723 2220 NA
16724 2242 NA
16725 2213 NA
16726 2262 NA
16727 2262 NA
16728 2254 NA
16729 2283 NA
16730 2305 NA
16731 2311 NA
16732 2285 NA
16733 2239 NA
16734 2262 NA
16735 2254 NA
16736 2235 NA
16737 2249 NA
16738 2279 NA
16739 2296 NA
16740 2293 NA
16741 2293 NA
16742 2211 NA
16743 2203 NA
16744 2190 NA
16745 2151 NA
16746 2205 NA
16747 2208 NA
16748 2208 NA
16749 2272 NA
16750 2292 NA
16751 2312 NA
16752 2299 NA
16753 2261 NA
16754 2237 NA
16755 2227 NA
16756 2214 NA
16757 2240 NA
16759 2226 NA
16760 2225 NA
16761 2245 NA
16762 2245 NA
16763 2236 NA
16764 2253 NA
16765 2283 NA
16766 2276 NA
16767 2259 NA
16768 2275 NA
16769 2275 NA
16770 2296 NA
16771 2278 NA
16772 2309 NA
16773 2311 NA
16774 2312 NA
16775 2316 NA
16776 2316 NA
16777 2144 NA
16778 2102 NA
16779 2179 NA
16780 2207 NA
16781 2200 NA
16782 2195 NA
16783 2180 NA
16784 2181 NA
16785 2207 NA
16786 2231 NA
16787 2279 NA
16788 2323 NA
16789 2302 NA
16790 2275 NA
16791 2223 NA
16792 2195 NA
16793 2239 NA
16794 2243 NA
16795 2243 NA
16796 2203 NA
16797 2211 NA
16798 2135 NA
16799 2128 NA
16800 2152 NA
16801 2194 NA
16802 2222 NA
16803 2189 NA
16804 2201 NA
16805 2203 NA
16807 2210 NA
16808 2129 NA
16809 2160 NA
16810 2215 NA
16811 2211 NA
16812 2260 NA
16813 2228 NA
16814 2227 NA
16815 2175 NA
16816 2223 NA
16817 2196 NA
16818 2189 NA
16819 2144 NA
16820 2119 NA
16821 2179 NA
16822 2201 NA
16823 2242 NA
16824 2202 NA
16825 2270 NA
16826 2380 NA
16827 2499 NA
16828 2622 NA
16829 2714 NA
16830 2757 NA
16831 2871 NA
16832 2871 NA
16833 2968 NA
16834 3070 NA
16835 2953 NA
16836 2805 NA
16837 2738 NA
16838 2721 NA
16839 2691 NA
16840 2776 NA
16841 2708 NA
16842 2626 NA
16843 2663 NA
16844 2685 NA
16845 2646 NA
16846 2646 NA
16847 2618 NA
16848 2635 NA
16849 2613 NA
16850 2619 NA
16851 2604 NA
16852 2594 NA
16853 2594 NA
16854 2637 NA
16855 2623 NA
16856 2623 NA
16857 2612 NA
16858 2516 NA
16859 2390 NA
16860 2270 NA
16861 2198 NA
16862 2242 NA
16863 2289 NA
16864 2377 NA
16865 2458 NA
16866 2443 NA
16867 2481 NA
16869 2504 NA
16870 2504 NA
16871 2523 NA
16872 2416 NA
16873 2399 NA
16874 2388 NA
16875 2305 NA
16876 2281 NA
16877 2338 NA
16878 2440 NA
16879 2383 NA
16880 2384 NA
16881 2457 NA
16882 2425 NA
16883 2465 NA
16884 2446 NA
16885 2435 NA
16886 2368 NA
16887 2286 NA
16888 2288 NA
16889 2278 NA
16890 2322 NA
16891 2322 NA
16892 2267 NA
16893 2333 NA
16894 2433 NA
16895 2475 NA
16896 2458 NA
16897 2335 NA
16898 2325 NA
16899 2325 NA
16900 2275 NA
16901 2321 NA
16902 2379 NA
16903 2387 NA
16904 2274 NA
16905 2235 NA
16906 2258 NA
16907 2237 NA
16908 2322 NA
16909 2373 NA
16910 2265 NA
16911 2227 NA
16912 2313 NA
16913 2380 NA
16914 2439 NA
16915 2427 NA
16916 2427 NA
16917 2487 NA
16918 2454 NA
16919 2331 NA
16920 2318 NA
16921 2357 NA
16922 2393 NA
16923 2389 NA
16924 2391 NA
16925 2424 NA
16926 2305 NA
16927 2351 NA
16928 2434 NA
16929 2416 NA
16930 2399 NA
16931 2400 NA
16932 2440 NA
16933 2418 NA
16934 2442 NA
16935 2429 NA
16936 2371 NA
16937 2371 NA
16938 2407 NA
16939 2464 NA
16940 2412 NA
16941 2397 NA
16942 2368 NA
16943 2361 NA
16944 2361 NA
16945 2377 NA
16946 2326 NA
16947 2270 NA
16948 2347 NA
16949 2366 NA
16950 2252 NA
16951 2254 NA
16952 2311 NA
16953 2205 NA
16954 2294 NA
16955 2275 NA
16956 2235 NA
16957 2168 NA
16958 2244 NA
16959 2263 NA
16960 2199 NA
16961 2184 NA
16966 2171 NA
16968 2283 NA
16969 2317 NA
16970 2280 NA
16971 2175 NA
16972 2120 NA
16973 2085 NA
16974 2085 NA
16975 2127 NA
16976 2191 NA
16977 2191 NA
16978 2227 NA
16979 2272 NA
16980 2288 NA
16981 2328 NA
16982 2351 NA
16984 2298 NA
16985 2298 NA
16986 2298 NA
16987 2242 NA
16988 2236 NA
16989 2213 NA
16990 2219 NA
16991 2235 NA
16992 2258 NA
16993 2258 NA
16994 2261 NA
16998 2292 NA
16999 2304 NA
17000 2235 NA
17001 2289 NA
17002 2375 NA
17006 2480 NA
17007 2480 NA
17012 2390 NA
17014 2333 NA
17015 2332 NA
17016 2306 NA
17017 2312 NA
17018 2235 NA
17019 2243 NA
17020 2243 NA
17021 2243 NA
17022 2183 NA
17023 2197 NA
17024 2279 NA
17025 2267 NA
17026 2222 NA
17027 2222 NA
17028 2222 NA
17029 2260 NA
17031 2310 NA
17032 2379 NA
17033 2351 NA
17034 2299 NA
17035 2299 NA
17036 2294 NA
17037 2312 NA
17038 2359 NA
17039 2381 NA
17040 2381 NA
17042 2444 NA
17044 2392 NA
17045 2428 NA
17046 2428 NA
17047 2435 NA
17048 2435 NA
17049 2360 NA
17050 2453 NA
17051 2512 NA
17052 2556 NA
17053 2556 NA
17054 2511 NA
17055 2507 NA
17056 2511 NA
17057 2511 NA
17058 2483 NA
17059 2510 NA
17060 2555 NA
17061 2532 NA
17062 2538 NA
17063 2412 NA
17064 2441 NA
17069 2063 NA
17070 2063 NA
17071 1940 NA
17072 1970 NA
17073 1977 NA
17075 1957 NA
17076 1924 NA
17077 1924 NA
17078 1897 NA
17079 1916 NA
17080 1887 NA
17081 1875 NA
17083 1882 NA
17084 1882 NA
17085 1889 NA
17086 1889 NA
17087 1883 NA
17088 1893 NA
17089 1877 NA
17091 1935 NA
17092 1930 NA
17093 1915 NA
17094 1944 NA
17095 1944 NA
17096 1911 NA
17097 1898 NA
17098 1898 NA
17099 1888 NA
17100 1895 NA
17101 1907 NA
17102 1907 NA
17103 1911 NA
17104 1844 NA
17105 1785 NA
17106 1745 NA
17107 1704 NA
17108 1704 NA
17109 1704 NA
17110 1704 NA
17111 1706 NA
17112 1706 NA
17113 1726 NA
17114 1705 NA
17115 1705 NA
17117 1881 NA
17118 1976 NA
17119 1976 NA
17123 2123 NA
17124 2152 NA
17125 2199 NA
17126 2199 NA
17127 2278 NA
17129 2386 NA
17130 2412 NA
17131 2412 NA
17132 2430 NA
17133 2430 NA
17134 2453 NA
17135 2405 NA
17136 2398 NA
17138 2335 NA
17139 2342 NA
17140 2341 NA
17141 2381 NA
17142 2390 NA
17143 2389 NA
17144 2320 NA
17145 2254 NA
17146 2254 NA
17147 2226 NA
17148 2227 NA
