"Index" "Price" "Volume"
14019 19200 NA
14020 19200 NA
14021 19200 NA
14022 19200 NA
14023 19100 NA
14024 19100 NA
14025 19100 NA
14026 19100 NA
14027 19000 NA
14028 19000 NA
14029 19000 NA
14030 19000 NA
14031 19100 NA
14032 19200 NA
14033 19300 NA
14034 19300 NA
14035 19200 NA
14036 19200 NA
14037 19200 NA
14038 19200 NA
14039 19200 NA
14040 19200 NA
14041 19200 NA
14042 19200 NA
14043 19300 NA
14044 19200 NA
14045 19100 NA
14046 19100 NA
14047 19100 NA
14048 19200 NA
14049 19200 NA
14050 19200 NA
14051 19200 NA
14052 19200 NA
14053 19300 NA
14054 19300 NA
14055 19400 NA
14056 19400 NA
14057 19400 NA
14058 19300 NA
14059 19400 NA
14061 19600 NA
14062 19800 NA
14063 19800 NA
14064 19800 NA
14065 19800 NA
14066 19700 NA
14067 19600 NA
14068 19500 NA
14069 19400 NA
14070 19400 NA
14071 19500 NA
14072 19500 NA
14073 19500 NA
14074 19500 NA
14075 19500 NA
14076 19400 NA
14077 19400 NA
14078 19400 NA
14079 19400 NA
14080 19500 NA
14081 19400 NA
14082 19400 NA
14083 19400 NA
14084 19400 NA
14085 19400 NA
14086 19400 NA
14087 19400 NA
14088 19350 NA
14089 19300 NA
14090 19300 NA
14091 19400 NA
14092 19400 NA
14093 19400 NA
14094 19400 NA
14095 19400 NA
14096 19500 NA
14097 19500 NA
14098 19500 NA
14099 19600 NA
14100 19600 NA
14101 19600 NA
14102 19400 NA
14103 19400 NA
14104 19400 NA
14105 19400 NA
14106 19500 NA
14107 19500 NA
14108 19500 NA
14109 19500 NA
14110 19500 NA
14111 19500 NA
14112 19500 NA
14113 19400 NA
14114 19400 NA
14115 19400 NA
14116 19400 NA
14117 19400 NA
14118 19400 NA
14119 19400 NA
14120 19400 NA
14121 19500 NA
14122 19400 NA
14123 19400 NA
14124 19400 NA
14125 19400 NA
14126 19300 NA
14127 19200 NA
14128 19200 NA
14129 19200 NA
14130 19200 NA
14131 19200 NA
14132 19100 NA
14133 19100 NA
14134 19100 NA
14135 19100 NA
14136 19100 NA
14137 19100 NA
14138 19100 NA
14139 19100 NA
14140 19000 NA
14141 19000 NA
14142 19100 NA
14143 19100 NA
14144 19100 NA
14145 19100 NA
14146 19100 NA
14147 19000 NA
14148 19000 NA
14149 19100 NA
14150 19100 NA
14151 19100 NA
14152 19100 NA
14153 19100 NA
14154 19200 NA
14155 19300 NA
14156 19400 NA
14157 19400 NA
14158 19400 NA
14159 19300 NA
14160 19200 NA
14161 19200 NA
14162 19100 NA
14163 19100 NA
14164 19200 NA
14165 19200 NA
14166 19300 NA
14167 19200 NA
14168 19300 NA
14169 19200 NA
14170 19300 NA
14171 19400 NA
14172 19400 NA
14173 19500 NA
14174 19500 NA
14175 19500 NA
14176 19500 NA
14177 19300 NA
14178 19300 NA
14179 19200 NA
14180 19200 NA
14181 19200 NA
14182 19100 NA
14183 19000 NA
14184 18900 NA
14185 18800 NA
14186 18900 NA
14187 18900 NA
14188 18900 NA
14189 18900 NA
14190 18900 NA
14191 18900 NA
14192 18900 NA
14193 18900 NA
14194 18800 NA
14195 18900 NA
14196 18900 NA
14197 18900 NA
14198 18900 NA
14199 19000 NA
14200 18900 NA
14201 18900 NA
14202 18900 NA
14203 19000 NA
14204 19000 NA
14205 19000 NA
14206 19000 NA
14207 18900 NA
14208 18900 NA
14209 18900 NA
14210 18900 NA
14211 19000 NA
14212 19000 NA
14213 19100 NA
14214 19000 NA
14215 19100 NA
14216 19100 NA
14217 19100 NA
14218 19000 NA
14219 19000 NA
14220 19000 NA
14221 19000 NA
14222 19000 NA
14223 19000 NA
14224 19000 NA
14225 19000 NA
14226 19000 NA
14227 19000 NA
14228 19000 NA
14229 19000 NA
14230 18900 NA
14231 18900 NA
14232 18900 NA
14233 18900 NA
14234 18900 NA
14235 18900 NA
14236 18900 NA
14237 18900 NA
14238 18900 NA
14239 19000 NA
14240 19000 NA
14241 18900 NA
14242 18900 NA
14243 19000 NA
14244 19000 NA
14245 19000 NA
14246 19000 NA
14247 18900 NA
14248 18900 NA
14249 18900 NA
14250 18900 NA
14251 18900 NA
14252 18900 NA
14253 18900 NA
14254 19000 NA
14255 19000 NA
14256 19000 NA
14257 18900 NA
14258 18900 NA
14259 19000 NA
14260 19000 NA
14261 19000 NA
14262 19100 NA
14263 19100 NA
14264 19000 NA
14265 19000 NA
14266 19000 NA
14267 19000 NA
14268 19000 NA
14269 19000 NA
14270 19000 NA
14271 19100 NA
14272 19100 NA
14273 19100 NA
14274 19100 NA
14275 19100 NA
14276 19200 NA
14277 19100 NA
14278 19100 NA
14279 19100 NA
14280 18900 NA
14281 18900 NA
14282 18900 NA
14283 18900 NA
14284 19000 NA
14285 19000 NA
14286 18900 NA
14287 18900 NA
14288 18900 NA
14289 18800 NA
14290 18900 NA
14291 19000 NA
14292 19000 NA
14293 19000 NA
14294 18900 NA
14295 18900 NA
14296 19100 NA
14297 19100 NA
14298 19000 NA
14299 19000 NA
14300 18900 NA
14301 19000 NA
14302 18900 NA
14303 18900 NA
14304 19000 NA
14305 18900 NA
14306 18900 NA
14307 18900 NA
14308 18900 NA
14309 18900 NA
14310 19000 NA
14311 19000 NA
14312 19000 NA
14313 19000 NA
14314 19000 NA
14315 18900 NA
14316 18900 NA
14317 18900 NA
14318 18900 NA
14319 18900 NA
14320 18900 NA
14321 19000 NA
14322 19000 NA
14323 19000 NA
14324 19000 NA
14325 19000 NA
14326 19000 NA
14327 19000 NA
14328 18900 NA
14329 19000 NA
14330 19000 NA
14331 19000 NA
14332 19000 NA
14333 18900 NA
14334 19000 NA
14335 19000 NA
14336 19000 NA
14337 19000 NA
14338 19000 NA
14339 18900 NA
14340 18900 NA
14341 18900 NA
14342 18900 NA
14343 19000 NA
14344 19000 NA
14345 19000 NA
14346 19000 NA
14347 19000 NA
14348 19000 NA
14349 18900 NA
14350 18900 NA
14351 18900 NA
14352 19000 NA
14353 19000 NA
14354 19000 NA
14355 19000 NA
14356 19000 NA
14357 19000 NA
14358 19000 NA
14359 19000 NA
14360 19000 NA
14361 19100 NA
14362 19000 NA
14363 19000 NA
14364 19100 NA
14365 19100 NA
14366 19000 NA
14367 18900 NA
14368 18900 NA
14369 18900 NA
14370 18900 NA
14371 19000 NA
14372 18900 NA
14373 19000 NA
14374 19000 NA
14375 19000 NA
14376 19000 NA
14377 19000 NA
14378 18900 NA
14379 18900 NA
14380 18900 NA
14381 19000 NA
14382 18900 NA
14383 18900 NA
14384 18900 NA
14385 19000 NA
14386 19000 NA
14387 19100 NA
14388 19100 NA
14389 19000 NA
14390 19000 NA
14391 19000 NA
14392 18900 NA
14393 18900 NA
14394 19000 NA
14395 19000 NA
14396 19000 NA
14397 19100 NA
14398 19100 NA
14399 19000 NA
14400 19100 NA
14401 19100 NA
14402 19000 NA
14403 18900 NA
14404 18900 NA
14405 19000 NA
14406 19100 NA
14407 19000 NA
14408 19000 NA
14409 19000 NA
14410 19000 NA
14411 19000 NA
14412 19000 NA
14413 19000 NA
14414 19000 NA
14415 19100 NA
14416 19100 NA
14417 18900 NA
14418 19000 NA
14419 18900 NA
14420 18900 NA
14421 18900 NA
14422 18900 NA
14423 18900 NA
14424 18900 NA
14425 18900 NA
14426 19000 NA
14428 19000 NA
14429 19000 NA
14430 19000 NA
14431 19000 NA
14432 19100 NA
14433 19100 NA
14434 19100 NA
14435 19100 NA
14436 19100 NA
14437 19100 NA
14438 19000 NA
14439 19100 NA
14440 19100 NA
14441 19100 NA
14442 19100 NA
14443 19200 NA
14444 19200 NA
14445 19200 NA
14446 19200 NA
14447 19100 NA
14448 19100 NA
14449 19100 NA
14450 19100 NA
14451 19200 NA
14452 19000 NA
14453 19000 NA
14454 19100 NA
14455 19100 NA
14456 19100 NA
14457 19100 NA
14458 19100 NA
14459 19100 NA
14460 19100 NA
14461 19100 NA
14462 19100 NA
14463 19100 NA
14464 19100 NA
14465 19100 NA
14466 19100 NA
14467 19100 NA
14468 19100 NA
14469 19100 NA
14470 19100 NA
14471 19200 NA
14472 19100 NA
14473 19100 NA
14474 19100 NA
14475 19200 NA
14476 19200 NA
14477 19100 NA
14478 19100 NA
14479 19100 NA
14480 19100 NA
14481 19100 NA
14482 19100 NA
14483 19000 NA
14484 19000 NA
14485 19100 NA
14486 19100 NA
14487 19100 NA
14488 19100 NA
14489 19000 NA
14490 18700 NA
14491 18600 NA
14492 18600 NA
14493 18700 NA
14494 18800 NA
14495 18800 NA
14496 18600 NA
14497 18700 NA
14498 18800 NA
14499 18700 NA
14500 18700 NA
14501 18600 NA
14502 18600 NA
14503 18700 NA
14504 18600 NA
14505 18600 NA
14506 18500 NA
14507 18700 NA
14508 18800 NA
14509 18900 NA
14510 18700 NA
14511 18700 NA
14512 18500 NA
14513 18500 NA
14514 18500 NA
14515 18700 NA
14516 18700 NA
14517 18500 NA
14518 18500 NA
14519 18600 NA
14520 18600 NA
14521 18600 NA
14522 18600 NA
14523 18600 NA
14524 18600 NA
14525 18500 NA
14526 18600 NA
14527 18400 NA
14528 18500 NA
14529 18500 NA
14530 18600 NA
14531 18600 NA
14532 18500 NA
14533 18400 NA
14534 18400 NA
14535 18500 NA
14536 18300 NA
14537 18600 NA
14538 18700 NA
14539 18800 NA
14540 18700 NA
14541 18500 NA
14542 18600 NA
14543 18500 NA
14544 18600 NA
14545 18400 NA
14546 18400 NA
14547 18200 NA
14548 18300 NA
14549 18400 NA
14550 18500 NA
14551 18700 NA
14552 18500 NA
14553 18300 NA
14554 18300 NA
14555 18600 NA
14556 18600 NA
14557 18800 NA
14558 18600 NA
14559 18500 NA
14560 18500 NA
14561 18300 NA
14562 18500 NA
14563 18600 NA
14564 18500 NA
14565 18600 NA
14566 18500 NA
14567 18500 NA
14568 18400 NA
14569 18600 NA
14570 18700 NA
14571 18700 NA
14572 18800 NA
14573 18700 NA
14574 18600 NA
14575 18500 NA
14576 18600 NA
14577 18500 NA
14578 18500 NA
14579 18500 NA
14580 18400 NA
14581 18400 NA
14582 18700 NA
14583 18700 NA
14584 18600 NA
14585 18700 NA
14586 18700 NA
14587 18600 NA
14588 18400 NA
14589 18400 NA
14590 18500 NA
14591 18600 NA
14592 18600 NA
14593 18700 NA
14594 18700 NA
14595 18600 NA
14596 18600 NA
14597 18600 NA
14598 18600 NA
14599 18500 NA
14600 18500 NA
14601 18500 NA
14602 18600 NA
14603 18600 NA
14604 18400 NA
14605 18500 NA
14606 18500 NA
14607 18600 NA
14608 18600 NA
14609 18700 NA
14610 18600 NA
14611 18600 NA
14612 18600 NA
14613 18400 NA
14614 18600 NA
14615 18600 NA
14616 18600 NA
14617 18700 NA
14618 18700 NA
14619 18600 NA
14620 18600 NA
14621 18600 NA
14622 18600 NA
14623 18700 NA
14624 18700 NA
14625 18700 NA
14626 18600 NA
14627 18600 NA
14628 18700 NA
14629 18600 NA
14630 18600 NA
14631 18800 NA
14632 18800 NA
14633 18800 NA
14634 18800 NA
14635 18800 NA
14636 18700 NA
14637 18700 NA
14638 18700 NA
14639 18700 NA
14640 18600 NA
14641 18700 NA
14642 18700 NA
14643 18700 NA
14644 18700 NA
14645 18700 NA
14646 18700 NA
14647 18800 NA
14648 18800 NA
14649 18800 NA
14650 18700 NA
14651 18800 NA
14653 18800 NA
14654 18700 NA
14655 18700 NA
14656 18700 NA
14657 18900 NA
14658 18800 NA
14659 18900 NA
14660 18900 NA
14661 18900 NA
14662 18700 NA
14663 18700 NA
14664 18700 NA
14665 18800 NA
14666 18800 NA
14667 18900 NA
14668 18900 NA
14669 18900 NA
14670 18900 NA
14671 18800 NA
14672 18800 NA
14673 18800 NA
14674 18900 NA
14675 18900 NA
14676 18700 NA
14677 18700 NA
14678 18700 NA
14679 18700 NA
14680 18700 NA
14681 18200 NA
14682 18400 NA
14683 18600 NA
14684 18600 NA
14685 18600 NA
14686 18800 NA
14687 18800 NA
14688 18700 NA
14689 18800 NA
14690 18600 NA
14691 18700 NA
14692 18700 NA
14693 18600 NA
14694 18700 NA
14695 18700 NA
14696 18700 NA
14697 18600 NA
14698 18600 NA
14699 18600 NA
14700 18600 NA
14701 18700 NA
14702 18700 NA
14703 18800 NA
14704 18700 NA
14705 18700 NA
14706 18700 NA
14707 18700 NA
14708 18600 NA
14709 18600 NA
14710 18600 NA
14711 18700 NA
14712 18700 NA
14713 18700 NA
14714 18700 NA
14715 18600 NA
14716 18600 NA
14717 18400 NA
14718 18500 NA
14719 18500 NA
14720 18500 NA
14721 18500 NA
14722 18700 NA
14723 18700 NA
14724 18700 NA
14725 18500 NA
14726 18500 NA
14727 18500 NA
14728 18500 NA
14729 18500 NA
14730 18600 NA
14731 18600 NA
14732 18500 NA
14733 18500 NA
14734 18600 NA
14735 18600 NA
14736 18400 NA
14737 18400 NA
14738 18500 NA
14739 18500 NA
14740 18600 NA
14741 18800 NA
14742 19000 NA
14743 18800 NA
14744 19000 NA
14745 19000 NA
14746 19000 NA
14747 18900 NA
14748 18700 NA
14749 18700 NA
14750 18600 NA
14751 18600 NA
14752 18700 NA
14753 18700 NA
14754 18400 NA
14755 18600 NA
14756 18600 NA
14757 18800 NA
14758 18700 NA
14759 18800 NA
14760 18600 NA
14761 18600 NA
14762 18600 NA
14763 18600 NA
14764 18600 NA
14765 18700 NA
14766 18700 NA
14767 18700 NA
14768 18800 NA
14769 18800 NA
14770 18700 NA
14771 18700 NA
14772 18700 NA
14773 18600 NA
14774 18600 NA
14775 18700 NA
14776 18900 NA
14777 18900 NA
14778 18500 NA
14779 18500 NA
14780 18700 NA
14781 18600 NA
14782 18600 NA
14783 18600 NA
14784 18700 NA
14785 18700 NA
14786 18600 NA
14787 18600 NA
14788 18600 NA
14789 18500 NA
14790 18600 NA
14791 18600 NA
14792 18700 NA
14793 18700 NA
14794 18700 NA
14795 18500 NA
14796 18500 NA
14797 18600 NA
14798 18700 NA
14799 18700 NA
14800 18700 NA
14801 18800 NA
14802 18800 NA
14803 18700 NA
14804 18700 NA
14805 18700 NA
14806 18700 NA
14807 18600 NA
14808 18600 NA
14809 18700 NA
14810 18700 NA
14811 18700 NA
14812 18500 NA
14813 18700 NA
14814 18700 NA
14815 18600 NA
14816 18600 NA
14817 18700 NA
14818 18700 NA
14819 18900 NA
14820 18900 NA
14821 18800 NA
14822 18800 NA
14823 18700 NA
14824 18700 NA
14825 18700 NA
14826 18600 NA
14827 18600 NA
14828 18600 NA
14829 18600 NA
14830 18600 NA
14831 18700 NA
14832 18700 NA
14833 18700 NA
14834 18700 NA
14835 18800 NA
14836 18700 NA
14837 18700 NA
14838 18600 NA
14839 18600 NA
14840 18700 NA
14841 18700 NA
14842 18800 NA
14843 18800 NA
14844 18800 NA
14845 18900 NA
14846 19000 NA
14847 18900 NA
14848 18800 NA
14849 18800 NA
14850 18800 NA
14851 18800 NA
14852 18700 NA
14853 18700 NA
14854 18700 NA
14855 18700 NA
14856 18200 NA
14857 18200 NA
14858 18200 NA
14859 18400 NA
14860 18400 NA
14861 18600 NA
14862 18600 NA
14863 18600 NA
14864 18700 NA
14865 18700 NA
14866 18600 NA
14867 18600 NA
14868 18600 NA
14869 18700 NA
14870 18700 NA
14871 18700 NA
14872 18800 NA
14873 18800 NA
14874 18700 NA
14875 18700 NA
14876 18800 NA
14877 18900 NA
14878 18800 NA
14879 18700 NA
14880 18600 NA
14881 18600 NA
14882 18600 NA
14883 18600 NA
14884 18500 NA
14885 18700 NA
14886 18800 NA
14887 18800 NA
14888 18900 NA
14889 18700 NA
14890 18700 NA
14891 18700 NA
14892 18700 NA
14893 18700 NA
14894 18700 NA
14895 18800 NA
14896 18800 NA
14897 18900 NA
14898 18900 NA
14899 18800 NA
14900 18800 NA
14901 18700 NA
14902 18700 NA
14903 18700 NA
14904 18700 NA
14905 18900 NA
14906 18900 NA
14907 19000 NA
14908 19000 NA
14909 18900 NA
14910 18700 NA
14911 18700 NA
14912 18600 NA
14913 18600 NA
14914 18600 NA
14915 18600 NA
14916 18700 NA
14917 18600 NA
14918 18700 NA
14920 18600 NA
14921 18700 NA
14922 18700 NA
14923 18700 NA
14924 18700 NA
14925 18700 NA
14926 18700 NA
14927 18600 NA
14928 18600 NA
14929 18600 NA
14930 18500 NA
14931 18500 NA
14932 18500 NA
14933 18600 NA
14934 18700 NA
14935 18700 NA
14936 18800 NA
14937 18700 NA
14938 18500 NA
14939 18500 NA
14940 18700 NA
14941 18700 NA
14942 18700 NA
14943 18700 NA
14944 18700 NA
14945 18600 NA
14946 18600 NA
14947 18700 NA
14948 18700 NA
14949 18700 NA
14950 18700 NA
14951 18800 NA
14952 18700 NA
14953 18700 NA
14954 18800 NA
14955 18800 NA
14956 18600 NA
14957 18600 NA
14958 18600 NA
14959 18600 NA
14960 18600 NA
14961 18600 NA
14962 18700 NA
14963 18700 NA
14964 18600 NA
14965 18600 NA
14966 18700 NA
14967 18600 NA
14968 18600 NA
14969 18600 NA
14970 18600 NA
14971 18600 NA
14972 18600 NA
14973 18700 NA
14974 18600 NA
14975 18700 NA
14976 18600 NA
14979 18700 NA
14981 18800 NA
14983 18500 NA
14985 18500 NA
14986 18700 NA
14987 18600 NA
14988 18700 NA
14990 18600 NA
14991 18500 NA
14993 18700 NA
14995 18800 NA
14996 19000 NA
14998 19000 NA
15000 18800 NA
15001 18500 NA
15003 18600 NA
15005 18500 NA
15007 20800 NA
15008 20800 NA
15011 21400 NA
15012 22200 NA
15013 22900 NA
15014 22900 NA
15016 23600 NA
15018 24300 NA
15019 25100 NA
15020 25600 NA
15021 25600 NA
15023 26100 NA
15025 26800 NA
15026 27000 NA
15028 26500 NA
15029 26300 NA
15031 26100 NA
15033 26200 NA
15036 25200 NA
15037 24800 NA
15039 24000 NA
15042 23500 NA
15044 22000 NA
15046 21700 NA
15047 21200 NA
15048 21200 NA
15050 21000 NA
15052 20900 NA
15054 21100 NA
15055 21100 NA
15060 21000 NA
15061 21500 NA
15063 22000 NA
15064 22000 NA
15066 21500 NA
15067 21500 NA
15068 21000 NA
15070 20900 NA
15072 21200 NA
15073 20800 NA
15076 21000 NA
15080 21000 NA
15081 20700 NA
15084 20800 NA
15085 20900 NA
15087 20400 NA
15088 19691 NA
15090 19700 NA
15091 19800 NA
15093 19900 NA
15094 19900 NA
15095 20300 NA
15096 20400 NA
15097 20400 NA
15098 20500 NA
15101 20700 NA
15103 20400 NA
15104 20700 NA
15106 20700 NA
15107 20900 NA
15110 21100 NA
15112 20800 NA
15114 20600 NA
15120 20600 NA
15121 20800 NA
15122 20800 NA
15123 21200 NA
15125 20900 NA
15126 20887 NA
15128 20600 NA
15130 21300 NA
15132 21400 NA
15133 20700 NA
15136 20500 NA
15138 20100 NA
15143 19900 NA
15144 19900 NA
15147 19500 NA
15149 19400 NA
15150 19400 NA
15152 19800 NA
15154 20300 NA
15156 20500 NA
15157 20500 NA
15158 20800 NA
15159 20800 NA
15161 20600 NA
15162 20735 NA
15164 20700 NA
15165 21500 NA
15168 21700 NA
15170 21000 NA
15172 21200 NA
15175 21500 NA
15177 21400 NA
15178 21100 NA
15179 21100 NA
15182 20900 NA
15184 20800 NA
15185 20900 NA
15186 20900 NA
15187 20800 NA
15189 20600 NA
15191 20500 NA
15193 20400 NA
15194 20400 NA
15196 20500 NA
15197 20500 NA
15199 20200 NA
15204 19300 NA
15207 19800 NA
15210 20000 NA
15212 20500 NA
15214 21100 NA
15217 21300 NA
15219 21600 NA
15221 21600 NA
15222 21300 NA
15224 20800 NA
15227 20600 NA
15231 20300 NA
15232 20300 NA
15233 20400 NA
15235 20500 NA
15240 20800 NA
15242 20700 NA
15243 20700 NA
15244 21400 NA
15247 22000 NA
15248 22000 NA
15250 22100 NA
15251 22100 NA
15254 21500 NA
15256 20800 NA
15258 20500 NA
15261 20300 NA
15264 20400 NA
15268 20500 NA
15270 21000 NA
15271 21000 NA
15273 21500 NA
15275 21100 NA
15277 21100 NA
15278 21200 NA
15280 21200 NA
15281 21800 NA
15283 21800 NA
15284 21900 NA
15289 21500 NA
15294 21200 NA
15295 21200 NA
15297 20900 NA
15301 20600 NA
15302 20600 NA
15303 20500 NA
15304 20500 NA
15307 20700 NA
15308 20700 NA
15310 20500 NA
15312 20546 NA
15313 20516 NA
15315 20516 NA
15316 20949 NA
15318 20949 NA
15319 21262 NA
15321 21262 NA
15322 20904 NA
15325 20904 NA
15326 20501 NA
15328 20501 NA
15329 20723 NA
15331 20723 NA
15332 20886 NA
15334 20886 NA
15335 21027 NA
15337 21027 NA
15338 20369 NA
15340 20369 NA
15341 20520 NA
15342 20520 NA
15343 20520 NA
15344 20520 NA
15345 20673 NA
15346 20673 NA
15347 20673 NA
15348 20405 NA
15349 20405 NA
15350 20405 NA
15351 20216 NA
15352 20216 NA
15353 20216 NA
15354 20309 NA
15355 20309 NA
15356 20309 NA
15357 20041 NA
15358 20041 NA
15359 20041 NA
15360 20041 NA
15361 20250 NA
15362 20250 NA
15363 20148 NA
15364 20148 NA
15365 20148 NA
15366 20148 NA
15367 20097 NA
15368 20097 NA
15369 20097 NA
15370 20219 NA
15371 20219 NA
15372 20219 NA
15373 20449 NA
15374 20449 NA
15375 20531 NA
15376 20531 NA
15377 20531 NA
15378 20531 NA
15379 20531 NA
15380 21422 NA
15381 21422 NA
15382 21422 NA
15383 21529 NA
15384 21529 NA
15385 21529 NA
15386 21529 NA
15387 21722 NA
15388 21722 NA
15389 21722 NA
15390 21722 NA
15391 21722 NA
15392 21832 NA
15393 21832 NA
15394 21832 NA
15395 22587 NA
15396 22587 NA
15397 22587 NA
15398 22587 NA
15399 23469 NA
15400 23469 NA
15401 23469 NA
15402 22703 NA
15403 22703 NA
15404 22504 NA
15405 22504 NA
15406 22504 NA
15407 22247 NA
15408 22247 NA
15409 22331 NA
15410 22331 NA
15411 22331 NA
15412 22232 NA
15413 22232 NA
15414 22232 NA
15415 22260 NA
15416 22260 NA
15417 22260 NA
15418 21147 NA
15419 21147 NA
15420 21147 NA
15421 20384 NA
15422 20376 NA
15423 20368 NA
15424 20360 NA
15425 20352 NA
15426 20344 NA
15427 20564 NA
15428 20564 NA
15429 20564 NA
15430 20564 NA
15431 20820 NA
15432 20820 NA
15433 20820 NA
15434 21163 NA
15435 21163 NA
15436 21163 NA
15437 21540 NA
15438 21540 NA
15439 21540 NA
15440 22071 NA
15441 22071 NA
15442 22071 NA
15443 21866 NA
15444 21866 NA
15445 21866 NA
15446 21793 NA
15447 21793 NA
15448 21793 NA
15449 21793 NA
15450 22372 NA
15451 22372 NA
15452 22372 NA
15453 22932 NA
15454 22932 NA
15455 22932 NA
15456 22932 NA
15457 22555 NA
15458 22555 NA
15459 22555 NA
15460 22669 NA
15461 22669 NA
15462 22669 NA
15463 22669 NA
15464 23503 NA
15465 23503 NA
15466 23503 NA
15467 23753 NA
15468 23753 NA
15469 23753 NA
15470 24069 NA
15471 24069 NA
15472 24069 NA
15473 24069 NA
15474 23825 NA
15475 23825 NA
15476 23825 NA
15477 23825 NA
15478 23441 NA
15479 23441 NA
15480 23441 NA
15481 23218 NA
15482 23218 NA
15483 23218 NA
15484 23218 NA
15485 22687 NA
15486 22687 NA
15487 22687 NA
15488 22319 NA
15489 22319 NA
15490 22319 NA
15491 22118 NA
15492 22118 NA
15493 22118 NA
15494 22184 NA
15495 22184 NA
15496 22563 NA
15497 22563 NA
15498 22563 NA
15499 22100 NA
15500 22100 NA
15501 22100 NA
15502 21983 NA
15503 21983 NA
15504 21983 NA
15505 22166 NA
15506 22166 NA
15507 22166 NA
15508 22571 NA
15509 22571 NA
15510 22571 NA
15511 22986 NA
15512 22986 NA
15513 23338 NA
15514 23338 NA
15515 23338 NA
15516 23156 NA
15517 23156 NA
15518 22842 NA
15519 22842 NA
15520 22842 NA
15521 22533 NA
15522 22533 NA
15523 22860 NA
15524 22860 NA
15525 21887 NA
15526 21887 NA
15527 21887 NA
15528 21326 NA
15529 21326 NA
15530 21326 NA
15531 20626 NA
15532 20626 NA
15533 20964 NA
15534 20964 NA
15535 21591 NA
15536 21591 NA
15537 21591 NA
15538 21859 NA
15539 21859 NA
15540 21859 NA
15541 21400 NA
15542 21400 NA
15543 21400 NA
15544 21852 NA
15545 21852 NA
15546 22348 NA
15547 22348 NA
15548 22348 NA
15549 22473 NA
15550 22473 NA
15551 22473 NA
15552 22753 NA
15553 22753 NA
15554 23247 NA
15555 23247 NA
15556 23247 NA
15557 23894 NA
15558 23894 NA
15559 24436 NA
15560 24436 NA
15561 24436 NA
15562 24183 NA
15563 24183 NA
15564 23622 NA
15565 23622 NA
15566 23622 NA
15567 23376 NA
15568 23376 NA
15569 23376 NA
15570 22916 NA
15571 22916 NA
15572 22916 NA
15573 22916 NA
15574 22738 NA
15575 22738 NA
15576 22738 NA
15577 22701 NA
15578 22701 NA
15579 22701 NA
15580 22048 NA
15581 22048 NA
15582 22048 NA
15583 21978 NA
15584 21978 NA
15585 22003 NA
15586 22003 NA
15587 22003 NA
15588 22112 NA
15589 22112 NA
15590 22112 NA
15591 22112 NA
15592 21754 NA
15593 21754 NA
15594 21754 NA
15595 22018 NA
15596 22018 NA
15597 22018 NA
15598 22461 NA
15599 22461 NA
15600 22461 NA
15601 22461 NA
15602 22080 NA
15603 22080 NA
15604 22080 NA
15605 22080 NA
15606 21800 NA
15607 21800 NA
15608 21800 NA
15609 21800 NA
15610 21642 NA
15611 21642 NA
15612 21642 NA
15613 21642 NA
15614 21607 NA
15615 21607 NA
15616 21607 NA
15617 21607 NA
15618 21175 NA
15619 21175 NA
15620 21175 NA
15621 21320 NA
15622 21320 NA
15623 21320 NA
15624 21320 NA
15625 21023 NA
15626 21023 NA
15627 21023 NA
15628 21566 NA
15629 21566 NA
15630 21566 NA
15631 21566 NA
15632 21671 NA
15633 21671 NA
15634 21671 NA
15635 21671 NA
15636 21923 NA
15637 21923 NA
15638 21923 NA
15639 21923 NA
15640 22098 NA
15641 22098 NA
15642 22098 NA
15643 22098 NA
15644 21735 NA
15645 21735 NA
15646 21735 NA
15647 21735 NA
15648 21625 NA
15649 21625 NA
15650 21561 NA
15651 21498 NA
15652 21434 NA
15653 21371 NA
15654 21307 NA
15655 21243 NA
15656 21180 NA
15657 21116 NA
15658 21116 NA
15659 21116 NA
15660 21116 NA
15661 21373 NA
15662 21373 NA
15663 21373 NA
15664 21857 NA
15665 21857 NA
15666 22878 NA
15667 22878 NA
15668 23472 NA
15669 23472 NA
15670 23765 NA
15671 23765 NA
15672 23765 NA
15673 24004 NA
15674 24004 NA
15675 24004 NA
15676 24004 NA
15677 23294 NA
15678 23294 NA
15679 23294 NA
15680 23294 NA
15681 22642 NA
15682 22642 NA
15683 22642 NA
15684 22757 NA
15685 22757 NA
15686 22757 NA
15687 22757 NA
15688 22931 NA
15689 22931 NA
15690 22931 NA
15691 22570 NA
15692 22570 NA
15693 22570 NA
15694 22570 NA
15695 23181 NA
15696 23181 NA
15697 23181 NA
15698 23181 NA
15699 23014 NA
15700 23014 NA
15701 23014 NA
15702 23014 NA
15703 23009 NA
15704 23009 NA
15705 23009 NA
15706 23009 NA
15707 22629 NA
15708 22629 NA
15709 22629 NA
15710 22629 NA
15711 22527 NA
15712 22527 NA
15713 22527 NA
15714 22527 NA
15715 22527 NA
15716 22405 NA
15717 22405 NA
15718 22405 NA
15719 22405 NA
15720 22595 NA
15721 22595 NA
15722 22595 NA
15723 22595 NA
15724 22595 NA
15725 21926 NA
15726 21926 NA
15727 21926 NA
15728 21926 NA
15729 21672 NA
15730 21672 NA
15731 21672 NA
15732 21672 NA
15733 22172 NA
15734 22172 NA
15735 22172 NA
15736 22172 NA
15737 22172 NA
15738 21712 NA
15739 21712 NA
15740 21712 NA
15741 21712 NA
15742 22485 NA
15743 22485 NA
15744 22485 NA
15745 22485 NA
15746 22485 NA
15747 23173 NA
15748 23173 NA
15749 23173 NA
15750 23173 NA
15751 23173 NA
15752 23516 NA
15753 23516 NA
15754 23516 NA
15755 23516 NA
15756 23654 NA
15757 23654 NA
15758 23654 NA
15759 23654 NA
15760 23654 NA
15761 22820 NA
15762 22820 NA
15763 22820 NA
15764 22820 NA
15765 22820 NA
15766 23135 NA
15767 23135 NA
15768 23135 NA
15769 23135 NA
15770 23074 NA
15771 23074 NA
15772 23074 NA
15773 23074 NA
15774 23074 NA
15775 23799 NA
15776 23799 NA
15777 23799 NA
15778 23799 NA
15779 24120 NA
15780 24120 NA
15781 24120 NA
15782 24120 NA
15783 23680 NA
15784 23680 NA
15785 23680 NA
15786 23680 NA
15787 23502 NA
15788 23502 NA
15789 23502 NA
15790 23502 NA
15791 23502 NA
15792 23454 NA
15793 23454 NA
15794 23454 NA
15795 23655 NA
15796 23655 NA
15797 23655 NA
15798 23505 NA
15799 23355 NA
15800 23205 NA
15801 23054 NA
15802 22904 NA
15803 22754 NA
15804 22604 NA
15805 22604 NA
15806 22604 NA
15807 22604 NA
15808 22604 NA
15809 22632 NA
15810 22632 NA
15811 22632 NA
15812 22632 NA
15813 22632 NA
15814 23126 NA
15815 23126 NA
15816 23126 NA
15817 23126 NA
15818 23126 NA
15819 22923 NA
15820 22923 NA
15821 22923 NA
15822 22923 NA
15823 22923 NA
15824 23621 NA
15825 23621 NA
15826 23621 NA
15827 23621 NA
15828 23621 NA
15829 23931 NA
15830 23931 NA
15831 23931 NA
15832 23931 NA
15833 23931 NA
15834 23555 NA
15835 23555 NA
15836 23555 NA
15837 23555 NA
15838 23479 NA
15839 23479 NA
15840 23479 NA
15841 23479 NA
15842 23479 NA
15843 23479 NA
15844 23427 NA
15845 23427 NA
15846 23427 NA
15847 23427 NA
15848 23427 NA
15849 23427 NA
15850 23509 NA
15851 23509 NA
15852 23509 NA
15853 23509 NA
15854 23509 NA
15855 22893 NA
15856 22893 NA
15857 22893 NA
15858 22893 NA
15859 21915 NA
15860 21915 NA
15861 21915 NA
15862 21915 NA
15863 21915 NA
15864 21411 NA
15865 21411 NA
15866 21411 NA
15867 21411 NA
15868 21566 NA
15869 21566 NA
15870 21566 NA
15871 21566 NA
15872 21566 NA
15873 22037 NA
15874 22037 NA
15875 22037 NA
15876 22037 NA
15877 22037 NA
15878 22836 NA
15879 22836 NA
15880 22836 NA
15881 22836 NA
15882 22836 NA
15883 23658 NA
15884 23658 NA
15885 23658 NA
15886 23658 NA
15887 23559 NA
15888 23559 NA
15889 23559 NA
15890 23559 NA
15891 23559 NA
15892 23559 NA
15893 22625 NA
15894 22625 NA
15895 22625 NA
15896 22625 NA
15897 22031 NA
15898 22031 NA
15899 22031 NA
15900 22031 NA
15901 22031 NA
15902 21386 NA
15903 21356 NA
15904 21326 NA
15905 21297 NA
15906 21267 NA
15907 21237 NA
15908 21207 NA
15909 21207 NA
15910 21207 NA
15911 21386 NA
15912 21386 NA
15913 21386 NA
15914 21386 NA
15915 21386 NA
15916 21328 NA
15917 21328 NA
15918 21328 NA
15919 21328 NA
15920 21721 NA
15921 21721 NA
15922 21721 NA
15923 21721 NA
15924 21691 NA
15925 21691 NA
15926 21691 NA
15927 21691 NA
15928 21691 NA
15929 21691 NA
15930 22000 NA
15931 22000 NA
15932 22000 NA
15933 22000 NA
15934 22000 NA
15935 22000 NA
15936 22000 NA
15937 22665 NA
15938 22665 NA
15939 22665 NA
15940 22665 NA
15941 22665 NA
15942 22665 NA
15943 22665 NA
15944 22665 NA
15945 23436 NA
15946 23436 NA
15947 23436 NA
15948 23436 NA
15949 23436 NA
15950 23436 NA
15951 23436 NA
15952 23436 NA
15953 23799 NA
15954 23799 NA
15955 23799 NA
15956 23799 NA
15957 23799 NA
15958 23799 NA
15959 23799 NA
15960 23799 NA
15961 23799 NA
15962 24434 NA
15963 24434 NA
15964 24434 NA
15965 24434 NA
15966 24434 NA
15967 24434 NA
15968 24434 NA
15969 24434 NA
15970 24434 NA
15971 24434 NA
15972 25067 NA
15973 25067 NA
15974 25067 NA
15975 25067 NA
15976 25067 NA
15977 25067 NA
15978 25067 NA
15979 25067 NA
15980 25067 NA
15981 25067 NA
15982 24927 NA
15983 24927 NA
15984 24927 NA
15985 24927 NA
15986 24894 NA
15987 24861 NA
15988 24827 NA
15989 24794 NA
15990 24761 NA
15991 24728 NA
15992 24694 NA
15993 24661 NA
15994 24661 NA
15995 24661 NA
15996 24661 NA
15997 24661 NA
15998 24661 NA
15999 24661 NA
16000 24842 NA
16001 24842 NA
16002 24842 NA
16003 24842 NA
16004 24842 NA
16005 24842 NA
16006 24842 NA
16007 24842 NA
16008 24842 NA
16009 24842 NA
16010 24107 NA
16011 24107 NA
16012 24107 NA
16013 24107 NA
16014 24107 NA
16015 24107 NA
16016 24107 NA
16017 24107 NA
16018 24107 NA
16019 23306 NA
16020 23306 NA
16021 23306 NA
16022 23306 NA
16023 23306 NA
16024 23306 NA
16025 23306 NA
16026 22962 NA
16027 22962 NA
16028 22962 NA
16029 22962 NA
16030 22962 NA
16031 22962 NA
16032 22962 NA
16033 22962 NA
16034 23128 NA
16035 23128 NA
16036 23128 NA
16037 23128 NA
16038 23128 NA
16039 23128 NA
16040 23128 NA
16041 23128 NA
16042 23311 NA
16043 23311 NA
16044 23311 NA
16045 23311 NA
16046 23311 NA
16047 23311 NA
16048 23311 NA
16049 23311 NA
16050 23094 NA
16051 23094 NA
16052 23094 NA
16053 23094 NA
16054 23094 NA
16055 23094 NA
16056 23094 NA
16057 23094 NA
16058 23202 NA
16059 23202 NA
16060 23202 NA
16061 23202 NA
16062 23202 NA
16063 23202 NA
16064 23202 NA
16065 22723 NA
16066 22723 NA
16067 22723 NA
16068 22723 NA
16069 22723 NA
16070 22723 NA
16071 22232 NA
16072 22232 NA
16073 22232 NA
16074 22232 NA
16075 22232 NA
16076 22232 NA
16077 22009 NA
16078 22009 NA
16079 22009 NA
16080 22009 NA
16081 22009 NA
16082 22009 NA
16083 22009 NA
16084 22009 NA
16085 22503 NA
16086 22503 NA
16087 22503 NA
16088 22503 NA
16089 22503 NA
16090 22503 NA
16091 22503 NA
16092 22503 NA
16093 22073 NA
16094 22073 NA
16095 22073 NA
16096 22073 NA
16097 22073 NA
16098 22073 NA
16099 22708 NA
16100 22708 NA
16101 22708 NA
16102 22708 NA
16103 22708 NA
16104 22052 NA
16105 22052 NA
16106 22052 NA
16107 22052 NA
16108 22052 NA
16109 22052 NA
16110 22635 NA
16111 22635 NA
16112 22635 NA
16113 22635 NA
16114 22635 NA
16115 22635 NA
16116 22635 NA
16117 23382 NA
16118 23382 NA
16119 23382 NA
16120 23382 NA
16121 23382 NA
16122 23382 NA
16123 23382 NA
16124 24007 NA
16125 24007 NA
16126 24007 NA
16127 24007 NA
16128 24007 NA
16129 24007 NA
16130 24007 NA
16131 24007 NA
16132 23975 NA
16133 23975 NA
16134 23975 NA
16135 23975 NA
16136 23975 NA
16137 23975 NA
16138 23975 NA
16139 23975 NA
16140 23684 NA
16141 23684 NA
16142 23684 NA
16143 23684 NA
16144 23684 NA
16145 23684 NA
16146 23684 NA
16147 23684 NA
16148 24460 NA
16149 24460 NA
16150 24460 NA
16151 24460 NA
16152 24460 NA
16153 24460 NA
16154 24460 NA
16155 24460 NA
16156 24460 NA
16157 24767 NA
16158 24767 NA
16159 24767 NA
16160 24767 NA
16161 24767 NA
16162 24767 NA
16163 24767 NA
16164 25602 NA
16165 25602 NA
16166 25602 NA
16167 25602 NA
16168 25602 NA
16169 25602 NA
16170 25602 NA
16171 25602 NA
16172 26206 NA
16173 26206 NA
16174 26206 NA
16175 26206 NA
16176 26206 NA
16177 26206 NA
16178 26206 NA
16179 26206 NA
16180 25025 NA
16181 25025 NA
16182 25025 NA
16183 25025 NA
16184 25025 NA
16185 25025 NA
16186 25025 NA
16187 25025 NA
16188 25025 NA
16189 25237 NA
16190 25237 NA
16191 25237 NA
16192 25237 NA
16193 25237 NA
16194 25237 NA
16195 25237 NA
16196 25237 NA
16197 25221 NA
16198 25221 NA
16199 25221 NA
16200 25221 NA
16201 25221 NA
16202 25221 NA
16203 25221 NA
16204 25221 NA
16205 25221 NA
16206 25322 NA
16207 25322 NA
16208 25322 NA
16209 25322 NA
16210 25322 NA
16211 25322 NA
16212 25322 NA
16213 25322 NA
16214 25322 NA
16215 25275 NA
16216 25275 NA
16217 25275 NA
16218 25275 NA
16219 25275 NA
16220 25275 NA
16221 25275 NA
16222 25275 NA
16223 25275 NA
16224 25420 NA
16225 25420 NA
16226 25420 NA
16227 25420 NA
16228 25420 NA
16229 25420 NA
16230 25420 NA
16231 25178 NA
16232 25178 NA
16233 25178 NA
16234 25178 NA
16235 25178 NA
16236 25178 NA
16237 25178 NA
16238 25310 NA
16239 25310 NA
16240 25310 NA
16241 25310 NA
16242 25310 NA
16243 25310 NA
16244 25310 NA
16245 25341 NA
16246 25341 NA
16247 25341 NA
16248 25341 NA
16249 25341 NA
16250 25341 NA
16251 25479 NA
16252 25479 NA
16253 25479 NA
16254 25479 NA
16255 25479 NA
16256 25479 NA
16257 25479 NA
16258 24932 NA
16259 24932 NA
16260 24932 NA
16261 24932 NA
16262 25438 NA
16263 25438 NA
16264 25438 NA
16265 25438 NA
16266 25438 NA
16267 26231 NA
16268 26231 NA
16269 26231 NA
16270 26231 NA
16271 26231 NA
16272 26106 NA
16273 26106 NA
16274 26106 NA
16275 26106 NA
16276 26106 NA
16277 26106 NA
16278 25748 NA
16279 25748 NA
16280 25748 NA
16281 25748 NA
16282 25748 NA
16283 25748 NA
16284 25336 NA
16285 25336 NA
16286 25336 NA
16287 25336 NA
16288 25016 NA
16289 25016 NA
16290 25016 NA
16291 25016 NA
16292 25016 NA
16293 24846 NA
16294 24846 NA
16295 24846 NA
16296 24846 NA
16297 24846 NA
16298 23914 NA
16299 23914 NA
16300 23914 NA
16301 23914 NA
16302 24000 NA
16303 24000 NA
16304 24000 NA
16305 24000 NA
16306 24000 NA
16307 24000 NA
16308 23972 NA
16309 23972 NA
16310 23972 NA
16311 23972 NA
16312 23972 NA
16313 23972 NA
16314 23653 NA
16315 23653 NA
16316 23653 NA
16317 23653 NA
16318 23653 NA
16319 23653 NA
16320 23568 NA
16321 23568 NA
16322 23568 NA
16323 23568 NA
16324 23568 NA
16325 23568 NA
16326 23568 NA
16327 23342 NA
16328 23342 NA
16329 23342 NA
16330 23342 NA
16331 23342 NA
16332 23342 NA
16333 23342 NA
16334 23218 NA
16335 23218 NA
16336 23218 NA
16337 23218 NA
16338 23218 NA
16339 23218 NA
16340 23218 NA
16341 23028 NA
16342 23028 NA
16343 23028 NA
16344 23028 NA
16345 23028 NA
16346 23028 NA
16347 22673 NA
16348 22673 NA
16349 22673 NA
16350 22673 NA
16351 22673 NA
16352 22673 NA
16353 22673 NA
16354 22673 NA
16355 22999 NA
16356 22999 NA
16357 22999 NA
16358 22999 NA
16359 22999 NA
16360 22999 NA
16361 22999 NA
16362 22999 NA
16363 23783 NA
16364 23783 NA
16365 23783 NA
16366 23783 NA
16367 23783 NA
16368 23783 NA
16369 23783 NA
16370 23783 NA
16371 23783 NA
16372 23894 NA
16373 23894 NA
16374 23894 NA
16375 23894 NA
16376 23894 NA
16377 23894 NA
16378 23894 NA
16379 23248 NA
16380 23248 NA
16381 23248 NA
16382 23248 NA
16383 23248 NA
16384 23248 NA
16385 23248 NA
16386 22981 NA
16387 22981 NA
16388 22981 NA
16389 22981 NA
16390 22981 NA
16391 22981 NA
16392 22981 NA
16393 23239 NA
16394 23239 NA
16395 23239 NA
16396 23239 NA
16397 23239 NA
16398 23239 NA
16399 23239 NA
16400 23239 NA
16401 23239 NA
16402 23687 NA
16403 23687 NA
16404 23687 NA
16405 23687 NA
16406 23687 NA
16407 23687 NA
16408 23687 NA
16409 23687 NA
16410 23291 NA
16411 23291 NA
16412 23291 NA
16413 23291 NA
16414 23291 NA
16415 23291 NA
16416 23291 NA
16417 23291 NA
16418 24120 NA
16419 24120 NA
16420 24120 NA
16421 24120 NA
16422 24120 NA
16423 24120 NA
16424 24120 NA
16425 24120 NA
16426 24641 NA
16427 24641 NA
16428 24641 NA
16429 24641 NA
16430 24641 NA
16431 24641 NA
16432 24641 NA
16433 23960 NA
16434 23960 NA
16435 23960 NA
16436 23960 NA
16437 23960 NA
16438 23960 NA
16439 23653 NA
16440 23653 NA
16441 23653 NA
16442 23653 NA
16443 23653 NA
16444 23653 NA
16445 23033 NA
16446 23033 NA
16447 23033 NA
16448 23033 NA
16449 23033 NA
16450 23033 NA
16451 23033 NA
16452 23033 NA
16453 23464 NA
16454 23464 NA
16455 23464 NA
16456 23464 NA
16457 23464 NA
16458 23464 NA
16459 23464 NA
16460 23464 NA
16461 24102 NA
16462 24102 NA
16463 24102 NA
16464 24102 NA
16465 24102 NA
16466 24102 NA
16467 24102 NA
16468 24102 NA
16469 24038 NA
16470 24038 NA
16471 24038 NA
16472 24038 NA
16473 24038 NA
16474 24038 NA
16475 24038 NA
16476 24038 NA
16477 23202 NA
16478 23202 NA
16479 23202 NA
16480 23202 NA
16481 23202 NA
16482 23202 NA
16483 23202 NA
16484 22963 NA
16485 22963 NA
16486 22963 NA
16487 22963 NA
16488 22963 NA
16489 22963 NA
16490 22852 NA
16491 22852 NA
16492 22852 NA
16493 22852 NA
16494 22852 NA
16495 22852 NA
16496 22852 NA
16497 23015 NA
16498 23015 NA
16499 23015 NA
16500 23015 NA
16501 23015 NA
16502 23015 NA
16503 23015 NA
16504 22454 NA
16505 22454 NA
16506 22454 NA
16507 22454 NA
16508 22454 NA
16509 22454 NA
16510 22454 NA
16511 22454 NA
16512 22454 NA
16513 22454 NA
16514 22914 NA
16515 22914 NA
16516 22914 NA
16517 22914 NA
16518 22914 NA
16519 22914 NA
16520 22914 NA
16521 22914 NA
16522 22914 NA
16523 22914 NA
16524 22914 NA
16525 23560 NA
16526 23560 NA
16527 23560 NA
16528 23560 NA
16529 23560 NA
16530 23560 NA
16531 23560 NA
16532 23560 NA
16533 23560 NA
16534 23941 NA
16535 23941 NA
16536 23941 NA
16537 23941 NA
16538 23941 NA
16539 23941 NA
16540 23941 NA
16541 23941 NA
16542 23941 NA
16543 23371 NA
16544 23371 NA
16545 23371 NA
16546 23371 NA
16547 23371 NA
16548 23371 NA
16549 23371 NA
16550 23371 NA
16551 23371 NA
16552 22591 NA
16553 22591 NA
16554 22591 NA
16555 22591 NA
16556 22591 NA
16557 22591 NA
16558 22591 NA
16559 22591 NA
16560 22495 NA
16561 22495 NA
16562 22495 NA
16563 22495 NA
16564 22495 NA
16565 22495 NA
16566 22495 NA
16567 22495 NA
16568 22495 NA
16569 23171 NA
16570 23171 NA
16571 23171 NA
16572 23171 NA
16573 23171 NA
16574 23171 NA
16575 23171 NA
16576 23171 NA
16577 23171 NA
16578 23171 NA
16579 23171 NA
16580 23862 NA
16581 23862 NA
16582 23862 NA
16583 23862 NA
16584 23862 NA
16585 23862 NA
16586 23862 NA
16587 23862 NA
16588 23862 NA
16589 23862 NA
16590 24591 NA
16591 24591 NA
16592 24591 NA
16593 24591 NA
16594 24591 NA
16595 24591 NA
16596 24591 NA
16597 24591 NA
16598 24591 NA
16599 24834 NA
16600 24834 NA
16601 24834 NA
16602 24834 NA
16603 24834 NA
16604 24834 NA
16605 24834 NA
16606 24834 NA
16607 24834 NA
16608 24834 NA
16609 24834 NA
16610 25344 NA
16611 25344 NA
16612 25344 NA
16613 25344 NA
16614 25344 NA
16615 25344 NA
16616 25344 NA
16617 25344 NA
16618 25344 NA
16619 25344 NA
16620 24251 NA
16621 24251 NA
16622 24251 NA
16623 24251 NA
16624 24251 NA
16625 24251 NA
16626 24251 NA
16627 24251 NA
16628 24251 NA
16629 24558 NA
16630 24558 NA
16631 24558 NA
16632 24558 NA
16633 24558 NA
16634 24558 NA
16635 24558 NA
16636 24558 NA
16637 24558 NA
16638 24558 NA
16639 24558 NA
16640 24558 NA
16641 24281 NA
16642 24281 NA
16643 24281 NA
16644 24281 NA
16645 24281 NA
16646 24281 NA
16647 24281 NA
16648 24281 NA
16649 24281 NA
16650 23940 NA
16651 23940 NA
16652 23940 NA
16653 23940 NA
16654 23940 NA
16655 23940 NA
16656 23940 NA
16657 23940 NA
16658 23940 NA
16659 23940 NA
16660 23940 NA
16661 23511 NA
16662 23511 NA
16663 23511 NA
16664 23511 NA
16665 23511 NA
16666 23511 NA
16668 23511 NA
16669 23511 NA
16670 23511 NA
16671 23511 NA
16672 22578 NA
16673 22578 NA
16674 22578 NA
16675 22578 NA
16676 22578 NA
16677 22578 NA
16678 22578 NA
16679 22578 NA
16680 22578 NA
16681 22578 NA
16682 22578 NA
16683 22578 NA
16684 22009 NA
16685 22009 NA
16686 22009 NA
16687 22009 NA
16688 22009 NA
16689 22009 NA
16690 22009 NA
16691 22009 NA
16692 22009 NA
16693 22009 NA
16694 22009 NA
16695 21714 NA
16696 21714 NA
16697 21714 NA
16698 21714 NA
16699 21714 NA
16700 21714 NA
16701 21714 NA
16702 21714 NA
16703 21714 NA
16704 21714 NA
16705 21714 NA
16706 21041 NA
16707 21041 NA
16708 21041 NA
16709 21041 NA
16710 21041 NA
16711 21041 NA
16712 21041 NA
16714 21041 NA
16717 21041 NA
16719 21167 NA
16720 21167 NA
16721 21167 NA
16722 21167 NA
16723 21167 NA
16724 21167 NA
16725 21167 NA
16726 20461 NA
16727 20461 NA
16728 20461 NA
16729 20461 NA
16730 20461 NA
16731 20461 NA
16732 20461 NA
16733 21199 NA
16734 21199 NA
16735 21199 NA
16736 21199 NA
16737 21199 NA
16738 21199 NA
16739 21199 NA
16740 21199 NA
16741 21199 NA
16742 21854 NA
16743 21854 NA
16744 21854 NA
16745 21854 NA
16746 21854 NA
16747 21854 NA
16748 21854 NA
16749 21854 NA
16750 21854 NA
16751 21854 NA
16752 21854 NA
16753 21854 NA
16754 21854 NA
16755 21854 NA
16756 22380 NA
16757 22380 NA
16759 22380 NA
16760 22380 NA
16761 22380 NA
16762 22380 NA
16763 22380 NA
16764 22380 NA
16765 22380 NA
16766 22380 NA
16767 22380 NA
16768 22380 NA
16769 22380 NA
16770 22894 NA
16771 22894 NA
16772 22894 NA
16773 22894 NA
16774 22894 NA
16775 22894 NA
16776 22894 NA
16777 22894 NA
16778 22894 NA
16779 22894 NA
16780 22894 NA
16781 22894 NA
16782 23129 NA
16783 23129 NA
16784 23129 NA
16785 23129 NA
16786 23129 NA
16787 23129 NA
16788 23129 NA
16789 23129 NA
16790 23129 NA
16791 23129 NA
16792 23129 NA
16793 23129 NA
16794 23695 NA
16795 23695 NA
16796 23695 NA
16797 23695 NA
16798 23695 NA
16799 23695 NA
16800 23695 NA
16801 23695 NA
16802 23695 NA
16803 23695 NA
16804 23695 NA
16805 23695 NA
16807 24393 NA
16808 24393 NA
16809 24393 NA
16810 24393 NA
16811 24393 NA
16812 24393 NA
16813 24393 NA
16814 24393 NA
16815 24393 NA
16816 24393 NA
16817 23828 NA
16818 23828 NA
16819 23828 NA
16820 23828 NA
16821 23828 NA
16822 23828 NA
16823 23828 NA
16824 23828 NA
16825 23828 NA
16826 24637 NA
16827 24637 NA
16828 24637 NA
16829 24637 NA
16830 24637 NA
16831 24637 NA
16832 24637 NA
16833 25718 NA
16834 25718 NA
16835 25718 NA
16836 25718 NA
16837 25718 NA
16838 25718 NA
16839 25718 NA
16840 25718 NA
16841 25718 NA
16842 25718 NA
16843 25718 NA
16844 26633 NA
16845 26633 NA
16846 26633 NA
16847 26633 NA
16848 26633 NA
16849 26633 NA
16850 26633 NA
16851 26633 NA
16852 26633 NA
16853 26633 NA
16854 26633 NA
16855 27685 NA
16856 27685 NA
16857 27685 NA
16858 27685 NA
16859 27685 NA
16860 27685 NA
16861 27685 NA
16862 27685 NA
16863 27685 NA
16864 27685 NA
16865 27685 NA
16866 27685 NA
16867 27685 NA
16869 28757 NA
16870 28757 NA
16871 28757 NA
16872 28757 NA
16873 28757 NA
16874 28757 NA
16875 28757 NA
16876 28757 NA
16877 28757 NA
16878 28757 NA
16879 28757 NA
16880 28757 NA
16881 28757 NA
16882 28757 NA
16883 29350 NA
16884 29350 NA
16885 29350 NA
16886 29350 NA
16887 29350 NA
16888 29350 NA
16889 29350 NA
16890 29350 NA
16891 29350 NA
16892 29350 NA
16893 29350 NA
16894 29350 NA
16895 29350 NA
16896 28626 NA
16897 28626 NA
16898 28626 NA
16899 28626 NA
16900 28626 NA
16901 28626 NA
16902 28626 NA
16903 28626 NA
16904 28626 NA
16905 28626 NA
16906 28626 NA
16907 28626 NA
16908 28626 NA
16909 28096 NA
16910 28096 NA
16911 28096 NA
16912 28096 NA
16913 28096 NA
16914 28096 NA
16915 28096 NA
16916 28096 NA
16917 28096 NA
16918 28096 NA
16919 27542 NA
16920 27542 NA
16921 27542 NA
16922 27542 NA
16923 27542 NA
16924 27542 NA
16925 27542 NA
16926 27542 NA
16927 27542 NA
16928 27542 NA
16929 27542 NA
16930 27542 NA
16931 27542 NA
16932 26209 NA
16933 26209 NA
16934 26209 NA
16935 26209 NA
16936 26209 NA
16937 26209 NA
16938 26209 NA
16939 26209 NA
16940 26209 NA
16941 26227 NA
16942 26227 NA
16943 26227 NA
16944 26227 NA
16945 26227 NA
16946 26227 NA
16947 26227 NA
16948 26227 NA
16949 26227 NA
16950 26227 NA
16951 25959 NA
16952 25959 NA
16953 25959 NA
16954 25959 NA
16955 25959 NA
16956 25959 NA
16957 25959 NA
16958 25959 NA
16959 25959 NA
16960 25959 NA
16961 25959 NA
16966 26143 NA
16968 26143 NA
16969 26143 NA
16970 26143 NA
16971 26143 NA
16972 26143 NA
16973 26143 NA
16974 26143 NA
16975 26632 NA
16976 26632 NA
16977 26632 NA
16978 26632 NA
16979 26632 NA
16980 26632 NA
16981 26632 NA
16982 26632 NA
16984 26632 NA
16985 26632 NA
16986 26632 NA
16987 27212 NA
16988 27212 NA
16989 27212 NA
16990 27212 NA
16991 27212 NA
16992 27212 NA
16993 27212 NA
16994 27212 NA
16998 27212 NA
16999 27212 NA
17000 26750 NA
17001 26750 NA
17002 26750 NA
17006 26750 NA
17007 26750 NA
17012 26750 NA
17014 26640 NA
17015 26640 NA
17016 26640 NA
17017 26640 NA
17018 26640 NA
17019 26640 NA
17020 26640 NA
17021 26640 NA
17022 26640 NA
17023 26640 NA
17024 26640 NA
17025 26640 NA
17026 26640 NA
17027 26640 NA
17028 26640 NA
17029 25977 NA
17031 25977 NA
17032 25977 NA
17033 25977 NA
17034 25977 NA
17035 25977 NA
17036 25977 NA
17037 25977 NA
17038 25977 NA
17039 25977 NA
17040 25977 NA
17042 25977 NA
17044 26370 NA
17045 26370 NA
17046 26370 NA
17047 26370 NA
17048 26370 NA
17049 26370 NA
17050 26370 NA
17051 26370 NA
17052 26370 NA
17053 26370 NA
17054 26370 NA
17055 26370 NA
17056 26370 NA
17057 26370 NA
17058 26899 NA
17059 26899 NA
17060 26899 NA
17061 26899 NA
17062 26899 NA
17063 26899 NA
17064 26899 NA
17069 26899 NA
17070 26899 NA
17071 26899 NA
17072 26899 NA
17073 27453 NA
17075 27453 NA
17076 27453 NA
17077 27453 NA
17078 27453 NA
17079 27453 NA
17080 27453 NA
17081 27453 NA
17083 27453 NA
17084 27453 NA
17085 27453 NA
17086 27453 NA
17087 27453 NA
17088 27453 NA
17089 27801 NA
17091 27801 NA
17092 27801 NA
17093 27801 NA
17094 27801 NA
17095 27801 NA
17096 27801 NA
17097 27801 NA
17098 27801 NA
17099 27801 NA
17100 27801 NA
17101 27801 NA
17102 27801 NA
17103 27801 NA
17104 27801 NA
17105 27801 NA
17106 27801 NA
17107 27801 NA
17108 27801 NA
17109 27769 NA
17110 27769 NA
17111 27769 NA
17112 27769 NA
17113 27769 NA
17114 27769 NA
17115 27769 NA
17117 27769 NA
17118 27769 NA
17119 27769 NA
17123 27769 NA
17124 27769 NA
17125 27141 NA
17126 27141 NA
17127 27141 NA
17129 27141 NA
17130 27141 NA
17131 27141 NA
17132 27141 NA
17133 27141 NA
17134 27141 NA
17135 27141 NA
17136 27141 NA
17138 27100 NA
17139 27100 NA
17140 27100 NA
17141 27100 NA
17142 27100 NA
17143 27100 NA
17144 27100 NA
17145 27100 NA
17146 27100 NA
17147 27100 NA
17148 27100 NA
