"Index" "Price" "Volume"
14019 1990 NA
14020 1990 NA
14021 2047 NA
14022 2047 NA
14023 2087 NA
14024 2087 NA
14025 2132 NA
14026 2132 NA
14027 2189 NA
14028 2189 NA
14029 2240 NA
14030 2240 NA
14031 2235 NA
14032 2240 NA
14033 2220 NA
14034 2233 NA
14035 2220 NA
14036 2219 NA
14037 2230 NA
14038 2258 NA
14039 2268 NA
14040 2268 NA
14041 2282 NA
14042 2327 NA
14043 2334 NA
14044 2360 NA
14045 2398 NA
14046 2398 NA
14047 2394 NA
14048 2337 NA
14049 2427 NA
14050 2431 NA
14051 2431 NA
14052 2405 NA
14053 2429 NA
14054 2429 NA
14055 2435 NA
14056 2409 NA
14057 2456 NA
14058 2488 NA
14059 2471 NA
14060 2511 NA
14061 2466 NA
14062 2489 NA
14063 2489 NA
14064 2499 NA
14065 2485 NA
14066 2450 NA
14067 2388 NA
14068 2410 NA
14069 2421 NA
14070 2421 NA
14071 2454 NA
14072 2494 NA
14073 2470 NA
14074 2475 NA
14075 2475 NA
14076 2468 NA
14077 2451 NA
14078 2444 NA
14079 2409 NA
14080 2391 NA
14081 2381 NA
14082 2406 NA
14083 2348 NA
14084 2247 NA
14085 2104 NA
14086 2104 NA
14087 2098 NA
14088 2088 NA
14089 2077 NA
14090 2089 NA
14091 2048 NA
14092 2048 NA
14093 2048 NA
14094 2083 NA
14095 2087 NA
14096 2095 NA
14097 2095 NA
14098 2129 NA
14099 2199 NA
14100 2220 NA
14101 2210 NA
14102 2234 NA
14103 2299 NA
14104 2355 NA
14105 2436 NA
14106 2448 NA
14107 2457 NA
14108 2471 NA
14109 2375 NA
14110 2402 NA
14111 2391 NA
14112 2391 NA
14113 2402 NA
14114 2438 NA
14115 2438 NA
14116 2450 NA
14117 2432 NA
14118 2386 NA
14119 2396 NA
14120 2420 NA
14121 2375 NA
14122 2375 NA
14123 2325 NA
14124 2279 NA
14125 2235 NA
14126 2203 NA
14127 2198 NA
14128 2198 NA
14129 2209 NA
14130 2197 NA
14131 2197 NA
14132 2184 NA
14133 2172 NA
14134 2173 NA
14135 2166 NA
14136 2157 NA
14137 2119 NA
14138 2119 NA
14139 2090 NA
14140 1989 NA
14141 1996 NA
14142 1996 NA
14143 2013 NA
14144 2014 NA
14145 2010 NA
14146 1995 NA
14147 1984 NA
14148 2020 NA
14149 2015 NA
14150 2015 NA
14151 2009 NA
14152 1984 NA
14153 1944 NA
14154 1913 NA
14155 1906 NA
14156 1914 NA
14157 1914 NA
14158 1874 NA
14159 1855 NA
14160 1885 NA
14161 1885 NA
14162 1888 NA
14163 1938 NA
14164 1964 NA
14165 1987 NA
14166 2023 NA
14167 2075 NA
14168 2151 NA
14169 2252 NA
14170 2357 NA
14171 2551 NA
14172 2551 NA
14173 2652 NA
14174 2751 NA
14175 2933 NA
14176 2933 NA
14177 3146 NA
14178 3146 NA
14179 3176 NA
14180 3096 NA
14181 2946 NA
14182 2854 NA
14183 2797 NA
14184 2850 NA
14185 2889 NA
14186 2887 NA
14187 2849 NA
14188 2849 NA
14189 2928 NA
14190 2954 NA
14191 3021 NA
14192 2993 NA
14193 3031 NA
14194 3034 NA
14195 2975 NA
14196 2939 NA
14197 3003 NA
14198 3054 NA
14199 3012 NA
14200 2955 NA
14201 2959 NA
14202 2959 NA
14203 2920 NA
14204 2911 NA
14205 2911 NA
14206 2873 NA
14207 2710 NA
14208 2626 NA
14209 2626 NA
14210 2545 NA
14211 2571 NA
14212 2571 NA
14213 2566 NA
14214 2572 NA
14215 2605 NA
14216 2599 NA
14217 2609 NA
14218 2616 NA
14219 2550 NA
14220 2516 NA
14221 2519 NA
14222 2519 NA
14223 2549 NA
14224 2545 NA
14225 2545 NA
14226 2561 NA
14227 2590 NA
14228 2652 NA
14229 2644 NA
14230 2662 NA
14231 2607 NA
14232 2552 NA
14233 2552 NA
14234 2581 NA
14235 2533 NA
14236 2542 NA
14237 2546 NA
14238 2546 NA
14239 2479 NA
14240 2479 NA
14241 2466 NA
14242 2471 NA
14243 2486 NA
14244 2420 NA
14245 2420 NA
14246 2392 NA
14247 2333 NA
14248 2270 NA
14249 2203 NA
14250 2145 NA
14251 2099 NA
14252 2059 NA
14253 1995 NA
14254 1973 NA
14255 1973 NA
14256 1960 NA
14257 1975 NA
14258 1975 NA
14259 1972 NA
14260 1991 NA
14261 2060 NA
14262 2213 NA
14263 2213 NA
14264 2131 NA
14265 2131 NA
14266 2133 NA
14267 2122 NA
14268 2122 NA
14269 2063 NA
14270 2063 NA
14271 2077 NA
14272 1972 NA
14273 1972 NA
14274 1934 NA
14275 1953 NA
14276 1972 NA
14277 1972 NA
14278 1922 NA
14279 1917 NA
14280 1972 NA
14281 1972 NA
14282 1940 NA
14283 1940 NA
14284 1971 NA
14285 1971 NA
14286 1971 NA
14287 1982 NA
14288 2046 NA
14289 2101 NA
14290 2150 NA
14291 2152 NA
14292 1996 NA
14293 1996 NA
14294 2051 NA
14295 2051 NA
14296 2132 NA
14297 2132 NA
14298 2177 NA
14299 2142 NA
14300 2129 NA
14301 2078 NA
14302 2059 NA
14303 2090 NA
14304 2113 NA
14305 2067 NA
14306 2092 NA
14307 2049 NA
14308 2049 NA
14309 2020 NA
14310 2048 NA
14311 2053 NA
14312 2054 NA
14313 2035 NA
14314 2035 NA
14315 2012 NA
14316 2058 NA
14317 2058 NA
14318 2116 NA
14319 2140 NA
14320 2108 NA
14321 2065 NA
14322 2016 NA
14323 2005 NA
14324 2004 NA
14325 2058 NA
14326 2052 NA
14327 2049 NA
14328 2034 NA
14329 1991 NA
14330 2001 NA
14331 2001 NA
14332 2018 NA
14333 1998 NA
14334 1958 NA
14335 1924 NA
14336 1914 NA
14337 1914 NA
14338 1893 NA
14339 1918 NA
14340 1918 NA
14341 1964 NA
14342 2006 NA
14343 2050 NA
14344 2075 NA
14345 2104 NA
14346 2113 NA
14347 2128 NA
14348 2128 NA
14349 2201 NA
14350 2226 NA
14351 2226 NA
14352 2193 NA
14353 2197 NA
14354 2197 NA
14355 2207 NA
14356 2237 NA
14357 2238 NA
14358 2180 NA
14359 2092 NA
14360 2109 NA
14361 2114 NA
14362 2081 NA
14363 2011 NA
14364 2011 NA
14365 1983 NA
14366 2006 NA
14367 2044 NA
14368 2044 NA
14369 2027 NA
14370 2070 NA
14371 2147 NA
14372 2162 NA
14373 2162 NA
14374 2226 NA
14375 2215 NA
14376 2201 NA
14377 2152 NA
14378 2119 NA
14379 2101 NA
14380 2101 NA
14381 2119 NA
14382 2135 NA
14383 2143 NA
14384 2161 NA
14385 2116 NA
14386 2064 NA
14387 2048 NA
14388 2103 NA
14389 2138 NA
14390 2166 NA
14391 2166 NA
14392 2156 NA
14393 2156 NA
14394 2136 NA
14395 2239 NA
14396 2263 NA
14397 2261 NA
14398 2261 NA
14399 2269 NA
14400 2299 NA
14401 2299 NA
14402 2319 NA
14403 2266 NA
14404 2275 NA
14405 2334 NA
14406 2253 NA
14407 2224 NA
14408 2224 NA
14409 2251 NA
14410 2243 NA
14411 2232 NA
14412 2219 NA
14413 2253 NA
14414 2253 NA
14415 2274 NA
14416 2311 NA
14417 2314 NA
14418 2293 NA
14419 2347 NA
14420 2352 NA
14421 2352 NA
14422 2384 NA
14423 2356 NA
14424 2356 NA
14425 2338 NA
14426 2302 NA
14427 2316 NA
14428 2351 NA
14429 2345 NA
14430 2345 NA
14431 2341 NA
14432 2362 NA
14433 2420 NA
14434 2420 NA
14435 2394 NA
14436 2323 NA
14437 2323 NA
14438 2281 NA
14439 2231 NA
14440 2258 NA
14441 2304 NA
14442 2373 NA
14443 2429 NA
14444 2443 NA
14445 2443 NA
14446 2453 NA
14447 2524 NA
14448 2524 NA
14449 2498 NA
14450 2506 NA
14451 2535 NA
14452 2546 NA
14453 2546 NA
14454 2559 NA
14455 2559 NA
14456 2523 NA
14457 2526 NA
14458 2471 NA
14459 2349 NA
14460 2306 NA
14461 2252 NA
14462 2219 NA
14463 2169 NA
14464 2147 NA
14465 2187 NA
14466 2207 NA
14467 2214 NA
14468 2244 NA
14469 2279 NA
14470 2316 NA
14471 2334 NA
14472 2242 NA
14473 2242 NA
14474 2332 NA
14475 2350 NA
14476 2350 NA
14477 2268 NA
14478 2268 NA
14479 2194 NA
14480 2164 NA
14481 2104 NA
14482 2104 NA
14483 2096 NA
14484 2096 NA
14485 2107 NA
14486 2098 NA
14487 2075 NA
14488 2061 NA
14489 2055 NA
14490 2068 NA
14491 2068 NA
14492 2035 NA
14493 1987 NA
14494 1930 NA
14495 1930 NA
14496 1896 NA
14497 1904 NA
14498 1909 NA
14499 1888 NA
14500 1963 NA
14501 1988 NA
14502 1932 NA
14503 1838 NA
14504 1846 NA
14505 1846 NA
14506 1857 NA
14507 1855 NA
14508 1918 NA
14509 1892 NA
14510 1967 NA
14511 1940 NA
14512 2112 NA
14513 2112 NA
14514 2131 NA
14515 2165 NA
14516 2165 NA
14517 2123 NA
14518 2123 NA
14519 2014 NA
14520 2014 NA
14521 2109 NA
14522 2060 NA
14523 2060 NA
14524 2018 NA
14525 2042 NA
14526 1917 NA
14527 1911 NA
14528 2007 NA
14529 2007 NA
14530 2008 NA
14531 2008 NA
14532 2151 NA
14533 2222 NA
14534 2222 NA
14535 2449 NA
14536 2495 NA
14537 2604 NA
14538 2447 NA
14539 2329 NA
14540 2291 NA
14541 2206 NA
14542 2084 NA
14543 2089 NA
14544 2054 NA
14545 1937 NA
14546 1937 NA
14547 1866 NA
14548 2003 NA
14549 2044 NA
14550 2118 NA
14551 2139 NA
14552 2235 NA
14553 2129 NA
14554 2129 NA
14555 2067 NA
14556 2067 NA
14557 2010 NA
14558 1976 NA
14559 2050 NA
14560 2050 NA
14561 2046 NA
14562 2011 NA
14563 2036 NA
14564 1986 NA
14565 1905 NA
14566 1958 NA
14567 1958 NA
14568 1894 NA
14569 1890 NA
14570 1890 NA
14571 1890 NA
14572 1979 NA
14573 2038 NA
14574 2032 NA
14575 2079 NA
14576 2151 NA
14577 2206 NA
14578 2131 NA
14579 2131 NA
14580 2106 NA
14581 2083 NA
14582 2067 NA
14583 2067 NA
14584 2199 NA
14585 2190 NA
14586 2190 NA
14587 2183 NA
14588 2125 NA
14589 2125 NA
14590 2135 NA
14591 2082 NA
14592 2072 NA
14593 2018 NA
14594 1982 NA
14595 1908 NA
14596 1908 NA
14597 1909 NA
14598 1977 NA
14599 2169 NA
14600 2169 NA
14601 2277 NA
14602 2382 NA
14603 2493 NA
14604 2676 NA
14605 2786 NA
14606 2786 NA
14607 2863 NA
14608 2863 NA
14609 2780 NA
14610 2650 NA
14611 2530 NA
14612 2407 NA
14613 2220 NA
14614 2118 NA
14615 2118 NA
14616 2091 NA
14617 2219 NA
14618 2249 NA
14619 2218 NA
14620 2218 NA
14621 2077 NA
14622 2077 NA
14623 2026 NA
14624 2026 NA
14625 1907 NA
14626 1906 NA
14627 1906 NA
14628 2060 NA
14629 2060 NA
14630 2107 NA
14631 2063 NA
14632 2063 NA
14633 2130 NA
14634 2130 NA
14635 2113 NA
14636 2155 NA
14637 2192 NA
14638 2262 NA
14639 2207 NA
14640 2128 NA
14641 2114 NA
14642 2114 NA
14643 2116 NA
14644 2116 NA
14645 2108 NA
14646 2160 NA
14647 2134 NA
14648 2129 NA
14649 2129 NA
14650 2152 NA
14651 2172 NA
14652 2189 NA
14653 2189 NA
14654 2222 NA
14655 2274 NA
14656 2274 NA
14657 2325 NA
14658 2478 NA
14659 2584 NA
14660 2584 NA
14661 2698 NA
14662 2861 NA
14663 2861 NA
14664 2681 NA
14665 2661 NA
14666 2649 NA
14667 2649 NA
14668 2714 NA
14669 2659 NA
14670 2640 NA
14671 2631 NA
14672 2631 NA
14673 2631 NA
14674 2632 NA
14675 2602 NA
14676 2585 NA
14677 2557 NA
14678 2591 NA
14679 2659 NA
14680 2764 NA
14681 2555 NA
14682 2458 NA
14683 2348 NA
14684 2348 NA
14685 2270 NA
14686 2176 NA
14687 2104 NA
14688 2147 NA
14689 2151 NA
14690 2130 NA
14691 2080 NA
14692 2080 NA
14693 2017 NA
14694 1937 NA
14695 1937 NA
14696 1989 NA
14697 2087 NA
14698 2141 NA
14699 2236 NA
14700 2326 NA
14701 2416 NA
14702 2481 NA
14703 2592 NA
14704 2699 NA
14705 2908 NA
14706 2908 NA
14707 3002 NA
14708 3191 NA
14709 3191 NA
14710 3294 NA
14711 3233 NA
14712 2958 NA
14713 2958 NA
14714 2822 NA
14715 2553 NA
14716 2553 NA
14717 2319 NA
14718 2225 NA
14719 2225 NA
14720 2035 NA
14721 2035 NA
14722 1909 NA
14723 1909 NA
14724 1964 NA
14725 2053 NA
14726 2122 NA
14727 2033 NA
14728 2033 NA
14729 1944 NA
14730 1901 NA
14731 1910 NA
14732 1934 NA
14733 1934 NA
14734 1960 NA
14735 1960 NA
14736 2031 NA
14737 2031 NA
14738 2178 NA
14739 2178 NA
14740 2138 NA
14741 2111 NA
14742 2084 NA
14743 2040 NA
14744 2055 NA
14745 2060 NA
14746 2019 NA
14747 1969 NA
14748 1897 NA
14749 1897 NA
14750 1893 NA
14751 1923 NA
14752 1935 NA
14753 1912 NA
14754 1938 NA
14755 1975 NA
14756 1975 NA
14757 1955 NA
14758 1964 NA
14759 1953 NA
14760 1931 NA
14761 1837 NA
14762 1793 NA
14763 1793 NA
14764 1723 NA
14765 1745 NA
14766 1785 NA
14767 1803 NA
14768 1788 NA
14769 1850 NA
14770 1830 NA
14771 1872 NA
14772 1872 NA
14773 1894 NA
14774 1909 NA
14775 1968 NA
14776 1979 NA
14777 1979 NA
14778 1923 NA
14779 1923 NA
14780 1869 NA
14781 1853 NA
14782 1902 NA
14783 1902 NA
14784 1971 NA
14785 1971 NA
14786 2037 NA
14787 2102 NA
14788 2189 NA
14789 2077 NA
14790 2077 NA
14791 2077 NA
14792 2112 NA
14793 2134 NA
14794 2150 NA
14795 2160 NA
14796 2160 NA
14797 2200 NA
14798 2200 NA
14799 2152 NA
14800 2152 NA
14801 2085 NA
14802 2052 NA
14803 2222 NA
14804 2222 NA
14805 2371 NA
14806 2371 NA
14807 2449 NA
14808 2564 NA
14809 2693 NA
14810 2843 NA
14811 2843 NA
14812 3015 NA
14813 3083 NA
14814 3083 NA
14815 3078 NA
14816 3112 NA
14817 3250 NA
14818 3251 NA
14819 3038 NA
14820 3038 NA
14821 2936 NA
14822 2885 NA
14823 2631 NA
14824 2631 NA
14825 2502 NA
14826 2399 NA
14827 2326 NA
14828 2244 NA
14829 2206 NA
14830 2242 NA
14831 2241 NA
14832 2154 NA
14833 2154 NA
14834 2127 NA
14835 2078 NA
14836 2072 NA
14837 2047 NA
14838 2058 NA
14839 2058 NA
14840 2002 NA
14841 2002 NA
14842 1976 NA
14843 2002 NA
14844 2066 NA
14845 2106 NA
14846 2032 NA
14847 2057 NA
14848 1997 NA
14849 1997 NA
14850 2014 NA
14851 2008 NA
14852 1960 NA
14853 1960 NA
14854 1922 NA
14855 1975 NA
14856 1887 NA
14857 1848 NA
14858 1848 NA
14859 2023 NA
14860 2023 NA
14861 2058 NA
14862 2116 NA
14863 2222 NA
14864 2333 NA
14865 2450 NA
14866 2697 NA
14867 2697 NA
14868 2832 NA
14869 2968 NA
14870 3241 NA
14871 3241 NA
14872 3572 NA
14873 3572 NA
14874 3930 NA
14875 3930 NA
14876 4001 NA
14877 3805 NA
14878 3621 NA
14879 3296 NA
14880 3134 NA
14881 3134 NA
14882 2837 NA
14883 2837 NA
14884 2696 NA
14885 2562 NA
14886 2434 NA
14887 2312 NA
14888 2197 NA
14889 2089 NA
14890 1888 NA
14891 1888 NA
14892 1847 NA
14893 1864 NA
14894 1864 NA
14895 1814 NA
14896 1773 NA
14897 1730 NA
14898 1730 NA
14899 1820 NA
14900 1810 NA
14901 1930 NA
14902 1930 NA
14903 1910 NA
14904 1910 NA
14905 1954 NA
14906 1879 NA
14907 1950 NA
14908 1950 NA
14909 1986 NA
14910 2014 NA
14911 2009 NA
14912 1989 NA
14913 2021 NA
14914 2097 NA
14915 2097 NA
14916 2194 NA
14917 2296 NA
14918 2378 NA
14920 2555 NA
14921 2817 NA
14922 2958 NA
14923 2958 NA
14924 3097 NA
14925 3239 NA
14926 3345 NA
14927 3433 NA
14928 3448 NA
14929 3448 NA
14930 3121 NA
14931 3121 NA
14932 2973 NA
14933 2830 NA
14934 2559 NA
14935 2559 NA
14936 2431 NA
14937 2309 NA
14938 2195 NA
14939 2087 NA
14940 1983 NA
14941 1866 NA
14942 1866 NA
14943 1905 NA
14944 2066 NA
14945 2129 NA
14946 2129 NA
14947 2196 NA
14948 2231 NA
14949 2339 NA
14950 2339 NA
14951 2279 NA
14952 2246 NA
14953 2246 NA
14954 2138 NA
14955 2067 NA
14956 2007 NA
14957 1936 NA
14958 1979 NA
14959 2051 NA
14960 2206 NA
14961 2206 NA
14962 2282 NA
14963 2282 NA
14964 2237 NA
14965 2109 NA
14966 2014 NA
14967 1936 NA
14968 1936 NA
14969 1839 NA
14970 1795 NA
14971 1777 NA
14972 1774 NA
14973 1808 NA
14974 1868 NA
14975 1868 NA
14976 1869 NA
14979 1728 NA
14981 1621 NA
14983 1522 NA
14984 1496 NA
14985 1466 NA
14986 1361 NA
14987 1384 NA
14988 1422 NA
14990 1465 NA
14991 1533 NA
14992 1587 NA
14993 1588 NA
14995 1585 NA
14996 1620 NA
14998 1616 NA
15000 1624 NA
15001 1700 NA
15003 1632 NA
15005 1642 NA
15007 1582 NA
15008 1430 NA
15011 1408 NA
15013 1482 NA
15014 1482 NA
15016 1566 NA
15018 1627 NA
15019 1686 NA
15020 1716 NA
15021 1716 NA
15023 1643 NA
15025 1585 NA
15026 1543 NA
15028 1480 NA
15029 1428 NA
15031 1462 NA
15032 1481 NA
15033 1410 NA
15035 1422 NA
15036 1548 NA
15037 1548 NA
15039 1544 NA
15040 1561 NA
15042 1552 NA
15044 1609 NA
15046 1463 NA
15047 1403 NA
15048 1388 NA
15049 1407 NA
15050 1443 NA
15052 1461 NA
15054 1482 NA
15055 1532 NA
15058 1557 NA
15060 1556 NA
15061 1577 NA
15062 1583 NA
15063 1605 NA
15064 1550 NA
15066 1551 NA
15067 1512 NA
15068 1503 NA
15070 1482 NA
15072 1509 NA
15073 1538 NA
15074 1524 NA
15076 1522 NA
15078 1474 NA
15080 1509 NA
15081 1546 NA
15082 1534 NA
15084 1420 NA
15085 1396 NA
15086 1393 NA
15087 1362 NA
15088 1393 NA
15089 1415 NA
15090 1422 NA
15091 1457 NA
15094 1426 NA
15095 1418 NA
15096 1426 NA
15097 1417 NA
15098 1397 NA
15100 1389 NA
15101 1412 NA
15102 1441 NA
15103 1471 NA
15104 1506 NA
15106 1576 NA
15107 1583 NA
15109 1526 NA
15110 1487 NA
15112 1533 NA
15114 1455 NA
15115 1385 NA
15116 1405 NA
15119 1430 NA
15120 1392 NA
15121 1427 NA
15122 1415 NA
15123 1469 NA
15124 1488 NA
15125 1448 NA
15126 1446 NA
15128 1465 NA
15130 1414 NA
15131 1408 NA
15132 1399 NA
15133 1378 NA
15134 1419 NA
15135 1456 NA
15136 1471 NA
15137 1495 NA
15138 1552 NA
15140 1565 NA
15142 1528 NA
15143 1575 NA
15144 1575 NA
15147 1671 NA
15149 1813 NA
15150 1845 NA
15151 1814 NA
15152 1807 NA
15154 1717 NA
15156 1672 NA
15157 1650 NA
15158 1637 NA
15159 1597 NA
15161 1599 NA
15163 1543 NA
15164 1616 NA
15165 1638 NA
15166 1671 NA
15168 1792 NA
15170 1939 NA
15172 1856 NA
15173 1882 NA
15175 1998 NA
15177 2083 NA
15178 2009 NA
15179 1965 NA
15180 1944 NA
15182 1942 NA
15184 1854 NA
15185 1833 NA
15186 1804 NA
15187 1748 NA
15189 1754 NA
15191 1855 NA
15193 1933 NA
15194 1935 NA
15196 1791 NA
15197 1835 NA
15199 1883 NA
15204 1888 NA
15207 1882 NA
15208 1893 NA
15210 1909 NA
15212 1852 NA
15214 1715 NA
15215 1666 NA
15217 1514 NA
15219 1454 NA
15220 1419 NA
15221 1425 NA
15222 1443 NA
15224 1432 NA
15226 1404 NA
15227 1444 NA
15228 1400 NA
15229 1384 NA
15231 1369 NA
15232 1360 NA
15233 1411 NA
15235 1426 NA
15238 1462 NA
15240 1491 NA
15242 1548 NA
15243 1551 NA
15244 1578 NA
15247 1588 NA
15248 1554 NA
15249 1554 NA
15250 1543 NA
15251 1495 NA
15254 1475 NA
15256 1419 NA
15257 1432 NA
15258 1456 NA
15259 1480 NA
15261 1498 NA
15263 1442 NA
15264 1430 NA
15266 1448 NA
15268 1427 NA
15270 1448 NA
15271 1465 NA
15273 1398 NA
15275 1456 NA
15277 1462 NA
15280 1500 NA
15281 1487 NA
15282 1476 NA
15283 1474 NA
15284 1470 NA
15285 1473 NA
15287 1454 NA
15289 1479 NA
15291 1477 NA
15294 1482 NA
15295 1418 NA
15297 1448 NA
15299 1425 NA
15301 1441 NA
15302 1441 NA
15303 1461 NA
15304 1441 NA
15306 1409 NA
15307 1425 NA
15308 1386 NA
15310 1362 NA
15312 1367 NA
15313 1379 NA
15314 1337 NA
15315 1356 NA
15316 1334 NA
15317 1319 NA
15318 1283 NA
15319 1309 NA
15320 1345 NA
15321 1365 NA
15322 1413 NA
15323 1462 NA
15324 1462 NA
15325 1478 NA
15326 1488 NA
15327 1482 NA
15328 1477 NA
15329 1499 NA
15330 1541 NA
15331 1599 NA
15332 1589 NA
15333 1556 NA
15334 1603 NA
15335 1657 NA
15336 1701 NA
15337 1751 NA
15338 1837 NA
15339 1914 NA
15340 1961 NA
15341 1924 NA
15342 1900 NA
15343 1863 NA
15344 1805 NA
15345 1740 NA
15346 1707 NA
15347 1660 NA
15348 1580 NA
15349 1505 NA
15350 1430 NA
15351 1406 NA
15352 1435 NA
15353 1458 NA
15354 1466 NA
15355 1500 NA
15356 1493 NA
15357 1483 NA
15358 1494 NA
15359 1507 NA
15360 1510 NA
15361 1485 NA
15362 1494 NA
15363 1516 NA
15364 1510 NA
15365 1531 NA
15366 1558 NA
15367 1611 NA
15368 1632 NA
15369 1647 NA
15370 1599 NA
15371 1592 NA
15372 1556 NA
15373 1528 NA
15374 1526 NA
15375 1525 NA
15376 1465 NA
15377 1440 NA
15378 1433 NA
15379 1411 NA
15380 1406 NA
15381 1347 NA
15382 1344 NA
15383 1384 NA
15384 1452 NA
15385 1525 NA
15386 1598 NA
15387 1671 NA
15388 1755 NA
15389 1454 NA
15390 1485 NA
15391 1523 NA
15392 1582 NA
15393 1596 NA
15394 1588 NA
15395 1568 NA
15396 1568 NA
15397 1573 NA
15398 1560 NA
15399 1537 NA
15400 1507 NA
15401 1510 NA
15402 1510 NA
15403 1485 NA
15404 1495 NA
15405 1494 NA
15406 1450 NA
15407 1422 NA
15408 1415 NA
15409 1409 NA
15410 1397 NA
15411 1400 NA
15412 1408 NA
15413 1418 NA
15414 1440 NA
15415 1495 NA
15416 1433 NA
15417 1396 NA
15418 1342 NA
15419 1311 NA
15420 1334 NA
15421 1358 NA
15422 1370 NA
15423 1381 NA
15424 1393 NA
15425 1404 NA
15426 1416 NA
15427 1442 NA
15428 1476 NA
15429 1474 NA
15430 1435 NA
15431 1403 NA
15432 1400 NA
15433 1362 NA
15434 1347 NA
15435 1332 NA
15436 1376 NA
15437 1423 NA
15438 1459 NA
15439 1492 NA
15440 1502 NA
15441 1447 NA
15442 1433 NA
15443 1451 NA
15444 1438 NA
15445 1433 NA
15446 1449 NA
15447 1451 NA
15448 1476 NA
15449 1484 NA
15450 1432 NA
15451 1369 NA
15452 1336 NA
15453 1381 NA
15454 1403 NA
15455 1424 NA
15456 1414 NA
15457 1385 NA
15458 1376 NA
15459 1410 NA
15460 1452 NA
15461 1490 NA
15462 1527 NA
15463 1577 NA
15464 1648 NA
15465 1731 NA
15466 1818 NA
15467 1908 NA
15468 1995 NA
15469 2038 NA
15470 2001 NA
15471 1956 NA
15472 1907 NA
15473 1821 NA
15474 1746 NA
15475 1658 NA
15476 1595 NA
15477 1522 NA
15478 1486 NA
15479 1463 NA
15480 1481 NA
15481 1509 NA
15482 1485 NA
15483 1521 NA
15484 1540 NA
15485 1530 NA
15486 1532 NA
15487 1515 NA
15488 1490 NA
15489 1450 NA
15490 1408 NA
15491 1404 NA
15492 1420 NA
15493 1425 NA
15494 1365 NA
15495 1351 NA
15496 1402 NA
15497 1442 NA
15498 1438 NA
15499 1429 NA
15500 1402 NA
15501 1433 NA
15502 1420 NA
15503 1433 NA
15504 1439 NA
15505 1430 NA
15506 1431 NA
15507 1388 NA
15508 1396 NA
15509 1394 NA
15510 1399 NA
15511 1388 NA
15512 1392 NA
15513 1432 NA
15514 1481 NA
15515 1467 NA
15516 1446 NA
15517 1428 NA
15518 1431 NA
15519 1427 NA
15520 1398 NA
15521 1391 NA
15522 1410 NA
15523 1401 NA
15524 1394 NA
15525 1422 NA
15526 1460 NA
15527 1482 NA
15528 1489 NA
15529 1469 NA
15530 1482 NA
15531 1485 NA
15532 1451 NA
15533 1484 NA
15534 1461 NA
15535 1463 NA
15536 1462 NA
15537 1467 NA
15538 1495 NA
15539 1505 NA
15540 1515 NA
15541 1490 NA
15542 1478 NA
15543 1482 NA
15544 1472 NA
15545 1525 NA
15546 1578 NA
15547 1579 NA
15548 1554 NA
15549 1553 NA
15550 1555 NA
15551 1497 NA
15552 1500 NA
15553 1499 NA
15554 1497 NA
15555 1480 NA
15556 1454 NA
15557 1488 NA
15558 1476 NA
15559 1453 NA
15560 1481 NA
15561 1556 NA
15562 1617 NA
15563 1613 NA
15564 1582 NA
15565 1628 NA
15566 1651 NA
15567 1630 NA
15568 1631 NA
15569 1652 NA
15570 1667 NA
15571 1654 NA
15572 1618 NA
15573 1579 NA
15574 1624 NA
15575 1667 NA
15576 1721 NA
15577 1766 NA
15578 1797 NA
15579 1717 NA
15580 1679 NA
15581 1649 NA
15582 1581 NA
15583 1570 NA
15584 1555 NA
15585 1547 NA
15586 1537 NA
15587 1601 NA
15588 1667 NA
15589 1702 NA
15590 1679 NA
15591 1647 NA
15592 1575 NA
15593 1499 NA
15594 1476 NA
15595 1439 NA
15596 1406 NA
15597 1438 NA
15598 1433 NA
15599 1441 NA
15600 1416 NA
15601 1361 NA
15602 1393 NA
15603 1417 NA
15604 1406 NA
15605 1403 NA
15606 1427 NA
15607 1480 NA
15608 1485 NA
15609 1522 NA
15610 1531 NA
15611 1507 NA
15612 1501 NA
15613 1464 NA
15614 1422 NA
15615 1419 NA
15616 1377 NA
15617 1364 NA
15618 1349 NA
15619 1379 NA
15620 1389 NA
15621 1395 NA
15622 1429 NA
15623 1423 NA
15624 1460 NA
15625 1459 NA
15626 1433 NA
15627 1461 NA
15628 1495 NA
15629 1528 NA
15630 1557 NA
15631 1551 NA
15632 1496 NA
15633 1474 NA
15634 1463 NA
15635 1428 NA
15636 1423 NA
15637 1391 NA
15638 1393 NA
15639 1421 NA
15640 1447 NA
15641 1403 NA
15642 1340 NA
15643 1324 NA
15644 1370 NA
15645 1404 NA
15646 1392 NA
15647 1423 NA
15648 1453 NA
15649 1441 NA
15650 1454 NA
15651 1466 NA
15652 1479 NA
15653 1492 NA
15654 1504 NA
15655 1517 NA
15656 1529 NA
15657 1542 NA
15658 1519 NA
15659 1515 NA
15660 1475 NA
15661 1457 NA
15662 1489 NA
15663 1466 NA
15664 1511 NA
15665 1577 NA
15666 1615 NA
15667 1649 NA
15668 1664 NA
15669 1737 NA
15670 1712 NA
15671 1714 NA
15672 1725 NA
15673 1729 NA
15674 1755 NA
15675 1679 NA
15676 1597 NA
15677 1526 NA
15678 1456 NA
15679 1409 NA
15680 1378 NA
15681 1371 NA
15682 1387 NA
15683 1356 NA
15684 1410 NA
15685 1440 NA
15686 1487 NA
15687 1503 NA
15688 1539 NA
15689 1572 NA
15690 1609 NA
15691 1617 NA
15692 1665 NA
15693 1609 NA
15694 1529 NA
15695 1459 NA
15696 1426 NA
15697 1434 NA
15698 1451 NA
15699 1435 NA
15700 1448 NA
15701 1473 NA
15702 1453 NA
15703 1419 NA
15704 1420 NA
15705 1439 NA
15706 1455 NA
15707 1448 NA
15708 1452 NA
15709 1504 NA
15710 1474 NA
15711 1439 NA
15712 1462 NA
15713 1452 NA
15714 1482 NA
15715 1461 NA
15716 1449 NA
15717 1436 NA
15718 1413 NA
15719 1406 NA
15720 1370 NA
15721 1372 NA
15722 1378 NA
15723 1377 NA
15724 1355 NA
15725 1380 NA
15726 1397 NA
15727 1366 NA
15728 1347 NA
15729 1330 NA
15730 1338 NA
15731 1341 NA
15732 1359 NA
15733 1373 NA
15734 1426 NA
15735 1448 NA
15736 1489 NA
15737 1513 NA
15738 1511 NA
15739 1510 NA
15740 1477 NA
15741 1433 NA
15742 1450 NA
15743 1443 NA
15744 1434 NA
15745 1436 NA
15746 1425 NA
15747 1425 NA
15748 1402 NA
15749 1410 NA
15750 1481 NA
15751 1509 NA
15752 1482 NA
15753 1407 NA
15754 1378 NA
15755 1429 NA
15756 1477 NA
15757 1545 NA
15758 1520 NA
15759 1474 NA
15760 1478 NA
15761 1483 NA
15762 1433 NA
15763 1361 NA
15764 1312 NA
15765 1252 NA
15766 1308 NA
15767 1373 NA
15768 1419 NA
15769 1469 NA
15770 1482 NA
15771 1528 NA
15772 1550 NA
15773 1565 NA
15774 1618 NA
15775 1621 NA
15776 1663 NA
15777 1747 NA
15778 1778 NA
15779 1775 NA
15780 1816 NA
15781 1823 NA
15782 1863 NA
15783 1883 NA
15784 1881 NA
15785 1897 NA
15786 1890 NA
15787 1820 NA
15788 1733 NA
15789 1698 NA
15790 1681 NA
15791 1634 NA
15792 1620 NA
15793 1598 NA
15794 1540 NA
15795 1536 NA
15796 1548 NA
15797 1513 NA
15798 1508 NA
15799 1504 NA
15800 1499 NA
15801 1494 NA
15802 1489 NA
15803 1485 NA
15804 1480 NA
15805 1467 NA
15806 1432 NA
15807 1437 NA
15808 1430 NA
15809 1399 NA
15810 1374 NA
15811 1382 NA
15812 1387 NA
15813 1398 NA
15814 1389 NA
15815 1396 NA
15816 1429 NA
15817 1380 NA
15818 1421 NA
15819 1395 NA
15820 1416 NA
15821 1416 NA
15822 1409 NA
15823 1397 NA
15824 1390 NA
15825 1433 NA
15826 1422 NA
15827 1449 NA
15828 1435 NA
15829 1367 NA
15830 1348 NA
15831 1295 NA
15832 1262 NA
15833 1280 NA
15834 1297 NA
15835 1329 NA
15836 1346 NA
15837 1350 NA
15838 1325 NA
15839 1319 NA
15840 1345 NA
15841 1364 NA
15842 1389 NA
15843 1389 NA
15844 1414 NA
15845 1355 NA
15846 1300 NA
15847 1358 NA
15848 1345 NA
15849 1373 NA
15850 1435 NA
15851 1437 NA
15852 1422 NA
15853 1379 NA
15854 1341 NA
15855 1393 NA
15856 1440 NA
15857 1475 NA
15858 1515 NA
15859 1496 NA
15860 1496 NA
15861 1500 NA
15862 1524 NA
15863 1524 NA
15864 1468 NA
15865 1415 NA
15866 1415 NA
15867 1424 NA
15868 1382 NA
15869 1371 NA
15870 1390 NA
15871 1384 NA
15872 1355 NA
15873 1356 NA
15874 1308 NA
15875 1313 NA
15876 1323 NA
15877 1268 NA
15878 1251 NA
15879 1249 NA
15880 1267 NA
15881 1284 NA
15882 1321 NA
15883 1301 NA
15884 1312 NA
15885 1361 NA
15886 1346 NA
15887 1339 NA
15888 1276 NA
15889 1212 NA
15890 1178 NA
15891 1223 NA
15892 1253 NA
15893 1287 NA
15894 1317 NA
15895 1358 NA
15896 1426 NA
15897 1429 NA
15898 1429 NA
15899 1430 NA
15900 1424 NA
15901 1425 NA
15902 1428 NA
15903 1412 NA
15904 1395 NA
15905 1379 NA
15906 1362 NA
15907 1346 NA
15908 1329 NA
15909 1329 NA
15910 1360 NA
15911 1386 NA
15912 1414 NA
15913 1420 NA
15914 1402 NA
15915 1401 NA
15916 1394 NA
15917 1393 NA
15918 1364 NA
15919 1354 NA
15920 1354 NA
15921 1310 NA
15922 1318 NA
15923 1327 NA
15924 1289 NA
15925 1320 NA
15926 1357 NA
15927 1354 NA
15928 1307 NA
15929 1300 NA
15930 1316 NA
15931 1331 NA
15932 1363 NA
15933 1376 NA
15934 1376 NA
15935 1375 NA
15936 1344 NA
15937 1329 NA
15938 1329 NA
15939 1339 NA
15940 1339 NA
15941 1385 NA
15942 1384 NA
15943 1384 NA
15944 1331 NA
15945 1365 NA
15946 1365 NA
15947 1361 NA
15948 1361 NA
15949 1381 NA
15950 1359 NA
15951 1356 NA
15952 1356 NA
15953 1379 NA
15954 1379 NA
15955 1412 NA
15956 1462 NA
15957 1462 NA
15958 1481 NA
15959 1481 NA
15960 1525 NA
15961 1525 NA
15962 1522 NA
15963 1490 NA
15964 1443 NA
15965 1443 NA
15966 1422 NA
15967 1422 NA
15968 1391 NA
15969 1385 NA
15970 1385 NA
15971 1385 NA
15972 1385 NA
15973 1375 NA
15974 1375 NA
15975 1397 NA
15976 1397 NA
15977 1383 NA
15978 1354 NA
15979 1354 NA
15980 1344 NA
15981 1344 NA
15982 1278 NA
15983 1261 NA
15984 1261 NA
15985 1271 NA
15986 1278 NA
15987 1285 NA
15988 1292 NA
15989 1300 NA
15990 1307 NA
15991 1314 NA
15992 1321 NA
15993 1328 NA
15994 1335 NA
15995 1335 NA
15996 1342 NA
15997 1342 NA
15998 1366 NA
15999 1315 NA
16000 1316 NA
16001 1316 NA
16002 1316 NA
16003 1334 NA
16004 1334 NA
16005 1321 NA
16006 1360 NA
16007 1360 NA
16008 1398 NA
16009 1398 NA
16010 1371 NA
16011 1329 NA
16012 1329 NA
16013 1267 NA
16014 1225 NA
16015 1225 NA
16016 1249 NA
16017 1274 NA
16018 1274 NA
16019 1241 NA
16020 1273 NA
16021 1282 NA
16022 1282 NA
16023 1277 NA
16024 1277 NA
16025 1276 NA
16026 1259 NA
16027 1257 NA
16028 1257 NA
16029 1271 NA
16030 1271 NA
16031 1276 NA
16032 1276 NA
16033 1289 NA
16034 1274 NA
16035 1277 NA
16036 1280 NA
16037 1283 NA
16038 1285 NA
16039 1288 NA
16040 1291 NA
16041 1294 NA
16042 1294 NA
16043 1278 NA
16044 1252 NA
16045 1252 NA
16046 1233 NA
16047 1205 NA
16048 1214 NA
16049 1210 NA
16050 1232 NA
16051 1240 NA
16052 1232 NA
16053 1257 NA
16054 1273 NA
16055 1291 NA
16056 1292 NA
16057 1292 NA
16058 1295 NA
16059 1295 NA
16060 1247 NA
16061 1222 NA
16062 1210 NA
16063 1209 NA
16064 1209 NA
16065 1204 NA
16066 1204 NA
16067 1180 NA
16068 1160 NA
16069 1167 NA
16070 1179 NA
16071 1191 NA
16072 1214 NA
16073 1232 NA
16074 1248 NA
16075 1248 NA
16076 1224 NA
16077 1227 NA
16078 1241 NA
16079 1241 NA
16080 1269 NA
16081 1269 NA
16082 1294 NA
16083 1341 NA
16084 1404 NA
16085 1448 NA
16086 1448 NA
16087 1508 NA
16088 1508 NA
16089 1517 NA
16090 1517 NA
16091 1549 NA
16092 1586 NA
16093 1593 NA
16094 1534 NA
16095 1537 NA
16096 1601 NA
16097 1601 NA
16098 1584 NA
16099 1513 NA
16100 1478 NA
16101 1496 NA
16102 1467 NA
16103 1430 NA
16104 1420 NA
16105 1420 NA
16106 1408 NA
16107 1408 NA
16108 1393 NA
16109 1352 NA
16110 1339 NA
16111 1322 NA
16112 1292 NA
16113 1254 NA
16114 1227 NA
16115 1207 NA
16116 1205 NA
16117 1205 NA
16118 1187 NA
16119 1187 NA
16120 1177 NA
16121 1177 NA
16122 1211 NA
16123 1190 NA
16124 1134 NA
16125 1094 NA
16126 1094 NA
16127 1064 NA
16128 1099 NA
16129 1099 NA
16130 1122 NA
16131 1122 NA
16132 1145 NA
16133 1145 NA
16134 1151 NA
16135 1151 NA
16136 1154 NA
16137 1187 NA
16138 1222 NA
16139 1250 NA
16140 1250 NA
16141 1282 NA
16142 1245 NA
16143 1205 NA
16144 1168 NA
16145 1168 NA
16146 1190 NA
16147 1190 NA
16148 1206 NA
16149 1223 NA
16150 1223 NA
16151 1279 NA
16152 1300 NA
16153 1312 NA
16154 1312 NA
16155 1291 NA
16156 1291 NA
16157 1318 NA
16158 1326 NA
16159 1302 NA
16160 1306 NA
16161 1306 NA
16162 1249 NA
16163 1249 NA
16164 1213 NA
16165 1181 NA
16166 1211 NA
16167 1201 NA
16168 1201 NA
16169 1212 NA
16170 1244 NA
16171 1244 NA
16172 1252 NA
16173 1271 NA
16174 1241 NA
16175 1208 NA
16176 1191 NA
16177 1193 NA
16178 1179 NA
16179 1179 NA
16180 1181 NA
16181 1181 NA
16182 1177 NA
16183 1157 NA
16184 1168 NA
16185 1168 NA
16186 1148 NA
16187 1154 NA
16188 1154 NA
16189 1193 NA
16190 1193 NA
16191 1196 NA
16192 1208 NA
16193 1182 NA
16194 1169 NA
16195 1176 NA
16196 1176 NA
16197 1161 NA
16198 1161 NA
16199 1161 NA
16200 1135 NA
16201 1113 NA
16202 1136 NA
16203 1159 NA
16204 1157 NA
16205 1157 NA
16206 1163 NA
16207 1163 NA
16208 1158 NA
16209 1158 NA
16210 1166 NA
16211 1166 NA
16212 1166 NA
16213 1154 NA
16214 1147 NA
16215 1138 NA
16216 1138 NA
16217 1133 NA
16218 1133 NA
16219 1135 NA
16220 1135 NA
16221 1167 NA
16222 1164 NA
16223 1189 NA
16224 1238 NA
16225 1238 NA
16226 1197 NA
16227 1189 NA
16228 1195 NA
16229 1221 NA
16230 1228 NA
16231 1218 NA
16232 1193 NA
16233 1164 NA
16234 1146 NA
16235 1140 NA
16236 1145 NA
16237 1169 NA
16238 1179 NA
16239 1199 NA
16240 1199 NA
16241 1221 NA
16242 1266 NA
16243 1269 NA
16244 1288 NA
16245 1288 NA
16246 1288 NA
16247 1290 NA
16248 1279 NA
16249 1281 NA
16250 1268 NA
16251 1297 NA
16252 1263 NA
16253 1259 NA
16254 1271 NA
16255 1302 NA
16256 1312 NA
16257 1312 NA
16258 1372 NA
16259 1412 NA
16260 1412 NA
16261 1349 NA
16262 1289 NA
16263 1228 NA
16264 1175 NA
16265 1155 NA
16266 1182 NA
16267 1214 NA
16268 1200 NA
16269 1202 NA
16270 1211 NA
16271 1211 NA
16272 1235 NA
16273 1241 NA
16274 1255 NA
16275 1221 NA
16276 1221 NA
16277 1220 NA
16278 1216 NA
16279 1231 NA
16280 1231 NA
16281 1272 NA
16282 1307 NA
16283 1339 NA
16284 1365 NA
16285 1413 NA
16286 1449 NA
16287 1506 NA
16288 1503 NA
16289 1485 NA
16290 1434 NA
16291 1362 NA
16292 1293 NA
16293 1245 NA
16294 1187 NA
16295 1152 NA
16296 1157 NA
16297 1195 NA
16298 1214 NA
16299 1219 NA
16300 1214 NA
16301 1222 NA
16302 1222 NA
16303 1207 NA
16304 1167 NA
16305 1142 NA
16306 1155 NA
16307 1155 NA
16308 1142 NA
16309 1199 NA
16310 1227 NA
16311 1245 NA
16312 1222 NA
16313 1222 NA
16314 1204 NA
16315 1198 NA
16316 1189 NA
16317 1176 NA
16318 1169 NA
16319 1166 NA
16320 1180 NA
16321 1210 NA
16322 1209 NA
16323 1201 NA
16324 1192 NA
16325 1192 NA
16326 1210 NA
16327 1230 NA
16328 1216 NA
16329 1254 NA
16330 1270 NA
16331 1270 NA
16332 1285 NA
16333 1276 NA
16334 1307 NA
16335 1275 NA
16336 1275 NA
16337 1270 NA
16338 1265 NA
16339 1236 NA
16340 1236 NA
16341 1223 NA
16342 1224 NA
16343 1224 NA
16344 1213 NA
16345 1240 NA
16346 1240 NA
16347 1219 NA
16348 1230 NA
16349 1201 NA
16350 1142 NA
16351 1101 NA
16352 1101 NA
16353 1128 NA
16354 1128 NA
16355 1140 NA
16356 1131 NA
16357 1140 NA
16358 1140 NA
16359 1146 NA
16360 1146 NA
16361 1149 NA
16362 1143 NA
16363 1155 NA
16364 1165 NA
16365 1165 NA
16366 1157 NA
16367 1157 NA
16368 1156 NA
16369 1125 NA
16370 1172 NA
16371 1172 NA
16372 1223 NA
16373 1254 NA
16374 1254 NA
16375 1211 NA
16376 1152 NA
16377 1094 NA
16378 1039 NA
16379 1039 NA
16380 997 NA
16381 992 NA
16382 972 NA
16383 964 NA
16384 964 NA
16385 968 NA
16386 980 NA
16387 1005 NA
16388 1038 NA
16389 1073 NA
16390 1073 NA
16391 1094 NA
16392 1107 NA
16393 1143 NA
16394 1143 NA
16395 1200 NA
16396 1244 NA
16397 1244 NA
16398 1269 NA
16399 1314 NA
16400 1361 NA
16401 1330 NA
16402 1330 NA
16403 1264 NA
16404 1295 NA
16405 1295 NA
16406 1316 NA
16407 1327 NA
16408 1327 NA
16409 1319 NA
16410 1341 NA
16411 1348 NA
16412 1281 NA
16413 1251 NA
16414 1251 NA
16415 1219 NA
16416 1264 NA
16417 1264 NA
16418 1244 NA
16419 1244 NA
16420 1240 NA
16421 1247 NA
16422 1237 NA
16423 1237 NA
16424 1218 NA
16425 1176 NA
16426 1214 NA
16427 1214 NA
16428 1221 NA
16429 1268 NA
16430 1265 NA
16431 1257 NA
16432 1257 NA
16433 1229 NA
16434 1244 NA
16435 1241 NA
16436 1241 NA
16437 1221 NA
16438 1209 NA
16439 1227 NA
16440 1181 NA
16441 1181 NA
16442 1144 NA
16443 1138 NA
16444 1138 NA
16445 1124 NA
16446 1091 NA
16447 1118 NA
16448 1137 NA
16449 1139 NA
16450 1142 NA
16451 1142 NA
16452 1118 NA
16453 1077 NA
16454 1112 NA
16455 1151 NA
16456 1151 NA
16457 1195 NA
16458 1172 NA
16459 1183 NA
16460 1198 NA
16461 1152 NA
16462 1117 NA
16463 1117 NA
16464 1112 NA
16465 1112 NA
16466 1127 NA
16467 1127 NA
16468 1138 NA
16469 1138 NA
16470 1129 NA
16471 1129 NA
16472 1139 NA
16473 1139 NA
16474 1135 NA
16475 1115 NA
16476 1114 NA
16477 1102 NA
16478 1102 NA
16479 1078 NA
16480 1051 NA
16481 1073 NA
16482 1079 NA
16483 1105 NA
16484 1105 NA
16485 1104 NA
16486 1064 NA
16487 1016 NA
16488 975 NA
16489 947 NA
16490 937 NA
16491 937 NA
16492 948 NA
16493 978 NA
16494 1005 NA
16495 976 NA
16496 1018 NA
16497 1018 NA
16498 997 NA
16499 997 NA
16500 1041 NA
16501 1066 NA
16502 1066 NA
16503 1056 NA
16504 1056 NA
16505 1043 NA
16506 1043 NA
16507 1068 NA
16508 1042 NA
16509 1074 NA
16510 1074 NA
16511 1071 NA
16512 1100 NA
16513 1100 NA
16514 1096 NA
16515 1096 NA
16516 1104 NA
16517 1104 NA
16518 1111 NA
16519 1111 NA
16520 1097 NA
16521 1097 NA
16522 1097 NA
16523 1122 NA
16524 1122 NA
16525 1118 NA
16526 1127 NA
16527 1127 NA
16528 1116 NA
16529 1116 NA
16530 1082 NA
16531 1115 NA
16532 1115 NA
16533 1083 NA
16534 1083 NA
16535 1128 NA
16536 1146 NA
16537 1194 NA
16538 1194 NA
16539 1210 NA
16540 1188 NA
16541 1188 NA
16542 1162 NA
16543 1135 NA
16544 1135 NA
16545 1123 NA
16546 1123 NA
16547 1104 NA
16548 1104 NA
16549 1096 NA
16550 1096 NA
16551 1102 NA
16552 1102 NA
16553 1093 NA
16554 1093 NA
16555 1119 NA
16556 1119 NA
16557 1103 NA
16558 1103 NA
16559 1088 NA
16560 1088 NA
16561 1109 NA
16562 1109 NA
16563 1091 NA
16564 1091 NA
16565 1121 NA
16566 1121 NA
16567 1121 NA
16568 1121 NA
16569 1147 NA
16570 1147 NA
16571 1151 NA
16572 1151 NA
16573 1129 NA
16574 1129 NA
16575 1112 NA
16576 1112 NA
16577 1093 NA
16578 1093 NA
16579 1103 NA
16580 1103 NA
16581 1081 NA
16582 1081 NA
16583 1112 NA
16584 1112 NA
16585 1145 NA
16586 1145 NA
16587 1148 NA
16588 1132 NA
16589 1132 NA
16590 1154 NA
16591 1154 NA
16592 1173 NA
16593 1173 NA
16594 1174 NA
16595 1193 NA
16596 1193 NA
16597 1188 NA
16598 1188 NA
16599 1197 NA
16600 1197 NA
16601 1144 NA
16602 1144 NA
16603 1104 NA
16604 1104 NA
16605 1112 NA
16606 1107 NA
16607 1107 NA
16608 1095 NA
16609 1123 NA
16610 1123 NA
16611 1139 NA
16612 1139 NA
16613 1132 NA
16614 1132 NA
16615 1137 NA
16616 1137 NA
16617 1149 NA
16618 1170 NA
16619 1170 NA
16620 1129 NA
16621 1129 NA
16622 1081 NA
16623 1081 NA
16624 1047 NA
16625 1041 NA
16626 1041 NA
16627 1056 NA
16628 1056 NA
16629 1050 NA
16630 1050 NA
16631 1055 NA
16632 1055 NA
16633 1057 NA
16634 1057 NA
16635 1086 NA
16636 1086 NA
16637 1058 NA
16638 1063 NA
16639 1063 NA
16640 1067 NA
16641 1067 NA
16642 1082 NA
16643 1082 NA
16644 1046 NA
16645 1074 NA
16646 1074 NA
16647 1061 NA
16648 1061 NA
16649 1097 NA
16650 1097 NA
16651 1101 NA
16652 1101 NA
16653 1113 NA
16654 1113 NA
16655 1080 NA
16656 1080 NA
16657 1079 NA
16658 1079 NA
16659 1098 NA
16660 1098 NA
16661 1074 NA
16662 1074 NA
16663 1078 NA
16664 1078 NA
16665 1063 NA
16666 1063 NA
16668 1104 NA
16669 1098 NA
16670 1098 NA
16671 1098 NA
16672 1127 NA
16673 1149 NA
16674 1149 NA
16675 1154 NA
16676 1154 NA
16677 1147 NA
16678 1147 NA
16679 1147 NA
16680 1183 NA
16681 1141 NA
16682 1141 NA
16683 1095 NA
16684 1080 NA
16685 1080 NA
16686 1068 NA
16687 1068 NA
16688 1068 NA
16689 1043 NA
16690 1053 NA
16691 1053 NA
16692 1088 NA
16693 1088 NA
16694 1076 NA
16695 1076 NA
16696 1047 NA
16697 1047 NA
16698 1037 NA
16699 1037 NA
16700 1065 NA
16701 1065 NA
16702 1037 NA
16703 1037 NA
16704 1013 NA
16705 968 NA
16706 973 NA
16707 963 NA
16708 963 NA
16709 950 NA
16710 950 NA
16711 963 NA
16712 963 NA
16714 994 NA
16717 1014 NA
16719 1010 NA
16720 1010 NA
16721 1007 NA
16722 1007 NA
16723 1005 NA
16724 1005 NA
16725 1035 NA
16726 1035 NA
16727 1035 NA
16728 1016 NA
16729 1049 NA
16730 1049 NA
16731 1051 NA
16732 1051 NA
16733 1056 NA
16734 1056 NA
16735 1022 NA
16736 1043 NA
16737 1054 NA
16738 1054 NA
16739 1059 NA
16740 1059 NA
16741 1059 NA
16742 1078 NA
16743 1046 NA
16744 1046 NA
16745 1036 NA
16746 1036 NA
16747 1060 NA
16748 1060 NA
16749 1067 NA
16750 1067 NA
16751 1058 NA
16752 1058 NA
16753 1058 NA
16754 1050 NA
16755 1050 NA
16756 1070 NA
16757 1070 NA
16759 1078 NA
16760 1068 NA
16761 1068 NA
16762 1068 NA
16763 1033 NA
16764 1033 NA
16765 1073 NA
16766 1073 NA
16767 1103 NA
16768 1103 NA
16769 1103 NA
16770 1128 NA
16771 1142 NA
16772 1142 NA
16773 1160 NA
16774 1160 NA
16775 1179 NA
16776 1179 NA
16777 1200 NA
16778 1229 NA
16779 1229 NA
16780 1216 NA
16781 1216 NA
16782 1210 NA
16783 1210 NA
16784 1208 NA
16785 1208 NA
16786 1183 NA
16787 1183 NA
16788 1203 NA
16789 1203 NA
16790 1259 NA
16791 1259 NA
16792 1321 NA
16793 1368 NA
16794 1368 NA
16795 1421 NA
16796 1421 NA
16797 1452 NA
16798 1452 NA
16799 1436 NA
16800 1436 NA
16801 1410 NA
16802 1410 NA
16803 1413 NA
16804 1413 NA
16805 1469 NA
16807 1532 NA
16808 1532 NA
16809 1574 NA
16810 1574 NA
16811 1541 NA
16812 1541 NA
16813 1550 NA
16814 1550 NA
16815 1566 NA
16816 1566 NA
16817 1577 NA
16818 1577 NA
16819 1656 NA
16820 1656 NA
16821 1675 NA
16822 1675 NA
16823 1708 NA
16824 1708 NA
16825 1794 NA
16826 1884 NA
16827 1979 NA
16828 2078 NA
16829 2166 NA
16830 2250 NA
16831 2358 NA
16832 2358 NA
16833 2476 NA
16834 2709 NA
16835 2709 NA
16836 2844 NA
16837 2986 NA
16838 2986 NA
16839 3103 NA
16840 3203 NA
16841 3324 NA
16842 3324 NA
16843 3491 NA
16844 3627 NA
16845 3809 NA
16846 3809 NA
16847 4189 NA
16848 4189 NA
16849 4399 NA
16850 4399 NA
16851 4605 NA
16852 4605 NA
16853 4605 NA
16854 4774 NA
16855 5002 NA
16856 5002 NA
16857 5127 NA
16858 5144 NA
16859 4903 NA
16860 4658 NA
16861 4485 NA
16862 4583 NA
16863 4607 NA
16864 4607 NA
16865 4773 NA
16866 4970 NA
16867 4970 NA
16869 4841 NA
16870 4841 NA
16871 4604 NA
16872 4682 NA
16873 4743 NA
16874 4743 NA
16875 4820 NA
16876 4820 NA
16877 4944 NA
16878 4804 NA
16879 4763 NA
16880 4763 NA
16881 4898 NA
16882 4898 NA
16883 5002 NA
16884 5203 NA
16885 5212 NA
16886 5383 NA
16887 5541 NA
16888 5541 NA
16889 5581 NA
16890 5456 NA
16891 5456 NA
16892 5300 NA
16893 5300 NA
16894 5315 NA
16895 5098 NA
16896 4852 NA
16897 4630 NA
16898 4449 NA
16899 4449 NA
16900 4570 NA
16901 4513 NA
16902 4513 NA
16903 4531 NA
16904 4712 NA
16905 4805 NA
16906 4805 NA
16907 4844 NA
16908 4770 NA
16909 4534 NA
16910 4534 NA
16911 4548 NA
16912 4548 NA
16913 4617 NA
16914 4617 NA
16915 4694 NA
16916 4694 NA
16917 4582 NA
16918 4356 NA
16919 4147 NA
16920 3954 NA
16921 3954 NA
16922 3934 NA
16923 3903 NA
16924 3903 NA
16925 4044 NA
16926 4044 NA
16927 4083 NA
16928 4083 NA
16929 4214 NA
16930 4221 NA
16931 4221 NA
16932 4230 NA
16933 4230 NA
16934 4123 NA
16935 4123 NA
16936 4116 NA
16937 4116 NA
16938 4120 NA
16939 4195 NA
16940 4195 NA
16941 4378 NA
16942 4550 NA
16943 4550 NA
16944 4550 NA
16945 4665 NA
16946 4673 NA
16947 4547 NA
16948 4547 NA
16949 4338 NA
16950 4338 NA
16951 4131 NA
16952 4073 NA
16953 4073 NA
16954 4013 NA
16955 4013 NA
16956 4072 NA
16957 4072 NA
16958 4208 NA
16959 4400 NA
16960 4400 NA
16961 4457 NA
16966 4246 NA
16968 4371 NA
16969 4380 NA
16970 4444 NA
16971 4444 NA
16972 4269 NA
16973 4068 NA
16974 4068 NA
16975 3992 NA
16976 3825 NA
16977 3825 NA
16978 3834 NA
16979 3834 NA
16980 3824 NA
16981 3909 NA
16982 3909 NA
16984 3976 NA
16985 3907 NA
16986 3907 NA
16987 3811 NA
16988 3728 NA
16989 3746 NA
16990 3819 NA
16991 3819 NA
16992 3827 NA
16993 3827 NA
16994 3895 NA
16998 4091 NA
16999 4091 NA
17000 4018 NA
17001 4055 NA
17002 4055 NA
17006 4184 NA
17007 4184 NA
17012 4333 NA
17014 4205 NA
17015 4168 NA
17016 4256 NA
17017 4256 NA
17018 4254 NA
17019 4254 NA
17020 4183 NA
17021 4183 NA
17022 4240 NA
17023 4406 NA
17024 4406 NA
17025 4343 NA
17026 4258 NA
17027 4258 NA
17028 4258 NA
17029 4306 NA
17031 4095 NA
17032 4152 NA
17033 4152 NA
17034 4284 NA
17035 4284 NA
17036 4302 NA
17037 4420 NA
17038 4420 NA
17039 4395 NA
17040 4395 NA
17042 4495 NA
17044 4457 NA
17045 4528 NA
17046 4528 NA
17047 4643 NA
17048 4643 NA
17049 4748 NA
17050 4936 NA
17051 4936 NA
17052 5070 NA
17053 5070 NA
17054 5059 NA
17055 5059 NA
17056 5077 NA
17057 5077 NA
17058 5207 NA
17059 5207 NA
17060 5165 NA
17061 5165 NA
17062 5170 NA
17063 5170 NA
17064 4944 NA
17069 4583 NA
17070 4583 NA
17071 4353 NA
17072 4135 NA
17073 3970 NA
17075 3873 NA
17076 3815 NA
17077 3815 NA
17078 3787 NA
17079 3787 NA
17080 3864 NA
17081 3864 NA
17083 4074 NA
17084 4074 NA
17085 4051 NA
17086 4051 NA
17087 3930 NA
17088 3930 NA
17089 3961 NA
17091 3915 NA
17092 3915 NA
17093 3902 NA
17094 3902 NA
17095 3902 NA
17096 3809 NA
17097 3809 NA
17098 3809 NA
17099 3821 NA
17100 3719 NA
17101 3719 NA
17102 3838 NA
17103 3838 NA
17104 3996 NA
17105 3996 NA
17106 3986 NA
17107 3986 NA
17108 3986 NA
17109 3891 NA
17110 3891 NA
17111 3786 NA
17112 3786 NA
17113 3786 NA
17114 3925 NA
17115 3925 NA
17117 3989 NA
17118 3989 NA
17119 3989 NA
17123 3932 NA
17124 3900 NA
17125 3900 NA
17126 3900 NA
17127 3816 NA
17129 3813 NA
17130 3816 NA
17131 3816 NA
17132 3834 NA
17133 3834 NA
17134 3783 NA
17135 3783 NA
17136 3742 NA
17138 3718 NA
17139 3718 NA
17140 3680 NA
17141 3680 NA
17142 3682 NA
17143 3682 NA
17144 3586 NA
17145 3586 NA
17146 3606 NA
17147 3637 NA
17148 3637 NA
