"Index" "Price" "Volume"
16842 5000 NA
16843 5000 NA
16844 5000 NA
16845 5000 NA
16846 5000 NA
16847 5000 NA
16848 5000 NA
16849 5000 NA
16850 5000 NA
16851 5000 NA
16852 5000 NA
16853 5000 NA
16854 5000 NA
16855 5000 NA
16856 5000 NA
16857 5000 NA
16858 5000 NA
16859 5000 NA
16860 5000 NA
16861 5000 NA
16862 5000 NA
16863 5000 NA
16864 5000 NA
16865 5000 NA
16866 5000 NA
16867 5000 NA
16868 5000 NA
16869 5000 NA
16870 5000 NA
16871 5000 NA
16872 5000 NA
16873 5000 NA
16874 5000 NA
16875 5000 NA
16876 5000 NA
16877 5000 NA
16878 5000 NA
16879 5000 NA
16880 5000 NA
16881 5000 NA
16882 5000 NA
16883 5000 NA
16884 5000 NA
16885 5000 NA
16886 5000 NA
16887 5000 NA
16888 5000 NA
16889 5000 NA
16890 5000 NA
16891 5000 NA
16892 5000 NA
16893 5000 NA
16894 5000 NA
16895 5000 NA
16896 5000 NA
16897 5000 NA
16898 5000 NA
16899 5000 NA
16900 5000 NA
16901 5000 NA
16902 5000 NA
16903 5000 NA
16904 5000 NA
16905 5000 NA
16906 5000 NA
16907 5000 NA
16908 5000 NA
16909 5000 NA
16910 5000 NA
16911 5000 NA
16912 5000 NA
16913 5000 NA
16914 5000 NA
16915 5000 NA
16916 5000 NA
16917 5000 NA
16918 5000 NA
16919 5000 NA
16920 5000 NA
16921 5000 NA
16922 5000 NA
16923 5000 NA
16924 5000 NA
16925 5000 NA
16926 5000 NA
16927 5000 NA
16928 5000 NA
16929 5000 NA
16930 5000 NA
16931 5000 NA
16932 5000 NA
16933 5000 NA
16934 5000 NA
16935 5000 NA
16936 5000 NA
16937 5000 NA
16938 5000 NA
16939 5000 NA
16940 5000 NA
16941 5000 NA
16942 5000 NA
16943 5000 NA
16944 5000 NA
16945 5000 NA
16946 5000 NA
16947 5000 NA
16948 5000 NA
16949 5000 NA
16950 5000 NA
16951 5000 NA
16952 5000 NA
16953 5000 NA
16954 5000 NA
16955 5000 NA
16956 5000 NA
16957 5000 NA
16958 5000 NA
16959 5000 NA
16960 5000 NA
16961 5000 NA
16962 5000 NA
16963 5000 NA
16964 5000 NA
16965 5000 NA
16966 5000 NA
16967 5000 NA
16968 5000 NA
16969 5000 NA
16970 5000 NA
16971 5000 NA
16972 5000 NA
16973 5000 NA
16974 5000 NA
16975 5000 NA
16976 5000 NA
16977 5000 NA
16978 5000 NA
16979 5000 NA
16980 5000 NA
16981 5000 NA
16982 5000 NA
16983 5000 NA
16984 5000 NA
16985 5000 NA
16986 5000 NA
16987 5000 NA
16988 5000 NA
16989 5000 NA
16990 5000 NA
16991 5000 NA
16992 5000 NA
16993 5000 NA
16994 5000 NA
16995 5000 NA
16996 5000 NA
16997 5000 NA
16998 5000 NA
16999 5000 NA
17000 5000 NA
17001 5000 NA
17002 5000 NA
17003 5000 NA
17004 5000 NA
17005 5000 NA
17006 5000 NA
17007 5000 NA
17008 5000 NA
17009 5000 NA
17010 5000 NA
17011 5000 NA
17012 5000 NA
17013 5000 NA
17014 5000 NA
17015 5000 NA
17016 5000 NA
17017 5000 NA
17018 5000 NA
17019 5000 NA
17020 5000 NA
17021 5250 NA
17057 15226 NA
17058 15983 NA
17059 15983 NA
17060 16783 NA
17061 16783 NA
17062 17616 NA
17063 18461 NA
17064 19360 NA
17069 22375 NA
17070 22375 NA
17071 23494 NA
17072 24610 NA
17073 25809 NA
17075 27046 NA
17076 28371 NA
17077 28371 NA
17078 29671 NA
17079 29671 NA
17080 31155 NA
17081 31155 NA
17083 34268 NA
17084 34268 NA
17085 34268 NA
17086 35982 NA
17087 35982 NA
17088 37722 NA
17089 37722 NA
17091 39559 NA
17092 39559 NA
17093 41537 NA
17094 41537 NA
17095 41537 NA
17096 43614 NA
17097 43614 NA
17098 43614 NA
17099 45456 NA
17100 45456 NA
17101 46784 NA
17102 46784 NA
17103 46784 NA
17104 48026 NA
17105 48026 NA
17106 48026 NA
17107 47774 NA
17108 47774 NA
17109 47774 NA
17110 47774 NA
17111 47947 NA
17112 47947 NA
17113 47947 NA
17114 47947 NA
17115 47384 NA
17117 47384 NA
17118 45578 NA
17119 45578 NA
17123 44611 NA
17124 44611 NA
17125 43131 NA
17126 43131 NA
17127 43131 NA
17129 41213 NA
17130 41213 NA
17131 41213 NA
17132 39210 NA
17133 39210 NA
17134 39210 NA
17135 39210 NA
17136 37745 NA
17138 37745 NA
17139 37745 NA
17140 36032 NA
17141 36032 NA
17142 36032 NA
17143 36032 NA
17144 35252 NA
17145 35252 NA
17146 35252 NA
17147 35252 NA
17148 35494 NA
