"Index" "Price" "Volume"
14019 496000 NA
14020 489600 NA
14021 455000 NA
14022 455000 NA
14023 436200 NA
14024 436200 NA
14025 430200 NA
14026 430200 NA
14027 438300 NA
14028 438300 NA
14029 472900 NA
14030 472900 NA
14031 484600 NA
14032 489500 NA
14033 491900 NA
14034 491600 NA
14035 492400 NA
14036 492100 NA
14037 490600 NA
14038 490600 NA
14039 483900 NA
14040 483900 NA
14041 467500 NA
14042 446700 NA
14043 437600 NA
14044 442300 NA
14045 458000 NA
14046 458000 NA
14047 465400 NA
14048 458900 NA
14049 438000 NA
14050 423200 NA
14051 423200 NA
14052 411700 NA
14053 410700 NA
14054 410700 NA
14055 426800 NA
14056 445600 NA
14057 465900 NA
14058 480500 NA
14059 486100 NA
14060 492500 NA
14061 497600 NA
14062 509600 NA
14063 509600 NA
14064 495700 NA
14065 471100 NA
14066 448700 NA
14067 428500 NA
14068 425600 NA
14069 463500 NA
14070 463500 NA
14071 476700 NA
14072 477800 NA
14073 467600 NA
14074 423300 NA
14075 423300 NA
14076 402400 NA
14077 400200 NA
14078 396600 NA
14079 397300 NA
14080 411300 NA
14081 429500 NA
14082 436900 NA
14083 423000 NA
14084 402900 NA
14085 388400 NA
14086 388400 NA
14087 402200 NA
14088 409350 NA
14089 416500 NA
14090 418100 NA
14091 401600 NA
14092 401600 NA
14093 404300 NA
14094 421800 NA
14095 453300 NA
14096 441200 NA
14097 441200 NA
14098 422200 NA
14099 407700 NA
14100 405200 NA
14101 414200 NA
14102 411400 NA
14103 404700 NA
14104 396400 NA
14105 392700 NA
14106 395400 NA
14107 409600 NA
14108 421000 NA
14109 448400 NA
14110 461800 NA
14111 479500 NA
14112 479500 NA
14113 501800 NA
14114 549500 NA
14115 549500 NA
14116 574100 NA
14117 590800 NA
14118 569100 NA
14119 541000 NA
14120 514100 NA
14121 464200 NA
14122 441300 NA
14123 441300 NA
14124 419300 NA
14125 399800 NA
14126 364500 NA
14127 378300 NA
14128 378300 NA
14129 408900 NA
14130 411500 NA
14131 411500 NA
14132 431100 NA
14133 450700 NA
14134 471200 NA
14135 466200 NA
14136 420800 NA
14137 399900 NA
14138 399900 NA
14139 379900 NA
14140 367000 NA
14141 384500 NA
14142 384500 NA
14143 388000 NA
14144 378800 NA
14145 392900 NA
14146 402600 NA
14147 390100 NA
14148 380800 NA
14149 410500 NA
14150 410500 NA
14151 394700 NA
14152 375400 NA
14153 357200 NA
14154 344600 NA
14155 352300 NA
14156 379000 NA
14157 379000 NA
14158 409800 NA
14159 414700 NA
14160 411700 NA
14161 411700 NA
14162 411400 NA
14163 419000 NA
14164 434000 NA
14165 449100 NA
14166 466700 NA
14167 479100 NA
14168 502000 NA
14169 526400 NA
14170 551400 NA
14171 604600 NA
14172 604600 NA
14173 630400 NA
14174 633800 NA
14175 583200 NA
14176 583200 NA
14177 552200 NA
14178 552200 NA
14179 539500 NA
14180 529800 NA
14181 524000 NA
14182 533000 NA
14183 527700 NA
14184 517700 NA
14185 493800 NA
14186 465900 NA
14187 460100 NA
14188 460100 NA
14189 474200 NA
14190 483600 NA
14191 490500 NA
14192 502200 NA
14193 514900 NA
14194 523600 NA
14195 537600 NA
14196 551200 NA
14197 565500 NA
14198 581800 NA
14199 604900 NA
14200 616600 NA
14201 628400 NA
14202 628400 NA
14203 633900 NA
14204 622000 NA
14205 622000 NA
14206 610800 NA
14207 578200 NA
14208 560000 NA
14209 560000 NA
14210 540000 NA
14211 514200 NA
14212 514200 NA
14213 504600 NA
14214 498000 NA
14215 485400 NA
14216 473600 NA
14217 474100 NA
14218 490900 NA
14219 507100 NA
14220 528300 NA
14221 564700 NA
14222 564700 NA
14223 576700 NA
14224 588900 NA
14225 588900 NA
14226 581200 NA
14227 581100 NA
14228 579100 NA
14229 570900 NA
14230 562400 NA
14231 556200 NA
14232 562100 NA
14233 562100 NA
14234 574100 NA
14235 607700 NA
14236 626800 NA
14237 632000 NA
14238 632000 NA
14239 652600 NA
14240 652600 NA
14241 674800 NA
14242 682700 NA
14243 685600 NA
14244 674800 NA
14245 674800 NA
14246 665200 NA
14247 670300 NA
14248 679600 NA
14249 687800 NA
14250 699000 NA
14251 708300 NA
14252 716400 NA
14253 721000 NA
14254 723400 NA
14255 723400 NA
14256 720400 NA
14257 699000 NA
14258 699000 NA
14259 677500 NA
14260 657700 NA
14261 646600 NA
14262 657400 NA
14263 657400 NA
14264 691600 NA
14265 704200 NA
14266 704200 NA
14267 705800 NA
14268 705800 NA
14269 673200 NA
14270 673200 NA
14271 684100 NA
14272 727800 NA
14273 727800 NA
14274 774600 NA
14275 797500 NA
14276 772200 NA
14277 772200 NA
14278 739500 NA
14279 728000 NA
14280 800500 NA
14281 800500 NA
14282 881500 NA
14283 881500 NA
14284 924300 NA
14285 1e+06 NA
14286 1e+06 NA
14287 1100000 NA
14288 1100000 NA
14289 1e+06 NA
14290 976100 NA
14291 928700 NA
14292 838800 NA
14293 838800 NA
14294 768200 NA
14295 768200 NA
14296 844200 NA
14297 844200 NA
14298 885000 NA
14299 927600 NA
14300 928200 NA
14301 882100 NA
14302 838300 NA
14303 757000 NA
14304 765400 NA
14305 802100 NA
14306 839900 NA
14307 877200 NA
14308 877200 NA
14309 863200 NA
14310 820500 NA
14311 779800 NA
14312 775500 NA
14313 784700 NA
14314 784700 NA
14315 760200 NA
14316 769300 NA
14317 769300 NA
14318 788700 NA
14319 801000 NA
14320 768200 NA
14321 749200 NA
14322 762500 NA
14323 785600 NA
14324 793200 NA
14325 777500 NA
14326 769000 NA
14327 773800 NA
14328 765900 NA
14329 752600 NA
14330 757100 NA
14331 757100 NA
14332 754700 NA
14333 748400 NA
14334 745400 NA
14335 744600 NA
14336 755400 NA
14337 755400 NA
14338 758300 NA
14339 750700 NA
14340 750700 NA
14341 751800 NA
14342 765900 NA
14343 775900 NA
14344 784500 NA
14345 777200 NA
14346 764900 NA
14347 749200 NA
14348 749200 NA
14349 753200 NA
14350 752200 NA
14351 752200 NA
14352 753000 NA
14353 753300 NA
14354 753300 NA
14355 750600 NA
14356 746400 NA
14357 746100 NA
14358 745900 NA
14359 750100 NA
14360 758700 NA
14361 761900 NA
14362 745200 NA
14363 740900 NA
14364 740900 NA
14365 748500 NA
14366 748000 NA
14367 760000 NA
14368 760000 NA
14369 774400 NA
14370 789000 NA
14371 809400 NA
14372 777600 NA
14373 777600 NA
14374 756600 NA
14375 748800 NA
14376 756600 NA
14377 755300 NA
14378 737000 NA
14379 715700 NA
14380 715700 NA
14381 708300 NA
14382 732200 NA
14383 754600 NA
14384 773700 NA
14385 770700 NA
14386 764500 NA
14387 766200 NA
14388 770900 NA
14389 783000 NA
14390 791400 NA
14391 791400 NA
14392 805500 NA
14393 805500 NA
14394 816000 NA
14395 838500 NA
14396 851200 NA
14397 857700 NA
14398 857700 NA
14399 824400 NA
14400 804300 NA
14401 804300 NA
14402 811300 NA
14403 823400 NA
14404 835100 NA
14405 865100 NA
14406 882000 NA
14407 898700 NA
14408 898700 NA
14409 915300 NA
14410 931800 NA
14411 949400 NA
14412 994300 NA
14413 1e+06 NA
14414 1e+06 NA
14415 1100000 NA
14416 1100000 NA
14417 1100000 NA
14418 1200000 NA
14419 1300000 NA
14420 1400000 NA
14421 1400000 NA
14422 1400000 NA
14423 1500000 NA
14424 1500000 NA
14425 1600000 NA
14426 1700000 NA
14427 1800000 NA
14428 1800000 NA
14429 1800000 NA
14430 1800000 NA
14431 1700000 NA
14432 1600000 NA
14433 1600000 NA
14434 1600000 NA
14435 1700000 NA
14436 1800000 NA
14437 1800000 NA
14438 1900000 NA
14439 1900000 NA
14440 1900000 NA
14441 1800000 NA
14442 1700000 NA
14443 1600000 NA
14444 1700000 NA
14445 1700000 NA
14446 1700000 NA
14447 1900000 NA
14448 1900000 NA
14449 2e+06 NA
14450 2100000 NA
14451 2100000 NA
14452 2100000 NA
14453 2100000 NA
14454 1900000 NA
14455 1900000 NA
14456 1800000 NA
14457 1900000 NA
14458 1900000 NA
14459 1900000 NA
14460 1800000 NA
14461 1700000 NA
14462 1700000 NA
14463 1800000 NA
14464 1800000 NA
14465 1800000 NA
14466 1800000 NA
14467 1900000 NA
14468 1900000 NA
14469 1800000 NA
14470 1800000 NA
14471 1900000 NA
14472 1900000 NA
14473 1900000 NA
14474 1900000 NA
14475 2e+06 NA
14476 2e+06 NA
14477 2e+06 NA
14478 2e+06 NA
14479 2100000 NA
14480 2200000 NA
14481 2e+06 NA
14482 2e+06 NA
14483 2100000 NA
14484 2100000 NA
14485 2200000 NA
14486 2300000 NA
14487 2300000 NA
14488 2200000 NA
14489 2300000 NA
14490 2400000 NA
14491 2400000 NA
14492 2500000 NA
14493 2500000 NA
14494 2300000 NA
14495 2300000 NA
14496 2400000 NA
14497 2500000 NA
14498 2600000 NA
14499 2500000 NA
14500 2400000 NA
14501 2500000 NA
14502 2500000 NA
14503 2500000 NA
14504 2600000 NA
14505 2600000 NA
14506 2700000 NA
14507 2700000 NA
14508 2800000 NA
14509 2800000 NA
14510 2700000 NA
14511 2700000 NA
14512 2700000 NA
14513 2700000 NA
14514 2800000 NA
14515 2800000 NA
14516 2800000 NA
14517 2900000 NA
14518 2900000 NA
14519 3e+06 NA
14520 3e+06 NA
14521 3100000 NA
14522 3100000 NA
14523 3100000 NA
14524 3e+06 NA
14525 3e+06 NA
14526 2900000 NA
14527 2800000 NA
14528 3e+06 NA
14529 3e+06 NA
14530 3100000 NA
14531 3100000 NA
14532 3e+06 NA
14533 3e+06 NA
14534 3e+06 NA
14535 3200000 NA
14536 3200000 NA
14537 3200000 NA
14538 3300000 NA
14539 3300000 NA
14540 3400000 NA
14541 3500000 NA
14542 3700000 NA
14543 3800000 NA
14544 3800000 NA
14545 3200000 NA
14546 3100000 NA
14547 2900000 NA
14548 2900000 NA
14549 3100000 NA
14550 3100000 NA
14551 3200000 NA
14552 3200000 NA
14553 3100000 NA
14554 3100000 NA
14555 3100000 NA
14556 3100000 NA
14557 3200000 NA
14558 3300000 NA
14559 3300000 NA
14560 3300000 NA
14561 3200000 NA
14562 3300000 NA
14563 3300000 NA
14564 3400000 NA
14565 3400000 NA
14566 3400000 NA
14567 3400000 NA
14568 3500000 NA
14569 3700000 NA
14570 3700000 NA
14571 3700000 NA
14572 3700000 NA
14573 3600000 NA
14574 3500000 NA
14575 3500000 NA
14576 3500000 NA
14577 3500000 NA
14578 3400000 NA
14579 3400000 NA
14580 3200000 NA
14581 3100000 NA
14582 3e+06 NA
14583 3e+06 NA
14584 3200000 NA
14585 3100000 NA
14586 3100000 NA
14587 3100000 NA
14588 3200000 NA
14589 3200000 NA
14590 3200000 NA
14591 3200000 NA
14592 3300000 NA
14593 3200000 NA
14594 3200000 NA
14595 3200000 NA
14596 3200000 NA
14597 3200000 NA
14598 3200000 NA
14599 3200000 NA
14600 3200000 NA
14601 3100000 NA
14602 3100000 NA
14603 3100000 NA
14604 3200000 NA
14605 3200000 NA
14606 3200000 NA
14607 3100000 NA
14608 3100000 NA
14609 3e+06 NA
14610 3e+06 NA
14611 2800000 NA
14612 2700000 NA
14613 2800000 NA
14614 2900000 NA
14615 2900000 NA
14616 3100000 NA
14617 3200000 NA
14618 3100000 NA
14619 3e+06 NA
14620 3e+06 NA
14621 2800000 NA
14622 2800000 NA
14623 2800000 NA
14624 2800000 NA
14625 2700000 NA
14626 2700000 NA
14627 2700000 NA
14628 2800000 NA
14629 2800000 NA
14630 2800000 NA
14631 2800000 NA
14632 2800000 NA
14633 2900000 NA
14634 2900000 NA
14635 2900000 NA
14636 2900000 NA
14637 2900000 NA
14638 2900000 NA
14639 2900000 NA
14640 2900000 NA
14641 2900000 NA
14642 2900000 NA
14643 2900000 NA
14644 2900000 NA
14645 2900000 NA
14646 3e+06 NA
14647 3200000 NA
14648 3200000 NA
14649 3200000 NA
14650 3500000 NA
14651 3700000 NA
14653 3800000 NA
14654 4100000 NA
14655 4200000 NA
14656 4200000 NA
14657 4200000 NA
14658 4200000 NA
14659 4100000 NA
14660 4100000 NA
14661 4e+06 NA
14662 3900000 NA
14663 3900000 NA
14664 3800000 NA
14665 3800000 NA
14666 3900000 NA
14667 3900000 NA
14668 4e+06 NA
14669 4100000 NA
14670 4e+06 NA
14671 3800000 NA
14672 3800000 NA
14673 3800000 NA
14674 4e+06 NA
14675 4200000 NA
14676 4300000 NA
14677 4400000 NA
14678 4400000 NA
14679 4400000 NA
14680 4300000 NA
14681 4100000 NA
14682 4300000 NA
14683 4300000 NA
14684 4300000 NA
14685 4400000 NA
14686 4500000 NA
14687 4600000 NA
14688 4700000 NA
14689 4800000 NA
14690 4800000 NA
14691 4600000 NA
14692 4600000 NA
14693 4400000 NA
14694 4600000 NA
14695 4600000 NA
14696 4700000 NA
14697 4600000 NA
14698 4500000 NA
14699 4500000 NA
14700 4500000 NA
14701 4600000 NA
14702 4600000 NA
14703 4500000 NA
14704 4400000 NA
14705 4500000 NA
14706 4500000 NA
14707 4500000 NA
14708 4300000 NA
14709 4300000 NA
14710 4400000 NA
14711 4300000 NA
14712 4e+06 NA
14713 4e+06 NA
14714 3800000 NA
14715 3900000 NA
14716 3900000 NA
14717 4100000 NA
14718 4e+06 NA
14719 4e+06 NA
14720 4e+06 NA
14721 4e+06 NA
14722 4200000 NA
14723 4200000 NA
14724 4200000 NA
14725 4100000 NA
14726 4e+06 NA
14727 4100000 NA
14728 4100000 NA
14729 4200000 NA
14730 4200000 NA
14731 4100000 NA
14732 4100000 NA
14733 4100000 NA
14734 4e+06 NA
14735 4e+06 NA
14736 4e+06 NA
14737 4e+06 NA
14738 4e+06 NA
14739 4e+06 NA
14740 4e+06 NA
14741 4e+06 NA
14742 4e+06 NA
14743 4e+06 NA
14744 4100000 NA
14745 4100000 NA
14746 4200000 NA
14747 4300000 NA
14748 4200000 NA
14749 4200000 NA
14750 4200000 NA
14751 4300000 NA
14752 4400000 NA
14753 4400000 NA
14754 4500000 NA
14755 4400000 NA
14756 4400000 NA
14757 4500000 NA
14758 4900000 NA
14759 4900000 NA
14760 5e+06 NA
14761 5100000 NA
14762 5300000 NA
14763 5300000 NA
14764 5500000 NA
14765 5600000 NA
14766 5700000 NA
14767 5400000 NA
14768 5300000 NA
14769 5200000 NA
14770 5100000 NA
14771 4800000 NA
14772 4800000 NA
14773 4700000 NA
14774 4600000 NA
14775 4500000 NA
14776 4500000 NA
14777 4500000 NA
14778 4900000 NA
14779 4900000 NA
14780 4700000 NA
14781 4600000 NA
14782 4500000 NA
14783 4500000 NA
14784 4800000 NA
14785 4800000 NA
14786 4600000 NA
14787 4600000 NA
14788 4700000 NA
14789 4800000 NA
14790 4800000 NA
14791 4800000 NA
14792 4800000 NA
14793 4700000 NA
14794 4700000 NA
14795 4700000 NA
14796 4700000 NA
14797 4700000 NA
14798 4800000 NA
14799 4800000 NA
14800 4800000 NA
14801 4800000 NA
14802 4700000 NA
14803 4600000 NA
14804 4600000 NA
14805 4800000 NA
14806 4800000 NA
14807 4800000 NA
14808 4700000 NA
14809 4700000 NA
14810 4500000 NA
14811 4500000 NA
14812 4200000 NA
14813 4e+06 NA
14814 4e+06 NA
14815 4200000 NA
14816 4300000 NA
14817 4300000 NA
14818 4300000 NA
14819 4200000 NA
14820 4200000 NA
14821 4300000 NA
14822 4400000 NA
14823 4400000 NA
14824 4400000 NA
14825 4400000 NA
14826 4200000 NA
14827 4200000 NA
14828 4200000 NA
14829 4400000 NA
14830 4500000 NA
14831 4700000 NA
14832 5e+06 NA
14833 5e+06 NA
14834 5200000 NA
14835 5200000 NA
14836 5200000 NA
14837 5e+06 NA
14838 5e+06 NA
14839 5e+06 NA
14840 4900000 NA
14841 4900000 NA
14842 4800000 NA
14843 4600000 NA
14844 4400000 NA
14845 4400000 NA
14846 4500000 NA
14847 4700000 NA
14848 4700000 NA
14849 4700000 NA
14850 4800000 NA
14851 4900000 NA
14852 4800000 NA
14853 4800000 NA
14854 4800000 NA
14855 4900000 NA
14856 4800000 NA
14857 5e+06 NA
14858 5e+06 NA
14859 5200000 NA
14860 5200000 NA
14861 5300000 NA
14862 5200000 NA
14863 5200000 NA
14864 5300000 NA
14865 5400000 NA
14866 5300000 NA
14867 5300000 NA
14868 5200000 NA
14869 5200000 NA
14870 5200000 NA
14871 5200000 NA
14872 5300000 NA
14873 5300000 NA
14874 5200000 NA
14875 5200000 NA
14876 5300000 NA
14877 5400000 NA
14878 5500000 NA
14879 5500000 NA
14880 5400000 NA
14881 5400000 NA
14882 5200000 NA
14883 5200000 NA
14884 5200000 NA
14885 5400000 NA
14886 5400000 NA
14887 5300000 NA
14888 5200000 NA
14889 5200000 NA
14890 5400000 NA
14891 5400000 NA
14892 5300000 NA
14893 5100000 NA
14894 5100000 NA
14895 5200000 NA
14896 5300000 NA
14897 5200000 NA
14898 5200000 NA
14899 5200000 NA
14900 5300000 NA
14901 5200000 NA
14902 5200000 NA
14903 5300000 NA
14904 5300000 NA
14905 5300000 NA
14906 5200000 NA
14907 5200000 NA
14908 5200000 NA
14909 5200000 NA
14910 5200000 NA
14911 5300000 NA
14912 5200000 NA
14913 5100000 NA
14914 5200000 NA
14915 5200000 NA
14916 5200000 NA
14917 5200000 NA
14918 5100000 NA
14920 5100000 NA
14921 5200000 NA
14922 5200000 NA
14923 5200000 NA
14924 5100000 NA
14925 5100000 NA
14926 5100000 NA
14927 5e+06 NA
14928 4700000 NA
14929 4700000 NA
14930 4400000 NA
14931 4400000 NA
14932 4500000 NA
14933 4700000 NA
14934 4600000 NA
14935 4600000 NA
14936 4500000 NA
14937 4500000 NA
14938 4500000 NA
14939 4500000 NA
14940 4600000 NA
14941 4500000 NA
14942 4500000 NA
14943 4500000 NA
14944 4500000 NA
14945 4600000 NA
14946 4600000 NA
14947 4500000 NA
14948 4500000 NA
14949 4400000 NA
14950 4400000 NA
14951 4400000 NA
14952 4400000 NA
14953 4400000 NA
14954 4400000 NA
14955 4400000 NA
14956 4400000 NA
14957 4300000 NA
14958 4500000 NA
14959 4700000 NA
14960 4500000 NA
14961 4500000 NA
14962 4500000 NA
14963 4500000 NA
14964 4700000 NA
14965 4500000 NA
14966 4400000 NA
14967 4400000 NA
14968 4400000 NA
14969 4300000 NA
14970 4100000 NA
14971 3900000 NA
14972 3700000 NA
14973 3500000 NA
14974 3400000 NA
14975 3400000 NA
14976 3500000 NA
14977 3400000 NA
14979 3300000 NA
14981 3200000 NA
14983 2900000 NA
14984 3e+06 NA
14985 3e+06 NA
14986 2800000 NA
14989 2800000 NA
14991 3200000 NA
14992 3300000 NA
14993 3500000 NA
14995 3500000 NA
14996 3200000 NA
14998 3200000 NA
15000 3300000 NA
15001 3100000 NA
15003 3e+06 NA
15005 3100000 NA
15007 3e+06 NA
15008 2700000 NA
15011 2700000 NA
15013 2800000 NA
15014 2900000 NA
15016 3100000 NA
15018 3300000 NA
15019 3500000 NA
15020 3500000 NA
15023 3300000 NA
15025 3200000 NA
15026 3100000 NA
15028 3300000 NA
15029 3300000 NA
15031 3e+06 NA
15033 2900000 NA
15036 3e+06 NA
15037 3200000 NA
15039 3300000 NA
15042 3200000 NA
15044 2800000 NA
15046 2900000 NA
15047 3025273 NA
15048 3200000 NA
15049 3200000 NA
15050 3300000 NA
15052 3400000 NA
15054 3500000 NA
15055 3500000 NA
15060 3400000 NA
15061 3400000 NA
15062 3442203 NA
15063 3432860 NA
15064 3300000 NA
15067 3300000 NA
15072 3200000 NA
15073 3100000 NA
15076 3200000 NA
15080 3200000 NA
15081 3100000 NA
15085 3200000 NA
15087 3200000 NA
15089 3300000 NA
15090 3500000 NA
15091 3600000 NA
15093 3343038 NA
15095 3200000 NA
15096 3100000 NA
15097 3100000 NA
15098 3e+06 NA
15101 2900000 NA
15104 2900000 NA
15106 2800000 NA
15113 2800000 NA
15115 2800000 NA
15116 2856163 NA
15120 2800000 NA
15122 2800000 NA
15125 2900000 NA
15128 2800000 NA
15135 2800000 NA
15136 2800000 NA
15137 2900000 NA
15140 2800000 NA
15143 2900000 NA
15144 2900000 NA
15147 2800000 NA
15150 2800000 NA
15151 2900000 NA
15156 2700000 NA
15163 2700000 NA
15165 2700000 NA
15169 2667588 NA
15172 2600000 NA
15178 2600000 NA
15179 2700000 NA
15180 2600000 NA
15186 2600000 NA
15187 2500000 NA
15191 2400000 NA
15193 2300000 NA
15194 2300000 NA
15196 2200000 NA
15199 2200000 NA
15204 2e+06 NA
15208 2100000 NA
15210 2200000 NA
15212 2300000 NA
15214 2200000 NA
15217 2100000 NA
15219 2e+06 NA
15220 2e+06 NA
15221 1900000 NA
15224 2e+06 NA
15227 1900000 NA
15231 2e+06 NA
15232 2e+06 NA
15233 2200000 NA
15235 2400000 NA
15238 2600000 NA
15242 2500000 NA
15243 2400000 NA
15244 2300000 NA
15247 2200000 NA
15250 2200000 NA
15251 2100000 NA
15254 2e+06 NA
15258 2100000 NA
15259 2200000 NA
15261 2100000 NA
15263 2e+06 NA
15264 1900000 NA
15268 1800000 NA
15270 1700000 NA
15271 1800000 NA
15273 2e+06 NA
15275 2200000 NA
15277 2300000 NA
15280 2200000 NA
15281 2300000 NA
15283 2300000 NA
15284 2400000 NA
15286 2458410 NA
15289 2200000 NA
15291 2093666 NA
15294 1900000 NA
15295 2e+06 NA
15297 2200000 NA
15301 2300000 NA
15302 2200000 NA
15303 2200000 NA
15304 2100000 NA
15306 2e+06 NA
15307 2e+06 NA
15308 2100000 NA
15310 2468850 NA
15312 2600000 NA
15313 2825308 NA
15314 2888290 NA
15315 2881025 NA
15316 2900803 NA
15317 2893330 NA
15318 2866520 NA
15319 2828276 NA
15320 2797944 NA
15321 2764600 NA
15322 2701503 NA
15323 2644779 NA
15324 2595763 NA
15325 2563929 NA
15326 2543163 NA
15327 2511664 NA
15328 2447054 NA
15329 2416390 NA
15330 2430272 NA
15331 2375661 NA
15332 2343708 NA
15333 2324309 NA
15334 2361230 NA
15335 2413074 NA
15336 2443257 NA
15337 2423156 NA
15338 2410776 NA
15339 2379632 NA
15340 2394370 NA
15341 2454079 NA
15342 2572526 NA
15343 2693507 NA
15344 2724924 NA
15345 2589957 NA
15346 2460459 NA
15347 2337498 NA
15348 2220623 NA
15349 2109591 NA
15350 2004111 NA
15351 1903905 NA
15352 1814078 NA
15353 1728047 NA
15354 1679977 NA
15355 1751993 NA
15356 1833893 NA
15357 1794623 NA
15358 1718783 NA
15359 1671690 NA
15360 1669620 NA
15361 1702504 NA
15362 1722434 NA
15363 1654920 NA
15364 1611580 NA
15365 1547725 NA
15366 1481443 NA
15367 1461557 NA
15368 1483742 NA
15369 1554351 NA
15370 1542658 NA
15371 1512903 NA
15372 1458034 NA
15373 1487440 NA
15374 1537940 NA
15375 1559188 NA
15376 1518357 NA
15377 1482578 NA
15378 1516195 NA
15379 1550035 NA
15380 1589475 NA
15381 1660111 NA
15382 1701639 NA
15383 1701129 NA
15384 1699168 NA
15385 1676651 NA
15386 1622780 NA
15387 1588210 NA
15388 1602593 NA
15389 1706554 NA
15390 1730022 NA
15391 1719929 NA
15392 1678902 NA
15393 1644373 NA
15394 1611861 NA
15395 1638929 NA
15396 1629181 NA
15397 1630566 NA
15398 1636285 NA
15399 1584387 NA
15400 1511667 NA
15401 1443106 NA
15402 1374994 NA
15403 1308371 NA
15404 1260941 NA
15405 1263229 NA
15406 1245642 NA
15407 1256601 NA
15408 1269876 NA
15409 1283876 NA
15410 1346141 NA
15411 1386028 NA
15412 1434683 NA
15413 1422901 NA
15414 1390089 NA
15415 1321879 NA
15416 1282281 NA
15417 1330574 NA
15418 1394450 NA
15419 1450764 NA
15420 1517582 NA
15421 1583582 NA
15422 1599273 NA
15423 1614964 NA
15424 1630655 NA
15425 1646346 NA
15426 1662037 NA
15427 1688011 NA
15428 1738055 NA
15429 1750080 NA
15430 1821214 NA
15431 1891520 NA
15432 1909115 NA
15433 1846247 NA
15434 1775029 NA
15435 1712550 NA
15436 1674262 NA
15437 1670898 NA
15438 1633928 NA
15439 1608051 NA
15440 1656221 NA
15441 1730765 NA
15442 1707739 NA
15443 1677542 NA
15444 1645525 NA
15445 1676999 NA
15446 1657487 NA
15447 1631052 NA
15448 1613478 NA
15449 1582977 NA
15450 1607510 NA
15451 1677151 NA
15452 1739719 NA
15453 1741880 NA
15454 1724876 NA
15455 1682503 NA
15456 1659911 NA
15457 1690436 NA
15458 1686118 NA
15459 1643257 NA
15460 1615692 NA
15461 1594444 NA
15462 1581464 NA
15463 1597428 NA
15464 1626684 NA
15465 1586148 NA
15466 1537705 NA
15467 1519694 NA
15468 1568277 NA
15469 1546902 NA
15470 1520111 NA
15471 1487524 NA
15472 1464616 NA
15473 1501183 NA
15474 1542495 NA
15475 1522095 NA
15476 1534105 NA
15477 1596672 NA
15478 1648213 NA
15479 1716258 NA
15480 1664644 NA
15481 1585250 NA
15482 1505987 NA
15483 1430687 NA
15484 1359152 NA
15485 1372528 NA
15486 1376129 NA
15487 1364188 NA
15488 1399268 NA
15489 1414396 NA
15490 1349034 NA
15491 1288814 NA
15492 1228404 NA
15493 1237618 NA
15494 1290453 NA
15495 1344321 NA
15496 1407691 NA
15497 1463862 NA
15498 1474237 NA
15499 1461111 NA
15500 1452116 NA
15501 1464058 NA
15502 1497339 NA
15503 1486459 NA
15504 1455569 NA
15505 1413209 NA
15506 1416652 NA
15507 1410075 NA
15508 1437157 NA
15509 1502913 NA
15510 1551594 NA
15511 1504086 NA
15512 1461952 NA
15513 1464569 NA
15514 1521519 NA
15515 1595761 NA
15516 1645421 NA
15517 1695648 NA
15518 1658062 NA
15519 1675490 NA
15520 1649442 NA
15521 1592717 NA
15522 1573443 NA
15523 1620486 NA
15524 1586145 NA
15525 1529792 NA
15526 1508664 NA
15527 1507463 NA
15528 1545006 NA
15529 1593086 NA
15530 1618740 NA
15531 1582451 NA
15532 1584833 NA
15533 1650626 NA
15534 1629448 NA
15535 1645970 NA
15536 1707360 NA
15537 1733965 NA
15538 1770032 NA
15539 1714075 NA
15540 1719858 NA
15541 1704570 NA
15542 1642499 NA
15543 1605904 NA
15544 1612519 NA
15545 1600332 NA
15546 1634182 NA
15547 1657715 NA
15548 1642107 NA
15549 1627822 NA
15550 1644226 NA
15551 1673750 NA
15552 1643157 NA
15553 1630522 NA
15554 1602542 NA
15555 1610434 NA
15556 1666400 NA
15557 1639223 NA
15558 1667514 NA
15559 1714466 NA
15560 1784165 NA
15561 1773450 NA
15562 1807297 NA
15563 1864520 NA
15564 1871130 NA
15565 1848773 NA
15566 1823669 NA
15567 1805204 NA
15568 1761800 NA
15569 1740146 NA
15570 1784245 NA
15571 1792317 NA
15572 1774066 NA
15573 1767377 NA
15574 1716848 NA
15575 1684431 NA
15576 1666341 NA
15577 1644734 NA
15578 1614928 NA
15579 1632757 NA
15580 1633492 NA
15581 1586498 NA
15582 1550997 NA
15583 1547158 NA
15584 1523238 NA
15585 1493385 NA
15586 1483897 NA
15587 1529838 NA
15588 1548830 NA
15589 1492934 NA
15590 1418714 NA
15591 1347778 NA
15592 1280557 NA
15593 1247047 NA
15594 1193894 NA
15595 1207377 NA
15596 1249546 NA
15597 1283275 NA
15598 1299326 NA
15599 1285275 NA
15600 1282566 NA
15601 1326942 NA
15602 1391920 NA
15603 1403210 NA
15604 1378465 NA
15605 1342074 NA
15606 1356867 NA
15607 1403303 NA
15608 1377767 NA
15609 1323150 NA
15610 1324545 NA
15611 1347327 NA
15612 1355511 NA
15613 1338796 NA
15614 1361131 NA
15615 1391304 NA
15616 1421858 NA
15617 1411908 NA
15618 1382935 NA
15619 1360906 NA
15620 1396835 NA
15621 1435671 NA
15622 1415941 NA
15623 1401024 NA
15624 1396648 NA
15625 1339463 NA
15626 1290004 NA
15627 1331094 NA
15628 1385006 NA
15629 1369059 NA
15630 1414558 NA
15631 1454839 NA
15632 1436051 NA
15633 1390741 NA
15634 1393905 NA
15635 1377542 NA
15636 1425298 NA
15637 1418356 NA
15638 1393357 NA
15639 1393419 NA
15640 1358265 NA
15641 1307428 NA
15642 1276599 NA
15643 1319189 NA
15644 1372620 NA
15645 1358622 NA
15646 1330277 NA
15647 1371166 NA
15648 1379517 NA
15649 1376707 NA
15650 1367530 NA
15651 1358354 NA
15652 1349177 NA
15653 1340001 NA
15654 1330824 NA
15655 1321647 NA
15656 1312471 NA
15657 1303294 NA
15658 1244339 NA
15659 1230073 NA
15660 1192453 NA
15661 1198999 NA
15662 1170981 NA
15663 1135973 NA
15664 1144423 NA
15665 1201574 NA
15666 1261653 NA
15667 1324736 NA
15668 1385648 NA
15669 1454931 NA
15670 1527678 NA
15671 1603909 NA
15672 1625790 NA
15673 1570871 NA
15674 1598230 NA
15675 1678142 NA
15676 1714100 NA
15677 1684105 NA
15678 1621631 NA
15679 1569182 NA
15680 1590350 NA
15681 1669404 NA
15682 1752875 NA
15683 1815323 NA
15684 1725494 NA
15685 1639647 NA
15686 1557951 NA
15687 1480053 NA
15688 1406050 NA
15689 1339776 NA
15690 1338046 NA
15691 1290877 NA
15692 1241546 NA
15693 1287557 NA
15694 1331934 NA
15695 1326600 NA
15696 1331295 NA
15697 1396946 NA
15698 1466794 NA
15699 1510805 NA
15700 1510805 NA
15701 1562304 NA
15702 1517240 NA
15703 1475714 NA
15704 1474271 NA
15705 1487488 NA
15706 1558234 NA
15707 1636001 NA
15708 1603623 NA
15709 1558215 NA
15710 1517133 NA
15711 1537871 NA
15712 1564139 NA
15713 1511727 NA
15714 1458999 NA
15715 1458999 NA
15716 1438466 NA
15717 1458547 NA
15718 1508024 NA
15719 1554857 NA
15720 1612546 NA
15721 1620585 NA
15722 1593846 NA
15723 1547541 NA
15724 1491455 NA
15725 1455927 NA
15726 1426991 NA
15727 1379330 NA
15728 1317870 NA
15729 1255837 NA
15730 1224846 NA
15731 1229039 NA
15732 1223975 NA
15733 1168056 NA
15734 1113438 NA
15735 1060372 NA
15736 1014654 NA
15737 981073 NA
15738 942951 NA
15739 909848 NA
15740 872814 NA
15741 839305 NA
15742 819804 NA
15743 836326 NA
15744 842291 NA
15745 850686 NA
15746 840033 NA
15747 830750 NA
15748 793455 NA
15749 779434 NA
15750 762304 NA
15751 776376 NA
15752 772342 NA
15753 772342 NA
15754 757937 NA
15755 735387 NA
15756 712180 NA
15757 688925 NA
15758 671751 NA
15759 647475 NA
15760 619826 NA
15761 593727 NA
15762 593727 NA
15763 565788 NA
15764 538735 NA
15765 538735 NA
15766 518763 NA
15767 508611 NA
15768 508301 NA
15769 498242 NA
15770 499650 NA
15771 499650 NA
15772 507650 NA
15773 514519 NA
15774 525050 NA
15775 524539 NA
15776 529539 NA
15777 533194 NA
15778 534524 NA
15779 529687 NA
15780 530715 NA
15781 531952 NA
15782 522627 NA
15783 528494 NA
15784 533069 NA
15785 539994 NA
15786 532066 NA
15787 531861 NA
15788 545928 NA
15789 565923 NA
15790 583467 NA
15791 596465 NA
15792 615646 NA
15793 639505 NA
15794 670208 NA
15795 701885 NA
15796 701885 NA
15797 712337 NA
15798 747237 NA
15799 782138 NA
15800 817038 NA
15801 851938 NA
15802 886838 NA
15803 921739 NA
15804 956639 NA
15805 986678 NA
15806 986678 NA
15807 979312 NA
15808 950153 NA
15809 928051 NA
15810 909339 NA
15811 867226 NA
15812 867226 NA
15813 832450 NA
15814 835055 NA
15815 821436 NA
15816 821436 NA
15817 798470 NA
15818 798470 NA
15819 777525 NA
15820 757855 NA
15821 757855 NA
15822 731885 NA
15823 708866 NA
15824 693102 NA
15825 674551 NA
15826 656945 NA
15827 651393 NA
15828 640660 NA
15829 650444 NA
15830 662854 NA
15831 690849 NA
15832 714659 NA
15833 735532 NA
15834 763730 NA
15835 793339 NA
15836 821732 NA
15837 846352 NA
15838 846352 NA
15839 835224 NA
15840 796765 NA
15841 759912 NA
15842 731433 NA
15843 731433 NA
15844 710196 NA
15845 710196 NA
15846 719536 NA
15847 739838 NA
15848 739838 NA
15849 749530 NA
15850 749530 NA
15851 764007 NA
15852 764007 NA
15853 777663 NA
15854 777663 NA
15855 785429 NA
15856 785429 NA
15857 806969 NA
15858 830300 NA
15859 846326 NA
15860 846326 NA
15861 868592 NA
15862 877307 NA
15863 877307 NA
15864 898321 NA
15865 928515 NA
15866 936635 NA
15867 916751 NA
15868 906877 NA
15869 906877 NA
15870 915858 NA
15871 941186 NA
15872 941186 NA
15873 964034 NA
15874 964034 NA
15875 989403 NA
15876 989403 NA
15877 982895 NA
15878 1015045 NA
15879 1013934 NA
15880 998619 NA
15881 1010974 NA
15882 1010974 NA
15883 1017007 NA
15884 1024687 NA
15885 1023137 NA
15886 998535 NA
15887 971169 NA
15888 971169 NA
15889 942184 NA
15890 910554 NA
15891 882252 NA
15892 843447 NA
15893 817163 NA
15894 807500 NA
15895 771351 NA
15896 742956 NA
15897 720290 NA
15898 720290 NA
15899 700947 NA
15900 694155 NA
15901 688992 NA
15902 688992 NA
15903 703129 NA
15904 717266 NA
15905 731403 NA
15906 745539 NA
15907 759676 NA
15908 773813 NA
15909 773813 NA
15910 782313 NA
15911 797168 NA
15912 812413 NA
15913 835939 NA
15914 863943 NA
15915 863943 NA
15916 901292 NA
15917 901292 NA
15918 932688 NA
15919 951955 NA
15920 951955 NA
15921 971158 NA
15922 982421 NA
15923 982421 NA
15924 1006006 NA
15925 1006006 NA
15926 1012907 NA
15927 1012907 NA
15928 999898 NA
15929 999898 NA
15930 979616 NA
15931 979616 NA
15932 970102 NA
15933 970102 NA
15934 965929 NA
15935 965929 NA
15936 945544 NA
15937 918722 NA
15938 918722 NA
15939 887621 NA
15940 887621 NA
15941 849774 NA
15942 849774 NA
15943 815900 NA
15944 815900 NA
15945 784476 NA
15946 784476 NA
15947 758871 NA
15948 758871 NA
15949 750355 NA
15950 750355 NA
15951 743328 NA
15952 743328 NA
15953 743328 NA
15954 751781 NA
15955 751781 NA
15956 766054 NA
15957 766054 NA
15958 766054 NA
15959 790687 NA
15960 790687 NA
15961 790687 NA
15962 812752 NA
15963 812752 NA
15964 801989 NA
15965 801989 NA
15966 801989 NA
15967 768681 NA
15968 768681 NA
15969 768681 NA
15970 734239 NA
15971 734239 NA
15972 700736 NA
15973 700736 NA
15974 700736 NA
15975 676779 NA
15976 676779 NA
15977 650307 NA
15978 650307 NA
15979 643932 NA
15980 643932 NA
15981 643932 NA
15982 638084 NA
15983 638084 NA
15984 632787 NA
15985 632787 NA
15986 639363 NA
15987 645939 NA
15988 652515 NA
15989 659092 NA
15990 665668 NA
15991 672244 NA
15992 678820 NA
15993 685396 NA
15994 717719 NA
15995 717719 NA
15996 717719 NA
15997 751212 NA
15998 751212 NA
15999 784779 NA
16000 784779 NA
16001 814290 NA
16002 814290 NA
16003 798685 NA
16004 798685 NA
16005 798685 NA
16006 759041 NA
16007 759041 NA
16008 728507 NA
16009 728507 NA
16010 728507 NA
16011 699095 NA
16012 699095 NA
16013 667223 NA
16014 667223 NA
16015 646495 NA
16016 646495 NA
16017 646521 NA
16018 646521 NA
16019 631113 NA
16020 631113 NA
16021 630042 NA
16022 630042 NA
16023 631586 NA
16024 631586 NA
16025 619428 NA
16026 619428 NA
16027 603073 NA
16028 603073 NA
16029 595219 NA
16030 595219 NA
16031 590929 NA
16032 590929 NA
16033 592275 NA
16034 592275 NA
16035 589185 NA
16036 586094 NA
16037 583004 NA
16038 579913 NA
16039 576823 NA
16040 573732 NA
16041 570642 NA
16042 570642 NA
16043 570642 NA
16044 558135 NA
16045 558135 NA
16046 542343 NA
16047 542343 NA
16048 533108 NA
16049 533108 NA
16050 530562 NA
16051 530562 NA
16052 546356 NA
16053 546356 NA
16054 569428 NA
16055 569428 NA
16056 596358 NA
16057 596358 NA
16058 624387 NA
16059 624387 NA
16060 649726 NA
16061 649726 NA
16062 672555 NA
16063 694054 NA
16064 694054 NA
16065 703812 NA
16066 703812 NA
16067 708198 NA
16068 696165 NA
16069 696165 NA
16070 675161 NA
16071 675161 NA
16072 667968 NA
16073 667968 NA
16074 663158 NA
16075 663158 NA
16076 642102 NA
16077 641263 NA
16078 641263 NA
16079 626418 NA
16080 626418 NA
16081 613567 NA
16082 598139 NA
16083 598139 NA
16084 588373 NA
16085 588373 NA
16086 597934 NA
16087 597934 NA
16088 603686 NA
16089 606890 NA
16090 606890 NA
16091 621715 NA
16092 621715 NA
16093 634971 NA
16094 634971 NA
16095 644740 NA
16096 649498 NA
16097 649498 NA
16098 659125 NA
16099 659125 NA
16100 678451 NA
16101 678451 NA
16102 699159 NA
16103 700769 NA
16104 715753 NA
16105 715753 NA
16106 739155 NA
16107 739155 NA
16108 760709 NA
16109 774020 NA
16110 774020 NA
16111 798091 NA
16112 816703 NA
16113 816703 NA
16114 844091 NA
16115 844091 NA
16116 874702 NA
16117 874702 NA
16118 905548 NA
16119 905548 NA
16120 937389 NA
16121 937389 NA
16122 950940 NA
16123 927226 NA
16124 927226 NA
16125 925206 NA
16126 925206 NA
16127 932602 NA
16128 932602 NA
16129 949053 NA
16130 981934 NA
16131 981934 NA
16132 1026040 NA
16133 1026040 NA
16134 1073573 NA
16135 1073573 NA
16136 1117531 NA
16137 1117531 NA
16138 1132107 NA
16139 1152400 NA
16140 1152400 NA
16141 1183165 NA
16142 1183165 NA
16143 1229545 NA
16144 1229545 NA
16145 1271871 NA
16146 1271871 NA
16147 1315883 NA
16148 1340566 NA
16149 1340566 NA
16150 1302949 NA
16151 1302949 NA
16152 1253907 NA
16153 1253907 NA
16154 1209895 NA
16155 1209895 NA
16156 1178252 NA
16157 1178252 NA
16158 1167405 NA
16159 1167405 NA
16160 1161756 NA
16161 1161756 NA
16162 1170458 NA
16163 1170458 NA
16164 1216127 NA
16165 1216127 NA
16166 1260656 NA
16167 1260656 NA
16168 1216126 NA
16169 1216126 NA
16170 1195316 NA
16171 1195316 NA
16172 1205123 NA
16173 1205123 NA
16174 1191519 NA
16175 1191519 NA
16176 1160772 NA
16177 1160772 NA
16178 1122952 NA
16179 1122952 NA
16180 1074122 NA
16181 1074122 NA
16182 1034303 NA
16183 1034303 NA
16184 983368 NA
16185 983368 NA
16186 943309 NA
16187 943309 NA
16188 909202 NA
16189 909202 NA
16190 878760 NA
16191 878760 NA
16192 855296 NA
16193 855296 NA
16194 836736 NA
16195 836736 NA
16196 819733 NA
16197 819733 NA
16198 814518 NA
16199 814518 NA
16200 814518 NA
16201 794989 NA
16202 782069 NA
16203 769149 NA
16204 769149 NA
16205 769149 NA
16206 752983 NA
16207 752983 NA
16208 750863 NA
16209 750863 NA
16210 752034 NA
16211 752034 NA
16212 753743 NA
16213 753743 NA
16214 753743 NA
16215 739031 NA
16216 739031 NA
16217 737680 NA
16218 737680 NA
16219 719798 NA
16220 719798 NA
16221 717735 NA
16222 717735 NA
16223 702471 NA
16224 689621 NA
16225 689621 NA
16226 690577 NA
16227 690577 NA
16228 697738 NA
16229 697738 NA
16230 727100 NA
16231 727100 NA
16232 749427 NA
16233 749427 NA
16234 763975 NA
16235 778945 NA
16236 778945 NA
16237 804237 NA
16238 804237 NA
16239 805732 NA
16240 805732 NA
16241 805586 NA
16242 805586 NA
16243 818938 NA
16244 818938 NA
16245 848150 NA
16246 848150 NA
16247 870213 NA
16248 870213 NA
16249 874129 NA
16250 874129 NA
16251 905504 NA
16252 905504 NA
16253 909515 NA
16254 909515 NA
16255 938235 NA
16256 938235 NA
16257 971114 NA
16258 971114 NA
16259 1007249 NA
16260 1007249 NA
16261 1028547 NA
16262 1028547 NA
16263 1052970 NA
16264 1052970 NA
16265 1086788 NA
16266 1086788 NA
16267 1127273 NA
16268 1169965 NA
16269 1201208 NA
16270 1212741 NA
16271 1212741 NA
16272 1226640 NA
16273 1237043 NA
16274 1254089 NA
16275 1237864 NA
16276 1237864 NA
16277 1218725 NA
16278 1197812 NA
16279 1182370 NA
16280 1182370 NA
16281 1150714 NA
16282 1150714 NA
16283 1110932 NA
16284 1089230 NA
16285 1053279 NA
16286 1010807 NA
16287 1010807 NA
16288 969705 NA
16289 959826 NA
16290 923603 NA
16291 914845 NA
16292 897993 NA
16293 897993 NA
16294 907605 NA
16295 938494 NA
16296 968356 NA
16297 968356 NA
16298 996909 NA
16299 996909 NA
16300 995053 NA
16301 977616 NA
16302 977616 NA
16303 948519 NA
16304 948519 NA
16305 929717 NA
16306 897392 NA
16307 883044 NA
16308 858888 NA
16309 858888 NA
16310 847297 NA
16311 847297 NA
16312 826381 NA
16313 826381 NA
16314 806828 NA
16315 795995 NA
16316 795995 NA
16317 772537 NA
16318 772537 NA
16319 740564 NA
16320 740564 NA
16321 712276 NA
16322 701762 NA
16323 701762 NA
16324 687772 NA
16325 687772 NA
16326 680737 NA
16327 680737 NA
16328 671888 NA
16329 671888 NA
16330 658047 NA
16331 658047 NA
16332 658047 NA
16333 635921 NA
16334 631698 NA
16335 631698 NA
16336 628485 NA
16337 628485 NA
16338 625062 NA
16339 625062 NA
16340 637497 NA
16341 637497 NA
16342 653130 NA
16343 653130 NA
16344 651341 NA
16345 651341 NA
16346 648774 NA
16347 648774 NA
16348 633312 NA
16349 633312 NA
16350 622083 NA
16351 622083 NA
16352 622083 NA
16353 618335 NA
16354 618335 NA
16355 630258 NA
16356 630258 NA
16357 631811 NA
16358 631811 NA
16359 624936 NA
16360 624936 NA
16361 609006 NA
16362 609006 NA
16363 600865 NA
16364 600865 NA
16365 610033 NA
16366 610033 NA
16367 610033 NA
16368 597419 NA
16369 597419 NA
16370 593436 NA
16371 593436 NA
16372 586075 NA
16373 586075 NA
16374 580846 NA
16375 580846 NA
16376 572052 NA
16377 572052 NA
16378 581267 NA
16379 581267 NA
16380 589745 NA
16381 589745 NA
16382 595272 NA
16383 595272 NA
16384 612182 NA
16385 612182 NA
16386 621250 NA
16387 621250 NA
16388 639602 NA
16389 639602 NA
16390 653671 NA
16391 653671 NA
16392 672873 NA
16393 672873 NA
16394 694262 NA
16395 694262 NA
16396 709609 NA
16397 709609 NA
16398 720478 NA
16399 720478 NA
16400 732870 NA
16401 732870 NA
16402 744631 NA
16403 744631 NA
16404 763530 NA
16405 763530 NA
16406 788941 NA
16407 788941 NA
16408 800357 NA
16409 800357 NA
16410 800357 NA
16411 814420 NA
16412 814420 NA
16413 791523 NA
16414 791523 NA
16415 791523 NA
16416 772673 NA
16417 772673 NA
16418 757669 NA
16419 757669 NA
16420 757669 NA
16421 738728 NA
16422 738728 NA
16423 746062 NA
16424 746062 NA
16425 744673 NA
16426 744673 NA
16427 732892 NA
16428 732892 NA
16429 743013 NA
16430 743013 NA
16431 742751 NA
16432 742751 NA
16433 739735 NA
16434 739735 NA
16435 733250 NA
16436 733250 NA
16437 723810 NA
16438 723810 NA
16439 717017 NA
16440 717017 NA
16441 731927 NA
16442 731927 NA
16443 732206 NA
16444 732206 NA
16445 723997 NA
16446 723997 NA
16447 711971 NA
16448 711971 NA
16449 684032 NA
16450 684032 NA
16451 653438 NA
16452 653438 NA
16453 632802 NA
16454 632802 NA
16455 608553 NA
16456 608553 NA
16457 594530 NA
16458 594530 NA
16459 579609 NA
16460 579609 NA
16461 566895 NA
16462 566895 NA
16463 566895 NA
16464 548557 NA
16465 548557 NA
16466 543385 NA
16467 543385 NA
16468 525636 NA
16469 525636 NA
16470 544258 NA
16471 544258 NA
16472 538386 NA
16473 538386 NA
16474 547340 NA
16475 547340 NA
16476 551031 NA
16477 551031 NA
16478 560553 NA
16479 560553 NA
16480 563339 NA
16481 563339 NA
16482 567501 NA
16483 567501 NA
16484 564415 NA
16485 564415 NA
16486 555102 NA
16487 555102 NA
16488 546819 NA
16489 546819 NA
16490 539920 NA
16491 539920 NA
16492 552349 NA
16493 552349 NA
16494 550612 NA
16495 550612 NA
16496 543935 NA
16497 543935 NA
16498 544610 NA
16499 544610 NA
16500 536953 NA
16501 536953 NA
16502 522972 NA
16503 522972 NA
16504 508306 NA
16505 508306 NA
16506 488316 NA
16507 488316 NA
16508 471328 NA
16509 471328 NA
16510 469739 NA
16511 469739 NA
16512 471747 NA
16513 471747 NA
16514 463012 NA
16515 463012 NA
16516 458385 NA
16517 458385 NA
16518 443017 NA
16519 443017 NA
16520 443017 NA
16521 428460 NA
16522 428460 NA
16523 410774 NA
16524 410774 NA
16525 392339 NA
16526 392339 NA
16527 392339 NA
16528 379275 NA
16529 379275 NA
16530 386401 NA
16531 386401 NA
16532 384586 NA
16533 384586 NA
16534 384586 NA
16535 382217 NA
16536 382217 NA
16537 371987 NA
16538 371987 NA
16539 371987 NA
16540 366329 NA
16541 366329 NA
16542 366329 NA
16543 355779 NA
16544 355779 NA
16545 355779 NA
16546 359680 NA
16547 359680 NA
16548 359680 NA
16549 358006 NA
16550 358006 NA
16551 348871 NA
16552 348871 NA
16553 348812 NA
16554 348812 NA
16555 351484 NA
16556 351484 NA
16557 351484 NA
16558 346384 NA
16559 346384 NA
16560 346384 NA
16561 345411 NA
16562 345411 NA
16563 345411 NA
16564 352331 NA
16565 352331 NA
16566 353314 NA
16567 353314 NA
16568 346597 NA
16569 346597 NA
16570 346597 NA
16571 342913 NA
16572 342913 NA
16573 348231 NA
16574 348231 NA
16575 348231 NA
16576 358205 NA
16577 358205 NA
16578 372496 NA
16579 372496 NA
16580 385909 NA
16581 385909 NA
16582 395003 NA
16583 395003 NA
16584 395003 NA
16585 400292 NA
16586 400292 NA
16587 400292 NA
16588 406520 NA
16589 406520 NA
16590 406520 NA
16591 414550 NA
16592 414550 NA
16593 414550 NA
16594 419392 NA
16595 419392 NA
16596 419392 NA
16597 422559 NA
16598 422559 NA
16599 422559 NA
16600 420215 NA
16601 420215 NA
16602 411052 NA
16603 411052 NA
16604 411052 NA
16605 404818 NA
16606 404818 NA
16607 407060 NA
16608 407060 NA
16609 407060 NA
16610 412888 NA
16611 412888 NA
16612 412888 NA
16613 414502 NA
16614 414502 NA
16615 421061 NA
16616 421061 NA
16617 421061 NA
16618 419846 NA
16619 419846 NA
16620 419846 NA
16621 428819 NA
16622 428819 NA
16623 416535 NA
16624 416535 NA
16625 416535 NA
16626 406361 NA
16627 406361 NA
16628 406361 NA
16629 395784 NA
16630 395784 NA
16631 397477 NA
16632 397477 NA
16633 397791 NA
16634 397791 NA
16635 397791 NA
16636 387264 NA
16637 387264 NA
16638 373045 NA
16639 373045 NA
16640 373045 NA
16641 359709 NA
16642 359709 NA
16643 350636 NA
16644 350636 NA
16645 344739 NA
16646 344739 NA
16647 344739 NA
16648 334062 NA
16649 334062 NA
16650 325535 NA
16651 325535 NA
16652 325535 NA
16653 318393 NA
16654 318393 NA
16655 312473 NA
16656 312473 NA
16657 312473 NA
16658 318696 NA
16659 318696 NA
16660 318696 NA
16661 324389 NA
16662 324389 NA
16663 333999 NA
16664 333999 NA
16665 332271 NA
16666 332271 NA
16668 327168 NA
16669 327168 NA
16670 327168 NA
16671 327168 NA
16672 332399 NA
16673 332399 NA
16674 346984 NA
16675 346984 NA
16676 346984 NA
16677 350690 NA
16678 350690 NA
16679 350690 NA
16680 341634 NA
16681 341634 NA
16682 341634 NA
16683 341634 NA
16684 338887 NA
16685 338887 NA
16686 338887 NA
16687 338887 NA
16688 336579 NA
16689 336579 NA
16690 337518 NA
16691 337518 NA
16692 346209 NA
16693 346209 NA
16694 346209 NA
16695 361735 NA
16696 361735 NA
16697 361735 NA
16698 377010 NA
16699 377010 NA
16700 377010 NA
16701 382063 NA
16702 382063 NA
16703 382063 NA
16704 397329 NA
16705 397329 NA
16706 397329 NA
16707 414985 NA
16708 414985 NA
16709 414985 NA
16710 433944 NA
16711 433944 NA
16712 433944 NA
16714 454781 NA
16717 473657 NA
16719 478759 NA
16720 478759 NA
16721 478759 NA
16722 478759 NA
16723 493154 NA
16724 493154 NA
16725 493154 NA
16726 490866 NA
16727 490866 NA
16728 490866 NA
16729 497113 NA
16730 497113 NA
16731 497113 NA
16732 489982 NA
16733 489982 NA
16734 489982 NA
16735 494304 NA
16736 494304 NA
16737 508740 NA
16738 508740 NA
16739 508740 NA
16740 507582 NA
16741 507582 NA
16742 507582 NA
16743 508032 NA
16744 508032 NA
16745 508032 NA
16746 521995 NA
16747 521995 NA
16748 521995 NA
16749 542254 NA
16750 542254 NA
16751 542254 NA
16752 561418 NA
16753 561418 NA
16754 561418 NA
16755 578149 NA
16756 578149 NA
16757 578149 NA
16759 570290 NA
16760 570290 NA
16761 570290 NA
16762 570290 NA
16763 562674 NA
16764 562674 NA
16765 562674 NA
16766 552532 NA
16767 552532 NA
16768 552532 NA
16769 552532 NA
16770 560667 NA
16771 560667 NA
16772 560667 NA
16773 538676 NA
16774 538676 NA
16775 538676 NA
16776 538676 NA
16777 511742 NA
16778 511742 NA
16779 486154 NA
16780 486154 NA
16781 466131 NA
16782 466131 NA
16783 451673 NA
16784 451673 NA
16785 432929 NA
16786 432929 NA
16787 432929 NA
16788 412664 NA
16789 412664 NA
16790 412664 NA
16791 405969 NA
16792 405969 NA
16793 404082 NA
16794 404082 NA
16795 404082 NA
16796 402001 NA
16797 402001 NA
16798 386934 NA
16799 386934 NA
16800 378368 NA
16801 378368 NA
16802 378368 NA
16803 378977 NA
16804 378977 NA
16805 378977 NA
16807 378438 NA
16808 379279 NA
16809 379279 NA
16810 379279 NA
16811 385122 NA
16812 385122 NA
16813 385122 NA
16814 386207 NA
16815 386207 NA
16816 386207 NA
16817 400814 NA
16818 400814 NA
16819 400814 NA
16820 416927 NA
16821 416927 NA
16822 432254 NA
16823 432254 NA
16824 432254 NA
16825 453307 NA
16826 453307 NA
16827 468290 NA
16828 489178 NA
16829 513637 NA
16830 539319 NA
16831 566285 NA
16832 566285 NA
16833 594600 NA
16834 655493 NA
16835 655493 NA
16836 688268 NA
16837 722682 NA
16838 722682 NA
16839 758817 NA
16840 796758 NA
16841 835826 NA
16842 835826 NA
16843 877618 NA
16844 877618 NA
16845 921499 NA
16846 921499 NA
16847 966477 NA
16848 966477 NA
16849 1014801 NA
16850 1014801 NA
16851 1063699 NA
16852 1063699 NA
16853 1063699 NA
16854 1116884 NA
16855 1172729 NA
16856 1172729 NA
16857 1172729 NA
16858 1223981 NA
16859 1223981 NA
16860 1258612 NA
16861 1258612 NA
16862 1319385 NA
16863 1319385 NA
16864 1382593 NA
16865 1445719 NA
16866 1445719 NA
16867 1445719 NA
16869 1493013 NA
16870 1493013 NA
16871 1449492 NA
16872 1449492 NA
16873 1417036 NA
16874 1417036 NA
16875 1357378 NA
16876 1357378 NA
16877 1357378 NA
16878 1293985 NA
16879 1293985 NA
16880 1293985 NA
16881 1229285 NA
16882 1229285 NA
16883 1229285 NA
16884 1172897 NA
16885 1172897 NA
16886 1121150 NA
16887 1121150 NA
16888 1121150 NA
16889 1066291 NA
16890 1066291 NA
16891 1066291 NA
16892 1017649 NA
16893 1017649 NA
16894 971842 NA
16895 971842 NA
16896 929382 NA
16897 929382 NA
16898 888594 NA
16899 888594 NA
16900 888594 NA
16901 844164 NA
16903 844164 NA
16904 803545 NA
16905 803545 NA
16906 803545 NA
16907 778087 NA
16908 778087 NA
16909 778087 NA
16910 754132 NA
16911 754132 NA
16912 754132 NA
16913 764448 NA
16914 764448 NA
16915 764448 NA
16916 764448 NA
16917 742036 NA
16918 742036 NA
16919 707271 NA
16920 707271 NA
16921 707271 NA
16922 675398 NA
16923 675398 NA
16924 675398 NA
16925 664284 NA
16926 664284 NA
16927 664284 NA
16928 679656 NA
16929 679656 NA
16930 679656 NA
16931 679656 NA
16932 680296 NA
16933 680296 NA
16934 680296 NA
16935 680296 NA
16936 682902 NA
16937 682902 NA
16938 682902 NA
16939 676309 NA
16940 676309 NA
16941 676309 NA
16942 690301 NA
16943 690301 NA
16944 690301 NA
16945 717481 NA
16946 717481 NA
16947 737023 NA
16948 737023 NA
16949 737023 NA
16950 737023 NA
16951 754465 NA
16952 754465 NA
16953 754465 NA
16954 785659 NA
16955 785659 NA
16956 785659 NA
16957 785659 NA
16958 824894 NA
16959 824894 NA
16960 824894 NA
16961 866122 NA
16966 907885 NA
16968 949783 NA
16969 949783 NA
16970 994006 NA
16971 994006 NA
16972 994006 NA
16973 1040994 NA
16974 1040994 NA
16975 1040994 NA
16976 1090102 NA
16977 1090102 NA
16978 1090102 NA
16979 1090102 NA
16980 1134255 NA
16981 1134255 NA
16982 1134255 NA
16984 1177903 NA
16985 1177903 NA
16986 1177903 NA
16987 1228825 NA
16988 1228825 NA
16989 1228825 NA
16990 1286064 NA
16991 1286064 NA
16992 1286064 NA
16993 1286064 NA
16994 1337434 NA
16998 1388643 NA
16999 1388643 NA
17000 1388643 NA
17001 1388643 NA
17002 1342489 NA
17006 1395209 NA
17007 1395209 NA
17012 1456079 NA
17014 1456079 NA
17015 1444635 NA
17016 1444635 NA
17017 1444635 NA
17018 1444635 NA
17019 1372403 NA
17020 1372403 NA
17021 1372403 NA
17022 1372403 NA
17023 1307637 NA
17024 1307637 NA
17025 1307637 NA
17026 1307637 NA
17027 1247277 NA
17028 1247277 NA
17029 1247277 NA
17031 1189158 NA
17032 1189158 NA
17033 1189158 NA
17034 1189158 NA
17035 1189158 NA
17036 1129799 NA
17037 1129799 NA
17038 1129799 NA
17039 1076449 NA
17040 1076449 NA
17042 1076449 NA
17044 1027239 NA
17045 1027239 NA
17046 1027239 NA
17047 983681 NA
17048 983681 NA
17049 983681 NA
17050 938752 NA
17051 938752 NA
17052 938752 NA
17053 938752 NA
17054 896557 NA
17055 896557 NA
17056 896557 NA
17057 896557 NA
17058 858298 NA
17059 858298 NA
17060 858298 NA
17061 858298 NA
17062 858298 NA
17063 815829 NA
17064 815829 NA
17069 778376 NA
17070 778376 NA
17071 743473 NA
17072 743473 NA
17073 743473 NA
17075 711269 NA
17076 711269 NA
17077 711269 NA
17078 675925 NA
17079 675925 NA
17080 675925 NA
17081 675925 NA
17083 645573 NA
17084 645573 NA
17085 645573 NA
17086 624734 NA
17087 624734 NA
17088 624734 NA
17089 624734 NA
17091 604845 NA
17092 604845 NA
17093 604845 NA
17094 604845 NA
17095 604845 NA
17096 582950 NA
17097 582950 NA
17098 582950 NA
17099 582950 NA
17100 582950 NA
17101 582950 NA
17102 595812 NA
17103 595812 NA
17104 595812 NA
17105 595812 NA
17106 595812 NA
17107 595812 NA
17108 593848 NA
17109 593848 NA
17110 593848 NA
17111 593848 NA
17112 593848 NA
17113 593848 NA
17114 573985 NA
17115 573985 NA
17117 573985 NA
17118 573985 NA
17119 573985 NA
17123 549864 NA
17124 549864 NA
17125 536999 NA
17126 536999 NA
17127 536999 NA
17129 536999 NA
17130 536999 NA
17131 524546 NA
17132 524546 NA
17133 524546 NA
17134 524546 NA
17135 524546 NA
17136 518047 NA
17138 518047 NA
17139 518047 NA
17140 518047 NA
17141 494639 NA
17142 494639 NA
17143 494639 NA
17144 494639 NA
17145 485305 NA
17146 485305 NA
17147 485305 NA
