"Index" "Price" "Volume"
15664 149450 NA
15665 155965 NA
15666 162692 NA
15667 169561 NA
15668 177345 NA
15669 185133 NA
15670 193668 NA
15671 201702 NA
15672 210026 NA
15673 220174 NA
15674 230095 NA
15675 241031 NA
15676 253083 NA
15677 265738 NA
15678 278909 NA
15679 292336 NA
15680 306027 NA
15681 319766 NA
15682 334311 NA
15683 350161 NA
15684 366599 NA
15685 383681 NA
15686 401407 NA
15687 420075 NA
15688 439728 NA
15689 460591 NA
15690 482136 NA
15691 503970 NA
15692 526920 NA
15693 552485 NA
15694 578130 NA
15695 605617 NA
15696 633217 NA
15697 663346 NA
15698 694965 NA
15699 727343 NA
15700 760737 NA
15701 797661 NA
15702 833064 NA
15703 872908 NA
15704 914424 NA
15705 958010 NA
15706 1002909 NA
15707 1049416 NA
15708 1097716 NA
15709 1147622 NA
15710 1201525 NA
15711 1257272 NA
15712 1315180 NA
15713 1376796 NA
15714 1441572 NA
15715 1506389 NA
15716 1575463 NA
15717 1648881 NA
15718 1725018 NA
15719 1805986 NA
15720 1892817 NA
15721 1984359 NA
15722 2074547 NA
15723 2171100 NA
15724 2274236 NA
15725 2383499 NA
15726 2498544 NA
15727 2615356 NA
15728 2739484 NA
15729 2872060 NA
15730 3009869 NA
15731 3149980 NA
15732 3307479 NA
15733 3465439 NA
15734 3627077 NA
15735 3800873 NA
15736 3984073 NA
15737 4167408 NA
15738 4369414 NA
15739 4583075 NA
15740 4803872 NA
15741 5031824 NA
15742 5267361 NA
15743 5516092 NA
15744 5771612 NA
15745 6046493 NA
15746 6321327 NA
15747 6621452 NA
15748 6927439 NA
15749 7246144 NA
15750 7583616 NA
15751 7932987 NA
15752 8307108 NA
15753 8688698 NA
15754 9105532 NA
15755 9521943 NA
15756 9998041 NA
15757 10438560 NA
15758 10921978 NA
15759 11422676 NA
15760 11934114 NA
15761 12482505 NA
15762 12482505 NA
15763 13035965 NA
15764 13620101 NA
15765 13620101 NA
15766 14259572 NA
15767 14259572 NA
15768 14923188 NA
15769 15601833 NA
15770 16324212 NA
15771 16324212 NA
15772 17085146 NA
15773 17085146 NA
15774 17880976 NA
15775 18685954 NA
15776 18685954 NA
15777 19558058 NA
15778 19558058 NA
15779 20460380 NA
15780 20460380 NA
15781 21433966 NA
15782 21433966 NA
15783 22330024 NA
15784 22330024 NA
15785 23057890 NA
15786 23057890 NA
15787 23989922 NA
15788 23989922 NA
15789 25018462 NA
15790 25018462 NA
15791 24837631 NA
15792 24837631 NA
15793 23966819 NA
15794 23966819 NA
15795 22768478 NA
15796 22768478 NA
15797 21630054 NA
15798 21189341 NA
15799 20748629 NA
15800 20307916 NA
15801 19867204 NA
15802 19426491 NA
15803 18985779 NA
15804 18545066 NA
15805 17617812 NA
15806 17617812 NA
15807 16934803 NA
15808 16934803 NA
15809 16091507 NA
15810 16091507 NA
15811 15286931 NA
15812 15286931 NA
15813 15286931 NA
15814 14522584 NA
15815 14522584 NA
15816 13796454 NA
15817 13796454 NA
15818 13796454 NA
15819 13106631 NA
15820 13106631 NA
15821 13106631 NA
15822 12451299 NA
15823 12451299 NA
15824 11831753 NA
15825 11831753 NA
15826 11364758 NA
15827 11364758 NA
15828 11908449 NA
15829 11908449 NA
15830 12464570 NA
15831 12464570 NA
15832 12815770 NA
15833 12815770 NA
15834 13396789 NA
15835 13396789 NA
15836 13396789 NA
15837 13348005 NA
15838 13348005 NA
15839 13348005 NA
15840 12680604 NA
15841 12680604 NA
15842 12065889 NA
15843 12065889 NA
15844 11491760 NA
15845 11491760 NA
15846 11491760 NA
15847 11544407 NA
15848 11544407 NA
15849 11977106 NA
15850 11977106 NA
15851 12130576 NA
15852 12130576 NA
15853 12554741 NA
15854 12554741 NA
15855 12345848 NA
15856 12345848 NA
15857 12193090 NA
15858 12193090 NA
15859 12465256 NA
15860 12465256 NA
15861 12325106 NA
15862 12325106 NA
15863 12325106 NA
15864 12066795 NA
15865 12066795 NA
15866 11489703 NA
15867 11489703 NA
15868 11831206 NA
15869 11831206 NA
15870 12339160 NA
15871 12339160 NA
15872 11873809 NA
15873 11342710 NA
15874 11342710 NA
15875 11228128 NA
15876 11228128 NA
15877 11228128 NA
15878 11593651 NA
15879 11593651 NA
15880 11339709 NA
15881 11339709 NA
15882 10846587 NA
15883 10846587 NA
15884 10304257 NA
15885 10304257 NA
15886 9831333 NA
15887 9367794 NA
15888 9367794 NA
15889 8907646 NA
15890 8907646 NA
15891 8645698 NA
15892 8645698 NA
15893 8274971 NA
15894 8274971 NA
15895 7923096 NA
15896 7923096 NA
15897 7526975 NA
15898 7526975 NA
15899 7150626 NA
15900 7150626 NA
15901 6793094 NA
15902 6793094 NA
15903 6817215 NA
15904 6841335 NA
15905 6865456 NA
15906 6889577 NA
15907 6913697 NA
15908 6937818 NA
15909 6746039 NA
15910 6746039 NA
15911 6591713 NA
15912 6591713 NA
15913 6507138 NA
15914 6507138 NA
15915 6738109 NA
15916 6738109 NA
15917 6749947 NA
15918 6749947 NA
15919 6499460 NA
15920 6499460 NA
15921 6213919 NA
15922 6213919 NA
15923 6247110 NA
15924 6247110 NA
15925 6070032 NA
15926 6070032 NA
15927 6070032 NA
15928 5867754 NA
15929 5867754 NA
15930 5971117 NA
15931 5971117 NA
15932 5735970 NA
15933 5735970 NA
15934 5735970 NA
15935 5461247 NA
15936 5461247 NA
15937 5271465 NA
15938 5271465 NA
15939 5271465 NA
15940 5271465 NA
15941 5025994 NA
15942 5025994 NA
15943 5025994 NA
15944 4774694 NA
15945 4774694 NA
15946 4774694 NA
15947 4603196 NA
15948 4603196 NA
15949 4603196 NA
15950 4509845 NA
15951 4509845 NA
15952 4509845 NA
15953 4509845 NA
15954 4345477 NA
15955 4345477 NA
15956 4345477 NA
15957 4144888 NA
15958 4144888 NA
15959 4144888 NA
15960 4144888 NA
15961 3951941 NA
15962 3951941 NA
15963 3951941 NA
15964 3891728 NA
15965 3891728 NA
15966 3891728 NA
15967 3891728 NA
15968 3914762 NA
15969 3914762 NA
15970 3914762 NA
15971 4065768 NA
15972 4065768 NA
15973 4065768 NA
15974 4065768 NA
15975 4258310 NA
15976 4258310 NA
15977 4258310 NA
15978 4456665 NA
15979 4456665 NA
15980 4456665 NA
15981 4456665 NA
15982 4576880 NA
15983 4576880 NA
15984 4576880 NA
15985 4639178 NA
15986 4684535 NA
15987 4729891 NA
15988 4775248 NA
15989 4820604 NA
15990 4865961 NA
15991 4911317 NA
15992 4956674 NA
15993 5002030 NA
15994 5002030 NA
15995 5200227 NA
15996 5200227 NA
15997 5200227 NA
15998 5082752 NA
15999 5082752 NA
16000 5082752 NA
16001 5107376 NA
16002 5107376 NA
16003 5107376 NA
16004 5107376 NA
16005 4936004 NA
16006 4936004 NA
16007 4936004 NA
16008 4752266 NA
16009 4752266 NA
16010 4752266 NA
16011 4752266 NA
16012 4596698 NA
16013 4596698 NA
16014 4596698 NA
16015 4430687 NA
16016 4430687 NA
16017 4430687 NA
16018 4628703 NA
16019 4628703 NA
16020 4628703 NA
16021 4733304 NA
16022 4733304 NA
16023 4497354 NA
16024 4497354 NA
16025 4282734 NA
16026 4282734 NA
16027 4073710 NA
16028 4073710 NA
16029 4073710 NA
16030 3887386 NA
16031 3887386 NA
16032 3770718 NA
16033 3770718 NA
16034 3773253 NA
16035 3754500 NA
16036 3735747 NA
16037 3716994 NA
16038 3698241 NA
16039 3679488 NA
16040 3660735 NA
16041 3641982 NA
16042 3650471 NA
16043 3650471 NA
16044 3538111 NA
16045 3538111 NA
16046 3538111 NA
16047 3547186 NA
16048 3547186 NA
16049 3672372 NA
16050 3672372 NA
16051 3712732 NA
16052 3712732 NA
16053 3817451 NA
16054 3817451 NA
16055 3995932 NA
16056 3995932 NA
16057 3995932 NA
16058 4033862 NA
16059 4033862 NA
16060 4144438 NA
16061 4144438 NA
16062 4152588 NA
16063 4152588 NA
16064 4346700 NA
16065 4346700 NA
16066 4346700 NA
16067 4554462 NA
16068 4554462 NA
16069 4769986 NA
16070 4769986 NA
16071 4986080 NA
16072 4986080 NA
16073 5219088 NA
16074 5219088 NA
16075 5215706 NA
16076 5215706 NA
16077 5284882 NA
16078 5284882 NA
16079 5268003 NA
16080 5268003 NA
16081 5268003 NA
16082 5196443 NA
16083 5196443 NA
16084 5108814 NA
16085 5108814 NA
16086 5108814 NA
16087 4959683 NA
16088 4959683 NA
16089 4763212 NA
16090 4763212 NA
16091 4763212 NA
16092 4684603 NA
16093 4684603 NA
16094 4684603 NA
16095 4563207 NA
16096 4563207 NA
16097 4530311 NA
16098 4530311 NA
16099 4475738 NA
16100 4475738 NA
16101 4475738 NA
16102 4403136 NA
16103 4403136 NA
16104 4423993 NA
16105 4423993 NA
16106 4474335 NA
16107 4474335 NA
16108 4474335 NA
16109 4300521 NA
16110 4300521 NA
16111 4300521 NA
16112 4085494 NA
16113 4085494 NA
16114 3890889 NA
16115 3890889 NA
16116 3696344 NA
16117 3696344 NA
16118 3523018 NA
16119 3523018 NA
16120 3523018 NA
16121 3354737 NA
16122 3354737 NA
16123 3354737 NA
16124 3195681 NA
16125 3195681 NA
16126 3195681 NA
16127 3035896 NA
16128 3035896 NA
16129 3035896 NA
16130 2912961 NA
16131 2912961 NA
16132 2980214 NA
16133 2980214 NA
16134 2980214 NA
16135 3101022 NA
16136 3101022 NA
16137 3101022 NA
16138 2976158 NA
16139 2976158 NA
16140 2976158 NA
16141 2827489 NA
16142 2827489 NA
16143 2827489 NA
16144 2686114 NA
16145 2686114 NA
16146 2686114 NA
16147 2557702 NA
16148 2557702 NA
16149 2437012 NA
16150 2437012 NA
16151 2437012 NA
16152 2315415 NA
16153 2315415 NA
16154 2315415 NA
16155 2199644 NA
16156 2199644 NA
16157 2199644 NA
16158 2094999 NA
16159 2094999 NA
16160 1997765 NA
16161 1997765 NA
16162 1997765 NA
16163 1912086 NA
16164 1912086 NA
16165 1912086 NA
16166 1837731 NA
16167 1837731 NA
16168 1837731 NA
16169 1803776 NA
16170 1803776 NA
16171 1803776 NA
16172 1856355 NA
16173 1856355 NA
16174 1856355 NA
16175 1842502 NA
16176 1842502 NA
16177 1842502 NA
16178 1873914 NA
16179 1873914 NA
16180 1873914 NA
16181 1873914 NA
16182 1917639 NA
16183 1917639 NA
16184 1917639 NA
16185 1931061 NA
16186 1931061 NA
16187 1931061 NA
16188 1993586 NA
16189 1993586 NA
16190 1993586 NA
16191 1993586 NA
16192 2040042 NA
16193 2040042 NA
16194 2040042 NA
16195 2108919 NA
16196 2108919 NA
16197 2108919 NA
16198 2164685 NA
16199 2164685 NA
16200 2164685 NA
16201 2164685 NA
16202 2186337 NA
16203 2207989 NA
16204 2207989 NA
16205 2207989 NA
16206 2207989 NA
16207 2207989 NA
16208 2102312 NA
16209 2102312 NA
16210 2102312 NA
16211 2102312 NA
16212 2020294 NA
16213 2020294 NA
16214 2020294 NA
16215 2020294 NA
16216 1992720 NA
16217 1992720 NA
16218 1992720 NA
16219 1992720 NA
16220 1992720 NA
16221 1913307 NA
16222 1913307 NA
16223 1913307 NA
16224 1913307 NA
16225 1877971 NA
16226 1877971 NA
16227 1877971 NA
16228 1877971 NA
16229 1935144 NA
16230 1935144 NA
16231 1935144 NA
16232 1935144 NA
16233 1971709 NA
16234 1971709 NA
16235 1971709 NA
16236 1971709 NA
16237 2027944 NA
16238 2027944 NA
16239 2027944 NA
16240 2027944 NA
16241 2007507 NA
16242 2007507 NA
16243 2007507 NA
16244 2007507 NA
16245 2000580 NA
16246 2000580 NA
16247 2000580 NA
16248 2000580 NA
16249 1925322 NA
16250 1925322 NA
16251 1925322 NA
16252 1870074 NA
16253 1870074 NA
16254 1870074 NA
16255 1847268 NA
16256 1847268 NA
16257 1847268 NA
16258 1847268 NA
16259 1830778 NA
16260 1830778 NA
16261 1830778 NA
16262 1830778 NA
16263 1853563 NA
16264 1853563 NA
16265 1901092 NA
16266 1901092 NA
16267 1901092 NA
16268 1882056 NA
16269 1882056 NA
16270 1793985 NA
16271 1793985 NA
16272 1793985 NA
16273 1748556 NA
16274 1748556 NA
16275 1696749 NA
16276 1696749 NA
16277 1696749 NA
16278 1639453 NA
16279 1639453 NA
16280 1563030 NA
16281 1563030 NA
16282 1491181 NA
16283 1491181 NA
16284 1419549 NA
16285 1419549 NA
16286 1354070 NA
16287 1354070 NA
16288 1354070 NA
16289 1286542 NA
16290 1286542 NA
16291 1226897 NA
16292 1226897 NA
16293 1173482 NA
16294 1173482 NA
16295 1119872 NA
16296 1119872 NA
16297 1119872 NA
16298 1063878 NA
16299 1063878 NA
16300 1015227 NA
16301 1015227 NA
16302 970768 NA
16303 970768 NA
16304 924071 NA
16305 924071 NA
16306 924071 NA
16307 880691 NA
16308 880691 NA
16309 842462 NA
16310 842462 NA
16311 800338 NA
16312 800338 NA
16313 800338 NA
16314 760924 NA
16315 760924 NA
16316 725855 NA
16317 725855 NA
16318 725855 NA
16319 690382 NA
16320 690382 NA
16321 690382 NA
16322 655862 NA
16323 655862 NA
16324 655862 NA
16325 623068 NA
16326 623068 NA
16327 623068 NA
16328 592315 NA
16329 592315 NA
16330 592315 NA
16331 564420 NA
16332 564420 NA
16333 564420 NA
16334 537555 NA
16335 537555 NA
16336 537555 NA
16337 523607 NA
16338 523607 NA
16339 514126 NA
16340 514126 NA
16341 514126 NA
16342 533663 NA
16343 533663 NA
16344 533663 NA
16345 533663 NA
16346 544112 NA
16347 544112 NA
16348 544112 NA
16349 518847 NA
16350 518847 NA
16351 518847 NA
16352 494708 NA
16353 494708 NA
16354 494708 NA
16355 500067 NA
16356 500067 NA
16357 500067 NA
16358 511191 NA
16359 511191 NA
16360 511191 NA
16361 508485 NA
16362 508485 NA
16363 508485 NA
16364 531630 NA
16365 531630 NA
16366 531630 NA
16367 531630 NA
16368 539150 NA
16369 539150 NA
16370 539150 NA
16371 542397 NA
16372 542397 NA
16373 542397 NA
16374 553960 NA
16375 553960 NA
16376 553960 NA
16377 534567 NA
16378 534567 NA
16379 534567 NA
16380 512827 NA
16381 512827 NA
16382 512827 NA
16383 501429 NA
16384 501429 NA
16385 501429 NA
16386 505052 NA
16387 505052 NA
16388 505052 NA
16389 522997 NA
16390 522997 NA
16391 522997 NA
16392 522997 NA
16393 518749 NA
16394 518749 NA
16395 518749 NA
16396 518749 NA
16397 530904 NA
16398 530904 NA
16399 530904 NA
16400 530904 NA
16401 543099 NA
16402 543099 NA
16403 543099 NA
16404 554678 NA
16405 554678 NA
16406 554678 NA
16407 554678 NA
16408 558169 NA
16409 558169 NA
16410 558169 NA
16411 548457 NA
16412 548457 NA
16413 548457 NA
16414 548457 NA
16415 530734 NA
16416 530734 NA
16417 530734 NA
16418 532832 NA
16419 532832 NA
16420 532832 NA
16421 510580 NA
16422 510580 NA
16423 510580 NA
16424 488721 NA
16425 488721 NA
16426 488721 NA
16427 466160 NA
16428 466160 NA
16429 466160 NA
16430 476617 NA
16431 476617 NA
16432 476617 NA
16433 475191 NA
16434 475191 NA
16435 458795 NA
16436 458795 NA
16437 458795 NA
16438 451416 NA
16439 451416 NA
16440 451416 NA
16441 449405 NA
16442 449405 NA
16443 449405 NA
16444 466218 NA
16445 466218 NA
16446 466218 NA
16447 488315 NA
16448 488315 NA
16449 488315 NA
16450 497431 NA
16451 497431 NA
16452 497431 NA
16453 475379 NA
16454 475379 NA
16455 475379 NA
16456 456174 NA
16457 456174 NA
16458 456174 NA
16459 435037 NA
16460 435037 NA
16461 435037 NA
16462 422865 NA
16463 422865 NA
16464 422865 NA
16465 422865 NA
16466 417413 NA
16467 417413 NA
16468 417413 NA
16469 422205 NA
16470 422205 NA
16471 422205 NA
16472 415597 NA
16473 415597 NA
16474 415597 NA
16475 428936 NA
16476 428936 NA
16477 428936 NA
16478 428936 NA
16479 430773 NA
16480 430773 NA
16481 430773 NA
16482 451412 NA
16483 451412 NA
16484 451412 NA
16485 438780 NA
16486 438780 NA
16487 442873 NA
16488 442873 NA
16489 442873 NA
16490 464125 NA
16491 464125 NA
16492 464125 NA
16493 462570 NA
16494 462570 NA
16495 462570 NA
16496 472493 NA
16497 472493 NA
16498 472493 NA
16499 485953 NA
16500 485953 NA
16501 485953 NA
16502 474221 NA
16503 474221 NA
16504 474221 NA
16505 452434 NA
16506 452434 NA
16507 452434 NA
16508 452434 NA
16509 442502 NA
16510 442502 NA
16511 442502 NA
16512 446874 NA
16513 446874 NA
16514 446874 NA
16515 446874 NA
16516 445245 NA
16517 445245 NA
16518 445245 NA
16519 445245 NA
16520 441457 NA
16521 441457 NA
16522 441457 NA
16523 441457 NA
16524 442123 NA
16525 442123 NA
16526 442123 NA
16527 442123 NA
16528 463684 NA
16529 463684 NA
16530 463684 NA
16531 475959 NA
16532 475959 NA
16533 475959 NA
16534 475959 NA
16535 476958 NA
16536 476958 NA
16537 476958 NA
16538 476958 NA
16539 476958 NA
16540 454310 NA
16541 454310 NA
16542 454310 NA
16543 454310 NA
16544 454310 NA
16545 436249 NA
16546 436249 NA
16547 436249 NA
16548 436249 NA
16549 436249 NA
16550 421398 NA
16551 421398 NA
16552 421398 NA
16553 427922 NA
16554 427922 NA
16555 427922 NA
16556 427922 NA
16557 427922 NA
16558 406908 NA
16559 406908 NA
16560 406908 NA
16561 406908 NA
16562 389544 NA
16563 389544 NA
16564 389544 NA
16565 389544 NA
16566 371200 NA
16567 371200 NA
16568 371200 NA
16569 371200 NA
16570 371200 NA
16571 357659 NA
16572 357659 NA
16573 357659 NA
16574 357659 NA
16575 350423 NA
16576 350423 NA
16577 350423 NA
16578 350423 NA
16579 339341 NA
16580 339341 NA
16581 339341 NA
16582 339341 NA
16583 351841 NA
16584 351841 NA
16585 351841 NA
16586 351841 NA
16587 355374 NA
16588 355374 NA
16589 355374 NA
16590 355374 NA
16591 355374 NA
16592 352165 NA
16593 352165 NA
16594 352165 NA
16595 352165 NA
16596 369027 NA
16597 369027 NA
16598 369027 NA
16599 369027 NA
16600 385738 NA
16601 385738 NA
16602 385738 NA
16603 381187 NA
16604 381187 NA
16605 381187 NA
16606 376857 NA
16607 376857 NA
16608 376857 NA
16609 376857 NA
16610 381338 NA
16611 381338 NA
16612 381338 NA
16613 381338 NA
16614 380899 NA
16615 380899 NA
16616 380899 NA
16617 380899 NA
16618 371048 NA
16619 371048 NA
16620 371048 NA
16621 371048 NA
16622 372193 NA
16623 372193 NA
16624 372193 NA
16625 372193 NA
16626 380349 NA
16627 380349 NA
16628 380349 NA
16629 380349 NA
16630 375234 NA
16631 375234 NA
16632 375234 NA
16633 369414 NA
16634 369414 NA
16635 369414 NA
16636 369414 NA
16637 363766 NA
16638 363766 NA
16639 363766 NA
16640 363766 NA
16641 367961 NA
16642 367961 NA
16643 367961 NA
16644 370369 NA
16645 370369 NA
16646 370369 NA
16647 370369 NA
16648 385846 NA
16649 385846 NA
16650 385846 NA
16651 385846 NA
16652 382691 NA
16653 382691 NA
16654 382691 NA
16655 382691 NA
16656 377748 NA
16657 377748 NA
16658 377748 NA
16659 377748 NA
16660 369549 NA
16661 369549 NA
16662 369549 NA
16663 369549 NA
16664 353497 NA
16665 353497 NA
16666 353497 NA
16668 339460 NA
16669 339460 NA
16670 339460 NA
16671 339460 NA
16672 326492 NA
16673 326492 NA
16674 326492 NA
16675 322275 NA
16676 322275 NA
16677 322275 NA
16678 322275 NA
16679 322275 NA
16680 313221 NA
16681 313221 NA
16682 313221 NA
16683 313221 NA
16684 307045 NA
16685 307045 NA
16686 307045 NA
16687 307045 NA
16688 307045 NA
16689 307045 NA
16690 292358 NA
16691 292358 NA
16692 292358 NA
16693 292358 NA
16694 281418 NA
16695 281418 NA
16696 281418 NA
16697 281418 NA
16698 281418 NA
16699 281418 NA
16700 277812 NA
16701 277812 NA
16702 277812 NA
16703 277812 NA
16704 277874 NA
16705 277874 NA
16706 277874 NA
16707 277874 NA
16708 268489 NA
16709 268489 NA
16710 268489 NA
16711 268489 NA
16712 268489 NA
16714 269370 NA
16717 269370 NA
16719 274031 NA
16720 274031 NA
16721 274031 NA
16722 274031 NA
16723 276847 NA
16724 276847 NA
16725 276847 NA
16726 276847 NA
16727 276847 NA
16728 289133 NA
16729 289133 NA
16730 289133 NA
16731 289133 NA
16732 302225 NA
16733 302225 NA
16734 302225 NA
16735 302225 NA
16736 302225 NA
16737 312583 NA
16738 312583 NA
16739 312583 NA
16740 312583 NA
16741 312583 NA
16742 323196 NA
16743 323196 NA
16744 323196 NA
16745 323196 NA
16746 335055 NA
16747 335055 NA
16748 335055 NA
16749 335055 NA
16750 335055 NA
16751 345771 NA
16752 345771 NA
16753 345771 NA
16754 345771 NA
16755 345771 NA
16756 361169 NA
16757 361169 NA
16759 361169 NA
16760 361169 NA
16761 373102 NA
16762 373102 NA
16763 373102 NA
16764 373102 NA
16765 373102 NA
16766 389092 NA
16767 389092 NA
16768 389092 NA
16769 389092 NA
16770 389092 NA
16771 403523 NA
16772 403523 NA
16773 403523 NA
16774 403523 NA
16775 422589 NA
16776 422589 NA
16777 422589 NA
16778 434264 NA
16779 434264 NA
16780 434264 NA
16781 434264 NA
16782 417667 NA
16783 417667 NA
16784 417667 NA
16785 417667 NA
16786 399755 NA
16787 399755 NA
16788 399755 NA
16789 399755 NA
16790 386130 NA
16791 386130 NA
16792 386130 NA
16793 386130 NA
16794 392519 NA
16795 392519 NA
16796 392519 NA
16797 392519 NA
16798 406668 NA
16799 406668 NA
16800 406668 NA
16801 406668 NA
16802 419596 NA
16803 419596 NA
16804 419596 NA
16805 419596 NA
16807 439054 NA
16808 439054 NA
16809 439054 NA
16810 439054 NA
16811 455856 NA
16812 455856 NA
16813 455856 NA
16814 455856 NA
16815 455856 NA
16816 444968 NA
16817 444968 NA
16818 444968 NA
16819 444968 NA
16820 441991 NA
16821 441991 NA
16822 441991 NA
16823 441991 NA
16824 458222 NA
16825 458222 NA
16826 458222 NA
16827 477202 NA
16828 477202 NA
16829 498054 NA
16830 498054 NA
16831 521285 NA
16832 521285 NA
16833 521285 NA
16834 521781 NA
16835 521781 NA
16836 530010 NA
16837 530010 NA
16838 530010 NA
16839 508297 NA
16840 508297 NA
16841 504461 NA
16842 504461 NA
16843 504461 NA
16844 493241 NA
16845 493241 NA
16846 493241 NA
16847 492256 NA
16848 492256 NA
16849 492256 NA
16850 492256 NA
16851 484087 NA
16852 484087 NA
16853 484087 NA
16854 468147 NA
16855 468147 NA
16856 468147 NA
16857 430001 NA
16858 430001 NA
16859 430001 NA
16860 418791 NA
16861 418791 NA
16862 418791 NA
16863 417496 NA
16864 417496 NA
16865 417496 NA
16866 420798 NA
16867 420798 NA
16869 421074 NA
16870 421074 NA
16871 421074 NA
16872 421074 NA
16873 401332 NA
16874 401332 NA
16875 401332 NA
16876 383522 NA
16877 383522 NA
16878 383522 NA
16879 367110 NA
16880 367110 NA
16881 367110 NA
16882 349825 NA
16883 349825 NA
16884 349825 NA
16885 334174 NA
16886 334174 NA
16887 334174 NA
16888 319695 NA
16889 319695 NA
16890 319695 NA
16891 319695 NA
16892 305213 NA
16893 305213 NA
16894 305213 NA
16895 291387 NA
16896 291387 NA
16897 291387 NA
16898 291387 NA
16899 278006 NA
16900 278006 NA
16901 278006 NA
16903 265326 NA
16904 265326 NA
16905 265326 NA
16906 265326 NA
16907 271692 NA
16908 271692 NA
16909 271692 NA
16910 271692 NA
16911 271692 NA
16912 261733 NA
16913 261733 NA
16914 261733 NA
16915 261733 NA
16916 261733 NA
16917 248787 NA
16918 248787 NA
16919 248787 NA
16920 237107 NA
16921 237107 NA
16922 237107 NA
16923 237107 NA
16924 225995 NA
16925 225995 NA
16926 225995 NA
16927 225995 NA
16928 215896 NA
16929 215896 NA
16930 215896 NA
16931 215896 NA
16932 208642 NA
16933 208642 NA
16934 208642 NA
16935 208642 NA
16936 208642 NA
16937 208642 NA
16938 217595 NA
16939 217595 NA
16940 217595 NA
16941 217595 NA
16942 218925 NA
16943 218925 NA
16944 218925 NA
16945 218925 NA
16946 213124 NA
16947 213124 NA
16948 213124 NA
16949 213124 NA
16950 213124 NA
16951 203251 NA
16952 203251 NA
16953 203251 NA
16954 199214 NA
16955 199214 NA
16956 199214 NA
16957 199214 NA
16958 199214 NA
16959 199697 NA
16960 199697 NA
16961 199697 NA
16966 200753 NA
16968 200753 NA
16969 196856 NA
16970 196856 NA
16971 196856 NA
16972 196856 NA
16973 196856 NA
16974 192186 NA
16975 192186 NA
16976 192186 NA
16977 192186 NA
16978 189983 NA
16979 189983 NA
16980 189983 NA
16981 189983 NA
16982 189983 NA
16984 193549 NA
16985 193549 NA
16986 193549 NA
16987 193549 NA
16988 201781 NA
16989 201781 NA
16990 201781 NA
16991 201781 NA
16992 208501 NA
16993 208501 NA
16994 208501 NA
16998 205653 NA
16999 205653 NA
17000 205653 NA
17001 205653 NA
17002 205653 NA
17006 202939 NA
17007 202939 NA
17012 202499 NA
17014 202499 NA
17015 202499 NA
17016 202783 NA
17017 202783 NA
17018 202783 NA
17019 202783 NA
17020 202783 NA
17021 202783 NA
17022 202783 NA
17023 199243 NA
17024 199243 NA
17025 199243 NA
17026 199243 NA
17027 199243 NA
17028 199243 NA
17029 199243 NA
17031 200260 NA
17032 200260 NA
17033 200260 NA
17034 200260 NA
17035 200260 NA
17036 200260 NA
17037 200051 NA
17038 200051 NA
17039 200051 NA
17040 200051 NA
17042 200051 NA
17044 200051 NA
17045 201087 NA
17046 201087 NA
17047 201087 NA
17048 201087 NA
17049 201087 NA
17050 201087 NA
17051 201087 NA
17052 202453 NA
17053 202453 NA
17054 202453 NA
17055 202453 NA
17056 202453 NA
17057 202453 NA
17058 202453 NA
17059 202453 NA
17060 206270 NA
17061 206270 NA
17062 206270 NA
17063 206270 NA
17064 206270 NA
17069 211073 NA
17070 211073 NA
17071 211073 NA
17072 211073 NA
17073 213017 NA
17075 213017 NA
17076 213017 NA
17077 213017 NA
17078 213017 NA
17079 213017 NA
17080 217287 NA
17081 217287 NA
17083 217287 NA
17084 217287 NA
17085 217287 NA
17086 217287 NA
17087 217287 NA
17088 220090 NA
17089 220090 NA
17091 220090 NA
17092 220090 NA
17093 220090 NA
17094 220090 NA
17095 220090 NA
17096 223777 NA
17097 223777 NA
17098 223777 NA
17099 223777 NA
17100 223777 NA
17101 223777 NA
17102 223777 NA
17103 223777 NA
17104 223777 NA
17105 228655 NA
17106 228655 NA
17107 228655 NA
17108 228655 NA
17109 228655 NA
17110 228655 NA
17111 228655 NA
17112 228655 NA
17113 230997 NA
17114 230997 NA
17115 230997 NA
17117 230997 NA
17118 230997 NA
17119 230997 NA
17123 225750 NA
17124 225750 NA
17125 225750 NA
17126 225750 NA
17127 225750 NA
17129 225750 NA
17130 229413 NA
17131 229413 NA
17132 229413 NA
17133 229413 NA
17134 229413 NA
17135 229413 NA
17136 229413 NA
17138 227560 NA
17139 227560 NA
17140 227560 NA
17141 227560 NA
17142 227560 NA
17143 227560 NA
17144 227560 NA
17145 237787 NA
17146 237787 NA
17147 237787 NA
17148 237787 NA
17149 237787 NA
