"Index" "Price" "Volume"
15231 4400000 NA
15232 4600000 NA
15233 5e+06 NA
15235 5200000 NA
15236 5400000 NA
15240 5600000 NA
15242 5632143 NA
15244 5600000 NA
15247 5500000 NA
15251 5500000 NA
15256 5200000 NA
15257 5193766 NA
15258 5200000 NA
15264 4900000 NA
15271 4900000 NA
15273 4700000 NA
15280 4700000 NA
15284 4700000 NA
15287 4500000 NA
15294 4300000 NA
15295 4100000 NA
15297 4100000 NA
15299 3900000 NA
15302 3764351 NA
15304 3800000 NA
15306 3600000 NA
15307 3600000 NA
15310 3400000 NA
15313 3433006 NA
15314 3270471 NA
15321 3270471 NA
15322 3270471 NA
15323 3115489 NA
15330 3115489 NA
15331 3115489 NA
15332 2967230 NA
15339 2967230 NA
15340 2967230 NA
15341 2823687 NA
15342 2823687 NA
15343 2823687 NA
15344 2693172 NA
15345 2568146 NA
15346 2568146 NA
15347 2448647 NA
15348 2448647 NA
15349 2334218 NA
15350 2334218 NA
15351 2334218 NA
15352 2224922 NA
15353 2224922 NA
15354 2224922 NA
15355 2140317 NA
15356 2140317 NA
15357 2140317 NA
15358 2140317 NA
15359 2140317 NA
15360 2055915 NA
15361 2055915 NA
15362 2055915 NA
15363 1960079 NA
15364 1960079 NA
15365 1960079 NA
15366 1960079 NA
15367 1960079 NA
15368 1876917 NA
15369 1876917 NA
15370 1876917 NA
15371 1876917 NA
15372 1813236 NA
15373 1813236 NA
15374 1813236 NA
15375 1813236 NA
15376 1813236 NA
15377 1757439 NA
15378 1757439 NA
15379 1757439 NA
15380 1757439 NA
15381 1757439 NA
15382 1736907 NA
15383 1736907 NA
15384 1736907 NA
15385 1784740 NA
15386 1784740 NA
15387 1784740 NA
15388 1784740 NA
15389 1784740 NA
15390 1789613 NA
15391 1789613 NA
15392 1789613 NA
15393 1789613 NA
15394 1789613 NA
15395 1789613 NA
15396 1739777 NA
15397 1739777 NA
15398 1739777 NA
15399 1739777 NA
15400 1739777 NA
15401 1739777 NA
15402 1731925 NA
15403 1731925 NA
15404 1731925 NA
15405 1731925 NA
15406 1731925 NA
15407 1731925 NA
15408 1731925 NA
15409 1720021 NA
15410 1720021 NA
15411 1720021 NA
15412 1720021 NA
15413 1720021 NA
15414 1720021 NA
15415 1720021 NA
15416 1652067 NA
15417 1652067 NA
15418 1652067 NA
15419 1652067 NA
15420 1652067 NA
15421 1605084 NA
15422 1605084 NA
15423 1605084 NA
15424 1605084 NA
15425 1605084 NA
15426 1605084 NA
15427 1605084 NA
15428 1565821 NA
15429 1565821 NA
15430 1565821 NA
15431 1565821 NA
15432 1565821 NA
15433 1565821 NA
15434 1588692 NA
15435 1588692 NA
15436 1588692 NA
15437 1588692 NA
15438 1588692 NA
15439 1554829 NA
15440 1554829 NA
15441 1554829 NA
15442 1554829 NA
15443 1554829 NA
15444 1554829 NA
15445 1534937 NA
15446 1534937 NA
15447 1534937 NA
15448 1534937 NA
15449 1534937 NA
15450 1534937 NA
15451 1477640 NA
15452 1477640 NA
15453 1477640 NA
15454 1477640 NA
15455 1477640 NA
15456 1477640 NA
15457 1477640 NA
15458 1412988 NA
15459 1412988 NA
15460 1412988 NA
15461 1412988 NA
15462 1412988 NA
15463 1412988 NA
15464 1412988 NA
15465 1351244 NA
15466 1351244 NA
15467 1351244 NA
15468 1351244 NA
15469 1351244 NA
15470 1351244 NA
15471 1351244 NA
15472 1351244 NA
15473 1294442 NA
15474 1294442 NA
15475 1294442 NA
15476 1294442 NA
15477 1294442 NA
15478 1231939 NA
15479 1231939 NA
15480 1170342 NA
15481 1170342 NA
15482 1117569 NA
15483 1117569 NA
15484 1117569 NA
15485 1117569 NA
15486 1064700 NA
15487 1064700 NA
15488 1064700 NA
15489 1064700 NA
15490 1015449 NA
15491 1015449 NA
15492 1015449 NA
15493 1015449 NA
15494 1015449 NA
15495 970938 NA
15496 970938 NA
15497 970938 NA
15498 970938 NA
15499 970938 NA
15500 936302 NA
15501 936302 NA
15502 936302 NA
15503 936302 NA
15504 936302 NA
15505 936302 NA
15506 891165 NA
15507 891165 NA
15508 891165 NA
15509 891165 NA
15510 891165 NA
15511 860257 NA
15512 860257 NA
15513 860257 NA
15514 860257 NA
15515 860257 NA
15516 837779 NA
15517 837779 NA
15518 837779 NA
15519 837779 NA
15520 837779 NA
15521 837779 NA
15522 831930 NA
15523 831930 NA
15524 831930 NA
15525 831930 NA
15526 831930 NA
15527 831930 NA
15528 831930 NA
15529 825878 NA
15530 825878 NA
15531 825878 NA
15532 825878 NA
15533 825878 NA
15534 825878 NA
15535 816076 NA
15536 816076 NA
15537 816076 NA
15538 816076 NA
15539 816076 NA
15540 816076 NA
15541 816076 NA
15542 798399 NA
15543 798399 NA
15544 798399 NA
15545 798399 NA
15546 798399 NA
15547 798399 NA
15548 798399 NA
15549 807426 NA
15550 807426 NA
15551 807426 NA
15552 807426 NA
15553 807426 NA
15554 807426 NA
15555 805251 NA
15556 805251 NA
15557 805251 NA
15558 805251 NA
15559 805251 NA
15560 805251 NA
15561 796162 NA
15562 796162 NA
15563 796162 NA
15564 796162 NA
15565 796162 NA
15566 796162 NA
15567 793320 NA
15568 793320 NA
15569 793320 NA
15570 793320 NA
15571 793320 NA
15572 793320 NA
15573 808847 NA
15574 808847 NA
15575 808847 NA
15576 808847 NA
15577 808847 NA
15578 808847 NA
15579 797804 NA
15580 797804 NA
15581 797804 NA
15582 797804 NA
15583 797804 NA
15584 797804 NA
15585 785611 NA
15586 785611 NA
15587 785611 NA
15588 785611 NA
15589 785611 NA
15590 785611 NA
15591 772132 NA
15592 772132 NA
15593 772132 NA
15594 772132 NA
15595 772132 NA
15596 772132 NA
15597 772132 NA
15598 749680 NA
15599 749680 NA
15600 749680 NA
15601 749680 NA
15602 749680 NA
15603 749680 NA
15604 749680 NA
15605 749680 NA
15606 763502 NA
15607 763502 NA
15608 763502 NA
15609 763502 NA
15610 763502 NA
15611 763502 NA
15612 763502 NA
15613 763502 NA
15614 778302 NA
15615 778302 NA
15616 778302 NA
15617 778302 NA
15618 778302 NA
15619 778302 NA
15620 748165 NA
15621 748165 NA
15622 748165 NA
15623 748165 NA
15624 748165 NA
15625 748165 NA
15626 748165 NA
15627 748165 NA
15628 724090 NA
15629 724090 NA
15630 724090 NA
15631 724090 NA
15632 724090 NA
15633 724090 NA
15634 724090 NA
15635 734626 NA
15636 734626 NA
15637 734626 NA
15638 734626 NA
15639 734626 NA
15640 734626 NA
15641 734626 NA
15642 734626 NA
15643 733232 NA
15644 733232 NA
15645 733232 NA
15646 733232 NA
15647 733232 NA
15648 733232 NA
15649 733232 NA
15650 738124 NA
15651 743016 NA
15652 747908 NA
15653 752800 NA
15654 757692 NA
15655 762584 NA
15656 767476 NA
15657 772368 NA
15658 772368 NA
15659 772368 NA
15660 772368 NA
15661 772368 NA
15662 807808 NA
15663 807808 NA
15664 807808 NA
15665 843467 NA
15666 843467 NA
15667 881478 NA
15668 881478 NA
15669 923141 NA
15670 923141 NA
15671 923141 NA
15672 923141 NA
15673 966524 NA
15674 966524 NA
15675 966524 NA
15676 1002355 NA
15677 1002355 NA
15678 1002355 NA
15679 1035188 NA
15680 1035188 NA
15681 1035188 NA
15682 1035188 NA
15683 1081824 NA
15684 1081824 NA
15685 1081824 NA
15686 1081824 NA
15687 1081824 NA
15688 1081824 NA
15689 1120101 NA
15690 1120101 NA
15691 1120101 NA
15692 1120101 NA
15693 1120101 NA
15694 1120101 NA
15695 1120101 NA
15696 1120101 NA
15697 1141872 NA
15698 1141872 NA
15699 1141872 NA
15700 1141872 NA
15701 1141872 NA
15702 1141872 NA
15703 1176119 NA
15704 1176119 NA
15705 1176119 NA
15706 1176119 NA
15707 1176119 NA
15708 1176119 NA
15709 1176119 NA
15710 1190844 NA
15711 1190844 NA
15712 1190844 NA
15713 1190844 NA
15714 1190844 NA
15715 1190844 NA
15716 1190844 NA
15717 1190844 NA
15718 1228892 NA
15719 1228892 NA
15720 1228892 NA
15721 1228892 NA
15722 1228892 NA
15723 1228892 NA
15724 1228892 NA
15725 1228892 NA
15726 1181784 NA
15727 1181784 NA
15728 1181784 NA
15729 1181784 NA
15730 1181784 NA
15731 1181784 NA
15732 1181784 NA
15733 1181784 NA
15734 1130615 NA
15735 1130615 NA
15736 1130615 NA
15737 1130615 NA
15738 1130615 NA
15739 1130615 NA
15740 1130615 NA
15741 1130615 NA
15742 1130615 NA
15743 1130615 NA
15744 1077215 NA
15745 1077215 NA
15746 1077215 NA
15747 1077215 NA
15748 1077215 NA
15749 1077215 NA
15750 1077215 NA
15751 1077215 NA
15752 1077215 NA
15753 1077215 NA
15754 1025856 NA
15755 1025856 NA
15756 1025856 NA
15757 1025856 NA
15758 1025856 NA
15759 1025856 NA
15760 1025856 NA
15761 1025856 NA
15762 1025856 NA
15763 1025856 NA
15764 978197 NA
15765 978197 NA
15766 978197 NA
15767 978197 NA
15768 978197 NA
15769 978197 NA
15770 978197 NA
15771 978197 NA
15772 978197 NA
15773 933520 NA
15774 933520 NA
15775 933520 NA
15776 933520 NA
15777 933520 NA
15778 933520 NA
15779 933520 NA
15780 933520 NA
15781 933520 NA
15782 933520 NA
15783 933520 NA
15784 892531 NA
15785 892531 NA
15786 892531 NA
15787 892531 NA
15788 892531 NA
15789 892531 NA
15790 892531 NA
15791 892531 NA
15792 892531 NA
15793 892531 NA
15794 892531 NA
15795 851555 NA
15796 851555 NA
15797 851555 NA
15798 851555 NA
15799 851555 NA
15800 851555 NA
15801 851555 NA
15802 851555 NA
15803 851555 NA
15804 851555 NA
15805 851555 NA
15806 851555 NA
15807 812221 NA
15808 812221 NA
15809 812221 NA
15810 812221 NA
15811 812221 NA
15812 812221 NA
15813 812221 NA
15814 812221 NA
15815 812221 NA
15816 812221 NA
15817 812221 NA
15818 774831 NA
15819 774831 NA
15820 774831 NA
15821 774831 NA
15822 774831 NA
15823 774831 NA
15824 774831 NA
15825 774831 NA
15826 757127 NA
15827 757127 NA
15828 757127 NA
15829 757127 NA
15830 757127 NA
15831 757127 NA
15832 757127 NA
15833 757127 NA
15834 757127 NA
15835 724778 NA
15836 724778 NA
15837 724778 NA
15838 724778 NA
15839 724778 NA
15840 724778 NA
15841 724778 NA
15842 724778 NA
15843 724778 NA
15844 724778 NA
15845 724778 NA
15846 690989 NA
15847 690989 NA
15848 690989 NA
15849 690989 NA
15850 690989 NA
15851 690989 NA
15852 690989 NA
15853 690989 NA
15854 690989 NA
15855 690989 NA
15856 690989 NA
15857 690989 NA
15858 664843 NA
15859 664843 NA
15860 664843 NA
15861 664843 NA
15862 664843 NA
15863 664843 NA
15864 664843 NA
15865 664843 NA
15866 664843 NA
15867 664843 NA
15868 664843 NA
15869 664843 NA
15870 639742 NA
15871 639742 NA
15872 639742 NA
15873 639742 NA
15874 639742 NA
15875 639742 NA
15876 639742 NA
15877 639742 NA
15878 639742 NA
15879 639742 NA
15880 639742 NA
15881 626747 NA
15882 626747 NA
15883 626747 NA
15884 626747 NA
15885 626747 NA
15886 626747 NA
15887 626747 NA
15888 626747 NA
15889 626747 NA
15890 626747 NA
15891 626747 NA
15892 626747 NA
15893 597710 NA
15894 597710 NA
15895 597710 NA
15896 597710 NA
15897 597710 NA
15898 597710 NA
15899 597710 NA
15900 597710 NA
15901 597710 NA
15902 597710 NA
15903 593352 NA
15904 588993 NA
15905 584635 NA
15906 580277 NA
15907 575918 NA
15908 571560 NA
15909 571560 NA
15910 571560 NA
15911 571560 NA
15912 571560 NA
15913 571560 NA
15914 571560 NA
15915 545296 NA
15916 545296 NA
15917 545296 NA
15918 545296 NA
15919 545296 NA
15920 545296 NA
15921 545296 NA
15922 545296 NA
15923 545296 NA
15924 545296 NA
15925 545296 NA
15926 545296 NA
15927 520271 NA
15928 520271 NA
15929 520271 NA
15930 520271 NA
15931 520271 NA
15932 520271 NA
15933 520271 NA
15934 520271 NA
15935 520271 NA
15936 520271 NA
15937 520271 NA
15938 520271 NA
15939 495572 NA
15940 495572 NA
15941 495572 NA
15942 495572 NA
15943 495572 NA
15944 495572 NA
15945 495572 NA
15946 495572 NA
15947 495572 NA
15948 495572 NA
15949 495572 NA
15950 495572 NA
15951 495572 NA
15952 495572 NA
15953 495572 NA
15954 472805 NA
15955 472805 NA
15956 472805 NA
15957 472805 NA
15958 472805 NA
15959 472805 NA
15960 472805 NA
15961 472805 NA
15962 472805 NA
15963 472805 NA
15964 472805 NA
15965 472805 NA
15966 472805 NA
15967 472805 NA
15968 472805 NA
15969 472805 NA
15970 450588 NA
15971 450588 NA
15972 450588 NA
15973 450588 NA
15974 450588 NA
15975 450588 NA
15976 450588 NA
15977 450588 NA
15978 450588 NA
15979 450588 NA
15980 450588 NA
15981 450588 NA
15982 450588 NA
15983 450588 NA
15984 450588 NA
15985 450588 NA
15986 448238 NA
15987 445889 NA
15988 443539 NA
15989 441190 NA
15990 438840 NA
15991 436490 NA
15992 434141 NA
15993 431791 NA
15994 431791 NA
15995 431791 NA
15996 431791 NA
15997 431791 NA
15998 431791 NA
15999 431791 NA
16000 431791 NA
16001 431791 NA
16002 431791 NA
16003 431791 NA
16004 412104 NA
16005 412104 NA
16006 412104 NA
16007 412104 NA
16008 412104 NA
16009 412104 NA
16010 412104 NA
16011 412104 NA
16012 412104 NA
16013 412104 NA
16014 412104 NA
16015 412104 NA
16016 412104 NA
16017 412104 NA
16018 412104 NA
16019 412104 NA
16020 398689 NA
16021 398689 NA
16022 398689 NA
16023 398689 NA
16024 398689 NA
16025 398689 NA
16026 398689 NA
16027 398689 NA
16028 383393 NA
16029 383393 NA
16030 383393 NA
16031 383393 NA
16032 383393 NA
16033 383393 NA
16034 383393 NA
16035 381569 NA
16036 379746 NA
16037 377922 NA
16038 376099 NA
16039 374275 NA
16040 372452 NA
16041 370628 NA
16042 370628 NA
16043 370628 NA
16044 370628 NA
16045 370628 NA
16046 370628 NA
16047 370628 NA
16048 370628 NA
16049 370628 NA
16050 370628 NA
16051 370628 NA
16052 370628 NA
16053 370628 NA
16054 370628 NA
16055 370628 NA
16056 370628 NA
16057 370628 NA
16058 358593 NA
16059 358593 NA
16060 358593 NA
16061 358593 NA
16062 358593 NA
16063 358593 NA
16064 358593 NA
16065 358593 NA
16066 358593 NA
16067 358593 NA
16068 358593 NA
16069 358593 NA
16070 358593 NA
16071 342722 NA
16072 342722 NA
16073 342722 NA
16074 342722 NA
16075 342722 NA
16076 342722 NA
16077 342722 NA
16078 342722 NA
16079 342722 NA
16080 342722 NA
16081 342722 NA
16082 332991 NA
16083 332991 NA
16084 332991 NA
16085 332991 NA
16086 332991 NA
16087 332991 NA
16088 332991 NA
16089 332991 NA
16090 332991 NA
16091 332991 NA
16092 332991 NA
16093 332991 NA
16094 332991 NA
16095 330325 NA
16096 330325 NA
16097 330325 NA
16098 330325 NA
16099 330325 NA
16100 330325 NA
16101 330325 NA
16102 330325 NA
16103 330325 NA
16104 330325 NA
16105 330325 NA
16106 334322 NA
16107 334322 NA
16108 334322 NA
16109 334322 NA
16110 334322 NA
16111 334322 NA
16112 334322 NA
16113 334322 NA
16114 334322 NA
16115 334322 NA
16116 334322 NA
16117 334322 NA
16118 331758 NA
16119 331758 NA
16120 331758 NA
16121 331758 NA
16122 331758 NA
16123 331758 NA
16124 331758 NA
16125 331758 NA
16126 331758 NA
16127 331758 NA
16128 331758 NA
16129 331758 NA
16130 331758 NA
16131 331758 NA
16132 331465 NA
16133 331465 NA
16134 331465 NA
16135 331465 NA
16136 331465 NA
16137 331465 NA
16138 331465 NA
16139 331465 NA
16140 331465 NA
16141 331465 NA
16142 331465 NA
16143 331465 NA
16144 331465 NA
16145 330849 NA
16146 330849 NA
16147 330849 NA
16148 330849 NA
16149 330849 NA
16150 330849 NA
16151 330849 NA
16152 330849 NA
16153 330849 NA
16154 330849 NA
16155 330849 NA
16156 330849 NA
16157 330849 NA
16158 323501 NA
16159 323501 NA
16160 323501 NA
16161 323501 NA
16162 323501 NA
16163 323501 NA
16164 323501 NA
16165 323501 NA
16166 323501 NA
16167 323501 NA
16168 323501 NA
16169 323501 NA
16170 323501 NA
16171 323501 NA
16172 318273 NA
16173 318273 NA
16174 318273 NA
16175 318273 NA
16176 318273 NA
16177 318273 NA
16178 318273 NA
16179 318273 NA
16180 318273 NA
16181 318273 NA
16182 318273 NA
16183 318273 NA
16184 318273 NA
16185 318273 NA
16186 318273 NA
16187 314258 NA
16188 314258 NA
16189 314258 NA
16190 314258 NA
16191 314258 NA
16192 314258 NA
16193 314258 NA
16194 314258 NA
16195 314258 NA
16196 314258 NA
16197 314258 NA
16198 314258 NA
16199 314258 NA
16200 314258 NA
16201 314258 NA
16202 309708 NA
16203 305158 NA
16204 305158 NA
16205 305158 NA
16206 305158 NA
16207 305158 NA
16208 305158 NA
16209 305158 NA
16210 305158 NA
16211 305158 NA
16212 305158 NA
16213 305158 NA
16214 305158 NA
16215 305158 NA
16216 305158 NA
16217 305158 NA
16218 305158 NA
16219 292139 NA
16220 292139 NA
16221 292139 NA
16222 292139 NA
16223 292139 NA
16224 292139 NA
16225 292139 NA
16226 292139 NA
16227 292139 NA
16228 292139 NA
16229 292139 NA
16230 292139 NA
16231 292139 NA
16232 292139 NA
16233 296740 NA
16234 296740 NA
16235 296740 NA
16236 296740 NA
16237 296740 NA
16238 296740 NA
16239 296740 NA
16240 296740 NA
16241 296740 NA
16242 296740 NA
16243 296740 NA
16244 296740 NA
16245 296740 NA
16246 296740 NA
16247 296740 NA
16248 308836 NA
16249 308836 NA
16250 308836 NA
16251 308836 NA
16252 308836 NA
16253 308836 NA
16254 308836 NA
16255 308836 NA
16256 308836 NA
16257 308836 NA
16258 308836 NA
16259 308836 NA
16260 308836 NA
16261 308836 NA
16262 320135 NA
16263 320135 NA
16264 320135 NA
16265 320135 NA
16266 320135 NA
16267 320135 NA
16268 320135 NA
16269 320135 NA
16270 320135 NA
16271 320135 NA
16272 323497 NA
16273 323497 NA
16274 323497 NA
16275 323497 NA
16276 323497 NA
16277 323497 NA
16278 323497 NA
16279 323497 NA
16280 319075 NA
16281 319075 NA
16282 319075 NA
16283 319075 NA
16284 319075 NA
16285 319075 NA
16286 319075 NA
16287 319075 NA
16288 319075 NA
16289 319075 NA
16290 319075 NA
16291 309501 NA
16292 309501 NA
16293 309501 NA
16294 309501 NA
16295 309501 NA
16296 309501 NA
16297 309501 NA
16298 309501 NA
16299 309501 NA
16300 309501 NA
16301 297013 NA
16302 297013 NA
16303 297013 NA
16304 297013 NA
16305 297013 NA
16306 297013 NA
16307 283401 NA
16308 283401 NA
16309 283401 NA
16310 283401 NA
16311 283401 NA
16312 283401 NA
16313 283401 NA
16314 271366 NA
16315 271366 NA
16316 271366 NA
16317 271366 NA
16318 271366 NA
16319 271366 NA
16320 271366 NA
16321 271366 NA
16322 260397 NA
16323 260397 NA
16324 260397 NA
16325 260397 NA
16326 260397 NA
16327 260397 NA
16328 260397 NA
16329 260397 NA
16330 260397 NA
16331 248359 NA
16332 248359 NA
16333 248359 NA
16334 248359 NA
16335 248359 NA
16336 248359 NA
16337 248359 NA
16338 248359 NA
16339 248359 NA
16340 248359 NA
16341 237754 NA
16342 237754 NA
16343 237754 NA
16344 237754 NA
16345 237754 NA
16346 237754 NA
16347 237754 NA
16348 237754 NA
16349 237754 NA
16350 237754 NA
16351 227225 NA
16352 227225 NA
16353 227225 NA
16354 227225 NA
16355 227225 NA
16356 227225 NA
16357 227225 NA
16358 227225 NA
16359 227225 NA
16360 227225 NA
16361 227225 NA
16362 216642 NA
16363 216642 NA
16364 216642 NA
16365 216642 NA
16366 216642 NA
16367 216642 NA
16368 216642 NA
16369 216642 NA
16370 216642 NA
16371 216642 NA
16372 216642 NA
16373 208325 NA
16374 208325 NA
16375 208325 NA
16376 208325 NA
16377 208325 NA
16378 208325 NA
16379 208325 NA
16380 208325 NA
16381 208325 NA
16382 208325 NA
16383 208325 NA
16384 208325 NA
16385 208325 NA
16386 208325 NA
16387 205613 NA
16388 205613 NA
16389 205613 NA
16390 205613 NA
16391 205613 NA
16392 205613 NA
16393 205613 NA
16394 205613 NA
16395 205613 NA
16396 205613 NA
16397 205613 NA
16398 205613 NA
16399 205613 NA
16400 204322 NA
16401 204322 NA
16402 204322 NA
16403 204322 NA
16404 204322 NA
16405 204322 NA
16406 204322 NA
16407 204322 NA
16408 204322 NA
16409 204322 NA
16410 204322 NA
16411 204322 NA
16412 197541 NA
16413 197541 NA
16414 197541 NA
16415 197541 NA
16416 197541 NA
16417 197541 NA
16418 197541 NA
16419 197541 NA
16420 197541 NA
16421 197541 NA
16422 197541 NA
16423 197541 NA
16424 197541 NA
16425 191253 NA
16426 191253 NA
16427 191253 NA
16428 191253 NA
16429 191253 NA
16430 191253 NA
16431 191253 NA
16432 191253 NA
16433 191253 NA
16434 191253 NA
16435 191253 NA
16436 191253 NA
16437 184265 NA
16438 184265 NA
16439 184265 NA
16440 184265 NA
16441 184265 NA
16442 184265 NA
16443 184265 NA
16444 184265 NA
16445 184265 NA
16446 184265 NA
16447 179834 NA
16448 179834 NA
16449 179834 NA
16450 179834 NA
16451 179834 NA
16452 179834 NA
16453 179834 NA
16454 179834 NA
16455 179834 NA
16456 179834 NA
16457 179834 NA
16458 177315 NA
16459 177315 NA
16460 177315 NA
16461 177315 NA
16462 177315 NA
16463 177315 NA
16464 177315 NA
16465 177315 NA
16466 177315 NA
16467 177315 NA
16468 177315 NA
16469 171683 NA
16470 171683 NA
16471 171683 NA
16472 171683 NA
16473 171683 NA
16474 171683 NA
16475 171683 NA
16476 171683 NA
16477 171683 NA
16478 171683 NA
16479 171683 NA
16480 167875 NA
16481 167875 NA
16482 167875 NA
16483 167875 NA
16484 167875 NA
16485 167875 NA
16486 167875 NA
16487 167875 NA
16488 167875 NA
16489 167875 NA
16490 167875 NA
16491 168375 NA
16492 168375 NA
16493 168375 NA
16494 168375 NA
16495 168375 NA
16496 168375 NA
16497 168375 NA
16498 168375 NA
16499 168375 NA
16500 168375 NA
16501 166102 NA
16502 166102 NA
16503 166102 NA
16504 166102 NA
16505 166102 NA
16506 166102 NA
16507 166102 NA
16508 166102 NA
16509 166102 NA
16510 166102 NA
16511 166102 NA
16512 166102 NA
16513 163859 NA
16514 163859 NA
16515 163859 NA
16516 163859 NA
16517 163859 NA
16518 163859 NA
16519 163859 NA
16520 163859 NA
16521 163859 NA
16522 163859 NA
16523 163859 NA
16524 163859 NA
16525 156406 NA
16526 156406 NA
16527 156406 NA
16528 156406 NA
16529 156406 NA
16530 156406 NA
16531 156406 NA
16532 156406 NA
16533 156406 NA
16534 156406 NA
16535 156406 NA
16536 156406 NA
16537 153776 NA
16538 153776 NA
16539 153776 NA
16540 153776 NA
16541 153776 NA
16542 153776 NA
16543 153776 NA
16544 153776 NA
16545 153776 NA
16546 153776 NA
16547 153776 NA
16548 153776 NA
16549 153776 NA
16550 153776 NA
16551 153776 NA
16552 153776 NA
16553 150025 NA
16554 150025 NA
16555 150025 NA
16556 150025 NA
16557 150025 NA
16558 150025 NA
16559 150025 NA
16560 150025 NA
16561 150025 NA
16562 150025 NA
16563 150025 NA
16564 150025 NA
16565 150025 NA
16566 150025 NA
16567 150025 NA
16568 145362 NA
16569 145362 NA
16570 145362 NA
16571 145362 NA
16572 145362 NA
16573 145362 NA
16574 145362 NA
16575 145362 NA
16576 145362 NA
16577 145362 NA
16578 145362 NA
16579 145362 NA
16580 145362 NA
16581 145362 NA
16582 145362 NA
16583 145362 NA
16584 145362 NA
16585 142327 NA
16586 142327 NA
16587 142327 NA
16588 142327 NA
16589 142327 NA
16590 142327 NA
16591 142327 NA
16592 142327 NA
16593 142327 NA
16594 142327 NA
16595 142327 NA
16596 142327 NA
16597 142327 NA
16598 142327 NA
16599 142432 NA
16600 142432 NA
16601 142432 NA
16602 142432 NA
16603 142432 NA
16604 142432 NA
16605 142432 NA
16606 142432 NA
16607 142432 NA
16608 142432 NA
16609 142432 NA
16610 142432 NA
16611 142432 NA
16612 142432 NA
16613 142432 NA
16614 140148 NA
16615 140148 NA
16616 140148 NA
16617 140148 NA
16618 140148 NA
16619 140148 NA
16620 140148 NA
16621 140148 NA
16622 140148 NA
16623 140148 NA
16624 140148 NA
16625 140148 NA
16626 140148 NA
16627 140148 NA
16628 140148 NA
16629 140148 NA
16630 138933 NA
16631 138933 NA
16632 138933 NA
16633 138933 NA
16634 138933 NA
16635 138933 NA
16636 138933 NA
16637 138933 NA
16638 138933 NA
16639 138933 NA
16640 138933 NA
16641 138933 NA
16642 138933 NA
16643 138933 NA
16644 138933 NA
16645 140442 NA
16646 140442 NA
16647 140442 NA
16648 140442 NA
16649 140442 NA
16650 140442 NA
16651 140442 NA
16652 140442 NA
16653 140442 NA
16654 140442 NA
16655 140442 NA
16656 140442 NA
16657 140442 NA
16658 140442 NA
16659 140442 NA
16660 143832 NA
16661 143832 NA
16662 143832 NA
16663 143832 NA
16664 143832 NA
16665 143832 NA
16666 137538 NA
16668 137538 NA
16669 137538 NA
16670 137538 NA
16671 137538 NA
16672 137538 NA
16673 137538 NA
16674 137538 NA
16675 137538 NA
16676 137538 NA
16677 137538 NA
16678 131408 NA
16679 131408 NA
16680 131408 NA
16681 131408 NA
16682 131408 NA
16683 131408 NA
16684 131408 NA
16685 131408 NA
16686 131408 NA
16687 131408 NA
16688 131408 NA
16689 131408 NA
16690 131408 NA
16691 126709 NA
16692 126709 NA
16693 126709 NA
16694 126709 NA
16695 126709 NA
16696 126709 NA
16697 126709 NA
16698 126709 NA
16699 126709 NA
16700 126709 NA
16701 126709 NA
16702 126709 NA
16703 126709 NA
16704 126709 NA
16705 126709 NA
16706 126709 NA
16707 126709 NA
16708 126709 NA
16709 123491 NA
16710 123491 NA
16711 123491 NA
16712 123491 NA
16714 123491 NA
16717 123491 NA
16719 123491 NA
16720 123491 NA
16721 123491 NA
16722 123491 NA
16723 123491 NA
16724 124000 NA
16725 124000 NA
16726 124000 NA
16727 124000 NA
16728 124000 NA
16729 124000 NA
16730 124000 NA
16731 124000 NA
16732 124000 NA
16733 124000 NA
16734 124000 NA
16735 124000 NA
16736 124000 NA
16737 124000 NA
16738 124000 NA
16739 124000 NA
16740 126531 NA
16741 126531 NA
16742 126531 NA
16743 126531 NA
16744 126531 NA
16745 126531 NA
16746 126531 NA
16747 126531 NA
16748 126531 NA
16749 126531 NA
16750 126531 NA
16751 126531 NA
16752 126531 NA
16753 126531 NA
16754 126531 NA
16755 126531 NA
16756 126531 NA
16757 126531 NA
16759 126531 NA
16760 132149 NA
16761 132149 NA
16762 132149 NA
16763 132149 NA
16764 132149 NA
16765 132149 NA
16766 132149 NA
16767 132149 NA
16768 132149 NA
16769 132149 NA
16770 132149 NA
16771 132149 NA
16772 137208 NA
16773 137208 NA
16774 137208 NA
16775 137208 NA
16776 137208 NA
16777 137208 NA
16778 137208 NA
16779 137208 NA
16780 137208 NA
16781 137208 NA
16782 141832 NA
16783 141832 NA
16784 141832 NA
16785 141832 NA
16786 141832 NA
16787 141832 NA
16788 141832 NA
16789 141832 NA
16790 141832 NA
16791 141832 NA
16792 141832 NA
16793 141832 NA
16794 141832 NA
16795 141832 NA
16796 141832 NA
16797 148388 NA
16798 148388 NA
16799 148388 NA
16800 148388 NA
16801 148388 NA
16802 148388 NA
16803 148388 NA
16804 148388 NA
16805 148388 NA
16807 148388 NA
16808 148388 NA
16809 148388 NA
16810 148388 NA
16811 148388 NA
16812 154956 NA
16813 154956 NA
16814 154956 NA
16815 154956 NA
16816 154956 NA
16817 154956 NA
16818 154956 NA
16819 154956 NA
16820 154956 NA
16821 154956 NA
16822 154956 NA
16823 154956 NA
16824 154956 NA
16825 154956 NA
16826 161442 NA
16827 161442 NA
16828 168917 NA
16829 177338 NA
16830 177338 NA
16831 186158 NA
16832 186158 NA
16833 195466 NA
16834 215428 NA
16835 215428 NA
16836 226094 NA
16837 237334 NA
16838 237334 NA
16839 249129 NA
16840 261184 NA
16841 274034 NA
16842 274034 NA
16843 287624 NA
16844 287624 NA
16845 301867 NA
16846 301867 NA
16847 316604 NA
16848 316604 NA
16849 332169 NA
16850 332169 NA
16851 332169 NA
16852 348412 NA
16853 348412 NA
16854 365218 NA
16855 365218 NA
16856 365218 NA
16857 383030 NA
16858 383030 NA
16859 383030 NA
16860 401662 NA
16861 401662 NA
16862 421303 NA
16863 421303 NA
16864 421303 NA
16865 441634 NA
16866 441634 NA
16867 441634 NA
16869 463416 NA
16870 463416 NA
16871 486153 NA
16872 486153 NA
16873 486153 NA
16874 509319 NA
16875 509319 NA
16876 509319 NA
16877 509319 NA
16878 533804 NA
16879 3742190 NA
16880 3742190 NA
16881 3742190 NA
16882 3742190 NA
16883 3742190 NA
16884 3742190 NA
16885 3742190 NA
16886 3742190 NA
16887 3579912 NA
16888 3579912 NA
16889 3579912 NA
16890 3579912 NA
16891 3579912 NA
16892 3579912 NA
16893 3579912 NA
16894 3579912 NA
16895 3579912 NA
16896 3579912 NA
16897 3579912 NA
16898 3409366 NA
16899 3409366 NA
16900 3409366 NA
16901 3409366 NA
16903 3409366 NA
16904 3409366 NA
16905 3409366 NA
16906 3409366 NA
16907 3409366 NA
16908 3409366 NA
16909 3279746 NA
16910 3279746 NA
16911 3279746 NA
16912 3279746 NA
16913 3279746 NA
16914 3279746 NA
16915 3279746 NA
16916 3279746 NA
16917 3279746 NA
16918 3279746 NA
16919 3171026 NA
16920 3171026 NA
16921 3171026 NA
16922 3171026 NA
16923 3171026 NA
16924 3171026 NA
16925 3171026 NA
16926 3171026 NA
16927 3171026 NA
16928 3171026 NA
16929 3171026 NA
16930 3020282 NA
16931 3020282 NA
16932 3020282 NA
16933 3020282 NA
16934 3020282 NA
16935 3020282 NA
16936 3020282 NA
16937 3020282 NA
16938 3020282 NA
16939 3020282 NA
16940 3020282 NA
16941 3020282 NA
16942 2889779 NA
16943 2889779 NA
16944 2889779 NA
16945 2889779 NA
16946 2889779 NA
16947 2889779 NA
16948 2889779 NA
16949 2889779 NA
16950 2889779 NA
16951 2889779 NA
16952 2889779 NA
16953 2889779 NA
16954 2755213 NA
16955 2755213 NA
16956 2755213 NA
16957 2755213 NA
16958 2755213 NA
16959 2755213 NA
16960 2755213 NA
16961 2755213 NA
16966 2755213 NA
16968 2755213 NA
16969 2755213 NA
16970 2870409 NA
16971 2870409 NA
16972 2870409 NA
16973 2870409 NA
16974 2870409 NA
16975 2870409 NA
16976 2870409 NA
16977 2870409 NA
16978 2870409 NA
16979 2870409 NA
16980 2870409 NA
16981 2870409 NA
16982 2870409 NA
16984 2870409 NA
16985 2870409 NA
16986 2870409 NA
16987 2870409 NA
16988 2986829 NA
16989 2986829 NA
16990 2986829 NA
16991 2986829 NA
16992 2986829 NA
16993 2986829 NA
16994 2986829 NA
16998 2986829 NA
16999 2986829 NA
17000 2986829 NA
17001 2986829 NA
17002 2986829 NA
17006 2986829 NA
17007 2986829 NA
17012 2986829 NA
17014 3056655 NA
17015 3056655 NA
17016 3056655 NA
17017 3056655 NA
17018 3056655 NA
17019 3056655 NA
17020 3056655 NA
17021 3056655 NA
17022 3056655 NA
17023 3056655 NA
17024 3056655 NA
17025 3056655 NA
17026 3056655 NA
17027 3056655 NA
17028 3056655 NA
17029 3056655 NA
17031 3056655 NA
17032 3056655 NA
17033 3056655 NA
17034 3056655 NA
17035 3056655 NA
17036 3056655 NA
17037 3056655 NA
17038 3056655 NA
17039 3056655 NA
17040 3056655 NA
17042 3056655 NA
17044 3062038 NA
17045 3062038 NA
17046 3062038 NA
17047 3062038 NA
17048 3062038 NA
17049 3062038 NA
17050 3062038 NA
17051 3062038 NA
17052 3062038 NA
17053 3062038 NA
17054 3062038 NA
17055 3062038 NA
17056 3062038 NA
17057 3062038 NA
17058 3062038 NA
17059 3062038 NA
17060 3062038 NA
17061 3062038 NA
17062 3062038 NA
17063 3062038 NA
17064 3062038 NA
17069 3062038 NA
17070 3062038 NA
17071 3062038 NA
17072 3062038 NA
17073 2966064 NA
17075 2966064 NA
17076 2966064 NA
17077 2966064 NA
17078 2966064 NA
17079 2966064 NA
17080 2966064 NA
17081 2966064 NA
17083 2966064 NA
17084 2966064 NA
17085 2966064 NA
17086 2966064 NA
17087 2966064 NA
17088 2966064 NA
17089 2966064 NA
17091 2966064 NA
17092 2966064 NA
17093 2966064 NA
17094 2966064 NA
17095 2966064 NA
17096 2966064 NA
17097 2966064 NA
17098 2966064 NA
17099 2966064 NA
17100 2966064 NA
17101 2966064 NA
17102 2966064 NA
17103 2966064 NA
17104 2966064 NA
17105 2966064 NA
17106 2966064 NA
17107 2966064 NA
17108 2966064 NA
17109 2966064 NA
17110 2966064 NA
17111 2966064 NA
17112 2966064 NA
17113 3050474 NA
17114 3050474 NA
17115 3050474 NA
17117 3050474 NA
17118 3050474 NA
17119 3050474 NA
17123 3050474 NA
17124 3050474 NA
17125 3050474 NA
17126 3050474 NA
17127 3050474 NA
17129 3050474 NA
17130 3050474 NA
17131 3050474 NA
17132 3050474 NA
17133 3050474 NA
17134 3050474 NA
17135 3050474 NA
17136 3050474 NA
17138 3050474 NA
17139 3050474 NA
17140 3050474 NA
17141 3050474 NA
17142 3050474 NA
17143 3050474 NA
17144 3050474 NA
17145 3050474 NA
17146 3050474 NA
17147 3050474 NA
