"Index" "Price" "Volume"
15999 5e+05 NA
16000 5e+05 NA
16001 5e+05 NA
16002 5e+05 NA
16003 5e+05 NA
16004 5e+05 NA
16005 481276 NA
16006 481276 NA
16007 481276 NA
16008 481276 NA
16009 481276 NA
16010 481276 NA
16011 481276 NA
16012 481276 NA
16013 481276 NA
16014 481276 NA
16015 481276 NA
16016 481276 NA
16017 481276 NA
16018 481276 NA
16019 481276 NA
16020 481276 NA
16021 481276 NA
16022 481276 NA
16023 481276 NA
16024 481276 NA
16025 481276 NA
16026 481276 NA
16027 481276 NA
16028 481276 NA
16029 481276 NA
16030 481276 NA
16031 481276 NA
16032 468799 NA
16033 468799 NA
16034 468799 NA
16035 468799 NA
16036 468799 NA
16037 468799 NA
16038 468799 NA
16039 468799 NA
16040 468799 NA
16041 468799 NA
16042 468799 NA
16043 468799 NA
16044 468799 NA
16045 468799 NA
16046 485890 NA
16047 485890 NA
16048 485890 NA
16049 485890 NA
16050 485890 NA
16051 485890 NA
16052 485890 NA
16053 485890 NA
16054 485890 NA
16055 485890 NA
16056 485890 NA
16057 485890 NA
16058 485890 NA
16059 485890 NA
16060 485890 NA
16061 485890 NA
16062 485890 NA
16063 485890 NA
16064 485890 NA
16065 485890 NA
16066 485890 NA
16067 485890 NA
16068 485890 NA
16069 485890 NA
16070 485890 NA
16071 503051 NA
16072 503051 NA
16073 503051 NA
16074 503051 NA
16075 503051 NA
16076 503051 NA
16077 503051 NA
16078 503051 NA
16079 503051 NA
16080 503051 NA
16081 503051 NA
16082 503051 NA
16083 503051 NA
16084 503051 NA
16085 503051 NA
16086 503051 NA
16087 503051 NA
16088 503051 NA
16089 503051 NA
16090 503051 NA
16091 503051 NA
16092 503051 NA
16093 503051 NA
16094 503051 NA
16095 511714 NA
16096 511714 NA
16097 511714 NA
16098 511714 NA
16099 511714 NA
16100 511714 NA
16101 511714 NA
16102 511714 NA
16103 511714 NA
16104 511714 NA
16105 511714 NA
16106 511714 NA
16107 511714 NA
16108 511714 NA
16109 511714 NA
16110 511714 NA
16111 511714 NA
16112 512336 NA
16113 512336 NA
16114 512336 NA
16115 512336 NA
16116 512336 NA
16117 512336 NA
16118 512336 NA
16119 512336 NA
16120 512336 NA
16121 512336 NA
16122 512336 NA
16123 512336 NA
16124 512336 NA
16125 512336 NA
16126 512336 NA
16127 512336 NA
16128 512336 NA
16129 512336 NA
16130 509577 NA
16131 509577 NA
16132 509577 NA
16133 509577 NA
16134 509577 NA
16135 509577 NA
16136 509577 NA
16137 509577 NA
16138 509577 NA
16139 509577 NA
16140 509577 NA
16141 509577 NA
16142 509577 NA
16143 509577 NA
16144 509577 NA
16145 509577 NA
16146 508909 NA
16147 508909 NA
16148 508909 NA
16149 508909 NA
16150 508909 NA
16151 508909 NA
16152 508909 NA
16153 508909 NA
16154 508909 NA
16155 508909 NA
16156 508909 NA
16157 508909 NA
16158 508909 NA
16159 508909 NA
16160 508909 NA
16161 508909 NA
16162 508909 NA
16163 508909 NA
16164 508909 NA
16165 508909 NA
16166 508909 NA
16167 508909 NA
16168 508909 NA
16169 508909 NA
16170 508909 NA
16171 513001 NA
16172 513001 NA
16173 513001 NA
16174 513001 NA
16175 513001 NA
16176 513001 NA
16177 513001 NA
16178 513001 NA
16179 513001 NA
16180 513001 NA
16181 513001 NA
16182 513001 NA
16183 513001 NA
16184 513001 NA
16185 513001 NA
16186 513001 NA
16187 513001 NA
16188 513001 NA
16189 513001 NA
16190 513001 NA
16191 513001 NA
16192 510803 NA
16193 510803 NA
16194 510803 NA
16195 510803 NA
16196 510803 NA
16197 510803 NA
16198 510803 NA
16199 510803 NA
16200 510803 NA
16201 510803 NA
16202 510803 NA
16203 510803 NA
16204 510803 NA
16205 510803 NA
16206 510803 NA
16207 510803 NA
16208 510803 NA
16209 510803 NA
16210 510803 NA
16211 509124 NA
16212 509124 NA
16213 509124 NA
16214 509124 NA
16215 509124 NA
16216 509124 NA
16217 509124 NA
16218 509124 NA
16219 509124 NA
16220 509124 NA
16221 509124 NA
16222 509124 NA
16223 509124 NA
16224 509124 NA
16225 509124 NA
16226 509124 NA
16227 509124 NA
16228 509124 NA
16229 509124 NA
16230 509124 NA
16231 509124 NA
16232 509124 NA
16233 506676 NA
16234 506676 NA
16235 506676 NA
16236 506676 NA
16237 506676 NA
16238 506676 NA
16239 506676 NA
16240 506676 NA
16241 506676 NA
16242 506676 NA
16243 506676 NA
16244 506676 NA
16245 506676 NA
16246 506676 NA
16247 506676 NA
16248 506676 NA
16249 506676 NA
16250 506676 NA
16251 506676 NA
16252 506676 NA
16253 506676 NA
16254 506676 NA
16255 506208 NA
16256 506208 NA
16257 506208 NA
16258 506208 NA
16259 506208 NA
16260 506208 NA
16261 506208 NA
16262 506208 NA
16263 506208 NA
16264 506208 NA
16265 506208 NA
16266 506208 NA
16267 506208 NA
16268 506208 NA
16269 506208 NA
16270 506208 NA
16271 506208 NA
16272 506208 NA
16273 506208 NA
16274 506208 NA
16275 506208 NA
16276 506208 NA
16277 506208 NA
16278 506208 NA
16279 506153 NA
16280 506153 NA
16281 506153 NA
16282 506153 NA
16283 506153 NA
16284 506153 NA
16285 506153 NA
16286 506153 NA
16287 506153 NA
16288 506153 NA
16289 506153 NA
16290 504302 NA
16291 504302 NA
16292 504302 NA
16293 504302 NA
16294 504302 NA
16295 504302 NA
16296 504302 NA
16297 504302 NA
16298 504302 NA
16299 504302 NA
16300 504302 NA
16301 504302 NA
16302 504302 NA
16303 504302 NA
16304 504302 NA
16305 504302 NA
16306 504302 NA
16307 505723 NA
16308 505723 NA
16309 505723 NA
16310 505723 NA
16311 505723 NA
16312 505723 NA
16313 505723 NA
16314 505723 NA
16315 505723 NA
16316 505723 NA
16317 505723 NA
16318 505723 NA
16319 505723 NA
16320 505723 NA
16321 505723 NA
16322 505723 NA
16323 505723 NA
16324 505723 NA
16325 505723 NA
16326 505723 NA
16327 508700 NA
16328 508700 NA
16329 508700 NA
16330 508700 NA
16331 508700 NA
16332 508700 NA
16333 508700 NA
16334 508700 NA
16335 508700 NA
16336 508700 NA
16337 508700 NA
16338 508700 NA
16339 508700 NA
16340 508700 NA
16341 508700 NA
16342 508700 NA
16343 508700 NA
16344 508700 NA
16345 508700 NA
16346 508700 NA
16347 511844 NA
16348 511844 NA
16349 511844 NA
16350 511844 NA
16351 511844 NA
16352 511844 NA
16353 511844 NA
16354 511844 NA
16355 511844 NA
16356 511844 NA
16357 511844 NA
16358 511844 NA
16359 511844 NA
16360 511844 NA
16361 511844 NA
16362 511844 NA
16363 511844 NA
16364 511844 NA
16365 511844 NA
16366 511844 NA
16367 511844 NA
16368 511844 NA
16369 508877 NA
16370 508877 NA
16371 508877 NA
16372 508877 NA
16373 508877 NA
16374 508877 NA
16375 508877 NA
16376 508877 NA
16377 508877 NA
16378 508877 NA
16379 508877 NA
16380 508877 NA
16381 508877 NA
16382 508877 NA
16383 508877 NA
16384 508877 NA
16385 508877 NA
16386 508877 NA
16387 508877 NA
16388 508877 NA
16389 508143 NA
16390 508143 NA
16391 508143 NA
16392 508143 NA
16393 508143 NA
16394 508143 NA
16395 508143 NA
16396 508143 NA
16397 508143 NA
16398 508143 NA
16399 508143 NA
16400 508143 NA
16401 508143 NA
16402 508143 NA
16403 508143 NA
16404 508143 NA
16405 508143 NA
16406 508143 NA
16407 508143 NA
16408 508143 NA
16409 508143 NA
16410 508143 NA
16411 503014 NA
16412 503014 NA
16413 503014 NA
16414 503014 NA
16415 503014 NA
16416 503014 NA
16417 503014 NA
16418 503014 NA
16419 503014 NA
16420 503014 NA
16421 503014 NA
16422 503014 NA
16423 503014 NA
16424 503014 NA
16425 503014 NA
16426 503014 NA
16427 503014 NA
16428 503014 NA
16429 503014 NA
16430 503014 NA
16431 503014 NA
16432 503014 NA
16433 504233 NA
16434 504233 NA
16435 504233 NA
16436 504233 NA
16437 504233 NA
16438 504233 NA
16439 504233 NA
16440 504233 NA
16441 504233 NA
16442 504233 NA
16443 504233 NA
16444 504233 NA
16445 504233 NA
16446 504233 NA
16447 504233 NA
16448 506461 NA
16449 506461 NA
16450 506461 NA
16451 506461 NA
16452 506461 NA
16453 506461 NA
16454 506461 NA
16455 506461 NA
16456 506461 NA
16457 506461 NA
16458 506461 NA
16459 506461 NA
16460 506461 NA
16461 506461 NA
16462 506461 NA
16463 506461 NA
16464 506377 NA
16465 506377 NA
16466 506377 NA
16467 506377 NA
16468 506377 NA
16469 506377 NA
16470 506377 NA
16471 506377 NA
16472 506377 NA
16473 506377 NA
16474 506377 NA
16475 506377 NA
16476 506377 NA
16477 506377 NA
16478 506377 NA
16479 506377 NA
16480 506377 NA
16481 506377 NA
16482 506377 NA
16483 506297 NA
16484 506297 NA
16485 506297 NA
16486 506297 NA
16487 506297 NA
16488 506297 NA
16489 506297 NA
16490 506297 NA
16491 506297 NA
16492 506297 NA
16493 506297 NA
16494 506297 NA
16495 506297 NA
16496 506297 NA
16497 506297 NA
16498 506641 NA
16499 506641 NA
16500 506641 NA
16501 506641 NA
16502 506641 NA
16503 506641 NA
16504 506641 NA
16505 506641 NA
16506 506641 NA
16507 506641 NA
16508 506641 NA
16509 506641 NA
16510 506641 NA
16511 506641 NA
16512 506641 NA
16513 506831 NA
16514 506831 NA
16515 506831 NA
16516 506831 NA
16517 506831 NA
16518 506831 NA
16519 506831 NA
16520 506831 NA
16521 506831 NA
16522 506831 NA
16523 506831 NA
16524 506831 NA
16525 506831 NA
16526 506831 NA
16527 506831 NA
16528 506831 NA
16529 506831 NA
16530 506831 NA
16531 506831 NA
16532 506831 NA
16533 506831 NA
16534 506838 NA
16535 506838 NA
16536 506838 NA
16537 506838 NA
16538 506838 NA
16539 506838 NA
16540 506838 NA
16541 506838 NA
16542 506838 NA
16543 506838 NA
16544 506838 NA
16545 506838 NA
16546 506838 NA
16547 506838 NA
16548 506838 NA
16549 506838 NA
16550 506838 NA
16551 506838 NA
16552 506838 NA
16553 506838 NA
16554 506838 NA
16555 506838 NA
16556 506838 NA
16557 506838 NA
16558 506838 NA
16559 506838 NA
16560 506838 NA
16561 506838 NA
16562 507177 NA
16563 507177 NA
16564 507177 NA
16565 507177 NA
16566 507177 NA
16567 507177 NA
16568 507177 NA
16569 507177 NA
16570 507177 NA
16571 507177 NA
16572 507177 NA
16573 507177 NA
16574 507177 NA
16575 507177 NA
16576 507177 NA
16577 507177 NA
16578 507177 NA
16579 507177 NA
16580 507177 NA
16581 507177 NA
16582 507177 NA
16583 507177 NA
16584 507177 NA
16585 507177 NA
16586 507177 NA
16587 507423 NA
16588 507423 NA
16589 507423 NA
16590 507423 NA
16591 507423 NA
16592 507423 NA
16593 507423 NA
16594 507423 NA
16595 507423 NA
16596 507423 NA
16597 507423 NA
16598 507423 NA
16599 507423 NA
16600 507423 NA
16601 507423 NA
16602 507423 NA
16603 507423 NA
16604 507423 NA
16605 507423 NA
16606 507423 NA
16607 507423 NA
16608 507423 NA
16609 507266 NA
16610 507266 NA
16611 507266 NA
16612 507266 NA
16613 507266 NA
16614 507266 NA
16615 507266 NA
16616 507266 NA
16617 507266 NA
16618 507266 NA
16619 507266 NA
16620 507266 NA
16621 507266 NA
16622 507266 NA
16623 507266 NA
16624 507266 NA
16625 507266 NA
16626 507266 NA
16627 507266 NA
16628 507266 NA
16629 505769 NA
16630 505769 NA
16631 505769 NA
16632 505769 NA
16633 505769 NA
16634 505769 NA
16635 505769 NA
16636 505769 NA
16637 505769 NA
16638 505769 NA
16639 505769 NA
16640 505769 NA
16641 505769 NA
16642 505769 NA
16643 506224 NA
16644 506224 NA
16645 506224 NA
16646 506224 NA
16647 506224 NA
16648 506224 NA
16649 506224 NA
16650 506224 NA
16651 506224 NA
16652 506224 NA
16653 506224 NA
16654 506224 NA
16655 506224 NA
16656 506224 NA
16657 506224 NA
16658 506224 NA
16659 506852 NA
16660 506852 NA
16661 506852 NA
16662 506852 NA
16663 506852 NA
16664 506852 NA
16665 506852 NA
16666 506852 NA
16668 506852 NA
16669 506852 NA
16670 506852 NA
16671 506852 NA
16672 506852 NA
16673 506852 NA
16674 506852 NA
16675 506852 NA
16676 507094 NA
16677 507094 NA
16678 507094 NA
16679 507094 NA
16680 507094 NA
16681 507094 NA
16682 507094 NA
16683 507094 NA
16684 507094 NA
16685 507094 NA
16686 507094 NA
16687 507094 NA
16688 507094 NA
16689 507094 NA
16690 507094 NA
16691 507094 NA
16692 507094 NA
16693 507094 NA
16694 506791 NA
16695 506791 NA
16696 506791 NA
16697 506791 NA
16698 506791 NA
16699 506791 NA
16700 506791 NA
16701 506791 NA
16702 506791 NA
16703 506791 NA
16704 506791 NA
16705 506791 NA
16706 506791 NA
16707 506791 NA
16708 506791 NA
16709 506791 NA
16710 506670 NA
16711 506670 NA
16712 506670 NA
16714 506670 NA
16717 506670 NA
16719 506670 NA
16720 506670 NA
16721 506670 NA
16722 506670 NA
16723 506670 NA
16724 506670 NA
16725 506670 NA
16726 506670 NA
16727 506670 NA
16728 506670 NA
16729 506670 NA
16730 506670 NA
16731 508423 NA
16732 508423 NA
16733 508423 NA
16734 508423 NA
16735 508423 NA
16736 508423 NA
16737 508423 NA
16738 508423 NA
16739 508423 NA
16740 508423 NA
16741 508423 NA
16742 508423 NA
16743 508423 NA
16744 508423 NA
16745 508423 NA
16746 508423 NA
16747 508423 NA
16748 508423 NA
16749 508423 NA
16750 508423 NA
16751 508089 NA
16752 508089 NA
16753 508089 NA
16754 508089 NA
16755 508089 NA
16756 508089 NA
16757 508089 NA
16759 508089 NA
16760 508089 NA
16761 508089 NA
16762 508089 NA
16763 508089 NA
16764 508089 NA
16765 508089 NA
16766 508089 NA
16767 508089 NA
16768 508089 NA
16769 508089 NA
16770 508089 NA
16771 508089 NA
16772 508089 NA
16773 508089 NA
16774 508089 NA
16775 508089 NA
16776 508089 NA
16777 508089 NA
16778 508089 NA
16779 508089 NA
16780 506682 NA
16781 506682 NA
16782 506682 NA
16783 506682 NA
16784 506682 NA
16785 506682 NA
16786 506682 NA
16787 506682 NA
16788 506682 NA
16789 506682 NA
16790 506682 NA
16791 506682 NA
16792 506682 NA
16793 506682 NA
16794 506682 NA
16795 506682 NA
16796 506682 NA
16797 506682 NA
16798 506682 NA
16799 506682 NA
16800 507338 NA
16801 507338 NA
16802 507338 NA
16803 507338 NA
16804 507338 NA
16805 507338 NA
16807 507338 NA
16808 507338 NA
16809 507338 NA
16810 507338 NA
16811 507338 NA
16812 507338 NA
16813 507338 NA
16814 507338 NA
16815 507338 NA
16816 507338 NA
16817 507338 NA
16818 507338 NA
16819 506409 NA
16820 506409 NA
16821 506409 NA
16822 506409 NA
16823 506409 NA
16824 506409 NA
16825 506409 NA
16826 506409 NA
16827 506409 NA
16828 506409 NA
16829 506409 NA
16830 506409 NA
16831 506409 NA
16832 506409 NA
16833 504826 NA
16834 504826 NA
16835 504826 NA
16836 504826 NA
16837 504826 NA
16838 504826 NA
16839 504826 NA
16840 504826 NA
16841 504826 NA
16842 504826 NA
16843 504826 NA
16844 504826 NA
16845 504826 NA
16846 504826 NA
16847 504826 NA
16848 504826 NA
16849 504826 NA
16850 504826 NA
16851 508798 NA
16852 508798 NA
16853 508798 NA
16854 508798 NA
16855 508798 NA
16856 508798 NA
16857 508798 NA
16858 508798 NA
16859 508798 NA
16860 508798 NA
16861 508798 NA
16862 508798 NA
16863 508798 NA
16864 508798 NA
16865 508798 NA
16866 508798 NA
16867 508798 NA
16869 508798 NA
16870 509016 NA
16871 509016 NA
16872 509016 NA
16873 509016 NA
16874 509016 NA
16875 509016 NA
16876 509016 NA
16877 509016 NA
16878 509016 NA
16879 509016 NA
16880 509016 NA
16881 509016 NA
16882 509016 NA
16883 509016 NA
16884 509016 NA
16885 509016 NA
16886 509016 NA
16887 509016 NA
16888 509016 NA
16889 507975 NA
16890 507975 NA
16891 507975 NA
16892 507975 NA
16893 507975 NA
16894 507975 NA
16895 507975 NA
16896 507975 NA
16897 507975 NA
16898 507975 NA
16899 507975 NA
16900 507975 NA
16901 507975 NA
16903 507975 NA
16904 507975 NA
16905 507975 NA
16906 507975 NA
16907 507975 NA
16908 507975 NA
16909 507975 NA
16910 507975 NA
16911 507975 NA
16912 507975 NA
16913 506751 NA
16914 506751 NA
16915 506751 NA
16916 506751 NA
16917 506751 NA
16918 506751 NA
16919 506751 NA
16920 506751 NA
16921 506751 NA
16922 506751 NA
16923 506751 NA
16924 506751 NA
16925 506751 NA
16926 506751 NA
16927 506751 NA
16928 506751 NA
16929 506751 NA
16930 506751 NA
16931 506751 NA
16932 506751 NA
16933 506751 NA
16934 506751 NA
16935 506751 NA
16936 506751 NA
16937 506751 NA
16938 506751 NA
16939 506751 NA
16940 506751 NA
16941 506778 NA
16942 506778 NA
16943 506778 NA
16944 506778 NA
16945 506778 NA
16946 506778 NA
16947 506778 NA
16948 506778 NA
16949 506778 NA
16950 506778 NA
16951 506778 NA
16952 506778 NA
16953 506778 NA
16954 506778 NA
16955 506778 NA
16956 506778 NA
16957 506778 NA
16958 506778 NA
16959 506866 NA
16960 506866 NA
16961 506866 NA
16966 506866 NA
16968 506866 NA
16969 506866 NA
16970 506866 NA
16971 506866 NA
16972 508387 NA
16973 508387 NA
16974 508387 NA
16975 508387 NA
16976 508387 NA
16977 508387 NA
16978 508387 NA
16979 508387 NA
16980 508387 NA
16981 508387 NA
16982 508387 NA
16984 508387 NA
16985 508387 NA
16986 508387 NA
16987 508387 NA
16988 508387 NA
16989 507128 NA
16990 507128 NA
16991 507128 NA
16992 507128 NA
16993 507128 NA
16994 507128 NA
16998 507128 NA
16999 507128 NA
17000 507128 NA
17001 507128 NA
17002 507128 NA
17006 507128 NA
17007 507128 NA
17012 507128 NA
17014 507128 NA
17015 507128 NA
17016 507128 NA
17017 507128 NA
17018 506607 NA
17019 506607 NA
17020 506607 NA
17021 506607 NA
17022 506607 NA
17023 490039 NA
17024 490039 NA
17025 490039 NA
17026 490039 NA
17027 490039 NA
17028 490039 NA
17029 481377 NA
17031 481377 NA
17032 481377 NA
17033 481377 NA
17034 481377 NA
17035 481377 NA
17036 481377 NA
17037 483666 NA
17038 483666 NA
17039 483666 NA
17040 483666 NA
17042 483666 NA
17044 483666 NA
17045 481627 NA
17046 481627 NA
17047 481627 NA
17048 481627 NA
17049 481627 NA
17050 481627 NA
17051 481627 NA
17052 474044 NA
17053 474044 NA
17054 474044 NA
17055 474044 NA
17056 474044 NA
17057 474044 NA
17058 474044 NA
17059 474044 NA
17060 474339 NA
17061 474339 NA
17062 474339 NA
17063 474339 NA
17064 474339 NA
17069 474339 NA
17070 474339 NA
17071 474939 NA
17072 474939 NA
17073 474939 NA
17075 474939 NA
17076 474939 NA
17077 474939 NA
17078 478724 NA
17079 478724 NA
17080 478724 NA
17081 478724 NA
17083 473419 NA
17084 473419 NA
17085 473419 NA
17086 473419 NA
17087 473419 NA
17088 473419 NA
17089 473419 NA
17091 470583 NA
17092 470583 NA
17093 470583 NA
17094 470583 NA
17095 470583 NA
17096 470583 NA
17097 470583 NA
17098 470583 NA
17099 465958 NA
17100 465958 NA
17101 465958 NA
17102 465958 NA
17103 465958 NA
17104 465958 NA
17105 465958 NA
17106 465958 NA
17107 463279 NA
17108 463279 NA
17109 463279 NA
17110 463279 NA
17111 463279 NA
17112 463279 NA
17113 463279 NA
17114 463279 NA
17115 463279 NA
17117 463545 NA
17118 463545 NA
17119 463545 NA
17123 463545 NA
17124 463545 NA
17125 463545 NA
17126 463545 NA
17127 472979 NA
17129 472979 NA
17130 472979 NA
17131 472979 NA
17132 472979 NA
17133 472979 NA
17134 472979 NA
17135 472979 NA
17136 472979 NA
17138 469503 NA
17139 469503 NA
17140 469503 NA
17141 469503 NA
17142 469503 NA
17143 469503 NA
17144 469503 NA
17145 469503 NA
17146 469503 NA
17147 469503 NA
17148 469503 NA
17149 469503 NA
