"Index" "Price" "Volume"
14828 110300 NA
14829 110300 NA
14830 110400 NA
14831 115700 NA
14832 118400 NA
14833 118400 NA
14834 121600 NA
14835 123700 NA
14836 126100 NA
14837 131400 NA
14838 134300 NA
14839 134300 NA
14840 140200 NA
14841 140200 NA
14842 143300 NA
14843 146700 NA
14844 149700 NA
14845 152600 NA
14846 156700 NA
14847 164000 NA
14848 168100 NA
14849 168100 NA
14850 174700 NA
14851 185500 NA
14852 191600 NA
14853 198300 NA
14854 198300 NA
14855 205400 NA
14856 212800 NA
14857 229500 NA
14858 229500 NA
14859 247100 NA
14860 247100 NA
14861 257100 NA
14862 267000 NA
14863 277600 NA
14864 288400 NA
14865 299500 NA
14866 311300 NA
14867 311300 NA
14868 324000 NA
14869 336400 NA
14870 350100 NA
14871 350100 NA
14872 363700 NA
14873 363700 NA
14874 378400 NA
14875 378400 NA
14876 393600 NA
14877 393600 NA
14878 409800 NA
14879 426600 NA
14880 426600 NA
14881 426600 NA
14882 444000 NA
14883 444000 NA
14884 462600 NA
14885 462600 NA
14886 481300 NA
14887 481300 NA
14888 481300 NA
14889 502200 NA
14890 502200 NA
14891 502200 NA
14892 523700 NA
14893 523700 NA
14894 523700 NA
14895 545500 NA
14896 545500 NA
14897 568600 NA
14898 568600 NA
14899 568600 NA
14900 592300 NA
14901 592300 NA
14902 592300 NA
14903 617200 NA
14904 617200 NA
14905 617200 NA
14906 644600 NA
14907 644600 NA
14908 644600 NA
14909 671800 NA
14910 671800 NA
14911 700700 NA
14912 700700 NA
14913 700700 NA
14914 731900 NA
14915 731900 NA
14916 731900 NA
14917 731900 NA
14918 731900 NA
14920 763100 NA
14921 763100 NA
14922 796700 NA
14923 796700 NA
14924 796700 NA
14925 796700 NA
14926 796700 NA
14927 796700 NA
14928 831900 NA
14929 831900 NA
14930 831900 NA
14931 831900 NA
14932 831900 NA
14933 831900 NA
14934 868900 NA
14935 868900 NA
14936 868900 NA
14937 868900 NA
14938 868900 NA
14939 868900 NA
14940 906600 NA
14941 906600 NA
14942 906600 NA
14943 906600 NA
14944 906600 NA
14945 948400 NA
14946 948400 NA
14947 948400 NA
14948 948400 NA
14949 948400 NA
14950 948400 NA
14951 991700 NA
14952 991700 NA
14953 991700 NA
14954 991700 NA
14955 991700 NA
14956 1e+06 NA
14957 1e+06 NA
14958 1e+06 NA
14959 1e+06 NA
14960 1e+06 NA
14961 1e+06 NA
14962 1100000 NA
14963 1100000 NA
14964 1100000 NA
14965 1100000 NA
14966 1100000 NA
14967 1100000 NA
14968 1100000 NA
14969 1100000 NA
14970 1100000 NA
14971 1100000 NA
14972 1100000 NA
14973 1e+06 NA
14974 1e+06 NA
14981 1e+06 NA
14984 1100000 NA
14991 1100000 NA
14998 1100000 NA
15000 1e+06 NA
15003 1e+06 NA
15005 968900 NA
15008 909500 NA
15011 871600 NA
15013 832800 NA
15014 832800 NA
15018 794700 NA
15020 763700 NA
15021 763700 NA
15025 737800 NA
15028 714800 NA
15029 714800 NA
15031 695000 NA
15033 695000 NA
15036 694500 NA
15037 694500 NA
15039 706000 NA
15044 709000 NA
15047 709000 NA
15048 686400 NA
15050 686400 NA
15052 671200 NA
15055 659600 NA
15060 638800 NA
15063 638800 NA
15064 631400 NA
15067 631400 NA
15070 613000 NA
15073 615600 NA
15076 622400 NA
15080 622400 NA
15081 638300 NA
15085 632000 NA
15087 632000 NA
15089 631000 NA
15090 631000 NA
15093 627500 NA
15096 627500 NA
15097 613200 NA
15101 613200 NA
15102 596400 NA
15104 596400 NA
15106 588700 NA
15110 576700 NA
15115 578300 NA
15116 578300 NA
15120 576600 NA
15122 576600 NA
15125 573500 NA
15128 573500 NA
15130 570800 NA
15133 570800 NA
15135 568600 NA
15136 568600 NA
15140 554700 NA
15143 545800 NA
15144 545800 NA
15149 535700 NA
15150 535700 NA
15154 529900 NA
15156 516100 NA
15159 516100 NA
15161 512600 NA
15164 512600 NA
15165 508500 NA
15169 508491 NA
15170 500800 NA
15172 500800 NA
15175 501100 NA
15178 502600 NA
15179 502600 NA
15182 498400 NA
15185 498400 NA
15186 494400 NA
15187 494400 NA
15191 479500 NA
15194 463200 NA
15196 463200 NA
15197 444200 NA
15199 444200 NA
15204 413000 NA
15208 398900 NA
15212 387700 NA
15215 375700 NA
15220 362300 NA
15221 362300 NA
15224 350000 NA
15227 350000 NA
15229 336900 NA
15232 336900 NA
15233 329400 NA
15235 329400 NA
15238 321700 NA
15242 310600 NA
15244 310600 NA
15247 300400 NA
15248 300400 NA
15250 290900 NA
15251 290900 NA
15256 287000 NA
15258 287000 NA
15261 286900 NA
15264 287300 NA
15270 283100 NA
15271 283100 NA
15275 277000 NA
15277 277000 NA
15280 269900 NA
15283 269900 NA
15284 260400 NA
15291 250700 NA
15295 242400 NA
15297 242400 NA
15301 233700 NA
15304 233700 NA
15306 225100 NA
15310 225100 NA
15312 216500 NA
15313 216517 NA
15316 216517 NA
15317 207137 NA
15321 207137 NA
15322 198301 NA
15326 198301 NA
15327 189689 NA
15331 189689 NA
15332 184791 NA
15336 184791 NA
15337 182456 NA
15340 182456 NA
15341 182456 NA
15342 174605 NA
15343 174605 NA
15344 174605 NA
15345 174605 NA
15346 174605 NA
15347 167690 NA
15348 167690 NA
15349 167690 NA
15350 167690 NA
15351 167690 NA
15352 167690 NA
15353 160568 NA
15354 160568 NA
15355 160568 NA
15356 160568 NA
15357 153617 NA
15358 153617 NA
15359 153617 NA
15360 153617 NA
15361 153617 NA
15362 147324 NA
15363 147324 NA
15364 147324 NA
15365 147324 NA
15366 147324 NA
15367 145072 NA
15368 145072 NA
15369 145072 NA
15370 145072 NA
15371 145072 NA
15372 145072 NA
15373 143405 NA
15374 143405 NA
15375 143405 NA
15376 143405 NA
15377 143405 NA
15378 142449 NA
15379 142449 NA
15380 142449 NA
15381 142449 NA
15382 142449 NA
15383 139965 NA
15384 139965 NA
15385 139965 NA
15386 139965 NA
15387 139965 NA
15388 139965 NA
15389 139965 NA
15390 139965 NA
15391 139965 NA
15392 139965 NA
15393 136049 NA
15394 136049 NA
15395 136049 NA
15396 136049 NA
15397 129845 NA
15398 129845 NA
15399 129845 NA
15400 129845 NA
15401 124735 NA
15402 124735 NA
15403 130570 NA
15404 130570 NA
15405 130570 NA
15406 136712 NA
15407 136712 NA
15408 142772 NA
15409 142772 NA
15410 142772 NA
15411 149424 NA
15412 149424 NA
15413 149424 NA
15414 149424 NA
15415 156078 NA
15416 156078 NA
15417 156078 NA
15418 156078 NA
15419 156078 NA
15420 163425 NA
15421 163425 NA
15422 164948 NA
15423 166472 NA
15424 167995 NA
15425 169519 NA
15426 171042 NA
15427 171042 NA
15428 171042 NA
15429 171042 NA
15430 171042 NA
15431 178957 NA
15432 178957 NA
15433 178957 NA
15434 178957 NA
15435 178957 NA
15436 186305 NA
15437 186305 NA
15438 186305 NA
15439 186305 NA
15440 186305 NA
15441 186305 NA
15442 188952 NA
15443 188952 NA
15444 188952 NA
15445 188952 NA
15446 188952 NA
15447 188952 NA
15448 191196 NA
15449 191196 NA
15450 191196 NA
15451 191196 NA
15452 191196 NA
15453 191196 NA
15454 191196 NA
15455 194192 NA
15456 194192 NA
15457 194192 NA
15458 194192 NA
15459 194192 NA
15460 191113 NA
15461 191113 NA
15462 191113 NA
15463 191113 NA
15464 191113 NA
15465 191113 NA
15466 194344 NA
15467 194344 NA
15468 194344 NA
15469 194344 NA
15470 194344 NA
15471 198201 NA
15472 198201 NA
15473 198201 NA
15474 198201 NA
15475 198201 NA
15476 204880 NA
15477 204880 NA
15478 204880 NA
15479 204880 NA
15480 204880 NA
15481 211314 NA
15482 211314 NA
15483 211314 NA
15484 211314 NA
15485 211314 NA
15486 219552 NA
15487 219552 NA
15488 219552 NA
15489 219552 NA
15490 223847 NA
15491 223847 NA
15492 223847 NA
15493 223847 NA
15494 223847 NA
15495 213051 NA
15496 213051 NA
15497 213051 NA
15498 213051 NA
15499 203683 NA
15500 203683 NA
15501 203683 NA
15502 203683 NA
15503 195171 NA
15504 195171 NA
15505 195171 NA
15506 195171 NA
15507 195171 NA
15508 186588 NA
15509 186588 NA
15510 186588 NA
15511 186588 NA
15512 186588 NA
15513 178536 NA
15514 178536 NA
15515 178536 NA
15516 178536 NA
15517 171871 NA
15518 171871 NA
15519 171871 NA
15520 171871 NA
15521 171871 NA
15522 165009 NA
15523 165009 NA
15524 165009 NA
15525 165009 NA
15526 165009 NA
15527 159614 NA
15528 159614 NA
15529 159614 NA
15530 159614 NA
15531 159614 NA
15532 152591 NA
15533 152591 NA
15534 152591 NA
15535 152591 NA
15536 152591 NA
15537 146291 NA
15538 146291 NA
15539 146291 NA
15540 146291 NA
15541 146291 NA
15542 141267 NA
15543 141267 NA
15544 141267 NA
15545 141267 NA
15546 141267 NA
15547 141267 NA
15548 135226 NA
15549 135226 NA
15550 135226 NA
15551 135226 NA
15552 135226 NA
15553 130142 NA
15554 130142 NA
15555 130142 NA
15556 130142 NA
15557 130142 NA
15558 125028 NA
15559 125028 NA
15560 125028 NA
15561 125028 NA
15562 125028 NA
15563 125028 NA
15564 123544 NA
15565 123544 NA
15566 123544 NA
15567 123544 NA
15568 123544 NA
15569 123544 NA
15570 125864 NA
15571 125864 NA
15572 125864 NA
15573 125864 NA
15574 125864 NA
15575 125864 NA
15576 127634 NA
15577 127634 NA
15578 127634 NA
15579 127634 NA
15580 127634 NA
15581 127634 NA
15582 129162 NA
15583 129162 NA
15584 129162 NA
15585 129162 NA
15586 129162 NA
15587 132194 NA
15588 132194 NA
15589 132194 NA
15590 132194 NA
15591 132194 NA
15592 133587 NA
15593 133587 NA
15594 133587 NA
15595 133587 NA
15596 133587 NA
15597 134055 NA
15598 134055 NA
15599 134055 NA
15600 134055 NA
15601 134055 NA
15602 134055 NA
15603 129700 NA
15604 129700 NA
15605 129700 NA
15606 129700 NA
15607 129700 NA
15608 129700 NA
15609 124851 NA
15610 124851 NA
15611 124851 NA
15612 124851 NA
15613 124851 NA
15614 124851 NA
15615 122552 NA
15616 122552 NA
15617 122552 NA
15618 122552 NA
15619 122552 NA
15620 118986 NA
15621 118986 NA
15622 118986 NA
15623 118986 NA
15624 118986 NA
15625 118986 NA
15626 116652 NA
15627 116652 NA
15628 116652 NA
15629 116652 NA
15630 116652 NA
15631 116652 NA
15632 112230 NA
15633 112230 NA
15634 112230 NA
15635 112230 NA
15636 112230 NA
15637 112230 NA
15638 112230 NA
15639 107410 NA
15640 107410 NA
15641 107410 NA
15642 107410 NA
15643 107410 NA
15644 107410 NA
15645 107410 NA
15646 102623 NA
15647 102623 NA
15648 102623 NA
15649 102623 NA
15650 102083 NA
15651 101543 NA
15652 101003 NA
15653 100463 NA
15654 99922 NA
15655 99382 NA
15656 98842 NA
15657 98302 NA
15658 98302 NA
15659 94114 NA
15660 94114 NA
15661 94114 NA
15662 94114 NA
15663 94114 NA
15664 94114 NA
15665 94114 NA
15666 90336 NA
15667 90336 NA
15668 90336 NA
15669 90336 NA
15670 90336 NA
15671 90336 NA
15672 90336 NA
15673 86375 NA
15674 86375 NA
15675 86375 NA
15676 86375 NA
15677 86375 NA
15678 86375 NA
15679 86375 NA
15680 86375 NA
15681 82475 NA
15682 82475 NA
15683 82475 NA
15684 82475 NA
15685 82475 NA
15686 82475 NA
15687 82475 NA
15688 82475 NA
15689 82475 NA
15690 82475 NA
15691 78477 NA
15692 78477 NA
15693 78477 NA
15694 78477 NA
15695 78477 NA
15696 78477 NA
15697 78477 NA
15698 78477 NA
15699 75609 NA
15700 75609 NA
15701 75609 NA
15702 75609 NA
15703 75609 NA
15704 75609 NA
15705 75609 NA
15706 75609 NA
15707 75609 NA
15708 73643 NA
15709 73643 NA
15710 73643 NA
15711 73643 NA
15712 73643 NA
15713 73643 NA
15714 73643 NA
15715 73643 NA
15716 73643 NA
15717 73643 NA
15718 71913 NA
15719 71913 NA
15720 71913 NA
15721 71913 NA
15722 71913 NA
15723 71913 NA
15724 71913 NA
15725 71913 NA
15726 71913 NA
15727 69016 NA
15728 69016 NA
15729 69016 NA
15730 69016 NA
15731 69016 NA
15732 69016 NA
15733 69016 NA
15734 69016 NA
15735 69016 NA
15736 69016 NA
15737 66763 NA
15738 66763 NA
15739 66763 NA
15740 66763 NA
15741 66763 NA
15742 66763 NA
15743 66763 NA
15744 66763 NA
15745 66763 NA
15746 66763 NA
15747 64325 NA
15748 64325 NA
15749 64325 NA
15750 64325 NA
15751 64325 NA
15752 64325 NA
15753 64325 NA
15754 64325 NA
15755 64325 NA
15756 64325 NA
15757 62717 NA
15758 62717 NA
15759 62717 NA
15760 62717 NA
15761 62717 NA
15762 62717 NA
15763 62717 NA
15764 62717 NA
15765 62717 NA
15766 62717 NA
15767 62717 NA
15768 62717 NA
15769 61382 NA
15770 61382 NA
15771 61382 NA
15772 61382 NA
15773 61382 NA
15774 61382 NA
15775 61382 NA
15776 61382 NA
15777 61382 NA
15778 60240 NA
15779 60240 NA
15780 60240 NA
15781 60240 NA
15782 60240 NA
15783 60240 NA
15784 60240 NA
15785 60240 NA
15786 60240 NA
15787 60240 NA
15788 59657 NA
15789 59657 NA
15790 59657 NA
15791 59657 NA
15792 59657 NA
15793 59657 NA
15794 59657 NA
15795 59657 NA
15796 59657 NA
15797 59657 NA
15798 59473 NA
15799 59290 NA
15800 59106 NA
15801 58923 NA
15802 58739 NA
15803 58556 NA
15804 58372 NA
15805 58372 NA
15806 58372 NA
15807 58372 NA
15808 58372 NA
15809 58372 NA
15810 55895 NA
15811 55895 NA
15812 55895 NA
15813 55895 NA
15814 55895 NA
15815 55895 NA
15816 55895 NA
15817 55895 NA
15818 55895 NA
15819 55895 NA
15820 55895 NA
15821 55895 NA
15822 55895 NA
15823 55152 NA
15824 55152 NA
15825 55152 NA
15826 55152 NA
15827 55152 NA
15828 55152 NA
15829 55152 NA
15830 55152 NA
15831 55152 NA
15832 55152 NA
15833 55152 NA
15834 55152 NA
15835 55152 NA
15836 54954 NA
15837 54954 NA
15838 54954 NA
15839 54954 NA
15840 54954 NA
15841 54954 NA
15842 54954 NA
15843 54954 NA
15844 54954 NA
15845 54954 NA
15846 54954 NA
15847 54954 NA
15848 55211 NA
15849 55211 NA
15850 55211 NA
15851 55211 NA
15852 55211 NA
15853 55211 NA
15854 55211 NA
15855 55211 NA
15856 55211 NA
15857 55338 NA
15858 55338 NA
15859 55338 NA
15860 55338 NA
15861 55338 NA
15862 55338 NA
15863 55338 NA
15864 55338 NA
15865 55338 NA
15866 55338 NA
15867 54449 NA
15868 54449 NA
15869 54449 NA
15870 54449 NA
15871 54449 NA
15872 54449 NA
15873 54449 NA
15874 54449 NA
15875 54449 NA
15876 54195 NA
15877 54195 NA
15878 54195 NA
15879 54195 NA
15880 54195 NA
15881 54195 NA
15882 54195 NA
15883 54195 NA
15884 54195 NA
15885 54195 NA
15886 53696 NA
15887 53696 NA
15888 53696 NA
15889 53696 NA
15890 53696 NA
15891 53696 NA
15892 53696 NA
15893 53696 NA
15894 53696 NA
15895 53696 NA
15896 53448 NA
15897 53448 NA
15898 53448 NA
15899 53448 NA
15900 53448 NA
15901 53448 NA
15902 53448 NA
15903 53445 NA
15904 53442 NA
15905 53439 NA
15906 53436 NA
15907 53433 NA
15908 53430 NA
15909 53430 NA
15910 53430 NA
15911 53430 NA
15912 53430 NA
15913 53430 NA
15914 53430 NA
15915 53430 NA
15916 53205 NA
15917 53205 NA
15918 53205 NA
15919 53205 NA
15920 53205 NA
15921 53205 NA
15922 53205 NA
15923 53205 NA
15924 53205 NA
15925 53205 NA
15926 53205 NA
15927 53205 NA
15928 52736 NA
15929 52736 NA
15930 52736 NA
15931 52736 NA
15932 52736 NA
15933 52736 NA
15934 52736 NA
15935 52736 NA
15936 52736 NA
15937 52736 NA
15938 52736 NA
15939 52736 NA
15940 52736 NA
15941 52736 NA
15942 52736 NA
15943 52736 NA
15944 52238 NA
15945 52238 NA
15946 52238 NA
15947 52238 NA
15948 52238 NA
15949 52238 NA
15950 52238 NA
15951 52238 NA
15952 52238 NA
15953 52238 NA
15954 52238 NA
15955 52238 NA
15956 52238 NA
15957 52238 NA
15958 52238 NA
15959 52238 NA
15960 52238 NA
15961 52238 NA
15962 52238 NA
15963 52238 NA
15964 52123 NA
15965 52123 NA
15966 52123 NA
15967 52123 NA
15968 52123 NA
15969 52123 NA
15970 52123 NA
15971 52123 NA
15972 52123 NA
15973 52123 NA
15974 52123 NA
15975 52123 NA
15976 52123 NA
15977 52123 NA
15978 52123 NA
15979 52123 NA
15980 52123 NA
15981 52123 NA
15982 52123 NA
15983 52077 NA
15984 52077 NA
15985 52077 NA
15986 52077 NA
15987 52077 NA
15988 52077 NA
15989 52077 NA
15990 52077 NA
15991 52077 NA
15992 52077 NA
15993 52077 NA
15994 52077 NA
15995 52077 NA
15996 52077 NA
15997 52077 NA
15998 52077 NA
15999 51168 NA
16000 51168 NA
16001 51168 NA
16002 51168 NA
16003 51168 NA
16004 51168 NA
16005 51168 NA
16006 51168 NA
16007 51168 NA
16008 51168 NA
16009 51168 NA
16010 51168 NA
16011 51168 NA
16012 51168 NA
16013 51168 NA
16014 51168 NA
16015 51168 NA
16016 49145 NA
16017 49145 NA
16018 49145 NA
16019 49145 NA
16020 49145 NA
16021 49145 NA
16022 49145 NA
16023 49145 NA
16024 49145 NA
16025 49145 NA
16026 49145 NA
16027 49145 NA
16028 49145 NA
16029 49145 NA
16030 49145 NA
16031 49145 NA
16032 49145 NA
16033 47151 NA
16034 47151 NA
16035 47151 NA
16036 47151 NA
16037 47151 NA
16038 47151 NA
16039 47151 NA
16040 47151 NA
16041 47151 NA
16042 47151 NA
16043 47151 NA
16044 47151 NA
16045 47151 NA
16046 47151 NA
16047 47151 NA
16048 47151 NA
16049 45390 NA
16050 45390 NA
16051 45390 NA
16052 45390 NA
16053 45390 NA
16054 45390 NA
16055 45390 NA
16056 45390 NA
16057 45390 NA
16058 45390 NA
16059 45390 NA
16060 45390 NA
16061 45390 NA
16062 45390 NA
16063 45390 NA
16064 45390 NA
16065 45390 NA
16066 44336 NA
16067 44336 NA
16068 44336 NA
16069 44336 NA
16070 44336 NA
16071 44336 NA
16072 44336 NA
16073 44336 NA
16074 44336 NA
16075 44336 NA
16076 44336 NA
16077 44336 NA
16078 44336 NA
16079 44336 NA
16080 44336 NA
16081 42599 NA
16082 42599 NA
16083 42599 NA
16084 42599 NA
16085 42599 NA
16086 42599 NA
16087 42599 NA
16088 42599 NA
16089 42599 NA
16090 42599 NA
16091 42599 NA
16092 42599 NA
16093 42599 NA
16094 41291 NA
16095 41291 NA
16096 41291 NA
16097 41291 NA
16098 41291 NA
16099 41291 NA
16100 41291 NA
16101 41291 NA
16102 41291 NA
16103 41291 NA
16104 41291 NA
16105 41291 NA
16106 41093 NA
16107 41093 NA
16108 41093 NA
16109 41093 NA
16110 41093 NA
16111 41093 NA
16112 41093 NA
16113 41093 NA
16114 41093 NA
16115 41093 NA
16116 41093 NA
16117 41093 NA
16118 41093 NA
16119 42601 NA
16120 42601 NA
16121 42601 NA
16122 42601 NA
16123 42601 NA
16124 42601 NA
16125 42601 NA
16126 42601 NA
16127 42601 NA
16128 42601 NA
16129 42601 NA
16130 42601 NA
16131 42601 NA
16132 42282 NA
16133 42282 NA
16134 42282 NA
16135 42282 NA
16136 42282 NA
16137 42282 NA
16138 42282 NA
16139 42282 NA
16140 42282 NA
16141 42282 NA
16142 42282 NA
16143 42282 NA
16144 42282 NA
16145 42282 NA
16146 42657 NA
16147 42657 NA
16148 42657 NA
16149 42657 NA
16150 42657 NA
16151 42657 NA
16152 42657 NA
16153 42657 NA
16154 42657 NA
16155 42657 NA
16156 42657 NA
16157 42657 NA
16158 42657 NA
16159 42657 NA
16160 41791 NA
16161 41791 NA
16162 41791 NA
16163 41791 NA
16164 41791 NA
16165 41791 NA
16166 41791 NA
16167 41791 NA
16168 41791 NA
16169 41791 NA
16170 41791 NA
16171 41791 NA
16172 41791 NA
16173 41791 NA
16174 41791 NA
16175 41297 NA
16176 41297 NA
16177 41297 NA
16178 41297 NA
16179 41297 NA
16180 41297 NA
16181 41297 NA
16182 41297 NA
16183 41297 NA
16184 41297 NA
16185 41297 NA
16186 41297 NA
16187 41297 NA
16188 41297 NA
16189 41297 NA
16190 39953 NA
16191 39953 NA
16192 39953 NA
16193 39953 NA
16194 39953 NA
16195 39953 NA
16196 39953 NA
16197 39953 NA
16198 39953 NA
16199 39953 NA
16200 39953 NA
16201 39953 NA
16202 39953 NA
16203 39953 NA
16204 39953 NA
16205 39953 NA
16206 38451 NA
16207 38451 NA
16208 38451 NA
16209 38451 NA
16210 38451 NA
16211 38451 NA
16212 38451 NA
16213 38451 NA
16214 38451 NA
16215 38451 NA
16216 38451 NA
16217 38451 NA
16218 38451 NA
16219 38451 NA
16220 38451 NA
16221 38160 NA
16222 38160 NA
16223 38160 NA
16224 38160 NA
16225 38160 NA
16226 38160 NA
16227 38160 NA
16228 38160 NA
16229 38160 NA
16230 38160 NA
16231 38160 NA
16232 38160 NA
16233 38160 NA
16234 38160 NA
16235 38160 NA
16236 37249 NA
16237 37249 NA
16238 37249 NA
16239 37249 NA
16240 37249 NA
16241 37249 NA
16242 37249 NA
16243 37249 NA
16244 37249 NA
16245 37249 NA
16246 37249 NA
16247 37249 NA
16248 37249 NA
16249 37249 NA
16250 37249 NA
16251 36395 NA
16252 36395 NA
16253 36395 NA
16254 36395 NA
16255 36395 NA
16256 36395 NA
16257 36395 NA
16258 36395 NA
16259 36395 NA
16260 36395 NA
16261 36395 NA
16262 36395 NA
16263 36395 NA
16264 36395 NA
16265 34998 NA
16266 34998 NA
16267 34998 NA
16268 34998 NA
16269 34998 NA
16270 34998 NA
16271 34998 NA
16272 34998 NA
16273 34998 NA
16274 34998 NA
16275 34998 NA
16276 34998 NA
16277 33740 NA
16278 33740 NA
16279 33740 NA
16280 33740 NA
16281 33740 NA
16282 33740 NA
16283 33740 NA
16284 33740 NA
16285 33740 NA
16286 33740 NA
16287 33740 NA
16288 32605 NA
16289 32605 NA
16290 32605 NA
16291 32605 NA
16292 32605 NA
16293 32605 NA
16294 32605 NA
16295 32605 NA
16296 32605 NA
16297 32605 NA
16298 32605 NA
16299 31230 NA
16300 31230 NA
16301 31230 NA
16302 31230 NA
16303 31230 NA
16304 31230 NA
16305 31230 NA
16306 31230 NA
16307 31230 NA
16308 31230 NA
16309 29897 NA
16310 29897 NA
16311 29897 NA
16312 29897 NA
16313 29897 NA
16314 29897 NA
16315 29897 NA
16316 29897 NA
16317 29897 NA
16318 29897 NA
16319 29897 NA
16320 29897 NA
16321 28607 NA
16322 28607 NA
16323 28607 NA
16324 28607 NA
16325 28607 NA
16326 28607 NA
16327 28607 NA
16328 28607 NA
16329 28607 NA
16330 28607 NA
16331 28607 NA
16332 28607 NA
16333 28607 NA
16334 28607 NA
16335 27409 NA
16336 27409 NA
16337 27409 NA
16338 27409 NA
16339 27409 NA
16340 27409 NA
16341 27409 NA
16342 27409 NA
16343 27409 NA
16344 27409 NA
16345 26196 NA
16346 26196 NA
16347 26196 NA
16348 26196 NA
16349 26196 NA
16350 26196 NA
16351 26196 NA
16352 26196 NA
16353 26196 NA
16354 26196 NA
16355 26196 NA
16356 25081 NA
16357 25081 NA
16358 25081 NA
16359 25081 NA
16360 25081 NA
16361 25081 NA
16362 25081 NA
16363 25081 NA
16364 25081 NA
16365 25081 NA
16366 25081 NA
16367 25081 NA
16368 25081 NA
16369 24074 NA
16370 24074 NA
16371 24074 NA
16372 24074 NA
16373 24074 NA
16374 24074 NA
16375 24074 NA
16376 24074 NA
16377 24074 NA
16378 24074 NA
16379 24074 NA
16380 24074 NA
16381 23109 NA
16382 23109 NA
16383 23109 NA
16384 23109 NA
16385 23109 NA
16386 23109 NA
16387 23109 NA
16388 23109 NA
16389 23109 NA
16390 23109 NA
16391 23109 NA
16392 22120 NA
16393 22120 NA
16394 22120 NA
16395 22120 NA
16396 21178 NA
16397 21178 NA
16398 21178 NA
16399 21178 NA
16400 21178 NA
16401 20249 NA
16402 20249 NA
16403 20249 NA
16404 20249 NA
16405 20249 NA
16406 20249 NA
16407 19402 NA
16408 19402 NA
16409 19402 NA
16410 19402 NA
16411 19402 NA
16412 19402 NA
16413 18603 NA
16414 18603 NA
16415 18603 NA
16416 18603 NA
16417 18603 NA
16418 18603 NA
16419 18603 NA
16420 17809 NA
16421 17809 NA
16422 17809 NA
16423 17809 NA
16424 17809 NA
16425 17809 NA
16426 17037 NA
16427 17037 NA
16428 17037 NA
16429 17037 NA
16430 17037 NA
16431 17037 NA
16432 17037 NA
16433 16299 NA
16434 16299 NA
16435 16299 NA
16436 16299 NA
16437 16299 NA
16438 16299 NA
16439 15620 NA
16440 15620 NA
16441 15620 NA
16442 15620 NA
16443 15620 NA
16444 15620 NA
16445 14950 NA
16446 14950 NA
16447 14950 NA
16448 14950 NA
16449 14950 NA
16450 14328 NA
16451 14328 NA
16452 14328 NA
16453 14328 NA
16454 14328 NA
16455 14328 NA
16456 14328 NA
16457 13731 NA
16458 13731 NA
16459 13731 NA
16460 13731 NA
16461 13731 NA
16462 13731 NA
16463 13178 NA
16464 13178 NA
16465 13178 NA
16466 13178 NA
16467 13178 NA
16468 13178 NA
16469 12628 NA
16470 12628 NA
16471 12628 NA
16472 12628 NA
16473 12628 NA
16474 12628 NA
16475 12628 NA
16476 12102 NA
16477 12102 NA
16478 12102 NA
16479 12102 NA
16480 12102 NA
16481 12102 NA
16482 8442 NA
16483 8442 NA
16484 8442 NA
16485 8442 NA
16486 8442 NA
16487 8442 NA
16488 8442 NA
16489 8442 NA
16490 8095 NA
16491 8095 NA
16492 8095 NA
16493 8095 NA
16494 8095 NA
16495 8095 NA
16496 8095 NA
16497 8095 NA
16498 7764 NA
16499 7764 NA
16500 7764 NA
16501 7764 NA
16502 7764 NA
16503 7764 NA
16504 7764 NA
16505 7437 NA
16506 7437 NA
16507 7437 NA
16508 7437 NA
16509 7437 NA
16510 7437 NA
16511 7437 NA
16512 7142 NA
16513 7142 NA
16514 7142 NA
16515 7142 NA
16516 7142 NA
16517 7142 NA
16518 7142 NA
16519 7142 NA
16520 6861 NA
16521 6861 NA
16522 6861 NA
16523 6861 NA
16524 6861 NA
16525 6861 NA
16526 6861 NA
16527 6861 NA
16528 6578 NA
16529 6578 NA
16530 6578 NA
16531 6578 NA
16532 6578 NA
16533 6578 NA
16534 6578 NA
16535 6578 NA
16536 6307 NA
16537 6307 NA
16538 6307 NA
16539 6307 NA
16540 6307 NA
16541 6307 NA
16542 6307 NA
16543 6307 NA
16544 6307 NA
16545 6307 NA
16546 6043 NA
16547 6043 NA
16548 6043 NA
16549 6043 NA
16550 6043 NA
16551 6043 NA
16552 6043 NA
16553 6043 NA
16554 6043 NA
16555 5806 NA
16556 5806 NA
16557 5806 NA
16558 5806 NA
16559 5806 NA
16560 5806 NA
16561 5806 NA
16562 5806 NA
16563 5806 NA
16564 5806 NA
16565 5588 NA
16566 5588 NA
16567 5588 NA
16568 5588 NA
16569 5588 NA
16570 5588 NA
16571 5588 NA
16572 5588 NA
16573 5373 NA
16574 5373 NA
16575 5373 NA
16576 5373 NA
16577 5373 NA
16578 5373 NA
16579 5373 NA
16580 5373 NA
16581 5165 NA
16582 5165 NA
16583 5165 NA
16584 5165 NA
16585 5165 NA
16586 5165 NA
16587 4964 NA
16588 4964 NA
16589 4964 NA
16590 4964 NA
16591 4964 NA
16592 4964 NA
16593 4964 NA
16594 4771 NA
16595 4771 NA
16596 4771 NA
16597 4771 NA
16598 4771 NA
16599 4771 NA
16600 4771 NA
16601 4592 NA
16602 4592 NA
16603 4592 NA
16604 4592 NA
16605 4592 NA
16606 4592 NA
16607 4592 NA
16608 4592 NA
16609 4592 NA
16610 4410 NA
16611 4410 NA
16612 4410 NA
16613 4410 NA
16614 4410 NA
16615 4410 NA
16616 4410 NA
16617 4410 NA
16618 4410 NA
16619 4410 NA
16620 4236 NA
16621 4236 NA
16622 4236 NA
16623 4236 NA
16624 4236 NA
16625 4236 NA
16626 4236 NA
16627 4236 NA
16628 4236 NA
16629 4236 NA
16630 4085 NA
16631 4085 NA
16632 4085 NA
16633 4085 NA
16634 4085 NA
16635 4085 NA
16636 4085 NA
16637 4085 NA
16638 4085 NA
16639 3929 NA
16640 3929 NA
16641 3929 NA
16642 3929 NA
16643 3929 NA
16644 3929 NA
16645 3929 NA
16646 3929 NA
16647 3929 NA
16648 3780 NA
16649 3780 NA
16650 3780 NA
16651 3780 NA
16652 3780 NA
16653 3780 NA
16654 3780 NA
16655 3780 NA
16656 3780 NA
16657 3780 NA
16658 3633 NA
16659 3633 NA
16660 3633 NA
16661 3633 NA
16662 3633 NA
16663 3633 NA
16664 3633 NA
16665 3633 NA
16666 3633 NA
16668 3498 NA
16669 3498 NA
16670 3498 NA
16671 3498 NA
16672 3498 NA
16673 3498 NA
16674 3498 NA
16675 3498 NA
16676 3363 NA
16677 3363 NA
16678 3363 NA
16679 3363 NA
16680 3363 NA
16681 3363 NA
16682 3363 NA
16683 3363 NA
16684 3363 NA
16685 3232 NA
16686 3232 NA
16687 3232 NA
16688 3232 NA
16689 3232 NA
16690 3232 NA
16691 3232 NA
16692 3232 NA
16693 3232 NA
16694 3232 NA
16695 3107 NA
16696 3107 NA
16697 3107 NA
16698 3107 NA
16699 3107 NA
16700 3107 NA
16701 3107 NA
16702 3107 NA
16703 3107 NA
16704 3107 NA
16705 3107 NA
16706 3107 NA
16707 2991 NA
16708 2991 NA
16709 2991 NA
16710 2991 NA
16711 2991 NA
16712 2991 NA
16714 2991 NA
16717 2991 NA
16719 2898 NA
16720 2898 NA
16721 2898 NA
16722 2898 NA
16723 2898 NA
16724 2898 NA
16725 2898 NA
16726 2898 NA
16727 2898 NA
16728 2898 NA
16729 2898 NA
16730 2873 NA
16731 2873 NA
16732 2873 NA
16733 2873 NA
16734 2873 NA
16735 2873 NA
16736 2873 NA
16737 2873 NA
16738 2873 NA
16739 2873 NA
16740 2873 NA
16741 2873 NA
16742 2873 NA
16743 2872 NA
16744 2872 NA
16745 2872 NA
16746 2872 NA
16747 2872 NA
16748 2872 NA
16749 2872 NA
16750 2872 NA
16751 2872 NA
16752 2872 NA
16753 2872 NA
16754 2872 NA
16755 2872 NA
16756 2872 NA
16757 2976 NA
16759 2976 NA
16760 2976 NA
16761 2976 NA
16762 2976 NA
16763 2976 NA
16764 2976 NA
16765 2976 NA
16766 2976 NA
16767 2976 NA
16768 2976 NA
16769 2976 NA
16770 2976 NA
16771 2976 NA
16772 2987 NA
16773 2987 NA
16774 2987 NA
16775 2987 NA
16776 2987 NA
16777 2987 NA
16778 2987 NA
16779 2987 NA
16780 2987 NA
16781 2987 NA
16782 2987 NA
16783 2987 NA
16784 2987 NA
16785 2987 NA
16786 3070 NA
16787 3070 NA
16788 3070 NA
16789 3070 NA
16790 3070 NA
16791 3070 NA
16792 3070 NA
16793 3070 NA
16794 3070 NA
16795 3070 NA
16796 3070 NA
16797 3070 NA
16798 3070 NA
16799 3070 NA
16800 3157 NA
16801 3157 NA
16802 3157 NA
16803 3157 NA
16804 3157 NA
16805 3157 NA
16807 3157 NA
16808 3157 NA
16809 3157 NA
16810 3157 NA
16811 3300 NA
16812 3300 NA
16813 3300 NA
16814 3300 NA
16815 3300 NA
16816 3300 NA
16817 3300 NA
16818 3300 NA
16819 3300 NA
16820 3365 NA
16821 3365 NA
16822 3365 NA
16823 3365 NA
16824 3365 NA
16825 3365 NA
16826 3497 NA
16827 3497 NA
16828 3497 NA
16829 3497 NA
16830 3497 NA
16831 3497 NA
16832 3497 NA
16833 3497 NA
16834 3497 NA
16835 3497 NA
16836 3634 NA
16837 3634 NA
16838 3634 NA
16839 3634 NA
16840 3634 NA
16841 3634 NA
16842 3634 NA
16843 3634 NA
16844 3634 NA
16845 3634 NA
16846 3634 NA
16847 3752 NA
16848 3752 NA
16849 3752 NA
16850 3752 NA
16851 3752 NA
16852 3752 NA
16853 3752 NA
16854 3752 NA
16855 3752 NA
16856 3752 NA
16857 3752 NA
16858 3752 NA
16859 3752 NA
16860 3752 NA
16861 3752 NA
16862 3934 NA
16863 3934 NA
16864 3934 NA
16865 3934 NA
16866 3934 NA
16867 3934 NA
16869 3934 NA
16870 3934 NA
16871 3934 NA
16872 3934 NA
16873 3934 NA
16874 4120 NA
16875 4120 NA
16876 4120 NA
16877 4120 NA
16878 4120 NA
16879 4120 NA
16880 4120 NA
16881 4120 NA
16882 4120 NA
16883 4120 NA
16884 4120 NA
16885 4120 NA
16886 4316 NA
16887 4316 NA
16888 4316 NA
16889 4316 NA
16890 4316 NA
16891 4316 NA
16892 4316 NA
16893 4316 NA
16894 4316 NA
16895 4316 NA
16896 4316 NA
16897 4316 NA
16898 4521 NA
16899 4521 NA
16900 4521 NA
16901 4521 NA
16902 4521 NA
16903 4521 NA
16904 4521 NA
16905 4521 NA
16906 4521 NA
16907 4521 NA
16908 4521 NA
16909 4521 NA
16910 4521 NA
16911 4521 NA
16912 4732 NA
16913 4732 NA
16914 4732 NA
16915 4732 NA
16916 4732 NA
16917 4732 NA
16918 4732 NA
16919 4732 NA
16920 4732 NA
16921 4732 NA
16922 4732 NA
16923 4732 NA
16924 4732 NA
16925 4895 NA
16926 4895 NA
16927 4895 NA
16928 4895 NA
16929 4895 NA
16930 4895 NA
16931 4895 NA
16932 4895 NA
16933 4895 NA
16934 4895 NA
16935 4895 NA
16936 4895 NA
16937 4895 NA
16938 4895 NA
16939 5082 NA
16940 5082 NA
16941 5082 NA
16942 5082 NA
16943 5082 NA
16944 5082 NA
16945 5082 NA
16946 5082 NA
16947 5082 NA
16948 5082 NA
16949 5082 NA
16950 5082 NA
16951 5188 NA
16952 5188 NA
16953 5188 NA
16954 5188 NA
16955 5188 NA
16956 5188 NA
16957 5188 NA
16958 5188 NA
16959 5188 NA
16960 5188 NA
16961 5188 NA
16966 5374 NA
16968 5374 NA
16969 5374 NA
16970 5374 NA
16971 5374 NA
16972 5374 NA
16973 5555 NA
16974 5555 NA
16975 5555 NA
16976 5555 NA
16977 5555 NA
16978 5555 NA
16979 5555 NA
16980 5555 NA
16981 5555 NA
16982 5555 NA
16984 5555 NA
16985 5555 NA
16986 5555 NA
16987 5489 NA
16988 5489 NA
16989 5489 NA
16990 5489 NA
16991 5489 NA
16992 5489 NA
16993 5489 NA
16994 5489 NA
16998 5489 NA
16999 5664 NA
17000 5664 NA
17001 5664 NA
17002 5664 NA
17006 5664 NA
17007 5664 NA
17012 5840 NA
17014 5840 NA
17015 5840 NA
17016 5840 NA
17017 5840 NA
17018 5840 NA
17019 5840 NA
17020 5840 NA
17021 5840 NA
17022 5840 NA
17023 5840 NA
17024 5840 NA
17025 5998 NA
17026 5998 NA
17027 5998 NA
17028 5998 NA
17029 5998 NA
17031 5998 NA
17032 5998 NA
17033 5998 NA
17034 5998 NA
17035 5998 NA
17036 5998 NA
17037 5998 NA
17038 5998 NA
17039 5998 NA
17040 5998 NA
17042 6070 NA
17044 6070 NA
17045 6070 NA
17046 6070 NA
17047 6070 NA
17048 6070 NA
17049 6070 NA
17050 6070 NA
17051 6070 NA
17052 6070 NA
17053 6070 NA
17054 6070 NA
17055 6070 NA
17056 6022 NA
17057 6022 NA
17058 6022 NA
17059 6022 NA
17060 6022 NA
17061 6022 NA
17062 6022 NA
17063 6022 NA
17064 6022 NA
17069 6022 NA
17070 6022 NA
17071 6022 NA
17072 6019 NA
17073 6019 NA
17075 6019 NA
17076 6019 NA
17077 6019 NA
17078 6019 NA
17079 6019 NA
17080 6019 NA
17081 6019 NA
17083 6019 NA
17084 6019 NA
17085 6091 NA
17086 6091 NA
17087 6091 NA
17088 6091 NA
17089 6091 NA
17091 6091 NA
17092 6091 NA
17093 6091 NA
17094 6091 NA
17095 6091 NA
17096 6091 NA
17097 6091 NA
17098 6091 NA
17099 6091 NA
17100 6091 NA
17101 6091 NA
17102 6084 NA
17103 6084 NA
17104 6084 NA
17105 6084 NA
17106 6084 NA
17107 6084 NA
17108 6084 NA
17109 6084 NA
17110 6084 NA
17111 6084 NA
17112 6084 NA
17113 6084 NA
17114 6084 NA
17115 6084 NA
17117 6084 NA
17118 6084 NA
17119 6163 NA
17123 6163 NA
17124 6163 NA
17125 6163 NA
17126 6163 NA
17127 6163 NA
17129 6163 NA
17130 6163 NA
17131 6163 NA
17132 6163 NA
17133 6163 NA
17134 6163 NA
17135 6163 NA
17136 6034 NA
17138 6034 NA
17139 6034 NA
17140 6034 NA
17141 6034 NA
17142 6034 NA
17143 6034 NA
17144 6034 NA
17145 6034 NA
17146 6034 NA
17147 6034 NA
17148 6034 NA
