"Index" "Price" "Volume"
14984 1e+06 NA
14986 1100000 NA
14987 1101493 NA
14990 1240000 NA
14991 1200000 NA
14993 1200000 NA
14995 1300000 NA
14996 1300000 NA
14998 1400000 NA
15000 1500000 NA
15001 1600000 NA
15003 1700000 NA
15005 1800000 NA
15007 2e+06 NA
15008 2262460 NA
15012 2400000 NA
15013 2500000 NA
15014 2600000 NA
15016 2700000 NA
15018 2800000 NA
15019 3e+06 NA
15020 3100000 NA
15021 3100000 NA
15022 3085014 NA
15025 3200000 NA
15026 3400000 NA
15028 3500000 NA
15029 3800000 NA
15030 3800000 NA
15031 4200000 NA
15033 4400000 NA
15035 4600000 NA
15036 4800000 NA
15037 5100000 NA
15039 5300000 NA
15041 5500000 NA
15043 5800000 NA
15044 6e+06 NA
15046 6200000 NA
15047 6200000 NA
15048 6400000 NA
15049 6400000 NA
15050 6700000 NA
15052 7e+06 NA
15054 7400000 NA
15055 7700000 NA
15056 8e+06 NA
15060 8200000 NA
15061 8300000 NA
15063 8400000 NA
15064 7900000 NA
15065 7582892 NA
15066 7200000 NA
15068 6900000 NA
15070 6500000 NA
15071 6200000 NA
15072 5900000 NA
15073 5600000 NA
15075 5100000 NA
15077 5e+06 NA
15078 4800000 NA
15080 4600000 NA
15082 4400000 NA
15084 4200000 NA
15085 3900000 NA
15086 3700000 NA
15087 3700000 NA
15088 3600000 NA
15089 3400000 NA
15090 3200000 NA
15091 3100000 NA
15093 2900000 NA
15094 2900000 NA
15095 2648846 NA
15096 2500000 NA
15097 2500000 NA
15098 2400000 NA
15100 2300000 NA
15101 2200000 NA
15102 2100000 NA
15104 1900000 NA
15106 2e+06 NA
15109 2100000 NA
15110 2200000 NA
15112 2400000 NA
15114 2600000 NA
15115 2800000 NA
15116 2800000 NA
15119 2700000 NA
15120 2600000 NA
15121 2400000 NA
15122 2220407 NA
15124 2100000 NA
15125 2e+06 NA
15126 1900000 NA
15128 1800000 NA
15130 1700000 NA
15131 1700000 NA
15132 1696263 NA
15133 1700000 NA
15135 1800000 NA
15136 1800000 NA
15137 1846983 NA
15143 1900000 NA
15144 1900000 NA
15147 1800000 NA
15150 1700000 NA
15151 1600000 NA
15152 1500000 NA
15154 1306787 NA
15156 1188667 NA
15157 1200000 NA
15159 1e+06 NA
15161 934600 NA
15163 895200 NA
15164 863200 NA
15165 840275 NA
15166 826900 NA
15168 824900 NA
15170 844100 NA
15172 879000 NA
15173 909900 NA
15174 909907 NA
15177 988300 NA
15178 1014610 NA
15179 1e+06 NA
15183 955900 NA
15185 908100 NA
15186 863100 NA
15187 779600 NA
15189 741800 NA
15191 672800 NA
15192 649168 NA
15193 630200 NA
15194 630200 NA
15196 565100 NA
15197 542300 NA
15199 529600 NA
15203 564825 NA
15204 564800 NA
15207 603700 NA
15208 629100 NA
15210 651300 NA
15212 658100 NA
15214 642900 NA
15215 625400 NA
15217 611000 NA
15218 572000 NA
15220 549300 NA
15221 549300 NA
15222 529400 NA
15224 492800 NA
15226 475500 NA
15227 457400 NA
15228 442200 NA
15231 436300 NA
15232 438100 NA
15233 438100 NA
15235 464900 NA
15238 502982 NA
15240 518100 NA
15242 542200 NA
15243 566700 NA
15244 588300 NA
15247 630900 NA
15248 660700 NA
15249 660700 NA
15250 690400 NA
15251 718000 NA
15254 783000 NA
15256 811500 NA
15257 845900 NA
15258 877300 NA
15261 910000 NA
15263 922500 NA
15264 900600 NA
15266 863100 NA
15268 825600 NA
15270 791500 NA
15271 752400 NA
15273 682900 NA
15275 621900 NA
15276 594064 NA
15278 593400 NA
15280 589500 NA
15281 595300 NA
15283 605200 NA
15284 602600 NA
15285 592200 NA
15287 585100 NA
15289 584900 NA
15291 593500 NA
15294 538300 NA
15295 491100 NA
15297 448600 NA
15299 434200 NA
15301 425200 NA
15302 416200 NA
15303 404800 NA
15304 396100 NA
15306 385500 NA
15307 385500 NA
15308 378000 NA
15310 342600 NA
15312 331400 NA
15313 320249 NA
15314 305263 NA
15315 305263 NA
15316 294202 NA
15317 294202 NA
15318 290238 NA
15319 289451 NA
15320 289335 NA
15321 289335 NA
15322 290466 NA
15323 290466 NA
15324 286970 NA
15325 286970 NA
15326 286894 NA
15327 285997 NA
15328 286406 NA
15329 292439 NA
15330 303924 NA
15331 300864 NA
15332 301125 NA
15333 305469 NA
15334 305469 NA
15335 308088 NA
15336 307349 NA
15337 307349 NA
15338 302942 NA
15339 291207 NA
15340 291207 NA
15341 280178 NA
15342 270311 NA
15343 258634 NA
15344 247306 NA
15345 237139 NA
15346 237139 NA
15347 225869 NA
15348 222290 NA
15349 221658 NA
15350 221658 NA
15351 217141 NA
15352 217141 NA
15353 221406 NA
15354 223639 NA
15355 226526 NA
15356 226526 NA
15357 230418 NA
15358 230418 NA
15359 227905 NA
15360 230075 NA
15361 231224 NA
15362 233830 NA
15363 231520 NA
15364 231520 NA
15365 232080 NA
15366 229252 NA
15367 223204 NA
15368 216844 NA
15369 214004 NA
15370 214004 NA
15371 214819 NA
15372 209257 NA
15373 209257 NA
15374 201603 NA
15375 195713 NA
15376 195713 NA
15377 187070 NA
15378 187070 NA
15379 179883 NA
15380 171502 NA
15381 171502 NA
15382 165377 NA
15383 163850 NA
15384 163077 NA
15385 163077 NA
15386 161151 NA
15387 162738 NA
15388 161041 NA
15389 161041 NA
15390 161699 NA
15391 161699 NA
15392 156620 NA
15393 153495 NA
15394 153495 NA
15395 151621 NA
15396 151879 NA
15397 154306 NA
15398 154306 NA
15399 154540 NA
15400 151781 NA
15401 151781 NA
15402 154596 NA
15403 162170 NA
15404 168082 NA
15405 168082 NA
15406 168057 NA
15407 168057 NA
15408 167766 NA
15409 171388 NA
15410 171388 NA
15411 174629 NA
15412 174629 NA
15413 175151 NA
15414 169712 NA
15415 169712 NA
15416 169712 NA
15417 164699 NA
15418 164699 NA
15419 163122 NA
15420 163122 NA
15421 159957 NA
15422 159912 NA
15423 159867 NA
15424 159823 NA
15425 159778 NA
15426 159733 NA
15427 159733 NA
15428 154234 NA
15429 154234 NA
15430 149772 NA
15431 149772 NA
15432 147588 NA
15433 146119 NA
15434 146119 NA
15435 144427 NA
15436 140863 NA
15437 140863 NA
15438 137280 NA
15439 137280 NA
15440 134335 NA
15441 134335 NA
15442 131207 NA
15443 131207 NA
15444 128863 NA
15445 128863 NA
15446 127712 NA
15447 127712 NA
15448 125604 NA
15449 125604 NA
15450 124105 NA
15451 121988 NA
15452 121988 NA
15453 119825 NA
15454 119825 NA
15455 118975 NA
15456 118975 NA
15457 117724 NA
15458 117724 NA
15459 116961 NA
15460 116961 NA
15461 116174 NA
15462 116174 NA
15463 114929 NA
15464 114929 NA
15465 112656 NA
15466 112656 NA
15467 111591 NA
15468 111591 NA
15469 109595 NA
15470 109595 NA
15471 108202 NA
15472 108202 NA
15473 106986 NA
15474 106582 NA
15475 106582 NA
15476 106124 NA
15477 106124 NA
15478 108086 NA
15479 109991 NA
15480 109238 NA
15481 106277 NA
15482 106277 NA
15483 101632 NA
15484 98816 NA
15485 98816 NA
15486 98067 NA
15487 98827 NA
15488 97926 NA
15489 97040 NA
15490 95815 NA
15491 94970 NA
15492 96006 NA
15493 97094 NA
15494 98052 NA
15495 96927 NA
15496 96927 NA
15497 96768 NA
15498 97543 NA
15499 98875 NA
15500 101212 NA
15501 101212 NA
15502 102762 NA
15503 103955 NA
15504 103955 NA
15505 104540 NA
15506 105166 NA
15507 106574 NA
15508 106574 NA
15509 107628 NA
15510 109110 NA
15511 109110 NA
15512 110097 NA
15513 111485 NA
15514 110553 NA
15515 108785 NA
15516 110057 NA
15517 110057 NA
15518 110258 NA
15519 110677 NA
15520 110677 NA
15521 110649 NA
15522 110649 NA
15523 110474 NA
15524 110058 NA
15525 109744 NA
15526 109744 NA
15527 109337 NA
15528 109337 NA
15529 109160 NA
15530 109160 NA
15531 107752 NA
15532 109135 NA
15533 109135 NA
15534 108564 NA
15535 107757 NA
15536 107757 NA
15537 107302 NA
15538 107302 NA
15539 106389 NA
15540 106389 NA
15541 106246 NA
15542 105910 NA
15543 105910 NA
15544 105075 NA
15545 106334 NA
15546 106334 NA
15547 106041 NA
15548 106041 NA
15549 106306 NA
15550 108147 NA
15551 108147 NA
15552 109149 NA
15553 109149 NA
15554 109521 NA
15555 109521 NA
15556 109181 NA
15557 109181 NA
15558 110493 NA
15559 110493 NA
15560 111828 NA
15561 111828 NA
15562 112885 NA
15563 112885 NA
15564 113890 NA
15565 113890 NA
15566 114828 NA
15567 112922 NA
15568 112922 NA
15569 114107 NA
15570 114814 NA
15571 114814 NA
15572 116443 NA
15573 116443 NA
15574 115641 NA
15575 115641 NA
15576 115627 NA
15577 115627 NA
15578 116460 NA
15579 117455 NA
15580 117455 NA
15581 119316 NA
15582 119316 NA
15583 120696 NA
15584 120696 NA
15585 123473 NA
15586 123473 NA
15587 128270 NA
15588 132937 NA
15589 139051 NA
15590 145839 NA
15591 153131 NA
15592 160141 NA
15593 168149 NA
15594 176557 NA
15595 184393 NA
15596 193613 NA
15597 202373 NA
15598 212400 NA
15599 212400 NA
15600 219930 NA
15601 225137 NA
15602 225137 NA
15603 227789 NA
15604 227789 NA
15605 226183 NA
15606 223634 NA
15607 223634 NA
15608 223013 NA
15609 223013 NA
15610 218750 NA
15611 218750 NA
15612 214366 NA
15613 214366 NA
15614 219008 NA
15615 229959 NA
15616 241457 NA
15617 253530 NA
15618 266207 NA
15619 279518 NA
15620 293494 NA
15621 308169 NA
15622 323578 NA
15623 339757 NA
15624 356357 NA
15625 373872 NA
15626 390763 NA
15627 408132 NA
15628 428169 NA
15629 449141 NA
15630 470250 NA
15631 485981 NA
15632 482927 NA
15633 470748 NA
15634 466303 NA
15635 463451 NA
15636 455368 NA
15637 440321 NA
15638 440321 NA
15639 425033 NA
15640 406788 NA
15641 390335 NA
15642 375291 NA
15643 369526 NA
15644 365966 NA
15645 362454 NA
15646 362454 NA
15647 360129 NA
15648 358893 NA
15649 358476 NA
15650 349708 NA
15651 340941 NA
15652 332173 NA
15653 323406 NA
15654 314638 NA
15655 305870 NA
15656 297103 NA
15657 288335 NA
15658 288335 NA
15659 275570 NA
15660 263933 NA
15661 254414 NA
15662 247616 NA
15663 238597 NA
15664 231116 NA
15665 231116 NA
15666 221174 NA
15667 221174 NA
15668 213232 NA
15669 212741 NA
15670 214393 NA
15671 216041 NA
15672 216041 NA
15673 217586 NA
15674 217586 NA
15675 223531 NA
15676 224636 NA
15677 221274 NA
15678 221274 NA
15679 216779 NA
15680 212690 NA
15681 212690 NA
15682 208424 NA
15683 205255 NA
15684 205255 NA
15685 203752 NA
15686 203752 NA
15687 201336 NA
15688 201336 NA
15689 200777 NA
15690 200777 NA
15691 199423 NA
15692 199423 NA
15693 198278 NA
15694 198278 NA
15695 200011 NA
15696 200011 NA
15697 204303 NA
15698 207244 NA
15699 214789 NA
15700 214789 NA
15701 224550 NA
15702 232886 NA
15703 244484 NA
15704 256548 NA
15705 269376 NA
15706 282843 NA
15707 290150 NA
15708 290280 NA
15709 290280 NA
15710 284449 NA
15711 284449 NA
15712 274617 NA
15713 274617 NA
15714 262006 NA
15715 262006 NA
15716 250836 NA
15717 240522 NA
15718 230996 NA
15719 220549 NA
15720 220549 NA
15721 209557 NA
15722 200098 NA
15723 191326 NA
15724 191326 NA
15725 183331 NA
15726 176393 NA
15727 168808 NA
15728 168808 NA
15729 160367 NA
15730 160367 NA
15731 152816 NA
15732 145235 NA
15733 145235 NA
15734 138596 NA
15735 138596 NA
15736 131691 NA
15737 131691 NA
15738 125176 NA
15739 125176 NA
15740 122283 NA
15741 122283 NA
15742 116743 NA
15743 116743 NA
15744 113117 NA
15745 112246 NA
15746 112246 NA
15747 113419 NA
15748 113419 NA
15749 114977 NA
15750 116275 NA
15751 116275 NA
15752 116623 NA
15753 116623 NA
15754 118600 NA
15755 118600 NA
15756 118363 NA
15757 118363 NA
15758 117858 NA
15759 117858 NA
15760 115991 NA
15761 112703 NA
15762 112703 NA
15763 108276 NA
15764 108276 NA
15765 103025 NA
15766 97873 NA
15767 97873 NA
15768 93614 NA
15769 93614 NA
15770 89064 NA
15771 89064 NA
15772 85298 NA
15773 85298 NA
15774 81931 NA
15775 81931 NA
15776 78685 NA
15777 78685 NA
15778 77030 NA
15779 77030 NA
15780 73495 NA
15781 69905 NA
15782 69905 NA
15783 66482 NA
15784 66482 NA
15785 63299 NA
15786 63299 NA
15787 60393 NA
15788 60393 NA
15789 57551 NA
15790 57551 NA
15791 55244 NA
15792 55244 NA
15793 52939 NA
15794 50654 NA
15795 48984 NA
15796 48984 NA
15797 47684 NA
15798 47090 NA
15799 46495 NA
15800 45901 NA
15801 45307 NA
15802 44713 NA
15803 44118 NA
15804 43524 NA
15805 43524 NA
15806 43156 NA
15807 43156 NA
15808 42412 NA
15809 42412 NA
15810 41929 NA
15811 41929 NA
15812 40991 NA
15813 40991 NA
15814 39714 NA
15815 38834 NA
15816 38834 NA
15817 38632 NA
15818 38632 NA
15819 39073 NA
15820 39073 NA
15821 39073 NA
15822 38785 NA
15823 38785 NA
15824 39111 NA
15825 39111 NA
15826 38889 NA
15827 38889 NA
15828 37530 NA
15829 37530 NA
15830 36200 NA
15831 36200 NA
15832 36200 NA
15833 35259 NA
15834 35259 NA
15835 35259 NA
15836 33567 NA
15837 33567 NA
15838 32043 NA
15839 32043 NA
15840 32043 NA
15841 30446 NA
15842 30446 NA
15843 30446 NA
15844 28923 NA
15845 28923 NA
15846 28923 NA
15847 27603 NA
15848 27603 NA
15849 27603 NA
15850 26314 NA
15851 26314 NA
15852 25494 NA
15853 25494 NA
15854 24369 NA
15855 24369 NA
15856 24062 NA
15857 24062 NA
15858 23734 NA
15859 23734 NA
15860 23734 NA
15861 22737 NA
15862 22737 NA
15863 22737 NA
15864 22298 NA
15865 22298 NA
15866 22298 NA
15867 21704 NA
15868 21704 NA
15869 21490 NA
15870 21490 NA
15871 21530 NA
15872 21530 NA
15873 21280 NA
15874 21280 NA
15875 21369 NA
15876 21369 NA
15877 21369 NA
15878 21336 NA
15879 21336 NA
15880 21559 NA
15881 21559 NA
15882 22079 NA
15883 22079 NA
15884 22530 NA
15885 22530 NA
15886 22468 NA
15887 22852 NA
15888 22852 NA
15889 23177 NA
15890 23177 NA
15891 23690 NA
15892 23690 NA
15893 24806 NA
15894 24806 NA
15895 25072 NA
15896 25072 NA
15897 25672 NA
15898 25672 NA
15899 26573 NA
15900 26573 NA
15901 27578 NA
15902 27578 NA
15903 28180 NA
15904 28782 NA
15905 29384 NA
15906 29986 NA
15907 30588 NA
15908 31190 NA
15909 31190 NA
15910 31968 NA
15911 31968 NA
15912 31968 NA
15913 32252 NA
15914 32252 NA
15915 32252 NA
15916 32567 NA
15917 32567 NA
15918 32567 NA
15919 32447 NA
15920 32447 NA
15921 32447 NA
15922 32789 NA
15923 32789 NA
15924 32789 NA
15925 33187 NA
15926 33187 NA
15927 33187 NA
15928 33459 NA
15929 33459 NA
15930 34164 NA
15931 34164 NA
15932 34029 NA
15933 34029 NA
15934 34029 NA
15935 34583 NA
15936 34583 NA
15937 34620 NA
15938 34620 NA
15939 34620 NA
15940 34620 NA
15941 34208 NA
15942 34208 NA
15943 34208 NA
15944 33916 NA
15945 33916 NA
15946 33916 NA
15947 33257 NA
15948 33257 NA
15949 33257 NA
15950 33160 NA
15951 33160 NA
15952 33160 NA
15953 33160 NA
15954 32836 NA
15955 32836 NA
15956 32836 NA
15957 32485 NA
15958 32485 NA
15959 32485 NA
15960 32485 NA
15961 31805 NA
15962 31805 NA
15963 31805 NA
15964 30645 NA
15965 30645 NA
15966 30645 NA
15967 30645 NA
15968 29985 NA
15969 29985 NA
15970 29985 NA
15971 29277 NA
15972 29277 NA
15973 29277 NA
15974 29277 NA
15975 28249 NA
15976 28249 NA
15977 28249 NA
15978 27521 NA
15979 27521 NA
15980 27521 NA
15981 27521 NA
15982 26440 NA
15983 26440 NA
15984 26440 NA
15985 25380 NA
15986 25214 NA
15987 25048 NA
15988 24881 NA
15989 24715 NA
15990 24549 NA
15991 24383 NA
15992 24216 NA
15993 24050 NA
15994 23409 NA
15995 23409 NA
15996 23409 NA
15997 22801 NA
15998 22801 NA
15999 22734 NA
16000 22734 NA
16001 22734 NA
16002 21731 NA
16003 21731 NA
16004 21731 NA
16005 21731 NA
16006 20952 NA
16007 20952 NA
16008 20952 NA
16009 19960 NA
16010 19960 NA
16011 19960 NA
16012 19221 NA
16013 19221 NA
16014 18374 NA
16015 18374 NA
16016 18374 NA
16017 17584 NA
16018 17584 NA
16019 17584 NA
16020 17263 NA
16021 17263 NA
16022 17263 NA
16023 16638 NA
16024 16638 NA
16025 16199 NA
16026 16199 NA
16027 15896 NA
16028 15896 NA
16029 15896 NA
16030 15486 NA
16031 15486 NA
16032 15486 NA
16033 15097 NA
16034 15097 NA
16035 15017 NA
16036 14937 NA
16037 14857 NA
16038 14778 NA
16039 14698 NA
16040 14618 NA
16041 14538 NA
16042 14137 NA
16043 14137 NA
16044 14137 NA
16045 14249 NA
16046 14249 NA
16047 14249 NA
16048 14196 NA
16049 14196 NA
16050 14196 NA
16051 14198 NA
16052 14198 NA
16053 14198 NA
16054 14326 NA
16055 14326 NA
16056 14326 NA
16057 14377 NA
16058 14377 NA
16059 14377 NA
16060 14840 NA
16061 14840 NA
16062 14840 NA
16063 15142 NA
16064 15142 NA
16065 15142 NA
16066 15724 NA
16067 15724 NA
16068 16437 NA
16069 16437 NA
16070 16437 NA
16071 17095 NA
16072 17095 NA
16073 17613 NA
16074 17613 NA
16075 17853 NA
16076 17853 NA
16077 17908 NA
16078 17908 NA
16079 17908 NA
16080 17214 NA
16081 17214 NA
16082 17214 NA
16083 16462 NA
16084 16462 NA
16085 16462 NA
16086 15877 NA
16087 15877 NA
16088 15877 NA
16089 15571 NA
16090 15571 NA
16091 15571 NA
16092 15056 NA
16093 15056 NA
16094 15056 NA
16095 14759 NA
16096 14759 NA
16097 14941 NA
16098 14941 NA
16099 14941 NA
16100 15114 NA
16101 15114 NA
16102 15114 NA
16103 15369 NA
16104 15369 NA
16105 15369 NA
16106 15389 NA
16107 15389 NA
16108 15389 NA
16109 15350 NA
16110 15350 NA
16111 15350 NA
16112 15161 NA
16113 15161 NA
16114 15161 NA
16115 15054 NA
16116 15054 NA
16117 15054 NA
16118 15284 NA
16119 15284 NA
16120 15284 NA
16121 15387 NA
16122 15387 NA
16123 15387 NA
16124 15387 NA
16125 15368 NA
16126 15368 NA
16127 15368 NA
16128 15684 NA
16129 15684 NA
16130 15946 NA
16131 15946 NA
16132 15946 NA
16133 16015 NA
16134 16015 NA
16135 16015 NA
16136 16227 NA
16137 16227 NA
16138 16227 NA
16139 16270 NA
16140 16270 NA
16141 16270 NA
16142 16270 NA
16143 16188 NA
16144 16188 NA
16145 16188 NA
16146 16262 NA
16147 16262 NA
16148 16262 NA
16149 16282 NA
16150 16282 NA
16151 16282 NA
16152 16504 NA
16153 16504 NA
16154 16504 NA
16155 16618 NA
16156 16618 NA
16157 16618 NA
16158 16726 NA
16159 16726 NA
16160 17008 NA
16161 17008 NA
16162 17008 NA
16163 17008 NA
16164 17132 NA
16165 17132 NA
16166 17132 NA
16167 17261 NA
16168 17261 NA
16169 17261 NA
16170 17295 NA
16171 17295 NA
16172 17295 NA
16173 17176 NA
16174 17176 NA
16175 17176 NA
16176 17152 NA
16177 17152 NA
16178 17152 NA
16179 17163 NA
16180 17163 NA
16181 17163 NA
16182 17488 NA
16183 17488 NA
16184 17488 NA
16185 17895 NA
16186 17895 NA
16187 17895 NA
16188 18005 NA
16189 18005 NA
16190 18005 NA
16191 18005 NA
16192 17794 NA
16193 17794 NA
16194 17794 NA
16195 17794 NA
16196 17981 NA
16197 17981 NA
16198 17981 NA
16199 17981 NA
16200 18051 NA
16201 18051 NA
16202 18004 NA
16203 17957 NA
16204 17957 NA
16205 17957 NA
16206 17957 NA
16207 17957 NA
16208 17957 NA
16209 17957 NA
16210 17272 NA
16211 17272 NA
16212 17272 NA
16213 17272 NA
16214 17224 NA
16215 17224 NA
16216 17224 NA
16217 17240 NA
16218 17240 NA
16219 17240 NA
16220 17240 NA
16221 17107 NA
16222 17107 NA
16223 17107 NA
16224 17221 NA
16225 17221 NA
16226 17221 NA
16227 17221 NA
16228 17434 NA
16229 17434 NA
16230 17434 NA
16231 17613 NA
16232 17613 NA
16233 17613 NA
16234 17613 NA
16235 17983 NA
16236 17983 NA
16237 17983 NA
16238 18416 NA
16239 18416 NA
16240 18416 NA
16241 18416 NA
16242 18926 NA
16243 18926 NA
16244 18926 NA
16245 19501 NA
16246 19501 NA
16247 19501 NA
16248 19793 NA
16249 19793 NA
16250 19793 NA
16251 20274 NA
16252 20274 NA
16253 20274 NA
16254 20799 NA
16255 20799 NA
16256 21501 NA
16257 21501 NA
16258 21501 NA
16259 22024 NA
16260 22024 NA
16261 22024 NA
16262 22024 NA
16263 22387 NA
16264 22387 NA
16265 22736 NA
16266 22736 NA
16267 22736 NA
16268 22736 NA
16269 22755 NA
16270 22755 NA
16271 22755 NA
16272 22999 NA
16273 22999 NA
16274 22999 NA
16275 23331 NA
16276 23331 NA
16277 23331 NA
16278 23986 NA
16279 23986 NA
16280 23969 NA
16281 23969 NA
16282 23851 NA
16283 23851 NA
16284 23851 NA
16285 24085 NA
16286 24085 NA
16287 24085 NA
16288 23944 NA
16289 23944 NA
16290 23944 NA
16291 24251 NA
16292 24251 NA
16293 24251 NA
16294 24349 NA
16295 24349 NA
16296 23434 NA
16297 23434 NA
16298 23434 NA
16299 23313 NA
16300 23313 NA
16301 23873 NA
16302 23873 NA
16303 23873 NA
16304 24174 NA
16305 24174 NA
16306 24754 NA
16307 24754 NA
16308 25217 NA
16309 25217 NA
16310 25986 NA
16311 25986 NA
16312 25986 NA
16313 26787 NA
16314 26787 NA
16315 27536 NA
16316 27536 NA
16317 27536 NA
16318 28791 NA
16319 28791 NA
16320 29816 NA
16321 29816 NA
16322 30740 NA
16323 30740 NA
16324 30740 NA
16325 32000 NA
16326 32000 NA
16327 32427 NA
16328 32427 NA
16329 33419 NA
16330 33419 NA
16331 33419 NA
16332 34486 NA
16333 35654 NA
16334 35654 NA
16335 36645 NA
16336 36645 NA
16337 36645 NA
16338 37557 NA
16339 39095 NA
16340 39095 NA
16341 39990 NA
16342 39990 NA
16343 40716 NA
16344 40716 NA
16345 40716 NA
16346 41190 NA
16347 41190 NA
16348 41190 NA
16349 41433 NA
16350 41433 NA
16351 41433 NA
16352 42229 NA
16353 42229 NA
16354 42229 NA
16355 41178 NA
16356 41178 NA
16357 41178 NA
16358 41514 NA
16359 41514 NA
16360 41514 NA
16361 41760 NA
16362 41760 NA
16363 41760 NA
16364 41449 NA
16365 41449 NA
16366 41449 NA
16367 41449 NA
16368 40815 NA
16369 40815 NA
16370 40815 NA
16371 40102 NA
16372 40102 NA
16373 40102 NA
16374 38686 NA
16375 38686 NA
16376 38686 NA
16377 38686 NA
16378 37791 NA
16379 37791 NA
16380 37791 NA
16381 37791 NA
16382 37296 NA
16383 37296 NA
16384 37296 NA
16385 37267 NA
16386 37267 NA
16387 37267 NA
16388 37046 NA
16389 37046 NA
16390 37046 NA
16391 37236 NA
16392 37236 NA
16393 37236 NA
16394 37236 NA
16395 37263 NA
16396 37263 NA
16397 37263 NA
16398 37035 NA
16399 37035 NA
16400 37035 NA
16401 37394 NA
16402 37394 NA
16403 37394 NA
16404 37323 NA
16405 37323 NA
16406 37323 NA
16407 37734 NA
16408 37734 NA
16409 37734 NA
16410 37734 NA
16411 37994 NA
16412 37994 NA
16413 37994 NA
16414 37994 NA
16415 39036 NA
16416 39036 NA
16417 39036 NA
16418 39915 NA
16419 39915 NA
16420 39915 NA
16421 39915 NA
16422 40348 NA
16423 40348 NA
16424 40348 NA
16425 40660 NA
16426 40660 NA
16427 40660 NA
16428 41056 NA
16429 41056 NA
16430 41056 NA
16431 41816 NA
16432 41816 NA
16433 41816 NA
16434 42365 NA
16435 42365 NA
16436 42365 NA
16437 43157 NA
16438 43157 NA
16439 43713 NA
16440 43713 NA
16441 43713 NA
16442 44115 NA
16443 44115 NA
16444 44115 NA
16445 44363 NA
16446 44363 NA
16447 44363 NA
16448 44040 NA
16449 44040 NA
16450 44040 NA
16451 44040 NA
16452 43972 NA
16453 43972 NA
16454 43972 NA
16455 43415 NA
16456 43415 NA
16457 43415 NA
16458 43415 NA
16459 43017 NA
16460 43017 NA
16461 43017 NA
16462 42379 NA
16463 42379 NA
16464 42379 NA
16465 42379 NA
16466 41250 NA
16467 41250 NA
16468 41250 NA
16469 39560 NA
16470 39560 NA
16471 39560 NA
16472 37910 NA
16473 37910 NA
16474 37910 NA
16475 36846 NA
16476 36846 NA
16477 36846 NA
16478 36846 NA
16479 35461 NA
16480 35461 NA
16481 35461 NA
16482 34934 NA
16483 34934 NA
16484 34934 NA
16485 33935 NA
16486 33935 NA
16487 33935 NA
16488 33935 NA
16489 33935 NA
16490 32687 NA
16491 32687 NA
16492 32687 NA
16493 31952 NA
16494 31952 NA
16495 31952 NA
16496 31750 NA
16497 31750 NA
16498 31750 NA
16499 31989 NA
16500 31989 NA
16501 31989 NA
16502 31619 NA
16503 31619 NA
16504 31619 NA
16505 31484 NA
16506 31484 NA
16507 31484 NA
16508 32105 NA
16509 32105 NA
16510 32105 NA
16511 32710 NA
16512 32710 NA
16513 32710 NA
16514 32088 NA
16515 32088 NA
16516 32088 NA
16517 32190 NA
16518 32190 NA
16519 32190 NA
16520 32190 NA
16521 32190 NA
16522 32615 NA
16523 32615 NA
16524 32615 NA
16525 32985 NA
16526 32985 NA
16527 32985 NA
16528 32985 NA
16529 33603 NA
16530 33603 NA
16531 33603 NA
16532 34081 NA
16533 34081 NA
16534 34081 NA
16535 34081 NA
16536 34295 NA
16537 34295 NA
16538 34295 NA
16539 34295 NA
16540 34384 NA
16541 34384 NA
16542 34384 NA
16543 34384 NA
16544 34037 NA
16545 34037 NA
16546 34037 NA
16547 34037 NA
16548 34037 NA
16549 34361 NA
16550 34361 NA
16551 34361 NA
16552 34773 NA
16553 34773 NA
16554 34773 NA
16555 34444 NA
16556 34444 NA
16557 34444 NA
16558 34444 NA
16559 34355 NA
16560 34355 NA
16561 34355 NA
16562 34355 NA
16563 34395 NA
16564 34395 NA
16565 34395 NA
16566 34395 NA
16567 33553 NA
16568 33553 NA
16569 33553 NA
16570 33553 NA
16571 32948 NA
16572 32948 NA
16573 32948 NA
16574 32948 NA
16575 32509 NA
16576 32509 NA
16577 32509 NA
16578 32509 NA
16579 32400 NA
16580 32400 NA
16581 32400 NA
16582 32400 NA
16583 31941 NA
16584 31941 NA
16585 31941 NA
16586 31941 NA
16587 31452 NA
16588 31452 NA
16589 31452 NA
16590 31452 NA
16591 31452 NA
16592 30663 NA
16593 30663 NA
16594 30663 NA
16595 30663 NA
16596 29717 NA
16597 29717 NA
16598 29717 NA
16599 29717 NA
16600 29207 NA
16601 29207 NA
16602 29207 NA
16603 29207 NA
16604 29207 NA
16605 28494 NA
16606 28494 NA
16607 28494 NA
16608 28494 NA
16609 28179 NA
16610 28179 NA
16611 28179 NA
16612 28179 NA
16613 28179 NA
16614 28063 NA
16615 28063 NA
16616 28063 NA
16617 28063 NA
16618 27908 NA
16619 27908 NA
16620 27908 NA
16621 27908 NA
16622 27712 NA
16623 27712 NA
16624 27712 NA
16625 27712 NA
16626 27365 NA
16627 27365 NA
16628 27365 NA
16629 27365 NA
16630 26901 NA
16631 26901 NA
16632 26901 NA
16633 25839 NA
16634 25839 NA
16635 25839 NA
16636 24970 NA
16637 24970 NA
16638 24970 NA
16639 24970 NA
16640 24603 NA
16641 24603 NA
16642 24603 NA
16643 24286 NA
16644 24286 NA
16645 24286 NA
16646 23982 NA
16647 23982 NA
16648 23982 NA
16649 23982 NA
16650 23925 NA
16651 23925 NA
16652 23925 NA
16653 23925 NA
16654 22952 NA
16655 22952 NA
16656 22952 NA
16657 22952 NA
16658 22296 NA
16659 22296 NA
16660 22296 NA
16661 22296 NA
16662 21854 NA
16663 21854 NA
16664 21854 NA
16665 21562 NA
16666 21562 NA
16668 21562 NA
16669 21562 NA
16670 21115 NA
16671 21115 NA
16672 21115 NA
16673 21115 NA
16674 20673 NA
16675 20673 NA
16676 20673 NA
16677 20673 NA
16678 19701 NA
16679 19701 NA
16680 19701 NA
16681 19701 NA
16682 18970 NA
16683 19009 NA
16684 19249 NA
16685 19249 NA
16686 19249 NA
16687 19249 NA
16688 19249 NA
16689 18707 NA
16690 18601 NA
16691 19045 NA
16692 19045 NA
16693 19045 NA
16694 19038 NA
16695 19038 NA
16696 19038 NA
16697 18940 NA
16698 18940 NA
16699 18940 NA
16700 19369 NA
16701 19369 NA
16702 19369 NA
16703 19369 NA
16704 19373 NA
16705 19373 NA
16706 19088 NA
16707 19088 NA
16708 19088 NA
16709 18994 NA
16710 18994 NA
16711 18994 NA
16712 18994 NA
16714 18916 NA
16717 18916 NA
16719 19026 NA
16720 19026 NA
16721 19026 NA
16722 18719 NA
16723 18719 NA
16724 18719 NA
16725 18719 NA
16726 18806 NA
16727 18806 NA
16728 18806 NA
16729 18806 NA
16730 18806 NA
16731 19281 NA
16732 19281 NA
16733 19281 NA
16734 19281 NA
16735 19607 NA
16736 19607 NA
16737 19607 NA
16738 19607 NA
16739 19567 NA
16740 19567 NA
16741 19567 NA
16742 19567 NA
16743 19514 NA
16744 19514 NA
16745 19514 NA
16746 19514 NA
16747 19514 NA
16748 19514 NA
16749 19543 NA
16750 19543 NA
16751 19543 NA
16752 19543 NA
16753 19543 NA
16754 19453 NA
16755 19453 NA
16756 19453 NA
16757 19453 NA
16759 19453 NA
16760 19201 NA
16761 19201 NA
16762 19201 NA
16763 19201 NA
16764 19201 NA
16765 18597 NA
16766 18597 NA
16767 18597 NA
16768 18597 NA
16769 18597 NA
16770 18590 NA
16771 18900 NA
16772 18900 NA
16773 18900 NA
16774 19025 NA
16775 19025 NA
16776 19025 NA
16777 19562 NA
16778 19562 NA
16779 19562 NA
16780 19562 NA
16781 20077 NA
16782 20077 NA
16783 20077 NA
16784 20201 NA
16785 20201 NA
16786 20201 NA
16787 20201 NA
16788 20413 NA
16789 20413 NA
16790 20413 NA
16791 20747 NA
16792 20747 NA
16793 20747 NA
16794 21164 NA
16795 21164 NA
16796 21164 NA
16797 21935 NA
16798 21935 NA
16799 21935 NA
16800 22313 NA
16801 22313 NA
16802 22313 NA
16803 23033 NA
16804 23033 NA
16805 23033 NA
16807 23774 NA
16808 23774 NA
16809 23774 NA
16810 24532 NA
16811 24532 NA
16812 24532 NA
16813 25083 NA
16814 25083 NA
16815 25083 NA
16816 25083 NA
16817 25232 NA
16818 25232 NA
16819 25232 NA
16820 25232 NA
16821 25595 NA
16822 25595 NA
16823 25595 NA
16824 25595 NA
16825 25912 NA
16826 25912 NA
16827 25912 NA
16828 25773 NA
16829 25773 NA
16830 25773 NA
16831 25773 NA
16832 25773 NA
16833 26108 NA
16834 26108 NA
16835 26108 NA
16836 26108 NA
16837 25932 NA
16838 25932 NA
16839 25932 NA
16840 25932 NA
16841 25932 NA
16842 25931 NA
16843 25931 NA
16844 25931 NA
16845 25931 NA
16846 25931 NA
16847 25916 NA
16848 25916 NA
16849 25916 NA
16850 25916 NA
16851 26238 NA
16852 26238 NA
16853 26238 NA
16854 26238 NA
16855 26312 NA
16856 26312 NA
16857 26312 NA
16858 26312 NA
16859 26312 NA
16860 26312 NA
16861 26390 NA
16862 26390 NA
16863 26390 NA
16864 26390 NA
16865 26991 NA
16866 26991 NA
16867 26991 NA
16869 26864 NA
16870 26864 NA
16871 26864 NA
16872 26864 NA
16873 27077 NA
16874 27077 NA
16875 27077 NA
16876 26252 NA
16877 26252 NA
16878 26252 NA
16879 26252 NA
16880 26017 NA
16881 26017 NA
16882 26017 NA
16883 26140 NA
16884 26140 NA
16885 26140 NA
16886 25772 NA
16887 25772 NA
16888 25772 NA
16889 25772 NA
16890 25930 NA
16891 25930 NA
16892 25930 NA
16893 25930 NA
16894 25065 NA
16895 25065 NA
16896 25065 NA
16897 25065 NA
16898 24518 NA
16899 24518 NA
16900 24518 NA
16901 24518 NA
16902 24518 NA
16903 24379 NA
16904 24379 NA
16905 24379 NA
16906 24379 NA
16907 24379 NA
16908 24621 NA
16909 24621 NA
16910 24621 NA
16911 24621 NA
16912 24390 NA
16913 24390 NA
16914 24390 NA
16915 24390 NA
16916 24390 NA
16917 24170 NA
16918 24170 NA
16919 24170 NA
16920 24170 NA
16921 23828 NA
16922 23828 NA
16923 23828 NA
16924 23828 NA
16925 23382 NA
16926 23382 NA
16927 23382 NA
16928 23382 NA
16929 22884 NA
16930 22884 NA
16931 22884 NA
16932 22884 NA
16933 22319 NA
16934 22319 NA
16935 22319 NA
16936 22319 NA
16937 22319 NA
16938 22308 NA
16939 22308 NA
16940 22308 NA
16941 22308 NA
16942 22303 NA
16943 22303 NA
16944 22303 NA
16945 22303 NA
16946 22271 NA
16947 22271 NA
16948 22271 NA
16949 22271 NA
16950 22271 NA
16951 22535 NA
16952 22535 NA
16953 22535 NA
16954 22535 NA
16955 22717 NA
16956 22717 NA
16957 22717 NA
16958 22717 NA
16959 23079 NA
16960 23079 NA
16961 23079 NA
16966 22513 NA
16968 22402 NA
16969 22402 NA
16970 22402 NA
16971 22293 NA
16972 22293 NA
16973 22293 NA
16974 22293 NA
16975 22712 NA
16976 22712 NA
16977 22712 NA
16978 22444 NA
16979 22444 NA
16980 22444 NA
16981 22444 NA
16982 21912 NA
16984 22513 NA
16985 22513 NA
16986 22513 NA
16987 22778 NA
16988 22778 NA
16989 22778 NA
16990 23065 NA
16991 23065 NA
16992 23065 NA
16993 23065 NA
16994 23065 NA
16998 23349 NA
16999 23349 NA
17000 23385 NA
17001 23385 NA
17002 23385 NA
17006 23010 NA
17007 23010 NA
17012 23212 NA
17014 22413 NA
17015 22413 NA
17016 22579 NA
17017 22579 NA
17018 22579 NA
17019 22579 NA
17020 22601 NA
17021 22601 NA
17022 22601 NA
17023 22601 NA
17024 22511 NA
17025 22511 NA
17026 22511 NA
17027 22511 NA
17028 22511 NA
17029 22127 NA
17031 22127 NA
17032 22127 NA
17033 22127 NA
17034 21780 NA
17035 21780 NA
17036 21780 NA
17037 21780 NA
17038 21780 NA
17039 21734 NA
17040 21734 NA
17042 21734 NA
17044 21655 NA
17045 21655 NA
17046 21655 NA
17047 21924 NA
17048 21924 NA
17049 21924 NA
17050 21924 NA
17051 22056 NA
17052 22056 NA
17053 22056 NA
17054 22056 NA
17055 22056 NA
17056 22144 NA
17057 22144 NA
17058 22144 NA
17059 22144 NA
17060 22144 NA
17061 22369 NA
17062 22369 NA
17063 22369 NA
17064 22369 NA
17069 21873 NA
17070 21873 NA
17071 21873 NA
17072 20841 NA
17073 20841 NA
17075 20841 NA
17076 20939 NA
17077 20939 NA
17078 20939 NA
17079 20939 NA
17080 20939 NA
17081 20785 NA
17083 20785 NA
17084 20785 NA
17085 20746 NA
17086 20746 NA
17087 20746 NA
17088 20746 NA
17089 20195 NA
17091 20195 NA
17092 20195 NA
17093 20195 NA
17094 20069 NA
17095 20069 NA
17096 20069 NA
17097 20069 NA
17098 20069 NA
17099 20190 NA
17100 20190 NA
17101 20190 NA
17102 20190 NA
17103 20190 NA
17104 20022 NA
17105 20022 NA
17106 20022 NA
17107 20022 NA
17108 20022 NA
17109 19990 NA
17110 19990 NA
17111 19990 NA
17112 19990 NA
17113 19990 NA
17114 19753 NA
17115 19753 NA
17117 19753 NA
17118 19753 NA
17119 19348 NA
17123 19348 NA
17124 19348 NA
17125 18438 NA
17126 18438 NA
17127 18438 NA
17129 18438 NA
17130 17730 NA
17131 17730 NA
17132 17730 NA
17133 17730 NA
17134 17730 NA
17135 17711 NA
17136 17711 NA
17138 17711 NA
17139 17711 NA
17140 17536 NA
17141 17536 NA
17142 17536 NA
17143 17536 NA
17144 17536 NA
17145 17512 NA
17146 17512 NA
17147 17512 NA
17148 17512 NA
17149 17512 NA
