"Index" "Price" "Volume"
14019 800 NA
14020 800 NA
14021 800 NA
14022 800 NA
14023 800 NA
14024 800 NA
14025 800 NA
14026 800 NA
14027 800 NA
14028 800 NA
14029 800 NA
14030 800 NA
14031 800 NA
14032 800 NA
14033 800 NA
14034 800 NA
14035 800 NA
14036 800 NA
14037 800 NA
14038 800 NA
14039 800 NA
14040 800 NA
14041 800 NA
14042 800 NA
14043 800 NA
14044 800 NA
14045 800 NA
14046 800 NA
14047 800 NA
14048 800 NA
14049 800 NA
14050 800 NA
14051 800 NA
14052 800 NA
14053 800 NA
14054 800 NA
14055 840 NA
14056 840 NA
14057 840 NA
14058 840 NA
14059 840 NA
14060 840 NA
14061 840 NA
14062 840 NA
14063 840 NA
14064 840 NA
14065 840 NA
14066 840 NA
14067 840 NA
14068 840 NA
14069 840 NA
14070 840 NA
14071 840 NA
14072 840 NA
14073 840 NA
14074 840 NA
14075 840 NA
14076 840 NA
14077 840 NA
14078 840 NA
14079 840 NA
14080 840 NA
14081 840 NA
14082 840 NA
14083 840 NA
14084 840 NA
14085 840 NA
14086 840 NA
14087 840 NA
14088 840 NA
14089 840 NA
14090 840 NA
14091 840 NA
14092 840 NA
14093 840 NA
14094 840 NA
14095 840 NA
14096 840 NA
14097 840 NA
14098 840 NA
14099 840 NA
14100 840 NA
14101 840 NA
14102 840 NA
14103 840 NA
14104 882 NA
14105 882 NA
14106 882 NA
14107 926 NA
14108 926 NA
14109 973 NA
14110 973 NA
14111 973 NA
14112 973 NA
14113 973 NA
14114 1022 NA
14115 1022 NA
14116 1022 NA
14117 1022 NA
14118 1022 NA
14119 1072 NA
14120 1072 NA
14121 1072 NA
14122 1126 NA
14123 1126 NA
14124 1126 NA
14125 1126 NA
14126 1126 NA
14127 1126 NA
14128 1126 NA
14129 1183 NA
14130 1183 NA
14131 1183 NA
14132 1183 NA
14133 1183 NA
14134 1183 NA
14135 1242 NA
14136 1242 NA
14137 1242 NA
14138 1242 NA
14139 1242 NA
14140 1242 NA
14141 1305 NA
14142 1305 NA
14143 1305 NA
14144 1305 NA
14145 1367 NA
14146 1367 NA
14147 1367 NA
14148 1367 NA
14149 1436 NA
14150 1436 NA
14151 1436 NA
14152 1436 NA
14153 1436 NA
14154 1436 NA
14155 1508 NA
14156 1508 NA
14157 1508 NA
14158 1572 NA
14159 1572 NA
14160 1572 NA
14161 1572 NA
14162 1572 NA
14163 1650 NA
14164 1650 NA
14165 1650 NA
14166 1733 NA
14167 1733 NA
14168 1820 NA
14169 1820 NA
14170 1911 NA
14171 2004 NA
14172 2004 NA
14173 2004 NA
14174 2103 NA
14175 2103 NA
14176 2103 NA
14177 2195 NA
14178 2195 NA
14179 2195 NA
14180 2300 NA
14181 2300 NA
14182 2300 NA
14183 2300 NA
14184 2382 NA
14185 2382 NA
14186 2382 NA
14187 2477 NA
14188 2477 NA
14189 2477 NA
14190 2477 NA
14191 2599 NA
14192 2599 NA
14193 2728 NA
14194 2728 NA
14195 2728 NA
14196 2728 NA
14197 2838 NA
14198 2838 NA
14199 2977 NA
14200 2977 NA
14201 3118 NA
14202 3118 NA
14203 3118 NA
14204 3269 NA
14205 3269 NA
14206 3269 NA
14207 3432 NA
14208 3432 NA
14209 3432 NA
14210 3588 NA
14211 3588 NA
14212 3588 NA
14213 3766 NA
14214 3766 NA
14215 3766 NA
14216 3766 NA
14217 3766 NA
14218 3930 NA
14219 3930 NA
14220 4113 NA
14221 4113 NA
14222 4113 NA
14223 4113 NA
14224 4313 NA
14225 4313 NA
14226 4313 NA
14227 4514 NA
14228 4514 NA
14229 4514 NA
14230 4622 NA
14231 4622 NA
14232 4564 NA
14233 4564 NA
14234 4778 NA
14235 4864 NA
14236 4864 NA
14237 5080 NA
14238 5080 NA
14239 5080 NA
14240 5080 NA
14241 5290 NA
14242 5548 NA
14243 5548 NA
14244 5804 NA
14245 5804 NA
14246 6069 NA
14247 6069 NA
14248 6213 NA
14249 6213 NA
14250 6213 NA
14251 5927 NA
14252 5927 NA
14253 5927 NA
14254 5690 NA
14255 5690 NA
14256 5746 NA
14257 5746 NA
14258 5746 NA
14259 5586 NA
14260 5586 NA
14261 5408 NA
14262 5337 NA
14263 5337 NA
14264 5352 NA
14265 5233 NA
14266 5233 NA
14267 5233 NA
14268 5233 NA
14269 5118 NA
14270 5118 NA
14271 5070 NA
14272 5046 NA
14273 5046 NA
14274 5046 NA
14275 4934 NA
14276 4934 NA
14277 4934 NA
14278 4962 NA
14279 4962 NA
14280 4736 NA
14281 4736 NA
14282 4721 NA
14283 4721 NA
14284 4721 NA
14285 4742 NA
14286 4742 NA
14287 4742 NA
14288 4680 NA
14289 4680 NA
14290 4561 NA
14291 4561 NA
14292 4530 NA
14293 4530 NA
14294 4600 NA
14295 4600 NA
14296 4810 NA
14297 4810 NA
14298 5014 NA
14299 5014 NA
14300 5169 NA
14301 5169 NA
14302 5278 NA
14303 5509 NA
14304 5509 NA
14305 5463 NA
14306 5463 NA
14307 5544 NA
14308 5544 NA
14309 5544 NA
14310 5574 NA
14311 5483 NA
14312 5483 NA
14313 5465 NA
14314 5465 NA
14315 5465 NA
14316 5494 NA
14317 5494 NA
14318 5524 NA
14319 5645 NA
14320 5645 NA
14321 5663 NA
14322 5663 NA
14323 5569 NA
14324 5569 NA
14325 5480 NA
14326 5480 NA
14327 5420 NA
14328 5420 NA
14329 5552 NA
14330 5552 NA
14331 5552 NA
14332 5668 NA
14333 5668 NA
14334 5893 NA
14335 5893 NA
14336 6097 NA
14337 6097 NA
14338 6181 NA
14339 6328 NA
14340 6328 NA
14341 6618 NA
14342 6739 NA
14343 7066 NA
14344 7066 NA
14345 7360 NA
14346 7611 NA
14347 7611 NA
14348 7611 NA
14349 7936 NA
14350 8304 NA
14351 8304 NA
14352 8304 NA
14353 8682 NA
14354 8682 NA
14355 9068 NA
14356 9068 NA
14357 9440 NA
14358 9440 NA
14359 9853 NA
14360 9853 NA
14361 10300 NA
14362 10700 NA
14363 10700 NA
14364 11100 NA
14365 11100 NA
14366 11500 NA
14367 11800 NA
14368 11800 NA
14369 12300 NA
14370 12300 NA
14371 12700 NA
14372 13200 NA
14373 13200 NA
14374 13600 NA
14375 13900 NA
14376 14500 NA
14377 15000 NA
14378 15500 NA
14379 15900 NA
14380 15900 NA
14381 15200 NA
14382 14500 NA
14383 13700 NA
14384 13100 NA
14385 12400 NA
14386 11800 NA
14387 11200 NA
14388 10600 NA
14389 9605 NA
14390 8668 NA
14391 8668 NA
14392 8182 NA
14393 8182 NA
14394 8077 NA
14395 7693 NA
14396 7309 NA
14397 6943 NA
14398 6943 NA
14399 6266 NA
14400 5953 NA
14401 5953 NA
14402 5655 NA
14403 5506 NA
14404 5506 NA
14405 5961 NA
14406 6244 NA
14407 6395 NA
14408 6395 NA
14409 6612 NA
14410 6310 NA
14411 5999 NA
14412 5419 NA
14413 5285 NA
14414 5285 NA
14415 5186 NA
14416 4930 NA
14417 4709 NA
14418 4586 NA
14419 4533 NA
14420 4512 NA
14421 4512 NA
14422 4316 NA
14423 4141 NA
14424 4141 NA
14425 4030 NA
14426 3852 NA
14427 3704 NA
14428 3606 NA
14429 3878 NA
14430 3878 NA
14431 3824 NA
14432 3481 NA
14433 3647 NA
14434 3647 NA
14435 3820 NA
14436 4124 NA
14437 4124 NA
14438 4188 NA
14439 4031 NA
14440 3829 NA
14441 3660 NA
14442 3660 NA
14443 3614 NA
14444 3723 NA
14445 3723 NA
14446 3777 NA
14447 3842 NA
14448 3842 NA
14449 3974 NA
14450 4164 NA
14451 4372 NA
14452 4551 NA
14453 4551 NA
14454 4112 NA
14455 4112 NA
14456 3944 NA
14457 3944 NA
14458 3859 NA
14459 3712 NA
14460 3712 NA
14461 3668 NA
14462 3668 NA
14463 3518 NA
14464 3676 NA
14465 3849 NA
14466 4039 NA
14467 4233 NA
14468 4434 NA
14469 4623 NA
14470 4623 NA
14471 4834 NA
14472 5061 NA
14473 5061 NA
14474 5464 NA
14475 5579 NA
14476 5579 NA
14477 5832 NA
14478 5832 NA
14479 6030 NA
14480 6312 NA
14481 6625 NA
14482 6625 NA
14483 6874 NA
14484 6874 NA
14485 7171 NA
14486 7321 NA
14487 7345 NA
14488 7701 NA
14489 8064 NA
14490 8462 NA
14491 8462 NA
14492 8875 NA
14493 8875 NA
14494 9304 NA
14495 9304 NA
14496 9756 NA
14497 9756 NA
14498 10200 NA
14499 10600 NA
14500 11000 NA
14501 11600 NA
14502 11600 NA
14503 12100 NA
14504 12700 NA
14505 12700 NA
14506 13100 NA
14507 13600 NA
14508 14200 NA
14509 14900 NA
14510 15500 NA
14511 15500 NA
14512 16200 NA
14513 16200 NA
14514 17000 NA
14515 17800 NA
14516 17800 NA
14517 18500 NA
14518 18500 NA
14519 19300 NA
14520 19300 NA
14521 20100 NA
14522 21200 NA
14523 21200 NA
14524 20100 NA
14525 20000 NA
14526 20500 NA
14527 20900 NA
14528 22100 NA
14529 22100 NA
14530 23400 NA
14531 23400 NA
14532 21000 NA
14533 19900 NA
14534 19900 NA
14535 18000 NA
14536 17100 NA
14537 16300 NA
14538 14900 NA
14539 14200 NA
14540 14200 NA
14541 13500 NA
14542 12600 NA
14543 11500 NA
14544 10900 NA
14545 9751 NA
14546 9263 NA
14547 8492 NA
14548 7946 NA
14549 7548 NA
14550 7633 NA
14551 7857 NA
14552 8015 NA
14553 7776 NA
14554 7776 NA
14555 7074 NA
14556 7074 NA
14557 6865 NA
14558 6798 NA
14559 6992 NA
14560 6992 NA
14561 7202 NA
14562 7202 NA
14563 7413 NA
14564 7512 NA
14565 7136 NA
14566 7136 NA
14567 7136 NA
14568 6779 NA
14569 6871 NA
14570 7146 NA
14571 7146 NA
14572 7423 NA
14573 7423 NA
14574 7638 NA
14575 7638 NA
14576 7280 NA
14577 6933 NA
14578 6599 NA
14579 6599 NA
14580 6599 NA
14581 6284 NA
14582 6068 NA
14583 6068 NA
14584 6313 NA
14585 6393 NA
14586 6393 NA
14587 6393 NA
14588 6414 NA
14589 6414 NA
14590 6651 NA
14591 6799 NA
14592 6799 NA
14593 6566 NA
14594 6566 NA
14595 6299 NA
14596 6299 NA
14597 6412 NA
14598 6721 NA
14599 7056 NA
14600 7056 NA
14601 7402 NA
14602 7494 NA
14603 7789 NA
14604 8515 NA
14605 8902 NA
14606 8902 NA
14607 9341 NA
14608 9341 NA
14609 9804 NA
14610 9804 NA
14611 10100 NA
14612 10100 NA
14613 10600 NA
14614 10700 NA
14615 10700 NA
14616 11200 NA
14617 11700 NA
14618 12000 NA
14619 11500 NA
14620 11500 NA
14621 10500 NA
14622 10500 NA
14623 9861 NA
14624 9861 NA
14625 9305 NA
14626 8840 NA
14627 8840 NA
14628 8118 NA
14629 7835 NA
14630 7835 NA
14631 7485 NA
14632 7485 NA
14633 7195 NA
14634 7195 NA
14635 7517 NA
14636 7859 NA
14637 8185 NA
14638 8586 NA
14639 8959 NA
14640 9349 NA
14641 9349 NA
14642 9349 NA
14643 9788 NA
14644 9788 NA
14645 10300 NA
14646 10100 NA
14647 9950 NA
14648 10400 NA
14649 10400 NA
14650 9902 NA
14651 9580 NA
14653 9198 NA
14654 8490 NA
14655 8066 NA
14656 8066 NA
14657 7924 NA
14658 7386 NA
14659 7017 NA
14660 7017 NA
14661 6774 NA
14662 7118 NA
14663 7118 NA
14664 7308 NA
14665 7375 NA
14666 7009 NA
14667 7009 NA
14668 6673 NA
14669 6358 NA
14670 6358 NA
14671 6189 NA
14672 5936 NA
14673 5936 NA
14674 5696 NA
14675 5962 NA
14676 6074 NA
14677 6343 NA
14678 6343 NA
14679 6184 NA
14680 6184 NA
14681 6064 NA
14682 5870 NA
14683 5870 NA
14684 5870 NA
14685 6034 NA
14686 6034 NA
14687 6332 NA
14688 6332 NA
14689 6642 NA
14690 6631 NA
14691 6299 NA
14692 6299 NA
14693 6002 NA
14694 5739 NA
14695 5739 NA
14696 5453 NA
14697 5259 NA
14698 5522 NA
14699 5413 NA
14700 5162 NA
14701 4921 NA
14702 4711 NA
14703 4558 NA
14704 4364 NA
14705 4236 NA
14706 4236 NA
14707 4248 NA
14708 4551 NA
14709 4551 NA
14710 4779 NA
14711 5012 NA
14712 4960 NA
14713 4960 NA
14714 4960 NA
14715 4714 NA
14716 4714 NA
14717 4490 NA
14718 4351 NA
14719 4351 NA
14720 4348 NA
14721 4348 NA
14722 4160 NA
14723 4160 NA
14724 3966 NA
14725 3922 NA
14726 3782 NA
14727 3837 NA
14728 3837 NA
14729 3652 NA
14730 3502 NA
14731 3339 NA
14732 3196 NA
14733 3196 NA
14734 3050 NA
14735 3050 NA
14736 2929 NA
14737 2929 NA
14738 2831 NA
14739 2831 NA
14740 2704 NA
14741 2704 NA
14742 2837 NA
14743 2976 NA
14744 3098 NA
14745 3197 NA
14746 3350 NA
14747 3438 NA
14748 3639 NA
14749 3639 NA
14750 3815 NA
14751 3916 NA
14752 3844 NA
14753 3844 NA
14754 3718 NA
14755 3543 NA
14756 3543 NA
14757 3400 NA
14758 3257 NA
14759 3100 NA
14760 3020 NA
14761 2928 NA
14762 2790 NA
14763 2790 NA
14764 2688 NA
14765 2578 NA
14766 2696 NA
14767 2824 NA
14768 3058 NA
14769 3058 NA
14770 2962 NA
14771 2772 NA
14772 2772 NA
14773 2653 NA
14774 2738 NA
14775 2860 NA
14776 2983 NA
14777 2983 NA
14778 3130 NA
14779 3130 NA
14780 2934 NA
14781 3084 NA
14782 3236 NA
14783 3236 NA
14784 3431 NA
14785 3431 NA
14786 3602 NA
14787 3675 NA
14788 3859 NA
14789 4052 NA
14790 4225 NA
14791 4225 NA
14792 4128 NA
14793 3964 NA
14794 3786 NA
14795 3427 NA
14796 3427 NA
14797 3317 NA
14798 3230 NA
14799 3218 NA
14800 3218 NA
14801 3145 NA
14802 3002 NA
14803 2951 NA
14804 2951 NA
14805 2872 NA
14806 2872 NA
14807 2989 NA
14808 3106 NA
14809 3187 NA
14810 3046 NA
14811 3046 NA
14812 2910 NA
14813 2782 NA
14814 2782 NA
14815 2702 NA
14816 2694 NA
14817 2831 NA
14818 2830 NA
14819 3089 NA
14820 3089 NA
14821 3098 NA
14822 3241 NA
14823 3248 NA
14824 3248 NA
14825 3411 NA
14826 3594 NA
14827 3594 NA
14828 3774 NA
14829 3946 NA
14830 4044 NA
14831 3982 NA
14832 3920 NA
14833 3920 NA
14834 3782 NA
14835 3599 NA
14836 3566 NA
14837 3555 NA
14838 3632 NA
14839 3632 NA
14840 3925 NA
14841 3925 NA
14842 4115 NA
14843 4028 NA
14844 4028 NA
14845 4230 NA
14846 4342 NA
14847 4584 NA
14848 4720 NA
14849 4720 NA
14850 4951 NA
14851 5078 NA
14852 5332 NA
14853 5380 NA
14854 5380 NA
14855 5644 NA
14856 5909 NA
14857 6164 NA
14858 6164 NA
14859 6392 NA
14860 6392 NA
14861 6654 NA
14862 6932 NA
14863 6932 NA
14864 7279 NA
14865 7573 NA
14866 7951 NA
14867 7951 NA
14868 8314 NA
14869 8370 NA
14870 8789 NA
14871 8789 NA
14872 9050 NA
14873 9050 NA
14874 9444 NA
14875 9444 NA
14876 9916 NA
14877 10300 NA
14878 9762 NA
14879 9304 NA
14880 8839 NA
14881 8839 NA
14882 8010 NA
14883 8010 NA
14884 7609 NA
14885 7228 NA
14886 6866 NA
14887 6534 NA
14888 6207 NA
14889 5896 NA
14890 5392 NA
14891 5392 NA
14892 5122 NA
14893 4866 NA
14894 4866 NA
14895 4622 NA
14896 4174 NA
14897 3974 NA
14898 3974 NA
14899 3787 NA
14900 3600 NA
14901 3426 NA
14902 3426 NA
14903 3275 NA
14904 3275 NA
14905 3160 NA
14906 2908 NA
14907 2908 NA
14908 2908 NA
14909 2948 NA
14910 3094 NA
14911 3268 NA
14912 3179 NA
14913 3304 NA
14914 3304 NA
14915 3304 NA
14916 3460 NA
14917 3460 NA
14918 3301 NA
14920 3246 NA
14921 3196 NA
14922 3237 NA
14923 3237 NA
14924 3362 NA
14925 3362 NA
14926 3265 NA
14927 3114 NA
14928 2986 NA
14929 2986 NA
14930 2918 NA
14931 2918 NA
14932 2918 NA
14933 2894 NA
14934 2831 NA
14935 2831 NA
14936 2812 NA
14937 2696 NA
14938 2572 NA
14939 2572 NA
14940 2682 NA
14941 2706 NA
14942 2706 NA
14943 2672 NA
14944 2687 NA
14945 2812 NA
14946 2812 NA
14947 2950 NA
14948 3072 NA
14949 3175 NA
14950 3175 NA
14951 3260 NA
14952 3397 NA
14953 3397 NA
14954 3555 NA
14955 3733 NA
14956 3733 NA
14957 3838 NA
14958 3953 NA
14959 3953 NA
14960 4190 NA
14961 4190 NA
14962 4582 NA
14963 4582 NA
14964 4736 NA
14965 4591 NA
14966 4364 NA
14967 4364 NA
14968 4364 NA
14969 4146 NA
14970 4146 NA
14971 3941 NA
14972 3941 NA
14973 3758 NA
14974 3758 NA
14975 3758 NA
14976 3570 NA
14979 3392 NA
14981 3277 NA
14983 3116 NA
14984 2996 NA
14985 2996 NA
14986 2858 NA
14987 2821 NA
14990 2902 NA
14991 2941 NA
14992 2874 NA
14993 2874 NA
14995 2733 NA
14996 2596 NA
14998 2466 NA
15000 2343 NA
15001 2225 NA
15003 2021 NA
15005 2022 NA
15007 1921 NA
15008 1921 NA
15011 1830 NA
15013 1753 NA
15014 1753 NA
15018 1681 NA
15020 1645 NA
15021 1645 NA
15025 1568 NA
15028 1494 NA
15029 1494 NA
15031 1445 NA
15033 1445 NA
15036 1394 NA
15039 1394 NA
15042 1367 NA
15044 1367 NA
15046 1321 NA
15048 1321 NA
15050 1262 NA
15052 1262 NA
15055 1223 NA
15060 1223 NA
15061 1170 NA
15064 1170 NA
15066 1131 NA
15067 1131 NA
15072 1098 NA
15073 1098 NA
15076 1054 NA
15080 1054 NA
15082 1019 NA
15085 1019 NA
15086 1015 NA
15090 1015 NA
15091 1005 NA
15094 1005 NA
15096 980 NA
15101 980 NA
15103 972 NA
15106 972 NA
15109 943 NA
15110 943 NA
15114 915 NA
15116 915 NA
15120 884 NA
15125 884 NA
15126 879 NA
15128 879 NA
15131 856 NA
15136 856 NA
15137 847 NA
15138 847 NA
15142 832 NA
15149 832 NA
15150 832 NA
15154 815 NA
15157 815 NA
15159 821 NA
15164 821 NA
15165 849 NA
15170 857 NA
15172 857 NA
15175 885 NA
15179 885 NA
15182 911 NA
15186 911 NA
15187 957 NA
15193 987 NA
15194 987 NA
15196 1011 NA
15199 1011 NA
15204 1033 NA
15207 1064 NA
15214 1071 NA
15219 1089 NA
15221 1089 NA
15224 1087 NA
15227 1087 NA
15232 1066 NA
15235 1066 NA
15240 1037 NA
15244 1037 NA
15247 1009 NA
15251 1009 NA
15256 1015 NA
15258 1015 NA
15263 1039 NA
15264 1039 NA
15270 994 NA
15275 994 NA
15277 1009 NA
15283 1009 NA
15284 975 NA
15291 980 NA
15297 980 NA
15299 935 NA
15304 935 NA
15306 899 NA
15310 899 NA
15312 862 NA
15318 862 NA
15319 843 NA
15326 843 NA
15327 807 NA
15332 807 NA
15333 773 NA
15338 773 NA
15339 784 NA
15340 784 NA
15341 784 NA
15342 784 NA
15343 784 NA
15344 784 NA
15345 758 NA
15346 758 NA
15347 758 NA
15348 758 NA
15349 758 NA
15350 758 NA
15351 758 NA
15352 731 NA
15353 731 NA
15354 731 NA
15355 731 NA
15356 731 NA
15357 709 NA
15358 709 NA
15359 709 NA
15360 709 NA
15361 709 NA
15362 709 NA
15363 682 NA
15364 682 NA
15365 682 NA
15366 682 NA
15367 682 NA
15368 655 NA
15369 655 NA
15370 655 NA
15371 655 NA
15372 655 NA
15373 655 NA
15374 625 NA
15375 625 NA
15376 625 NA
15377 625 NA
15378 625 NA
15379 625 NA
15380 632 NA
15381 632 NA
15382 632 NA
15383 632 NA
15384 632 NA
15385 632 NA
15386 620 NA
15387 620 NA
15388 620 NA
15389 620 NA
15390 618 NA
15391 618 NA
15392 618 NA
15393 618 NA
15394 618 NA
15395 592 NA
15396 592 NA
15397 592 NA
15398 592 NA
15399 592 NA
15400 592 NA
15401 579 NA
15402 579 NA
15403 579 NA
15404 579 NA
15405 579 NA
15406 579 NA
15407 573 NA
15408 573 NA
15409 573 NA
15410 573 NA
15411 573 NA
15412 573 NA
15413 591 NA
15414 591 NA
15415 591 NA
15416 591 NA
15417 591 NA
15418 591 NA
15419 604 NA
15420 604 NA
15421 604 NA
15422 604 NA
15423 604 NA
15424 605 NA
15425 605 NA
15426 605 NA
15427 605 NA
15428 605 NA
15429 605 NA
15430 605 NA
15431 605 NA
15432 595 NA
15433 595 NA
15434 595 NA
15435 595 NA
15436 595 NA
15437 595 NA
15438 609 NA
15439 609 NA
15440 609 NA
15441 609 NA
15442 609 NA
15443 609 NA
15444 609 NA
15445 603 NA
15446 603 NA
15447 603 NA
15448 603 NA
15449 603 NA
15450 603 NA
15451 611 NA
15452 611 NA
15453 611 NA
15454 611 NA
15455 611 NA
15456 611 NA
15457 611 NA
15458 611 NA
15459 627 NA
15460 627 NA
15461 627 NA
15462 627 NA
15463 627 NA
15464 627 NA
15465 627 NA
15466 637 NA
15467 637 NA
15468 637 NA
15469 637 NA
15470 637 NA
15471 637 NA
15472 637 NA
15473 652 NA
15474 652 NA
15475 652 NA
15476 652 NA
15477 652 NA
15478 652 NA
15479 652 NA
15480 671 NA
15481 671 NA
15482 671 NA
15483 671 NA
15484 671 NA
15485 671 NA
15486 696 NA
15487 696 NA
15488 696 NA
15489 696 NA
15490 696 NA
15491 696 NA
15492 727 NA
15493 727 NA
15494 727 NA
15495 727 NA
15496 727 NA
15497 726 NA
15498 726 NA
15499 726 NA
15500 726 NA
15501 726 NA
15502 726 NA
15503 726 NA
15504 726 NA
15505 726 NA
15506 726 NA
15507 726 NA
15508 726 NA
15509 721 NA
15510 721 NA
15511 721 NA
15512 721 NA
15513 721 NA
15514 743 NA
15515 743 NA
15516 743 NA
15517 743 NA
15518 743 NA
15519 725 NA
15520 725 NA
15521 725 NA
15522 725 NA
15523 725 NA
15524 725 NA
15525 711 NA
15526 711 NA
15527 711 NA
15528 711 NA
15529 711 NA
15530 711 NA
15531 724 NA
15532 724 NA
15533 724 NA
15534 724 NA
15535 724 NA
15536 724 NA
15537 722 NA
15538 722 NA
15539 722 NA
15540 722 NA
15541 722 NA
15542 722 NA
15543 715 NA
15544 715 NA
15545 715 NA
15546 715 NA
15547 715 NA
15548 715 NA
15549 710 NA
15550 710 NA
15551 710 NA
15552 710 NA
15553 710 NA
15554 701 NA
15555 701 NA
15556 701 NA
15557 701 NA
15558 701 NA
15559 706 NA
15560 706 NA
15561 706 NA
15562 706 NA
15563 706 NA
15564 706 NA
15565 732 NA
15566 732 NA
15567 732 NA
15568 732 NA
15569 732 NA
15570 743 NA
15571 743 NA
15572 743 NA
15573 743 NA
15574 743 NA
15575 743 NA
15576 760 NA
15577 760 NA
15578 760 NA
15579 760 NA
15580 760 NA
15581 760 NA
15582 768 NA
15583 768 NA
15584 768 NA
15585 768 NA
15586 768 NA
15587 768 NA
15588 790 NA
15589 790 NA
15590 790 NA
15591 790 NA
15592 790 NA
15593 790 NA
15594 809 NA
15595 809 NA
15596 809 NA
15597 809 NA
15598 809 NA
15599 809 NA
15600 828 NA
15601 828 NA
15602 828 NA
15603 828 NA
15604 828 NA
15605 828 NA
15606 841 NA
15607 841 NA
15608 841 NA
15609 841 NA
15610 841 NA
15611 841 NA
15612 841 NA
15613 833 NA
15614 833 NA
15615 833 NA
15616 833 NA
15617 833 NA
15618 833 NA
15619 854 NA
15620 854 NA
15621 854 NA
15622 854 NA
15623 854 NA
15624 854 NA
15625 878 NA
15626 878 NA
15627 878 NA
15628 878 NA
15629 878 NA
15630 864 NA
15631 864 NA
15632 864 NA
15633 864 NA
15634 864 NA
15635 864 NA
15636 841 NA
15637 841 NA
15638 841 NA
15639 841 NA
15640 841 NA
15641 841 NA
15642 841 NA
15643 810 NA
15644 810 NA
15645 810 NA
15646 810 NA
15647 810 NA
15648 810 NA
15649 822 NA
15650 825 NA
15651 829 NA
15652 832 NA
15653 836 NA
15654 839 NA
15655 842 NA
15656 846 NA
15657 849 NA
15658 849 NA
15659 849 NA
15660 849 NA
15661 849 NA
15662 849 NA
15663 849 NA
15664 864 NA
15665 864 NA
15666 864 NA
15667 864 NA
15668 864 NA
15669 864 NA
15670 864 NA
15671 864 NA
15672 864 NA
15673 864 NA
15674 864 NA
15675 864 NA
15676 864 NA
15677 895 NA
15678 895 NA
15679 895 NA
15680 895 NA
15681 895 NA
15682 895 NA
15683 895 NA
15684 895 NA
15685 895 NA
15686 895 NA
15687 895 NA
15688 895 NA
15689 895 NA
15690 895 NA
15691 918 NA
15692 918 NA
15693 918 NA
15694 918 NA
15695 918 NA
15696 918 NA
15697 918 NA
15698 918 NA
15699 918 NA
15700 918 NA
15701 918 NA
15702 918 NA
15703 918 NA
15704 918 NA
15705 918 NA
15706 918 NA
15707 940 NA
15708 940 NA
15709 940 NA
15710 940 NA
15711 940 NA
15712 940 NA
15713 940 NA
15714 940 NA
15715 940 NA
15716 940 NA
15717 940 NA
15718 940 NA
15719 940 NA
15720 940 NA
15721 940 NA
15722 940 NA
15723 962 NA
15724 962 NA
15725 962 NA
15726 962 NA
15727 962 NA
15728 962 NA
15729 962 NA
15730 962 NA
15731 962 NA
15732 962 NA
15733 962 NA
15734 962 NA
15735 962 NA
15736 962 NA
15737 962 NA
15738 962 NA
15739 962 NA
15740 962 NA
15741 933 NA
15742 933 NA
15743 933 NA
15744 933 NA
15745 933 NA
15746 933 NA
15747 933 NA
15748 933 NA
15749 933 NA
15750 933 NA
15751 933 NA
15752 933 NA
15753 933 NA
15754 933 NA
15755 933 NA
15756 933 NA
15757 933 NA
15758 933 NA
15759 933 NA
15760 933 NA
15761 933 NA
15762 933 NA
15763 933 NA
15764 933 NA
15765 933 NA
15766 918 NA
15767 918 NA
15768 918 NA
15769 918 NA
15770 918 NA
15771 918 NA
15772 918 NA
15773 918 NA
15774 918 NA
15775 918 NA
15776 918 NA
15777 918 NA
15778 918 NA
15779 918 NA
15780 918 NA
15781 918 NA
15782 918 NA
15783 918 NA
15784 918 NA
15785 918 NA
15786 918 NA
15787 918 NA
15788 918 NA
15789 918 NA
15790 918 NA
15791 918 NA
15792 918 NA
15793 918 NA
15794 884 NA
15795 884 NA
15796 884 NA
15797 884 NA
15798 884 NA
15799 884 NA
15800 884 NA
15801 884 NA
15802 884 NA
15803 884 NA
15804 884 NA
15805 884 NA
15806 884 NA
15807 884 NA
15808 884 NA
15809 884 NA
15810 884 NA
15811 884 NA
15812 884 NA
15813 884 NA
15814 884 NA
15815 884 NA
15816 884 NA
15817 884 NA
15818 884 NA
15819 884 NA
15820 884 NA
15821 884 NA
15822 884 NA
15823 865 NA
15824 865 NA
15825 865 NA
15826 865 NA
15827 865 NA
15828 865 NA
15829 865 NA
15830 865 NA
15831 865 NA
15832 865 NA
15833 865 NA
15834 865 NA
15835 865 NA
15836 865 NA
15837 865 NA
15838 865 NA
15839 865 NA
15840 865 NA
15841 865 NA
15842 865 NA
15843 865 NA
15844 865 NA
15845 865 NA
15846 865 NA
15847 865 NA
15848 865 NA
15849 865 NA
15850 865 NA
15851 865 NA
15852 865 NA
15853 865 NA
15854 865 NA
15855 865 NA
15856 865 NA
15857 822 NA
15858 822 NA
15859 822 NA
15860 822 NA
15861 822 NA
15862 822 NA
15863 822 NA
15864 822 NA
15865 822 NA
15866 822 NA
15867 822 NA
15868 822 NA
15869 822 NA
15870 822 NA
15871 822 NA
15872 822 NA
15873 822 NA
15874 822 NA
15875 822 NA
15876 822 NA
15877 822 NA
15878 822 NA
15879 822 NA
15880 822 NA
15881 822 NA
15882 788 NA
15883 788 NA
15884 788 NA
15885 788 NA
15886 788 NA
15887 788 NA
15888 788 NA
15889 788 NA
15890 788 NA
15891 788 NA
15892 788 NA
15893 788 NA
15894 788 NA
15895 788 NA
15896 788 NA
15897 788 NA
15898 788 NA
15899 788 NA
15900 788 NA
15901 788 NA
15902 788 NA
15903 782 NA
15904 775 NA
15905 769 NA
15906 763 NA
15907 756 NA
15908 750 NA
15909 750 NA
15910 750 NA
15911 750 NA
15912 750 NA
15913 750 NA
15914 750 NA
15915 750 NA
15916 750 NA
15917 750 NA
15918 750 NA
15919 750 NA
15920 750 NA
15921 750 NA
15922 750 NA
15923 750 NA
15924 750 NA
15925 750 NA
15926 750 NA
15927 750 NA
15928 750 NA
15929 750 NA
15930 750 NA
15931 750 NA
15932 750 NA
15933 750 NA
15934 750 NA
15935 750 NA
15936 750 NA
15937 750 NA
15938 750 NA
15939 750 NA
15940 750 NA
15941 750 NA
15942 750 NA
15943 750 NA
15944 750 NA
15945 750 NA
15946 750 NA
15947 750 NA
15948 750 NA
15949 720 NA
15950 720 NA
15951 720 NA
15952 720 NA
15953 720 NA
15954 720 NA
15955 720 NA
15956 720 NA
15957 720 NA
15958 720 NA
15959 720 NA
15960 720 NA
15961 720 NA
15962 720 NA
15963 720 NA
15964 720 NA
15965 720 NA
15966 720 NA
15967 720 NA
15968 720 NA
15969 720 NA
15970 720 NA
15971 720 NA
15972 720 NA
15973 720 NA
15974 720 NA
15975 720 NA
15976 720 NA
15977 720 NA
15978 720 NA
15979 720 NA
15980 720 NA
15981 720 NA
15982 720 NA
15983 720 NA
15984 720 NA
15985 720 NA
15986 720 NA
15987 720 NA
15988 720 NA
15989 720 NA
15990 720 NA
15991 720 NA
15992 720 NA
15993 720 NA
15994 720 NA
15995 720 NA
15996 720 NA
15997 720 NA
15998 720 NA
15999 685 NA
16000 685 NA
16001 685 NA
16002 685 NA
16003 685 NA
16004 685 NA
16005 685 NA
16006 685 NA
16007 685 NA
16008 685 NA
16009 685 NA
16010 685 NA
16011 685 NA
16012 685 NA
16013 685 NA
16014 685 NA
16015 685 NA
16016 685 NA
16017 685 NA
16018 685 NA
16019 685 NA
16020 685 NA
16021 685 NA
16022 685 NA
16023 685 NA
16024 685 NA
16025 685 NA
16026 685 NA
16027 685 NA
16028 685 NA
16029 685 NA
16030 685 NA
16031 685 NA
16032 685 NA
16033 685 NA
16034 685 NA
16035 685 NA
16036 685 NA
16037 685 NA
16038 685 NA
16039 685 NA
16040 685 NA
16041 685 NA
16042 685 NA
16043 685 NA
16044 685 NA
16045 685 NA
16046 685 NA
16047 685 NA
16048 685 NA
16049 685 NA
16050 685 NA
16051 652 NA
16052 652 NA
16053 652 NA
16054 652 NA
16055 652 NA
16056 652 NA
16057 652 NA
16058 652 NA
16059 652 NA
16060 652 NA
16061 652 NA
16062 652 NA
16063 652 NA
16064 652 NA
16065 652 NA
16066 652 NA
16067 652 NA
16068 652 NA
16069 652 NA
16070 652 NA
16071 652 NA
16072 652 NA
16073 652 NA
16074 652 NA
16075 652 NA
16076 652 NA
16077 652 NA
16078 652 NA
16079 652 NA
16080 652 NA
16081 652 NA
16082 652 NA
16083 652 NA
16084 652 NA
16085 652 NA
16086 652 NA
16087 652 NA
16088 652 NA
16089 620 NA
16090 620 NA
16091 620 NA
16092 620 NA
16093 620 NA
16094 620 NA
16095 620 NA
16096 620 NA
16097 620 NA
16098 620 NA
16099 620 NA
16100 620 NA
16101 620 NA
16102 620 NA
16103 620 NA
16104 620 NA
16105 620 NA
16106 620 NA
16107 620 NA
16108 620 NA
16109 620 NA
16110 620 NA
16111 620 NA
16112 620 NA
16113 620 NA
16114 620 NA
16115 620 NA
16116 620 NA
16117 620 NA
16118 620 NA
16119 620 NA
16120 620 NA
16121 620 NA
16122 620 NA
16123 620 NA
16124 594 NA
16125 594 NA
16126 594 NA
16127 594 NA
16128 594 NA
16129 594 NA
16130 594 NA
16131 594 NA
16132 594 NA
16133 594 NA
16134 594 NA
16135 594 NA
16136 594 NA
16137 594 NA
16138 594 NA
16139 594 NA
16140 594 NA
16141 594 NA
16142 594 NA
16143 594 NA
16144 594 NA
16145 594 NA
16146 594 NA
16147 594 NA
16148 594 NA
16149 594 NA
16150 594 NA
16151 594 NA
16152 594 NA
16153 594 NA
16154 594 NA
16155 594 NA
16156 594 NA
16157 594 NA
16158 594 NA
16159 594 NA
16160 594 NA
16161 594 NA
16162 566 NA
16163 566 NA
16164 566 NA
16165 566 NA
16166 566 NA
16167 566 NA
16168 566 NA
16169 566 NA
16170 566 NA
16171 566 NA
16172 566 NA
16173 566 NA
16174 566 NA
16175 566 NA
16176 566 NA
16177 566 NA
16178 566 NA
16179 566 NA
16180 566 NA
16181 566 NA
16182 566 NA
16183 566 NA
16184 566 NA
16185 566 NA
16186 566 NA
16187 566 NA
16188 566 NA
16189 566 NA
16190 566 NA
16191 566 NA
16192 566 NA
16193 566 NA
16194 566 NA
16195 566 NA
16196 566 NA
16197 566 NA
16198 566 NA
16199 566 NA
16200 539 NA
16201 539 NA
16202 539 NA
16203 539 NA
16204 539 NA
16205 539 NA
16206 539 NA
16207 539 NA
16208 539 NA
16209 539 NA
16210 539 NA
16211 539 NA
16212 539 NA
16213 539 NA
16214 539 NA
16215 539 NA
16216 539 NA
16217 539 NA
16218 539 NA
16219 539 NA
16220 539 NA
16221 539 NA
16222 539 NA
16223 539 NA
16224 539 NA
16225 539 NA
16226 539 NA
16227 539 NA
16228 539 NA
16229 539 NA
16230 539 NA
16231 539 NA
16232 539 NA
16233 539 NA
16234 539 NA
16235 539 NA
16236 539 NA
16237 537 NA
16238 537 NA
16239 537 NA
16240 537 NA
16241 537 NA
16242 537 NA
16243 537 NA
16244 537 NA
16245 537 NA
16246 537 NA
16247 537 NA
16248 537 NA
16249 537 NA
16250 537 NA
16251 537 NA
16252 537 NA
16253 537 NA
16254 537 NA
16255 537 NA
16256 537 NA
16257 537 NA
16258 537 NA
16259 537 NA
16260 537 NA
16261 537 NA
16262 537 NA
16263 537 NA
16264 537 NA
16265 537 NA
16266 537 NA
16267 537 NA
16268 514 NA
16269 514 NA
16270 514 NA
16271 514 NA
16272 514 NA
16273 514 NA
16274 514 NA
16275 514 NA
16276 514 NA
16277 514 NA
16278 514 NA
16279 514 NA
16280 514 NA
16281 514 NA
16282 514 NA
16283 514 NA
16284 514 NA
16285 514 NA
16286 514 NA
16287 514 NA
16288 514 NA
16289 533 NA
16290 533 NA
16291 533 NA
16292 533 NA
16293 533 NA
16294 533 NA
16295 533 NA
16296 533 NA
16297 533 NA
16298 533 NA
16299 533 NA
16300 533 NA
16301 533 NA
16302 533 NA
16303 533 NA
16304 533 NA
16305 533 NA
16306 533 NA
16307 533 NA
16308 533 NA
16309 544 NA
16310 544 NA
16311 544 NA
16312 544 NA
16313 544 NA
16314 544 NA
16315 544 NA
16316 544 NA
16317 544 NA
16318 544 NA
16319 544 NA
16320 544 NA
16321 544 NA
16322 544 NA
16323 544 NA
16324 544 NA
16325 544 NA
16326 544 NA
16327 544 NA
16328 544 NA
16329 544 NA
16330 544 NA
16331 544 NA
16332 544 NA
16333 544 NA
16334 541 NA
16335 541 NA
16336 541 NA
16337 541 NA
16338 541 NA
16339 541 NA
16340 541 NA
16341 541 NA
16342 541 NA
16343 541 NA
16344 541 NA
16345 541 NA
16346 541 NA
16347 541 NA
16348 541 NA
16349 541 NA
16350 541 NA
16351 541 NA
16352 541 NA
16353 541 NA
16354 541 NA
16355 541 NA
16356 541 NA
16357 541 NA
16358 541 NA
16359 518 NA
16360 518 NA
16361 518 NA
16362 518 NA
16363 518 NA
16364 518 NA
16365 518 NA
16366 518 NA
16367 518 NA
16368 518 NA
16369 518 NA
16370 518 NA
16371 518 NA
16372 518 NA
16373 518 NA
16374 518 NA
16375 518 NA
16376 518 NA
16377 518 NA
16378 518 NA
16379 518 NA
16380 518 NA
16381 518 NA
16382 518 NA
16383 518 NA
16384 518 NA
16385 518 NA
16386 509 NA
16387 509 NA
16388 509 NA
16389 509 NA
16390 509 NA
16391 509 NA
16392 509 NA
16393 509 NA
16394 509 NA
16395 509 NA
16396 509 NA
16397 509 NA
16398 509 NA
16399 509 NA
16400 509 NA
16401 509 NA
16402 509 NA
16403 509 NA
16404 509 NA
16405 509 NA
16406 509 NA
16407 509 NA
16408 509 NA
16409 509 NA
16410 509 NA
16411 509 NA
16412 509 NA
16413 509 NA
16414 509 NA
16415 529 NA
16416 529 NA
16417 529 NA
16418 529 NA
16419 529 NA
16420 529 NA
16421 529 NA
16422 529 NA
16423 529 NA
16424 529 NA
16425 529 NA
16426 529 NA
16427 529 NA
16428 529 NA
16429 529 NA
16430 529 NA
16431 529 NA
16432 529 NA
16433 529 NA
16434 529 NA
16435 529 NA
16436 529 NA
16437 529 NA
16438 529 NA
16439 529 NA
16440 529 NA
16441 529 NA
16442 529 NA
16443 541 NA
16444 541 NA
16445 541 NA
16446 541 NA
16447 541 NA
16448 541 NA
16449 541 NA
16450 541 NA
16451 541 NA
16452 541 NA
16453 541 NA
16454 541 NA
16455 541 NA
16456 541 NA
16457 541 NA
16458 541 NA
16459 541 NA
16460 541 NA
16461 541 NA
16462 541 NA
16463 541 NA
16464 541 NA
16465 541 NA
16466 541 NA
16467 541 NA
16468 541 NA
16469 555 NA
16470 555 NA
16471 555 NA
16472 555 NA
16473 555 NA
16474 555 NA
16475 555 NA
16476 555 NA
16477 555 NA
16478 555 NA
16479 555 NA
16480 555 NA
16481 555 NA
16482 555 NA
16483 555 NA
16484 555 NA
16485 555 NA
16486 555 NA
16487 555 NA
16488 555 NA
16489 555 NA
16490 555 NA
16491 555 NA
16492 555 NA
16493 555 NA
16494 546 NA
16495 546 NA
16496 546 NA
16497 546 NA
16498 546 NA
16499 546 NA
16500 546 NA
16501 546 NA
16502 546 NA
16503 546 NA
16504 546 NA
16505 546 NA
16506 546 NA
16507 546 NA
16508 546 NA
16509 546 NA
16510 546 NA
16511 546 NA
16512 546 NA
16513 546 NA
16514 546 NA
16515 546 NA
16516 546 NA
16517 546 NA
16518 546 NA
16519 546 NA
16520 546 NA
16521 546 NA
16522 558 NA
16523 558 NA
16524 558 NA
16525 558 NA
16526 558 NA
16527 558 NA
16528 558 NA
16529 558 NA
16530 558 NA
16531 558 NA
16532 558 NA
16533 558 NA
16534 558 NA
16535 558 NA
16536 558 NA
16537 558 NA
16538 558 NA
16539 558 NA
16540 558 NA
16541 558 NA
16542 558 NA
16543 558 NA
16544 558 NA
16545 558 NA
16546 558 NA
16547 558 NA
16548 558 NA
16549 562 NA
16550 562 NA
16551 562 NA
16552 562 NA
16553 562 NA
16554 562 NA
16555 562 NA
16556 562 NA
16557 562 NA
16558 562 NA
16559 562 NA
16560 562 NA
16561 562 NA
16562 562 NA
16563 562 NA
16564 562 NA
16565 562 NA
16566 562 NA
16567 562 NA
16568 562 NA
16569 562 NA
16570 562 NA
16571 562 NA
16572 562 NA
16573 562 NA
16574 562 NA
16575 562 NA
16576 562 NA
16577 562 NA
16578 562 NA
16579 562 NA
16580 562 NA
16581 562 NA
16582 558 NA
16583 558 NA
16584 558 NA
16585 558 NA
16586 558 NA
16587 558 NA
16588 558 NA
16589 558 NA
16590 558 NA
16591 558 NA
16592 558 NA
16593 558 NA
16594 558 NA
16595 558 NA
16596 558 NA
16597 558 NA
16598 558 NA
16599 558 NA
16600 558 NA
16601 558 NA
16602 558 NA
16603 558 NA
16604 558 NA
16605 558 NA
16606 558 NA
16607 558 NA
16608 558 NA
16609 558 NA
16610 558 NA
16611 558 NA
16612 558 NA
16613 558 NA
16614 558 NA
16615 558 NA
16616 558 NA
16617 558 NA
16618 567 NA
16619 567 NA
16620 567 NA
16621 567 NA
16622 567 NA
16623 567 NA
16624 567 NA
16625 567 NA
16626 567 NA
16627 567 NA
16628 567 NA
16629 567 NA
16630 567 NA
16631 567 NA
16632 567 NA
16633 567 NA
16634 567 NA
16635 567 NA
16636 567 NA
16637 567 NA
16638 567 NA
16639 567 NA
16640 567 NA
16641 567 NA
16642 567 NA
16643 567 NA
16644 567 NA
16645 567 NA
16646 567 NA
16647 567 NA
16648 567 NA
16649 567 NA
16650 567 NA
16651 585 NA
16652 585 NA
16653 585 NA
16654 585 NA
16655 585 NA
16656 585 NA
16657 585 NA
16658 585 NA
16659 585 NA
16660 585 NA
16661 585 NA
16662 585 NA
16663 585 NA
16664 585 NA
16665 585 NA
16666 585 NA
16668 585 NA
16669 585 NA
16670 585 NA
16671 585 NA
16672 585 NA
16673 585 NA
16674 585 NA
16675 585 NA
16676 585 NA
16677 585 NA
16678 585 NA
16679 585 NA
16680 585 NA
16681 585 NA
16682 585 NA
16683 585 NA
16684 590 NA
16685 590 NA
16686 590 NA
16687 590 NA
16688 590 NA
16689 590 NA
16690 590 NA
16691 590 NA
16692 590 NA
16693 590 NA
16694 590 NA
16695 590 NA
16696 590 NA
16697 590 NA
16698 590 NA
16699 590 NA
16700 590 NA
16701 590 NA
16702 590 NA
16703 590 NA
16704 590 NA
16705 590 NA
16706 590 NA
16707 590 NA
16708 590 NA
16709 590 NA
16710 590 NA
16711 590 NA
16712 590 NA
16714 590 NA
16717 590 NA
16719 590 NA
16720 590 NA
16721 590 NA
16722 590 NA
16723 590 NA
16724 590 NA
16725 607 NA
16726 607 NA
16727 607 NA
16728 607 NA
16729 607 NA
16730 607 NA
16731 607 NA
16732 607 NA
16733 607 NA
16734 607 NA
16735 607 NA
16736 607 NA
16737 607 NA
16738 607 NA
16739 607 NA
16740 607 NA
16741 607 NA
16742 607 NA
16743 607 NA
16744 607 NA
16745 636 NA
16746 636 NA
16747 636 NA
16748 636 NA
16749 636 NA
16750 636 NA
16751 636 NA
16752 636 NA
16753 636 NA
16754 663 NA
16755 663 NA
16756 663 NA
16757 663 NA
16759 663 NA
16760 663 NA
16761 663 NA
16762 663 NA
16763 663 NA
16764 663 NA
16765 663 NA
16766 663 NA
16767 663 NA
16768 663 NA
16769 663 NA
16770 663 NA
16771 663 NA
16772 663 NA
16773 663 NA
16774 663 NA
16775 663 NA
16776 663 NA
16777 687 NA
16778 687 NA
16779 687 NA
16780 687 NA
16781 687 NA
16782 687 NA
16783 687 NA
16784 687 NA
16785 687 NA
16786 687 NA
16787 687 NA
16788 687 NA
16789 687 NA
16790 687 NA
16791 687 NA
16792 687 NA
16793 687 NA
16794 687 NA
16795 687 NA
16796 687 NA
16797 687 NA
16798 687 NA
16799 687 NA
16800 687 NA
16801 687 NA
16802 687 NA
16803 687 NA
16804 686 NA
16805 686 NA
16807 686 NA
16808 686 NA
16809 686 NA
16810 686 NA
16811 686 NA
16812 686 NA
16813 686 NA
16814 686 NA
16815 686 NA
16816 686 NA
16817 686 NA
16818 686 NA
16819 686 NA
16820 686 NA
16821 686 NA
16822 686 NA
16823 686 NA
16824 686 NA
16825 686 NA
16826 686 NA
16827 711 NA
16828 711 NA
16829 711 NA
16830 711 NA
16831 711 NA
16832 711 NA
16833 711 NA
16834 711 NA
16835 711 NA
16836 711 NA
16837 711 NA
16838 711 NA
16839 711 NA
16840 711 NA
16841 711 NA
16842 711 NA
16843 711 NA
16844 745 NA
16845 745 NA
16846 745 NA
16847 745 NA
16848 745 NA
16849 745 NA
16850 745 NA
16851 745 NA
16852 745 NA
16853 745 NA
16854 745 NA
16855 745 NA
16856 745 NA
16857 745 NA
16858 745 NA
16859 745 NA
16860 745 NA
16861 745 NA
16862 745 NA
16863 779 NA
16864 779 NA
16865 779 NA
16866 779 NA
16867 779 NA
16869 779 NA
16870 779 NA
16871 779 NA
16872 779 NA
16873 779 NA
16874 779 NA
16875 779 NA
16876 779 NA
16877 779 NA
16878 779 NA
16879 779 NA
16880 816 NA
16881 816 NA
16882 816 NA
16883 816 NA
16884 816 NA
16885 816 NA
16886 816 NA
16887 816 NA
16888 816 NA
16889 816 NA
16890 816 NA
16891 816 NA
16892 816 NA
16893 816 NA
16894 816 NA
16895 816 NA
16896 816 NA
16897 850 NA
16898 850 NA
16899 850 NA
16900 850 NA
16901 850 NA
16902 850 NA
16903 850 NA
16904 850 NA
16905 850 NA
16906 850 NA
16907 850 NA
16908 850 NA
16909 850 NA
16910 850 NA
16911 850 NA
16912 850 NA
16913 850 NA
16914 850 NA
16915 850 NA
16916 850 NA
16917 850 NA
16918 850 NA
16919 850 NA
16920 891 NA
16921 891 NA
16922 891 NA
16923 891 NA
16924 891 NA
16925 891 NA
16926 891 NA
16927 891 NA
16928 891 NA
16929 891 NA
16930 891 NA
16931 891 NA
16932 891 NA
16933 891 NA
16934 891 NA
16935 891 NA
16936 891 NA
16937 891 NA
16938 891 NA
16939 891 NA
16940 891 NA
16941 891 NA
16942 891 NA
16943 891 NA
16944 891 NA
16945 930 NA
16946 930 NA
16947 930 NA
16948 930 NA
16949 930 NA
16950 930 NA
16951 930 NA
16952 930 NA
16953 930 NA
16954 930 NA
16955 930 NA
16956 930 NA
16957 930 NA
16958 930 NA
16959 930 NA
16960 930 NA
16961 930 NA
16966 970 NA
16968 970 NA
16969 970 NA
16970 970 NA
16971 970 NA
16972 970 NA
16973 970 NA
16974 970 NA
16975 970 NA
16976 970 NA
16977 970 NA
16978 970 NA
16979 970 NA
16980 970 NA
16981 1014 NA
16982 1014 NA
16984 1014 NA
16985 1014 NA
16986 1014 NA
16987 1014 NA
16988 1014 NA
16989 1014 NA
16990 1014 NA
16991 1014 NA
16992 1014 NA
16993 1014 NA
16994 1014 NA
16998 1014 NA
16999 1014 NA
17000 1014 NA
17001 1014 NA
17006 1060 NA
17007 1060 NA
17012 1060 NA
17014 1060 NA
17015 1060 NA
17016 1060 NA
17017 1060 NA
17018 1060 NA
17019 1060 NA
17020 1060 NA
17021 1060 NA
17022 1060 NA
17023 1060 NA
17024 1060 NA
17025 1060 NA
17026 1110 NA
17027 1110 NA
17028 1110 NA
17029 1110 NA
17031 1110 NA
17032 1110 NA
17033 1110 NA
17034 1110 NA
17035 1110 NA
17036 1110 NA
17037 1110 NA
17038 1110 NA
17039 1110 NA
17040 1110 NA
17042 1110 NA
17044 1110 NA
17045 1110 NA
17046 1110 NA
17047 1110 NA
17048 1110 NA
17049 1110 NA
17050 1110 NA
17051 1110 NA
17052 1110 NA
17053 1110 NA
17054 1158 NA
17055 1158 NA
17056 1158 NA
17057 1158 NA
17058 1158 NA
17059 1158 NA
17060 1158 NA
17061 1158 NA
17062 1158 NA
17063 1158 NA
17064 1158 NA
17069 1158 NA
17070 1158 NA
17071 1158 NA
17072 1158 NA
17073 1158 NA
17075 1158 NA
17076 1158 NA
17077 1158 NA
17078 1158 NA
17079 1158 NA
17080 1158 NA
17081 1158 NA
17083 1210 NA
17084 1210 NA
17085 1210 NA
17086 1210 NA
17087 1210 NA
17088 1210 NA
17089 1210 NA
17091 1210 NA
17092 1210 NA
17093 1210 NA
17094 1210 NA
17095 1210 NA
17096 1210 NA
17097 1210 NA
17098 1210 NA
17099 1210 NA
17100 1210 NA
17101 1210 NA
17102 1210 NA
17103 1210 NA
17104 1210 NA
17105 1210 NA
17106 1210 NA
17107 1210 NA
17108 1210 NA
17109 1210 NA
17110 1210 NA
17111 1210 NA
17112 1210 NA
17113 1210 NA
17114 1210 NA
17115 1210 NA
17117 1210 NA
17118 1261 NA
17119 1261 NA
17123 1261 NA
17124 1261 NA
17125 1261 NA
17126 1261 NA
17127 1261 NA
17129 1261 NA
17130 1261 NA
17131 1261 NA
17132 1261 NA
17133 1261 NA
17134 1261 NA
17135 1261 NA
17136 1261 NA
17138 1261 NA
17139 1261 NA
17140 1261 NA
17141 1261 NA
17142 1261 NA
17143 1261 NA
17144 1261 NA
17145 1261 NA
17146 1261 NA
17147 1261 NA
