"Index" "Price" "Volume"
14828 337600 NA
14829 337600 NA
14830 351300 NA
14831 351300 NA
14832 366800 NA
14833 366800 NA
14834 366800 NA
14835 366800 NA
14836 383400 NA
14837 383400 NA
14838 383400 NA
14839 383400 NA
14840 401200 NA
14841 401200 NA
14842 401200 NA
14843 401200 NA
14844 419500 NA
14845 419500 NA
14846 419500 NA
14847 419500 NA
14848 419500 NA
14849 419500 NA
14850 429700 NA
14851 429700 NA
14852 429700 NA
14853 429700 NA
14854 429700 NA
14855 429700 NA
14856 428200 NA
14857 428200 NA
14858 428200 NA
14859 428200 NA
14860 428200 NA
14861 428900 NA
14862 428900 NA
14863 428900 NA
14864 428900 NA
14865 428900 NA
14866 429100 NA
14867 429100 NA
14868 429100 NA
14869 429100 NA
14870 429100 NA
14871 429100 NA
14872 421200 NA
14873 421200 NA
14874 421200 NA
14875 421200 NA
14876 421200 NA
14877 421200 NA
14878 421200 NA
14879 417700 NA
14880 417700 NA
14881 417700 NA
14882 417700 NA
14883 417700 NA
14884 417700 NA
14885 417700 NA
14886 411600 NA
14887 411600 NA
14888 411600 NA
14889 411600 NA
14890 411600 NA
14891 411600 NA
14892 411600 NA
14893 407000 NA
14894 407000 NA
14895 407000 NA
14896 407000 NA
14897 407000 NA
14898 407000 NA
14899 407000 NA
14900 398400 NA
14901 398400 NA
14902 398400 NA
14903 398400 NA
14904 398400 NA
14905 398400 NA
14906 391700 NA
14907 391700 NA
14908 391700 NA
14909 391700 NA
14910 391700 NA
14911 391700 NA
14912 384600 NA
14913 384600 NA
14914 384600 NA
14915 384600 NA
14916 384600 NA
14917 384600 NA
14918 384600 NA
14920 372100 NA
14921 372100 NA
14922 372100 NA
14923 372100 NA
14924 372100 NA
14925 372100 NA
14926 372100 NA
14927 362800 NA
14928 362800 NA
14929 362800 NA
14930 362800 NA
14931 362800 NA
14932 362800 NA
14933 362800 NA
14934 362800 NA
14935 362800 NA
14936 354700 NA
14937 354700 NA
14938 354700 NA
14939 354700 NA
14940 354700 NA
14941 354700 NA
14942 354700 NA
14943 354700 NA
14944 344000 NA
14945 344000 NA
14946 344000 NA
14947 344000 NA
14948 344000 NA
14949 344000 NA
14950 344000 NA
14951 332900 NA
14952 332900 NA
14953 332900 NA
14954 332900 NA
14955 332900 NA
14956 332900 NA
14957 332900 NA
14958 320700 NA
14959 320700 NA
14960 320700 NA
14961 320700 NA
14962 320700 NA
14963 320700 NA
14964 320700 NA
14965 316000 NA
14966 316000 NA
14967 316000 NA
14968 316000 NA
14969 316000 NA
14970 316000 NA
14971 309100 NA
14972 309100 NA
14973 309100 NA
14974 309100 NA
14975 309100 NA
14979 308100 NA
14985 308100 NA
14986 303000 NA
14987 303000 NA
14988 310600 NA
14992 310600 NA
14993 309600 NA
14996 309600 NA
14998 307900 NA
15003 307900 NA
15005 297900 NA
15008 297900 NA
15011 285900 NA
15013 285900 NA
15016 276500 NA
15020 275800 NA
15025 275800 NA
15026 274700 NA
15031 274700 NA
15032 271500 NA
15036 271500 NA
15037 264700 NA
15039 264700 NA
15044 261400 NA
15047 261400 NA
15048 263300 NA
15052 263300 NA
15054 263400 NA
15060 263400 NA
15061 261700 NA
15067 261700 NA
15068 260700 NA
15073 260700 NA
15074 257100 NA
15078 257100 NA
15080 251600 NA
15085 251600 NA
15086 252900 NA
15090 252900 NA
15093 256600 NA
15100 256600 NA
15106 256600 NA
15109 249200 NA
15110 249200 NA
15115 252900 NA
15122 252900 NA
15124 254200 NA
15131 254200 NA
15132 249500 NA
15136 249500 NA
15140 252800 NA
15144 252800 NA
15149 259500 NA
15150 259500 NA
15156 255200 NA
15161 255200 NA
15164 244600 NA
15165 244600 NA
15169 244554 NA
15172 234000 NA
15177 223800 NA
15179 223800 NA
15184 215100 NA
15187 215100 NA
15189 206300 NA
15194 206300 NA
15196 196200 NA
15197 196200 NA
15199 191400 NA
15204 191400 NA
15207 186000 NA
15214 182600 NA
15220 178800 NA
15227 178800 NA
15228 171300 NA
15232 171300 NA
15235 166200 NA
15240 159000 NA
15244 159000 NA
15247 156300 NA
15250 156300 NA
15254 155200 NA
15258 155200 NA
15259 152700 NA
15264 148800 NA
15271 148800 NA
15273 149400 NA
15277 149400 NA
15280 146200 NA
15284 146200 NA
15287 143600 NA
15294 143600 NA
15295 138800 NA
15297 138800 NA
15302 133000 NA
15307 133000 NA
15310 127300 NA
15313 127294 NA
15316 127294 NA
15317 122019 NA
15323 122019 NA
15324 117206 NA
15329 117206 NA
15330 112154 NA
15335 112154 NA
15336 109340 NA
15340 109340 NA
15341 109340 NA
15342 109340 NA
15343 107860 NA
15344 107860 NA
15345 107860 NA
15346 107860 NA
15347 107860 NA
15348 107860 NA
15349 107860 NA
15350 103833 NA
15351 103833 NA
15352 103833 NA
15353 103833 NA
15354 103833 NA
15355 103833 NA
15356 103833 NA
15357 101663 NA
15358 101663 NA
15359 101663 NA
15360 101663 NA
15361 101663 NA
15362 101663 NA
15363 101066 NA
15364 101066 NA
15365 101066 NA
15366 101066 NA
15367 101066 NA
15368 101066 NA
15369 99591 NA
15370 99591 NA
15371 99591 NA
15372 99591 NA
15373 99591 NA
15374 99591 NA
15375 98724 NA
15376 98724 NA
15377 98724 NA
15378 98724 NA
15379 98724 NA
15380 98724 NA
15381 99778 NA
15382 99778 NA
15383 99778 NA
15384 99778 NA
15385 99778 NA
15386 99778 NA
15387 100321 NA
15388 100321 NA
15389 100321 NA
15390 100321 NA
15391 100321 NA
15392 100918 NA
15393 100918 NA
15394 100918 NA
15395 100918 NA
15396 100918 NA
15397 100918 NA
15398 102591 NA
15399 102591 NA
15400 102591 NA
15401 102591 NA
15402 102591 NA
15403 105291 NA
15404 105291 NA
15405 105291 NA
15406 110158 NA
15407 110158 NA
15408 110158 NA
15409 114365 NA
15410 114365 NA
15411 114365 NA
15412 114365 NA
15413 114365 NA
15414 118461 NA
15415 118461 NA
15416 118461 NA
15417 118461 NA
15418 118461 NA
15419 118461 NA
15420 123706 NA
15421 123706 NA
15422 124780 NA
15423 125855 NA
15424 126929 NA
15425 128004 NA
15426 129078 NA
15427 129078 NA
15428 129078 NA
15429 129078 NA
15430 129078 NA
15431 135066 NA
15432 135066 NA
15433 135066 NA
15434 135066 NA
15435 135066 NA
15436 135066 NA
15437 135066 NA
15438 140870 NA
15439 140870 NA
15440 140870 NA
15441 140870 NA
15442 140870 NA
15443 140870 NA
15444 145861 NA
15445 145861 NA
15446 145861 NA
15447 145861 NA
15448 145861 NA
15449 145861 NA
15450 145861 NA
15451 145861 NA
15452 152645 NA
15453 152645 NA
15454 152645 NA
15455 152645 NA
15456 152645 NA
15457 152645 NA
15458 152645 NA
15459 152645 NA
15460 159465 NA
15461 159465 NA
15462 159465 NA
15463 159465 NA
15464 159465 NA
15465 159465 NA
15466 159465 NA
15467 166744 NA
15468 166744 NA
15469 166744 NA
15470 166744 NA
15471 166744 NA
15472 166744 NA
15473 166744 NA
15474 166744 NA
15475 174043 NA
15476 174043 NA
15477 174043 NA
15478 174043 NA
15479 174043 NA
15480 181298 NA
15481 181298 NA
15482 181298 NA
15483 181298 NA
15484 181298 NA
15485 181298 NA
15486 188801 NA
15487 188801 NA
15488 188801 NA
15489 188801 NA
15490 188801 NA
15491 188801 NA
15492 188801 NA
15493 197034 NA
15494 197034 NA
15495 197034 NA
15496 197034 NA
15497 197034 NA
15498 197034 NA
15499 197034 NA
15500 203543 NA
15501 203543 NA
15502 203543 NA
15503 203543 NA
15504 203543 NA
15505 203543 NA
15506 203543 NA
15507 207908 NA
15508 207908 NA
15509 207908 NA
15510 207908 NA
15511 207908 NA
15512 207908 NA
15513 207908 NA
15514 207908 NA
15515 213247 NA
15516 213247 NA
15517 213247 NA
15518 213247 NA
15519 213247 NA
15520 213247 NA
15521 213247 NA
15522 213247 NA
15523 217776 NA
15524 217776 NA
15525 217776 NA
15526 217776 NA
15527 217776 NA
15528 217776 NA
15529 217776 NA
15530 217776 NA
15531 217776 NA
15532 220621 NA
15533 220621 NA
15534 220621 NA
15535 220621 NA
15536 220621 NA
15537 220621 NA
15538 220621 NA
15539 220621 NA
15540 220621 NA
15541 220621 NA
15542 222912 NA
15543 222912 NA
15544 222912 NA
15545 222912 NA
15546 222912 NA
15547 222912 NA
15548 222912 NA
15549 222912 NA
15550 222912 NA
15551 222912 NA
15552 223348 NA
15553 223348 NA
15554 223348 NA
15555 223348 NA
15556 223348 NA
15557 223348 NA
15558 223348 NA
15559 223348 NA
15560 223348 NA
15561 223348 NA
15562 222070 NA
15563 222070 NA
15564 222070 NA
15565 222070 NA
15566 222070 NA
15567 222070 NA
15568 222070 NA
15569 222070 NA
15570 222070 NA
15571 222070 NA
15572 217842 NA
15573 217842 NA
15574 217842 NA
15575 217842 NA
15576 217842 NA
15577 217842 NA
15578 217842 NA
15579 217842 NA
15580 217842 NA
15581 217842 NA
15582 216320 NA
15583 216320 NA
15584 216320 NA
15585 216320 NA
15586 216320 NA
15587 216320 NA
15588 216320 NA
15589 218281 NA
15590 218281 NA
15591 218281 NA
15592 218281 NA
15593 218281 NA
15594 218281 NA
15595 218527 NA
15596 218527 NA
15597 218527 NA
15598 218527 NA
15599 218527 NA
15600 218527 NA
15601 218527 NA
15602 218527 NA
15603 221371 NA
15604 221371 NA
15605 221371 NA
15606 221371 NA
15607 221371 NA
15608 221371 NA
15609 221371 NA
15610 221371 NA
15611 221371 NA
15612 223322 NA
15613 223322 NA
15614 223322 NA
15615 223322 NA
15616 230646 NA
15617 230646 NA
15618 230646 NA
15619 239673 NA
15620 239673 NA
15621 239673 NA
15622 239673 NA
15623 239673 NA
15624 248262 NA
15625 248262 NA
15626 248262 NA
15627 248262 NA
15628 248262 NA
15629 248262 NA
15630 248262 NA
15631 257715 NA
15632 257715 NA
15633 257715 NA
15634 257715 NA
15635 257715 NA
15636 257715 NA
15637 257715 NA
15638 257715 NA
15639 257715 NA
15640 267378 NA
15641 267378 NA
15642 267378 NA
15643 267378 NA
15644 267378 NA
15645 267378 NA
15646 267378 NA
15647 267378 NA
15648 267378 NA
15649 267378 NA
15650 268423 NA
15651 269468 NA
15652 270513 NA
15653 271558 NA
15654 272603 NA
15655 273648 NA
15656 274693 NA
15657 275738 NA
15658 275738 NA
15659 275738 NA
15660 275738 NA
15661 283980 NA
15662 283980 NA
15663 283980 NA
15664 283980 NA
15665 283980 NA
15666 283980 NA
15667 283980 NA
15668 294502 NA
15669 294502 NA
15670 294502 NA
15671 294502 NA
15672 294502 NA
15673 294502 NA
15674 294502 NA
15675 305943 NA
15676 305943 NA
15677 305943 NA
15678 305943 NA
15679 305943 NA
15680 305943 NA
15681 316560 NA
15682 316560 NA
15683 316560 NA
15684 316560 NA
15685 316560 NA
15686 316560 NA
15687 316560 NA
15688 316560 NA
15689 316560 NA
15690 329388 NA
15691 329388 NA
15692 329388 NA
15693 329388 NA
15694 329388 NA
15695 329388 NA
15696 329388 NA
15697 329388 NA
15698 329388 NA
15699 341784 NA
15700 341784 NA
15701 341784 NA
15702 341784 NA
15703 341784 NA
15704 341784 NA
15705 341784 NA
15706 355671 NA
15707 355671 NA
15708 355671 NA
15709 355671 NA
15710 355671 NA
15711 355671 NA
15712 355671 NA
15713 355671 NA
15714 355671 NA
15715 369981 NA
15716 369981 NA
15717 369981 NA
15718 369981 NA
15719 369981 NA
15720 369981 NA
15721 369981 NA
15722 369981 NA
15723 369981 NA
15724 369981 NA
15725 380243 NA
15726 380243 NA
15727 380243 NA
15728 380243 NA
15729 380243 NA
15730 380243 NA
15731 380243 NA
15732 380243 NA
15733 380243 NA
15734 380243 NA
15735 384470 NA
15736 384470 NA
15737 384470 NA
15738 384470 NA
15739 384470 NA
15740 384470 NA
15741 384470 NA
15742 384470 NA
15743 384470 NA
15744 384470 NA
15745 388512 NA
15746 388512 NA
15747 388512 NA
15748 388512 NA
15749 388512 NA
15750 388512 NA
15751 388512 NA
15752 388512 NA
15753 388512 NA
15754 388512 NA
15755 390845 NA
15756 390845 NA
15757 390845 NA
15758 390845 NA
15759 390845 NA
15760 390845 NA
15761 390845 NA
15762 390845 NA
15763 390845 NA
15764 390845 NA
15765 390845 NA
15766 386948 NA
15767 386948 NA
15768 386948 NA
15769 386948 NA
15770 386948 NA
15771 386948 NA
15772 386948 NA
15773 386948 NA
15774 386948 NA
15775 386948 NA
15776 386948 NA
15777 385912 NA
15778 385912 NA
15779 385912 NA
15780 385912 NA
15781 385912 NA
15782 385912 NA
15783 385912 NA
15784 385912 NA
15785 385912 NA
15786 385912 NA
15787 385912 NA
15788 379489 NA
15789 379489 NA
15790 379489 NA
15791 379489 NA
15792 379489 NA
15793 379489 NA
15794 379489 NA
15795 379489 NA
15796 379489 NA
15797 378591 NA
15798 378591 NA
15799 378591 NA
15800 378591 NA
15801 378591 NA
15802 378591 NA
15803 378591 NA
15804 378591 NA
15805 378591 NA
15806 378591 NA
15807 376516 NA
15808 376516 NA
15809 376516 NA
15810 376516 NA
15811 376516 NA
15812 376516 NA
15813 376516 NA
15814 376516 NA
15815 376516 NA
15816 376516 NA
15817 376516 NA
15818 376516 NA
15819 370607 NA
15820 370607 NA
15821 370607 NA
15822 370607 NA
15823 370607 NA
15824 370607 NA
15825 370607 NA
15826 370607 NA
15827 370607 NA
15828 370607 NA
15829 370607 NA
15830 364086 NA
15831 364086 NA
15832 364086 NA
15833 364086 NA
15834 364086 NA
15835 364086 NA
15836 364086 NA
15837 364086 NA
15838 364086 NA
15839 364086 NA
15840 364086 NA
15841 363115 NA
15842 363115 NA
15843 363115 NA
15844 363115 NA
15845 363115 NA
15846 363115 NA
15847 363115 NA
15848 363115 NA
15849 363115 NA
15850 363115 NA
15851 363371 NA
15852 363371 NA
15853 363371 NA
15854 363371 NA
15855 363371 NA
15856 363371 NA
15857 363371 NA
15858 363371 NA
15859 363371 NA
15860 363371 NA
15861 364439 NA
15862 364439 NA
15863 364439 NA
15864 364439 NA
15865 364439 NA
15866 364439 NA
15867 364439 NA
15868 370761 NA
15869 370761 NA
15870 370761 NA
15871 370761 NA
15872 370761 NA
15873 370761 NA
15874 370761 NA
15875 370761 NA
15876 377318 NA
15877 377318 NA
15878 377318 NA
15879 377318 NA
15880 377318 NA
15881 377318 NA
15882 377318 NA
15883 377318 NA
15884 384347 NA
15885 384347 NA
15886 384347 NA
15887 384347 NA
15888 384347 NA
15889 384347 NA
15890 384347 NA
15891 384347 NA
15892 384347 NA
15893 389166 NA
15894 389166 NA
15895 389166 NA
15896 389166 NA
15897 389166 NA
15898 389166 NA
15899 389166 NA
15900 389166 NA
15901 389166 NA
15902 394967 NA
15903 394967 NA
15904 394967 NA
15905 394967 NA
15906 394967 NA
15907 394967 NA
15908 394967 NA
15909 394967 NA
15910 394967 NA
15911 394967 NA
15912 396116 NA
15913 396116 NA
15914 396116 NA
15915 396116 NA
15916 396116 NA
15917 396116 NA
15918 396116 NA
15919 396116 NA
15920 396116 NA
15921 396116 NA
15922 396116 NA
15923 395083 NA
15924 395083 NA
15925 395083 NA
15926 395083 NA
15927 395083 NA
15928 395083 NA
15929 395083 NA
15930 395083 NA
15931 395083 NA
15932 395083 NA
15933 395083 NA
15934 395083 NA
15935 395083 NA
15936 395083 NA
15937 395403 NA
15938 395403 NA
15939 395403 NA
15940 395403 NA
15941 395403 NA
15942 395403 NA
15943 395403 NA
15944 395403 NA
15945 395403 NA
15946 395403 NA
15947 395403 NA
15948 395403 NA
15949 395403 NA
15950 395403 NA
15951 395403 NA
15952 395403 NA
15953 395403 NA
15954 395403 NA
15955 395403 NA
15956 395403 NA
15957 389736 NA
15958 389736 NA
15959 389736 NA
15960 389736 NA
15961 389736 NA
15962 389736 NA
15963 389736 NA
15964 389736 NA
15965 389736 NA
15966 389736 NA
15967 389736 NA
15968 389736 NA
15969 389736 NA
15970 389736 NA
15971 389736 NA
15972 389736 NA
15973 389736 NA
15974 389736 NA
15975 389736 NA
15976 389736 NA
15977 388564 NA
15978 388564 NA
15979 388564 NA
15980 388564 NA
15981 388564 NA
15982 388564 NA
15983 388564 NA
15984 388564 NA
15985 388564 NA
15986 388564 NA
15987 388564 NA
15988 388564 NA
15989 388564 NA
15990 388564 NA
15991 388564 NA
15992 388564 NA
15993 388564 NA
15994 386560 NA
15995 386560 NA
15996 386560 NA
15997 386560 NA
15998 386560 NA
15999 386560 NA
16000 386560 NA
16001 386560 NA
16002 386560 NA
16003 386560 NA
16004 386560 NA
16005 386560 NA
16006 386560 NA
16007 386560 NA
16008 386560 NA
16009 386560 NA
16010 386560 NA
16011 394725 NA
16012 394725 NA
16013 394725 NA
16014 394725 NA
16015 394725 NA
16016 394725 NA
16017 394725 NA
16018 394725 NA
16019 394725 NA
16020 394725 NA
16021 394725 NA
16022 394725 NA
16023 394725 NA
16024 394725 NA
16025 394725 NA
16026 394725 NA
16027 394725 NA
16028 390904 NA
16029 390904 NA
16030 390904 NA
16031 390904 NA
16032 390904 NA
16033 390904 NA
16034 390904 NA
16035 390904 NA
16036 390904 NA
16037 390904 NA
16038 390904 NA
16039 390904 NA
16040 390904 NA
16041 390904 NA
16042 390904 NA
16043 374621 NA
16044 374621 NA
16045 374621 NA
16046 374621 NA
16047 374621 NA
16048 374621 NA
16049 374621 NA
16050 374621 NA
16051 374621 NA
16052 374621 NA
16053 374621 NA
16054 374621 NA
16055 374621 NA
16056 374621 NA
16057 374621 NA
16058 374621 NA
16059 374621 NA
16060 362164 NA
16061 362164 NA
16062 362164 NA
16063 362164 NA
16064 362164 NA
16065 362164 NA
16066 362164 NA
16067 362164 NA
16068 362164 NA
16069 362164 NA
16070 362164 NA
16071 362164 NA
16072 351895 NA
16073 351895 NA
16074 351895 NA
16075 351895 NA
16076 351895 NA
16077 351895 NA
16078 351895 NA
16079 351895 NA
16080 351895 NA
16081 351895 NA
16082 351895 NA
16083 351895 NA
16084 345204 NA
16085 345204 NA
16086 345204 NA
16087 345204 NA
16088 345204 NA
16089 345204 NA
16090 345204 NA
16091 345204 NA
16092 345204 NA
16093 345204 NA
16094 345204 NA
16095 341198 NA
16096 341198 NA
16097 341198 NA
16098 341198 NA
16099 341198 NA
16100 341198 NA
16101 341198 NA
16102 341198 NA
16103 341198 NA
16104 334920 NA
16105 334920 NA
16106 334920 NA
16107 334920 NA
16108 334920 NA
16109 334920 NA
16110 334920 NA
16111 334920 NA
16112 334920 NA
16113 334920 NA
16114 334920 NA
16115 326516 NA
16116 326516 NA
16117 326516 NA
16118 326516 NA
16119 326516 NA
16120 326516 NA
16121 326516 NA
16122 326516 NA
16123 326516 NA
16124 326516 NA
16125 326516 NA
16126 315699 NA
16127 315699 NA
16128 315699 NA
16129 315699 NA
16130 315699 NA
16131 315699 NA
16132 315699 NA
16133 315699 NA
16134 315699 NA
16135 315699 NA
16136 304784 NA
16137 304784 NA
16138 304784 NA
16139 304784 NA
16140 304784 NA
16141 304784 NA
16142 304784 NA
16143 304784 NA
16144 304784 NA
16145 304784 NA
16146 304784 NA
16147 294433 NA
16148 294433 NA
16149 294433 NA
16150 294433 NA
16151 294433 NA
16152 294433 NA
16153 294433 NA
16154 294433 NA
16155 294433 NA
16156 294433 NA
16157 294433 NA
16158 286149 NA
16159 286149 NA
16160 286149 NA
16161 286149 NA
16162 286149 NA
16163 286149 NA
16164 286149 NA
16165 286149 NA
16166 286149 NA
16167 286149 NA
16168 286149 NA
16169 286149 NA
16170 279429 NA
16171 279429 NA
16172 279429 NA
16173 279429 NA
16174 279429 NA
16175 279429 NA
16176 279429 NA
16177 279429 NA
16178 279429 NA
16179 279429 NA
16180 279429 NA
16181 279429 NA
16182 270741 NA
16183 270741 NA
16184 270741 NA
16185 270741 NA
16186 270741 NA
16187 270741 NA
16188 270741 NA
16189 270741 NA
16190 270741 NA
16191 270741 NA
16192 270741 NA
16193 270741 NA
16194 261547 NA
16195 261547 NA
16196 261547 NA
16197 261547 NA
16198 261547 NA
16199 261547 NA
16200 261547 NA
16201 261547 NA
16202 261547 NA
16203 261547 NA
16204 261547 NA
16205 261547 NA
16206 261547 NA
16207 261547 NA
16208 252391 NA
16209 252391 NA
16210 252391 NA
16211 252391 NA
16212 252391 NA
16213 252391 NA
16214 252391 NA
16215 252391 NA
16216 252391 NA
16217 252391 NA
16218 252391 NA
16219 252391 NA
16220 252391 NA
16221 252391 NA
16222 243704 NA
16223 243704 NA
16224 243704 NA
16225 243704 NA
16226 243704 NA
16227 243704 NA
16228 243704 NA
16229 243704 NA
16230 243704 NA
16231 243704 NA
16232 243704 NA
16233 243704 NA
16234 234377 NA
16235 234377 NA
16236 234377 NA
16237 234377 NA
16238 234377 NA
16239 234377 NA
16240 234377 NA
16241 234377 NA
16242 234377 NA
16243 234377 NA
16244 224333 NA
16245 224333 NA
16246 224333 NA
16247 224333 NA
16248 224333 NA
16249 224333 NA
16250 224333 NA
16251 224333 NA
16252 224333 NA
16253 224333 NA
16254 217370 NA
16255 217370 NA
16256 217370 NA
16257 217370 NA
16258 217370 NA
16259 217370 NA
16260 217370 NA
16261 217370 NA
16262 217370 NA
16263 209340 NA
16264 209340 NA
16265 209340 NA
16266 209340 NA
16267 209340 NA
16268 209340 NA
16269 209340 NA
16270 200907 NA
16271 200907 NA
16272 200907 NA
16273 200907 NA
16274 200907 NA
16275 200907 NA
16276 200907 NA
16277 193319 NA
16278 193319 NA
16279 193319 NA
16280 193319 NA
16281 193319 NA
16282 193319 NA
16283 193319 NA
16284 188314 NA
16285 188314 NA
16286 188314 NA
16287 188314 NA
16288 188314 NA
16289 188314 NA
16290 184807 NA
16291 184807 NA
16292 184807 NA
16293 184807 NA
16294 184807 NA
16295 184807 NA
16296 178389 NA
16297 178389 NA
16298 178389 NA
16299 178389 NA
16300 178389 NA
16301 178389 NA
16302 178389 NA
16303 171617 NA
16304 171617 NA
16305 171617 NA
16306 171617 NA
16307 171617 NA
16308 171617 NA
16309 171617 NA
16310 168373 NA
16311 168373 NA
16312 168373 NA
16313 168373 NA
16314 168373 NA
16315 168373 NA
16316 168373 NA
16317 168373 NA
16318 168373 NA
16319 164668 NA
16320 164668 NA
16321 164668 NA
16322 164668 NA
16323 164668 NA
16324 164668 NA
16325 164668 NA
16326 164668 NA
16327 164668 NA
16328 164668 NA
16329 157512 NA
16330 157512 NA
16331 157512 NA
16332 157512 NA
16333 157512 NA
16334 157512 NA
16335 157512 NA
16336 157512 NA
16337 152892 NA
16338 152892 NA
16339 152892 NA
16340 152892 NA
16341 152892 NA
16342 151477 NA
16343 151477 NA
16344 151477 NA
16345 151477 NA
16346 151477 NA
16347 151477 NA
16348 150151 NA
16349 150151 NA
16350 150151 NA
16351 150151 NA
16352 150151 NA
16353 150151 NA
16354 150151 NA
16355 146397 NA
16356 146397 NA
16357 146397 NA
16358 146397 NA
16359 146397 NA
16360 146397 NA
16361 146804 NA
16362 146804 NA
16363 146804 NA
16364 146804 NA
16365 146804 NA
16366 146804 NA
16367 147625 NA
16368 147625 NA
16369 147625 NA
16370 147625 NA
16371 147625 NA
16372 147625 NA
16373 148984 NA
16374 148984 NA
16375 148984 NA
16376 148984 NA
16377 148984 NA
16378 148984 NA
16379 148984 NA
16380 148984 NA
16381 149246 NA
16382 149246 NA
16383 149246 NA
16384 149246 NA
16385 149246 NA
16386 149246 NA
16387 148119 NA
16388 148119 NA
16389 148119 NA
16390 148119 NA
16391 148119 NA
16392 146205 NA
16393 146205 NA
16394 146205 NA
16395 146205 NA
16396 139646 NA
16397 139646 NA
16398 139646 NA
16399 139646 NA
16400 133585 NA
16401 133585 NA
16402 133585 NA
16403 133585 NA
16404 127744 NA
16405 127744 NA
16406 127744 NA
16407 127744 NA
16408 127744 NA
16409 122411 NA
16410 122411 NA
16411 122411 NA
16412 116833 NA
16413 116833 NA
16414 116833 NA
16415 116833 NA
16416 116833 NA
16417 111535 NA
16418 111535 NA
16419 111535 NA
16420 111535 NA
16421 111535 NA
16422 106531 NA
16423 106531 NA
16424 106531 NA
16425 106531 NA
16426 102146 NA
16427 102146 NA
16428 102146 NA
16429 102146 NA
16430 99842 NA
16431 99842 NA
16432 99842 NA
16433 99842 NA
16434 99796 NA
16435 99796 NA
16436 99796 NA
16437 99796 NA
16438 98502 NA
16439 98502 NA
16440 98502 NA
16441 98502 NA
16442 100236 NA
16443 100236 NA
16444 100236 NA
16445 100236 NA
16446 102069 NA
16447 102069 NA
16448 102069 NA
16449 102069 NA
16450 103915 NA
16451 103915 NA
16452 103915 NA
16453 103915 NA
16454 104807 NA
16455 104807 NA
16456 104807 NA
16457 104807 NA
16458 104807 NA
16459 105255 NA
16460 105255 NA
16461 105255 NA
16462 105255 NA
16463 104946 NA
16464 104946 NA
16465 104946 NA
16466 104946 NA
16467 103978 NA
16468 103978 NA
16469 103978 NA
16470 103978 NA
16471 103564 NA
16472 103564 NA
16473 103564 NA
16474 103564 NA
16475 101133 NA
16476 101133 NA
16477 101133 NA
16478 101133 NA
16479 101133 NA
16480 98748 NA
16481 98748 NA
16482 98748 NA
16483 97941 NA
16484 97941 NA
16485 97941 NA
16486 99455 NA
16487 99455 NA
16488 99455 NA
16489 99455 NA
16490 99716 NA
16491 99716 NA
16492 99716 NA
16493 99716 NA
16494 99026 NA
16495 99026 NA
16496 99026 NA
16497 99026 NA
16498 98182 NA
16499 98182 NA
16500 98182 NA
16501 98182 NA
16502 98625 NA
16503 98625 NA
16504 98625 NA
16505 98625 NA
16506 99732 NA
16507 99732 NA
16508 99732 NA
16509 99732 NA
16510 100155 NA
16511 100155 NA
16512 100155 NA
16513 100155 NA
16514 100155 NA
16515 100155 NA
16516 98945 NA
16517 98945 NA
16518 98945 NA
16519 98945 NA
16520 98945 NA
16521 100027 NA
16522 100027 NA
16523 100027 NA
16524 100027 NA
16525 97033 NA
16526 97033 NA
16527 97033 NA
16528 97033 NA
16529 97033 NA
16530 94172 NA
16531 94172 NA
16532 94172 NA
16533 94172 NA
16534 94172 NA
16535 94883 NA
16536 94883 NA
16537 94883 NA
16538 94883 NA
16539 94883 NA
16540 94708 NA
16541 94708 NA
16542 94708 NA
16543 94708 NA
16544 94708 NA
16545 94963 NA
16546 94963 NA
16547 94963 NA
16548 94963 NA
16549 94963 NA
16550 94963 NA
16551 96262 NA
16552 96262 NA
16553 96262 NA
16554 96262 NA
16555 96262 NA
16556 96262 NA
16557 94465 NA
16558 94465 NA
16559 94465 NA
16560 94465 NA
16561 94465 NA
16562 94465 NA
16563 92503 NA
16564 92503 NA
16565 92503 NA
16566 92503 NA
16567 92503 NA
16568 89893 NA
16569 89893 NA
16570 89893 NA
16571 89893 NA
16572 89893 NA
16573 88630 NA
16574 88630 NA
16575 88630 NA
16576 88630 NA
16577 88630 NA
16578 88630 NA
16579 86400 NA
16580 86400 NA
16581 86400 NA
16582 86400 NA
16583 84917 NA
16584 84917 NA
16585 84917 NA
16586 84917 NA
16587 84316 NA
16588 84316 NA
16589 84316 NA
16590 84316 NA
16591 84316 NA
16592 83327 NA
16593 83327 NA
16594 83327 NA
16595 83327 NA
16596 83161 NA
16597 83161 NA
16598 83161 NA
16599 83161 NA
16600 81224 NA
16601 81224 NA
16602 81224 NA
16603 81224 NA
16604 81224 NA
16605 80759 NA
16606 80759 NA
16607 80759 NA
16608 80759 NA
16609 80759 NA
16610 78678 NA
16611 78678 NA
16612 78678 NA
16613 78678 NA
16614 78678 NA
16615 75658 NA
16616 75658 NA
16617 75658 NA
16618 75658 NA
16619 75658 NA
16620 74498 NA
16621 74498 NA
16622 74498 NA
16623 74498 NA
16624 74498 NA
16625 74012 NA
16626 74012 NA
16627 74012 NA
16628 74012 NA
16629 74012 NA
16630 73551 NA
16631 73551 NA
16632 73551 NA
16633 73551 NA
16634 73551 NA
16635 73272 NA
16636 73272 NA
16637 73272 NA
16638 73272 NA
16639 73272 NA
16640 72718 NA
16641 72718 NA
16642 72718 NA
16643 72718 NA
16644 72718 NA
16645 70515 NA
16646 70515 NA
16647 70515 NA
16648 70515 NA
16649 70515 NA
16650 70515 NA
16651 67583 NA
16652 67583 NA
16653 67583 NA
16654 67583 NA
16655 67583 NA
16656 65230 NA
16657 65230 NA
16658 65230 NA
16659 65230 NA
16660 62353 NA
16661 62353 NA
16662 62353 NA
16663 62353 NA
16664 62353 NA
16665 59551 NA
16666 59551 NA
16668 59551 NA
16669 59551 NA
16670 56989 NA
16671 56989 NA
16672 56989 NA
16673 56989 NA
16674 56989 NA
16675 54465 NA
16676 54465 NA
16677 54465 NA
16678 54465 NA
16679 54465 NA
16680 52053 NA
16681 52053 NA
16682 52053 NA
16683 52053 NA
16684 49752 NA
16685 49752 NA
16686 49752 NA
16687 49752 NA
16688 49752 NA
16689 47651 NA
16690 47651 NA
16691 47651 NA
16692 47651 NA
16693 47651 NA
16694 45551 NA
16695 45551 NA
16696 45551 NA
16697 45551 NA
16698 45551 NA
16699 45551 NA
16700 43520 NA
16701 43520 NA
16702 43520 NA
16703 43520 NA
16704 43520 NA
16705 41651 NA
16706 41651 NA
16707 41651 NA
16708 41651 NA
16709 41651 NA
16710 41651 NA
16711 39860 NA
16712 39860 NA
16714 39860 NA
16717 38170 NA
16719 38170 NA
16720 38170 NA
16721 38170 NA
16722 36520 NA
16723 36520 NA
16724 36520 NA
16725 36520 NA
16726 36520 NA
16727 36520 NA
16728 34993 NA
16729 34993 NA
16730 34993 NA
16731 34993 NA
16732 34993 NA
16733 33502 NA
16734 33502 NA
16735 33502 NA
16736 33502 NA
16737 33502 NA
16738 32112 NA
16739 32112 NA
16740 32112 NA
16741 32112 NA
16742 32112 NA
16743 30731 NA
16744 30731 NA
16745 30731 NA
16746 30731 NA
16747 30731 NA
16748 30731 NA
16749 29479 NA
16750 29479 NA
16751 29479 NA
16752 29479 NA
16753 29479 NA
16754 28292 NA
16755 28292 NA
16756 28292 NA
16757 28292 NA
16759 28292 NA
16760 27096 NA
16761 27096 NA
16762 27096 NA
16763 27096 NA
16764 27096 NA
16765 27096 NA
16766 26002 NA
16767 26002 NA
16768 26002 NA
16769 26002 NA
16770 26002 NA
16771 24989 NA
16772 24989 NA
16773 24989 NA
16774 24989 NA
16775 24989 NA
16776 24989 NA
16777 23978 NA
16778 23978 NA
16779 23978 NA
16780 23978 NA
16781 22949 NA
16782 22949 NA
16783 22949 NA
16784 22949 NA
16785 22949 NA
16786 21997 NA
16787 21997 NA
16788 21997 NA
16789 21997 NA
16790 21997 NA
16791 21051 NA
16792 21051 NA
16793 21051 NA
16794 21051 NA
16795 20169 NA
16796 20169 NA
16797 20169 NA
16798 20169 NA
16799 20169 NA
16800 19320 NA
16801 19320 NA
16802 19320 NA
16803 19320 NA
16804 18476 NA
16805 18476 NA
16807 18476 NA
16808 18476 NA
16809 17672 NA
16810 17672 NA
16811 17672 NA
16812 16953 NA
16813 16953 NA
16814 16953 NA
16815 16953 NA
16816 16953 NA
16817 16294 NA
16818 16294 NA
16819 16294 NA
16820 16294 NA
16821 15629 NA
16822 15629 NA
16823 15629 NA
16824 15023 NA
16825 15023 NA
16826 14926 NA
16827 14926 NA
16828 14926 NA
16829 14926 NA
16830 15526 NA
16831 15526 NA
16832 15526 NA
16833 15526 NA
16834 15526 NA
16835 15526 NA
16836 15948 NA
16837 15948 NA
16838 15948 NA
16839 15948 NA
16840 15948 NA
16841 15948 NA
16842 15948 NA
16843 15948 NA
16844 16666 NA
16845 16666 NA
16846 16666 NA
16847 16666 NA
16848 16666 NA
16849 16666 NA
16850 16666 NA
16851 16666 NA
16852 16666 NA
16853 16666 NA
16854 17185 NA
16855 17185 NA
16856 17185 NA
16857 17185 NA
16858 17185 NA
16859 17185 NA
16860 17185 NA
16861 17185 NA
16862 17185 NA
16863 17185 NA
16864 17421 NA
16865 17421 NA
16866 17421 NA
16867 17421 NA
16869 17421 NA
16870 17421 NA
16871 17421 NA
16872 17421 NA
16873 17421 NA
16874 17967 NA
16875 17967 NA
16876 17967 NA
16877 17967 NA
16878 17967 NA
16879 17967 NA
16880 17967 NA
16881 17967 NA
16882 17967 NA
16883 17967 NA
16884 17967 NA
16885 18186 NA
16886 18186 NA
16887 18186 NA
16888 18186 NA
16889 18186 NA
16890 18186 NA
16891 18186 NA
16892 18186 NA
16893 18186 NA
16894 18186 NA
16895 18186 NA
16896 17544 NA
16897 17544 NA
16898 17544 NA
16899 17544 NA
16900 17544 NA
16901 17544 NA
16902 17544 NA
16903 17544 NA
16904 17544 NA
16905 17544 NA
16906 17544 NA
16907 17009 NA
16908 17009 NA
16909 17009 NA
16910 17009 NA
16911 17009 NA
16912 17009 NA
16913 17009 NA
16914 17009 NA
16915 17009 NA
16916 17009 NA
16917 17009 NA
16918 16351 NA
16919 16351 NA
16920 16351 NA
16921 16351 NA
16922 16351 NA
16923 16351 NA
16924 16351 NA
16925 16351 NA
16926 16351 NA
16927 15709 NA
16928 15709 NA
16929 15709 NA
16930 15709 NA
16931 15709 NA
16932 15709 NA
16933 15709 NA
16934 15709 NA
16935 15709 NA
16936 15709 NA
16937 15709 NA
16938 15340 NA
16939 15340 NA
16940 15340 NA
16941 15340 NA
16942 15340 NA
16943 15340 NA
16944 15340 NA
16945 15340 NA
16946 15340 NA
16947 15340 NA
16949 14742 NA
16950 14742 NA
16951 14742 NA
16952 14742 NA
16953 14742 NA
16954 14742 NA
16955 14742 NA
16956 14742 NA
16957 14742 NA
16958 14742 NA
16959 14133 NA
16960 14133 NA
16961 14133 NA
16966 14133 NA
16968 13784 NA
16969 13784 NA
16970 13784 NA
16971 13784 NA
16972 13784 NA
16973 13784 NA
16974 13784 NA
16975 13784 NA
16976 13784 NA
16977 13784 NA
16978 13481 NA
16979 13481 NA
16980 13481 NA
16981 13481 NA
16982 13481 NA
16984 13481 NA
16985 13481 NA
16986 13481 NA
16987 13481 NA
16988 13034 NA
16989 13034 NA
16990 13034 NA
16991 13034 NA
16992 13034 NA
16993 13034 NA
16994 13034 NA
16998 12525 NA
16999 12525 NA
17000 12525 NA
17001 12525 NA
17006 12525 NA
17007 12525 NA
17012 12216 NA
17014 12216 NA
17015 12216 NA
17016 12216 NA
17017 12216 NA
17018 12216 NA
17019 12394 NA
17020 12394 NA
17021 12394 NA
17022 12394 NA
17023 12394 NA
17024 12394 NA
17025 12394 NA
17026 12394 NA
17027 12394 NA
17028 12394 NA
17029 12394 NA
17031 12394 NA
17032 12302 NA
17033 12302 NA
17034 12302 NA
17035 12302 NA
17036 12302 NA
17037 12302 NA
17038 12302 NA
17039 12302 NA
17040 12302 NA
17042 12302 NA
17044 12302 NA
17045 12302 NA
17046 11966 NA
17047 11966 NA
17048 11966 NA
17049 11966 NA
17050 11966 NA
17051 11966 NA
17052 11966 NA
17053 11966 NA
17054 11966 NA
17055 11966 NA
17056 11966 NA
17057 11966 NA
17058 11527 NA
17059 11527 NA
17060 11527 NA
17061 11527 NA
17062 11527 NA
17063 11527 NA
17064 11527 NA
17069 11527 NA
17070 11527 NA
17071 11527 NA
17072 11103 NA
17073 11103 NA
17075 11103 NA
17076 11103 NA
17077 11103 NA
17078 11103 NA
17079 11103 NA
17080 11103 NA
17081 11103 NA
17083 10785 NA
17084 10785 NA
17085 10785 NA
17086 10785 NA
17087 10785 NA
17088 10785 NA
17089 10785 NA
17091 10785 NA
17092 10785 NA
17093 10785 NA
17094 10785 NA
17095 10785 NA
17096 10785 NA
17097 10392 NA
17098 10392 NA
17099 10392 NA
17100 10392 NA
17101 10392 NA
17102 10392 NA
17103 10392 NA
17104 10392 NA
17105 10392 NA
17106 10392 NA
17107 10392 NA
17108 10392 NA
17109 10392 NA
17110 10392 NA
17111 9984 NA
17112 9984 NA
17113 9984 NA
17114 9984 NA
17115 9984 NA
17117 9984 NA
17118 9984 NA
17119 9984 NA
17123 9984 NA
17124 9984 NA
17125 9984 NA
17126 9639 NA
17127 9639 NA
17129 9639 NA
17130 9639 NA
17131 9639 NA
17132 9639 NA
17133 9639 NA
17134 9639 NA
17135 9639 NA
17136 9639 NA
17138 9639 NA
17139 9247 NA
17140 9247 NA
17141 9247 NA
17142 9247 NA
17143 9247 NA
17144 9247 NA
17145 9247 NA
17146 9247 NA
17147 9247 NA
