"Index" "Price" "Volume"
14019 11200 NA
14020 11200 NA
14021 11200 NA
14022 11200 NA
14023 11200 NA
14024 11200 NA
14025 11200 NA
14026 11200 NA
14027 11200 NA
14028 11200 NA
14029 11100 NA
14030 11100 NA
14031 11100 NA
14032 11100 NA
14033 11100 NA
14034 11000 NA
14035 11000 NA
14036 11000 NA
14037 11000 NA
14038 11000 NA
14039 11000 NA
14040 11000 NA
14041 11000 NA
14042 11000 NA
14043 11000 NA
14044 11000 NA
14045 11000 NA
14046 11000 NA
14047 10900 NA
14048 10900 NA
14049 10900 NA
14050 10900 NA
14051 10900 NA
14052 11000 NA
14053 11000 NA
14054 11000 NA
14055 11000 NA
14056 11000 NA
14057 11000 NA
14058 11000 NA
14059 11000 NA
14060 11000 NA
14061 11000 NA
14062 11000 NA
14063 11000 NA
14064 11000 NA
14065 11000 NA
14066 11000 NA
14067 11000 NA
14068 11000 NA
14069 11000 NA
14070 11000 NA
14071 11200 NA
14072 11200 NA
14073 11200 NA
14074 11000 NA
14075 11000 NA
14076 11000 NA
14077 11100 NA
14078 11100 NA
14079 11000 NA
14080 11000 NA
14081 11000 NA
14082 11000 NA
14083 11000 NA
14084 11000 NA
14085 11000 NA
14086 11000 NA
14087 11000 NA
14088 11000 NA
14089 11000 NA
14090 11000 NA
14091 11100 NA
14092 11100 NA
14093 11100 NA
14094 11100 NA
14095 11100 NA
14096 11100 NA
14097 11100 NA
14098 11100 NA
14099 11100 NA
14100 11200 NA
14101 11200 NA
14102 11200 NA
14103 11200 NA
14104 11200 NA
14105 11400 NA
14106 11400 NA
14107 11600 NA
14108 11600 NA
14109 11700 NA
14110 11700 NA
14111 11900 NA
14112 11900 NA
14113 11900 NA
14114 12100 NA
14115 12100 NA
14116 12100 NA
14117 12300 NA
14118 12300 NA
14119 12300 NA
14120 12400 NA
14121 12400 NA
14122 12300 NA
14123 12300 NA
14124 12300 NA
14125 12400 NA
14126 12400 NA
14127 12400 NA
14128 12400 NA
14129 12300 NA
14130 12300 NA
14131 12300 NA
14132 12300 NA
14133 12300 NA
14134 12300 NA
14135 12500 NA
14136 12500 NA
14137 12600 NA
14138 12600 NA
14139 12600 NA
14140 12600 NA
14141 12700 NA
14142 12700 NA
14143 12700 NA
14144 12900 NA
14145 12900 NA
14146 12900 NA
14147 13100 NA
14148 13100 NA
14149 13300 NA
14150 13300 NA
14151 13300 NA
14152 13300 NA
14153 13400 NA
14154 13400 NA
14155 13400 NA
14156 13400 NA
14157 13400 NA
14158 13400 NA
14159 13500 NA
14160 13500 NA
14161 13500 NA
14162 13500 NA
14163 13600 NA
14164 13600 NA
14165 13600 NA
14166 13800 NA
14167 13800 NA
14168 13800 NA
14169 13800 NA
14170 13800 NA
14171 13800 NA
14172 13800 NA
14173 13700 NA
14174 13700 NA
14175 13700 NA
14176 13700 NA
14177 13500 NA
14178 13500 NA
14179 13500 NA
14180 13500 NA
14181 13200 NA
14182 13200 NA
14183 13200 NA
14184 13200 NA
14185 13000 NA
14186 13000 NA
14187 13000 NA
14188 13000 NA
14189 12700 NA
14190 12700 NA
14191 12700 NA
14192 12600 NA
14193 12600 NA
14194 12600 NA
14195 12500 NA
14196 12500 NA
14197 12500 NA
14198 12600 NA
14199 12600 NA
14200 12600 NA
14201 12600 NA
14202 12600 NA
14203 12600 NA
14204 12700 NA
14205 12700 NA
14206 12700 NA
14207 12700 NA
14208 12700 NA
14209 12700 NA
14210 12700 NA
14211 12800 NA
14212 12800 NA
14213 12900 NA
14214 12900 NA
14215 12900 NA
14216 12900 NA
14217 12800 NA
14218 12800 NA
14219 12800 NA
14220 12600 NA
14221 12600 NA
14222 12600 NA
14223 12600 NA
14224 12600 NA
14225 12600 NA
14226 12600 NA
14227 12800 NA
14228 12800 NA
14229 12800 NA
14230 12700 NA
14231 12700 NA
14232 12700 NA
14233 12500 NA
14234 12500 NA
14235 12500 NA
14236 12500 NA
14237 12600 NA
14238 12600 NA
14239 12600 NA
14240 12600 NA
14241 12400 NA
14242 12400 NA
14243 12400 NA
14244 12400 NA
14245 12400 NA
14246 12300 NA
14247 12300 NA
14248 12300 NA
14249 12300 NA
14250 12300 NA
14251 12300 NA
14252 12400 NA
14253 12400 NA
14254 12300 NA
14255 12300 NA
14256 12300 NA
14257 12300 NA
14258 12300 NA
14259 12300 NA
14260 12300 NA
14261 12200 NA
14262 12200 NA
14263 12200 NA
14264 12300 NA
14265 12300 NA
14266 12300 NA
14267 12000 NA
14268 12000 NA
14269 12100 NA
14270 12100 NA
14271 12100 NA
14272 12000 NA
14273 12000 NA
14274 12000 NA
14275 12000 NA
14276 12000 NA
14277 12000 NA
14278 12000 NA
14279 12000 NA
14280 12000 NA
14281 12100 NA
14282 12100 NA
14283 12100 NA
14284 12100 NA
14285 12100 NA
14286 12100 NA
14287 12100 NA
14288 11900 NA
14289 11900 NA
14290 11900 NA
14291 11800 NA
14292 11800 NA
14293 11800 NA
14294 11900 NA
14295 11900 NA
14296 11900 NA
14297 11900 NA
14298 11900 NA
14299 11900 NA
14300 11900 NA
14301 11900 NA
14302 11800 NA
14303 11800 NA
14304 11800 NA
14305 11700 NA
14306 11700 NA
14307 11700 NA
14308 11700 NA
14309 11600 NA
14310 11600 NA
14311 11600 NA
14312 11600 NA
14313 11600 NA
14314 11600 NA
14315 11600 NA
14316 11500 NA
14317 11500 NA
14318 11500 NA
14319 11300 NA
14320 11300 NA
14321 11300 NA
14322 11300 NA
14323 11300 NA
14324 11300 NA
14325 11300 NA
14326 11200 NA
14327 11200 NA
14328 11200 NA
14329 11200 NA
14330 11300 NA
14331 11300 NA
14332 11200 NA
14333 11200 NA
14334 11200 NA
14335 11200 NA
14336 11000 NA
14337 11000 NA
14338 11000 NA
14339 10900 NA
14340 10900 NA
14341 10900 NA
14342 10900 NA
14343 10700 NA
14344 10700 NA
14345 10700 NA
14346 10700 NA
14347 10700 NA
14348 10700 NA
14349 10600 NA
14350 10600 NA
14351 10600 NA
14352 10600 NA
14353 10600 NA
14354 10600 NA
14355 10600 NA
14356 10600 NA
14357 10600 NA
14358 10600 NA
14359 10600 NA
14360 10700 NA
14361 10700 NA
14362 10700 NA
14363 10600 NA
14364 10600 NA
14365 10600 NA
14366 10600 NA
14367 10400 NA
14368 10400 NA
14369 10400 NA
14370 10400 NA
14371 10400 NA
14372 10400 NA
14373 10200 NA
14374 10200 NA
14375 10200 NA
14376 10200 NA
14377 10100 NA
14378 10100 NA
14379 10100 NA
14380 10100 NA
14381 9938 NA
14382 9938 NA
14383 9938 NA
14384 9872 NA
14385 9872 NA
14386 9872 NA
14387 9844 NA
14388 9844 NA
14389 9844 NA
14390 9700 NA
14391 9700 NA
14392 9700 NA
14393 9700 NA
14394 9594 NA
14395 9594 NA
14396 9594 NA
14397 9472 NA
14398 9472 NA
14399 9472 NA
14400 9503 NA
14401 9503 NA
14402 9503 NA
14403 9503 NA
14404 9543 NA
14405 9543 NA
14406 9543 NA
14407 9543 NA
14408 9543 NA
14409 9488 NA
14410 9488 NA
14411 9488 NA
14412 9361 NA
14413 9361 NA
14414 9361 NA
14415 9474 NA
14416 9474 NA
14417 9474 NA
14418 9692 NA
14419 9692 NA
14420 9935 NA
14421 9935 NA
14422 9935 NA
14423 10300 NA
14424 10300 NA
14425 10300 NA
14426 10500 NA
14428 10500 NA
14429 10800 NA
14430 10800 NA
14431 10800 NA
14432 11000 NA
14433 11000 NA
14434 11000 NA
14435 11100 NA
14436 11100 NA
14437 11100 NA
14438 11200 NA
14439 11200 NA
14440 11200 NA
14441 11400 NA
14442 11400 NA
14443 11400 NA
14444 11600 NA
14445 11600 NA
14446 11600 NA
14447 11700 NA
14448 11700 NA
14449 11700 NA
14450 11900 NA
14451 11900 NA
14452 12200 NA
14453 12200 NA
14454 12200 NA
14455 12200 NA
14456 12400 NA
14457 12400 NA
14458 12400 NA
14459 12600 NA
14460 12600 NA
14461 12600 NA
14462 13000 NA
14463 13000 NA
14464 13000 NA
14465 13100 NA
14466 13100 NA
14467 13100 NA
14468 13200 NA
14469 13200 NA
14470 13200 NA
14471 13300 NA
14472 13300 NA
14473 13300 NA
14474 13500 NA
14475 13500 NA
14476 13500 NA
14477 13700 NA
14478 13700 NA
14479 13700 NA
14480 13700 NA
14481 14000 NA
14482 14000 NA
14483 14000 NA
14484 14000 NA
14485 14300 NA
14486 14300 NA
14487 14300 NA
14488 14400 NA
14489 14400 NA
14490 14400 NA
14491 14400 NA
14492 14400 NA
14493 14400 NA
14494 14400 NA
14495 14400 NA
14496 14700 NA
14497 14700 NA
14498 14700 NA
14499 14700 NA
14500 15100 NA
14501 15100 NA
14502 15100 NA
14503 15100 NA
14504 15500 NA
14505 15500 NA
14506 15500 NA
14507 15500 NA
14508 15700 NA
14509 15700 NA
14510 15700 NA
14511 15700 NA
14512 16100 NA
14513 16100 NA
14514 16100 NA
14515 16400 NA
14516 16400 NA
14517 16400 NA
14518 16400 NA
14519 16600 NA
14520 16600 NA
14521 16600 NA
14522 17000 NA
14523 17000 NA
14524 17000 NA
14525 17000 NA
14526 17000 NA
14527 17400 NA
14528 17400 NA
14529 17400 NA
14530 17500 NA
14531 17500 NA
14532 17500 NA
14533 17900 NA
14534 17900 NA
14535 17900 NA
14536 18200 NA
14537 18200 NA
14538 18200 NA
14539 18200 NA
14540 18200 NA
14541 18700 NA
14542 18700 NA
14543 18700 NA
14544 18700 NA
14545 19000 NA
14546 19000 NA
14547 19000 NA
14548 19500 NA
14549 19500 NA
14550 19500 NA
14551 20000 NA
14552 20000 NA
14553 20000 NA
14554 20000 NA
14555 20300 NA
14556 20300 NA
14557 20300 NA
14558 20300 NA
14559 20400 NA
14560 20400 NA
14561 20400 NA
14562 20400 NA
14563 20500 NA
14564 20500 NA
14565 20500 NA
14566 20500 NA
14567 20500 NA
14568 20600 NA
14569 20600 NA
14570 20600 NA
14571 20600 NA
14572 20500 NA
14573 20500 NA
14574 20500 NA
14575 20500 NA
14576 20600 NA
14577 20600 NA
14578 20600 NA
14579 20600 NA
14580 21000 NA
14581 21000 NA
14582 21000 NA
14583 21000 NA
14584 21200 NA
14585 21200 NA
14586 21200 NA
14587 21200 NA
14588 21400 NA
14589 21400 NA
14590 21400 NA
14591 21400 NA
14592 21800 NA
14593 21800 NA
14594 21800 NA
14595 21800 NA
14596 21800 NA
14597 22100 NA
14598 22100 NA
14599 22100 NA
14600 22100 NA
14601 22500 NA
14602 22500 NA
14603 22500 NA
14604 22500 NA
14605 22700 NA
14606 22700 NA
14607 22700 NA
14608 22700 NA
14609 22700 NA
14610 22900 NA
14611 22900 NA
14612 22900 NA
14613 23000 NA
14614 23000 NA
14615 23000 NA
14616 23000 NA
14617 23000 NA
14618 23100 NA
14619 23100 NA
14620 23100 NA
14621 23100 NA
14622 23100 NA
14623 23400 NA
14624 23400 NA
14625 23400 NA
14626 23600 NA
14627 23600 NA
14628 23600 NA
14629 23600 NA
14630 23600 NA
14631 23800 NA
14632 23800 NA
14633 23800 NA
14634 23800 NA
14635 23800 NA
14636 24000 NA
14637 24000 NA
14638 24000 NA
14639 24000 NA
14640 24100 NA
14641 24100 NA
14642 24100 NA
14643 24100 NA
14644 24100 NA
14645 24100 NA
14646 24100 NA
14647 24100 NA
14648 24100 NA
14649 24100 NA
14650 24300 NA
14651 24300 NA
14653 24300 NA
14654 24500 NA
14655 24500 NA
14656 24500 NA
14657 24500 NA
14658 24900 NA
14659 24900 NA
14660 24900 NA
14661 24900 NA
14662 25300 NA
14663 25300 NA
14664 25300 NA
14665 25300 NA
14666 25300 NA
14667 25300 NA
14668 25300 NA
14669 25300 NA
14670 25300 NA
14671 25600 NA
14672 25600 NA
14673 25600 NA
14674 25600 NA
14675 25600 NA
14676 25900 NA
14677 25900 NA
14678 25900 NA
14679 25900 NA
14680 25900 NA
14681 26300 NA
14682 26300 NA
14683 26300 NA
14684 26300 NA
14685 26600 NA
14686 26600 NA
14687 26600 NA
14688 26600 NA
14689 26900 NA
14690 26900 NA
14691 26900 NA
14692 26900 NA
14693 27300 NA
14694 27300 NA
14695 27300 NA
14696 27300 NA
14697 27300 NA
14698 27700 NA
14699 27700 NA
14700 27700 NA
14701 27700 NA
14702 28300 NA
14703 28300 NA
14704 28300 NA
14705 28300 NA
14706 28300 NA
14707 28800 NA
14708 28800 NA
14709 28800 NA
14710 28800 NA
14711 29200 NA
14712 29200 NA
14713 29200 NA
14714 29200 NA
14715 29200 NA
14716 29200 NA
14717 29200 NA
14718 29200 NA
14719 29200 NA
14720 29200 NA
14721 29200 NA
14722 29200 NA
14723 29200 NA
14724 29200 NA
14725 29200 NA
14726 29200 NA
14727 29200 NA
14728 29200 NA
14729 29100 NA
14730 29100 NA
14731 29100 NA
14732 29100 NA
14733 29100 NA
14734 28700 NA
14735 28700 NA
14736 28700 NA
14737 28700 NA
14738 28700 NA
14739 28700 NA
14740 28400 NA
14741 28400 NA
14742 28400 NA
14743 28400 NA
14744 28400 NA
14745 28400 NA
14746 28200 NA
14747 28200 NA
14748 28200 NA
14749 28200 NA
14750 28200 NA
14751 28200 NA
14752 28500 NA
14753 28500 NA
14754 28500 NA
14755 28500 NA
14756 28500 NA
14757 28500 NA
14758 28600 NA
14759 28600 NA
14760 28600 NA
14761 28600 NA
14762 28600 NA
14763 28600 NA
14764 28300 NA
14765 28300 NA
14766 28300 NA
14767 28300 NA
14768 28400 NA
14769 28400 NA
14770 28400 NA
14771 28400 NA
14772 28400 NA
14773 28400 NA
14774 28400 NA
14775 28400 NA
14776 28400 NA
14777 28400 NA
14778 28100 NA
14779 28100 NA
14780 28100 NA
14781 28100 NA
14782 28100 NA
14783 28100 NA
14784 27800 NA
14785 27800 NA
14786 27800 NA
14787 27800 NA
14788 27800 NA
14789 27400 NA
14790 27400 NA
14791 27400 NA
14792 27400 NA
14793 27400 NA
14794 27500 NA
14795 27500 NA
14796 27500 NA
14797 27500 NA
14798 27500 NA
14799 27800 NA
14800 27800 NA
14801 27800 NA
14802 27800 NA
14803 27800 NA
14804 27800 NA
14805 27800 NA
14806 27800 NA
14807 27800 NA
14808 27800 NA
14809 28000 NA
14810 28000 NA
14811 28000 NA
14812 28000 NA
14813 28000 NA
14814 28000 NA
14815 28000 NA
14816 28000 NA
14817 28000 NA
14818 27800 NA
14819 27800 NA
14820 27800 NA
14821 27800 NA
14822 27800 NA
14823 27600 NA
14824 27600 NA
14825 27600 NA
14826 26700 NA
14827 26700 NA
14828 26700 NA
14829 26700 NA
14830 25500 NA
14831 25500 NA
14832 24500 NA
14833 24500 NA
14834 24500 NA
14835 23500 NA
14836 23500 NA
14837 23500 NA
14838 22700 NA
14839 22700 NA
14840 22700 NA
14841 22700 NA
14842 21900 NA
14843 21900 NA
14844 21900 NA
14845 21000 NA
14846 21000 NA
14847 21000 NA
14848 21000 NA
14849 21000 NA
14850 20200 NA
14851 20200 NA
14852 20200 NA
14853 20200 NA
14854 20200 NA
14855 19400 NA
14856 19400 NA
14857 19400 NA
14858 19400 NA
14859 18800 NA
14860 18800 NA
14861 18800 NA
14862 18800 NA
14863 18800 NA
14864 18200 NA
14865 18200 NA
14866 18200 NA
14867 18200 NA
14868 18200 NA
14869 17500 NA
14870 17500 NA
14871 17500 NA
14872 17500 NA
14873 17500 NA
14874 17000 NA
14875 17000 NA
14876 17000 NA
14877 17000 NA
14878 17000 NA
14879 16700 NA
14880 16700 NA
14881 16700 NA
14882 16700 NA
14883 16700 NA
14884 16700 NA
14885 16200 NA
14886 16200 NA
14887 16200 NA
14888 16200 NA
14889 16200 NA
14890 16200 NA
14891 16200 NA
14892 15800 NA
14893 15800 NA
14894 15800 NA
14895 15800 NA
14896 15800 NA
14897 15400 NA
14898 15400 NA
14899 15400 NA
14900 15400 NA
14901 15400 NA
14902 15400 NA
14903 15100 NA
14904 15100 NA
14905 15100 NA
14906 15100 NA
14907 14900 NA
14908 14900 NA
14909 14900 NA
14910 14900 NA
14911 14900 NA
14912 14700 NA
14913 14700 NA
14914 14700 NA
14915 14700 NA
14916 14700 NA
14917 14700 NA
14918 14500 NA
14920 14500 NA
14921 14500 NA
14922 14400 NA
14923 14400 NA
14924 14400 NA
14925 14400 NA
14926 14400 NA
14927 14500 NA
14928 14500 NA
14929 14500 NA
14930 14500 NA
14931 14500 NA
14932 14500 NA
14933 14400 NA
14934 14400 NA
14935 14400 NA
14936 14400 NA
14937 14400 NA
14938 14300 NA
14939 14300 NA
14940 14300 NA
14941 14300 NA
14942 14300 NA
14943 14300 NA
14944 14100 NA
14945 14100 NA
14946 14100 NA
14947 14100 NA
14948 14100 NA
14949 13900 NA
14950 13900 NA
14951 13900 NA
14952 13900 NA
14953 13900 NA
14954 13900 NA
14955 13700 NA
14956 13700 NA
14957 13700 NA
14958 13700 NA
14959 13700 NA
14960 13800 NA
14961 13800 NA
14962 13800 NA
14963 13800 NA
14964 13800 NA
14965 13600 NA
14966 13600 NA
14967 13600 NA
14968 13600 NA
14969 13600 NA
14970 13600 NA
14971 13600 NA
14972 13200 NA
14973 13200 NA
14974 13200 NA
14975 13200 NA
14978 12800 NA
14984 12800 NA
14985 12500 NA
14990 12500 NA
14991 12200 NA
14996 12200 NA
14998 11900 NA
15003 11900 NA
15005 11500 NA
15008 10700 NA
15012 10400 NA
15013 10400 NA
15016 10200 NA
15019 9990 NA
15020 9990 NA
15023 9832 NA
15025 9832 NA
15026 9771 NA
15029 9773 NA
15032 9773 NA
15033 9804 NA
15036 9790 NA
15039 9790 NA
15042 9730 NA
15044 9730 NA
15046 9627 NA
15048 9627 NA
15050 9460 NA
15052 9460 NA
15054 9453 NA
15055 9453 NA
15060 9389 NA
15063 9389 NA
15064 9303 NA
15067 9303 NA
15070 9214 NA
15073 9214 NA
15076 9103 NA
15078 9059 NA
15080 9059 NA
15084 9061 NA
15087 9061 NA
15088 9158 NA
15090 9158 NA
15093 9108 NA
15094 9108 NA
15096 9082 NA
15101 9082 NA
15102 8992 NA
15106 8992 NA
15107 8965 NA
15110 8965 NA
15112 8901 NA
15115 8901 NA
15116 8846 NA
15120 8846 NA
15122 8814 NA
15125 8814 NA
15128 8796 NA
15132 8830 NA
15136 8830 NA
15137 8813 NA
15138 8813 NA
15143 8704 NA
15145 8704 NA
15149 8567 NA
15150 8567 NA
15154 8477 NA
15156 8454 NA
15159 8454 NA
15161 8411 NA
15165 8411 NA
15168 8279 NA
15172 8135 NA
15175 8155 NA
15178 8155 NA
15179 8157 NA
15184 8126 NA
15187 8126 NA
15189 8091 NA
15194 8091 NA
15196 8078 NA
15197 8078 NA
15199 8101 NA
15204 8123 NA
15210 8224 NA
15215 8344 NA
15220 8335 NA
15221 8335 NA
15224 8191 NA
15227 8191 NA
15231 8007 NA
15232 8007 NA
15235 7773 NA
15242 7536 NA
15244 7536 NA
15248 7226 NA
15250 7226 NA
15254 7029 NA
15258 6992 NA
15264 7017 NA
15271 6893 NA
15275 6893 NA
15277 6736 NA
15281 6736 NA
15283 6685 NA
15284 6685 NA
15289 6814 NA
15295 6581 NA
15297 6581 NA
15301 6627 NA
15304 6627 NA
15307 6597 NA
15310 6597 NA
15313 6621 NA
15318 6621 NA
15319 6656 NA
15325 6656 NA
15326 6776 NA
15330 6776 NA
15331 6858 NA
15336 6858 NA
15337 6932 NA
15340 6932 NA
15341 6932 NA
15342 6932 NA
15343 7047 NA
15344 7047 NA
15345 7047 NA
15346 7047 NA
15347 7047 NA
15348 7047 NA
15349 7047 NA
15350 7152 NA
15351 7152 NA
15352 7152 NA
15353 7152 NA
15354 7152 NA
15355 7152 NA
15356 7152 NA
15357 7168 NA
15358 7168 NA
15359 7168 NA
15360 7168 NA
15361 7168 NA
15362 7168 NA
15363 7168 NA
15364 7168 NA
15365 7199 NA
15366 7199 NA
15367 7199 NA
15368 7199 NA
15369 7199 NA
15370 7199 NA
15371 7199 NA
15372 7257 NA
15373 7257 NA
15374 7257 NA
15375 7257 NA
15376 7257 NA
15377 7257 NA
15378 7257 NA
15379 7257 NA
15380 7405 NA
15381 7405 NA
15382 7405 NA
15383 7405 NA
15384 7405 NA
15385 7405 NA
15386 7405 NA
15387 7405 NA
15388 7405 NA
15389 7405 NA
15390 7405 NA
15391 7405 NA
15392 7405 NA
15393 7405 NA
15394 7463 NA
15395 7463 NA
15396 7463 NA
15397 7463 NA
15398 7463 NA
15399 7463 NA
15400 7463 NA
15401 7463 NA
15402 7463 NA
15403 7618 NA
15404 7618 NA
15405 7618 NA
15406 7618 NA
15407 7400 NA
15408 7400 NA
15409 7400 NA
15410 7400 NA
15411 7261 NA
15412 7261 NA
15413 7261 NA
15414 7261 NA
15415 7261 NA
15416 7261 NA
15417 7261 NA
15418 7323 NA
15419 7323 NA
15420 7323 NA
15421 7323 NA
15422 7331 NA
15423 7340 NA
15424 7348 NA
15425 7357 NA
15426 7365 NA
15427 7365 NA
15428 7365 NA
15429 7365 NA
15430 7365 NA
15431 7365 NA
15432 7365 NA
15433 7365 NA
15434 7365 NA
15435 7275 NA
15436 7275 NA
15437 7275 NA
15438 7275 NA
15439 7275 NA
15440 7275 NA
15441 7275 NA
15442 7275 NA
15443 7144 NA
15444 7144 NA
15445 7144 NA
15446 7144 NA
15447 7144 NA
15448 7144 NA
15449 7144 NA
15450 7144 NA
15451 7144 NA
15452 6987 NA
15453 6987 NA
15454 6987 NA
15455 6987 NA
15456 6987 NA
15457 6987 NA
15458 6987 NA
15459 6987 NA
15460 6791 NA
15461 6791 NA
15462 6791 NA
15463 6791 NA
15464 6791 NA
15465 6791 NA
15466 6791 NA
15467 6791 NA
15468 6551 NA
15469 6551 NA
15470 6551 NA
15471 6551 NA
15472 6551 NA
15473 6551 NA
15474 6551 NA
15475 6551 NA
15476 6338 NA
15477 6338 NA
15478 6338 NA
15479 6338 NA
15480 6338 NA
15481 6338 NA
15482 6338 NA
15483 6192 NA
15484 6192 NA
15485 6192 NA
15486 6192 NA
15487 6192 NA
15488 6192 NA
15489 6192 NA
15490 6079 NA
15491 6079 NA
15492 6079 NA
15493 6079 NA
15494 6079 NA
15495 6079 NA
15496 6079 NA
15497 5979 NA
15498 5979 NA
15499 5979 NA
15500 5979 NA
15501 5979 NA
15502 5979 NA
15503 5979 NA
15504 5845 NA
15505 5845 NA
15506 5845 NA
15507 5845 NA
15508 5845 NA
15509 5845 NA
15510 5665 NA
15511 5665 NA
15512 5665 NA
15513 5665 NA
15514 5665 NA
15515 5598 NA
15516 5598 NA
15517 5598 NA
15518 5598 NA
15519 5598 NA
15520 5598 NA
15521 5598 NA
15522 5533 NA
15523 5533 NA
15524 5533 NA
15525 5533 NA
15526 5533 NA
15527 5533 NA
15528 5533 NA
15529 5441 NA
15530 5441 NA
15531 5441 NA
15532 5441 NA
15533 5441 NA
15534 5441 NA
15535 5441 NA
15536 5343 NA
15537 5343 NA
15538 5343 NA
15539 5343 NA
15540 5343 NA
15541 5343 NA
15542 5343 NA
15543 5343 NA
15544 5356 NA
15545 5356 NA
15546 5356 NA
15547 5356 NA
15548 5356 NA
15549 5356 NA
15550 5356 NA
15551 5219 NA
15552 5219 NA
15553 5219 NA
15554 5219 NA
15555 5219 NA
15556 5219 NA
15557 5219 NA
15558 5020 NA
15559 5020 NA
15560 5020 NA
15561 5020 NA
15562 5020 NA
15563 5020 NA
15564 4840 NA
15565 4840 NA
15566 4840 NA
15567 4840 NA
15568 4840 NA
15569 4840 NA
15570 4840 NA
15571 4667 NA
15572 4667 NA
15573 4667 NA
15574 4667 NA
15575 4667 NA
15576 4667 NA
15577 4667 NA
15578 4667 NA
15579 4667 NA
15580 4500 NA
15581 4500 NA
15582 4500 NA
15583 4500 NA
15584 4500 NA
15585 4500 NA
15586 4500 NA
15587 4500 NA
15588 4346 NA
15589 4346 NA
15590 4346 NA
15591 4346 NA
15592 4346 NA
15593 4346 NA
15594 4346 NA
15595 4346 NA
15596 4346 NA
15597 4210 NA
15598 4210 NA
15599 4210 NA
15600 4210 NA
15601 4210 NA
15602 4210 NA
15603 4210 NA
15604 4210 NA
15605 4210 NA
15606 4107 NA
15607 4107 NA
15608 4107 NA
15609 4107 NA
15610 4107 NA
15611 4107 NA
15612 4107 NA
15613 4107 NA
15614 4107 NA
15615 4107 NA
15616 4041 NA
15617 4041 NA
15618 4041 NA
15619 4041 NA
15620 4041 NA
15621 4041 NA
15622 4041 NA
15623 4041 NA
15624 4041 NA
15625 4041 NA
15626 4041 NA
15627 4041 NA
15628 3972 NA
15629 3972 NA
15630 3972 NA
15631 3972 NA
15632 3972 NA
15633 3972 NA
15634 3972 NA
15635 3972 NA
15636 3972 NA
15637 3972 NA
15638 3972 NA
15639 3972 NA
15640 3897 NA
15641 3897 NA
15642 3897 NA
15643 3897 NA
15644 3897 NA
15645 3897 NA
15646 3897 NA
15647 3897 NA
15648 3897 NA
15649 3897 NA
15650 3890 NA
15651 3882 NA
15652 3875 NA
15653 3868 NA
15654 3860 NA
15655 3853 NA
15656 3845 NA
15657 3838 NA
15658 3838 NA
15659 3838 NA
15660 3838 NA
15661 3838 NA
15662 3838 NA
15663 3838 NA
15664 3703 NA
15665 3703 NA
15666 3703 NA
15667 3703 NA
15668 3703 NA
15669 3703 NA
15670 3703 NA
15671 3703 NA
15672 3703 NA
15673 3703 NA
15674 3703 NA
15675 3703 NA
15676 3703 NA
15677 3703 NA
15678 3703 NA
15679 3703 NA
15680 3703 NA
15681 3703 NA
15682 3703 NA
15683 3634 NA
15684 3634 NA
15685 3634 NA
15686 3634 NA
15687 3634 NA
15688 3634 NA
15689 3634 NA
15690 3634 NA
15691 3634 NA
15692 3634 NA
15693 3634 NA
15694 3634 NA
15695 3634 NA
15696 3634 NA
15697 3634 NA
15698 3634 NA
15699 3634 NA
15700 3634 NA
15701 3634 NA
15702 3634 NA
15703 3612 NA
15704 3612 NA
15705 3612 NA
15706 3612 NA
15707 3612 NA
15708 3612 NA
15709 3612 NA
15710 3612 NA
15711 3612 NA
15712 3612 NA
15713 3612 NA
15714 3612 NA
15715 3612 NA
15716 3612 NA
15717 3612 NA
15718 3612 NA
15719 3612 NA
15720 3612 NA
15721 3612 NA
15722 3612 NA
15723 3612 NA
15724 3612 NA
15725 3612 NA
15726 3612 NA
15727 3612 NA
15728 3612 NA
15729 3612 NA
15730 3612 NA
15731 3582 NA
15732 3582 NA
15733 3582 NA
15734 3582 NA
15735 3582 NA
15736 3582 NA
15737 3582 NA
15738 3582 NA
15739 3582 NA
15740 3582 NA
15741 3582 NA
15742 3582 NA
15743 3582 NA
15744 3582 NA
15745 3582 NA
15746 3582 NA
15747 3582 NA
15748 3582 NA
15749 3582 NA
15750 3582 NA
15751 3582 NA
15752 3582 NA
15753 3582 NA
15754 3582 NA
15755 3582 NA
15756 3582 NA
15757 3582 NA
15758 3582 NA
15759 3557 NA
15760 3557 NA
15761 3557 NA
15762 3557 NA
15763 3557 NA
15764 3557 NA
15765 3557 NA
15766 3557 NA
15767 3557 NA
15768 3557 NA
15769 3557 NA
15770 3557 NA
15771 3557 NA
15772 3557 NA
15773 3557 NA
15774 3557 NA
15775 3557 NA
15776 3557 NA
15777 3557 NA
15778 3557 NA
15779 3557 NA
15780 3557 NA
15781 3557 NA
15782 3525 NA
15783 3525 NA
15784 3525 NA
15785 3525 NA
15786 3525 NA
15787 3525 NA
15788 3525 NA
15789 3525 NA
15790 3525 NA
15791 3525 NA
15792 3525 NA
15793 3525 NA
15794 3525 NA
15795 3525 NA
15796 3525 NA
15797 3525 NA
15798 3525 NA
15799 3525 NA
15800 3525 NA
15801 3525 NA
15802 3525 NA
15803 3525 NA
15804 3525 NA
15805 3525 NA
15806 3525 NA
15807 3505 NA
15808 3505 NA
15809 3505 NA
15810 3505 NA
15811 3505 NA
15812 3505 NA
15813 3505 NA
15814 3505 NA
15815 3505 NA
15816 3505 NA
15817 3505 NA
15818 3505 NA
15819 3505 NA
15820 3505 NA
15821 3505 NA
15822 3505 NA
15823 3505 NA
15824 3505 NA
15825 3505 NA
15826 3505 NA
15827 3505 NA
15828 3505 NA
15829 3505 NA
15830 3505 NA
15831 3505 NA
15832 3505 NA
15833 3505 NA
15834 3505 NA
15835 3505 NA
15836 3505 NA
15837 3505 NA
15838 3505 NA
15839 3505 NA
15840 3505 NA
15841 3454 NA
15842 3454 NA
15843 3454 NA
15844 3454 NA
15845 3454 NA
15846 3454 NA
15847 3454 NA
15848 3454 NA
15849 3454 NA
15850 3454 NA
15851 3454 NA
15852 3454 NA
15853 3454 NA
15854 3454 NA
15855 3454 NA
15856 3454 NA
15857 3454 NA
15858 3454 NA
15859 3454 NA
15860 3454 NA
15861 3454 NA
15862 3454 NA
15863 3454 NA
15864 3454 NA
15865 3454 NA
15866 3454 NA
15867 3454 NA
15868 3454 NA
15869 3454 NA
15870 3454 NA
15871 3454 NA
15872 3469 NA
15873 3469 NA
15874 3469 NA
15875 3469 NA
15876 3469 NA
15877 3469 NA
15878 3469 NA
15879 3469 NA
15880 3469 NA
15881 3469 NA
15882 3469 NA
15883 3469 NA
15884 3469 NA
15885 3469 NA
15886 3469 NA
15887 3469 NA
15888 3469 NA
15889 3469 NA
15890 3469 NA
15891 3469 NA
15892 3469 NA
15893 3469 NA
15894 3469 NA
15895 3469 NA
15896 3469 NA
15897 3469 NA
15898 3469 NA
15899 3469 NA
15900 3469 NA
15901 3469 NA
15902 3469 NA
15903 3470 NA
15904 3471 NA
15905 3472 NA
15906 3473 NA
15907 3474 NA
15908 3475 NA
15909 3475 NA
15910 3475 NA
15911 3475 NA
15912 3475 NA
15913 3475 NA
15914 3475 NA
15915 3475 NA
15916 3475 NA
15917 3475 NA
15918 3475 NA
15919 3475 NA
15920 3475 NA
15921 3475 NA
15922 3475 NA
15923 3475 NA
15924 3475 NA
15925 3475 NA
15926 3475 NA
15927 3475 NA
15928 3475 NA
15929 3475 NA
15930 3475 NA
15931 3475 NA
15932 3475 NA
15933 3472 NA
15934 3472 NA
15935 3472 NA
15936 3472 NA
15937 3472 NA
15938 3472 NA
15939 3472 NA
15940 3472 NA
15941 3472 NA
15942 3472 NA
15943 3472 NA
15944 3472 NA
15945 3472 NA
15946 3472 NA
15947 3472 NA
15948 3472 NA
15949 3472 NA
15950 3472 NA
15951 3472 NA
15952 3472 NA
15953 3472 NA
15954 3472 NA
15955 3472 NA
15956 3472 NA
15957 3472 NA
15958 3472 NA
15959 3472 NA
15960 3472 NA
15961 3472 NA
15962 3472 NA
15963 3472 NA
15964 3472 NA
15965 3472 NA
15966 3472 NA
15967 3472 NA
15968 3472 NA
15969 3472 NA
15970 3472 NA
15971 3472 NA
15972 3472 NA
15973 3472 NA
15974 3472 NA
15975 3472 NA
15976 3472 NA
15977 3472 NA
15978 3472 NA
15979 3472 NA
15980 3472 NA
15981 3472 NA
15982 3472 NA
15983 3541 NA
15984 3541 NA
15985 3541 NA
15986 3541 NA
15987 3541 NA
15988 3541 NA
15989 3541 NA
15990 3541 NA
15991 3541 NA
15992 3541 NA
15993 3541 NA
15994 3541 NA
15995 3541 NA
15996 3541 NA
15997 3541 NA
15998 3541 NA
15999 3541 NA
16000 3541 NA
16001 3541 NA
16002 3541 NA
16003 3541 NA
16004 3541 NA
16005 3541 NA
16006 3541 NA
16007 3541 NA
16008 3541 NA
16009 3541 NA
16010 3541 NA
16011 3541 NA
16012 3541 NA
16013 3541 NA
16014 3541 NA
16015 3541 NA
16016 3541 NA
16017 3541 NA
16018 3541 NA
16019 3541 NA
16020 3541 NA
16021 3541 NA
16022 3541 NA
16023 3541 NA
16024 3541 NA
16025 3541 NA
16026 3541 NA
16027 3541 NA
16028 3541 NA
16029 3541 NA
16030 3541 NA
16031 3541 NA
16032 3541 NA
16033 3541 NA
16034 3541 NA
16035 3546 NA
16036 3550 NA
16037 3555 NA
16038 3559 NA
16039 3564 NA
16040 3568 NA
16041 3573 NA
16042 3573 NA
16043 3573 NA
16044 3573 NA
16045 3573 NA
16046 3573 NA
16047 3573 NA
16048 3573 NA
16049 3573 NA
16050 3573 NA
16051 3573 NA
16052 3573 NA
16053 3573 NA
16054 3573 NA
16055 3573 NA
16056 3573 NA
16057 3573 NA
16058 3573 NA
16059 3573 NA
16060 3573 NA
16061 3573 NA
16062 3573 NA
16063 3573 NA
16064 3573 NA
16065 3573 NA
16066 3573 NA
16067 3573 NA
16068 3573 NA
16069 3573 NA
16070 3573 NA
16071 3573 NA
16072 3573 NA
16073 3573 NA
16074 3573 NA
16075 3573 NA
16076 3573 NA
16077 3573 NA
16078 3573 NA
16079 3573 NA
16080 3573 NA
16081 3560 NA
16082 3560 NA
16083 3560 NA
16084 3560 NA
16085 3560 NA
16086 3560 NA
16087 3560 NA
16088 3560 NA
16089 3560 NA
16090 3560 NA
16091 3560 NA
16092 3560 NA
16093 3560 NA
16094 3560 NA
16095 3560 NA
16096 3560 NA
16097 3560 NA
16098 3560 NA
16099 3560 NA
16100 3560 NA
16101 3560 NA
16102 3560 NA
16103 3560 NA
16104 3560 NA
16105 3560 NA
16106 3560 NA
16107 3560 NA
16108 3560 NA
16109 3560 NA
16110 3560 NA
16111 3560 NA
16112 3560 NA
16113 3560 NA
16114 3560 NA
16115 3560 NA
16116 3560 NA
16117 3560 NA
16118 3560 NA
16119 3560 NA
16120 3560 NA
16121 3560 NA
16122 3560 NA
16123 3560 NA
16124 3560 NA
16125 3548 NA
16126 3548 NA
16127 3548 NA
16128 3548 NA
16129 3548 NA
16130 3548 NA
16131 3548 NA
16132 3548 NA
16133 3548 NA
16134 3548 NA
16135 3548 NA
16136 3548 NA
16137 3548 NA
16138 3548 NA
16139 3548 NA
16140 3548 NA
16141 3548 NA
16142 3548 NA
16143 3548 NA
16144 3548 NA
16145 3548 NA
16146 3548 NA
16147 3548 NA
16148 3548 NA
16149 3548 NA
16150 3548 NA
16151 3548 NA
16152 3548 NA
16153 3548 NA
16154 3548 NA
16155 3548 NA
16156 3548 NA
16157 3548 NA
16158 3548 NA
16159 3548 NA
16160 3548 NA
16161 3548 NA
16162 3548 NA
16163 3548 NA
16164 3548 NA
16165 3548 NA
16166 3548 NA
16167 3548 NA
16168 3548 NA
16169 3548 NA
16170 3548 NA
16171 3548 NA
16172 3548 NA
16173 3548 NA
16174 3548 NA
16175 3548 NA
16176 3548 NA
16177 3548 NA
16178 3438 NA
16179 3438 NA
16180 3438 NA
16181 3438 NA
16182 3438 NA
16183 3438 NA
16184 3438 NA
16185 3438 NA
16186 3438 NA
16187 3438 NA
16188 3438 NA
16189 3438 NA
16190 3438 NA
16191 3438 NA
16192 3438 NA
16193 3438 NA
16194 3438 NA
16195 3438 NA
16196 3438 NA
16197 3438 NA
16198 3438 NA
16199 3438 NA
16200 3438 NA
16201 3438 NA
16202 3438 NA
16203 3438 NA
16204 3438 NA
16205 3438 NA
16206 3438 NA
16207 3438 NA
16208 3438 NA
16209 3438 NA
16210 3438 NA
16211 3438 NA
16212 3438 NA
16213 3438 NA
16214 3438 NA
16215 3438 NA
16216 3438 NA
16217 3438 NA
16218 3438 NA
16219 3438 NA
16220 3438 NA
16221 3438 NA
16222 3438 NA
16223 3438 NA
16224 3438 NA
16225 3438 NA
16226 3438 NA
16227 3438 NA
16228 3438 NA
16229 3438 NA
16230 3438 NA
16231 3466 NA
16232 3466 NA
16233 3466 NA
16234 3466 NA
16235 3466 NA
16236 3466 NA
16237 3466 NA
16238 3466 NA
16239 3466 NA
16240 3466 NA
16241 3466 NA
16242 3466 NA
16243 3466 NA
16244 3466 NA
16245 3466 NA
16246 3466 NA
16247 3466 NA
16248 3466 NA
16249 3466 NA
16250 3466 NA
16251 3466 NA
16252 3466 NA
16253 3466 NA
16254 3466 NA
16255 3466 NA
16256 3466 NA
16257 3466 NA
16258 3466 NA
16259 3466 NA
16260 3466 NA
16261 3466 NA
16262 3466 NA
16263 3466 NA
16264 3466 NA
16265 3466 NA
16266 3466 NA
16267 3466 NA
16268 3466 NA
16269 3466 NA
16270 3466 NA
16271 3466 NA
16272 3466 NA
16273 3466 NA
16274 3466 NA
16275 3466 NA
16276 3466 NA
16277 3478 NA
16278 3478 NA
16279 3478 NA
16280 3478 NA
16281 3478 NA
16282 3478 NA
16283 3478 NA
16284 3478 NA
16285 3478 NA
16286 3478 NA
16287 3478 NA
16288 3478 NA
16289 3478 NA
16290 3478 NA
16291 3478 NA
16292 3478 NA
16293 3478 NA
16294 3478 NA
16295 3478 NA
16296 3478 NA
16297 3478 NA
16298 3478 NA
16299 3478 NA
16300 3478 NA
16301 3478 NA
16302 3478 NA
16303 3478 NA
16304 3478 NA
16305 3478 NA
16306 3478 NA
16307 3478 NA
16308 3478 NA
16309 3478 NA
16310 3478 NA
16311 3478 NA
16312 3478 NA
16313 3478 NA
16314 3478 NA
16315 3478 NA
16316 3478 NA
16317 3478 NA
16318 3478 NA
16319 3478 NA
16320 3478 NA
16321 3478 NA
16322 3478 NA
16323 3478 NA
16324 3478 NA
16325 3478 NA
16326 3478 NA
16327 3478 NA
16328 3478 NA
16329 3478 NA
16330 3494 NA
16331 3494 NA
16332 3494 NA
16333 3494 NA
16334 3494 NA
16335 3494 NA
16336 3494 NA
16337 3494 NA
16338 3494 NA
16339 3494 NA
16340 3494 NA
16341 3494 NA
16342 3494 NA
16343 3494 NA
16344 3494 NA
16345 3494 NA
16346 3494 NA
16347 3494 NA
16348 3494 NA
16349 3494 NA
16350 3494 NA
16351 3494 NA
16352 3494 NA
16353 3494 NA
16354 3494 NA
16355 3494 NA
16356 3494 NA
16357 3494 NA
16358 3494 NA
16359 3494 NA
16360 3494 NA
16361 3494 NA
16362 3494 NA
16363 3494 NA
16364 3494 NA
16365 3494 NA
16366 3494 NA
16367 3494 NA
16368 3494 NA
16369 3494 NA
16370 3494 NA
16371 3494 NA
16372 3494 NA
16373 3494 NA
16374 3494 NA
16375 3494 NA
16376 3494 NA
16377 3494 NA
16378 3494 NA
16379 3494 NA
16380 3494 NA
16381 3494 NA
16382 3494 NA
16383 3494 NA
16384 3494 NA
16385 3494 NA
16386 3494 NA
16387 3494 NA
16388 3494 NA
16389 3494 NA
16390 3494 NA
16391 3494 NA
16392 3494 NA
16393 3494 NA
16394 3494 NA
16395 3494 NA
16396 3494 NA
16397 3494 NA
16398 3455 NA
16399 3455 NA
16400 3455 NA
16401 3455 NA
16402 3455 NA
16403 3455 NA
16404 3455 NA
16405 3455 NA
16406 3455 NA
16407 3455 NA
16408 3455 NA
16409 3455 NA
16410 3455 NA
16411 3455 NA
16412 3455 NA
16413 3455 NA
16414 3455 NA
16415 3455 NA
16416 3455 NA
16417 3455 NA
16418 3455 NA
16419 3455 NA
16420 3455 NA
16421 3455 NA
16422 3455 NA
16423 3455 NA
16424 3455 NA
16425 3455 NA
16426 3455 NA
16427 3455 NA
16428 3455 NA
16429 3455 NA
16430 3455 NA
16431 3455 NA
16432 3455 NA
16433 3455 NA
16434 3455 NA
16435 3455 NA
16436 3455 NA
16437 3455 NA
16438 3455 NA
16439 3455 NA
16440 3455 NA
16441 3455 NA
16442 3455 NA
16443 3455 NA
16444 3455 NA
16445 3455 NA
16446 3455 NA
16447 3455 NA
16448 3455 NA
16449 3455 NA
16450 3455 NA
16451 3455 NA
16452 3455 NA
16453 3455 NA
16454 3455 NA
16455 3455 NA
16456 3455 NA
16457 3455 NA
16458 3455 NA
16459 3472 NA
16460 3472 NA
16461 3472 NA
16462 3472 NA
16463 3472 NA
16464 3472 NA
16465 3472 NA
16466 3472 NA
16467 3472 NA
16468 3472 NA
16469 3472 NA
16470 3472 NA
16471 3472 NA
16472 3472 NA
16473 3472 NA
16474 3472 NA
16475 3472 NA
16476 3472 NA
16477 3472 NA
16478 3472 NA
16479 3472 NA
16480 3472 NA
16481 3472 NA
16482 3472 NA
16483 3472 NA
16484 3472 NA
16485 3472 NA
16486 3472 NA
16487 3472 NA
16488 3472 NA
16489 3472 NA
16490 3472 NA
16491 3472 NA
16492 3472 NA
16493 3472 NA
16494 3472 NA
16495 3472 NA
16496 3472 NA
16497 3472 NA
16498 3472 NA
16499 3472 NA
16500 3472 NA
16501 3472 NA
16502 3472 NA
16503 3472 NA
16504 3472 NA
16505 3472 NA
16506 3472 NA
16507 3472 NA
16508 3472 NA
16509 3472 NA
16510 3472 NA
16511 3472 NA
16512 3472 NA
16513 3472 NA
16514 3472 NA
16515 3472 NA
16516 3472 NA
16517 3472 NA
16518 3472 NA
16519 3472 NA
16520 3472 NA
16521 3472 NA
16522 3493 NA
16523 3493 NA
16524 3493 NA
16525 3493 NA
16526 3493 NA
16527 3493 NA
16528 3493 NA
16529 3493 NA
16530 3493 NA
16531 3493 NA
16532 3493 NA
16533 3493 NA
16534 3493 NA
16535 3493 NA
16536 3493 NA
16537 3493 NA
16538 3493 NA
16539 3493 NA
16540 3493 NA
16541 3493 NA
16542 3493 NA
16543 3493 NA
16544 3493 NA
16545 3493 NA
16546 3493 NA
16547 3493 NA
16548 3493 NA
16549 3493 NA
16550 3493 NA
16551 3493 NA
16552 3493 NA
16553 3493 NA
16554 3493 NA
16555 3493 NA
16556 3493 NA
16557 3493 NA
16558 3493 NA
16559 3493 NA
16560 3493 NA
16561 3493 NA
16562 3493 NA
16563 3493 NA
16564 3493 NA
16565 3493 NA
16566 3493 NA
16567 3493 NA
16568 3493 NA
16569 3493 NA
16570 3493 NA
16571 3493 NA
16572 3493 NA
16573 3493 NA
16574 3493 NA
16575 3493 NA
16576 3493 NA
16577 3493 NA
16578 3493 NA
16579 3493 NA
16580 3493 NA
16581 3493 NA
16582 3493 NA
16583 3493 NA
16584 3493 NA
16585 3493 NA
16586 3493 NA
16587 3493 NA
16588 3493 NA
16589 3493 NA
16590 3493 NA
16591 3493 NA
16592 3493 NA
16593 3493 NA
16594 3493 NA
16595 3493 NA
16596 3493 NA
16597 3493 NA
16598 3493 NA
16599 3493 NA
16600 3493 NA
16601 3493 NA
16602 3493 NA
16603 3493 NA
16604 3508 NA
16605 3508 NA
16606 3508 NA
16607 3508 NA
16608 3508 NA
16609 3508 NA
16610 3508 NA
16611 3508 NA
16612 3508 NA
16613 3508 NA
16614 3508 NA
16615 3508 NA
16616 3508 NA
16617 3508 NA
16618 3508 NA
16619 3508 NA
16620 3508 NA
16621 3508 NA
16622 3508 NA
16623 3508 NA
16624 3508 NA
16625 3508 NA
16626 3508 NA
16627 3508 NA
16628 3508 NA
16629 3508 NA
16630 3508 NA
16631 3508 NA
16632 3508 NA
16633 3508 NA
16634 3508 NA
16635 3508 NA
16636 3508 NA
16637 3508 NA
16638 3508 NA
16639 3508 NA
16640 3508 NA
16641 3508 NA
16642 3508 NA
16643 3508 NA
16644 3508 NA
16645 3508 NA
16646 3508 NA
16647 3508 NA
16648 3508 NA
16649 3508 NA
16650 3508 NA
16651 3508 NA
16652 3508 NA
16653 3508 NA
16654 3508 NA
16655 3508 NA
16656 3508 NA
16657 3508 NA
16658 3508 NA
16659 3508 NA
16660 3508 NA
16661 3508 NA
16662 3508 NA
16663 3508 NA
16664 3508 NA
16665 3508 NA
16666 3508 NA
16668 3508 NA
16669 3508 NA
16670 3508 NA
16671 3508 NA
16672 3508 NA
16673 3508 NA
16674 3502 NA
16675 3502 NA
16676 3502 NA
16677 3502 NA
16678 3502 NA
16679 3502 NA
16680 3502 NA
16681 3502 NA
16682 3502 NA
16683 3502 NA
16684 3502 NA
16685 3502 NA
16686 3502 NA
16687 3502 NA
16688 3502 NA
16689 3502 NA
16690 3502 NA
16691 3502 NA
16692 3502 NA
16693 3502 NA
16694 3502 NA
16695 3502 NA
16696 3502 NA
16697 3502 NA
16698 3502 NA
16699 3502 NA
16700 3502 NA
16701 3502 NA
16702 3502 NA
16703 3502 NA
16704 3502 NA
16705 3502 NA
16706 3502 NA
16707 3502 NA
16708 3502 NA
16709 3502 NA
16710 3502 NA
16711 3502 NA
16712 3502 NA
16714 3502 NA
16717 3502 NA
16719 3502 NA
16720 3502 NA
16721 3502 NA
16722 3502 NA
16723 3502 NA
16724 3502 NA
16725 3502 NA
16726 3502 NA
16727 3502 NA
16728 3502 NA
16729 3502 NA
16730 3502 NA
16731 3502 NA
16732 3502 NA
16733 3502 NA
16734 3502 NA
16735 3502 NA
16736 3502 NA
16737 3502 NA
16738 3502 NA
16739 3502 NA
16740 3502 NA
16741 3502 NA
16742 3502 NA
16743 3502 NA
16744 3502 NA
16745 3502 NA
16746 3502 NA
16747 3502 NA
16748 3502 NA
16749 3502 NA
16750 3502 NA
16751 3502 NA
16752 3502 NA
16753 3502 NA
16754 3502 NA
16755 3502 NA
16756 3502 NA
16757 3502 NA
16759 3502 NA
16760 3502 NA
16761 3502 NA
16762 3502 NA
16763 3502 NA
16764 3502 NA
16765 3502 NA
16766 3502 NA
16767 3502 NA
16768 3502 NA
16769 3502 NA
16770 3502 NA
16771 3502 NA
16772 3502 NA
16773 3541 NA
16774 3541 NA
16775 3541 NA
16776 3541 NA
16777 3541 NA
16778 3541 NA
16779 3541 NA
16780 3541 NA
16781 3541 NA
16782 3541 NA
16783 3541 NA
16784 3541 NA
16785 3541 NA
16786 3541 NA
16787 3541 NA
16788 3541 NA
16789 3541 NA
16790 3541 NA
16791 3541 NA
16792 3541 NA
16793 3541 NA
16794 3541 NA
16795 3541 NA
16796 3541 NA
16797 3541 NA
16798 3541 NA
16799 3541 NA
16800 3541 NA
16801 3541 NA
16802 3541 NA
16803 3541 NA
16804 3541 NA
16805 3541 NA
16807 3541 NA
16808 3541 NA
16809 3541 NA
16810 3541 NA
16811 3541 NA
16812 3541 NA
16813 3541 NA
16814 3541 NA
16815 3541 NA
16816 3541 NA
16817 3541 NA
16818 3541 NA
16819 3541 NA
16820 3541 NA
16821 3541 NA
16822 3541 NA
16823 3541 NA
16824 3541 NA
16825 3541 NA
16826 3541 NA
16827 3541 NA
16828 3541 NA
16829 3541 NA
16830 3541 NA
16831 3541 NA
16832 3541 NA
16833 3541 NA
16834 3541 NA
16835 3541 NA
16836 3541 NA
16837 3541 NA
16838 3541 NA
16839 3541 NA
16840 3541 NA
16841 3541 NA
16842 3541 NA
16843 3541 NA
16844 3541 NA
16845 3541 NA
16846 3541 NA
16847 3541 NA
16848 3541 NA
16849 3541 NA
16850 3541 NA
16851 3541 NA
16852 3541 NA
16853 3541 NA
16854 3588 NA
16855 3588 NA
16856 3588 NA
16857 3588 NA
16858 3588 NA
16859 3588 NA
16860 3588 NA
16861 3588 NA
16862 3588 NA
16863 3588 NA
16864 3588 NA
16865 3588 NA
16866 3588 NA
16867 3588 NA
16869 3588 NA
16870 3588 NA
16871 3588 NA
16872 3588 NA
16873 3588 NA
16874 3588 NA
16875 3588 NA
16876 3588 NA
16877 3588 NA
16878 3588 NA
16879 3588 NA
16880 3588 NA
16881 3588 NA
16882 3588 NA
16883 3588 NA
16884 3588 NA
16885 3588 NA
16886 3588 NA
16887 3588 NA
16888 3588 NA
16889 3588 NA
16890 3588 NA
16891 3588 NA
16892 3588 NA
16893 3588 NA
16894 3588 NA
16895 3588 NA
16896 3588 NA
16897 3588 NA
16898 3588 NA
16899 3588 NA
16900 3588 NA
16901 3588 NA
16902 3588 NA
16903 3588 NA
16904 3588 NA
16905 3588 NA
16906 3588 NA
16907 3588 NA
16908 3588 NA
16909 3588 NA
16910 3588 NA
16911 3588 NA
16912 3588 NA
16913 3588 NA
16914 3588 NA
16915 3588 NA
16916 3588 NA
16917 3588 NA
16918 3588 NA
16919 3588 NA
16920 3588 NA
16921 3588 NA
16922 3588 NA
16923 3588 NA
16924 3588 NA
16925 3588 NA
16926 3588 NA
16927 3588 NA
16928 3588 NA
16929 3588 NA
16930 3588 NA
16931 3588 NA
16932 3588 NA
16933 3588 NA
16934 3588 NA
16935 3588 NA
16936 3588 NA
16937 3588 NA
16938 3588 NA
16939 3588 NA
16940 3588 NA
16941 3588 NA
16942 3588 NA
16943 3588 NA
16944 3588 NA
16945 3588 NA
16946 3588 NA
16947 3588 NA
16949 3588 NA
16950 3588 NA
16951 3588 NA
16952 3588 NA
16953 3588 NA
16954 3588 NA
16955 3588 NA
16956 3588 NA
16957 3705 NA
16958 3705 NA
16959 3705 NA
16960 3705 NA
16961 3705 NA
16966 3705 NA
16968 3705 NA
16969 3705 NA
16970 3705 NA
16971 3705 NA
16972 3705 NA
16973 3705 NA
16974 3705 NA
16975 3705 NA
16976 3705 NA
16977 3705 NA
16978 3705 NA
16979 3705 NA
16980 3705 NA
16981 3705 NA
16982 3705 NA
16984 3705 NA
16985 3705 NA
16986 3705 NA
16987 3705 NA
16988 3705 NA
16989 3705 NA
16990 3705 NA
16991 3705 NA
16992 3705 NA
16993 3705 NA
16994 3705 NA
16998 3705 NA
16999 3705 NA
17000 3705 NA
17001 3705 NA
17006 3705 NA
17007 3705 NA
17012 3705 NA
17014 3705 NA
17015 3705 NA
17016 3705 NA
17017 3705 NA
17018 3705 NA
17019 3705 NA
17020 3705 NA
17021 3705 NA
17022 3705 NA
17023 3705 NA
17024 3705 NA
17025 3705 NA
17026 3705 NA
17027 3705 NA
17028 3705 NA
17029 3705 NA
17031 3705 NA
17032 3705 NA
17033 3705 NA
17034 3705 NA
17035 3705 NA
17036 3705 NA
17037 3705 NA
17038 3705 NA
17039 3705 NA
17040 3705 NA
17042 3705 NA
17044 3705 NA
17045 3705 NA
17046 3705 NA
17047 3705 NA
17048 3705 NA
17049 3705 NA
17050 3705 NA
17051 3705 NA
17052 3705 NA
17053 3705 NA
17054 3705 NA
17055 3705 NA
17056 3705 NA
17057 3705 NA
17058 3705 NA
17059 3705 NA
17060 3705 NA
17061 3705 NA
17062 3705 NA
17063 3705 NA
17064 3705 NA
17069 3705 NA
17070 3705 NA
17071 3705 NA
17072 3705 NA
17073 3705 NA
17075 3705 NA
17076 3705 NA
17077 3705 NA
17078 3862 NA
17079 3862 NA
17080 3862 NA
17081 3862 NA
17083 3862 NA
17084 3862 NA
17085 3862 NA
17086 3862 NA
17087 3862 NA
17088 3862 NA
17089 3862 NA
17091 3862 NA
17092 3862 NA
17093 3862 NA
17094 3862 NA
17095 3862 NA
17096 3862 NA
17097 3862 NA
17098 3862 NA
17099 3862 NA
17100 3862 NA
17101 3862 NA
17102 3862 NA
17103 3862 NA
17104 3862 NA
17105 3862 NA
17106 3862 NA
17107 3862 NA
17108 3862 NA
17109 3862 NA
17110 3862 NA
17111 3862 NA
17112 3862 NA
17113 3862 NA
17114 3862 NA
17115 3862 NA
17117 3862 NA
17118 3862 NA
17119 3862 NA
17123 3862 NA
17124 3862 NA
17125 3862 NA
17126 3862 NA
17127 3862 NA
17129 3862 NA
17130 3862 NA
17131 3862 NA
17132 3862 NA
17133 3862 NA
17134 3862 NA
17135 3862 NA
17136 3862 NA
17138 3862 NA
17139 3862 NA
17140 3862 NA
17141 3862 NA
17142 3862 NA
17143 3862 NA
17144 3862 NA
17145 3862 NA
17146 3862 NA
17147 3862 NA
