"Index" "Price" "Volume"
14828 190100 NA
14829 190100 NA
14830 198000 NA
14831 198000 NA
14832 198000 NA
14833 198000 NA
14834 199900 NA
14835 199900 NA
14836 199900 NA
14837 199900 NA
14838 192100 NA
14839 192100 NA
14840 192100 NA
14841 192100 NA
14842 192100 NA
14843 184100 NA
14844 184100 NA
14845 184100 NA
14846 184100 NA
14847 184100 NA
14848 184100 NA
14849 184100 NA
14850 176500 NA
14851 176500 NA
14852 176500 NA
14853 176500 NA
14854 176500 NA
14855 176500 NA
14856 176500 NA
14857 169600 NA
14858 169600 NA
14859 169600 NA
14860 169600 NA
14861 169600 NA
14862 169600 NA
14863 169600 NA
14864 169600 NA
14865 169600 NA
14866 163100 NA
14867 163100 NA
14868 163100 NA
14869 163100 NA
14870 163100 NA
14871 163100 NA
14872 163100 NA
14873 163100 NA
14874 163100 NA
14875 163100 NA
14876 163100 NA
14877 156400 NA
14878 156400 NA
14879 156400 NA
14880 156400 NA
14881 156400 NA
14882 156400 NA
14883 156400 NA
14884 156400 NA
14885 156400 NA
14886 150000 NA
14887 150000 NA
14888 150000 NA
14889 150000 NA
14890 150000 NA
14891 150000 NA
14892 150000 NA
14893 150000 NA
14894 150000 NA
14895 144100 NA
14896 144100 NA
14897 144100 NA
14898 144100 NA
14899 144100 NA
14900 144100 NA
14901 144100 NA
14902 144100 NA
14903 144100 NA
14904 144100 NA
14905 138600 NA
14906 138600 NA
14907 138600 NA
14908 138600 NA
14909 138600 NA
14910 138600 NA
14911 138600 NA
14912 138600 NA
14913 133200 NA
14914 133200 NA
14915 133200 NA
14916 133200 NA
14917 133200 NA
14918 133200 NA
14920 133200 NA
14921 133200 NA
14922 133200 NA
14923 133200 NA
14924 127500 NA
14925 127500 NA
14926 127500 NA
14927 127500 NA
14928 127500 NA
14929 127500 NA
14930 127500 NA
14931 127500 NA
14932 127500 NA
14933 127500 NA
14934 122400 NA
14935 122400 NA
14936 122400 NA
14937 122400 NA
14938 122400 NA
14939 122400 NA
14940 122400 NA
14941 122400 NA
14942 122400 NA
14943 117500 NA
14944 117500 NA
14945 117500 NA
14946 117500 NA
14947 117500 NA
14948 117500 NA
14949 117500 NA
14950 117500 NA
14951 113000 NA
14952 113000 NA
14953 113000 NA
14954 113000 NA
14955 113000 NA
14956 113000 NA
14957 113000 NA
14958 113000 NA
14959 113000 NA
14960 108200 NA
14961 108200 NA
14962 108200 NA
14963 108200 NA
14964 108200 NA
14965 108200 NA
14966 108200 NA
14967 104000 NA
14968 104000 NA
14969 104000 NA
14970 104000 NA
14971 104000 NA
14972 104000 NA
14973 104000 NA
14974 104000 NA
14975 104000 NA
14979 100200 NA
14986 100200 NA
14987 96300 NA
14992 96300 NA
14993 92600 NA
14998 92600 NA
15000 89200 NA
15005 89200 NA
15007 85800 NA
15008 85800 NA
15011 82700 NA
15013 82700 NA
15016 79700 NA
15019 76800 NA
15020 76800 NA
15025 74000 NA
15029 71400 NA
15033 71400 NA
15035 68800 NA
15039 68800 NA
15042 66100 NA
15044 66100 NA
15046 63700 NA
15050 63700 NA
15052 61400 NA
15055 61400 NA
15058 59200 NA
15061 59200 NA
15063 56900 NA
15067 56900 NA
15070 55100 NA
15073 55100 NA
15076 53100 NA
15080 53100 NA
15082 52100 NA
15087 52100 NA
15088 50200 NA
15090 50200 NA
15094 48400 NA
15098 48400 NA
15101 46800 NA
15106 46800 NA
15109 45600 NA
15110 45600 NA
15115 44100 NA
15120 44100 NA
15122 42700 NA
15125 42700 NA
15128 41400 NA
15133 41400 NA
15135 40200 NA
15136 40200 NA
15142 38900 NA
15145 38900 NA
15147 37800 NA
15150 37800 NA
15152 36600 NA
15157 36600 NA
15158 35200 NA
15161 35200 NA
15164 34100 NA
15165 34100 NA
15169 34077 NA
15170 33000 NA
15172 33000 NA
15175 32100 NA
15179 32100 NA
15182 31400 NA
15185 31400 NA
15186 30600 NA
15187 30600 NA
15193 30000 NA
15196 30000 NA
15197 29000 NA
15199 29000 NA
15204 28500 NA
15210 27800 NA
15217 26800 NA
15221 26800 NA
15222 26200 NA
15227 26200 NA
15228 25300 NA
15232 25300 NA
15235 24400 NA
15240 23500 NA
15244 23500 NA
15247 22600 NA
15248 22600 NA
15250 21700 NA
15257 21000 NA
15258 21000 NA
15263 20200 NA
15264 20200 NA
15268 19400 NA
15271 19400 NA
15273 18800 NA
15275 18800 NA
15277 18100 NA
15283 18100 NA
15284 17700 NA
15291 17700 NA
15292 17700 NA
15294 17100 NA
15297 17100 NA
15301 16600 NA
15304 16600 NA
15307 16300 NA
15310 16300 NA
15313 15908 NA
15319 15908 NA
15320 15684 NA
15327 15684 NA
15328 15684 NA
15329 15652 NA
15336 15652 NA
15337 15764 NA
15340 15764 NA
15341 15764 NA
15342 15764 NA
15343 15764 NA
15344 15552 NA
15345 15552 NA
15346 15552 NA
15347 15552 NA
15348 15552 NA
15349 15552 NA
15350 15552 NA
15351 15552 NA
15352 15552 NA
15353 15138 NA
15354 15138 NA
15355 15138 NA
15356 15138 NA
15357 15138 NA
15358 15138 NA
15359 15138 NA
15360 15138 NA
15361 14749 NA
15362 14749 NA
15363 14749 NA
15364 14749 NA
15365 14749 NA
15366 14749 NA
15367 14749 NA
15368 14402 NA
15369 14402 NA
15370 14402 NA
15371 14402 NA
15372 14402 NA
15373 14402 NA
15374 14402 NA
15375 14402 NA
15376 13829 NA
15377 13829 NA
15378 13829 NA
15379 13829 NA
15380 13829 NA
15381 13829 NA
15382 13829 NA
15383 13829 NA
15384 13680 NA
15385 13680 NA
15386 13680 NA
15387 13680 NA
15388 13680 NA
15389 13653 NA
15390 13653 NA
15391 13653 NA
15392 13653 NA
15393 13653 NA
15394 13653 NA
15395 13653 NA
15396 13653 NA
15397 13653 NA
15398 13653 NA
15399 13628 NA
15400 13628 NA
15401 13628 NA
15402 13628 NA
15403 13628 NA
15404 13628 NA
15405 13628 NA
15406 13173 NA
15407 13173 NA
15408 13173 NA
15409 13467 NA
15410 13467 NA
15411 13467 NA
15412 13467 NA
15413 13467 NA
15414 13759 NA
15415 13759 NA
15416 13759 NA
15417 13759 NA
15418 13759 NA
15419 13759 NA
15420 13759 NA
15421 13759 NA
15422 13833 NA
15423 13908 NA
15424 13982 NA
15425 14057 NA
15426 14131 NA
15427 14131 NA
15428 14131 NA
15429 14131 NA
15430 14131 NA
15431 14450 NA
15432 14450 NA
15433 14450 NA
15434 14450 NA
15435 14450 NA
15436 14450 NA
15437 14450 NA
15438 14450 NA
15439 14518 NA
15440 14518 NA
15441 14518 NA
15442 14518 NA
15443 14518 NA
15444 14518 NA
15445 14518 NA
15446 14518 NA
15447 14141 NA
15448 14141 NA
15449 14141 NA
15450 14141 NA
15451 14141 NA
15452 14141 NA
15453 14141 NA
15454 14141 NA
15455 14141 NA
15456 14182 NA
15457 14182 NA
15458 14182 NA
15459 14182 NA
15460 14182 NA
15461 14182 NA
15462 14182 NA
15463 14182 NA
15464 14060 NA
15465 14060 NA
15466 14060 NA
15467 14060 NA
15468 14060 NA
15469 14060 NA
15470 14060 NA
15471 13700 NA
15472 13700 NA
15473 13700 NA
15474 13700 NA
15475 13700 NA
15476 13700 NA
15477 13700 NA
15478 13582 NA
15479 13582 NA
15480 13582 NA
15481 13582 NA
15482 13582 NA
15483 13582 NA
15484 13582 NA
15485 13317 NA
15486 13317 NA
15487 13317 NA
15488 13317 NA
15489 13317 NA
15490 13317 NA
15491 12987 NA
15492 12987 NA
15493 12987 NA
15494 12987 NA
15495 12987 NA
15496 12697 NA
15497 12697 NA
15498 12697 NA
15499 12697 NA
15500 12697 NA
15501 12509 NA
15502 12509 NA
15503 12509 NA
15504 12509 NA
15505 12509 NA
15506 12234 NA
15507 12234 NA
15508 12234 NA
15509 12234 NA
15510 12234 NA
15511 12016 NA
15512 12016 NA
15513 12016 NA
15514 12016 NA
15515 11885 NA
15516 11885 NA
15517 11885 NA
15518 11885 NA
15519 11885 NA
15520 11865 NA
15521 11865 NA
15522 11865 NA
15523 11865 NA
15524 11865 NA
15525 11659 NA
15526 11659 NA
15527 11659 NA
15528 11659 NA
15529 11659 NA
15530 11659 NA
15531 11238 NA
15532 11238 NA
15533 11238 NA
15534 11238 NA
15535 11238 NA
15536 10994 NA
15537 10994 NA
15538 10994 NA
15539 10994 NA
15540 10994 NA
15541 10994 NA
15542 10619 NA
15543 10619 NA
15544 10619 NA
15545 10619 NA
15546 10619 NA
15547 10619 NA
15548 10312 NA
15549 10312 NA
15550 10312 NA
15551 10312 NA
15552 10312 NA
15553 10026 NA
15554 10026 NA
15555 10026 NA
15556 10026 NA
15557 10026 NA
15558 9782 NA
15559 9782 NA
15560 9782 NA
15561 9782 NA
15562 9782 NA
15563 9514 NA
15564 9514 NA
15565 9514 NA
15566 9514 NA
15567 9514 NA
15568 9266 NA
15569 9266 NA
15570 9266 NA
15571 9266 NA
15572 9266 NA
15573 9266 NA
15574 9107 NA
15575 9107 NA
15576 9107 NA
15577 9107 NA
15578 9107 NA
15579 9107 NA
15580 8805 NA
15581 8805 NA
15582 8805 NA
15583 8805 NA
15584 8805 NA
15585 8805 NA
15586 8567 NA
15587 8567 NA
15588 8567 NA
15589 8567 NA
15590 8567 NA
15591 8567 NA
15592 8461 NA
15593 8461 NA
15594 8461 NA
15595 8461 NA
15596 8461 NA
15597 8461 NA
15598 8154 NA
15599 8154 NA
15600 8154 NA
15601 8154 NA
15602 8154 NA
15603 8154 NA
15604 8154 NA
15605 8154 NA
15606 7922 NA
15607 7922 NA
15608 7922 NA
15609 7922 NA
15610 7922 NA
15611 7922 NA
15612 7922 NA
15613 7922 NA
15614 7818 NA
15615 7818 NA
15616 7818 NA
15617 7818 NA
15618 7818 NA
15619 7818 NA
15620 7818 NA
15621 7818 NA
15622 7867 NA
15623 7867 NA
15624 7867 NA
15625 7867 NA
15626 7867 NA
15627 7867 NA
15628 7867 NA
15629 7867 NA
15630 7867 NA
15631 7657 NA
15632 7657 NA
15633 7657 NA
15634 7657 NA
15635 7657 NA
15636 7657 NA
15637 7657 NA
15638 7657 NA
15639 7657 NA
15640 7328 NA
15641 7328 NA
15642 7328 NA
15643 7328 NA
15644 7328 NA
15645 7328 NA
15646 7328 NA
15647 7328 NA
15648 7328 NA
15649 7167 NA
15650 7167 NA
15651 7167 NA
15652 7167 NA
15653 7167 NA
15654 7167 NA
15655 7167 NA
15656 7167 NA
15657 7167 NA
15658 6927 NA
15659 6927 NA
15660 6927 NA
15661 6927 NA
15662 6927 NA
15663 6927 NA
15664 6927 NA
15665 6927 NA
15666 6927 NA
15667 6854 NA
15668 6854 NA
15669 6854 NA
15670 6854 NA
15671 6854 NA
15672 6854 NA
15673 6854 NA
15674 6854 NA
15675 6854 NA
15676 6854 NA
15677 6854 NA
15678 6854 NA
15679 6849 NA
15680 6849 NA
15681 6849 NA
15682 6849 NA
15683 6849 NA
15684 6849 NA
15685 6849 NA
15686 6849 NA
15687 6849 NA
15688 6849 NA
15689 6849 NA
15690 6849 NA
15691 6849 NA
15692 6927 NA
15693 6927 NA
15694 6927 NA
15695 6927 NA
15696 6927 NA
15697 6927 NA
15698 6927 NA
15699 6927 NA
15700 6927 NA
15701 6927 NA
15702 6927 NA
15703 6927 NA
15704 6927 NA
15705 6927 NA
15706 6927 NA
15707 6924 NA
15708 6924 NA
15709 6924 NA
15710 6924 NA
15711 6924 NA
15712 6924 NA
15713 6924 NA
15714 6924 NA
15715 6924 NA
15716 6924 NA
15717 6924 NA
15718 6924 NA
15719 6924 NA
15720 6924 NA
15721 6727 NA
15722 6727 NA
15723 6727 NA
15724 6727 NA
15725 6727 NA
15726 6727 NA
15727 6727 NA
15728 6727 NA
15729 6727 NA
15730 6727 NA
15731 6727 NA
15732 6727 NA
15733 6727 NA
15734 6727 NA
15735 6727 NA
15736 6727 NA
15737 6727 NA
15738 6727 NA
15739 6758 NA
15740 6758 NA
15741 6758 NA
15742 6758 NA
15743 6758 NA
15744 6758 NA
15745 6758 NA
15746 6758 NA
15747 6758 NA
15748 6758 NA
15749 6758 NA
15750 6758 NA
15751 6758 NA
15752 6758 NA
15753 6758 NA
15754 6758 NA
15755 6849 NA
15756 6849 NA
15757 6849 NA
15758 6849 NA
15759 6849 NA
15760 6849 NA
15761 6849 NA
15762 6849 NA
15763 6849 NA
15764 6849 NA
15765 6849 NA
15766 6849 NA
15767 6849 NA
15768 6849 NA
15769 6849 NA
15770 6849 NA
15771 6911 NA
15772 6911 NA
15773 6911 NA
15774 6911 NA
15775 6911 NA
15776 6911 NA
15777 6911 NA
15778 6911 NA
15779 6911 NA
15780 6911 NA
15781 6911 NA
15782 6911 NA
15783 6911 NA
15784 6911 NA
15785 6911 NA
15786 6911 NA
15787 7059 NA
15788 7059 NA
15789 7059 NA
15790 7059 NA
15791 7059 NA
15792 7059 NA
15793 7059 NA
15794 7059 NA
15795 7059 NA
15796 7059 NA
15797 7059 NA
15798 7076 NA
15799 7094 NA
15800 7111 NA
15801 7128 NA
15802 7145 NA
15803 7163 NA
15804 7180 NA
15805 7180 NA
15806 7180 NA
15807 7180 NA
15808 7180 NA
15809 7180 NA
15810 7180 NA
15811 7180 NA
15812 7180 NA
15813 7180 NA
15814 7180 NA
15815 7180 NA
15816 7180 NA
15817 7180 NA
15818 7180 NA
15819 7180 NA
15820 7180 NA
15821 7180 NA
15822 7180 NA
15823 7293 NA
15824 7293 NA
15825 7293 NA
15826 7293 NA
15827 7293 NA
15828 7293 NA
15829 7293 NA
15830 7293 NA
15831 7293 NA
15832 7293 NA
15833 7293 NA
15834 7293 NA
15835 7293 NA
15836 7293 NA
15837 7293 NA
15838 7293 NA
15839 7293 NA
15840 7293 NA
15841 7293 NA
15842 7293 NA
15843 7293 NA
15844 7475 NA
15845 7475 NA
15846 7475 NA
15847 7475 NA
15848 7475 NA
15849 7475 NA
15850 7475 NA
15851 7475 NA
15852 7475 NA
15853 7475 NA
15854 7475 NA
15855 7475 NA
15856 7475 NA
15857 7475 NA
15858 7475 NA
15859 7475 NA
15860 7475 NA
15861 7475 NA
15862 7475 NA
15863 7475 NA
15864 7475 NA
15865 7475 NA
15866 7475 NA
15867 7518 NA
15868 7518 NA
15869 7518 NA
15870 7518 NA
15871 7518 NA
15872 7518 NA
15873 7518 NA
15874 7518 NA
15875 7518 NA
15876 7518 NA
15877 7518 NA
15878 7518 NA
15879 7518 NA
15880 7518 NA
15881 7518 NA
15882 7518 NA
15883 7518 NA
15884 7518 NA
15885 7518 NA
15886 7583 NA
15887 7583 NA
15888 7583 NA
15889 7583 NA
15890 7583 NA
15891 7583 NA
15892 7583 NA
15893 7583 NA
15894 7583 NA
15895 7583 NA
15896 7583 NA
15897 7583 NA
15898 7583 NA
15899 7583 NA
15900 7583 NA
15901 7583 NA
15902 7583 NA
15903 7603 NA
15904 7623 NA
15905 7643 NA
15906 7662 NA
15907 7682 NA
15908 7702 NA
15909 7702 NA
15910 7702 NA
15911 7702 NA
15912 7702 NA
15913 7702 NA
15914 7702 NA
15915 7702 NA
15916 7702 NA
15917 7702 NA
15918 7702 NA
15919 7702 NA
15920 7702 NA
15921 7702 NA
15922 7925 NA
15923 7925 NA
15924 7925 NA
15925 7925 NA
15926 7925 NA
15927 7925 NA
15928 7925 NA
15929 7925 NA
15930 7925 NA
15931 7925 NA
15932 7925 NA
15933 7925 NA
15934 7925 NA
15935 7925 NA
15936 7925 NA
15937 7925 NA
15938 7925 NA
15939 7925 NA
15940 7925 NA
15941 7925 NA
15942 7925 NA
15943 7925 NA
15944 7925 NA
15945 7925 NA
15946 7925 NA
15947 7925 NA
15948 8099 NA
15949 8099 NA
15950 8099 NA
15951 8099 NA
15952 8099 NA
15953 8099 NA
15954 8099 NA
15955 8099 NA
15956 8099 NA
15957 8099 NA
15958 8099 NA
15959 8099 NA
15960 8099 NA
15961 8099 NA
15962 8099 NA
15963 8099 NA
15964 8099 NA
15965 8099 NA
15966 8099 NA
15967 8099 NA
15968 8099 NA
15969 8099 NA
15970 8099 NA
15971 8099 NA
15972 8099 NA
15973 8099 NA
15974 8099 NA
15975 8099 NA
15976 8099 NA
15977 8099 NA
15978 8099 NA
15979 8099 NA
15980 8099 NA
15981 8099 NA
15982 8099 NA
15983 8099 NA
15984 8099 NA
15985 8099 NA
15986 8124 NA
15987 8149 NA
15988 8174 NA
15989 8200 NA
15990 8225 NA
15991 8250 NA
15992 8275 NA
15993 8300 NA
15994 8300 NA
15995 8300 NA
15996 8300 NA
15997 8300 NA
15998 8300 NA
15999 8300 NA
16000 8300 NA
16001 8300 NA
16002 8300 NA
16003 8300 NA
16004 8300 NA
16005 8300 NA
16006 8300 NA
16007 8300 NA
16008 8300 NA
16009 8300 NA
16010 8300 NA
16011 8300 NA
16012 8300 NA
16013 8300 NA
16014 8300 NA
16015 8300 NA
16016 8300 NA
16017 8300 NA
16018 8300 NA
16019 8300 NA
16020 8300 NA
16021 8300 NA
16022 8300 NA
16023 8300 NA
16024 8300 NA
16025 8300 NA
16026 8300 NA
16027 8300 NA
16028 8300 NA
16029 8300 NA
16030 8300 NA
16031 8300 NA
16032 8300 NA
16033 8300 NA
16034 8400 NA
16035 8400 NA
16036 8400 NA
16037 8400 NA
16038 8400 NA
16039 8400 NA
16040 8400 NA
16041 8400 NA
16042 8400 NA
16043 8400 NA
16044 8400 NA
16045 8400 NA
16046 8400 NA
16047 8400 NA
16048 8400 NA
16049 8400 NA
16050 8400 NA
16051 8400 NA
16052 8400 NA
16053 8400 NA
16054 8400 NA
16055 8400 NA
16056 8400 NA
16057 8400 NA
16058 8400 NA
16059 8400 NA
16060 8400 NA
16061 8400 NA
16062 8400 NA
16063 8400 NA
16064 8400 NA
16065 8400 NA
16066 8400 NA
16067 8400 NA
16068 8400 NA
16069 8400 NA
16070 8400 NA
16071 8400 NA
16072 8556 NA
16073 8556 NA
16074 8556 NA
16075 8556 NA
16076 8556 NA
16077 8556 NA
16078 8556 NA
16079 8556 NA
16080 8556 NA
16081 8556 NA
16082 8556 NA
16083 8556 NA
16084 8556 NA
16085 8556 NA
16086 8556 NA
16087 8556 NA
16088 8556 NA
16089 8556 NA
16090 8556 NA
16091 8556 NA
16092 8556 NA
16093 8556 NA
16094 8556 NA
16095 8556 NA
16096 8556 NA
16097 8556 NA
16098 8556 NA
16099 8556 NA
16100 8556 NA
16101 8556 NA
16102 8556 NA
16103 8556 NA
16104 8556 NA
16105 8556 NA
16106 8672 NA
16107 8672 NA
16108 8672 NA
16109 8672 NA
16110 8672 NA
16111 8672 NA
16112 8672 NA
16113 8672 NA
16114 8672 NA
16115 8672 NA
16116 8672 NA
16117 8672 NA
16118 8672 NA
16119 8672 NA
16120 8672 NA
16121 8672 NA
16122 8672 NA
16123 8672 NA
16124 8672 NA
16125 8672 NA
16126 8672 NA
16127 8672 NA
16128 8672 NA
16129 8672 NA
16130 8672 NA
16131 8672 NA
16132 8672 NA
16133 8672 NA
16134 8672 NA
16135 8672 NA
16136 8672 NA
16137 8672 NA
16138 8672 NA
16139 8827 NA
16140 8827 NA
16141 8827 NA
16142 8827 NA
16143 8827 NA
16144 8827 NA
16145 8827 NA
16146 8827 NA
16147 8827 NA
16148 8827 NA
16149 8827 NA
16150 8827 NA
16151 8827 NA
16152 8827 NA
16153 8827 NA
16154 8827 NA
16155 8827 NA
16156 8827 NA
16157 8827 NA
16158 8827 NA
16159 8827 NA
16160 8827 NA
16161 8827 NA
16162 8827 NA
16163 8827 NA
16164 8827 NA
16165 8827 NA
16166 8827 NA
16167 8827 NA
16168 8827 NA
16169 8827 NA
16170 8827 NA
16171 8827 NA
16172 8827 NA
16173 8827 NA
16174 8827 NA
16175 8827 NA
16176 9033 NA
16177 9033 NA
16178 9033 NA
16179 9033 NA
16180 9033 NA
16181 9033 NA
16182 9033 NA
16183 9033 NA
16184 9033 NA
16185 9033 NA
16186 9033 NA
16187 9033 NA
16188 9033 NA
16189 9033 NA
16190 9033 NA
16191 9033 NA
16192 9033 NA
16193 9033 NA
16194 9033 NA
16195 9033 NA
16196 9033 NA
16197 9033 NA
16198 9033 NA
16199 9033 NA
16200 9033 NA
16201 9033 NA
16202 9033 NA
16203 9033 NA
16204 9033 NA
16205 9033 NA
16206 9033 NA
16207 9033 NA
16208 9033 NA
16209 9033 NA
16210 9033 NA
16211 9033 NA
16212 9033 NA
16213 9033 NA
16214 9190 NA
16215 9190 NA
16216 9190 NA
16217 9190 NA
16218 9190 NA
16219 9190 NA
16220 9190 NA
16221 9190 NA
16222 9190 NA
16223 9190 NA
16224 9190 NA
16225 9190 NA
16226 9190 NA
16227 9190 NA
16228 9190 NA
16229 9190 NA
16230 9190 NA
16231 9190 NA
16232 9190 NA
16233 9190 NA
16234 9190 NA
16235 9190 NA
16236 9190 NA
16237 9190 NA
16238 9190 NA
16239 9190 NA
16240 9190 NA
16241 9190 NA
16242 9190 NA
16243 9190 NA
16244 9190 NA
16245 9190 NA
16246 9190 NA
16247 9190 NA
16248 9190 NA
16249 9190 NA
16250 9190 NA
16251 9313 NA
16252 9313 NA
16253 9313 NA
16254 9313 NA
16255 9313 NA
16256 9313 NA
16257 9313 NA
16258 9313 NA
16259 9313 NA
16260 9313 NA
16261 9313 NA
16262 9313 NA
16263 9313 NA
16264 9313 NA
16265 9313 NA
16266 9313 NA
16267 9313 NA
16268 9313 NA
16269 9313 NA
16270 9313 NA
16271 9313 NA
16272 9313 NA
16273 9313 NA
16274 9313 NA
16275 9313 NA
16276 9313 NA
16277 9473 NA
16278 9473 NA
16279 9473 NA
16280 9473 NA
16281 9473 NA
16282 9473 NA
16283 9473 NA
16284 9473 NA
16285 9473 NA
16286 9473 NA
16287 9473 NA
16288 9473 NA
16289 9473 NA
16290 9473 NA
16291 9473 NA
16292 9473 NA
16293 9473 NA
16294 9473 NA
16295 9473 NA
16296 9473 NA
16297 9473 NA
16298 9473 NA
16299 9473 NA
16300 9473 NA
16301 9473 NA
16302 9473 NA
16303 9473 NA
16304 9473 NA
16305 9473 NA
16306 9473 NA
16307 9635 NA
16308 9635 NA
16309 9635 NA
16310 9635 NA
16311 9635 NA
16312 9635 NA
16313 9635 NA
16314 9635 NA
16315 9635 NA
16316 9635 NA
16317 9635 NA
16318 9635 NA
16319 9635 NA
16320 9635 NA
16321 9635 NA
16322 9635 NA
16323 9635 NA
16324 9635 NA
16325 9635 NA
16326 9635 NA
16327 9635 NA
16328 9635 NA
16329 9635 NA
16330 9635 NA
16331 9635 NA
16332 9635 NA
16333 9635 NA
16334 9635 NA
16335 9635 NA
16336 9635 NA
16337 9635 NA
16338 9635 NA
16339 9635 NA
16340 9635 NA
16341 9635 NA
16342 9635 NA
16343 9635 NA
16344 9635 NA
16345 9635 NA
16346 9635 NA
16347 9635 NA
16348 9635 NA
16349 9702 NA
16350 9702 NA
16351 9702 NA
16352 9702 NA
16353 9702 NA
16354 9702 NA
16355 9702 NA
16356 9702 NA
16357 9702 NA
16358 9702 NA
16359 9702 NA
16360 9702 NA
16361 9702 NA
16362 9702 NA
16363 9702 NA
16364 9702 NA
16365 9702 NA
16366 9702 NA
16367 9702 NA
16368 9702 NA
16369 9702 NA
16370 9702 NA
16371 9702 NA
16372 9702 NA
16373 9702 NA
16374 9702 NA
16375 9702 NA
16376 9702 NA
16377 9702 NA
16378 9702 NA
16379 9702 NA
16380 9702 NA
16381 9702 NA
16382 9702 NA
16383 9702 NA
16384 9702 NA
16385 9702 NA
16386 9702 NA
16387 9702 NA
16388 9702 NA
16389 9702 NA
16390 9702 NA
16391 9702 NA
16392 9702 NA
16393 9702 NA
16394 9702 NA
16395 9870 NA
16396 9870 NA
16397 9870 NA
16398 9870 NA
16399 9870 NA
16400 9870 NA
16401 9870 NA
16402 9870 NA
16403 9870 NA
16404 9870 NA
16405 9870 NA
16406 9870 NA
16407 9870 NA
16408 9870 NA
16409 9870 NA
16410 9870 NA
16411 9870 NA
16412 9870 NA
16413 9870 NA
16414 9870 NA
16415 9870 NA
16416 9870 NA
16417 9870 NA
16418 9870 NA
16419 9870 NA
16420 9870 NA
16421 9870 NA
16422 9870 NA
16423 9870 NA
16424 9870 NA
16425 9870 NA
16426 9870 NA
16427 9870 NA
16428 9870 NA
16429 9870 NA
16430 9870 NA
16431 9870 NA
16432 9870 NA
16433 9870 NA
16434 9870 NA
16435 9870 NA
16436 9870 NA
16437 9969 NA
16438 9969 NA
16439 9969 NA
16440 9969 NA
16441 9969 NA
16442 9969 NA
16443 9969 NA
16444 9969 NA
16445 9969 NA
16446 9969 NA
16447 9969 NA
16448 9969 NA
16449 9969 NA
16450 9969 NA
16451 9969 NA
16452 9969 NA
16453 9969 NA
16454 9969 NA
16455 9969 NA
16456 9969 NA
16457 9969 NA
16458 9969 NA
16459 9969 NA
16460 9969 NA
16461 9969 NA
16462 9969 NA
16463 9969 NA
16464 9969 NA
16465 9969 NA
16466 9969 NA
16467 9969 NA
16468 9969 NA
16469 9969 NA
16470 9969 NA
16471 9969 NA
16472 9969 NA
16473 9969 NA
16474 9969 NA
16475 9969 NA
16476 9969 NA
16477 9969 NA
16478 10030 NA
16479 10030 NA
16480 10030 NA
16481 10030 NA
16482 10030 NA
16483 10030 NA
16484 10030 NA
16485 10030 NA
16486 10030 NA
16487 10030 NA
16488 10030 NA
16489 10030 NA
16490 10030 NA
16491 10030 NA
16492 10030 NA
16493 10030 NA
16494 10030 NA
16495 10030 NA
16496 10030 NA
16497 10030 NA
16498 10030 NA
16499 10030 NA
16500 10030 NA
16501 10030 NA
16502 10030 NA
16503 10030 NA
16504 10030 NA
16505 10030 NA
16506 10030 NA
16507 10030 NA
16508 10030 NA
16509 10030 NA
16510 10030 NA
16511 10030 NA
16512 10030 NA
16513 10030 NA
16514 10030 NA
16515 10030 NA
16516 10030 NA
16517 10030 NA
16518 10030 NA
16519 10251 NA
16520 10251 NA
16521 10251 NA
16522 10251 NA
16523 10251 NA
16524 10251 NA
16525 10251 NA
16526 10251 NA
16527 10251 NA
16528 10251 NA
16529 10251 NA
16530 10251 NA
16531 10251 NA
16532 10251 NA
16533 10251 NA
16534 10251 NA
16535 10251 NA
16536 10251 NA
16537 10251 NA
16538 10251 NA
16539 10251 NA
16540 10251 NA
16541 10251 NA
16542 10251 NA
16543 10251 NA
16544 10251 NA
16545 10251 NA
16546 10251 NA
16547 10251 NA
16548 10251 NA
16549 10251 NA
16550 10251 NA
16551 10251 NA
16552 10251 NA
16553 10251 NA
16554 10251 NA
16555 10251 NA
16556 10251 NA
16557 10251 NA
16558 10251 NA
16559 10251 NA
16560 10251 NA
16561 10251 NA
16562 10251 NA
16563 10251 NA
16564 10251 NA
16565 10251 NA
16566 10251 NA
16567 10251 NA
16568 10251 NA
16569 10251 NA
16570 10251 NA
16571 10251 NA
16572 10251 NA
16573 10251 NA
16574 10251 NA
16575 10251 NA
16576 10251 NA
16577 10251 NA
16578 10251 NA
16579 10466 NA
16580 10466 NA
16581 10466 NA
16582 10466 NA
16583 10466 NA
16584 10466 NA
16585 10466 NA
16586 10466 NA
16587 10466 NA
16588 10466 NA
16589 10466 NA
16590 10466 NA
16591 10466 NA
16592 10466 NA
16593 10466 NA
16594 10466 NA
16595 10466 NA
16596 10466 NA
16597 10466 NA
16598 10466 NA
16599 10466 NA
16600 10466 NA
16601 10466 NA
16602 10466 NA
16603 10466 NA
16604 10466 NA
16605 10466 NA
16606 10466 NA
16607 10466 NA
16608 10466 NA
16609 10466 NA
16610 10466 NA
16611 10466 NA
16612 10466 NA
16613 10466 NA
16614 10466 NA
16615 10466 NA
16616 10466 NA
16617 10466 NA
16618 10466 NA
16619 10466 NA
16620 10466 NA
16621 10466 NA
16622 10466 NA
16623 10466 NA
16624 10466 NA
16625 10466 NA
16626 10466 NA
16627 10466 NA
16628 10466 NA
16629 10466 NA
16630 10466 NA
16631 10466 NA
16632 10466 NA
16633 10466 NA
16634 10466 NA
16635 10688 NA
16636 10688 NA
16637 10688 NA
16638 10688 NA
16639 10688 NA
16640 10688 NA
16641 10688 NA
16642 10688 NA
16643 10688 NA
16644 10688 NA
16645 10688 NA
16646 10688 NA
16647 10688 NA
16648 10688 NA
16649 10688 NA
16650 10688 NA
16651 10688 NA
16652 10688 NA
16653 10688 NA
16654 10688 NA
16655 10688 NA
16656 10688 NA
16657 10688 NA
16658 10688 NA
16659 10688 NA
16660 10688 NA
16661 10688 NA
16662 10688 NA
16663 10688 NA
16664 10688 NA
16665 10688 NA
16666 10688 NA
16668 10688 NA
16669 10688 NA
16670 10688 NA
16671 10688 NA
16672 10688 NA
16673 10688 NA
16674 10688 NA
16675 10688 NA
16676 10688 NA
16677 10688 NA
16678 10688 NA
16679 10688 NA
16680 10688 NA
16681 10688 NA
16682 10688 NA
16683 10688 NA
16684 10688 NA
16685 10688 NA
16686 10688 NA
16687 10688 NA
16688 10688 NA
16689 10688 NA
16690 10688 NA
16691 10688 NA
16692 10688 NA
16693 10688 NA
16694 10688 NA
16695 10688 NA
16696 10688 NA
16697 10688 NA
16698 10688 NA
16699 10688 NA
16700 10553 NA
16701 10553 NA
16702 10553 NA
16703 10553 NA
16704 10553 NA
16705 10553 NA
16706 10553 NA
16707 10553 NA
16708 10553 NA
16709 10553 NA
16710 10553 NA
16711 10553 NA
16712 10553 NA
16714 10553 NA
16717 10553 NA
16719 10553 NA
16720 10553 NA
16721 10553 NA
16722 10553 NA
16723 10553 NA
16724 10553 NA
16725 10553 NA
16726 10553 NA
16727 10553 NA
16728 10553 NA
16729 10553 NA
16730 10553 NA
16731 10553 NA
16732 10553 NA
16733 10553 NA
16734 10553 NA
16735 10553 NA
16736 10553 NA
16737 10553 NA
16738 10553 NA
16739 10553 NA
16740 10553 NA
16741 10553 NA
16742 10553 NA
16743 10553 NA
16744 10553 NA
16745 10553 NA
16746 10553 NA
16747 10553 NA
16748 10553 NA
16749 10553 NA
16750 10553 NA
16751 10553 NA
16752 10553 NA
16753 10553 NA
16754 10553 NA
16755 10553 NA
16756 10553 NA
16757 10553 NA
16759 10553 NA
16760 10553 NA
16761 10553 NA
16762 10553 NA
16763 10553 NA
16764 10553 NA
16765 10775 NA
16766 10775 NA
16767 10775 NA
16768 10775 NA
16769 10775 NA
16770 10775 NA
16771 10775 NA
16772 10775 NA
16773 10775 NA
16774 10775 NA
16775 10775 NA
16776 10775 NA
16777 10775 NA
16778 10775 NA
16779 10775 NA
16780 10775 NA
16781 10775 NA
16782 10775 NA
16783 10775 NA
16784 10775 NA
16785 10775 NA
16786 10775 NA
16787 10775 NA
16788 10775 NA
16789 10775 NA
16790 10775 NA
16791 10775 NA
16792 10775 NA
16793 10775 NA
16794 10775 NA
16795 10775 NA
16796 10775 NA
16797 10775 NA
16798 10775 NA
16799 10775 NA
16800 10775 NA
16801 10775 NA
16802 10775 NA
16803 10775 NA
16804 10775 NA
16805 10775 NA
16807 10775 NA
16808 10775 NA
16809 10775 NA
16810 10775 NA
16811 10775 NA
16812 10775 NA
16813 10775 NA
16814 10775 NA
16815 10775 NA
16816 10775 NA
16817 10775 NA
16818 10775 NA
16819 10775 NA
16820 10775 NA
16821 10775 NA
16822 10775 NA
16823 10775 NA
16824 10775 NA
16825 10775 NA
16826 10775 NA
16827 10775 NA
16828 10775 NA
16829 10775 NA
16830 10775 NA
16831 11041 NA
16832 11041 NA
16833 11041 NA
16834 11041 NA
16835 11041 NA
16836 11041 NA
16837 11041 NA
16838 11041 NA
16839 11041 NA
16840 11041 NA
16841 11041 NA
16842 11041 NA
16843 11041 NA
16844 11041 NA
16845 11041 NA
16846 11041 NA
16847 11041 NA
16848 11041 NA
16849 11533 NA
16850 11533 NA
16851 11533 NA
16852 11533 NA
16853 11533 NA
16854 11533 NA
16855 11533 NA
16856 11533 NA
16857 11533 NA
16858 11533 NA
16859 11533 NA
16860 11533 NA
16861 11533 NA
16862 11533 NA
16863 11533 NA
16864 11533 NA
16865 11533 NA
16866 11533 NA
16867 11533 NA
16869 11533 NA
16870 11533 NA
16871 11533 NA
16872 11533 NA
16873 11533 NA
16874 11533 NA
16875 11533 NA
16876 11533 NA
16877 11533 NA
16878 11533 NA
16879 11533 NA
16880 11533 NA
16881 11533 NA
16882 11533 NA
16883 11533 NA
16884 11533 NA
16885 11533 NA
16886 11533 NA
16887 11533 NA
16888 11533 NA
16889 11533 NA
16890 11533 NA
16891 11533 NA
16892 11533 NA
16893 11533 NA
16894 11533 NA
16895 11533 NA
16896 11533 NA
16897 11533 NA
16898 11533 NA
16899 11533 NA
16900 11533 NA
16901 11533 NA
16902 11533 NA
16903 11533 NA
16904 11533 NA
16905 11533 NA
16906 11533 NA
16907 11533 NA
16908 11533 NA
16909 11533 NA
16910 11533 NA
16911 11533 NA
16912 11533 NA
16913 11533 NA
16914 11533 NA
16915 11533 NA
16916 11533 NA
16917 11533 NA
16918 11533 NA
16919 11533 NA
16920 11533 NA
16921 11533 NA
16922 11981 NA
16923 11981 NA
16924 11981 NA
16925 11981 NA
16926 11981 NA
16927 11981 NA
16928 11981 NA
16929 11981 NA
16930 11981 NA
16931 11981 NA
16932 11981 NA
16933 11981 NA
16934 11981 NA
16935 11981 NA
16936 11981 NA
16937 11981 NA
16938 11981 NA
16939 11981 NA
16940 11981 NA
16941 11981 NA
16942 11981 NA
16943 11981 NA
16944 11981 NA
16945 11981 NA
16946 11981 NA
16947 11981 NA
16949 11981 NA
16950 11981 NA
16951 11981 NA
16952 11981 NA
16953 11981 NA
16954 11981 NA
16955 11981 NA
16956 11981 NA
16957 11981 NA
16958 11981 NA
16959 11981 NA
16960 11981 NA
16961 11981 NA
16966 11981 NA
16968 11981 NA
16969 11981 NA
16970 11981 NA
16971 11981 NA
16972 11981 NA
16973 11981 NA
16974 11981 NA
16975 11981 NA
16976 11981 NA
16977 11981 NA
16978 11981 NA
16979 11981 NA
16980 11981 NA
16981 11981 NA
16982 11981 NA
16984 11981 NA
16985 11981 NA
16986 11981 NA
16987 11981 NA
16988 11981 NA
16989 12465 NA
16990 12465 NA
16991 12465 NA
16992 12465 NA
16993 12465 NA
16994 12465 NA
16998 12465 NA
16999 12465 NA
17000 12465 NA
17001 12465 NA
17006 12465 NA
17007 12465 NA
17012 12465 NA
17014 12465 NA
17015 12465 NA
17016 12465 NA
17017 12465 NA
17018 12465 NA
17019 12465 NA
17020 12465 NA
17021 12465 NA
17022 12465 NA
17023 12465 NA
17024 12465 NA
17025 12465 NA
17026 12465 NA
17027 12465 NA
17028 12465 NA
17029 12465 NA
17031 12465 NA
17032 12465 NA
17033 12465 NA
17034 12465 NA
17035 12465 NA
17036 12465 NA
17037 12465 NA
17038 12465 NA
17039 12465 NA
17040 12465 NA
17042 12465 NA
17044 12465 NA
17045 12465 NA
17046 12465 NA
17047 12465 NA
17048 12465 NA
17049 12465 NA
17050 12465 NA
17051 12465 NA
17052 12465 NA
17053 12465 NA
17054 12465 NA
17055 12465 NA
17056 12465 NA
17057 12465 NA
17058 12465 NA
17059 12465 NA
17060 12465 NA
17061 12465 NA
17062 12465 NA
17063 12465 NA
17064 12465 NA
17069 12465 NA
17070 12465 NA
17071 13007 NA
17072 13007 NA
17073 13007 NA
17075 13007 NA
17076 13007 NA
17077 13007 NA
17078 13007 NA
17079 13007 NA
17080 13007 NA
17081 13007 NA
17083 13007 NA
17084 13007 NA
17085 13007 NA
17086 13007 NA
17087 13007 NA
17088 13007 NA
17089 13007 NA
17091 13007 NA
17092 13007 NA
17093 13007 NA
17094 13007 NA
17095 13007 NA
17096 13007 NA
17097 13007 NA
17098 13007 NA
17099 13007 NA
17100 13007 NA
17101 13007 NA
17102 13007 NA
17103 13007 NA
17104 13007 NA
17105 13007 NA
17106 13007 NA
17107 13007 NA
17108 13007 NA
17109 13007 NA
17110 13007 NA
17111 13007 NA
17112 13007 NA
17113 13007 NA
17114 13007 NA
17115 13007 NA
17117 13007 NA
17118 13007 NA
17119 13007 NA
17123 13007 NA
17124 13007 NA
17125 13007 NA
17126 13007 NA
17127 13007 NA
17129 13007 NA
17130 13007 NA
17131 13007 NA
17132 13007 NA
17133 13007 NA
17134 13007 NA
17135 13007 NA
17136 13232 NA
17138 13232 NA
17139 13232 NA
17140 13232 NA
17141 13232 NA
17142 13232 NA
17143 13232 NA
17144 13232 NA
17145 13232 NA
17146 13232 NA
17147 13232 NA
