"Index" "Price" "Volume"
14019 686 NA
14020 671 NA
14021 692 NA
14022 692 NA
14023 691 NA
14024 691 NA
14025 644 NA
14026 644 NA
14027 619 NA
14028 619 NA
14029 612 NA
14030 612 NA
14031 628 NA
14032 642 NA
14033 639 NA
14034 626 NA
14035 607 NA
14036 593 NA
14037 582 NA
14038 559 NA
14039 522 NA
14040 522 NA
14041 517 NA
14042 518 NA
14043 524 NA
14044 540 NA
14045 559 NA
14046 559 NA
14047 579 NA
14048 567 NA
14049 583 NA
14050 602 NA
14051 602 NA
14052 619 NA
14053 604 NA
14054 604 NA
14055 593 NA
14056 587 NA
14057 598 NA
14058 621 NA
14059 641 NA
14060 655 NA
14061 661 NA
14062 643 NA
14063 643 NA
14064 662 NA
14065 690 NA
14066 704 NA
14067 691 NA
14068 676 NA
14069 643 NA
14070 643 NA
14071 655 NA
14072 665 NA
14073 669 NA
14074 649 NA
14075 649 NA
14076 620 NA
14077 604 NA
14078 580 NA
14079 587 NA
14080 583 NA
14081 599 NA
14082 600 NA
14083 590 NA
14084 603 NA
14085 591 NA
14086 591 NA
14087 602 NA
14088 613 NA
14089 623 NA
14090 606 NA
14091 597 NA
14092 597 NA
14093 578 NA
14094 588 NA
14095 607 NA
14096 583 NA
14097 583 NA
14098 578 NA
14099 577 NA
14100 579 NA
14101 601 NA
14102 616 NA
14103 601 NA
14104 596 NA
14105 596 NA
14106 617 NA
14107 621 NA
14108 609 NA
14109 591 NA
14110 597 NA
14111 605 NA
14112 605 NA
14113 625 NA
14114 623 NA
14115 623 NA
14116 630 NA
14117 629 NA
14118 613 NA
14119 612 NA
14120 614 NA
14121 650 NA
14122 670 NA
14123 670 NA
14124 669 NA
14125 659 NA
14126 658 NA
14127 669 NA
14128 669 NA
14129 639 NA
14130 628 NA
14131 628 NA
14132 627 NA
14133 630 NA
14134 635 NA
14135 635 NA
14136 640 NA
14137 644 NA
14138 644 NA
14139 654 NA
14140 668 NA
14141 662 NA
14142 659 NA
14143 659 NA
14144 631 NA
14145 620 NA
14146 607 NA
14147 598 NA
14148 585 NA
14149 598 NA
14150 598 NA
14151 597 NA
14152 599 NA
14153 597 NA
14154 612 NA
14155 632 NA
14156 649 NA
14157 649 NA
14158 680 NA
14159 686 NA
14160 704 NA
14161 704 NA
14162 694 NA
14163 696 NA
14164 675 NA
14165 643 NA
14166 636 NA
14167 641 NA
14168 632 NA
14169 642 NA
14170 631 NA
14171 621 NA
14172 621 NA
14173 616 NA
14174 602 NA
14175 608 NA
14176 608 NA
14177 616 NA
14178 616 NA
14179 614 NA
14180 626 NA
14181 638 NA
14182 647 NA
14183 659 NA
14184 678 NA
14185 647 NA
14186 634 NA
14187 641 NA
14188 641 NA
14189 613 NA
14190 605 NA
14191 577 NA
14192 580 NA
14193 599 NA
14194 626 NA
14195 651 NA
14196 660 NA
14197 671 NA
14198 688 NA
14199 658 NA
14200 639 NA
14201 639 NA
14202 639 NA
14203 640 NA
14204 648 NA
14205 648 NA
14206 635 NA
14207 613 NA
14208 612 NA
14209 612 NA
14210 612 NA
14211 622 NA
14212 622 NA
14213 621 NA
14214 638 NA
14215 666 NA
14216 698 NA
14217 712 NA
14218 720 NA
14219 704 NA
14220 675 NA
14221 663 NA
14222 663 NA
14223 674 NA
14224 618 NA
14225 618 NA
14226 622 NA
14227 648 NA
14228 671 NA
14229 695 NA
14230 717 NA
14231 677 NA
14232 652 NA
14233 652 NA
14234 627 NA
14235 612 NA
14236 603 NA
14237 595 NA
14238 595 NA
14239 609 NA
14240 609 NA
14241 611 NA
14242 612 NA
14243 620 NA
14244 622 NA
14245 622 NA
14246 647 NA
14247 631 NA
14248 618 NA
14249 629 NA
14250 630 NA
14251 637 NA
14252 635 NA
14253 620 NA
14254 593 NA
14255 593 NA
14256 586 NA
14257 589 NA
14258 589 NA
14259 596 NA
14260 611 NA
14261 621 NA
14262 610 NA
14263 610 NA
14264 596 NA
14265 596 NA
14266 596 NA
14267 610 NA
14268 610 NA
14269 629 NA
14270 629 NA
14271 640 NA
14272 674 NA
14273 674 NA
14274 621 NA
14275 602 NA
14276 594 NA
14277 594 NA
14278 615 NA
14279 635 NA
14280 657 NA
14281 646 NA
14282 638 NA
14283 638 NA
14284 628 NA
14285 640 NA
14286 640 NA
14287 654 NA
14288 670 NA
14289 680 NA
14290 673 NA
14291 669 NA
14292 648 NA
14293 648 NA
14294 677 NA
14295 677 NA
14296 666 NA
14297 666 NA
14298 643 NA
14299 620 NA
14300 624 NA
14301 635 NA
14302 643 NA
14303 630 NA
14304 623 NA
14305 634 NA
14306 644 NA
14307 653 NA
14308 653 NA
14309 658 NA
14310 667 NA
14311 673 NA
14312 684 NA
14313 691 NA
14314 691 NA
14315 702 NA
14316 728 NA
14317 728 NA
14318 721 NA
14319 696 NA
14320 681 NA
14321 675 NA
14322 680 NA
14323 692 NA
14324 693 NA
14325 677 NA
14326 664 NA
14327 663 NA
14328 669 NA
14329 686 NA
14330 751 NA
14331 751 NA
14332 744 NA
14333 721 NA
14334 732 NA
14335 728 NA
14336 713 NA
14337 713 NA
14338 718 NA
14339 673 NA
14340 673 NA
14341 658 NA
14342 633 NA
14343 633 NA
14344 644 NA
14345 619 NA
14346 601 NA
14347 615 NA
14348 615 NA
14349 614 NA
14350 609 NA
14351 609 NA
14352 599 NA
14353 632 NA
14354 632 NA
14355 656 NA
14356 688 NA
14357 720 NA
14358 756 NA
14359 789 NA
14360 823 NA
14361 860 NA
14362 944 NA
14363 987 NA
14364 987 NA
14365 1022 NA
14366 973 NA
14367 878 NA
14368 878 NA
14369 751 NA
14370 675 NA
14371 607 NA
14372 528 NA
14373 528 NA
14374 531 NA
14375 555 NA
14376 564 NA
14377 556 NA
14378 579 NA
14379 608 NA
14380 608 NA
14381 638 NA
14382 667 NA
14383 699 NA
14384 729 NA
14385 765 NA
14386 797 NA
14387 835 NA
14388 874 NA
14389 829 NA
14390 749 NA
14391 749 NA
14392 644 NA
14393 644 NA
14394 611 NA
14395 569 NA
14396 583 NA
14397 612 NA
14398 612 NA
14399 660 NA
14400 628 NA
14401 628 NA
14402 599 NA
14403 613 NA
14404 624 NA
14405 620 NA
14406 610 NA
14407 596 NA
14408 596 NA
14409 598 NA
14410 615 NA
14411 615 NA
14412 620 NA
14413 602 NA
14414 602 NA
14415 579 NA
14416 597 NA
14417 603 NA
14418 625 NA
14419 649 NA
14420 622 NA
14421 622 NA
14422 618 NA
14423 652 NA
14424 652 NA
14425 652 NA
14426 675 NA
14427 701 NA
14428 728 NA
14429 744 NA
14430 744 NA
14431 711 NA
14432 648 NA
14433 663 NA
14434 663 NA
14435 680 NA
14436 683 NA
14437 683 NA
14438 682 NA
14439 689 NA
14440 699 NA
14441 712 NA
14442 688 NA
14443 709 NA
14444 722 NA
14445 722 NA
14446 749 NA
14447 776 NA
14448 776 NA
14449 741 NA
14450 713 NA
14451 724 NA
14452 706 NA
14453 706 NA
14454 694 NA
14455 694 NA
14456 703 NA
14457 736 NA
14458 759 NA
14459 758 NA
14460 721 NA
14461 693 NA
14462 669 NA
14463 682 NA
14464 699 NA
14465 699 NA
14466 729 NA
14467 718 NA
14468 685 NA
14469 678 NA
14470 709 NA
14471 720 NA
14472 666 NA
14473 666 NA
14474 682 NA
14475 688 NA
14476 688 NA
14477 662 NA
14478 662 NA
14479 657 NA
14480 653 NA
14481 666 NA
14482 666 NA
14483 670 NA
14484 670 NA
14485 661 NA
14486 679 NA
14487 689 NA
14488 699 NA
14489 678 NA
14490 678 NA
14491 665 NA
14492 655 NA
14493 667 NA
14494 641 NA
14495 641 NA
14496 642 NA
14497 645 NA
14498 665 NA
14499 672 NA
14500 662 NA
14501 664 NA
14502 667 NA
14503 690 NA
14504 705 NA
14505 705 NA
14506 683 NA
14507 657 NA
14508 641 NA
14509 673 NA
14510 665 NA
14511 665 NA
14512 676 NA
14513 676 NA
14514 651 NA
14515 681 NA
14516 681 NA
14517 708 NA
14518 708 NA
14519 734 NA
14520 734 NA
14521 747 NA
14522 753 NA
14523 753 NA
14524 748 NA
14525 786 NA
14526 822 NA
14527 864 NA
14528 954 NA
14529 954 NA
14530 1023 NA
14531 1023 NA
14532 997 NA
14533 947 NA
14534 947 NA
14535 862 NA
14536 818 NA
14537 787 NA
14538 793 NA
14539 793 NA
14540 800 NA
14541 830 NA
14542 840 NA
14543 823 NA
14544 823 NA
14545 741 NA
14546 741 NA
14547 704 NA
14548 675 NA
14549 696 NA
14550 730 NA
14551 765 NA
14552 803 NA
14553 843 NA
14554 843 NA
14555 919 NA
14556 919 NA
14557 948 NA
14558 935 NA
14559 941 NA
14560 941 NA
14561 942 NA
14562 945 NA
14563 962 NA
14564 988 NA
14565 998 NA
14566 998 NA
14567 998 NA
14568 965 NA
14569 989 NA
14570 972 NA
14571 972 NA
14572 985 NA
14573 971 NA
14574 974 NA
14575 966 NA
14576 925 NA
14577 951 NA
14578 1000 NA
14579 1000 NA
14580 978 NA
14581 964 NA
14582 968 NA
14583 968 NA
14584 1031 NA
14585 1073 NA
14586 1073 NA
14587 1094 NA
14588 991 NA
14589 991 NA
14590 965 NA
14591 1005 NA
14592 1045 NA
14593 1085 NA
14594 1129 NA
14595 1206 NA
14596 1206 NA
14597 1145 NA
14598 1087 NA
14599 1089 NA
14600 1089 NA
14601 1067 NA
14602 1013 NA
14603 992 NA
14604 1085 NA
14605 1134 NA
14606 1134 NA
14607 1133 NA
14608 1133 NA
14609 1076 NA
14610 1022 NA
14611 999 NA
14612 963 NA
14613 987 NA
14614 950 NA
14615 950 NA
14616 965 NA
14617 986 NA
14618 967 NA
14619 946 NA
14620 946 NA
14621 928 NA
14622 928 NA
14623 920 NA
14624 920 NA
14625 983 NA
14626 1011 NA
14627 1011 NA
14628 1018 NA
14629 1018 NA
14630 987 NA
14631 1087 NA
14632 1087 NA
14633 1078 NA
14634 1078 NA
14635 1106 NA
14636 1095 NA
14637 1149 NA
14638 1263 NA
14639 1327 NA
14640 1394 NA
14641 1464 NA
14642 1464 NA
14643 1435 NA
14644 1435 NA
14645 1368 NA
14646 1300 NA
14647 1235 NA
14648 1114 NA
14649 1114 NA
14650 1018 NA
14651 994 NA
14652 1016 NA
14653 1016 NA
14654 1075 NA
14655 1038 NA
14656 1038 NA
14657 1001 NA
14658 1018 NA
14659 1024 NA
14660 1024 NA
14661 986 NA
14662 926 NA
14663 926 NA
14664 965 NA
14665 979 NA
14666 991 NA
14667 991 NA
14668 1041 NA
14669 1094 NA
14670 1147 NA
14671 1205 NA
14672 1158 NA
14673 1158 NA
14674 1101 NA
14675 1050 NA
14676 1027 NA
14677 1046 NA
14678 1083 NA
14679 1089 NA
14680 1137 NA
14681 1233 NA
14682 1209 NA
14683 1149 NA
14684 1149 NA
14685 1100 NA
14686 1047 NA
14687 996 NA
14688 1027 NA
14689 1025 NA
14690 986 NA
14691 1036 NA
14692 1036 NA
14693 1061 NA
14694 1060 NA
14695 1060 NA
14696 1024 NA
14697 1029 NA
14698 1054 NA
14699 1063 NA
14700 1076 NA
14701 1071 NA
14702 1077 NA
14703 1072 NA
14704 1040 NA
14705 1001 NA
14706 1001 NA
14707 1032 NA
14708 1019 NA
14709 1019 NA
14710 1003 NA
14711 986 NA
14712 1028 NA
14713 1028 NA
14714 1058 NA
14715 1127 NA
14716 1127 NA
14717 1197 NA
14718 1224 NA
14719 1224 NA
14720 1212 NA
14721 1212 NA
14722 1149 NA
14723 1149 NA
14724 1120 NA
14725 1111 NA
14726 1119 NA
14727 1161 NA
14728 1161 NA
14729 1192 NA
14730 1206 NA
14731 1183 NA
14732 1216 NA
14733 1216 NA
14734 1328 NA
14735 1328 NA
14736 1263 NA
14737 1263 NA
14738 1269 NA
14739 1269 NA
14740 1260 NA
14741 1230 NA
14742 1183 NA
14743 1132 NA
14744 1116 NA
14745 1103 NA
14746 1105 NA
14747 1098 NA
14748 1140 NA
14749 1140 NA
14750 1154 NA
14751 1152 NA
14752 1123 NA
14753 1098 NA
14754 1109 NA
14755 1166 NA
14756 1166 NA
14757 1155 NA
14758 1200 NA
14759 1200 NA
14760 1207 NA
14761 1207 NA
14762 1189 NA
14763 1189 NA
14764 1153 NA
14765 1125 NA
14766 1120 NA
14767 1138 NA
14768 1152 NA
14769 1146 NA
14770 1140 NA
14771 1215 NA
14772 1215 NA
14773 1219 NA
14774 1228 NA
14775 1262 NA
14776 1274 NA
14777 1274 NA
14778 1195 NA
14779 1195 NA
14780 1218 NA
14781 1239 NA
14782 1236 NA
14783 1236 NA
14784 1171 NA
14785 1171 NA
14786 1181 NA
14787 1162 NA
14788 1127 NA
14789 1061 NA
14790 1070 NA
14791 1070 NA
14792 1075 NA
14793 1051 NA
14794 1084 NA
14795 1063 NA
14796 1063 NA
14797 1068 NA
14798 1086 NA
14799 1105 NA
14800 1105 NA
14801 1068 NA
14802 1050 NA
14803 1034 NA
14804 1034 NA
14805 1023 NA
14806 1023 NA
14807 1037 NA
14808 1043 NA
14809 1031 NA
14810 943 NA
14811 943 NA
14812 924 NA
14813 913 NA
14814 913 NA
14815 931 NA
14816 934 NA
14817 958 NA
14818 993 NA
14819 955 NA
14820 955 NA
14821 938 NA
14822 921 NA
14823 884 NA
14824 884 NA
14825 871 NA
14826 885 NA
14827 930 NA
14828 977 NA
14829 1026 NA
14830 1078 NA
14831 1125 NA
14832 1232 NA
14833 1232 NA
14834 1286 NA
14835 1301 NA
14836 1271 NA
14837 1149 NA
14838 1129 NA
14839 1129 NA
14840 1071 NA
14841 1071 NA
14842 1103 NA
14843 1159 NA
14844 1217 NA
14845 1278 NA
14846 1342 NA
14847 1396 NA
14848 1302 NA
14849 1302 NA
14850 1240 NA
14851 1121 NA
14852 1089 NA
14853 1089 NA
14854 1115 NA
14855 1170 NA
14856 1228 NA
14857 1162 NA
14858 1162 NA
14859 1052 NA
14860 1052 NA
14861 1009 NA
14862 1009 NA
14863 996 NA
14864 993 NA
14865 1028 NA
14866 999 NA
14867 999 NA
14868 957 NA
14869 948 NA
14870 947 NA
14871 947 NA
14872 925 NA
14873 925 NA
14874 943 NA
14875 943 NA
14876 968 NA
14877 1012 NA
14878 1022 NA
14879 1001 NA
14880 993 NA
14881 993 NA
14882 1040 NA
14883 1040 NA
14884 1021 NA
14885 995 NA
14886 955 NA
14887 937 NA
14888 951 NA
14889 965 NA
14890 947 NA
14891 947 NA
14892 940 NA
14893 919 NA
14894 919 NA
14895 921 NA
14896 928 NA
14897 915 NA
14898 915 NA
14899 951 NA
14900 986 NA
14901 1014 NA
14902 1014 NA
14903 1027 NA
14904 1027 NA
14905 1019 NA
14906 992 NA
14907 998 NA
14908 998 NA
14909 967 NA
14910 927 NA
14911 916 NA
14912 914 NA
14913 922 NA
14914 922 NA
14915 955 NA
14916 981 NA
14917 988 NA
14918 991 NA
14919 988 NA
14920 1034 NA
14921 1037 NA
14922 1058 NA
14923 1058 NA
14924 1110 NA
14925 1107 NA
14926 1082 NA
14927 1067 NA
14928 1066 NA
14929 1066 NA
14930 1074 NA
14931 1074 NA
14932 1051 NA
14933 1077 NA
14934 1039 NA
14935 1039 NA
14936 1038 NA
14937 1025 NA
14938 998 NA
14939 998 NA
14940 1000 NA
14941 1012 NA
14942 1012 NA
14943 1041 NA
14944 1084 NA
14945 1124 NA
14946 1124 NA
14947 1162 NA
14948 1182 NA
14949 1187 NA
14950 1187 NA
14951 1189 NA
14952 1188 NA
14953 1188 NA
14954 1165 NA
14955 1130 NA
14956 1087 NA
14957 1077 NA
14958 1057 NA
14959 1052 NA
14960 1021 NA
14961 1021 NA
14962 1040 NA
14963 1040 NA
14964 1036 NA
14965 1009 NA
14966 975 NA
14967 942 NA
14968 942 NA
14969 899 NA
14970 879 NA
14971 879 NA
14972 896 NA
14973 941 NA
14974 989 NA
14975 989 NA
14976 969 NA
14977 875 NA
14979 794 NA
14981 767 NA
14983 765 NA
14984 733 NA
14985 731 NA
14986 746 NA
14987 770 NA
14988 769 NA
14990 764 NA
14991 799 NA
14992 801 NA
14993 806 NA
14995 770 NA
14996 742 NA
14998 718 NA
15000 702 NA
15001 664 NA
15003 694 NA
15005 706 NA
15007 660 NA
15008 703 NA
15011 747 NA
15012 777 NA
15013 830 NA
15014 830 NA
15016 831 NA
15018 827 NA
15019 807 NA
15020 748 NA
15021 748 NA
15023 678 NA
15025 656 NA
15026 652 NA
15028 696 NA
15029 734 NA
15031 763 NA
15032 802 NA
15033 886 NA
15035 931 NA
15036 1017 NA
15037 992 NA
15039 952 NA
15040 911 NA
15042 832 NA
15044 848 NA
15046 882 NA
15047 839 NA
15048 797 NA
15049 797 NA
15050 719 NA
15052 648 NA
15054 615 NA
15055 569 NA
15058 540 NA
15060 534 NA
15061 551 NA
15063 579 NA
15064 607 NA
15066 611 NA
15067 606 NA
15068 610 NA
15070 613 NA
15072 616 NA
15073 615 NA
15076 609 NA
15078 615 NA
15080 605 NA
15081 591 NA
15082 587 NA
15084 551 NA
15085 548 NA
15086 557 NA
15087 564 NA
15088 556 NA
15089 548 NA
15090 538 NA
15091 511 NA
15093 475 NA
15094 474 NA
15095 463 NA
15096 452 NA
15097 428 NA
15098 422 NA
15100 418 NA
15101 421 NA
15102 412 NA
15103 421 NA
15104 419 NA
15106 429 NA
15107 455 NA
15109 473 NA
15110 492 NA
15112 537 NA
15114 584 NA
15115 619 NA
15116 617 NA
15119 625 NA
15120 600 NA
15121 584 NA
15122 579 NA
15123 590 NA
15124 594 NA
15125 594 NA
15126 589 NA
15128 578 NA
15130 577 NA
15132 558 NA
15133 565 NA
15135 614 NA
15137 635 NA
15138 655 NA
15140 679 NA
15142 687 NA
15143 694 NA
15144 717 NA
15145 722 NA
15147 743 NA
15148 746 NA
15149 786 NA
15150 805 NA
15151 804 NA
15152 793 NA
15154 796 NA
15156 820 NA
15157 842 NA
15158 847 NA
15159 833 NA
15161 826 NA
15163 797 NA
15164 773 NA
15165 738 NA
15166 701 NA
15168 659 NA
15170 619 NA
15172 633 NA
15175 679 NA
15177 707 NA
15178 726 NA
15179 740 NA
15180 764 NA
15182 784 NA
15183 822 NA
15185 822 NA
15186 816 NA
15187 749 NA
15189 677 NA
15191 643 NA
15193 654 NA
15194 654 NA
15196 724 NA
15197 723 NA
15198 704 NA
15199 686 NA
15204 606 NA
15207 596 NA
15208 592 NA
15210 553 NA
15212 530 NA
15214 543 NA
15215 553 NA
15217 537 NA
15219 489 NA
15220 472 NA
15221 472 NA
15222 450 NA
15224 434 NA
15226 429 NA
15227 447 NA
15228 437 NA
15229 432 NA
15231 428 NA
15232 414 NA
15233 414 NA
15234 382 NA
15235 370 NA
15238 346 NA
15240 344 NA
15242 350 NA
15243 361 NA
15244 378 NA
15247 385 NA
15248 383 NA
15249 383 NA
15250 379 NA
15252 364 NA
15254 344 NA
15256 329 NA
15257 321 NA
15258 310 NA
15263 304 NA
15264 298 NA
15266 296 NA
15268 293 NA
15270 291 NA
15271 300 NA
15273 311 NA
15275 319 NA
15277 322 NA
15278 319 NA
15280 321 NA
15281 337 NA
15283 348 NA
15284 361 NA
15285 366 NA
15287 384 NA
15289 416 NA
15291 454 NA
15294 477 NA
15295 475 NA
15297 451 NA
15299 443 NA
15301 479 NA
15302 502 NA
15303 502 NA
15304 525 NA
15306 546 NA
15307 546 NA
15308 568 NA
15310 571 NA
15312 578 NA
15313 574 NA
15314 574 NA
15315 580 NA
15316 580 NA
15317 574 NA
15318 574 NA
15319 589 NA
15320 596 NA
15321 596 NA
15322 597 NA
15323 597 NA
15324 588 NA
15325 588 NA
15326 594 NA
15327 598 NA
15328 600 NA
15329 624 NA
15330 634 NA
15331 634 NA
15332 641 NA
15333 672 NA
15334 672 NA
15335 706 NA
15336 707 NA
15337 707 NA
15338 717 NA
15339 734 NA
15340 734 NA
15341 770 NA
15342 796 NA
15343 810 NA
15344 810 NA
15345 831 NA
15346 831 NA
15347 830 NA
15348 830 NA
15349 849 NA
15350 852 NA
15351 852 NA
15352 891 NA
15353 891 NA
15354 934 NA
15355 969 NA
15356 1005 NA
15357 1023 NA
15358 1023 NA
15359 1066 NA
15360 1034 NA
15361 996 NA
15362 974 NA
15363 950 NA
15364 950 NA
15365 935 NA
15366 912 NA
15367 907 NA
15368 903 NA
15369 920 NA
15370 920 NA
15371 959 NA
15372 993 NA
15373 993 NA
15374 1028 NA
15375 1074 NA
15376 1074 NA
15377 1113 NA
15378 1165 NA
15379 1186 NA
15380 1222 NA
15381 1222 NA
15382 1212 NA
15383 1240 NA
15384 1244 NA
15385 1244 NA
15386 1263 NA
15387 1242 NA
15388 1180 NA
15389 1240 NA
15390 1248 NA
15391 1208 NA
15392 1151 NA
15393 1125 NA
15394 1111 NA
15395 1105 NA
15396 1142 NA
15397 1141 NA
15398 1141 NA
15399 1119 NA
15400 1132 NA
15401 1175 NA
15402 1219 NA
15403 1195 NA
15404 1187 NA
15405 1187 NA
15406 1161 NA
15407 1142 NA
15408 1167 NA
15409 1158 NA
15410 1158 NA
15411 1167 NA
15412 1177 NA
15413 1234 NA
15414 1252 NA
15415 1254 NA
15416 1271 NA
15417 1251 NA
15418 1188 NA
15419 1128 NA
15420 1084 NA
15421 1029 NA
15422 986 NA
15423 943 NA
15424 901 NA
15425 858 NA
15426 815 NA
15427 784 NA
15428 759 NA
15429 722 NA
15430 685 NA
15431 670 NA
15432 666 NA
15433 700 NA
15434 700 NA
15435 735 NA
15436 772 NA
15437 772 NA
15438 811 NA
15439 852 NA
15440 893 NA
15441 924 NA
15442 969 NA
15443 998 NA
15444 973 NA
15445 933 NA
15446 923 NA
15447 970 NA
15448 1014 NA
15449 1014 NA
15450 1029 NA
15451 1020 NA
15452 1010 NA
15453 997 NA
15454 997 NA
15455 982 NA
15456 1009 NA
15457 1023 NA
15458 1045 NA
15459 1044 NA
15460 1028 NA
15461 1016 NA
15462 1006 NA
15463 1000 NA
15464 1000 NA
15465 994 NA
15466 1010 NA
15467 1004 NA
15468 1012 NA
15469 997 NA
15470 993 NA
15471 993 NA
15472 979 NA
15473 968 NA
15474 973 NA
15475 1002 NA
15476 1000 NA
15477 982 NA
15478 1002 NA
15479 957 NA
15480 919 NA
15481 885 NA
15482 885 NA
15483 840 NA
15484 827 NA
15485 836 NA
15486 815 NA
15487 828 NA
15488 840 NA
15489 879 NA
15490 901 NA
15491 859 NA
15492 816 NA
15493 776 NA
15494 737 NA
15495 702 NA
15496 672 NA
15497 640 NA
15498 608 NA
15499 579 NA
15500 554 NA
15501 530 NA
15502 503 NA
15503 479 NA
15504 469 NA
15505 453 NA
15506 445 NA
15507 424 NA
15508 427 NA
15509 405 NA
15510 394 NA
15511 378 NA
15512 380 NA
15513 369 NA
15514 374 NA
15515 386 NA
15516 405 NA
15517 426 NA
15518 448 NA
15519 468 NA
15520 492 NA
15521 517 NA
15522 542 NA
15523 556 NA
15524 582 NA
15525 573 NA
15526 550 NA
15527 548 NA
15528 558 NA
15529 551 NA
15530 569 NA
15531 572 NA
15532 581 NA
15533 586 NA
15534 573 NA
15535 561 NA
15536 552 NA
15537 532 NA
15538 529 NA
15539 506 NA
15540 484 NA
15541 479 NA
15542 485 NA
15543 509 NA
15544 493 NA
15545 471 NA
15546 462 NA
15547 477 NA
15548 486 NA
15549 493 NA
15550 492 NA
15551 489 NA
15552 504 NA
15553 495 NA
15554 484 NA
15555 496 NA
15556 521 NA
15557 548 NA
15558 575 NA
15559 604 NA
15560 635 NA
15561 666 NA
15562 677 NA
15563 656 NA
15564 626 NA
15565 610 NA
15566 598 NA
15567 573 NA
15568 548 NA
15569 543 NA
15570 546 NA
15571 552 NA
15572 570 NA
15573 576 NA
15574 555 NA
15575 549 NA
15576 538 NA
15577 548 NA
15578 553 NA
15579 563 NA
15580 536 NA
15581 512 NA
15582 510 NA
15583 529 NA
15584 512 NA
15585 515 NA
15586 524 NA
15587 523 NA
15588 512 NA
15589 503 NA
15590 495 NA
15591 474 NA
15592 476 NA
15593 468 NA
15594 483 NA
15595 502 NA
15596 512 NA
15597 530 NA
15598 544 NA
15599 542 NA
15600 529 NA
15601 518 NA
15602 492 NA
15603 475 NA
15604 464 NA
15605 485 NA
15606 483 NA
15607 506 NA
15608 510 NA
15609 522 NA
15610 521 NA
15611 528 NA
15612 535 NA
15613 518 NA
15614 505 NA
15615 489 NA
15616 511 NA
15617 511 NA
15618 508 NA
15619 526 NA
15620 526 NA
15621 511 NA
15622 534 NA
15623 545 NA
15624 529 NA
15625 546 NA
15626 563 NA
15627 561 NA
15628 549 NA
15629 566 NA
15630 561 NA
15631 574 NA
15632 562 NA
15633 565 NA
15634 573 NA
15635 556 NA
15636 550 NA
15637 533 NA
15638 538 NA
15639 533 NA
15640 528 NA
15641 529 NA
15642 537 NA
15643 538 NA
15644 525 NA
15645 515 NA
15646 514 NA
15647 509 NA
15648 514 NA
15649 512 NA
15650 504 NA
15651 497 NA
15652 489 NA
15653 481 NA
15654 473 NA
15655 466 NA
15656 458 NA
15657 450 NA
15658 435 NA
15659 425 NA
15660 411 NA
15661 402 NA
15662 397 NA
15663 391 NA
15664 383 NA
15665 388 NA
15666 379 NA
15667 364 NA
15668 345 NA
15669 327 NA
15670 333 NA
15671 348 NA
15672 348 NA
15673 362 NA
15674 371 NA
15675 388 NA
15676 405 NA
15677 422 NA
15678 437 NA
15679 456 NA
15680 459 NA
15681 466 NA
15682 466 NA
15683 465 NA
15684 461 NA
15685 461 NA
15686 457 NA
15687 457 NA
15688 446 NA
15689 433 NA
15690 431 NA
15691 427 NA
15692 422 NA
15693 420 NA
15694 420 NA
15695 412 NA
15696 412 NA
15697 405 NA
15698 395 NA
15699 395 NA
15700 395 NA
15701 383 NA
15702 388 NA
15703 408 NA
15704 429 NA
15705 443 NA
15706 443 NA
15707 441 NA
15708 439 NA
15709 439 NA
15710 434 NA
15711 432 NA
15712 424 NA
15713 412 NA
15714 392 NA
15715 392 NA
15716 396 NA
15717 415 NA
15718 420 NA
15719 427 NA
15720 427 NA
15721 437 NA
15722 437 NA
15723 433 NA
15724 433 NA
15725 430 NA
15726 432 NA
15727 431 NA
15728 437 NA
15729 437 NA
15730 452 NA
15731 469 NA
15732 470 NA
15733 485 NA
15734 485 NA
15735 493 NA
15736 488 NA
15737 506 NA
15738 515 NA
15739 520 NA
15740 536 NA
15741 536 NA
15742 547 NA
15743 561 NA
15744 558 NA
15745 584 NA
15746 584 NA
15747 593 NA
15748 593 NA
15749 597 NA
15750 612 NA
15751 612 NA
15752 611 NA
15753 611 NA
15754 599 NA
15755 575 NA
15756 593 NA
15757 593 NA
15758 589 NA
15759 582 NA
15760 582 NA
15761 570 NA
15762 570 NA
15763 587 NA
15764 591 NA
15765 591 NA
15766 609 NA
15767 609 NA
15768 604 NA
15769 619 NA
15770 622 NA
15771 622 NA
15772 623 NA
15773 623 NA
15774 623 NA
15775 621 NA
15776 620 NA
15777 622 NA
15778 622 NA
15779 614 NA
15780 614 NA
15781 615 NA
15782 623 NA
15783 639 NA
15784 652 NA
15785 652 NA
15786 681 NA
15787 703 NA
15788 716 NA
15789 736 NA
15790 736 NA
15791 752 NA
15792 752 NA
15793 771 NA
15794 761 NA
15795 762 NA
15796 762 NA
15797 747 NA
15798 751 NA
15799 755 NA
15800 759 NA
15801 763 NA
15802 767 NA
15803 771 NA
15804 775 NA
15805 765 NA
15806 765 NA
15807 772 NA
15808 781 NA
15809 781 NA
15810 783 NA
15811 777 NA
15812 777 NA
15813 778 NA
15814 759 NA
15815 756 NA
15816 756 NA
15817 738 NA
15818 738 NA
15819 726 NA
15820 726 NA
15821 733 NA
15822 742 NA
15823 742 NA
15824 733 NA
15825 733 NA
15826 696 NA
15827 688 NA
15828 690 NA
15829 690 NA
15830 689 NA
15831 688 NA
15832 688 NA
15833 673 NA
15834 673 NA
15835 649 NA
15836 639 NA
15837 626 NA
15838 626 NA
15839 607 NA
15840 607 NA
15841 594 NA
15842 594 NA
15843 596 NA
15844 584 NA
15845 584 NA
15846 559 NA
15847 559 NA
15848 531 NA
15849 504 NA
15850 504 NA
15851 484 NA
15852 484 NA
15853 505 NA
15854 505 NA
15855 531 NA
15856 531 NA
15857 520 NA
15858 520 NA
15859 538 NA
15860 538 NA
15861 565 NA
15862 565 NA
15863 585 NA
15864 579 NA
15865 579 NA
15866 556 NA
15867 565 NA
15868 567 NA
15869 567 NA
15870 569 NA
15871 569 NA
15872 574 NA
15873 597 NA
15874 597 NA
15875 618 NA
15876 618 NA
15877 647 NA
15878 677 NA
15879 677 NA
15880 705 NA
15881 705 NA
15882 734 NA
15883 734 NA
15884 771 NA
15885 771 NA
15886 810 NA
15887 845 NA
15888 845 NA
15889 868 NA
15890 868 NA
15891 885 NA
15892 885 NA
15893 924 NA
15894 924 NA
15895 964 NA
15896 964 NA
15897 1011 NA
15898 1011 NA
15899 1048 NA
15900 1048 NA
15901 1061 NA
15902 1061 NA
15903 1073 NA
15904 1084 NA
15905 1096 NA
15906 1108 NA
15907 1119 NA
15908 1131 NA
15909 1131 NA
15910 1116 NA
15911 1116 NA
15912 1143 NA
15913 1143 NA
15914 1166 NA
15915 1166 NA
15916 1173 NA
15917 1173 NA
15918 1171 NA
15919 1194 NA
15920 1194 NA
15921 1181 NA
15922 1172 NA
15923 1172 NA
15924 1168 NA
15925 1172 NA
15926 1172 NA
15927 1159 NA
15928 1179 NA
15929 1203 NA
15930 1203 NA
15931 1212 NA
15932 1237 NA
15933 1269 NA
15934 1269 NA
15935 1319 NA
15936 1364 NA
15937 1381 NA
15938 1381 NA
15939 1416 NA
15940 1416 NA
15941 1436 NA
15942 1436 NA
15943 1461 NA
15944 1475 NA
15945 1475 NA
15946 1514 NA
15947 1560 NA
15948 1560 NA
15949 1613 NA
15950 1601 NA
15951 1601 NA
15952 1541 NA
15953 1541 NA
15954 1492 NA
15955 1492 NA
15956 1446 NA
15957 1446 NA
15958 1426 NA
15959 1426 NA
15960 1463 NA
15961 1463 NA
15962 1488 NA
15963 1488 NA
15964 1487 NA
15965 1487 NA
15966 1485 NA
15967 1485 NA
15968 1474 NA
15969 1474 NA
15970 1515 NA
15971 1515 NA
15972 1550 NA
15973 1550 NA
15974 1614 NA
15975 1614 NA
15976 1612 NA
15977 1612 NA
15978 1581 NA
15979 1581 NA
15980 1567 NA
15981 1567 NA
15982 1557 NA
15983 1532 NA
15984 1532 NA
15985 1483 NA
15986 1498 NA
15987 1513 NA
15988 1528 NA
15989 1544 NA
15990 1559 NA
15991 1574 NA
15992 1589 NA
15993 1604 NA
15994 1591 NA
15995 1591 NA
15996 1547 NA
15997 1547 NA
15998 1540 NA
15999 1557 NA
16000 1557 NA
16001 1624 NA
16002 1624 NA
16003 1651 NA
16004 1651 NA
16005 1625 NA
16006 1627 NA
16007 1627 NA
16008 1590 NA
16009 1590 NA
16010 1549 NA
16011 1575 NA
16012 1575 NA
16013 1601 NA
16014 1601 NA
16015 1614 NA
16016 1614 NA
16017 1575 NA
16018 1575 NA
16019 1537 NA
16020 1537 NA
16021 1529 NA
16022 1529 NA
16023 1523 NA
16024 1523 NA
16025 1541 NA
16026 1564 NA
16027 1599 NA
16028 1599 NA
16029 1628 NA
16030 1628 NA
16031 1631 NA
16032 1631 NA
16033 1583 NA
16034 1583 NA
16035 1585 NA
16036 1588 NA
16037 1590 NA
16038 1593 NA
16039 1595 NA
16040 1598 NA
16041 1600 NA
16042 1600 NA
16043 1656 NA
16044 1656 NA
16045 1653 NA
16046 1653 NA
16047 1632 NA
16048 1643 NA
16049 1643 NA
16050 1670 NA
16051 1670 NA
16052 1736 NA
16053 1736 NA
16054 1813 NA
16055 1813 NA
16056 1794 NA
16057 1794 NA
16058 1803 NA
16059 1803 NA
16060 1800 NA
16061 1800 NA
16062 1804 NA
16063 1731 NA
16064 1731 NA
16065 1733 NA
16066 1733 NA
16067 1753 NA
16068 1763 NA
16069 1763 NA
16070 1740 NA
16071 1675 NA
16072 1602 NA
16073 1561 NA
16074 1522 NA
16075 1536 NA
16076 1545 NA
16077 1494 NA
16078 1494 NA
16079 1419 NA
16080 1419 NA
16081 1356 NA
16082 1371 NA
16083 1421 NA
16084 1421 NA
16085 1421 NA
16086 1421 NA
16087 1419 NA
16088 1419 NA
16089 1423 NA
16090 1423 NA
16091 1416 NA
16092 1392 NA
16093 1392 NA
16094 1388 NA
16095 1436 NA
16096 1473 NA
16097 1473 NA
16098 1524 NA
16099 1524 NA
16100 1589 NA
16101 1663 NA
16102 1735 NA
16103 1777 NA
16104 1825 NA
16105 1886 NA
16106 1953 NA
16107 2045 NA
16108 2107 NA
16109 2114 NA
16110 2074 NA
16111 2005 NA
16112 2000 NA
16113 1981 NA
16114 2031 NA
16115 1951 NA
16116 1864 NA
16117 1841 NA
16118 1798 NA
16119 1798 NA
16120 1784 NA
16121 1868 NA
16122 1956 NA
16123 2054 NA
16124 2157 NA
16125 2195 NA
16126 2105 NA
16127 2021 NA
16128 1942 NA
16129 1911 NA
16130 1859 NA
16131 1811 NA
16132 1754 NA
16133 1769 NA
16134 1767 NA
16135 1767 NA
16136 1812 NA
16137 1854 NA
16138 1932 NA
16139 1983 NA
16140 1983 NA
16141 2037 NA
16142 2054 NA
16143 1970 NA
16144 1874 NA
16145 1799 NA
16146 1811 NA
16147 1773 NA
16148 1785 NA
16149 1711 NA
16150 1711 NA
16151 1629 NA
16152 1547 NA
16153 1485 NA
16154 1485 NA
16155 1419 NA
16156 1419 NA
16157 1461 NA
16158 1499 NA
16159 1515 NA
16160 1504 NA
16161 1512 NA
16162 1519 NA
16163 1519 NA
16164 1509 NA
16165 1435 NA
16166 1379 NA
16167 1441 NA
16168 1441 NA
16169 1436 NA
16170 1390 NA
16171 1390 NA
16172 1322 NA
16173 1351 NA
16174 1379 NA
16175 1387 NA
16176 1387 NA
16177 1321 NA
16178 1262 NA
16179 1262 NA
16180 1274 NA
16181 1274 NA
16182 1306 NA
16183 1315 NA
16184 1363 NA
16185 1363 NA
16186 1312 NA
16187 1249 NA
16188 1228 NA
16189 1200 NA
16190 1237 NA
16191 1237 NA
16192 1271 NA
16193 1300 NA
16194 1300 NA
16195 1351 NA
16196 1351 NA
16197 1377 NA
16198 1417 NA
16199 1417 NA
16200 1469 NA
16201 1542 NA
16202 1572 NA
16203 1601 NA
16204 1661 NA
16205 1661 NA
16206 1647 NA
16207 1647 NA
16208 1644 NA
16209 1644 NA
16210 1663 NA
16211 1666 NA
16212 1701 NA
16213 1701 NA
16214 1753 NA
16215 1797 NA
16216 1815 NA
16217 1791 NA
16218 1791 NA
16219 1780 NA
16220 1780 NA
16221 1800 NA
16222 1824 NA
16223 1862 NA
16224 1855 NA
16225 1884 NA
16226 1929 NA
16227 1916 NA
16228 1950 NA
16229 1887 NA
16230 1820 NA
16231 1769 NA
16232 1771 NA
16233 1771 NA
16234 1792 NA
16235 1797 NA
16236 1769 NA
16237 1752 NA
16238 1791 NA
16239 1855 NA
16240 1855 NA
16241 1934 NA
16242 2031 NA
16243 2099 NA
16244 2101 NA
16245 2061 NA
16246 1957 NA
16247 1909 NA
16248 1882 NA
16249 1839 NA
16250 1848 NA
16251 1841 NA
16252 1843 NA
16253 1826 NA
16254 1781 NA
16255 1737 NA
16256 1690 NA
16257 1690 NA
16258 1621 NA
16259 1587 NA
16260 1587 NA
16261 1509 NA
16262 1473 NA
16263 1461 NA
16264 1459 NA
16265 1449 NA
16266 1449 NA
16267 1399 NA
16268 1386 NA
16269 1356 NA
16270 1312 NA
16271 1312 NA
16272 1363 NA
16273 1374 NA
16274 1409 NA
16275 1468 NA
16276 1468 NA
16277 1480 NA
16278 1460 NA
16279 1395 NA
16280 1395 NA
16281 1370 NA
16282 1420 NA
16283 1490 NA
16284 1486 NA
16285 1481 NA
16286 1462 NA
16287 1451 NA
16288 1413 NA
16289 1369 NA
16290 1373 NA
16291 1363 NA
16292 1353 NA
16293 1353 NA
16294 1352 NA
16295 1338 NA
16296 1344 NA
16297 1344 NA
16298 1375 NA
16299 1311 NA
16300 1287 NA
16301 1242 NA
16302 1242 NA
16303 1260 NA
16304 1238 NA
16305 1224 NA
16306 1205 NA
16307 1149 NA
16308 1150 NA
16309 1178 NA
16310 1174 NA
16311 1144 NA
16312 1095 NA
16313 1095 NA
16314 1053 NA
16315 1092 NA
16316 1131 NA
16317 1118 NA
16318 1063 NA
16319 1014 NA
16320 963 NA
16321 914 NA
16322 886 NA
16323 859 NA
16324 817 NA
16325 797 NA
16326 797 NA
16327 817 NA
16328 858 NA
16329 901 NA
16330 939 NA
16331 939 NA
16332 943 NA
16333 896 NA
16334 923 NA
16335 934 NA
16336 934 NA
16337 913 NA
16338 884 NA
16339 875 NA
16340 875 NA
16341 868 NA
16342 852 NA
16343 852 NA
16344 825 NA
16345 825 NA
16346 824 NA
16347 818 NA
16348 818 NA
16349 813 NA
16350 813 NA
16351 811 NA
16352 811 NA
16353 807 NA
16354 807 NA
16355 811 NA
16356 811 NA
16357 804 NA
16358 804 NA
16359 788 NA
16360 788 NA
16361 771 NA
16362 771 NA
16363 738 NA
16364 738 NA
16365 708 NA
16366 708 NA
16367 673 NA
16368 640 NA
16369 609 NA
16370 616 NA
16371 616 NA
16372 647 NA
16373 680 NA
16374 680 NA
16375 700 NA
16376 729 NA
16377 706 NA
16378 705 NA
16379 705 NA
16380 692 NA
16381 692 NA
16382 657 NA
16383 625 NA
16384 625 NA
16385 594 NA
16386 564 NA
16387 536 NA
16388 509 NA
16389 484 NA
16390 484 NA
16391 464 NA
16392 464 NA
16393 465 NA
16394 465 NA
16395 449 NA
16396 449 NA
16397 428 NA
16398 428 NA
16399 412 NA
16400 412 NA
16401 411 NA
16402 411 NA
16403 402 NA
16404 399 NA
16405 399 NA
16406 419 NA
16407 419 NA
16408 440 NA
16409 440 NA
16410 460 NA
16411 461 NA
16412 461 NA
16413 465 NA
16414 465 NA
16415 452 NA
16416 440 NA
16417 440 NA
16418 458 NA
16419 458 NA
16420 475 NA
16421 475 NA
16422 499 NA
16423 499 NA
16424 517 NA
16425 517 NA
16426 538 NA
16427 538 NA
16428 557 NA
16429 557 NA
16430 575 NA
16431 566 NA
16432 566 NA
16433 537 NA
16434 517 NA
16435 515 NA
16436 515 NA
16437 511 NA
16438 521 NA
16439 521 NA
16440 548 NA
16441 548 NA
16442 575 NA
16443 575 NA
16444 604 NA
16445 605 NA
16446 605 NA
16447 615 NA
16448 615 NA
16449 614 NA
16450 614 NA
16451 586 NA
16452 556 NA
16453 556 NA
16454 539 NA
16455 539 NA
16456 520 NA
16457 520 NA
16458 541 NA
16459 541 NA
16460 553 NA
16461 553 NA
16462 538 NA
16463 538 NA
16464 544 NA
16465 544 NA
16466 550 NA
16467 550 NA
16468 551 NA
16469 551 NA
16470 572 NA
16471 572 NA
16472 601 NA
16473 601 NA
16474 626 NA
16475 647 NA
16476 647 NA
16477 680 NA
16478 680 NA
16479 707 NA
16480 731 NA
16481 757 NA
16482 788 NA
16483 816 NA
16484 846 NA
16485 873 NA
16486 917 NA
16487 960 NA
16488 998 NA
16489 1040 NA
16490 1029 NA
16491 1029 NA
16492 978 NA
16493 978 NA
16494 938 NA
16495 938 NA
16496 895 NA
16497 895 NA
16498 853 NA
16499 853 NA
16500 833 NA
16501 833 NA
16502 847 NA
16503 817 NA
16504 817 NA
16505 851 NA
16506 851 NA
16507 886 NA
16508 886 NA
16509 921 NA
16510 921 NA
16511 921 NA
16512 949 NA
16513 949 NA
16514 947 NA
16515 947 NA
16516 918 NA
16517 918 NA
16518 873 NA
16519 873 NA
16520 829 NA
16521 829 NA
16522 788 NA
16523 749 NA
16524 749 NA
16525 712 NA
16526 678 NA
16527 678 NA
16528 644 NA
16529 644 NA
16530 612 NA
16531 584 NA
16532 584 NA
16533 558 NA
16534 558 NA
16535 580 NA
16536 580 NA
16537 562 NA
16538 562 NA
16539 562 NA
16540 533 NA
16541 533 NA
16542 509 NA
16543 509 NA
16544 491 NA
16545 491 NA
16546 508 NA
16547 508 NA
16548 515 NA
16549 515 NA
16550 515 NA
16551 521 NA
16552 521 NA
16553 495 NA
16554 495 NA
16555 472 NA
16556 472 NA
16557 490 NA
16558 490 NA
16559 490 NA
16560 499 NA
16561 499 NA
16562 499 NA
16563 521 NA
16564 521 NA
16565 542 NA
16566 542 NA
16567 560 NA
16568 560 NA
16569 560 NA
16570 581 NA
16571 581 NA
16572 597 NA
16573 597 NA
16574 598 NA
16575 598 NA
16576 574 NA
16577 574 NA
16578 584 NA
16579 584 NA
16580 602 NA
16581 602 NA
16582 630 NA
16583 630 NA
16584 630 NA
16585 639 NA
16586 639 NA
16587 655 NA
16588 655 NA
16589 655 NA
16590 648 NA
16591 648 NA
16592 648 NA
16593 680 NA
16594 680 NA
16595 693 NA
16596 693 NA
16597 693 NA
16598 718 NA
16599 718 NA
16600 741 NA
16601 741 NA
16602 775 NA
16603 775 NA
16604 775 NA
16605 812 NA
16606 812 NA
16607 804 NA
16608 804 NA
16609 791 NA
16610 791 NA
16611 802 NA
16612 802 NA
16613 810 NA
16614 810 NA
16615 838 NA
16616 838 NA
16617 838 NA
16618 829 NA
16619 829 NA
16620 813 NA
16621 813 NA
16622 801 NA
16623 801 NA
16624 801 NA
16625 811 NA
16626 811 NA
16627 807 NA
16628 807 NA
16629 817 NA
16630 817 NA
16631 849 NA
16632 849 NA
16633 883 NA
16634 883 NA
16635 883 NA
16636 869 NA
16637 869 NA
16638 902 NA
16639 902 NA
16640 902 NA
16641 936 NA
16642 936 NA
16643 954 NA
16644 954 NA
16645 987 NA
16646 987 NA
16647 987 NA
16648 1002 NA
16649 1002 NA
16650 1019 NA
16651 1019 NA
16652 1017 NA
16653 1017 NA
16654 982 NA
16655 982 NA
16656 948 NA
16657 948 NA
16658 940 NA
16659 940 NA
16660 940 NA
16661 945 NA
16662 945 NA
16663 955 NA
16664 955 NA
16665 951 NA
16666 951 NA
16668 940 NA
16669 940 NA
16670 954 NA
16671 954 NA
16672 985 NA
16673 985 NA
16674 985 NA
16675 953 NA
16676 953 NA
16677 953 NA
16678 963 NA
16679 963 NA
16680 963 NA
16681 933 NA
16682 933 NA
16683 973 NA
16684 973 NA
16685 958 NA
16686 958 NA
16687 958 NA
16688 930 NA
16689 930 NA
16690 903 NA
16691 903 NA
16692 874 NA
16693 874 NA
16694 874 NA
16695 851 NA
16696 851 NA
16697 851 NA
16698 851 NA
16699 851 NA
16700 838 NA
16701 838 NA
16702 848 NA
16703 848 NA
16704 862 NA
16705 851 NA
16706 851 NA
16707 839 NA
16708 839 NA
16709 839 NA
16710 851 NA
16711 851 NA
16712 851 NA
16714 833 NA
16717 832 NA
16719 845 NA
16720 845 NA
16721 866 NA
16722 866 NA
16723 851 NA
16724 851 NA
16725 851 NA
16726 859 NA
16727 859 NA
16728 859 NA
16729 884 NA
16730 884 NA
16731 884 NA
16732 901 NA
16733 901 NA
16734 901 NA
16735 925 NA
16736 925 NA
16737 910 NA
16738 910 NA
16739 910 NA
16740 913 NA
16741 913 NA
16742 910 NA
16743 910 NA
16744 909 NA
16745 909 NA
16746 926 NA
16747 926 NA
16748 926 NA
16749 930 NA
16750 930 NA
16751 930 NA
16752 938 NA
16753 938 NA
16754 938 NA
16755 943 NA
16756 943 NA
16757 943 NA
16759 949 NA
16760 949 NA
16761 931 NA
16762 931 NA
16763 931 NA
16764 925 NA
16765 925 NA
16766 925 NA
16767 943 NA
16768 943 NA
16769 943 NA
16770 964 NA
16771 964 NA
16772 964 NA
16773 967 NA
16774 967 NA
16775 967 NA
16776 967 NA
16777 973 NA
16778 973 NA
16779 958 NA
16780 958 NA
16781 972 NA
16782 972 NA
16783 972 NA
16784 960 NA
16785 960 NA
16786 960 NA
16787 977 NA
16788 977 NA
16789 977 NA
16790 953 NA
16791 953 NA
16792 953 NA
16793 971 NA
16794 971 NA
16795 971 NA
16796 1005 NA
16797 1005 NA
16798 1003 NA
16799 1003 NA
16800 1036 NA
16801 1036 NA
16802 1080 NA
16803 1080 NA
16804 1095 NA
16805 1095 NA
16807 1089 NA
16808 1089 NA
16809 1133 NA
16810 1133 NA
16811 1157 NA
16812 1157 NA
16813 1162 NA
16814 1162 NA
16815 1162 NA
16816 1103 NA
16817 1089 NA
16818 1089 NA
16819 1089 NA
16820 1063 NA
16821 1063 NA
16822 1076 NA
16823 1076 NA
16824 1076 NA
16825 1118 NA
16826 1118 NA
16827 1124 NA
16828 1124 NA
16829 1153 NA
16830 1153 NA
16831 1193 NA
16832 1193 NA
16833 1193 NA
16834 1245 NA
16835 1245 NA
16836 1280 NA
16837 1280 NA
16838 1289 NA
16839 1289 NA
16840 1246 NA
16841 1246 NA
16842 1300 NA
16843 1300 NA
16844 1306 NA
16845 1306 NA
16846 1306 NA
16847 1302 NA
16848 1328 NA
16849 1328 NA
16850 1304 NA
16851 1304 NA
16852 1333 NA
16853 1333 NA
16854 1360 NA
16855 1360 NA
16856 1360 NA
16857 1361 NA
16858 1355 NA
16859 1386 NA
16860 1386 NA
16861 1391 NA
16862 1391 NA
16863 1378 NA
16864 1378 NA
16865 1378 NA
16866 1378 NA
16867 1378 NA
16869 1330 NA
16870 1330 NA
16871 1270 NA
16872 1270 NA
16873 1221 NA
16874 1221 NA
16875 1206 NA
16876 1206 NA
16877 1206 NA
16878 1178 NA
16879 1178 NA
16880 1174 NA
16881 1174 NA
16882 1206 NA
16883 1206 NA
16884 1264 NA
16885 1264 NA
16886 1228 NA
16887 1228 NA
16888 1228 NA
16889 1198 NA
16890 1198 NA
16891 1141 NA
16892 1141 NA
16893 1094 NA
16894 1094 NA
16895 1060 NA
16896 1060 NA
16897 1084 NA
16898 1084 NA
16899 1084 NA
16900 1139 NA
16901 1139 NA
16902 1143 NA
16903 1143 NA
16904 1143 NA
16905 1136 NA
16906 1136 NA
16907 1136 NA
16908 1141 NA
16909 1141 NA
16910 1126 NA
16911 1126 NA
16912 1113 NA
16913 1113 NA
16914 1113 NA
16915 1130 NA
16916 1130 NA
16917 1170 NA
16918 1170 NA
16919 1205 NA
16920 1205 NA
16921 1205 NA
16922 1186 NA
16923 1186 NA
16924 1186 NA
16925 1135 NA
16926 1135 NA
16927 1128 NA
16928 1128 NA
16929 1128 NA
16930 1166 NA
16931 1166 NA
16932 1166 NA
16933 1192 NA
16934 1192 NA
16935 1192 NA
16936 1210 NA
16937 1210 NA
16938 1264 NA
16939 1264 NA
16940 1264 NA
16941 1229 NA
16942 1229 NA
16943 1229 NA
16944 1229 NA
16945 1231 NA
16946 1231 NA
16947 1272 NA
16949 1272 NA
16950 1328 NA
16951 1328 NA
16952 1290 NA
16953 1290 NA
16954 1346 NA
16955 1346 NA
16956 1345 NA
16957 1345 NA
16958 1345 NA
16959 1401 NA
16960 1401 NA
16961 1345 NA
16966 1375 NA
16968 1375 NA
16969 1367 NA
16970 1367 NA
16971 1304 NA
16972 1304 NA
16973 1306 NA
16974 1306 NA
16975 1306 NA
16976 1326 NA
16977 1326 NA
16978 1385 NA
16979 1385 NA
16980 1385 NA
16981 1428 NA
16982 1428 NA
16984 1403 NA
16985 1403 NA
16986 1403 NA
16987 1362 NA
16988 1362 NA
16989 1303 NA
16990 1303 NA
16991 1299 NA
16992 1299 NA
16993 1299 NA
16994 1266 NA
16998 1235 NA
16999 1235 NA
17000 1265 NA
17001 1265 NA
17006 1300 NA
17007 1300 NA
17012 1368 NA
17014 1368 NA
17015 1402 NA
17016 1402 NA
17017 1402 NA
17018 1388 NA
17019 1388 NA
17020 1388 NA
17021 1388 NA
17022 1361 NA
17023 1361 NA
17024 1319 NA
17025 1319 NA
17026 1319 NA
17027 1313 NA
17028 1313 NA
17029 1313 NA
17031 1373 NA
17032 1373 NA
17033 1407 NA
17034 1407 NA
17035 1407 NA
17036 1348 NA
17037 1348 NA
17038 1348 NA
17039 1396 NA
17040 1396 NA
17042 1389 NA
17044 1389 NA
17045 1444 NA
17046 1444 NA
17047 1444 NA
17048 1444 NA
17049 1436 NA
17050 1436 NA
17051 1436 NA
17052 1398 NA
17053 1398 NA
17054 1398 NA
17055 1398 NA
17056 1426 NA
17057 1426 NA
17058 1426 NA
17059 1430 NA
17060 1430 NA
17061 1430 NA
17062 1430 NA
17063 1458 NA
17064 1458 NA
17069 1477 NA
17070 1477 NA
17071 1473 NA
17072 1473 NA
17073 1443 NA
17075 1443 NA
17076 1399 NA
17077 1399 NA
17078 1399 NA
17079 1399 NA
17080 1383 NA
17081 1383 NA
17083 1378 NA
17084 1378 NA
17085 1378 NA
17086 1378 NA
17087 1338 NA
17088 1338 NA
17089 1338 NA
17091 1299 NA
17092 1299 NA
17093 1299 NA
17094 1312 NA
17095 1312 NA
17096 1312 NA
17097 1333 NA
17098 1333 NA
17099 1333 NA
17100 1333 NA
17101 1335 NA
17102 1335 NA
17103 1335 NA
17104 1335 NA
17105 1340 NA
17106 1340 NA
17107 1340 NA
17108 1340 NA
17109 1372 NA
17110 1372 NA
17111 1372 NA
17112 1372 NA
17113 1427 NA
17114 1427 NA
17115 1427 NA
17117 1417 NA
17118 1417 NA
17119 1417 NA
17123 1402 NA
17124 1384 NA
17125 1384 NA
17126 1384 NA
17127 1384 NA
17129 1428 NA
17130 1428 NA
17131 1428 NA
17132 1430 NA
17133 1430 NA
17134 1430 NA
17135 1430 NA
17136 1441 NA
17138 1441 NA
17139 1505 NA
17140 1505 NA
17141 1505 NA
17142 1573 NA
17143 1573 NA
17144 1573 NA
17145 1634 NA
17146 1634 NA
17147 1634 NA
17148 1643 NA
17149 1643 NA
