"Index" "Price" "Volume"
14019 40500 NA
14020 40500 NA
14021 40500 NA
14022 40500 NA
14023 39200 NA
14024 39200 NA
14025 38300 NA
14026 38300 NA
14027 38300 NA
14028 38300 NA
14029 37700 NA
14030 37700 NA
14031 37200 NA
14032 37200 NA
14033 37200 NA
14034 36300 NA
14035 36300 NA
14036 36300 NA
14037 35600 NA
14038 35600 NA
14039 35000 NA
14040 35000 NA
14041 35000 NA
14042 34000 NA
14043 34000 NA
14044 34000 NA
14045 33200 NA
14046 33200 NA
14047 32500 NA
14048 32500 NA
14049 32000 NA
14050 32000 NA
14051 32000 NA
14052 31500 NA
14053 31500 NA
14054 31500 NA
14055 31000 NA
14056 31000 NA
14057 30600 NA
14058 30600 NA
14059 30100 NA
14060 30100 NA
14061 30100 NA
14062 29900 NA
14063 29900 NA
14064 29700 NA
14065 29700 NA
14066 29700 NA
14067 29300 NA
14068 29300 NA
14069 28800 NA
14070 28800 NA
14071 28800 NA
14072 27900 NA
14073 27900 NA
14074 27100 NA
14075 27100 NA
14076 27100 NA
14077 27100 NA
14078 26900 NA
14079 26900 NA
14080 26900 NA
14081 26900 NA
14082 26900 NA
14083 26900 NA
14084 26500 NA
14085 26500 NA
14086 26500 NA
14087 26200 NA
14088 26100 NA
14089 26000 NA
14090 26000 NA
14091 26000 NA
14092 26000 NA
14093 25800 NA
14094 25800 NA
14095 25300 NA
14096 25300 NA
14097 25300 NA
14098 24800 NA
14099 24800 NA
14100 24800 NA
14101 24200 NA
14102 24200 NA
14103 24200 NA
14104 23300 NA
14105 23300 NA
14106 23300 NA
14107 22700 NA
14108 22700 NA
14109 22000 NA
14110 22000 NA
14111 21300 NA
14112 21300 NA
14113 21300 NA
14114 20900 NA
14115 20900 NA
14116 20900 NA
14117 20400 NA
14118 20400 NA
14119 20400 NA
14120 20600 NA
14121 20600 NA
14122 20000 NA
14123 20000 NA
14124 20000 NA
14125 20000 NA
14126 19900 NA
14127 19900 NA
14128 19900 NA
14129 19600 NA
14130 19600 NA
14131 19600 NA
14132 19400 NA
14133 19400 NA
14134 19400 NA
14135 18900 NA
14136 18900 NA
14137 18900 NA
14138 18900 NA
14139 18600 NA
14140 18600 NA
14141 18600 NA
14142 18300 NA
14143 18300 NA
14144 18300 NA
14145 18300 NA
14146 18000 NA
14147 18000 NA
14148 18000 NA
14149 17700 NA
14150 17700 NA
14151 17700 NA
14152 17700 NA
14153 17800 NA
14154 17800 NA
14155 17800 NA
14156 17500 NA
14157 17500 NA
14158 17500 NA
14159 17200 NA
14160 17200 NA
14161 17200 NA
14162 17200 NA
14163 17400 NA
14164 17400 NA
14165 17400 NA
14166 17500 NA
14167 17500 NA
14168 17500 NA
14169 17500 NA
14170 17200 NA
14171 17200 NA
14172 17200 NA
14173 17200 NA
14174 17200 NA
14175 17000 NA
14176 17000 NA
14177 17000 NA
14178 17000 NA
14179 16700 NA
14180 16700 NA
14181 16700 NA
14182 16700 NA
14183 16700 NA
14184 16900 NA
14185 16900 NA
14186 16900 NA
14187 17000 NA
14188 17000 NA
14189 17000 NA
14190 17000 NA
14191 17000 NA
14192 16900 NA
14193 16900 NA
14194 16900 NA
14195 16900 NA
14196 16900 NA
14197 16500 NA
14198 16500 NA
14199 16400 NA
14200 16400 NA
14201 16400 NA
14202 16400 NA
14203 16400 NA
14204 16300 NA
14205 16300 NA
14206 16300 NA
14207 15800 NA
14208 15800 NA
14209 15800 NA
14210 15800 NA
14211 15500 NA
14212 15500 NA
14213 15500 NA
14214 15500 NA
14215 15100 NA
14216 15100 NA
14217 15100 NA
14218 15100 NA
14219 14900 NA
14220 14900 NA
14221 14700 NA
14222 14700 NA
14223 14700 NA
14224 14700 NA
14225 14700 NA
14226 14400 NA
14227 14400 NA
14228 14400 NA
14229 14400 NA
14230 14100 NA
14231 14100 NA
14232 14100 NA
14233 14000 NA
14234 14000 NA
14235 14000 NA
14236 14000 NA
14237 14200 NA
14238 14200 NA
14239 14200 NA
14240 14200 NA
14241 14700 NA
14242 14700 NA
14243 14700 NA
14244 15200 NA
14245 15200 NA
14246 15200 NA
14247 15200 NA
14248 15500 NA
14249 15500 NA
14250 15500 NA
14251 15500 NA
14252 15400 NA
14253 15400 NA
14254 15400 NA
14255 15400 NA
14256 15100 NA
14257 15100 NA
14258 15100 NA
14259 15100 NA
14260 15100 NA
14261 15100 NA
14262 15000 NA
14263 15000 NA
14264 15000 NA
14265 14600 NA
14266 14600 NA
14267 14600 NA
14268 14600 NA
14269 14300 NA
14270 14300 NA
14271 14300 NA
14272 14200 NA
14273 14200 NA
14274 14200 NA
14275 14200 NA
14276 13900 NA
14277 13900 NA
14278 13900 NA
14279 13900 NA
14280 13800 NA
14281 13800 NA
14282 13800 NA
14283 13800 NA
14284 13900 NA
14285 13900 NA
14286 13900 NA
14287 13900 NA
14288 14000 NA
14289 14000 NA
14290 14000 NA
14291 14200 NA
14292 14200 NA
14293 14200 NA
14294 14300 NA
14295 14300 NA
14296 14300 NA
14297 14300 NA
14298 14400 NA
14299 14400 NA
14300 14400 NA
14301 14400 NA
14302 14500 NA
14303 14500 NA
14304 14500 NA
14305 14400 NA
14306 14400 NA
14307 14400 NA
14308 14400 NA
14309 14400 NA
14310 14100 NA
14311 14100 NA
14312 14100 NA
14313 14100 NA
14314 14100 NA
14315 14100 NA
14316 14100 NA
14317 14100 NA
14318 14200 NA
14319 14200 NA
14320 14200 NA
14321 14200 NA
14322 13900 NA
14323 13900 NA
14324 13900 NA
14325 13900 NA
14326 13900 NA
14327 13900 NA
14328 13900 NA
14329 13900 NA
14330 14000 NA
14331 14000 NA
14332 14000 NA
14333 14000 NA
14334 14000 NA
14335 14000 NA
14336 14000 NA
14337 14000 NA
14338 14000 NA
14339 14300 NA
14340 14300 NA
14341 14300 NA
14342 14300 NA
14343 14500 NA
14344 14500 NA
14345 14500 NA
14346 14800 NA
14347 14800 NA
14348 14800 NA
14349 15000 NA
14350 15000 NA
14351 15000 NA
14352 15000 NA
14353 15100 NA
14354 15100 NA
14355 15100 NA
14356 15100 NA
14357 15100 NA
14358 15200 NA
14359 15200 NA
14360 15200 NA
14361 15200 NA
14362 15400 NA
14363 15400 NA
14364 15400 NA
14365 15400 NA
14366 15500 NA
14367 15500 NA
14368 15500 NA
14369 15500 NA
14370 15600 NA
14371 15600 NA
14372 15600 NA
14373 15400 NA
14374 15400 NA
14375 15400 NA
14376 15400 NA
14377 15400 NA
14378 15200 NA
14379 15200 NA
14380 15200 NA
14381 15200 NA
14382 14600 NA
14383 14600 NA
14384 14600 NA
14385 14600 NA
14386 14600 NA
14387 14700 NA
14388 14700 NA
14389 14700 NA
14390 14700 NA
14391 14700 NA
14392 14500 NA
14393 14500 NA
14394 14500 NA
14395 14600 NA
14396 14600 NA
14397 14600 NA
14398 14600 NA
14399 14600 NA
14400 14600 NA
14401 14600 NA
14402 14600 NA
14403 14600 NA
14404 14600 NA
14405 14600 NA
14406 14800 NA
14407 14800 NA
14408 14800 NA
14409 14800 NA
14410 14800 NA
14411 14800 NA
14412 14800 NA
14413 14900 NA
14414 14900 NA
14415 14900 NA
14416 14900 NA
14417 15200 NA
14418 15200 NA
14419 15200 NA
14420 14900 NA
14421 14900 NA
14422 14900 NA
14423 15200 NA
14424 15200 NA
14425 15200 NA
14426 15200 NA
14428 15600 NA
14429 15600 NA
14430 15600 NA
14431 16300 NA
14432 16300 NA
14433 16300 NA
14434 16300 NA
14435 16900 NA
14436 16900 NA
14437 16900 NA
14438 17700 NA
14439 17700 NA
14440 17700 NA
14441 17700 NA
14442 18300 NA
14443 18300 NA
14444 18300 NA
14445 18300 NA
14446 19000 NA
14447 19000 NA
14448 19000 NA
14449 19000 NA
14450 19000 NA
14451 19000 NA
14452 19000 NA
14453 19200 NA
14454 19200 NA
14455 19200 NA
14456 19200 NA
14457 19200 NA
14458 19200 NA
14459 19200 NA
14460 19200 NA
14461 19400 NA
14462 19400 NA
14463 19400 NA
14464 19800 NA
14465 19800 NA
14466 19800 NA
14467 19800 NA
14468 19300 NA
14469 19300 NA
14470 19300 NA
14471 19400 NA
14472 19400 NA
14473 19400 NA
14474 19400 NA
14475 19000 NA
14476 19000 NA
14477 19000 NA
14478 19000 NA
14479 18800 NA
14480 18800 NA
14481 18800 NA
14482 18800 NA
14483 19600 NA
14484 19600 NA
14485 19600 NA
14486 19600 NA
14487 20400 NA
14488 20400 NA
14489 20400 NA
14490 20400 NA
14491 20400 NA
14492 21300 NA
14493 21300 NA
14494 21300 NA
14495 21300 NA
14496 21300 NA
14497 21100 NA
14498 21100 NA
14499 21100 NA
14500 21100 NA
14501 20200 NA
14502 20200 NA
14503 20200 NA
14504 20200 NA
14505 20200 NA
14506 19600 NA
14507 19600 NA
14508 19600 NA
14509 19600 NA
14510 19600 NA
14511 19100 NA
14512 19100 NA
14513 19100 NA
14514 19100 NA
14515 18800 NA
14516 18800 NA
14517 18800 NA
14518 18800 NA
14519 18800 NA
14520 18800 NA
14521 18500 NA
14522 18500 NA
14523 18500 NA
14524 18500 NA
14525 18500 NA
14526 18700 NA
14527 18700 NA
14528 18700 NA
14529 18700 NA
14530 18800 NA
14531 18800 NA
14532 18800 NA
14533 18800 NA
14534 18800 NA
14535 19600 NA
14536 19600 NA
14537 19600 NA
14538 19600 NA
14539 19600 NA
14540 19600 NA
14541 20500 NA
14542 20500 NA
14543 20500 NA
14544 20500 NA
14545 21400 NA
14546 21400 NA
14547 21400 NA
14548 21400 NA
14549 21400 NA
14550 22400 NA
14551 22400 NA
14552 22400 NA
14553 22400 NA
14554 22400 NA
14555 23400 NA
14556 23400 NA
14557 23400 NA
14558 23400 NA
14559 23400 NA
14560 23400 NA
14561 24400 NA
14562 24400 NA
14563 24400 NA
14564 24400 NA
14565 23800 NA
14566 23800 NA
14567 23800 NA
14568 23800 NA
14569 23800 NA
14570 22600 NA
14571 22600 NA
14572 22600 NA
14573 22600 NA
14574 22600 NA
14575 21700 NA
14576 21700 NA
14577 21700 NA
14578 21900 NA
14579 21900 NA
14580 21900 NA
14581 21900 NA
14582 22400 NA
14583 22400 NA
14584 22400 NA
14585 22400 NA
14586 22400 NA
14587 22400 NA
14588 22300 NA
14589 22300 NA
14590 22300 NA
14591 22300 NA
14592 22300 NA
14593 22600 NA
14594 22600 NA
14595 22600 NA
14596 22600 NA
14597 22600 NA
14598 23100 NA
14599 23100 NA
14600 23100 NA
14601 23100 NA
14602 23400 NA
14603 23400 NA
14604 23400 NA
14605 23400 NA
14606 23400 NA
14607 23800 NA
14608 23800 NA
14609 23800 NA
14610 23800 NA
14611 24200 NA
14612 24200 NA
14613 24200 NA
14614 24200 NA
14615 24200 NA
14616 24500 NA
14617 24500 NA
14618 24500 NA
14619 24500 NA
14620 24500 NA
14621 24700 NA
14622 24700 NA
14623 24700 NA
14624 24700 NA
14625 24800 NA
14626 24800 NA
14627 24800 NA
14628 24800 NA
14629 24800 NA
14630 24800 NA
14631 24800 NA
14632 24800 NA
14633 24800 NA
14634 24800 NA
14635 25400 NA
14636 25400 NA
14637 25400 NA
14638 25400 NA
14639 25500 NA
14640 25500 NA
14641 25500 NA
14642 25500 NA
14643 25500 NA
14644 25500 NA
14645 25800 NA
14646 25800 NA
14647 25800 NA
14648 25800 NA
14649 25800 NA
14650 25800 NA
14651 25800 NA
14653 25800 NA
14654 25900 NA
14655 25900 NA
14656 25900 NA
14657 25900 NA
14658 25900 NA
14659 25900 NA
14660 25900 NA
14661 25600 NA
14662 25600 NA
14663 25600 NA
14664 25600 NA
14665 25600 NA
14666 25600 NA
14667 25600 NA
14668 25600 NA
14669 25600 NA
14670 25600 NA
14671 25600 NA
14672 25600 NA
14673 25600 NA
14674 25300 NA
14675 25300 NA
14676 25300 NA
14677 25300 NA
14678 25300 NA
14679 25100 NA
14680 25100 NA
14681 25100 NA
14682 25100 NA
14683 25100 NA
14684 25100 NA
14685 25000 NA
14686 25000 NA
14687 25000 NA
14688 25000 NA
14689 25000 NA
14690 25100 NA
14691 25100 NA
14692 25100 NA
14693 25100 NA
14694 25100 NA
14695 25100 NA
14696 25100 NA
14697 25400 NA
14698 25400 NA
14699 25400 NA
14700 25400 NA
14701 25400 NA
14702 25500 NA
14703 25500 NA
14704 25500 NA
14705 25500 NA
14706 25500 NA
14707 25900 NA
14708 25900 NA
14709 25900 NA
14710 25900 NA
14711 25900 NA
14712 26300 NA
14713 26300 NA
14714 26300 NA
14715 26300 NA
14716 26300 NA
14717 26300 NA
14718 26300 NA
14719 26300 NA
14720 26600 NA
14721 26600 NA
14722 26600 NA
14723 26600 NA
14724 26600 NA
14725 26600 NA
14726 26600 NA
14727 26100 NA
14728 26100 NA
14729 26100 NA
14730 26100 NA
14731 26100 NA
14732 26100 NA
14733 26100 NA
14734 26500 NA
14735 26500 NA
14736 26500 NA
14737 26500 NA
14738 26500 NA
14739 26500 NA
14740 26500 NA
14741 26300 NA
14742 26300 NA
14743 26300 NA
14744 26300 NA
14745 26300 NA
14746 26300 NA
14747 26500 NA
14748 26500 NA
14749 26500 NA
14750 26500 NA
14751 26500 NA
14752 26500 NA
14753 26500 NA
14754 26200 NA
14755 26200 NA
14756 26200 NA
14757 26200 NA
14758 26200 NA
14759 26600 NA
14760 26600 NA
14761 26600 NA
14762 26600 NA
14763 26600 NA
14764 26600 NA
14765 26600 NA
14766 27300 NA
14767 27300 NA
14768 27300 NA
14769 27300 NA
14770 27300 NA
14771 27500 NA
14772 27500 NA
14773 27500 NA
14774 27500 NA
14775 27500 NA
14776 27500 NA
14777 27500 NA
14778 27500 NA
14779 27500 NA
14780 27500 NA
14781 27500 NA
14782 27800 NA
14783 27800 NA
14784 27800 NA
14785 27800 NA
14786 27800 NA
14787 27800 NA
14788 28300 NA
14789 28300 NA
14790 28300 NA
14791 28300 NA
14792 28300 NA
14793 29100 NA
14794 29100 NA
14795 29100 NA
14796 29100 NA
14797 29100 NA
14798 29100 NA
14799 30200 NA
14800 30200 NA
14801 30200 NA
14802 30200 NA
14803 30200 NA
14804 30200 NA
14805 31200 NA
14806 31200 NA
14807 31200 NA
14808 31200 NA
14809 31200 NA
14810 32100 NA
14811 32100 NA
14812 32100 NA
14813 32100 NA
14814 32100 NA
14815 32100 NA
14816 33200 NA
14817 33200 NA
14818 33200 NA
14819 33200 NA
14820 33200 NA
14821 34700 NA
14822 34700 NA
14823 34700 NA
14824 34700 NA
14825 34700 NA
14826 36100 NA
14827 36100 NA
14828 36100 NA
14829 36100 NA
14830 36100 NA
14831 35200 NA
14832 35200 NA
14833 35200 NA
14834 35200 NA
14835 35200 NA
14836 34100 NA
14837 34100 NA
14838 34100 NA
14839 34100 NA
14840 34100 NA
14841 34100 NA
14842 32400 NA
14843 32400 NA
14844 32400 NA
14845 32400 NA
14846 32400 NA
14847 31000 NA
14848 31000 NA
14849 31000 NA
14850 31000 NA
14851 31000 NA
14852 31000 NA
14853 31000 NA
14854 31000 NA
14855 29600 NA
14856 29600 NA
14857 29600 NA
14858 29600 NA
14859 29600 NA
14860 29600 NA
14861 29600 NA
14862 29600 NA
14863 28400 NA
14864 28400 NA
14865 28400 NA
14866 28400 NA
14867 28400 NA
14868 28400 NA
14869 28400 NA
14870 28400 NA
14871 28400 NA
14872 27100 NA
14873 27100 NA
14874 27100 NA
14875 27100 NA
14876 27100 NA
14877 27100 NA
14878 27100 NA
14879 27100 NA
14880 27100 NA
14881 27100 NA
14882 26000 NA
14883 26000 NA
14884 26000 NA
14885 26000 NA
14886 26000 NA
14887 26000 NA
14888 26000 NA
14889 26000 NA
14890 26000 NA
14891 26000 NA
14892 24800 NA
14893 24800 NA
14894 24800 NA
14895 24800 NA
14896 24800 NA
14897 24800 NA
14898 24800 NA
14899 24800 NA
14900 24800 NA
14901 24800 NA
14902 24800 NA
14903 23700 NA
14904 23700 NA
14905 23700 NA
14906 23700 NA
14907 23700 NA
14908 23700 NA
14909 23700 NA
14910 23700 NA
14911 23700 NA
14912 22600 NA
14913 22600 NA
14914 22600 NA
14915 22600 NA
14916 22600 NA
14917 22600 NA
14918 22600 NA
14920 22600 NA
14921 21600 NA
14922 21600 NA
14923 21600 NA
14924 21600 NA
14925 21600 NA
14926 21600 NA
14927 21600 NA
14928 21600 NA
14929 21600 NA
14930 20700 NA
14931 20700 NA
14932 20700 NA
14933 20700 NA
14934 20700 NA
14935 20700 NA
14936 20700 NA
14937 20700 NA
14938 20700 NA
14939 20700 NA
14940 20400 NA
14941 20400 NA
14942 20400 NA
14943 20400 NA
14944 20400 NA
14945 20400 NA
14946 20400 NA
14947 20400 NA
14948 20400 NA
14949 20100 NA
14950 20100 NA
14951 20100 NA
14952 20100 NA
14953 20100 NA
14954 20100 NA
14955 20100 NA
14956 20100 NA
14957 20100 NA
14958 19700 NA
14959 19700 NA
14960 19700 NA
14961 19700 NA
14962 19700 NA
14963 19700 NA
14964 19700 NA
14965 19700 NA
14966 19700 NA
14967 19300 NA
14968 19300 NA
14969 19300 NA
14970 19300 NA
14971 19300 NA
14972 19300 NA
14973 19300 NA
14974 19000 NA
14975 19300 NA
14976 19000 NA
14981 19000 NA
14983 18500 NA
14990 18500 NA
14991 18400 NA
14996 18400 NA
14998 17800 NA
15005 17800 NA
15007 17000 NA
15008 17000 NA
15013 16700 NA
15019 16800 NA
15020 16800 NA
15025 17000 NA
15029 17200 NA
15033 17200 NA
15035 16900 NA
15042 16900 NA
15046 16900 NA
15047 17000 NA
15052 17000 NA
15054 16600 NA
15060 16600 NA
15061 16800 NA
15067 16800 NA
15070 17400 NA
15077 17400 NA
15080 17400 NA
15085 17000 NA
15090 17000 NA
15091 16500 NA
15097 16500 NA
15098 16300 NA
15104 16300 NA
15106 16100 NA
15110 16100 NA
15114 15700 NA
15120 15700 NA
15122 15600 NA
15128 15600 NA
15130 15700 NA
15136 15700 NA
15137 16000 NA
15143 16000 NA
15144 15700 NA
15150 15700 NA
15151 15900 NA
15157 15900 NA
15158 16400 NA
15164 16400 NA
15165 16500 NA
15169 16473 NA
15172 16900 NA
15178 17300 NA
15179 17300 NA
15184 17400 NA
15191 17400 NA
15194 17400 NA
15196 17500 NA
15199 17500 NA
15204 18000 NA
15211 18000 NA
15212 18000 NA
15217 17200 NA
15221 17200 NA
15224 16600 NA
15227 16600 NA
15231 16000 NA
15235 16000 NA
15238 15400 NA
15242 15400 NA
15243 14800 NA
15248 14800 NA
15250 14100 NA
15258 13700 NA
15264 13700 NA
15266 13000 NA
15271 13000 NA
15273 12500 NA
15280 12500 NA
15281 12100 NA
15284 12100 NA
15291 11800 NA
15298 11800 NA
15305 11800 NA
15307 11800 NA
15310 12000 NA
15313 11958 NA
15318 11958 NA
15319 12098 NA
15326 12098 NA
15328 12098 NA
15329 12417 NA
15336 12417 NA
15337 12868 NA
15340 12868 NA
15341 12868 NA
15342 12868 NA
15343 12868 NA
15344 12868 NA
15345 12868 NA
15346 12868 NA
15347 13029 NA
15348 13029 NA
15349 13029 NA
15350 13029 NA
15351 13029 NA
15352 13029 NA
15353 13029 NA
15354 13029 NA
15355 13029 NA
15356 13029 NA
15357 12797 NA
15358 12797 NA
15359 12797 NA
15360 12797 NA
15361 12797 NA
15362 12797 NA
15363 12797 NA
15364 12797 NA
15365 12797 NA
15366 12797 NA
15367 12530 NA
15368 12530 NA
15369 12530 NA
15370 12530 NA
15371 12530 NA
15372 12530 NA
15373 12530 NA
15374 12530 NA
15375 12530 NA
15376 12530 NA
15377 12530 NA
15378 12189 NA
15379 12189 NA
15380 12189 NA
15381 12189 NA
15382 12189 NA
15383 12189 NA
15384 12189 NA
15385 12189 NA
15386 12189 NA
15387 12189 NA
15388 12189 NA
15389 12189 NA
15390 12189 NA
15391 12189 NA
15392 12189 NA
15393 12189 NA
15394 12076 NA
15395 12076 NA
15396 12076 NA
15397 12076 NA
15398 12076 NA
15399 12076 NA
15400 12076 NA
15401 12076 NA
15402 12076 NA
15403 12076 NA
15404 11778 NA
15405 11778 NA
15406 11778 NA
15407 11778 NA
15408 11778 NA
15409 11778 NA
15410 11778 NA
15411 11778 NA
15412 11778 NA
15413 11778 NA
15414 11385 NA
15415 11385 NA
15416 11385 NA
15417 11385 NA
15418 11385 NA
15419 11385 NA
15420 11385 NA
15421 11385 NA
15422 11400 NA
15423 11415 NA
15424 11430 NA
15425 11445 NA
15426 11460 NA
15427 11460 NA
15428 11460 NA
15429 11460 NA
15430 11460 NA
15431 11460 NA
15432 11460 NA
15433 11648 NA
15434 11648 NA
15435 11648 NA
15436 11648 NA
15437 11648 NA
15438 11648 NA
15439 11648 NA
15440 11648 NA
15441 11648 NA
15442 11971 NA
15443 11971 NA
15444 11971 NA
15445 11971 NA
15446 11971 NA
15447 11971 NA
15448 11971 NA
15449 11971 NA
15450 11971 NA
15451 11971 NA
15452 11873 NA
15453 11873 NA
15454 11873 NA
15455 11873 NA
15456 11873 NA
15457 11873 NA
15458 11873 NA
15459 11873 NA
15460 11873 NA
15461 11873 NA
15462 11873 NA
15463 12135 NA
15464 12135 NA
15465 12135 NA
15466 12135 NA
15467 12135 NA
15468 12135 NA
15469 12135 NA
15470 12135 NA
15471 12135 NA
15472 12135 NA
15473 12659 NA
15474 12659 NA
15475 12659 NA
15476 12659 NA
15477 12659 NA
15478 12659 NA
15479 12659 NA
15480 12659 NA
15481 12659 NA
15482 12990 NA
15483 12990 NA
15484 12990 NA
15485 12990 NA
15486 12990 NA
15487 12990 NA
15488 12990 NA
15489 12897 NA
15490 12897 NA
15491 12897 NA
15492 12897 NA
15493 12897 NA
15494 12897 NA
15495 12897 NA
15496 12897 NA
15497 12450 NA
15498 12450 NA
15499 12450 NA
15500 12450 NA
15501 12450 NA
15502 12450 NA
15503 12450 NA
15504 12450 NA
15505 12429 NA
15506 12429 NA
15507 12429 NA
15508 12429 NA
15509 12429 NA
15510 12429 NA
15511 12429 NA
15512 12626 NA
15513 12626 NA
15514 12626 NA
15515 12626 NA
15516 12626 NA
15517 12626 NA
15518 12626 NA
15519 12982 NA
15520 12982 NA
15521 12982 NA
15522 12982 NA
15523 12982 NA
15524 12982 NA
15525 12982 NA
15526 12982 NA
15527 13254 NA
15528 13254 NA
15529 13254 NA
15530 13254 NA
15531 13254 NA
15532 13254 NA
15533 13254 NA
15534 13254 NA
15535 12993 NA
15536 12993 NA
15537 12993 NA
15538 12993 NA
15539 12993 NA
15540 12993 NA
15541 12993 NA
15542 12993 NA
15543 12993 NA
15544 12993 NA
15545 12783 NA
15546 12783 NA
15547 12783 NA
15548 12783 NA
15549 12783 NA
15550 12783 NA
15551 12783 NA
15552 12783 NA
15553 12360 NA
15554 12360 NA
15555 12360 NA
15556 12360 NA
15557 12360 NA
15558 12360 NA
15559 12360 NA
15560 12096 NA
15561 12096 NA
15562 12096 NA
15563 12096 NA
15564 12096 NA
15565 12096 NA
15566 12096 NA
15567 12096 NA
15568 11654 NA
15569 11654 NA
15570 11654 NA
15571 11654 NA
15572 11654 NA
15573 11654 NA
15574 11654 NA
15575 11654 NA
15576 11373 NA
15577 11373 NA
15578 11373 NA
15579 11373 NA
15580 11373 NA
15581 11373 NA
15582 11373 NA
15583 11373 NA
15584 10998 NA
15585 10998 NA
15586 10998 NA
15587 10998 NA
15588 10998 NA
15589 10998 NA
15590 10998 NA
15591 10998 NA
15592 10752 NA
15593 10752 NA
15594 10752 NA
15595 10752 NA
15596 10752 NA
15597 10752 NA
15598 10752 NA
15599 10752 NA
15600 10537 NA
15601 10537 NA
15602 10537 NA
15603 10537 NA
15604 10537 NA
15605 10537 NA
15606 10537 NA
15607 10537 NA
15608 10537 NA
15609 10537 NA
15610 10537 NA
15611 10234 NA
15612 10234 NA
15613 10234 NA
15614 10234 NA
15615 10234 NA
15616 10234 NA
15617 10234 NA
15618 10234 NA
15619 10234 NA
15620 10234 NA
15621 10234 NA
15622 10193 NA
15623 10193 NA
15624 10193 NA
15625 10193 NA
15626 10193 NA
15627 10193 NA
15628 10193 NA
15629 10193 NA
15630 10193 NA
15631 10193 NA
15632 10193 NA
15633 10094 NA
15634 10094 NA
15635 10094 NA
15636 10094 NA
15637 10094 NA
15638 10094 NA
15639 10094 NA
15640 10094 NA
15641 10094 NA
15642 10094 NA
15643 10094 NA
15644 9819 NA
15645 9819 NA
15646 9819 NA
15647 9819 NA
15648 9819 NA
15649 9819 NA
15650 9797 NA
15651 9776 NA
15652 9754 NA
15653 9732 NA
15654 9710 NA
15655 9689 NA
15656 9667 NA
15657 9645 NA
15658 9645 NA
15659 9645 NA
15660 9645 NA
15661 9645 NA
15662 9645 NA
15663 9645 NA
15664 9645 NA
15665 9645 NA
15666 9645 NA
15667 9645 NA
15668 9645 NA
15669 9645 NA
15670 9522 NA
15671 9522 NA
15672 9522 NA
15673 9522 NA
15674 9522 NA
15675 9522 NA
15676 9522 NA
15677 9522 NA
15678 9522 NA
15679 9522 NA
15680 9522 NA
15681 9522 NA
15682 9522 NA
15683 9522 NA
15684 9522 NA
15685 9522 NA
15686 9522 NA
15687 9522 NA
15688 9522 NA
15689 9522 NA
15690 9522 NA
15691 9522 NA
15692 9578 NA
15693 9578 NA
15694 9578 NA
15695 9578 NA
15696 9578 NA
15697 9578 NA
15698 9578 NA
15699 9578 NA
15700 9578 NA
15701 9578 NA
15702 9578 NA
15703 9578 NA
15704 9578 NA
15705 9578 NA
15706 9578 NA
15707 9578 NA
15708 9578 NA
15709 9578 NA
15710 9930 NA
15711 9930 NA
15712 9930 NA
15713 9930 NA
15714 9930 NA
15715 9930 NA
15716 9930 NA
15717 9930 NA
15718 9930 NA
15719 9930 NA
15720 9930 NA
15721 9930 NA
15722 9930 NA
15723 9930 NA
15724 9930 NA
15725 9930 NA
15726 9930 NA
15727 9930 NA
15728 9930 NA
15729 9930 NA
15730 9930 NA
15731 9930 NA
15732 9930 NA
15733 9930 NA
15734 9930 NA
15735 9930 NA
15736 10099 NA
15737 10099 NA
15738 10099 NA
15739 10099 NA
15740 10099 NA
15741 10099 NA
15742 10099 NA
15743 10099 NA
15744 10099 NA
15745 10099 NA
15746 10099 NA
15747 10099 NA
15748 10099 NA
15749 10099 NA
15750 10099 NA
15751 10099 NA
15752 10099 NA
15753 10099 NA
15754 10099 NA
15755 10099 NA
15756 10099 NA
15757 10099 NA
15758 10099 NA
15759 10099 NA
15760 10099 NA
15761 10099 NA
15762 10099 NA
15763 10099 NA
15764 10099 NA
15765 10099 NA
15766 10384 NA
15767 10384 NA
15768 10384 NA
15769 10384 NA
15770 10384 NA
15771 10384 NA
15772 10384 NA
15773 10384 NA
15774 10384 NA
15775 10384 NA
15776 10384 NA
15777 10384 NA
15778 10384 NA
15779 10384 NA
15780 10384 NA
15781 10384 NA
15782 10384 NA
15783 10384 NA
15784 10384 NA
15785 10384 NA
15786 10384 NA
15787 10384 NA
15788 10384 NA
15789 10384 NA
15790 10384 NA
15791 10654 NA
15792 10654 NA
15793 10654 NA
15794 10654 NA
15795 10654 NA
15796 10654 NA
15797 10654 NA
15798 10654 NA
15799 10654 NA
15800 10654 NA
15801 10654 NA
15802 10654 NA
15803 10654 NA
15804 10654 NA
15805 10654 NA
15806 10654 NA
15807 10654 NA
15808 10654 NA
15809 10654 NA
15810 10654 NA
15811 10654 NA
15812 10654 NA
15813 10654 NA
15814 10654 NA
15815 10654 NA
15816 10654 NA
15817 10654 NA
15818 10654 NA
15819 10654 NA
15820 10512 NA
15821 10512 NA
15822 10512 NA
15823 10512 NA
15824 10512 NA
15825 10512 NA
15826 10512 NA
15827 10512 NA
15828 10512 NA
15829 10512 NA
15830 10512 NA
15831 10512 NA
15832 10512 NA
15833 10512 NA
15834 10512 NA
15835 10512 NA
15836 10512 NA
15837 10512 NA
15838 10512 NA
15839 10512 NA
15840 10512 NA
15841 10512 NA
15842 10512 NA
15843 10512 NA
15844 10512 NA
15845 10512 NA
15846 10512 NA
15847 10512 NA
15848 10512 NA
15849 10512 NA
15850 10512 NA
15851 10512 NA
15852 10512 NA
15853 10512 NA
15854 10512 NA
15855 10500 NA
15856 10500 NA
15857 10500 NA
15858 10500 NA
15859 10500 NA
15860 10500 NA
15861 10500 NA
15862 10500 NA
15863 10500 NA
15864 10500 NA
15865 10500 NA
15866 10500 NA
15867 10500 NA
15868 10500 NA
15869 10500 NA
15870 10500 NA
15871 10500 NA
15872 10500 NA
15873 10500 NA
15874 10500 NA
15875 10500 NA
15876 10500 NA
15877 10500 NA
15878 10500 NA
15879 10500 NA
15880 10500 NA
15881 10500 NA
15882 10500 NA
15883 10469 NA
15884 10469 NA
15885 10469 NA
15886 10469 NA
15887 10469 NA
15888 10469 NA
15889 10469 NA
15890 10469 NA
15891 10469 NA
15892 10469 NA
15893 10469 NA
15894 10469 NA
15895 10469 NA
15896 10469 NA
15897 10469 NA
15898 10469 NA
15899 10469 NA
15900 10469 NA
15901 10469 NA
15902 10469 NA
15903 10469 NA
15904 10469 NA
15905 10469 NA
15906 10469 NA
15907 10469 NA
15908 10469 NA
15909 10469 NA
15910 10469 NA
15911 10469 NA
15912 10469 NA
15913 10469 NA
15914 10469 NA
15915 10469 NA
15916 10527 NA
15917 10527 NA
15918 10527 NA
15919 10527 NA
15920 10527 NA
15921 10527 NA
15922 10527 NA
15923 10527 NA
15924 10527 NA
15925 10527 NA
15926 10527 NA
15927 10527 NA
15928 10527 NA
15929 10527 NA
15930 10527 NA
15931 10527 NA
15932 10527 NA
15933 10527 NA
15934 10527 NA
15935 10527 NA
15936 10527 NA
15937 10527 NA
15938 10527 NA
15939 10527 NA
15940 10527 NA
15941 10527 NA
15942 10527 NA
15943 10527 NA
15944 10527 NA
15945 10527 NA
15946 10527 NA
15947 10527 NA
15948 10527 NA
15949 10527 NA
15950 10527 NA
15951 10527 NA
15952 10527 NA
15953 10527 NA
15954 10527 NA
15955 10527 NA
15956 10527 NA
15957 10527 NA
15958 10527 NA
15959 10527 NA
15960 10527 NA
15961 10527 NA
15962 10543 NA
15963 10543 NA
15964 10543 NA
15965 10543 NA
15966 10543 NA
15967 10543 NA
15968 10543 NA
15969 10543 NA
15970 10543 NA
15971 10543 NA
15972 10543 NA
15973 10543 NA
15974 10543 NA
15975 10543 NA
15976 10543 NA
15977 10543 NA
15978 10543 NA
15979 10543 NA
15980 10543 NA
15981 10543 NA
15982 10543 NA
15983 10543 NA
15984 10543 NA
15985 10543 NA
15986 10543 NA
15987 10543 NA
15988 10543 NA
15989 10543 NA
15990 10543 NA
15991 10543 NA
15992 10543 NA
15993 10543 NA
15994 10543 NA
15995 10543 NA
15996 10543 NA
15997 10543 NA
15998 10543 NA
15999 10543 NA
16000 10543 NA
16001 10543 NA
16002 10543 NA
16003 10543 NA
16004 10543 NA
16005 10543 NA
16006 10543 NA
16007 10543 NA
16008 10543 NA
16009 10543 NA
16010 10543 NA
16011 10543 NA
16012 10543 NA
16013 10543 NA
16014 10543 NA
16015 10543 NA
16016 10543 NA
16017 10543 NA
16018 10543 NA
16019 10543 NA
16020 10543 NA
16021 10543 NA
16022 10670 NA
16023 10670 NA
16024 10670 NA
16025 10670 NA
16026 10670 NA
16027 10670 NA
16028 10670 NA
16029 10670 NA
16030 10670 NA
16031 10670 NA
16032 10670 NA
16033 10670 NA
16034 10670 NA
16035 10670 NA
16036 10670 NA
16037 10670 NA
16038 10670 NA
16039 10670 NA
16040 10670 NA
16041 10670 NA
16042 10670 NA
16043 10670 NA
16044 10670 NA
16045 10670 NA
16046 10670 NA
16047 10670 NA
16048 10670 NA
16049 10670 NA
16050 10670 NA
16051 10670 NA
16052 10670 NA
16053 10670 NA
16054 10670 NA
16055 10670 NA
16056 10670 NA
16057 10670 NA
16058 10670 NA
16059 10670 NA
16060 10670 NA
16061 10670 NA
16062 10670 NA
16063 10670 NA
16064 10670 NA
16065 10670 NA
16066 10670 NA
16067 10670 NA
16068 10670 NA
16069 10670 NA
16070 10670 NA
16071 10670 NA
16072 10670 NA
16073 10670 NA
16074 10670 NA
16075 10821 NA
16076 10821 NA
16077 10821 NA
16078 10821 NA
16079 10821 NA
16080 10821 NA
16081 10821 NA
16082 10821 NA
16083 10821 NA
16084 10821 NA
16085 10821 NA
16086 10821 NA
16087 10821 NA
16088 10821 NA
16089 10821 NA
16090 10821 NA
16091 10821 NA
16092 10821 NA
16093 10821 NA
16094 10821 NA
16095 10821 NA
16096 10821 NA
16097 10821 NA
16098 10821 NA
16099 10821 NA
16100 10821 NA
16101 10821 NA
16102 10821 NA
16103 10821 NA
16104 10821 NA
16105 10821 NA
16106 10821 NA
16107 10821 NA
16108 10821 NA
16109 10821 NA
16110 10821 NA
16111 10821 NA
16112 10821 NA
16113 10821 NA
16114 10821 NA
16115 10821 NA
16116 10821 NA
16117 10821 NA
16118 10821 NA
16119 10821 NA
16120 10821 NA
16121 10821 NA
16122 10908 NA
16123 10908 NA
16124 10908 NA
16125 10908 NA
16126 10908 NA
16127 10908 NA
16128 10908 NA
16129 10908 NA
16130 10908 NA
16131 10908 NA
16132 10908 NA
16133 10908 NA
16134 10908 NA
16135 10908 NA
16136 10908 NA
16137 10908 NA
16138 10908 NA
16139 10908 NA
16140 10908 NA
16141 10908 NA
16142 10908 NA
16143 10908 NA
16144 10908 NA
16145 10908 NA
16146 10908 NA
16147 10908 NA
16148 10908 NA
16149 10908 NA
16150 10908 NA
16151 10908 NA
16152 10908 NA
16153 10908 NA
16154 10908 NA
16155 10908 NA
16156 10908 NA
16157 10908 NA
16158 10908 NA
16159 10908 NA
16160 10908 NA
16161 10908 NA
16162 10908 NA
16163 10908 NA
16164 10908 NA
16165 10908 NA
16166 10908 NA
16167 10908 NA
16168 10908 NA
16169 10908 NA
16170 10908 NA
16171 10908 NA
16172 10908 NA
16173 10908 NA
16174 11079 NA
16175 11079 NA
16176 11079 NA
16177 11079 NA
16178 11079 NA
16179 11079 NA
16180 11079 NA
16181 11079 NA
16182 11079 NA
16183 11079 NA
16184 11079 NA
16185 11079 NA
16186 11079 NA
16187 11079 NA
16188 11079 NA
16189 11079 NA
16190 11079 NA
16191 11079 NA
16192 11079 NA
16193 11079 NA
16194 11079 NA
16195 11079 NA
16196 11079 NA
16197 11079 NA
16198 11079 NA
16199 11079 NA
16200 11079 NA
16201 11079 NA
16202 11079 NA
16203 11079 NA
16204 11079 NA
16205 11079 NA
16206 11079 NA
16207 11079 NA
16208 11079 NA
16209 11079 NA
16210 11079 NA
16211 11079 NA
16212 11079 NA
16213 11079 NA
16214 11079 NA
16215 11079 NA
16216 11079 NA
16217 11079 NA
16218 11079 NA
16219 11079 NA
16220 11079 NA
16221 11079 NA
16222 11079 NA
16223 11079 NA
16224 11079 NA
16225 11305 NA
16226 11305 NA
16227 11305 NA
16228 11305 NA
16229 11305 NA
16230 11305 NA
16231 11305 NA
16232 11305 NA
16233 11305 NA
16234 11305 NA
16235 11305 NA
16236 11305 NA
16237 11305 NA
16238 11305 NA
16239 11305 NA
16240 11305 NA
16241 11305 NA
16242 11305 NA
16243 11305 NA
16244 11305 NA
16245 11305 NA
16246 11305 NA
16247 11305 NA
16248 11305 NA
16249 11305 NA
16250 11305 NA
16251 11305 NA
16252 11305 NA
16253 11305 NA
16254 11305 NA
16255 11305 NA
16256 11305 NA
16257 11305 NA
16258 11305 NA
16259 11305 NA
16260 11305 NA
16261 11305 NA
16262 11305 NA
16263 11305 NA
16264 11305 NA
16265 11305 NA
16266 11305 NA
16267 11305 NA
16268 11305 NA
16269 11305 NA
16270 11305 NA
16271 11305 NA
16272 11305 NA
16273 11305 NA
16274 11305 NA
16275 11305 NA
16276 11589 NA
16277 11589 NA
16278 11589 NA
16279 11589 NA
16280 11589 NA
16281 11589 NA
16282 11589 NA
16283 11589 NA
16284 11589 NA
16285 11589 NA
16286 11589 NA
16287 11589 NA
16288 11589 NA
16289 11589 NA
16290 11589 NA
16291 11589 NA
16292 11589 NA
16293 11589 NA
16294 11589 NA
16295 11589 NA
16296 11589 NA
16297 11589 NA
16298 11589 NA
16299 11589 NA
16300 11589 NA
16301 11589 NA
16302 11589 NA
16303 11589 NA
16304 11589 NA
16305 11589 NA
16306 11589 NA
16307 11589 NA
16308 11589 NA
16309 11589 NA
16310 11589 NA
16311 11589 NA
16312 11589 NA
16313 11589 NA
16314 11589 NA
16315 11589 NA
16316 11589 NA
16317 11589 NA
16318 11589 NA
16319 11589 NA
16320 11589 NA
16321 11589 NA
16322 11589 NA
16323 11589 NA
16324 11589 NA
16325 11589 NA
16326 11589 NA
16327 11589 NA
16328 11527 NA
16329 11527 NA
16330 11527 NA
16331 11527 NA
16332 11527 NA
16333 11527 NA
16334 11527 NA
16335 11527 NA
16336 11527 NA
16337 11527 NA
16338 11527 NA
16339 11527 NA
16340 11527 NA
16341 11527 NA
16342 11527 NA
16343 11527 NA
16344 11527 NA
16345 11527 NA
16346 11527 NA
16347 11527 NA
16348 11527 NA
16349 11527 NA
16350 11527 NA
16351 11527 NA
16352 11527 NA
16353 11527 NA
16354 11527 NA
16355 11527 NA
16356 11527 NA
16357 11527 NA
16358 11527 NA
16359 11527 NA
16360 11527 NA
16361 11527 NA
16362 11527 NA
16363 11527 NA
16364 11527 NA
16365 11527 NA
16366 11527 NA
16367 11527 NA
16368 11527 NA
16369 11527 NA
16370 11527 NA
16371 11527 NA
16372 11527 NA
16373 11527 NA
16374 11527 NA
16375 11527 NA
16376 11527 NA
16377 11527 NA
16378 11527 NA
16379 11527 NA
16380 11527 NA
16381 11527 NA
16382 11527 NA
16383 11608 NA
16384 11608 NA
16385 11608 NA
16386 11608 NA
16387 11608 NA
16388 11608 NA
16389 11608 NA
16390 11608 NA
16391 11608 NA
16392 11608 NA
16393 11608 NA
16394 11608 NA
16395 11608 NA
16396 11608 NA
16397 11608 NA
16398 11608 NA
16399 11608 NA
16400 11608 NA
16401 11608 NA
16402 11608 NA
16403 11608 NA
16404 11608 NA
16405 11608 NA
16406 11608 NA
16407 11608 NA
16408 11608 NA
16409 11608 NA
16410 11608 NA
16411 11608 NA
16412 11608 NA
16413 11608 NA
16414 11608 NA
16415 11608 NA
16416 11608 NA
16417 11608 NA
16418 11608 NA
16419 11608 NA
16420 11608 NA
16421 11608 NA
16422 11608 NA
16423 11608 NA
16424 11608 NA
16425 11608 NA
16426 11608 NA
16427 11608 NA
16428 11608 NA
16429 11608 NA
16430 11608 NA
16431 11608 NA
16432 11608 NA
16433 11608 NA
16434 11608 NA
16435 11608 NA
16436 11608 NA
16437 11656 NA
16438 11656 NA
16439 11656 NA
16440 11656 NA
16441 11656 NA
16442 11656 NA
16443 11656 NA
16444 11656 NA
16445 11656 NA
16446 11656 NA
16447 11656 NA
16448 11656 NA
16449 11656 NA
16450 11656 NA
16451 11656 NA
16452 11656 NA
16453 11656 NA
16454 11656 NA
16455 11656 NA
16456 11656 NA
16457 11656 NA
16458 11656 NA
16459 11656 NA
16460 11656 NA
16461 11656 NA
16462 11656 NA
16463 11656 NA
16464 11656 NA
16465 11656 NA
16466 11656 NA
16467 11656 NA
16468 11656 NA
16469 11656 NA
16470 11656 NA
16471 11656 NA
16472 11656 NA
16473 11656 NA
16474 11656 NA
16475 11656 NA
16476 11656 NA
16477 11656 NA
16478 11656 NA
16479 11656 NA
16480 11656 NA
16481 11656 NA
16482 11656 NA
16483 11656 NA
16484 11656 NA
16485 11656 NA
16486 11656 NA
16487 11750 NA
16488 11750 NA
16489 11750 NA
16490 11750 NA
16491 11750 NA
16492 11750 NA
16493 11750 NA
16494 11750 NA
16495 11750 NA
16496 11750 NA
16497 11750 NA
16498 11750 NA
16499 11750 NA
16500 11750 NA
16501 11750 NA
16502 11750 NA
16503 11750 NA
16504 11750 NA
16505 11750 NA
16506 11750 NA
16507 11750 NA
16508 11750 NA
16509 11750 NA
16510 11750 NA
16511 11750 NA
16512 11750 NA
16513 11750 NA
16514 11750 NA
16515 11750 NA
16516 11750 NA
16517 11750 NA
16518 11750 NA
16519 11750 NA
16520 11750 NA
16521 11750 NA
16522 11750 NA
16523 11750 NA
16524 11750 NA
16525 11750 NA
16526 11750 NA
16527 11750 NA
16528 11750 NA
16529 11750 NA
16530 11750 NA
16531 11750 NA
16532 11750 NA
16533 11750 NA
16534 11750 NA
16535 11750 NA
16536 11750 NA
16537 11750 NA
16538 11750 NA
16539 11750 NA
16540 11750 NA
16541 11750 NA
16542 11750 NA
16543 11750 NA
16544 11750 NA
16545 11750 NA
16546 11750 NA
16547 11750 NA
16548 11846 NA
16549 11846 NA
16550 11846 NA
16551 11846 NA
16552 11846 NA
16553 11846 NA
16554 11846 NA
16555 11846 NA
16556 11846 NA
16557 11846 NA
16558 11846 NA
16559 11846 NA
16560 11846 NA
16561 11846 NA
16562 11846 NA
16563 11846 NA
16564 11846 NA
16565 11846 NA
16566 11846 NA
16567 11846 NA
16568 11846 NA
16569 11846 NA
16570 11846 NA
16571 11846 NA
16572 11846 NA
16573 11846 NA
16574 11846 NA
16575 11846 NA
16576 11846 NA
16577 11846 NA
16578 11846 NA
16579 11846 NA
16580 11846 NA
16581 11846 NA
16582 11846 NA
16583 11846 NA
16584 11846 NA
16585 11846 NA
16586 11846 NA
16587 11846 NA
16588 11846 NA
16589 11846 NA
16590 11846 NA
16591 11846 NA
16592 11846 NA
16593 11846 NA
16594 11846 NA
16595 11846 NA
16596 11846 NA
16597 11846 NA
16598 11846 NA
16599 11846 NA
16600 11846 NA
16601 11846 NA
16602 11846 NA
16603 11846 NA
16604 11846 NA
16605 11846 NA
16606 11846 NA
16607 11846 NA
16608 11846 NA
16609 11846 NA
16610 11846 NA
16611 11846 NA
16612 11846 NA
16613 11846 NA
16614 11846 NA
16615 11846 NA
16616 11846 NA
16617 11846 NA
16618 11846 NA
16619 11846 NA
16620 11846 NA
16621 11846 NA
16622 11846 NA
16623 12008 NA
16624 12008 NA
16625 12008 NA
16626 12008 NA
16627 12008 NA
16628 12008 NA
16629 12008 NA
16630 12008 NA
16631 12008 NA
16632 12008 NA
16633 12008 NA
16634 12008 NA
16635 12008 NA
16636 12008 NA
16637 12008 NA
16638 12008 NA
16639 12008 NA
16640 12008 NA
16641 12008 NA
16642 12008 NA
16643 12008 NA
16644 12008 NA
16645 12008 NA
16646 12008 NA
16647 12008 NA
16648 12008 NA
16649 12008 NA
16650 12008 NA
16651 12008 NA
16652 12008 NA
16653 12008 NA
16654 12008 NA
16655 12008 NA
16656 12008 NA
16657 12008 NA
16658 12008 NA
16659 12008 NA
16660 12008 NA
16661 12008 NA
16662 12008 NA
16663 12008 NA
16664 12008 NA
16665 12008 NA
16666 12008 NA
16668 12008 NA
16669 12008 NA
16670 12008 NA
16671 12008 NA
16672 12008 NA
16673 12008 NA
16674 12008 NA
16675 12008 NA
16676 12008 NA
16677 12008 NA
16678 12008 NA
16679 12008 NA
16680 12008 NA
16681 12008 NA
16682 12008 NA
16683 12008 NA
16684 12008 NA
16685 12008 NA
16686 12008 NA
16687 12008 NA
16688 12008 NA
16689 12008 NA
16690 12008 NA
16691 12008 NA
16692 12012 NA
16693 12012 NA
16694 12012 NA
16695 12012 NA
16696 12012 NA
16697 12012 NA
16698 12012 NA
16699 12012 NA
16700 12012 NA
16701 12012 NA
16702 12012 NA
16703 12012 NA
16704 12012 NA
16705 12012 NA
16706 12012 NA
16707 12012 NA
16708 12012 NA
16709 12012 NA
16710 12012 NA
16711 12012 NA
16712 12012 NA
16714 12012 NA
16717 12012 NA
16719 12012 NA
16720 12012 NA
16721 12012 NA
16722 12012 NA
16723 12012 NA
16724 12012 NA
16725 12012 NA
16726 12012 NA
16727 12012 NA
16728 12012 NA
16729 12012 NA
16730 12012 NA
16731 12012 NA
16732 12012 NA
16733 12012 NA
16734 12012 NA
16735 12012 NA
16736 12012 NA
16737 12012 NA
16738 12012 NA
16739 12012 NA
16740 12012 NA
16741 12012 NA
16742 12012 NA
16743 12012 NA
16744 12012 NA
16745 12012 NA
16746 12012 NA
16747 12012 NA
16748 12012 NA
16749 12012 NA
16750 12012 NA
16751 12012 NA
16752 12012 NA
16753 12012 NA
16754 12012 NA
16755 12012 NA
16756 12012 NA
16757 12012 NA
16759 12012 NA
16760 12012 NA
16761 12012 NA
16762 12012 NA
16763 12012 NA
16764 12012 NA
16765 12012 NA
16766 12012 NA
16767 12012 NA
16768 12012 NA
16769 12012 NA
16770 12012 NA
16771 12012 NA
16772 12012 NA
16773 12012 NA
16774 12012 NA
16775 12012 NA
16776 12012 NA
16777 12012 NA
16778 12012 NA
16779 12012 NA
16780 12012 NA
16781 12012 NA
16782 12012 NA
16783 12012 NA
16784 12012 NA
16785 12012 NA
16786 12265 NA
16787 12265 NA
16788 12265 NA
16789 12265 NA
16790 12265 NA
16791 12265 NA
16792 12265 NA
16793 12265 NA
16794 12265 NA
16795 12265 NA
16796 12265 NA
16797 12265 NA
16798 12265 NA
16799 12265 NA
16800 12265 NA
16801 12265 NA
16802 12265 NA
16803 12265 NA
16804 12265 NA
16805 12265 NA
16807 12265 NA
16808 12265 NA
16809 12265 NA
16810 12265 NA
16811 12265 NA
16812 12265 NA
16813 12265 NA
16814 12265 NA
16815 12265 NA
16816 12265 NA
16817 12265 NA
16818 12265 NA
16819 12265 NA
16820 12265 NA
16821 12265 NA
16822 12265 NA
16823 12265 NA
16824 12265 NA
16825 12265 NA
16826 12265 NA
16827 12265 NA
16828 12265 NA
16829 12265 NA
16830 12265 NA
16831 12265 NA
16832 12265 NA
16833 12265 NA
16834 12265 NA
16835 12265 NA
16836 12265 NA
16837 12265 NA
16838 12265 NA
16839 12265 NA
16840 12265 NA
16841 12265 NA
16842 12265 NA
16843 12265 NA
16844 12265 NA
16845 12265 NA
16846 12265 NA
16847 12265 NA
16848 12265 NA
16849 12265 NA
16850 12265 NA
16851 12265 NA
16852 12265 NA
16853 12265 NA
16854 12265 NA
16855 12265 NA
16856 12265 NA
16857 12265 NA
16858 12265 NA
16859 12265 NA
16860 12265 NA
16861 12265 NA
16862 12265 NA
16863 12265 NA
16864 12265 NA
16865 12265 NA
16866 12265 NA
16867 12265 NA
16869 12265 NA
16870 12265 NA
16871 12804 NA
16872 12804 NA
16873 12804 NA
16874 12804 NA
16875 12804 NA
16876 12804 NA
16877 12804 NA
16878 12804 NA
16879 12804 NA
16880 12804 NA
16881 12804 NA
16882 12804 NA
16883 12804 NA
16884 12804 NA
16885 12804 NA
16886 12804 NA
16887 12804 NA
16888 12804 NA
16889 12804 NA
16890 12804 NA
16891 12804 NA
16892 12804 NA
16893 12804 NA
16894 12804 NA
16895 12804 NA
16896 12804 NA
16897 12804 NA
16898 12804 NA
16899 12804 NA
16900 12804 NA
16901 12804 NA
16902 12804 NA
16903 12804 NA
16904 12804 NA
16905 12804 NA
16906 12804 NA
16907 12804 NA
16908 12804 NA
16909 12804 NA
16910 12804 NA
16911 12804 NA
16912 12804 NA
16913 12804 NA
16914 12804 NA
16915 12804 NA
16916 12804 NA
16917 12804 NA
16918 12804 NA
16919 12804 NA
16920 12804 NA
16921 12804 NA
16922 12804 NA
16923 12804 NA
16924 12804 NA
16925 12804 NA
16926 12804 NA
16927 12804 NA
16928 12804 NA
16929 12804 NA
16930 12804 NA
16931 12804 NA
16932 12804 NA
16933 12804 NA
16934 12804 NA
16935 12804 NA
16936 12804 NA
16937 12804 NA
16938 12804 NA
16939 12804 NA
16940 12804 NA
16941 12804 NA
16942 12804 NA
16943 12804 NA
16944 12804 NA
16945 12804 NA
16946 12804 NA
16947 12804 NA
16949 12804 NA
16950 12804 NA
16951 12804 NA
16952 12804 NA
16953 12804 NA
16954 12804 NA
16955 12804 NA
16956 12804 NA
16957 12804 NA
16958 12804 NA
16959 12804 NA
16960 12804 NA
16961 13346 NA
16966 13346 NA
16968 13346 NA
16969 13346 NA
16970 13346 NA
16971 13346 NA
16972 13346 NA
16973 13346 NA
16974 13346 NA
16975 13346 NA
16976 13346 NA
16977 13346 NA
16978 13346 NA
16979 13346 NA
16980 13346 NA
16981 13346 NA
16982 13346 NA
16984 13346 NA
16985 13346 NA
16986 13346 NA
16987 13346 NA
16988 13346 NA
16989 13346 NA
16990 13346 NA
16991 13346 NA
16992 13346 NA
16993 13346 NA
16994 13346 NA
16998 13346 NA
16999 13346 NA
17000 13346 NA
17001 13346 NA
17006 13346 NA
17007 13346 NA
17012 13346 NA
17014 13346 NA
17015 13346 NA
17016 13346 NA
17017 13346 NA
17018 13346 NA
17019 13346 NA
17020 13346 NA
17021 13346 NA
17022 13346 NA
17023 13346 NA
17024 13346 NA
17025 13346 NA
17026 13346 NA
17027 13346 NA
17028 13346 NA
17029 13346 NA
17031 13346 NA
17032 13346 NA
17033 13346 NA
17034 13346 NA
17035 13346 NA
17036 13346 NA
17037 13346 NA
17038 13346 NA
17039 13346 NA
17040 13346 NA
17042 13346 NA
17044 13346 NA
17045 13346 NA
17046 13346 NA
17047 13346 NA
17048 13346 NA
17049 13346 NA
17050 13346 NA
17051 13346 NA
17052 13346 NA
17053 13346 NA
17054 13346 NA
17055 13346 NA
17056 13346 NA
17057 13346 NA
17058 13346 NA
17059 13346 NA
17060 13346 NA
17061 13346 NA
17062 13346 NA
17063 13346 NA
17064 13346 NA
17069 13583 NA
17070 13583 NA
17071 13583 NA
17072 13583 NA
17073 13583 NA
17075 13583 NA
17076 13583 NA
17077 13583 NA
17078 13583 NA
17079 13583 NA
17080 13583 NA
17081 13583 NA
17083 13583 NA
17084 13583 NA
17085 13583 NA
17086 13583 NA
17087 13583 NA
17088 13583 NA
17089 13583 NA
17091 13583 NA
17092 13583 NA
17093 13583 NA
17094 13583 NA
17095 13583 NA
17096 13583 NA
17097 13583 NA
17098 13583 NA
17099 13583 NA
17100 13583 NA
17101 13583 NA
17102 13583 NA
17103 13583 NA
17104 13583 NA
17105 13583 NA
17106 13583 NA
17107 13583 NA
17108 13583 NA
17109 13583 NA
17110 13583 NA
17111 13583 NA
17112 13583 NA
17113 13583 NA
17114 13583 NA
17115 13583 NA
17117 13583 NA
17118 13583 NA
17119 13583 NA
17123 13583 NA
17124 13583 NA
17125 13583 NA
17126 13583 NA
17127 13583 NA
17129 13583 NA
17130 13583 NA
17131 13583 NA
17132 13583 NA
17133 13583 NA
17134 13583 NA
17135 13583 NA
17136 13583 NA
17138 13583 NA
17139 13583 NA
17140 13583 NA
17141 13583 NA
17142 13583 NA
17143 13583 NA
17144 13583 NA
17145 13583 NA
17146 13583 NA
17147 13583 NA
