"Index" "Price" "Volume"
15167 1200 NA
15168 1200 NA
15170 1084 NA
15172 977 NA
15173 881 NA
15175 845 NA
15177 803 NA
15178 779 NA
15180 783 NA
15182 818 NA
15184 816 NA
15185 816 NA
15186 798 NA
15187 733 NA
15189 732 NA
15191 772 NA
15193 811 NA
15194 809 NA
15196 815 NA
15197 832 NA
15199 866 NA
15201 874 NA
15204 948 NA
15206 1000 NA
15207 987 NA
15209 1008 NA
15212 981 NA
15214 915 NA
15215 887 NA
15216 845 NA
15218 832 NA
15220 834 NA
15221 812 NA
15222 829 NA
15224 821 NA
15226 822 NA
15227 791 NA
15228 785 NA
15229 779 NA
15231 790 NA
15232 837 NA
15235 899 NA
15237 906 NA
15240 908 NA
15242 937 NA
15243 950 NA
15244 1013 NA
15247 953 NA
15248 881 NA
15249 881 NA
15250 857 NA
15252 820 NA
15254 802 NA
15255 800 NA
15257 799 NA
15258 819 NA
15259 853 NA
15260 867 NA
15261 885 NA
15263 856 NA
15264 863 NA
15265 883 NA
15268 905 NA
15270 878 NA
15271 903 NA
15273 916 NA
15275 843 NA
15277 738 NA
15280 692 NA
15281 683 NA
15282 662 NA
15283 638 NA
15284 619 NA
15285 604 NA
15287 605 NA
15289 611 NA
15291 663 NA
15294 720 NA
15295 727 NA
15297 689 NA
15299 672 NA
15302 600 NA
15303 600 NA
15304 612 NA
15307 604 NA
15308 599 NA
15310 638 NA
15312 636 NA
15313 612 NA
15314 624 NA
15315 621 NA
15316 634 NA
15317 646 NA
15318 655 NA
15319 681 NA
15320 705 NA
15321 732 NA
15322 743 NA
15323 762 NA
15324 782 NA
15325 798 NA
15326 779 NA
15327 761 NA
15328 773 NA
15329 805 NA
15330 823 NA
15331 834 NA
15332 848 NA
15333 879 NA
15334 889 NA
15335 908 NA
15336 928 NA
15337 957 NA
15338 983 NA
15339 991 NA
15340 985 NA
15341 1000 NA
15342 972 NA
15343 986 NA
15344 981 NA
15345 993 NA
15346 967 NA
15347 953 NA
15348 923 NA
15349 916 NA
15350 896 NA
15351 880 NA
15352 864 NA
15353 882 NA
15354 889 NA
15355 910 NA
15356 935 NA
15357 956 NA
15358 965 NA
15359 980 NA
15360 996 NA
15361 981 NA
15362 1008 NA
15363 1033 NA
15364 1064 NA
15365 1095 NA
15366 1094 NA
15367 1086 NA
15368 1073 NA
15369 1078 NA
15370 1106 NA
15371 1110 NA
15372 1125 NA
15373 1100 NA
15374 1118 NA
15375 1132 NA
15376 1142 NA
15377 1167 NA
15378 1132 NA
15379 1091 NA
15380 1051 NA
15381 1007 NA
15382 974 NA
15383 959 NA
15384 956 NA
15385 951 NA
15386 936 NA
15387 957 NA
15388 973 NA
15389 955 NA
15390 982 NA
15391 1007 NA
15392 1053 NA
15393 1068 NA
15394 1054 NA
15395 1044 NA
15396 1051 NA
15397 1046 NA
15398 1067 NA
15399 1087 NA
15400 1088 NA
15401 1062 NA
15402 1036 NA
15403 1003 NA
15404 976 NA
15405 931 NA
15406 907 NA
15407 895 NA
15408 900 NA
15409 890 NA
15410 880 NA
15411 879 NA
15412 894 NA
15413 897 NA
15414 905 NA
15415 885 NA
15416 922 NA
15417 942 NA
15418 925 NA
15419 934 NA
15420 954 NA
15421 972 NA
15422 975 NA
15423 978 NA
15424 981 NA
15425 984 NA
15426 987 NA
15427 1031 NA
15428 1065 NA
15429 1091 NA
15430 1124 NA
15431 1156 NA
15432 1149 NA
15433 1194 NA
15434 1202 NA
15435 1246 NA
15436 1296 NA
15437 1314 NA
15438 1325 NA
15439 1346 NA
15440 1377 NA
15441 1398 NA
15442 1408 NA
15443 1398 NA
15444 1366 NA
15445 1352 NA
15446 1364 NA
15447 1336 NA
15448 1308 NA
15449 1272 NA
15450 1256 NA
15451 1245 NA
15452 1231 NA
15453 1241 NA
15454 1239 NA
15455 1228 NA
15456 1222 NA
15457 1220 NA
15458 1217 NA
15459 1224 NA
15460 1217 NA
15461 1241 NA
15462 1275 NA
15463 1322 NA
15464 1362 NA
15465 1418 NA
15466 1462 NA
15467 1486 NA
15468 1526 NA
15469 1520 NA
15470 1536 NA
15471 1581 NA
15472 1579 NA
15473 1610 NA
15474 1632 NA
15475 1588 NA
15476 1564 NA
15477 1577 NA
15478 1552 NA
15479 1611 NA
15480 1634 NA
15481 1669 NA
15482 1677 NA
15483 1707 NA
15484 1684 NA
15485 1627 NA
15486 1577 NA
15487 1573 NA
15488 1512 NA
15489 1481 NA
15490 1444 NA
15491 1424 NA
15492 1381 NA
15493 1343 NA
15494 1327 NA
15495 1331 NA
15496 1324 NA
15497 1317 NA
15498 1303 NA
15499 1293 NA
15500 1286 NA
15501 1294 NA
15502 1304 NA
15503 1288 NA
15504 1259 NA
15505 1231 NA
15506 1190 NA
15507 1151 NA
15508 1108 NA
15509 1067 NA
15510 1029 NA
15511 1049 NA
15512 1082 NA
15513 1084 NA
15514 1092 NA
15515 1085 NA
15516 1083 NA
15517 1088 NA
15518 1082 NA
15519 1088 NA
15520 1054 NA
15521 1053 NA
15522 1043 NA
15523 1041 NA
15524 1036 NA
15525 1039 NA
15526 1010 NA
15527 1002 NA
15528 973 NA
15529 961 NA
15530 950 NA
15531 954 NA
15532 944 NA
15533 924 NA
15534 902 NA
15535 871 NA
15536 837 NA
15537 809 NA
15538 795 NA
15539 805 NA
15540 805 NA
15541 823 NA
15542 823 NA
15543 826 NA
15544 834 NA
15545 857 NA
15546 860 NA
15547 895 NA
15548 908 NA
15549 932 NA
15550 945 NA
15551 965 NA
15552 981 NA
15553 1013 NA
15554 1032 NA
15555 1049 NA
15556 1043 NA
15557 1048 NA
15558 1067 NA
15559 1086 NA
15560 1100 NA
15561 1138 NA
15562 1156 NA
15563 1170 NA
15564 1182 NA
15565 1186 NA
15566 1206 NA
15567 1215 NA
15568 1220 NA
15569 1223 NA
15570 1212 NA
15571 1164 NA
15572 1154 NA
15573 1133 NA
15574 1130 NA
15575 1128 NA
15576 1099 NA
15577 1091 NA
15578 1065 NA
15579 1055 NA
15580 1072 NA
15581 1058 NA
15582 1069 NA
15583 1065 NA
15584 1042 NA
15585 1035 NA
15586 1030 NA
15587 1028 NA
15588 1032 NA
15589 1012 NA
15590 985 NA
15591 972 NA
15592 958 NA
15593 961 NA
15594 953 NA
15595 947 NA
15596 953 NA
15597 956 NA
15598 960 NA
15599 950 NA
15600 956 NA
15601 942 NA
15602 947 NA
15603 941 NA
15604 955 NA
15605 952 NA
15606 949 NA
15607 954 NA
15608 936 NA
15609 941 NA
15610 957 NA
15611 944 NA
15612 945 NA
15613 947 NA
15614 947 NA
15615 946 NA
15616 933 NA
15617 948 NA
15618 964 NA
15619 971 NA
15620 973 NA
15621 950 NA
15622 956 NA
15623 969 NA
15624 951 NA
15625 937 NA
15626 907 NA
15627 890 NA
15628 892 NA
15629 885 NA
15630 885 NA
15631 886 NA
15632 884 NA
15633 890 NA
15634 871 NA
15635 852 NA
15636 847 NA
15637 834 NA
15638 816 NA
15639 801 NA
15640 775 NA
15641 751 NA
15642 726 NA
15643 741 NA
15644 751 NA
15645 765 NA
15646 779 NA
15647 803 NA
15648 820 NA
15649 837 NA
15650 821 NA
15651 805 NA
15652 788 NA
15653 772 NA
15654 756 NA
15655 740 NA
15656 723 NA
15657 707 NA
15658 675 NA
15659 654 NA
15660 641 NA
15661 625 NA
15662 600 NA
15663 580 NA
15664 552 NA
15665 529 NA
15666 502 NA
15667 480 NA
15668 456 NA
15669 433 NA
15670 411 NA
15671 390 NA
15672 373 NA
15673 354 NA
15674 338 NA
15675 321 NA
15676 305 NA
15677 289 NA
15678 275 NA
15679 261 NA
15680 248 NA
15681 236 NA
15682 225 NA
15683 213 NA
15684 203 NA
15685 193 NA
15686 184 NA
15687 174 NA
15688 166 NA
15689 157 NA
15690 150 NA
15691 142 NA
15692 135 NA
15693 128 NA
15694 121 NA
15695 114 NA
15696 109 NA
15697 103 NA
15698 97 NA
15699 92 NA
15700 88 NA
15701 83 NA
15702 79 NA
15703 75 NA
15704 72 NA
15705 68 NA
15706 64 NA
15707 60 NA
15708 57 NA
15709 57 NA
15710 54 NA
15711 54 NA
15712 51 NA
15713 51 NA
15714 48 NA
15715 48 NA
15716 46 NA
15717 46 NA
15718 45 NA
15719 45 NA
15720 43 NA
15721 43 NA
15722 42 NA
15723 43 NA
15724 43 NA
15725 43 NA
15726 43 NA
15727 44 NA
15728 44 NA
15729 46 NA
15730 46 NA
15731 46 NA
15732 46 NA
15733 46 NA
15734 47 NA
15735 47 NA
15736 45 NA
15737 45 NA
15738 46 NA
15739 46 NA
15740 45 NA
15741 45 NA
15742 45 NA
15743 45 NA
15744 47 NA
15745 47 NA
15746 47 NA
15747 47 NA
15748 48 NA
15749 48 NA
15750 50 NA
15751 50 NA
15752 49 NA
15753 49 NA
15754 50 NA
15755 50 NA
15756 50 NA
15757 50 NA
15758 49 NA
15759 49 NA
15760 49 NA
15761 51 NA
15762 51 NA
15763 51 NA
15764 51 NA
15765 51 NA
15766 49 NA
15767 49 NA
15768 49 NA
15769 50 NA
15770 50 NA
15771 50 NA
15772 50 NA
15773 52 NA
15774 52 NA
15775 51 NA
15776 51 NA
15777 51 NA
15778 51 NA
15779 52 NA
15780 52 NA
15781 52 NA
15782 52 NA
15783 51 NA
15784 51 NA
15785 51 NA
15786 51 NA
15787 51 NA
15788 52 NA
15789 51 NA
15790 51 NA
15791 52 NA
15792 52 NA
15793 51 NA
15794 51 NA
15795 52 NA
15796 52 NA
15797 53 NA
15798 53 NA
15799 53 NA
15800 53 NA
15801 53 NA
15802 53 NA
15803 53 NA
15804 53 NA
15805 53 NA
15806 53 NA
15807 53 NA
15808 53 NA
15809 52 NA
15810 52 NA
15811 53 NA
15812 53 NA
15813 53 NA
15814 54 NA
15815 54 NA
15816 55 NA
15817 55 NA
15818 55 NA
15819 56 NA
15820 56 NA
15821 56 NA
15822 57 NA
15823 57 NA
15824 57 NA
15825 57 NA
15826 57 NA
15827 59 NA
15828 59 NA
15829 59 NA
15830 59 NA
15831 59 NA
15832 59 NA
15833 60 NA
15834 60 NA
15835 60 NA
15836 60 NA
15837 60 NA
15838 60 NA
15839 60 NA
15840 60 NA
15841 61 NA
15842 61 NA
15843 61 NA
15844 62 NA
15845 62 NA
15846 62 NA
15847 62 NA
15848 62 NA
15849 62 NA
15850 62 NA
15851 62 NA
15852 61 NA
15853 61 NA
15854 61 NA
15855 62 NA
15856 62 NA
15857 62 NA
15858 61 NA
15859 61 NA
15860 61 NA
15861 60 NA
15862 60 NA
15863 60 NA
15864 60 NA
15865 60 NA
15866 60 NA
15867 59 NA
15868 59 NA
15869 57 NA
15870 57 NA
15871 58 NA
15872 58 NA
15873 57 NA
15874 57 NA
15875 56 NA
15876 56 NA
15877 56 NA
15878 58 NA
15879 58 NA
15880 59 NA
15881 59 NA
15882 59 NA
15883 59 NA
15884 59 NA
15885 59 NA
15886 59 NA
15887 60 NA
15888 60 NA
15889 60 NA
15890 59 NA
15891 59 NA
15892 59 NA
15893 59 NA
15894 59 NA
15895 59 NA
15896 58 NA
15897 58 NA
15898 58 NA
15899 58 NA
15900 59 NA
15901 59 NA
15902 58 NA
15903 58 NA
15904 58 NA
15905 58 NA
15906 58 NA
15907 58 NA
15908 58 NA
15909 58 NA
15910 58 NA
15911 58 NA
15912 60 NA
15913 60 NA
15914 60 NA
15915 61 NA
15916 61 NA
15917 61 NA
15918 61 NA
15919 61 NA
15920 61 NA
15921 62 NA
15922 62 NA
15923 62 NA
15924 61 NA
15925 61 NA
15926 61 NA
15927 61 NA
15928 62 NA
15929 62 NA
15930 62 NA
15931 63 NA
15932 63 NA
15933 63 NA
15934 63 NA
15935 61 NA
15936 61 NA
15937 61 NA
15938 59 NA
15939 59 NA
15940 59 NA
15941 59 NA
15942 59 NA
15943 61 NA
15944 61 NA
15945 61 NA
15946 61 NA
15947 61 NA
15948 63 NA
15949 63 NA
15950 63 NA
15951 63 NA
15952 63 NA
15953 63 NA
15954 63 NA
15955 63 NA
15956 63 NA
15957 63 NA
15958 63 NA
15959 63 NA
15960 63 NA
15961 63 NA
15962 63 NA
15963 63 NA
15964 63 NA
15965 63 NA
15966 63 NA
15967 63 NA
15968 63 NA
15969 63 NA
15970 63 NA
15971 63 NA
15972 63 NA
15973 63 NA
15974 63 NA
15975 63 NA
15976 61 NA
15977 61 NA
15978 61 NA
15979 61 NA
15980 61 NA
15981 61 NA
15982 62 NA
15983 62 NA
15984 62 NA
15985 62 NA
15986 63 NA
15987 63 NA
15988 64 NA
15989 65 NA
15990 65 NA
15991 66 NA
15992 66 NA
15993 67 NA
15994 67 NA
15995 67 NA
15996 67 NA
15997 67 NA
15998 67 NA
15999 67 NA
16000 67 NA
16001 67 NA
16002 64 NA
16003 64 NA
16004 64 NA
16005 64 NA
16006 62 NA
16007 62 NA
16008 62 NA
16009 62 NA
16010 62 NA
16011 62 NA
16012 60 NA
16013 60 NA
16014 60 NA
16015 60 NA
16016 60 NA
16017 59 NA
16018 59 NA
16019 59 NA
16020 59 NA
16021 59 NA
16022 58 NA
16023 58 NA
16024 58 NA
16025 58 NA
16026 58 NA
16027 56 NA
16028 56 NA
16029 56 NA
16030 56 NA
16031 56 NA
16032 56 NA
16033 54 NA
16034 54 NA
16035 53 NA
16036 53 NA
16037 52 NA
16038 51 NA
16039 50 NA
16040 50 NA
16041 49 NA
16042 49 NA
16043 49 NA
16044 49 NA
16045 49 NA
16046 49 NA
16047 46 NA
16048 46 NA
16049 46 NA
16050 46 NA
16051 46 NA
16052 44 NA
16053 44 NA
16054 44 NA
16055 44 NA
16056 44 NA
16057 44 NA
16058 41 NA
16059 41 NA
16060 41 NA
16061 41 NA
16062 41 NA
16063 39 NA
16064 39 NA
16065 39 NA
16066 39 NA
16067 39 NA
16068 37 NA
16069 37 NA
16070 37 NA
16071 37 NA
16072 37 NA
16073 35 NA
16074 35 NA
16075 35 NA
16076 35 NA
16077 33 NA
16078 33 NA
16079 33 NA
16080 33 NA
16081 33 NA
16082 31 NA
16083 31 NA
16084 31 NA
16085 31 NA
16086 31 NA
16087 30 NA
16088 30 NA
16089 30 NA
16090 30 NA
16091 30 NA
16092 28 NA
16093 28 NA
16094 28 NA
16095 28 NA
16096 26 NA
16097 26 NA
16098 26 NA
16099 26 NA
16100 26 NA
16101 25 NA
16102 25 NA
16103 25 NA
16104 24 NA
16105 24 NA
16106 24 NA
16107 24 NA
16108 24 NA
16109 24 NA
16110 24 NA
16111 25 NA
16112 25 NA
16113 25 NA
16114 26 NA
16115 26 NA
16116 26 NA
16117 26 NA
16118 27 NA
16119 27 NA
16120 27 NA
16121 27 NA
16122 28 NA
16123 28 NA
16124 28 NA
16125 28 NA
16126 28 NA
16127 28 NA
16128 28 NA
16129 28 NA
16130 29 NA
16131 29 NA
16132 29 NA
16133 29 NA
16134 29 NA
16135 29 NA
16136 29 NA
16137 29 NA
16138 30 NA
16139 30 NA
16140 30 NA
16141 30 NA
16142 30 NA
16143 31 NA
16144 31 NA
16145 31 NA
16146 31 NA
16147 32 NA
16148 32 NA
16149 32 NA
16150 32 NA
16151 32 NA
16152 32 NA
16153 32 NA
16154 32 NA
16155 32 NA
16156 32 NA
16157 32 NA
16158 32 NA
16159 32 NA
16160 32 NA
16161 33 NA
16162 33 NA
16163 33 NA
16164 33 NA
16165 33 NA
16166 33 NA
16167 33 NA
16168 33 NA
16169 33 NA
16170 33 NA
16171 33 NA
16172 33 NA
16173 33 NA
16174 33 NA
16175 33 NA
16176 33 NA
16177 34 NA
16178 34 NA
16179 34 NA
16180 34 NA
16181 34 NA
16182 34 NA
16183 34 NA
16184 34 NA
16185 34 NA
16186 34 NA
16187 34 NA
16188 34 NA
16189 34 NA
16190 34 NA
16191 34 NA
16192 34 NA
16193 33 NA
16194 33 NA
16195 33 NA
16196 33 NA
16197 33 NA
16198 33 NA
16199 33 NA
16200 33 NA
16201 33 NA
16202 34 NA
16203 34 NA
16204 34 NA
16205 34 NA
16206 34 NA
16207 34 NA
16208 34 NA
16209 34 NA
16210 34 NA
16211 34 NA
16212 34 NA
16213 34 NA
16214 34 NA
16215 34 NA
16216 34 NA
16217 34 NA
16218 34 NA
16219 34 NA
16220 34 NA
16221 34 NA
16222 34 NA
16223 35 NA
16224 35 NA
16225 35 NA
16226 35 NA
16227 35 NA
16228 36 NA
16229 36 NA
16230 36 NA
16231 36 NA
16232 36 NA
16233 37 NA
16234 37 NA
16235 37 NA
16236 37 NA
16237 38 NA
16238 38 NA
16239 38 NA
16240 38 NA
16241 38 NA
16242 39 NA
16243 39 NA
16244 39 NA
16245 39 NA
16246 39 NA
16247 39 NA
16248 39 NA
16249 39 NA
16250 39 NA
16251 39 NA
16252 40 NA
16253 40 NA
16254 40 NA
16255 40 NA
16256 40 NA
16257 41 NA
16258 41 NA
16259 41 NA
16260 41 NA
16261 42 NA
16262 42 NA
16263 42 NA
16264 42 NA
16265 43 NA
16266 43 NA
16267 45 NA
16268 48 NA
16269 51 NA
16270 53 NA
16271 53 NA
16272 56 NA
16273 56 NA
16274 58 NA
16275 59 NA
16276 59 NA
16277 60 NA
16278 60 NA
16279 62 NA
16280 62 NA
16281 63 NA
16282 63 NA
16283 62 NA
16284 62 NA
16285 63 NA
16286 63 NA
16287 63 NA
16288 63 NA
16289 61 NA
16290 61 NA
16291 62 NA
16292 62 NA
16293 61 NA
16294 61 NA
16295 61 NA
16296 61 NA
16297 61 NA
16298 62 NA
16299 62 NA
16300 60 NA
16301 60 NA
16302 60 NA
16303 60 NA
16304 60 NA
16305 60 NA
16306 61 NA
16307 61 NA
16308 59 NA
16309 59 NA
16310 60 NA
16311 60 NA
16312 60 NA
16313 59 NA
16314 59 NA
16315 59 NA
16316 59 NA
16317 59 NA
16318 57 NA
16319 57 NA
16320 57 NA
16321 56 NA
16322 56 NA
16323 56 NA
16324 54 NA
16325 54 NA
16326 54 NA
16327 53 NA
16328 53 NA
16329 52 NA
16330 52 NA
16331 52 NA
16332 52 NA
16333 52 NA
16334 52 NA
16335 52 NA
16336 50 NA
16337 50 NA
16338 50 NA
16339 48 NA
16340 48 NA
16341 48 NA
16342 47 NA
16343 47 NA
16344 47 NA
16345 47 NA
16346 47 NA
16347 47 NA
16348 44 NA
16349 44 NA
16350 44 NA
16351 44 NA
16352 43 NA
16353 43 NA
16354 43 NA
16355 43 NA
16356 43 NA
16357 43 NA
16358 43 NA
16359 43 NA
16360 43 NA
16361 43 NA
16362 43 NA
16363 43 NA
16364 43 NA
16365 43 NA
16366 43 NA
16367 43 NA
16368 43 NA
16369 42 NA
16370 42 NA
16371 42 NA
16372 39 NA
16373 39 NA
16374 39 NA
16375 39 NA
16376 38 NA
16377 38 NA
16378 38 NA
16379 38 NA
16380 37 NA
16381 37 NA
16382 37 NA
16383 36 NA
16384 36 NA
16385 36 NA
16386 36 NA
16387 36 NA
16388 36 NA
16389 36 NA
16390 36 NA
16391 35 NA
16392 35 NA
16393 35 NA
16394 35 NA
16395 35 NA
16396 35 NA
16397 35 NA
16398 35 NA
16399 34 NA
16400 34 NA
16401 34 NA
16402 34 NA
16403 33 NA
16404 33 NA
16405 33 NA
16406 33 NA
16407 33 NA
16408 33 NA
16409 33 NA
16410 33 NA
16411 33 NA
16412 33 NA
16413 33 NA
16414 33 NA
16415 33 NA
16416 33 NA
16417 33 NA
16418 33 NA
16419 33 NA
16420 33 NA
16421 33 NA
16422 33 NA
16423 33 NA
16424 33 NA
16425 33 NA
16426 33 NA
16427 33 NA
16428 33 NA
16429 33 NA
16430 32 NA
16431 32 NA
16432 32 NA
16433 32 NA
16434 30 NA
16435 30 NA
16436 30 NA
16437 30 NA
16438 29 NA
16439 29 NA
16440 29 NA
16441 29 NA
16442 29 NA
16443 29 NA
16444 29 NA
16445 29 NA
16446 29 NA
16447 29 NA
16448 29 NA
16449 29 NA
16450 28 NA
16451 28 NA
16452 28 NA
16453 28 NA
16454 27 NA
16455 27 NA
16456 27 NA
16457 27 NA
16458 27 NA
16459 27 NA
16460 27 NA
16461 27 NA
16462 27 NA
16463 27 NA
16464 27 NA
16465 27 NA
16466 28 NA
16467 28 NA
16468 28 NA
16469 28 NA
16470 28 NA
16471 28 NA
16472 28 NA
16473 28 NA
16474 29 NA
16475 29 NA
16476 29 NA
16477 29 NA
16478 29 NA
16479 29 NA
16480 29 NA
16481 29 NA
16482 29 NA
16483 29 NA
16484 29 NA
16485 29 NA
16486 29 NA
16487 29 NA
16488 29 NA
16489 29 NA
16490 29 NA
16491 29 NA
16492 29 NA
16493 29 NA
16494 29 NA
16495 29 NA
16496 29 NA
16497 29 NA
16498 29 NA
16499 29 NA
16500 29 NA
16501 29 NA
16502 29 NA
16503 29 NA
16504 29 NA
16505 29 NA
16506 28 NA
16507 28 NA
16508 28 NA
16509 28 NA
16510 28 NA
16511 28 NA
16512 28 NA
16513 28 NA
16514 28 NA
16515 28 NA
16516 28 NA
16517 28 NA
16518 28 NA
16519 28 NA
16520 28 NA
16521 28 NA
16522 29 NA
16523 29 NA
16524 29 NA
16525 29 NA
16526 29 NA
16527 29 NA
16528 29 NA
16529 29 NA
16530 29 NA
16531 29 NA
16532 29 NA
16533 29 NA
16534 29 NA
16535 29 NA
16536 29 NA
16537 29 NA
16538 29 NA
16539 29 NA
16540 29 NA
16541 30 NA
16542 30 NA
16543 30 NA
16544 30 NA
16545 30 NA
16546 30 NA
16547 30 NA
16548 30 NA
16549 30 NA
16550 30 NA
16551 31 NA
16552 31 NA
16553 31 NA
16554 31 NA
16555 31 NA
16556 31 NA
16557 31 NA
16558 31 NA
16559 31 NA
16560 31 NA
16561 31 NA
16562 31 NA
16563 32 NA
16564 32 NA
16565 32 NA
16566 32 NA
16567 32 NA
16568 33 NA
16569 33 NA
16570 33 NA
16571 33 NA
16572 33 NA
16573 33 NA
16574 33 NA
16575 33 NA
16576 33 NA
16577 33 NA
16578 33 NA
16579 33 NA
16580 33 NA
16581 33 NA
16582 33 NA
16583 33 NA
16584 33 NA
16585 33 NA
16586 33 NA
16587 33 NA
16588 33 NA
16589 32 NA
16590 32 NA
16591 32 NA
16592 32 NA
16593 32 NA
16594 32 NA
16595 32 NA
16596 32 NA
16597 32 NA
16598 32 NA
16599 32 NA
16600 32 NA
16601 33 NA
16602 33 NA
16603 33 NA
16604 33 NA
16605 33 NA
16606 33 NA
16607 32 NA
16608 32 NA
16609 32 NA
16610 32 NA
16611 32 NA
16612 32 NA
16613 32 NA
16614 33 NA
16615 33 NA
16616 33 NA
16617 33 NA
16618 33 NA
16619 33 NA
16620 33 NA
16621 34 NA
16622 34 NA
16623 34 NA
16624 34 NA
16625 34 NA
16626 34 NA
16627 34 NA
16628 34 NA
16629 34 NA
16630 34 NA
16631 34 NA
16632 34 NA
16633 34 NA
16634 34 NA
16635 34 NA
16636 34 NA
16637 34 NA
16638 34 NA
16639 34 NA
16640 34 NA
16641 34 NA
16642 34 NA
16643 34 NA
16644 34 NA
16645 34 NA
16646 34 NA
16647 34 NA
16648 34 NA
16649 34 NA
16650 34 NA
16651 34 NA
16652 34 NA
16653 34 NA
16654 34 NA
16655 34 NA
16656 34 NA
16657 34 NA
16658 34 NA
16659 34 NA
16660 35 NA
16661 35 NA
16662 35 NA
16663 35 NA
16664 35 NA
16665 35 NA
16666 35 NA
16668 35 NA
16669 35 NA
16670 35 NA
16671 35 NA
16672 35 NA
16673 35 NA
16674 35 NA
16675 35 NA
16676 35 NA
16677 35 NA
16678 35 NA
16679 35 NA
16680 35 NA
16681 35 NA
16682 35 NA
16683 35 NA
16684 35 NA
16685 35 NA
16686 36 NA
16687 36 NA
16688 36 NA
16689 36 NA
16690 36 NA
16691 36 NA
16692 37 NA
16693 37 NA
16694 37 NA
16695 37 NA
16696 37 NA
16697 37 NA
16698 37 NA
16699 37 NA
16700 37 NA
16701 37 NA
16702 37 NA
16703 37 NA
16704 37 NA
16705 37 NA
16706 37 NA
16707 37 NA
16708 37 NA
16709 37 NA
16710 37 NA
16711 38 NA
16712 38 NA
16714 38 NA
16717 40 NA
16719 40 NA
16720 40 NA
16721 40 NA
16722 40 NA
16723 41 NA
16724 41 NA
16725 41 NA
16726 41 NA
16727 41 NA
16728 41 NA
16729 42 NA
16730 42 NA
16731 42 NA
16732 42 NA
16733 42 NA
16734 42 NA
16735 42 NA
16736 42 NA
16737 42 NA
16738 42 NA
16739 42 NA
16740 42 NA
16741 42 NA
16742 43 NA
16743 43 NA
16744 43 NA
16745 43 NA
16746 43 NA
16747 43 NA
16748 43 NA
16749 44 NA
16750 44 NA
16751 44 NA
16752 44 NA
16753 44 NA
16754 44 NA
16755 44 NA
16756 44 NA
16757 44 NA
16759 44 NA
16760 44 NA
16761 46 NA
16762 46 NA
16763 46 NA
16764 46 NA
16765 46 NA
16766 46 NA
16767 48 NA
16768 48 NA
16769 48 NA
16770 48 NA
16771 48 NA
16772 48 NA
16773 49 NA
16774 49 NA
16775 49 NA
16776 49 NA
16777 49 NA
16778 49 NA
16779 49 NA
16780 47 NA
16781 47 NA
16782 47 NA
16783 47 NA
16784 47 NA
16785 47 NA
16786 47 NA
16787 47 NA
16788 47 NA
16789 47 NA
16790 47 NA
16791 47 NA
16792 47 NA
16793 47 NA
16794 47 NA
16795 47 NA
16796 47 NA
16797 47 NA
16798 49 NA
16799 49 NA
16800 49 NA
16801 49 NA
16802 49 NA
16803 48 NA
16804 48 NA
16805 48 NA
16807 48 NA
16808 48 NA
16809 49 NA
16810 49 NA
16811 49 NA
16812 49 NA
16813 49 NA
16814 50 NA
16815 50 NA
16816 50 NA
16817 50 NA
16818 50 NA
16819 51 NA
16820 51 NA
16821 51 NA
16822 51 NA
16823 51 NA
16824 51 NA
16825 50 NA
16826 49 NA
16827 49 NA
16828 51 NA
16829 51 NA
16830 51 NA
16831 52 NA
16832 52 NA
16833 52 NA
16834 54 NA
16835 54 NA
16836 54 NA
16837 54 NA
16838 56 NA
16839 56 NA
16840 56 NA
16841 57 NA
16842 57 NA
16843 57 NA
16844 57 NA
16845 58 NA
16846 58 NA
16847 58 NA
16848 58 NA
16849 59 NA
16850 59 NA
16851 59 NA
16852 59 NA
16853 59 NA
16854 61 NA
16855 61 NA
16856 61 NA
16857 61 NA
16858 61 NA
16859 63 NA
16860 63 NA
16861 63 NA
16862 63 NA
16863 66 NA
16864 66 NA
16865 66 NA
16866 66 NA
16867 66 NA
16869 69 NA
16870 69 NA
16871 69 NA
16872 72 NA
16873 72 NA
16874 72 NA
16875 74 NA
16876 74 NA
16877 74 NA
16878 74 NA
16879 76 NA
16880 76 NA
16881 76 NA
16882 76 NA
16883 79 NA
16884 79 NA
16885 79 NA
16886 79 NA
16887 82 NA
16888 82 NA
16889 82 NA
16890 82 NA
16891 86 NA
16892 86 NA
16893 86 NA
16894 86 NA
16895 86 NA
16896 89 NA
16897 89 NA
16898 89 NA
16899 89 NA
16900 89 NA
16901 93 NA
16902 93 NA
16903 93 NA
16904 93 NA
16905 93 NA
16906 97 NA
16907 97 NA
16908 97 NA
16909 97 NA
16910 97 NA
16911 99 NA
16912 99 NA
16913 99 NA
16914 99 NA
16915 99 NA
16916 99 NA
16917 101 NA
16918 101 NA
16919 101 NA
16920 101 NA
16921 101 NA
16922 102 NA
16923 102 NA
16924 102 NA
16925 102 NA
16926 102 NA
16927 105 NA
16928 105 NA
16929 105 NA
16930 105 NA
16931 105 NA
16932 105 NA
16933 105 NA
16934 105 NA
16935 105 NA
16936 105 NA
16937 105 NA
16938 105 NA
16939 105 NA
16940 105 NA
16941 105 NA
16942 105 NA
16943 107 NA
16944 107 NA
16945 107 NA
16946 107 NA
16947 103 NA
16949 103 NA
16950 103 NA
16951 103 NA
16952 101 NA
16953 101 NA
16954 101 NA
16955 101 NA
16956 101 NA
16957 103 NA
16958 103 NA
16959 103 NA
16960 103 NA
16961 102 NA
16966 104 NA
16968 104 NA
16969 104 NA
16970 104 NA
16971 104 NA
16972 104 NA
16973 104 NA
16974 104 NA
16975 104 NA
16976 104 NA
16977 105 NA
16978 105 NA
16979 105 NA
16980 105 NA
16981 105 NA
16982 105 NA
16984 105 NA
16985 105 NA
16986 105 NA
16987 103 NA
16988 103 NA
16989 103 NA
16990 103 NA
16991 101 NA
16992 101 NA
16993 101 NA
16994 101 NA
16998 102 NA
16999 102 NA
17000 102 NA
17001 102 NA
17006 104 NA
17007 104 NA
17014 104 NA
17015 104 NA
17016 104 NA
17017 104 NA
17018 106 NA
17019 106 NA
17020 106 NA
17021 106 NA
17022 106 NA
17023 106 NA
17024 106 NA
17025 106 NA
17026 106 NA
17027 106 NA
17028 106 NA
17029 106 NA
17031 107 NA
17032 107 NA
17033 107 NA
17034 107 NA
17035 107 NA
17036 107 NA
17037 107 NA
17038 107 NA
17039 107 NA
17040 107 NA
17042 107 NA
17044 107 NA
17045 108 NA
17046 108 NA
17047 108 NA
17048 108 NA
17049 108 NA
17050 108 NA
17051 108 NA
17052 110 NA
17053 110 NA
17054 110 NA
17055 110 NA
17056 110 NA
17057 110 NA
17058 110 NA
17059 111 NA
17060 111 NA
17061 111 NA
17062 111 NA
17063 111 NA
17064 111 NA
17069 110 NA
17070 110 NA
17071 110 NA
17072 107 NA
17073 107 NA
17075 107 NA
17076 107 NA
17077 107 NA
17078 110 NA
17079 110 NA
17080 110 NA
17081 110 NA
17083 110 NA
17084 110 NA
17085 112 NA
17086 112 NA
17087 112 NA
17088 112 NA
17089 112 NA
17091 113 NA
17092 113 NA
17093 113 NA
17094 113 NA
17095 113 NA
17096 113 NA
17097 113 NA
17098 113 NA
17099 116 NA
17100 116 NA
17101 116 NA
17102 116 NA
17103 116 NA
17104 116 NA
17105 116 NA
17106 118 NA
17107 118 NA
17108 118 NA
17109 118 NA
17110 118 NA
17111 118 NA
17112 118 NA
17113 119 NA
17114 119 NA
17115 119 NA
17117 119 NA
17118 119 NA
17119 119 NA
17123 118 NA
17124 118 NA
17125 118 NA
17126 118 NA
17127 118 NA
17129 117 NA
17130 117 NA
17131 117 NA
17132 117 NA
17133 117 NA
17134 117 NA
17135 117 NA
17136 115 NA
17138 115 NA
17139 115 NA
17140 115 NA
17141 115 NA
17142 115 NA
17143 115 NA
17144 116 NA
17145 116 NA
17146 116 NA
17147 116 NA
17148 116 NA
17149 116 NA
