"Index" "Price" "Volume"
14019 304 NA
14020 303 NA
14021 306 NA
14022 306 NA
14023 309 NA
14024 309 NA
14025 307 NA
14026 307 NA
14027 306 NA
14028 306 NA
14029 306 NA
14030 306 NA
14031 307 NA
14032 307 NA
14033 306 NA
14034 306 NA
14035 306 NA
14036 305 NA
14037 305 NA
14038 306 NA
14039 305 NA
14040 305 NA
14041 303 NA
14042 303 NA
14043 303 NA
14044 303 NA
14045 304 NA
14046 304 NA
14047 304 NA
14048 304 NA
14049 303 NA
14050 304 NA
14051 304 NA
14052 303 NA
14053 304 NA
14054 304 NA
14055 305 NA
14056 305 NA
14057 308 NA
14058 308 NA
14059 306 NA
14060 304 NA
14061 304 NA
14062 304 NA
14063 304 NA
14064 304 NA
14065 304 NA
14066 303 NA
14067 305 NA
14068 303 NA
14069 302 NA
14070 302 NA
14071 303 NA
14072 304 NA
14073 304 NA
14074 303 NA
14075 303 NA
14076 304 NA
14077 304 NA
14078 306 NA
14079 304 NA
14080 304 NA
14081 303 NA
14082 304 NA
14083 304 NA
14084 305 NA
14085 304 NA
14086 304 NA
14087 303 NA
14088 304 NA
14089 304 NA
14090 304 NA
14091 304 NA
14092 304 NA
14093 305 NA
14094 305 NA
14095 306 NA
14096 304 NA
14097 304 NA
14098 304 NA
14099 306 NA
14100 306 NA
14101 305 NA
14102 305 NA
14103 304 NA
14104 304 NA
14105 302 NA
14106 302 NA
14107 302 NA
14108 302 NA
14109 303 NA
14110 304 NA
14111 304 NA
14112 304 NA
14113 303 NA
14114 304 NA
14115 304 NA
14116 305 NA
14117 305 NA
14118 303 NA
14119 303 NA
14120 302 NA
14121 304 NA
14122 304 NA
14123 304 NA
14124 304 NA
14125 304 NA
14126 303 NA
14127 303 NA
14128 303 NA
14129 304 NA
14130 303 NA
14131 303 NA
14132 303 NA
14133 303 NA
14134 303 NA
14135 307 NA
14136 304 NA
14137 304 NA
14138 304 NA
14139 306 NA
14140 306 NA
14141 304 NA
14142 304 NA
14143 305 NA
14144 305 NA
14145 303 NA
14146 303 NA
14147 304 NA
14148 304 NA
14149 306 NA
14150 306 NA
14151 304 NA
14152 304 NA
14153 302 NA
14154 302 NA
14155 302 NA
14156 304 NA
14157 304 NA
14158 301 NA
14159 301 NA
14160 302 NA
14161 302 NA
14162 302 NA
14163 304 NA
14164 303 NA
14165 303 NA
14166 301 NA
14167 301 NA
14168 301 NA
14169 302 NA
14170 302 NA
14171 304 NA
14172 304 NA
14173 304 NA
14174 304 NA
14175 304 NA
14176 304 NA
14177 306 NA
14178 306 NA
14179 306 NA
14180 306 NA
14181 307 NA
14182 307 NA
14183 307 NA
14184 308 NA
14185 307 NA
14186 307 NA
14187 303 NA
14188 303 NA
14189 303 NA
14190 301 NA
14191 301 NA
14192 307 NA
14193 307 NA
14194 304 NA
14195 304 NA
14196 304 NA
14197 304 NA
14198 312 NA
14199 306 NA
14200 306 NA
14201 306 NA
14202 306 NA
14203 302 NA
14204 301 NA
14205 301 NA
14206 302 NA
14207 302 NA
14208 301 NA
14209 301 NA
14210 301 NA
14211 302 NA
14212 302 NA
14213 302 NA
14214 302 NA
14215 301 NA
14216 301 NA
14217 301 NA
14218 302 NA
14219 302 NA
14220 302 NA
14221 302 NA
14222 302 NA
14223 303 NA
14224 303 NA
14225 303 NA
14226 302 NA
14227 302 NA
14228 303 NA
14229 303 NA
14230 303 NA
14231 303 NA
14232 306 NA
14233 306 NA
14234 306 NA
14235 305 NA
14236 302 NA
14237 302 NA
14238 302 NA
14239 303 NA
14240 303 NA
14241 305 NA
14242 302 NA
14243 302 NA
14244 303 NA
14245 303 NA
14246 302 NA
14247 302 NA
14248 304 NA
14249 304 NA
14250 304 NA
14251 305 NA
14252 305 NA
14253 307 NA
14254 307 NA
14255 307 NA
14256 307 NA
14257 303 NA
14258 303 NA
14259 303 NA
14260 303 NA
14261 304 NA
14262 305 NA
14263 305 NA
14264 302 NA
14265 302 NA
14266 302 NA
14267 302 NA
14268 302 NA
14269 304 NA
14270 304 NA
14271 302 NA
14272 306 NA
14273 306 NA
14274 303 NA
14275 303 NA
14276 302 NA
14277 302 NA
14278 302 NA
14279 302 NA
14280 305 NA
14281 305 NA
14282 306 NA
14283 306 NA
14284 306 NA
14285 304 NA
14286 304 NA
14287 304 NA
14288 304 NA
14289 304 NA
14290 303 NA
14291 303 NA
14292 303 NA
14293 303 NA
14294 301 NA
14295 301 NA
14296 303 NA
14297 303 NA
14298 303 NA
14299 303 NA
14300 303 NA
14301 301 NA
14302 301 NA
14303 303 NA
14304 302 NA
14305 302 NA
14306 302 NA
14307 301 NA
14308 301 NA
14309 301 NA
14310 303 NA
14311 303 NA
14312 303 NA
14313 303 NA
14314 303 NA
14315 302 NA
14316 304 NA
14317 304 NA
14318 304 NA
14319 303 NA
14320 303 NA
14321 301 NA
14322 301 NA
14323 300 NA
14324 300 NA
14325 300 NA
14326 300 NA
14327 300 NA
14328 300 NA
14329 300 NA
14330 301 NA
14331 301 NA
14332 306 NA
14333 306 NA
14334 306 NA
14335 302 NA
14336 302 NA
14337 302 NA
14338 301 NA
14339 302 NA
14340 302 NA
14341 302 NA
14342 302 NA
14343 302 NA
14344 302 NA
14345 301 NA
14346 301 NA
14347 300 NA
14348 300 NA
14349 300 NA
14350 300 NA
14351 300 NA
14352 300 NA
14353 301 NA
14354 301 NA
14355 301 NA
14356 301 NA
14357 301 NA
14358 301 NA
14359 301 NA
14360 301 NA
14361 302 NA
14362 302 NA
14363 303 NA
14364 303 NA
14365 303 NA
14366 301 NA
14367 301 NA
14368 301 NA
14369 303 NA
14370 303 NA
14371 303 NA
14372 301 NA
14373 301 NA
14374 302 NA
14375 302 NA
14376 302 NA
14377 301 NA
14378 301 NA
14379 301 NA
14380 301 NA
14381 301 NA
14382 302 NA
14383 302 NA
14384 302 NA
14385 301 NA
14386 301 NA
14387 303 NA
14388 303 NA
14389 307 NA
14390 307 NA
14391 307 NA
14392 302 NA
14393 302 NA
14394 303 NA
14395 303 NA
14396 303 NA
14397 303 NA
14398 303 NA
14399 311 NA
14400 311 NA
14401 311 NA
14402 307 NA
14403 307 NA
14404 307 NA
14405 304 NA
14406 304 NA
14407 304 NA
14408 302 NA
14409 302 NA
14410 302 NA
14411 302 NA
14412 303 NA
14413 303 NA
14414 303 NA
14415 302 NA
14416 302 NA
14417 302 NA
14418 302 NA
14419 302 NA
14420 303 NA
14421 303 NA
14422 303 NA
14423 305 NA
14424 305 NA
14425 305 NA
14426 306 NA
14427 306 NA
14428 303 NA
14429 303 NA
14430 303 NA
14431 303 NA
14432 303 NA
14433 302 NA
14434 302 NA
14435 302 NA
14436 303 NA
14437 303 NA
14438 303 NA
14439 303 NA
14440 302 NA
14441 302 NA
14442 302 NA
14443 303 NA
14444 303 NA
14445 303 NA
14446 305 NA
14447 305 NA
14448 305 NA
14449 305 NA
14450 305 NA
14451 302 NA
14452 301 NA
14453 301 NA
14454 300 NA
14455 300 NA
14456 300 NA
14457 301 NA
14458 301 NA
14459 303 NA
14460 303 NA
14461 303 NA
14462 303 NA
14463 303 NA
14464 301 NA
14465 301 NA
14466 301 NA
14467 301 NA
14468 303 NA
14469 303 NA
14470 301 NA
14471 301 NA
14472 304 NA
14473 304 NA
14474 312 NA
14475 312 NA
14476 312 NA
14477 306 NA
14478 306 NA
14479 303 NA
14480 303 NA
14481 304 NA
14482 304 NA
14483 304 NA
14484 304 NA
14485 306 NA
14486 306 NA
14487 306 NA
14488 306 NA
14489 314 NA
14490 314 NA
14491 314 NA
14492 309 NA
14493 309 NA
14494 305 NA
14495 305 NA
14496 305 NA
14497 305 NA
14498 300 NA
14499 300 NA
14500 296 NA
14501 296 NA
14502 296 NA
14503 287 NA
14504 287 NA
14505 287 NA
14506 279 NA
14507 279 NA
14508 270 NA
14509 270 NA
14510 270 NA
14511 270 NA
14512 279 NA
14513 279 NA
14514 279 NA
14515 279 NA
14516 279 NA
14517 271 NA
14518 271 NA
14519 271 NA
14520 271 NA
14521 271 NA
14522 273 NA
14523 273 NA
14524 273 NA
14525 268 NA
14526 268 NA
14527 268 NA
14528 264 NA
14529 264 NA
14530 262 NA
14531 262 NA
14532 262 NA
14533 253 NA
14534 253 NA
14535 251 NA
14536 251 NA
14537 251 NA
14538 247 NA
14539 247 NA
14540 247 NA
14541 247 NA
14542 240 NA
14543 240 NA
14544 240 NA
14545 237 NA
14546 237 NA
14547 237 NA
14548 236 NA
14549 236 NA
14550 229 NA
14551 229 NA
14552 229 NA
14553 224 NA
14554 224 NA
14555 222 NA
14556 222 NA
14557 222 NA
14558 214 NA
14559 214 NA
14560 214 NA
14561 214 NA
14562 213 NA
14563 213 NA
14564 209 NA
14565 209 NA
14566 209 NA
14567 209 NA
14568 205 NA
14569 205 NA
14570 201 NA
14571 201 NA
14572 201 NA
14573 201 NA
14574 199 NA
14575 199 NA
14576 199 NA
14577 198 NA
14578 198 NA
14579 198 NA
14580 198 NA
14581 195 NA
14582 195 NA
14583 195 NA
14584 198 NA
14585 198 NA
14586 198 NA
14587 198 NA
14588 202 NA
14589 202 NA
14590 202 NA
14591 203 NA
14592 203 NA
14593 203 NA
14594 203 NA
14595 205 NA
14596 205 NA
14597 205 NA
14598 204 NA
14599 204 NA
14600 204 NA
14601 202 NA
14602 202 NA
14603 202 NA
14604 198 NA
14605 198 NA
14606 198 NA
14607 200 NA
14608 200 NA
14609 196 NA
14610 196 NA
14611 200 NA
14612 200 NA
14613 199 NA
14614 199 NA
14615 199 NA
14616 199 NA
14617 199 NA
14618 199 NA
14619 198 NA
14620 198 NA
14621 198 NA
14622 198 NA
14623 192 NA
14624 192 NA
14625 197 NA
14626 197 NA
14627 197 NA
14628 195 NA
14629 195 NA
14630 195 NA
14631 198 NA
14632 198 NA
14633 198 NA
14634 198 NA
14635 202 NA
14636 202 NA
14637 202 NA
14638 206 NA
14639 206 NA
14640 205 NA
14641 205 NA
14642 205 NA
14643 210 NA
14644 210 NA
14645 210 NA
14646 209 NA
14647 209 NA
14648 208 NA
14649 208 NA
14650 208 NA
14651 208 NA
14653 208 NA
14654 205 NA
14655 205 NA
14656 205 NA
14657 213 NA
14658 213 NA
14659 220 NA
14660 220 NA
14661 220 NA
14662 221 NA
14663 221 NA
14664 221 NA
14665 221 NA
14666 219 NA
14667 219 NA
14668 219 NA
14669 216 NA
14670 216 NA
14671 216 NA
14672 216 NA
14673 216 NA
14674 216 NA
14675 216 NA
14676 227 NA
14677 227 NA
14678 227 NA
14679 227 NA
14680 235 NA
14681 235 NA
14682 232 NA
14683 232 NA
14684 232 NA
14685 232 NA
14686 227 NA
14687 227 NA
14688 227 NA
14689 232 NA
14690 232 NA
14691 232 NA
14692 232 NA
14693 225 NA
14694 225 NA
14695 225 NA
14696 220 NA
14697 220 NA
14698 220 NA
14699 224 NA
14700 224 NA
14701 224 NA
14702 234 NA
14703 234 NA
14704 242 NA
14705 242 NA
14706 242 NA
14707 244 NA
14708 244 NA
14709 244 NA
14710 240 NA
14711 240 NA
14712 240 NA
14713 240 NA
14714 240 NA
14715 239 NA
14716 239 NA
14717 239 NA
14718 242 NA
14719 242 NA
14720 242 NA
14721 242 NA
14722 240 NA
14723 240 NA
14724 240 NA
14725 240 NA
14726 240 NA
14727 240 NA
14728 240 NA
14729 240 NA
14730 245 NA
14731 245 NA
14732 245 NA
14733 245 NA
14734 242 NA
14735 242 NA
14736 242 NA
14737 242 NA
14738 239 NA
14739 239 NA
14740 239 NA
14741 239 NA
14742 239 NA
14743 235 NA
14744 235 NA
14745 235 NA
14746 237 NA
14747 237 NA
14748 237 NA
14749 237 NA
14750 237 NA
14751 234 NA
14752 234 NA
14753 234 NA
14754 234 NA
14755 230 NA
14756 230 NA
14757 230 NA
14758 230 NA
14759 228 NA
14760 228 NA
14761 228 NA
14762 228 NA
14763 228 NA
14764 228 NA
14765 228 NA
14766 228 NA
14767 226 NA
14768 226 NA
14769 226 NA
14770 226 NA
14771 228 NA
14772 228 NA
14773 228 NA
14774 228 NA
14775 235 NA
14776 235 NA
14777 235 NA
14778 239 NA
14779 239 NA
14780 239 NA
14781 246 NA
14782 246 NA
14783 246 NA
14784 246 NA
14785 246 NA
14786 255 NA
14787 255 NA
14788 255 NA
14789 261 NA
14790 261 NA
14791 261 NA
14792 261 NA
14793 262 NA
14794 262 NA
14795 262 NA
14796 262 NA
14797 262 NA
14798 270 NA
14799 270 NA
14800 270 NA
14801 270 NA
14802 275 NA
14803 275 NA
14804 275 NA
14805 271 NA
14806 271 NA
14807 271 NA
14808 271 NA
14809 273 NA
14810 273 NA
14811 273 NA
14812 260 NA
14813 260 NA
14814 260 NA
14815 260 NA
14816 253 NA
14817 253 NA
14818 253 NA
14819 256 NA
14820 256 NA
14821 256 NA
14822 256 NA
14823 255 NA
14824 255 NA
14825 255 NA
14826 257 NA
14827 257 NA
14828 257 NA
14829 257 NA
14830 257 NA
14831 265 NA
14832 265 NA
14833 265 NA
14834 265 NA
14835 276 NA
14836 276 NA
14837 276 NA
14838 283 NA
14839 283 NA
14840 283 NA
14841 283 NA
14842 283 NA
14843 293 NA
14844 293 NA
14845 293 NA
14846 293 NA
14847 300 NA
14848 300 NA
14849 300 NA
14850 300 NA
14851 304 NA
14852 304 NA
14853 304 NA
14854 304 NA
14855 304 NA
14856 306 NA
14857 306 NA
14858 306 NA
14859 306 NA
14860 306 NA
14861 306 NA
14862 307 NA
14863 307 NA
14864 307 NA
14865 307 NA
14866 308 NA
14867 308 NA
14868 308 NA
14869 308 NA
14870 308 NA
14871 308 NA
14872 315 NA
14873 315 NA
14874 315 NA
14875 315 NA
14876 315 NA
14877 315 NA
14878 309 NA
14879 309 NA
14880 309 NA
14881 309 NA
14882 309 NA
14883 309 NA
14884 297 NA
14885 297 NA
14886 297 NA
14887 297 NA
14888 297 NA
14889 302 NA
14890 302 NA
14891 302 NA
14892 302 NA
14893 293 NA
14894 293 NA
14895 293 NA
14896 293 NA
14897 293 NA
14898 293 NA
14899 292 NA
14900 292 NA
14901 292 NA
14902 292 NA
14903 294 NA
14904 294 NA
14905 294 NA
14906 294 NA
14907 294 NA
14908 294 NA
14909 294 NA
14910 294 NA
14911 294 NA
14912 294 NA
14913 296 NA
14914 296 NA
14915 296 NA
14916 296 NA
14917 296 NA
14918 296 NA
14920 288 NA
14921 288 NA
14922 288 NA
14923 288 NA
14924 282 NA
14925 282 NA
14926 282 NA
14927 282 NA
14928 282 NA
14929 282 NA
14930 285 NA
14931 285 NA
14932 285 NA
14933 285 NA
14934 288 NA
14935 288 NA
14936 288 NA
14937 288 NA
14938 288 NA
14939 288 NA
14940 280 NA
14941 280 NA
14942 280 NA
14943 280 NA
14944 280 NA
14945 287 NA
14946 287 NA
14947 287 NA
14948 287 NA
14949 287 NA
14950 287 NA
14951 289 NA
14952 289 NA
14953 289 NA
14954 289 NA
14955 289 NA
14956 289 NA
14957 297 NA
14958 297 NA
14959 297 NA
14960 297 NA
14961 297 NA
14962 306 NA
14963 306 NA
14964 306 NA
14965 306 NA
14966 301 NA
14967 301 NA
14968 301 NA
14969 301 NA
14970 301 NA
14971 301 NA
14972 301 NA
14973 308 NA
14974 308 NA
14975 308 NA
14978 319 NA
14981 319 NA
14984 318 NA
14987 318 NA
14990 319 NA
14995 319 NA
14996 326 NA
15003 326 NA
15005 329 NA
15008 329 NA
15012 330 NA
15013 330 NA
15016 333 NA
15020 329 NA
15025 329 NA
15026 326 NA
15029 326 NA
15031 317 NA
15033 317 NA
15035 314 NA
15038 314 NA
15039 321 NA
15044 322 NA
15048 322 NA
15050 310 NA
15052 310 NA
15054 308 NA
15055 308 NA
15060 307 NA
15064 307 NA
15066 299 NA
15067 299 NA
15072 298 NA
15073 298 NA
15076 297 NA
15080 297 NA
15082 306 NA
15087 306 NA
15088 309 NA
15090 309 NA
15094 311 NA
15098 311 NA
15100 313 NA
15104 313 NA
15106 322 NA
15110 322 NA
15114 314 NA
15115 314 NA
15119 310 NA
15126 317 NA
15128 317 NA
15131 319 NA
15133 319 NA
15138 313 NA
15143 305 NA
15145 305 NA
15151 306 NA
15156 303 NA
15159 303 NA
15161 299 NA
15168 299 NA
15173 299 NA
15175 301 NA
15178 301 NA
15179 303 NA
15185 303 NA
15186 293 NA
15187 293 NA
15191 286 NA
15198 286 NA
15199 286 NA
15204 282 NA
15210 280 NA
15217 278 NA
15221 278 NA
15224 270 NA
15227 270 NA
15232 266 NA
15235 266 NA
15242 268 NA
15248 268 NA
15250 276 NA
15257 276 NA
15258 276 NA
15261 275 NA
15264 275 NA
15270 287 NA
15275 287 NA
15277 297 NA
15284 297 NA
15289 299 NA
15296 299 NA
15297 299 NA
15302 305 NA
15309 305 NA
15310 305 NA
15312 313 NA
15319 313 NA
15322 313 NA
15323 318 NA
15330 318 NA
15332 318 NA
15333 326 NA
15340 326 NA
15341 326 NA
15342 340 NA
15343 340 NA
15344 340 NA
15345 340 NA
15346 340 NA
15347 340 NA
15348 340 NA
15349 340 NA
15350 340 NA
15351 340 NA
15352 340 NA
15353 338 NA
15354 338 NA
15355 338 NA
15356 338 NA
15357 338 NA
15358 338 NA
15359 338 NA
15360 338 NA
15361 338 NA
15362 351 NA
15363 351 NA
15364 351 NA
15365 351 NA
15366 351 NA
15367 351 NA
15368 351 NA
15369 351 NA
15370 351 NA
15371 351 NA
15372 351 NA
15373 366 NA
15374 366 NA
15375 366 NA
15376 366 NA
15377 366 NA
15378 366 NA
15379 366 NA
15380 366 NA
15381 366 NA
15382 366 NA
15383 366 NA
15384 366 NA
15385 384 NA
15386 384 NA
15387 384 NA
15388 384 NA
15389 384 NA
15390 390 NA
15391 390 NA
15392 390 NA
15393 390 NA
15394 390 NA
15395 390 NA
15396 390 NA
15397 390 NA
15398 390 NA
15399 390 NA
15400 390 NA
15401 390 NA
15402 408 NA
15403 408 NA
15404 408 NA
15405 408 NA
15406 408 NA
15407 408 NA
15408 408 NA
15409 408 NA
15410 408 NA
15411 408 NA
15412 408 NA
15413 428 NA
15414 428 NA
15415 428 NA
15416 428 NA
15417 428 NA
15418 428 NA
15419 428 NA
15420 428 NA
15421 450 NA
15422 450 NA
15423 450 NA
15424 450 NA
15425 450 NA
15426 450 NA
15427 450 NA
15428 450 NA
15429 470 NA
15430 470 NA
15431 470 NA
15432 470 NA
15433 470 NA
15434 470 NA
15435 470 NA
15436 470 NA
15437 470 NA
15438 493 NA
15439 493 NA
15440 493 NA
15441 493 NA
15442 493 NA
15443 493 NA
15444 493 NA
15445 493 NA
15446 516 NA
15447 516 NA
15448 516 NA
15449 516 NA
15450 516 NA
15451 516 NA
15452 516 NA
15453 534 NA
15454 534 NA
15455 534 NA
15456 534 NA
15457 534 NA
15458 534 NA
15459 534 NA
15460 534 NA
15461 534 NA
15462 554 NA
15463 554 NA
15464 554 NA
15465 554 NA
15466 554 NA
15467 554 NA
15468 554 NA
15469 575 NA
15470 575 NA
15471 575 NA
15472 575 NA
15473 575 NA
15474 575 NA
15475 575 NA
15476 575 NA
15477 602 NA
15478 602 NA
15479 602 NA
15480 602 NA
15481 602 NA
15482 602 NA
15483 602 NA
15484 629 NA
15485 629 NA
15486 629 NA
15487 629 NA
15488 629 NA
15489 653 NA
15490 653 NA
15491 653 NA
15492 653 NA
15493 653 NA
15494 653 NA
15495 666 NA
15496 666 NA
15497 666 NA
15498 666 NA
15499 666 NA
15500 699 NA
15501 699 NA
15502 699 NA
15503 699 NA
15504 699 NA
15505 699 NA
15506 732 NA
15507 732 NA
15508 732 NA
15509 732 NA
15510 732 NA
15511 764 NA
15512 764 NA
15513 764 NA
15514 764 NA
15515 801 NA
15516 801 NA
15517 801 NA
15518 801 NA
15519 801 NA
15520 801 NA
15521 840 NA
15522 840 NA
15523 840 NA
15524 840 NA
15525 840 NA
15526 840 NA
15527 869 NA
15528 869 NA
15529 869 NA
15530 869 NA
15531 869 NA
15532 883 NA
15533 883 NA
15534 883 NA
15535 883 NA
15536 883 NA
15537 883 NA
15538 918 NA
15539 918 NA
15540 918 NA
15541 918 NA
15542 918 NA
15543 907 NA
15544 907 NA
15545 907 NA
15546 907 NA
15547 907 NA
15548 912 NA
15549 912 NA
15550 912 NA
15551 912 NA
15552 912 NA
15553 912 NA
15554 905 NA
15555 905 NA
15556 905 NA
15557 905 NA
15558 905 NA
15559 903 NA
15560 903 NA
15561 903 NA
15562 903 NA
15563 903 NA
15564 903 NA
15565 913 NA
15566 913 NA
15567 913 NA
15568 913 NA
15569 913 NA
15570 913 NA
15571 916 NA
15572 916 NA
15573 916 NA
15574 916 NA
15575 916 NA
15576 916 NA
15577 916 NA
15578 932 NA
15579 932 NA
15580 932 NA
15581 932 NA
15582 932 NA
15583 932 NA
15584 932 NA
15585 948 NA
15586 948 NA
15587 948 NA
15588 948 NA
15589 948 NA
15590 948 NA
15591 948 NA
15592 994 NA
15593 994 NA
15594 994 NA
15595 994 NA
15596 994 NA
15597 994 NA
15598 1034 NA
15599 1034 NA
15600 1034 NA
15601 1034 NA
15602 1034 NA
15603 1034 NA
15604 1034 NA
15605 1034 NA
15606 1055 NA
15607 1055 NA
15608 1055 NA
15609 1055 NA
15610 1055 NA
15611 1055 NA
15612 1055 NA
15613 1055 NA
15614 1052 NA
15615 1052 NA
15616 1052 NA
15617 1052 NA
15618 1052 NA
15619 1052 NA
15620 1052 NA
15621 1052 NA
15622 1016 NA
15623 1016 NA
15624 1016 NA
15625 1016 NA
15626 1016 NA
15627 1016 NA
15628 1016 NA
15629 1016 NA
15630 1016 NA
15631 1006 NA
15632 1006 NA
15633 1006 NA
15634 1006 NA
15635 1006 NA
15636 1006 NA
15637 1006 NA
15638 1006 NA
15639 1006 NA
15640 988 NA
15641 988 NA
15642 988 NA
15643 988 NA
15644 988 NA
15645 988 NA
15646 988 NA
15647 988 NA
15648 988 NA
15649 988 NA
15650 986 NA
15651 985 NA
15652 983 NA
15653 981 NA
15654 979 NA
15655 978 NA
15656 976 NA
15657 974 NA
15658 974 NA
15659 974 NA
15660 974 NA
15661 974 NA
15662 974 NA
15663 983 NA
15664 983 NA
15665 983 NA
15666 983 NA
15667 983 NA
15668 983 NA
15669 983 NA
15670 983 NA
15671 983 NA
15672 983 NA
15673 983 NA
15674 1028 NA
15675 1028 NA
15676 1028 NA
15677 1028 NA
15678 1028 NA
15679 1028 NA
15680 1028 NA
15681 1028 NA
15682 1028 NA
15683 1028 NA
15684 1028 NA
15685 1028 NA
15686 1028 NA
15687 1028 NA
15688 1028 NA
15689 1069 NA
15690 1069 NA
15691 1069 NA
15692 1069 NA
15693 1069 NA
15694 1069 NA
15695 1069 NA
15696 1069 NA
15697 1069 NA
15698 1069 NA
15699 1069 NA
15700 1069 NA
15701 1069 NA
15702 1069 NA
15703 1069 NA
15704 1069 NA
15705 1069 NA
15706 1069 NA
15707 1069 NA
15708 1069 NA
15709 1069 NA
15710 1069 NA
15711 1092 NA
15712 1092 NA
15713 1092 NA
15714 1092 NA
15715 1092 NA
15716 1092 NA
15717 1092 NA
15718 1092 NA
15719 1092 NA
15720 1092 NA
15721 1092 NA
15722 1092 NA
15723 1092 NA
15724 1092 NA
15725 1092 NA
15726 1092 NA
15727 1092 NA
15728 1092 NA
15729 1092 NA
15730 1092 NA
15731 1092 NA
15732 1092 NA
15733 1092 NA
15734 1092 NA
15735 1077 NA
15736 1077 NA
15737 1077 NA
15738 1077 NA
15739 1077 NA
15740 1077 NA
15741 1077 NA
15742 1077 NA
15743 1077 NA
15744 1077 NA
15745 1077 NA
15746 1077 NA
15747 1077 NA
15748 1077 NA
15749 1077 NA
15750 1077 NA
15751 1077 NA
15752 1077 NA
15753 1077 NA
15754 1077 NA
15755 1077 NA
15756 1077 NA
15757 1077 NA
15758 1077 NA
15759 1077 NA
15760 1077 NA
15761 1077 NA
15762 1039 NA
15763 1039 NA
15764 1039 NA
15765 1039 NA
15766 1039 NA
15767 1039 NA
15768 1039 NA
15769 1039 NA
15770 1039 NA
15771 1039 NA
15772 1039 NA
15773 1039 NA
15774 1039 NA
15775 1039 NA
15776 1039 NA
15777 1039 NA
15778 1039 NA
15779 1039 NA
15780 1039 NA
15781 1039 NA
15782 1039 NA
15783 1039 NA
15784 1039 NA
15785 1039 NA
15786 1039 NA
15787 1039 NA
15788 1039 NA
15789 997 NA
15790 997 NA
15791 997 NA
15792 997 NA
15793 997 NA
15794 997 NA
15795 997 NA
15796 997 NA
15797 997 NA
15798 997 NA
15799 997 NA
15800 997 NA
15801 997 NA
15802 997 NA
15803 997 NA
15804 997 NA
15805 997 NA
15806 997 NA
15807 997 NA
15808 997 NA
15809 997 NA
15810 997 NA
15811 997 NA
15812 997 NA
15813 968 NA
15814 968 NA
15815 968 NA
15816 968 NA
15817 968 NA
15818 968 NA
15819 968 NA
15820 968 NA
15821 968 NA
15822 968 NA
15823 968 NA
15824 968 NA
15825 968 NA
15826 968 NA
15827 968 NA
15828 968 NA
15829 968 NA
15830 968 NA
15831 968 NA
15832 968 NA
15833 968 NA
15834 968 NA
15835 968 NA
15836 968 NA
15837 968 NA
15838 968 NA
15839 968 NA
15840 968 NA
15841 968 NA
15842 968 NA
15843 968 NA
15844 968 NA
15845 934 NA
15846 934 NA
15847 934 NA
15848 934 NA
15849 934 NA
15850 934 NA
15851 934 NA
15852 934 NA
15853 934 NA
15854 934 NA
15855 934 NA
15856 934 NA
15857 934 NA
15858 934 NA
15859 934 NA
15860 934 NA
15861 934 NA
15862 934 NA
15863 934 NA
15864 934 NA
15865 934 NA
15866 934 NA
15867 934 NA
15868 934 NA
15869 934 NA
15870 934 NA
15871 934 NA
15872 934 NA
15873 934 NA
15874 934 NA
15875 900 NA
15876 900 NA
15877 900 NA
15878 900 NA
15879 900 NA
15880 900 NA
15881 900 NA
15882 900 NA
15883 900 NA
15884 900 NA
15885 900 NA
15886 900 NA
15887 900 NA
15888 900 NA
15889 900 NA
15890 900 NA
15891 900 NA
15892 900 NA
15893 900 NA
15894 900 NA
15895 900 NA
15896 900 NA
15897 900 NA
15898 900 NA
15899 900 NA
15900 900 NA
15901 900 NA
15902 912 NA
15903 912 NA
15904 912 NA
15905 912 NA
15906 912 NA
15907 912 NA
15908 912 NA
15909 912 NA
15910 912 NA
15911 912 NA
15912 912 NA
15913 912 NA
15914 912 NA
15915 912 NA
15916 912 NA
15917 912 NA
15918 912 NA
15919 912 NA
15920 912 NA
15921 912 NA
15922 912 NA
15923 912 NA
15924 912 NA
15925 912 NA
15926 912 NA
15927 912 NA
15928 912 NA
15929 912 NA
15930 912 NA
15931 912 NA
15932 912 NA
15933 912 NA
15934 912 NA
15935 912 NA
15936 912 NA
15937 912 NA
15938 912 NA
15939 912 NA
15940 929 NA
15941 929 NA
15942 929 NA
15943 929 NA
15944 929 NA
15945 929 NA
15946 929 NA
15947 929 NA
15948 929 NA
15949 929 NA
15950 929 NA
15951 929 NA
15952 929 NA
15953 929 NA
15954 929 NA
15955 929 NA
15956 929 NA
15957 929 NA
15958 929 NA
15959 929 NA
15960 929 NA
15961 929 NA
15962 929 NA
15963 929 NA
15964 929 NA
15965 929 NA
15966 929 NA
15967 929 NA
15968 929 NA
15969 929 NA
15970 929 NA
15971 929 NA
15972 929 NA
15973 929 NA
15974 929 NA
15975 929 NA
15976 929 NA
15977 929 NA
15978 929 NA
15979 929 NA
15980 929 NA
15981 929 NA
15982 929 NA
15983 929 NA
15984 929 NA
15985 929 NA
15986 928 NA
15987 926 NA
15988 925 NA
15989 924 NA
15990 922 NA
15991 921 NA
15992 919 NA
15993 918 NA
15994 918 NA
15995 918 NA
15996 918 NA
15997 918 NA
15998 918 NA
15999 918 NA
16000 918 NA
16001 918 NA
16002 918 NA
16003 918 NA
16004 918 NA
16005 918 NA
16006 918 NA
16007 918 NA
16008 918 NA
16009 918 NA
16010 918 NA
16011 918 NA
16012 918 NA
16013 918 NA
16014 918 NA
16015 918 NA
16016 918 NA
16017 918 NA
16018 918 NA
16019 918 NA
16020 918 NA
16021 918 NA
16022 918 NA
16023 918 NA
16024 918 NA
16025 918 NA
16026 918 NA
16027 918 NA
16028 918 NA
16029 918 NA
16030 918 NA
16031 918 NA
16032 918 NA
16033 918 NA
16034 918 NA
16035 920 NA
16036 921 NA
16037 923 NA
16038 924 NA
16039 926 NA
16040 927 NA
16041 929 NA
16042 929 NA
16043 929 NA
16044 929 NA
16045 929 NA
16046 929 NA
16047 929 NA
16048 929 NA
16049 929 NA
16050 929 NA
16051 929 NA
16052 929 NA
16053 929 NA
16054 929 NA
16055 929 NA
16056 929 NA
16057 929 NA
16058 929 NA
16059 929 NA
16060 929 NA
16061 929 NA
16062 929 NA
16063 929 NA
16064 929 NA
16065 929 NA
16066 929 NA
16067 929 NA
16068 929 NA
16069 929 NA
16070 929 NA
16071 929 NA
16072 929 NA
16073 929 NA
16074 929 NA
16075 929 NA
16076 929 NA
16077 929 NA
16078 929 NA
16079 929 NA
16080 929 NA
16081 929 NA
16082 929 NA
16083 929 NA
16084 929 NA
16085 929 NA
16086 929 NA
16087 929 NA
16088 929 NA
16089 929 NA
16090 924 NA
16091 924 NA
16092 924 NA
16093 924 NA
16094 924 NA
16095 924 NA
16096 924 NA
16097 924 NA
16098 924 NA
16099 924 NA
16100 924 NA
16101 924 NA
16102 924 NA
16103 924 NA
16104 924 NA
16105 924 NA
16106 924 NA
16107 924 NA
16108 924 NA
16109 924 NA
16110 924 NA
16111 924 NA
16112 924 NA
16113 924 NA
16114 924 NA
16115 924 NA
16116 924 NA
16117 924 NA
16118 924 NA
16119 924 NA
16120 924 NA
16121 924 NA
16122 924 NA
16123 924 NA
16124 924 NA
16125 924 NA
16126 924 NA
16127 924 NA
16128 924 NA
16129 924 NA
16130 928 NA
16131 928 NA
16132 928 NA
16133 928 NA
16134 928 NA
16135 928 NA
16136 928 NA
16137 928 NA
16138 928 NA
16139 928 NA
16140 928 NA
16141 928 NA
16142 928 NA
16143 928 NA
16144 928 NA
16145 928 NA
16146 928 NA
16147 928 NA
16148 928 NA
16149 928 NA
16150 928 NA
16151 928 NA
16152 928 NA
16153 928 NA
16154 928 NA
16155 928 NA
16156 928 NA
16157 928 NA
16158 928 NA
16159 928 NA
16160 928 NA
16161 928 NA
16162 938 NA
16163 938 NA
16164 938 NA
16165 938 NA
16166 938 NA
16167 938 NA
16168 938 NA
16169 938 NA
16170 938 NA
16171 938 NA
16172 938 NA
16173 938 NA
16174 938 NA
16175 938 NA
16176 938 NA
16177 938 NA
16178 938 NA
16179 938 NA
16180 938 NA
16181 938 NA
16182 938 NA
16183 938 NA
16184 938 NA
16185 938 NA
16186 938 NA
16187 938 NA
16188 938 NA
16189 984 NA
16190 984 NA
16191 984 NA
16192 984 NA
16193 984 NA
16194 984 NA
16195 984 NA
16196 984 NA
16197 984 NA
16198 984 NA
16199 984 NA
16200 984 NA
16201 984 NA
16202 984 NA
16203 984 NA
16204 984 NA
16205 984 NA
16206 984 NA
16207 984 NA
16208 984 NA
16209 984 NA
16210 984 NA
16211 984 NA
16212 984 NA
16213 984 NA
16214 984 NA
16215 984 NA
16216 984 NA
16217 984 NA
16218 984 NA
16219 984 NA
16220 984 NA
16221 984 NA
16222 984 NA
16223 984 NA
16224 984 NA
16225 984 NA
16226 984 NA
16227 956 NA
16228 956 NA
16229 956 NA
16230 956 NA
16231 956 NA
16232 956 NA
16233 956 NA
16234 956 NA
16235 956 NA
16236 956 NA
16237 956 NA
16238 956 NA
16239 956 NA
16240 956 NA
16241 956 NA
16242 956 NA
16243 956 NA
16244 956 NA
16245 956 NA
16246 956 NA
16247 956 NA
16248 956 NA
16249 956 NA
16250 956 NA
16251 956 NA
16252 956 NA
16253 956 NA
16254 956 NA
16255 956 NA
16256 956 NA
16257 956 NA
16258 956 NA
16259 956 NA
16260 956 NA
16261 956 NA
16262 956 NA
16263 956 NA
16264 956 NA
16265 956 NA
16266 976 NA
16267 976 NA
16268 976 NA
16269 976 NA
16270 976 NA
16271 976 NA
16272 976 NA
16273 976 NA
16274 976 NA
16275 976 NA
16276 976 NA
16277 976 NA
16278 976 NA
16279 976 NA
16280 976 NA
16281 976 NA
16282 976 NA
16283 976 NA
16284 976 NA
16285 976 NA
16286 976 NA
16287 976 NA
16288 976 NA
16289 976 NA
16290 976 NA
16291 976 NA
16292 976 NA
16293 976 NA
16294 976 NA
16295 976 NA
16296 976 NA
16297 976 NA
16298 976 NA
16299 976 NA
16300 993 NA
16301 993 NA
16302 993 NA
16303 993 NA
16304 993 NA
16305 993 NA
16306 993 NA
16307 993 NA
16308 993 NA
16309 993 NA
16310 993 NA
16311 993 NA
16312 993 NA
16313 993 NA
16314 993 NA
16315 993 NA
16316 993 NA
16317 993 NA
16318 993 NA
16319 993 NA
16320 993 NA
16321 993 NA
16322 993 NA
16323 993 NA
16324 993 NA
16325 993 NA
16326 993 NA
16327 993 NA
16328 993 NA
16329 993 NA
16330 993 NA
16331 993 NA
16332 993 NA
16333 993 NA
16334 993 NA
16335 993 NA
16336 993 NA
16337 993 NA
16338 973 NA
16339 973 NA
16340 973 NA
16341 973 NA
16342 973 NA
16343 973 NA
16344 973 NA
16345 973 NA
16346 973 NA
16347 973 NA
16348 973 NA
16349 973 NA
16350 973 NA
16351 973 NA
16352 973 NA
16353 973 NA
16354 973 NA
16355 973 NA
16356 973 NA
16357 973 NA
16358 973 NA
16359 973 NA
16360 973 NA
16361 973 NA
16362 973 NA
16363 973 NA
16364 973 NA
16365 973 NA
16366 973 NA
16367 973 NA
16368 973 NA
16369 973 NA
16370 973 NA
16371 973 NA
16372 973 NA
16373 973 NA
16374 973 NA
16375 973 NA
16376 973 NA
16377 973 NA
16378 973 NA
16379 973 NA
16380 984 NA
16381 984 NA
16382 984 NA
16383 984 NA
16384 984 NA
16385 984 NA
16386 984 NA
16387 984 NA
16388 984 NA
16389 984 NA
16390 984 NA
16391 984 NA
16392 984 NA
16393 984 NA
16394 984 NA
16395 984 NA
16396 984 NA
16397 984 NA
16398 984 NA
16399 984 NA
16400 984 NA
16401 984 NA
16402 984 NA
16403 984 NA
16404 984 NA
16405 984 NA
16406 984 NA
16407 984 NA
16408 984 NA
16409 984 NA
16410 984 NA
16411 984 NA
16412 984 NA
16413 984 NA
16414 984 NA
16415 984 NA
16416 984 NA
16417 984 NA
16418 984 NA
16419 984 NA
16420 984 NA
16421 984 NA
16422 949 NA
16423 949 NA
16424 949 NA
16425 949 NA
16426 949 NA
16427 949 NA
16428 949 NA
16429 949 NA
16430 949 NA
16431 949 NA
16432 949 NA
16433 949 NA
16434 949 NA
16435 949 NA
16436 949 NA
16437 949 NA
16438 949 NA
16439 949 NA
16440 949 NA
16441 949 NA
16442 949 NA
16443 949 NA
16444 949 NA
16445 949 NA
16446 949 NA
16447 949 NA
16448 949 NA
16449 949 NA
16450 949 NA
16451 949 NA
16452 949 NA
16453 949 NA
16454 949 NA
16455 949 NA
16456 949 NA
16457 949 NA
16458 949 NA
16459 949 NA
16460 949 NA
16461 949 NA
16462 949 NA
16463 917 NA
16464 917 NA
16465 917 NA
16466 917 NA
16467 917 NA
16468 917 NA
16469 917 NA
16470 917 NA
16471 917 NA
16472 917 NA
16473 917 NA
16474 917 NA
16475 917 NA
16476 917 NA
16477 917 NA
16478 917 NA
16479 917 NA
16480 917 NA
16481 917 NA
16482 917 NA
16483 917 NA
16484 917 NA
16485 917 NA
16486 917 NA
16487 917 NA
16488 917 NA
16489 917 NA
16490 917 NA
16491 917 NA
16492 917 NA
16493 917 NA
16494 917 NA
16495 917 NA
16496 917 NA
16497 917 NA
16498 917 NA
16499 917 NA
16500 917 NA
16501 917 NA
16502 917 NA
16503 917 NA
16504 917 NA
16505 917 NA
16506 917 NA
16507 890 NA
16508 890 NA
16509 890 NA
16510 890 NA
16511 890 NA
16512 890 NA
16513 890 NA
16514 890 NA
16515 890 NA
16516 890 NA
16517 890 NA
16518 890 NA
16519 890 NA
16520 890 NA
16521 890 NA
16522 890 NA
16523 890 NA
16524 890 NA
16525 890 NA
16526 890 NA
16527 890 NA
16528 890 NA
16529 890 NA
16530 890 NA
16531 890 NA
16532 890 NA
16533 890 NA
16534 890 NA
16535 890 NA
16536 890 NA
16537 890 NA
16538 890 NA
16539 890 NA
16540 890 NA
16541 890 NA
16542 890 NA
16543 890 NA
16544 890 NA
16545 890 NA
16546 890 NA
16547 890 NA
16548 890 NA
16549 890 NA
16550 890 NA
16551 890 NA
16552 890 NA
16553 890 NA
16554 885 NA
16555 885 NA
16556 885 NA
16557 885 NA
16558 885 NA
16559 885 NA
16560 885 NA
16561 885 NA
16562 885 NA
16563 885 NA
16564 885 NA
16565 885 NA
16566 885 NA
16567 885 NA
16568 885 NA
16569 885 NA
16570 885 NA
16571 885 NA
16572 885 NA
16573 885 NA
16574 885 NA
16575 885 NA
16576 885 NA
16577 885 NA
16578 885 NA
16579 885 NA
16580 885 NA
16581 885 NA
16582 885 NA
16583 885 NA
16584 885 NA
16585 885 NA
16586 885 NA
16587 885 NA
16588 885 NA
16589 885 NA
16590 885 NA
16591 885 NA
16592 885 NA
16593 885 NA
16594 885 NA
16595 885 NA
16596 885 NA
16597 885 NA
16598 885 NA
16599 885 NA
16600 885 NA
16601 885 NA
16602 885 NA
16603 885 NA
16604 885 NA
16605 885 NA
16606 885 NA
16607 885 NA
16608 885 NA
16609 885 NA
16610 885 NA
16611 885 NA
16612 885 NA
16613 885 NA
16614 885 NA
16615 885 NA
16616 885 NA
16617 885 NA
16618 885 NA
16619 885 NA
16620 900 NA
16621 900 NA
16622 900 NA
16623 900 NA
16624 900 NA
16625 900 NA
16626 900 NA
16627 900 NA
16628 900 NA
16629 900 NA
16630 900 NA
16631 900 NA
16632 900 NA
16633 900 NA
16634 900 NA
16635 900 NA
16636 900 NA
16637 900 NA
16638 900 NA
16639 900 NA
16640 900 NA
16641 900 NA
16642 900 NA
16643 900 NA
16644 900 NA
16645 900 NA
16646 900 NA
16647 900 NA
16648 900 NA
16649 900 NA
16650 900 NA
16651 900 NA
16652 900 NA
16653 900 NA
16654 900 NA
16655 900 NA
16656 900 NA
16657 900 NA
16658 900 NA
16659 900 NA
16660 900 NA
16661 900 NA
16662 900 NA
16663 900 NA
16664 900 NA
16665 900 NA
16666 900 NA
16668 900 NA
16669 900 NA
16670 900 NA
16671 900 NA
16672 900 NA
16673 900 NA
16674 900 NA
16675 900 NA
16676 900 NA
16677 900 NA
16678 900 NA
16679 900 NA
16680 900 NA
16681 900 NA
16682 900 NA
16683 900 NA
16684 900 NA
16685 900 NA
16686 900 NA
16687 900 NA
16688 900 NA
16689 900 NA
16690 927 NA
16691 927 NA
16692 927 NA
16693 927 NA
16694 927 NA
16695 927 NA
16696 927 NA
16697 927 NA
16698 927 NA
16699 927 NA
16700 927 NA
16701 927 NA
16702 927 NA
16703 927 NA
16704 927 NA
16705 927 NA
16706 927 NA
16707 927 NA
16708 927 NA
16709 927 NA
16710 927 NA
16711 927 NA
16712 927 NA
16714 927 NA
16717 927 NA
16719 927 NA
16720 927 NA
16721 927 NA
16722 927 NA
16723 927 NA
16724 927 NA
16725 927 NA
16726 927 NA
16727 927 NA
16728 927 NA
16729 927 NA
16730 927 NA
16731 927 NA
16732 927 NA
16733 927 NA
16734 927 NA
16735 927 NA
16736 927 NA
16737 927 NA
16738 927 NA
16739 927 NA
16740 927 NA
16741 927 NA
16742 927 NA
16743 927 NA
16744 927 NA
16745 927 NA
16746 927 NA
16747 927 NA
16748 927 NA
16749 927 NA
16750 927 NA
16751 927 NA
16752 927 NA
16753 927 NA
16754 927 NA
16755 927 NA
16756 927 NA
16757 927 NA
16759 927 NA
16760 927 NA
16761 927 NA
16762 927 NA
16763 927 NA
16764 945 NA
16765 945 NA
16766 945 NA
16767 945 NA
16768 945 NA
16769 945 NA
16770 945 NA
16771 945 NA
16772 945 NA
16773 945 NA
16774 945 NA
16775 945 NA
16776 945 NA
16777 945 NA
16778 945 NA
16779 945 NA
16780 945 NA
16781 945 NA
16782 945 NA
16783 945 NA
16784 945 NA
16785 945 NA
16786 945 NA
16787 945 NA
16788 945 NA
16789 945 NA
16790 945 NA
16791 945 NA
16792 945 NA
16793 945 NA
16794 945 NA
16795 945 NA
16796 945 NA
16797 945 NA
16798 945 NA
16799 945 NA
16800 945 NA
16801 945 NA
16802 945 NA
16803 945 NA
16804 945 NA
16805 945 NA
16807 945 NA
16808 945 NA
16809 945 NA
16810 945 NA
16811 945 NA
16812 945 NA
16813 945 NA
16814 945 NA
16815 945 NA
16816 945 NA
16817 945 NA
16818 945 NA
16819 945 NA
16820 945 NA
16821 945 NA
16822 945 NA
16823 945 NA
16824 945 NA
16825 945 NA
16826 945 NA
16827 945 NA
16828 945 NA
16829 945 NA
16830 945 NA
16831 945 NA
16832 945 NA
16833 965 NA
16834 965 NA
16835 965 NA
16836 965 NA
16837 965 NA
16838 965 NA
16839 965 NA
16840 965 NA
16841 965 NA
16842 965 NA
16843 965 NA
16844 965 NA
16845 965 NA
16846 965 NA
16847 965 NA
16848 965 NA
16849 965 NA
16850 965 NA
16851 965 NA
16852 965 NA
16853 965 NA
16854 965 NA
16855 965 NA
16856 965 NA
16857 965 NA
16858 965 NA
16859 965 NA
16860 965 NA
16861 965 NA
16862 965 NA
16863 965 NA
16864 965 NA
16865 965 NA
16866 965 NA
16867 965 NA
16869 965 NA
16870 965 NA
16871 965 NA
16872 965 NA
16873 965 NA
16874 965 NA
16875 965 NA
16876 965 NA
16877 965 NA
16878 965 NA
16879 965 NA
16880 965 NA
16881 965 NA
16882 965 NA
16883 965 NA
16884 965 NA
16885 965 NA
16886 965 NA
16887 965 NA
16888 965 NA
16889 965 NA
16890 965 NA
16891 965 NA
16892 965 NA
16893 965 NA
16894 965 NA
16895 965 NA
16896 965 NA
16897 965 NA
16898 965 NA
16899 965 NA
16900 970 NA
16901 970 NA
16902 970 NA
16903 970 NA
16904 970 NA
16905 970 NA
16906 970 NA
16907 970 NA
16908 970 NA
16909 970 NA
16910 970 NA
16911 970 NA
16912 970 NA
16913 970 NA
16914 970 NA
16915 970 NA
16916 970 NA
16917 970 NA
16918 970 NA
16919 970 NA
16920 970 NA
16921 970 NA
16922 970 NA
16923 970 NA
16924 970 NA
16925 970 NA
16926 970 NA
16927 970 NA
16928 970 NA
16929 970 NA
16930 970 NA
16931 970 NA
16932 970 NA
16933 970 NA
16934 970 NA
16935 970 NA
16936 970 NA
16937 970 NA
16938 970 NA
16939 970 NA
16940 970 NA
16941 970 NA
16942 970 NA
16943 970 NA
16944 970 NA
16945 970 NA
16946 970 NA
16947 970 NA
16949 970 NA
16950 970 NA
16951 970 NA
16952 970 NA
16953 970 NA
16954 970 NA
16955 970 NA
16956 970 NA
16957 970 NA
16958 970 NA
16959 970 NA
16960 970 NA
16961 970 NA
16966 970 NA
16968 970 NA
16969 970 NA
16970 932 NA
16971 932 NA
16972 932 NA
16973 932 NA
16974 932 NA
16975 932 NA
16976 932 NA
16977 932 NA
16978 932 NA
16979 932 NA
16980 932 NA
16981 932 NA
16982 932 NA
16984 932 NA
16985 932 NA
16986 932 NA
16987 932 NA
16988 932 NA
16989 932 NA
16990 932 NA
16991 932 NA
16992 932 NA
16993 932 NA
16994 932 NA
16998 932 NA
16999 932 NA
17000 932 NA
17001 932 NA
17006 932 NA
17007 932 NA
17014 932 NA
17015 932 NA
17016 932 NA
17017 932 NA
17018 932 NA
17019 932 NA
17020 932 NA
17021 932 NA
17022 932 NA
17023 932 NA
17024 932 NA
17025 932 NA
17026 932 NA
17027 932 NA
17028 932 NA
17029 932 NA
17031 932 NA
17032 932 NA
17033 932 NA
17034 932 NA
17035 932 NA
17036 932 NA
17037 932 NA
17038 932 NA
17039 932 NA
17040 932 NA
17042 932 NA
17044 932 NA
17045 932 NA
17046 932 NA
17047 932 NA
17048 932 NA
17049 932 NA
17050 932 NA
17051 932 NA
17052 932 NA
17053 932 NA
17054 932 NA
17055 912 NA
17056 912 NA
17057 912 NA
17058 912 NA
17059 912 NA
17060 912 NA
17061 912 NA
17062 912 NA
17063 912 NA
17064 912 NA
17069 912 NA
17070 912 NA
17071 912 NA
17072 912 NA
17073 912 NA
17075 912 NA
17076 912 NA
17077 912 NA
17078 912 NA
17079 912 NA
17080 912 NA
17081 912 NA
17083 912 NA
17084 912 NA
17085 912 NA
17086 912 NA
17087 912 NA
17088 912 NA
17089 912 NA
17091 912 NA
17092 912 NA
17093 912 NA
17094 912 NA
17095 912 NA
17096 912 NA
17097 912 NA
17098 912 NA
17099 912 NA
17100 912 NA
17101 912 NA
17102 912 NA
17103 912 NA
17104 912 NA
17105 912 NA
17106 912 NA
17107 912 NA
17108 912 NA
17109 912 NA
17110 912 NA
17111 912 NA
17112 912 NA
17113 912 NA
17114 912 NA
17115 912 NA
17117 912 NA
17118 912 NA
17119 912 NA
17123 912 NA
17124 912 NA
17125 912 NA
17126 912 NA
17127 912 NA
17129 912 NA
17130 912 NA
17131 912 NA
17132 912 NA
17133 912 NA
17134 912 NA
17135 912 NA
17136 912 NA
17138 912 NA
17139 912 NA
17140 912 NA
17141 912 NA
17142 900 NA
17143 900 NA
17144 900 NA
17145 900 NA
17146 900 NA
17147 900 NA
