"Index" "Price" "Volume"
14019 102 NA
14020 99 NA
14021 102 NA
14022 102 NA
14023 110 NA
14024 110 NA
14025 113 NA
14026 113 NA
14027 117 NA
14028 117 NA
14029 108 NA
14030 108 NA
14031 109 NA
14032 107 NA
14033 104 NA
14034 109 NA
14035 114 NA
14036 117 NA
14037 116 NA
14038 115 NA
14039 113 NA
14040 113 NA
14041 111 NA
14042 111 NA
14043 111 NA
14044 115 NA
14045 124 NA
14046 124 NA
14047 123 NA
14048 120 NA
14049 121 NA
14050 118 NA
14051 118 NA
14052 118 NA
14053 113 NA
14054 113 NA
14055 114 NA
14056 120 NA
14057 116 NA
14058 117 NA
14059 115 NA
14060 109 NA
14061 109 NA
14062 113 NA
14063 113 NA
14064 113 NA
14065 107 NA
14066 106 NA
14067 110 NA
14068 112 NA
14069 120 NA
14070 120 NA
14071 125 NA
14072 127 NA
14073 122 NA
14074 122 NA
14075 122 NA
14076 129 NA
14077 131 NA
14078 133 NA
14079 130 NA
14080 124 NA
14081 125 NA
14082 128 NA
14083 127 NA
14084 124 NA
14085 120 NA
14086 120 NA
14087 119 NA
14088 118 NA
14089 116 NA
14090 116 NA
14091 106 NA
14092 106 NA
14093 103 NA
14094 108 NA
14095 114 NA
14096 117 NA
14097 117 NA
14098 123 NA
14099 125 NA
14100 124 NA
14101 121 NA
14102 126 NA
14103 133 NA
14104 136 NA
14105 130 NA
14106 124 NA
14107 117 NA
14108 115 NA
14109 119 NA
14110 115 NA
14111 113 NA
14112 113 NA
14113 114 NA
14114 121 NA
14115 121 NA
14116 117 NA
14117 114 NA
14118 114 NA
14119 114 NA
14120 109 NA
14121 111 NA
14122 112 NA
14123 112 NA
14124 110 NA
14125 109 NA
14126 112 NA
14127 110 NA
14128 110 NA
14129 110 NA
14130 114 NA
14131 114 NA
14132 115 NA
14133 112 NA
14134 111 NA
14135 107 NA
14136 102 NA
14137 104 NA
14138 104 NA
14139 108 NA
14140 107 NA
14141 113 NA
14142 118 NA
14143 118 NA
14144 120 NA
14145 123 NA
14146 121 NA
14147 114 NA
14148 113 NA
14149 111 NA
14150 111 NA
14151 106 NA
14152 103 NA
14153 100 NA
14154 102 NA
14155 108 NA
14156 117 NA
14157 117 NA
14158 128 NA
14159 134 NA
14160 140 NA
14161 140 NA
14162 145 NA
14163 151 NA
14164 153 NA
14165 153 NA
14166 155 NA
14167 150 NA
14168 143 NA
14169 137 NA
14170 145 NA
14171 144 NA
14172 144 NA
14173 144 NA
14174 144 NA
14175 135 NA
14176 135 NA
14177 124 NA
14178 124 NA
14179 117 NA
14180 111 NA
14181 106 NA
14182 101 NA
14183 97 NA
14184 96 NA
14185 93 NA
14186 94 NA
14187 96 NA
14188 96 NA
14189 101 NA
14190 102 NA
14191 105 NA
14192 105 NA
14193 102 NA
14194 101 NA
14195 106 NA
14196 101 NA
14197 98 NA
14198 96 NA
14199 92 NA
14200 96 NA
14201 99 NA
14202 99 NA
14203 103 NA
14204 95 NA
14205 95 NA
14206 95 NA
14207 96 NA
14208 92 NA
14209 92 NA
14210 97 NA
14211 101 NA
14212 101 NA
14213 101 NA
14214 100 NA
14215 105 NA
14216 105 NA
14217 107 NA
14218 112 NA
14219 113 NA
14220 111 NA
14221 115 NA
14222 115 NA
14223 115 NA
14224 109 NA
14225 109 NA
14226 108 NA
14227 107 NA
14228 109 NA
14229 113 NA
14230 115 NA
14231 113 NA
14232 108 NA
14233 106 NA
14234 106 NA
14235 110 NA
14236 108 NA
14237 103 NA
14238 108 NA
14239 107 NA
14240 107 NA
14241 110 NA
14242 108 NA
14243 106 NA
14244 101 NA
14245 101 NA
14246 96 NA
14247 96 NA
14248 96 NA
14249 98 NA
14250 99 NA
14251 99 NA
14252 99 NA
14253 104 NA
14254 108 NA
14255 108 NA
14256 105 NA
14257 100 NA
14258 100 NA
14259 105 NA
14260 102 NA
14261 97 NA
14262 94 NA
14263 94 NA
14264 89 NA
14265 93 NA
14266 93 NA
14267 96 NA
14268 96 NA
14269 89 NA
14270 89 NA
14271 93 NA
14272 99 NA
14273 99 NA
14274 94 NA
14275 93 NA
14276 96 NA
14277 100 NA
14278 100 NA
14279 100 NA
14280 96 NA
14281 98 NA
14282 99 NA
14283 99 NA
14284 99 NA
14285 107 NA
14286 102 NA
14287 102 NA
14288 100 NA
14289 103 NA
14290 106 NA
14291 104 NA
14292 103 NA
14293 103 NA
14294 101 NA
14295 101 NA
14296 98 NA
14297 98 NA
14298 96 NA
14299 92 NA
14300 94 NA
14301 95 NA
14302 92 NA
14303 89 NA
14304 85 NA
14305 81 NA
14306 80 NA
14307 83 NA
14308 83 NA
14309 87 NA
14310 92 NA
14311 101 NA
14312 101 NA
14313 99 NA
14314 99 NA
14315 98 NA
14316 96 NA
14317 96 NA
14318 99 NA
14319 99 NA
14320 102 NA
14321 105 NA
14322 100 NA
14323 98 NA
14324 95 NA
14325 100 NA
14326 107 NA
14327 107 NA
14328 107 NA
14329 106 NA
14330 115 NA
14331 115 NA
14332 115 NA
14333 110 NA
14334 114 NA
14335 116 NA
14336 120 NA
14337 120 NA
14338 121 NA
14339 111 NA
14340 111 NA
14341 106 NA
14342 101 NA
14343 96 NA
14344 94 NA
14345 92 NA
14346 85 NA
14347 82 NA
14348 82 NA
14349 85 NA
14350 85 NA
14351 85 NA
14352 88 NA
14353 87 NA
14354 87 NA
14355 83 NA
14356 80 NA
14357 78 NA
14358 81 NA
14359 84 NA
14360 81 NA
14361 77 NA
14362 71 NA
14363 67 NA
14364 64 NA
14365 64 NA
14366 61 NA
14367 58 NA
14368 58 NA
14369 57 NA
14370 55 NA
14371 53 NA
14372 51 NA
14373 52 NA
14374 52 NA
14375 54 NA
14376 54 NA
14377 52 NA
14378 47 NA
14379 46 NA
14380 46 NA
14381 45 NA
14382 48 NA
14383 50 NA
14384 53 NA
14385 56 NA
14386 59 NA
14387 60 NA
14388 63 NA
14389 69 NA
14390 69 NA
14391 69 NA
14392 75 NA
14393 75 NA
14394 74 NA
14395 69 NA
14396 67 NA
14397 68 NA
14398 68 NA
14399 75 NA
14400 75 NA
14401 75 NA
14402 79 NA
14403 83 NA
14404 87 NA
14405 97 NA
14406 102 NA
14407 113 NA
14408 113 NA
14409 119 NA
14410 119 NA
14411 116 NA
14412 111 NA
14413 109 NA
14414 109 NA
14415 108 NA
14416 103 NA
14417 98 NA
14418 94 NA
14419 86 NA
14420 82 NA
14421 82 NA
14422 78 NA
14423 72 NA
14424 72 NA
14425 69 NA
14426 66 NA
14427 63 NA
14428 61 NA
14429 56 NA
14430 56 NA
14431 54 NA
14432 50 NA
14433 48 NA
14434 48 NA
14435 46 NA
14436 42 NA
14437 42 NA
14438 40 NA
14439 39 NA
14440 38 NA
14441 37 NA
14442 36 NA
14443 35 NA
14444 34 NA
14445 34 NA
14446 34 NA
14447 38 NA
14448 38 NA
14449 40 NA
14450 41 NA
14451 43 NA
14452 46 NA
14453 49 NA
14454 52 NA
14455 52 NA
14456 54 NA
14457 54 NA
14458 52 NA
14459 53 NA
14460 56 NA
14461 58 NA
14462 60 NA
14463 63 NA
14464 63 NA
14465 62 NA
14466 64 NA
14467 67 NA
14468 70 NA
14469 69 NA
14470 67 NA
14471 73 NA
14472 75 NA
14473 75 NA
14474 80 NA
14475 82 NA
14476 82 NA
14477 83 NA
14478 83 NA
14479 88 NA
14480 93 NA
14481 91 NA
14482 91 NA
14483 84 NA
14484 84 NA
14485 81 NA
14486 78 NA
14487 76 NA
14488 74 NA
14489 72 NA
14490 70 NA
14491 70 NA
14492 67 NA
14493 65 NA
14494 60 NA
14495 60 NA
14496 62 NA
14497 63 NA
14498 64 NA
14499 63 NA
14500 62 NA
14501 64 NA
14502 64 NA
14503 63 NA
14504 67 NA
14505 67 NA
14506 66 NA
14507 70 NA
14508 74 NA
14509 78 NA
14510 82 NA
14511 84 NA
14512 91 NA
14513 91 NA
14514 96 NA
14515 103 NA
14516 103 NA
14517 110 NA
14518 110 NA
14519 117 NA
14520 117 NA
14521 123 NA
14522 138 NA
14523 138 NA
14524 139 NA
14525 146 NA
14526 153 NA
14527 157 NA
14528 169 NA
14529 178 NA
14530 197 NA
14531 197 NA
14532 218 NA
14533 228 NA
14534 228 NA
14535 238 NA
14536 238 NA
14537 238 NA
14538 238 NA
14539 238 NA
14540 238 NA
14541 238 NA
14542 238 NA
14543 238 NA
14544 238 NA
14545 238 NA
14546 238 NA
14547 238 NA
14548 238 NA
14549 238 NA
14550 238 NA
14551 238 NA
14552 238 NA
14553 238 NA
14554 238 NA
14555 238 NA
14556 238 NA
14557 238 NA
14558 238 NA
14559 238 NA
14560 238 NA
14561 238 NA
14562 238 NA
14563 238 NA
14564 238 NA
14565 250 NA
14566 238 NA
14567 238 NA
14568 238 NA
14569 238 NA
14570 238 NA
14571 238 NA
14572 238 NA
14573 238 NA
14574 238 NA
14575 238 NA
14576 238 NA
14577 238 NA
14578 237 NA
14579 237 NA
14580 238 NA
14581 238 NA
14582 238 NA
14583 238 NA
14584 238 NA
14585 238 NA
14586 238 NA
14587 238 NA
14588 238 NA
14589 238 NA
14590 238 NA
14591 238 NA
14592 238 NA
14593 238 NA
14594 238 NA
14595 238 NA
14596 238 NA
14597 238 NA
14598 238 NA
14599 238 NA
14600 238 NA
14601 238 NA
14602 238 NA
14603 238 NA
14604 238 NA
14605 238 NA
14606 238 NA
14607 238 NA
14608 238 NA
14609 238 NA
14610 238 NA
14611 238 NA
14612 238 NA
14613 238 NA
14614 238 NA
14615 238 NA
14616 238 NA
14617 238 NA
14618 238 NA
14619 238 NA
14620 238 NA
14621 238 NA
14622 238 NA
14623 238 NA
14624 238 NA
14625 238 NA
14626 238 NA
14627 238 NA
14628 238 NA
14629 238 NA
14630 238 NA
14631 238 NA
14632 238 NA
14633 238 NA
14634 238 NA
14635 238 NA
14636 238 NA
14637 238 NA
14638 238 NA
14639 238 NA
14640 238 NA
14641 238 NA
14642 238 NA
14643 238 NA
14644 238 NA
14645 238 NA
14646 238 NA
14647 238 NA
14648 238 NA
14649 238 NA
14650 238 NA
14651 238 NA
14653 238 NA
14654 238 NA
14655 238 NA
14656 238 NA
14657 238 NA
14658 238 NA
14659 238 NA
14660 238 NA
14661 238 NA
14662 238 NA
14663 238 NA
14664 238 NA
14665 238 NA
14666 238 NA
14667 238 NA
14668 238 NA
14669 238 NA
14670 238 NA
14671 238 NA
14672 238 NA
14673 238 NA
14674 238 NA
14675 238 NA
14676 238 NA
14677 238 NA
14678 238 NA
14679 238 NA
14680 238 NA
14681 238 NA
14682 238 NA
14683 238 NA
14684 238 NA
14685 238 NA
14686 238 NA
14687 238 NA
14688 238 NA
14689 238 NA
14690 238 NA
14691 238 NA
14692 238 NA
14693 237 NA
14694 238 NA
14695 238 NA
14696 238 NA
14697 238 NA
14698 238 NA
14699 238 NA
14700 238 NA
14701 238 NA
14702 238 NA
14703 238 NA
14704 238 NA
14705 238 NA
14706 238 NA
14707 238 NA
14708 238 NA
14709 238 NA
14710 238 NA
14711 238 NA
14712 237 NA
14713 237 NA
14714 238 NA
14715 238 NA
14716 238 NA
14717 238 NA
14718 238 NA
14719 238 NA
14720 238 NA
14721 238 NA
14722 238 NA
14723 238 NA
14724 238 NA
14725 238 NA
14726 238 NA
14727 238 NA
14728 238 NA
14729 238 NA
14730 238 NA
14731 238 NA
14732 238 NA
14733 238 NA
14734 238 NA
14735 238 NA
14736 238 NA
14737 238 NA
14738 238 NA
14739 238 NA
14740 238 NA
14741 238 NA
14742 238 NA
14743 238 NA
14744 238 NA
14745 237 NA
14746 238 NA
14747 237 NA
14748 238 NA
14749 238 NA
14750 238 NA
14751 238 NA
14752 238 NA
14753 238 NA
14754 238 NA
14755 238 NA
14756 238 NA
14757 238 NA
14758 238 NA
14759 238 NA
14760 238 NA
14761 238 NA
14762 238 NA
14763 238 NA
14764 238 NA
14765 238 NA
14766 238 NA
14767 238 NA
14768 238 NA
14769 238 NA
14770 238 NA
14771 238 NA
14772 238 NA
14773 238 NA
14774 238 NA
14775 238 NA
14776 238 NA
14777 238 NA
14778 238 NA
14779 238 NA
14780 238 NA
14781 238 NA
14782 238 NA
14783 238 NA
14784 238 NA
14785 238 NA
14786 238 NA
14787 238 NA
14788 238 NA
14789 238 NA
14790 238 NA
14791 238 NA
14792 238 NA
14793 238 NA
14794 238 NA
14795 238 NA
14796 238 NA
14797 238 NA
14798 238 NA
14799 238 NA
14800 238 NA
14801 238 NA
14802 238 NA
14803 238 NA
14804 238 NA
14805 238 NA
14806 238 NA
14807 238 NA
14808 238 NA
14809 238 NA
14810 238 NA
14811 238 NA
14812 238 NA
14813 238 NA
14814 238 NA
14815 238 NA
14816 238 NA
14817 238 NA
14818 238 NA
14819 238 NA
14820 238 NA
14821 238 NA
14822 238 NA
14823 223 NA
14824 223 NA
14825 213 NA
14826 206 NA
14827 206 NA
14828 194 NA
14829 194 NA
14830 184 NA
14831 184 NA
14832 199 NA
14833 199 NA
14834 208 NA
14835 216 NA
14836 216 NA
14837 231 NA
14838 236 NA
14839 236 NA
14840 226 NA
14841 226 NA
14842 221 NA
14843 218 NA
14844 220 NA
14845 219 NA
14846 224 NA
14847 238 NA
14848 237 NA
14849 237 NA
14850 230 NA
14851 208 NA
14852 214 NA
14853 205 NA
14854 205 NA
14855 198 NA
14856 200 NA
14857 204 NA
14858 204 NA
14859 193 NA
14860 193 NA
14861 190 NA
14862 185 NA
14863 185 NA
14864 193 NA
14865 193 NA
14866 205 NA
14867 205 NA
14868 213 NA
14869 206 NA
14870 191 NA
14871 191 NA
14872 191 NA
14873 191 NA
14874 176 NA
14875 176 NA
14876 174 NA
14877 166 NA
14878 159 NA
14879 169 NA
14880 164 NA
14881 164 NA
14882 148 NA
14883 148 NA
14884 140 NA
14885 133 NA
14886 126 NA
14887 120 NA
14888 121 NA
14889 114 NA
14890 106 NA
14891 106 NA
14892 104 NA
14893 101 NA
14894 101 NA
14895 96 NA
14896 89 NA
14897 87 NA
14898 87 NA
14899 93 NA
14900 98 NA
14901 107 NA
14902 107 NA
14903 113 NA
14904 113 NA
14905 119 NA
14906 129 NA
14907 136 NA
14908 136 NA
14909 142 NA
14910 148 NA
14911 163 NA
14912 170 NA
14913 165 NA
14914 160 NA
14915 160 NA
14916 153 NA
14917 155 NA
14918 159 NA
14920 150 NA
14921 150 NA
14922 155 NA
14923 155 NA
14924 154 NA
14925 154 NA
14926 160 NA
14927 167 NA
14928 176 NA
14929 176 NA
14930 184 NA
14931 189 NA
14932 189 NA
14933 183 NA
14934 167 NA
14935 167 NA
14936 159 NA
14937 153 NA
14938 150 NA
14939 150 NA
14940 144 NA
14941 134 NA
14942 134 NA
14943 129 NA
14944 126 NA
14945 129 NA
14946 129 NA
14947 131 NA
14948 133 NA
14949 128 NA
14950 128 NA
14951 114 NA
14952 110 NA
14953 110 NA
14954 105 NA
14955 99 NA
14956 95 NA
14957 91 NA
14958 96 NA
14959 96 NA
14960 94 NA
14961 94 NA
14962 95 NA
14963 95 NA
14964 91 NA
14965 98 NA
14966 102 NA
14967 105 NA
14968 105 NA
14969 110 NA
14970 114 NA
14971 116 NA
14972 122 NA
14973 120 NA
14974 125 NA
14975 118 NA
14976 125 NA
14977 124 NA
14979 136 NA
14981 150 NA
14983 156 NA
14984 148 NA
14985 142 NA
14986 131 NA
14987 124 NA
14988 118 NA
14990 114 NA
14991 114 NA
14992 113 NA
14993 114 NA
14995 111 NA
14996 110 NA
14998 105 NA
15000 106 NA
15001 104 NA
15003 104 NA
15005 112 NA
15007 118 NA
15008 116 NA
15012 120 NA
15013 126 NA
15014 126 NA
15016 133 NA
15018 142 NA
15019 145 NA
15020 148 NA
15021 148 NA
15023 155 NA
15025 153 NA
15026 154 NA
15028 146 NA
15029 153 NA
15031 157 NA
15032 164 NA
15033 174 NA
15035 178 NA
15036 186 NA
15037 186 NA
15038 194 NA
15039 198 NA
15040 202 NA
15042 209 NA
15044 217 NA
15046 217 NA
15047 212 NA
15048 209 NA
15049 209 NA
15050 208 NA
15052 205 NA
15054 203 NA
15055 198 NA
15058 195 NA
15060 196 NA
15061 191 NA
15063 175 NA
15064 165 NA
15066 161 NA
15067 155 NA
15068 151 NA
15070 139 NA
15072 126 NA
15073 120 NA
15074 115 NA
15076 106 NA
15078 105 NA
15080 105 NA
15081 102 NA
15082 98 NA
15084 96 NA
15085 100 NA
15086 105 NA
15087 109 NA
15088 106 NA
15089 109 NA
15090 107 NA
15091 112 NA
15093 122 NA
15094 127 NA
15095 130 NA
15096 126 NA
15097 121 NA
15098 125 NA
15100 119 NA
15101 117 NA
15102 118 NA
15103 112 NA
15104 104 NA
15106 106 NA
15107 107 NA
15109 108 NA
15110 103 NA
15112 106 NA
15114 110 NA
15115 113 NA
15116 113 NA
15119 110 NA
15120 113 NA
15121 114 NA
15122 117 NA
15123 120 NA
15124 116 NA
15125 116 NA
15126 120 NA
15128 128 NA
15130 125 NA
15131 123 NA
15132 121 NA
15133 116 NA
15135 113 NA
15136 118 NA
15137 120 NA
15138 122 NA
15140 129 NA
15142 136 NA
15143 134 NA
15144 133 NA
15145 134 NA
15149 138 NA
15150 141 NA
15151 147 NA
15152 150 NA
15154 154 NA
15156 161 NA
15157 169 NA
15158 169 NA
15159 165 NA
15161 173 NA
15163 175 NA
15164 178 NA
15165 183 NA
15166 186 NA
15168 184 NA
15170 200 NA
15172 221 NA
15175 227 NA
15177 215 NA
15178 216 NA
15179 224 NA
15180 234 NA
15182 241 NA
15184 259 NA
15185 252 NA
15186 240 NA
15187 249 NA
15189 257 NA
15191 271 NA
15193 279 NA
15194 286 NA
15196 288 NA
15197 290 NA
15199 299 NA
15204 302 NA
15207 309 NA
15208 294 NA
15210 292 NA
15211 304 NA
15214 328 NA
15215 325 NA
15217 309 NA
15219 281 NA
15220 266 NA
15221 252 NA
15222 239 NA
15224 215 NA
15226 200 NA
15227 192 NA
15228 187 NA
15229 185 NA
15231 180 NA
15232 185 NA
15233 187 NA
15235 184 NA
15238 178 NA
15240 185 NA
15242 191 NA
15243 173 NA
15244 172 NA
15247 174 NA
15248 167 NA
15249 167 NA
15250 163 NA
15252 148 NA
15254 141 NA
15256 135 NA
15257 133 NA
15258 132 NA
15259 136 NA
15261 143 NA
15263 156 NA
15264 155 NA
15266 154 NA
15268 138 NA
15270 126 NA
15271 120 NA
15273 109 NA
15275 97 NA
15277 88 NA
15278 83 NA
15280 78 NA
15281 74 NA
15282 71 NA
15283 71 NA
15284 69 NA
15285 67 NA
15287 59 NA
15289 56 NA
15291 50 NA
15294 45 NA
15295 43 NA
15297 42 NA
15302 41 NA
15304 41 NA
15306 42 NA
15307 44 NA
15308 46 NA
15310 47 NA
15313 49 NA
15314 49 NA
15315 52 NA
15316 54 NA
15317 55 NA
15318 57 NA
15319 58 NA
15320 60 NA
15321 63 NA
15322 67 NA
15323 71 NA
15324 75 NA
15325 78 NA
15326 81 NA
15327 85 NA
15328 90 NA
15329 91 NA
15330 93 NA
15331 98 NA
15332 102 NA
15333 108 NA
15334 114 NA
15335 117 NA
15336 122 NA
15337 129 NA
15338 136 NA
15339 143 NA
15340 151 NA
15341 159 NA
15342 167 NA
15343 175 NA
15344 184 NA
15345 194 NA
15346 202 NA
15347 213 NA
15348 224 NA
15349 236 NA
15350 248 NA
15351 261 NA
15352 272 NA
15353 284 NA
15354 296 NA
15355 310 NA
15356 314 NA
15357 329 NA
15358 330 NA
15359 338 NA
15360 324 NA
15361 310 NA
15362 294 NA
15363 279 NA
15364 273 NA
15365 269 NA
15366 279 NA
15367 287 NA
15368 300 NA
15369 313 NA
15370 319 NA
15371 314 NA
15372 312 NA
15373 311 NA
15374 308 NA
15375 303 NA
15376 303 NA
15377 289 NA
15378 277 NA
15379 263 NA
15380 250 NA
15381 261 NA
15382 272 NA
15383 282 NA
15384 295 NA
15385 308 NA
15386 323 NA
15387 329 NA
15388 346 NA
15389 296 NA
15390 311 NA
15391 323 NA
15392 336 NA
15393 338 NA
15394 348 NA
15395 338 NA
15396 349 NA
15397 360 NA
15398 378 NA
15399 397 NA
15400 417 NA
15401 438 NA
15402 460 NA
15403 480 NA
15404 496 NA
15405 491 NA
15406 511 NA
15407 523 NA
15408 517 NA
15409 530 NA
15410 545 NA
15411 561 NA
15412 567 NA
15413 560 NA
15414 533 NA
15415 506 NA
15416 480 NA
15417 467 NA
15418 452 NA
15419 438 NA
15420 425 NA
15421 403 NA
15422 387 NA
15423 370 NA
15424 354 NA
15425 337 NA
15426 321 NA
15427 333 NA
15428 349 NA
15429 367 NA
15430 386 NA
15431 399 NA
15432 416 NA
15433 436 NA
15434 447 NA
15435 445 NA
15436 443 NA
15437 431 NA
15438 418 NA
15439 404 NA
15440 401 NA
15441 412 NA
15442 422 NA
15443 427 NA
15444 424 NA
15445 443 NA
15446 443 NA
15447 434 NA
15448 425 NA
15449 420 NA
15450 403 NA
15451 397 NA
15452 382 NA
15453 372 NA
15454 377 NA
15455 381 NA
15456 381 NA
15457 362 NA
15458 365 NA
15459 363 NA
15460 361 NA
15461 376 NA
15462 376 NA
15463 387 NA
15464 391 NA
15465 408 NA
15466 418 NA
15467 426 NA
15468 423 NA
15469 425 NA
15470 410 NA
15471 418 NA
15472 408 NA
15473 392 NA
15474 386 NA
15475 392 NA
15476 382 NA
15477 377 NA
15478 385 NA
15479 393 NA
15480 402 NA
15481 400 NA
15482 411 NA
15483 416 NA
15484 419 NA
15485 406 NA
15486 393 NA
15487 383 NA
15488 371 NA
15489 358 NA
15490 348 NA
15491 337 NA
15492 325 NA
15493 308 NA
15494 296 NA
15495 281 NA
15496 266 NA
15497 257 NA
15498 252 NA
15499 255 NA
15500 264 NA
15501 252 NA
15502 265 NA
15503 274 NA
15504 278 NA
15505 288 NA
15506 293 NA
15507 289 NA
15508 275 NA
15509 267 NA
15510 277 NA
15511 289 NA
15512 303 NA
15513 314 NA
15514 301 NA
15515 305 NA
15516 296 NA
15517 299 NA
15518 295 NA
15519 302 NA
15520 303 NA
15521 307 NA
15522 312 NA
15523 312 NA
15524 302 NA
15525 295 NA
15526 297 NA
15527 296 NA
15528 305 NA
15529 302 NA
15530 315 NA
15531 314 NA
15532 312 NA
15533 315 NA
15534 325 NA
15535 337 NA
15536 327 NA
15537 336 NA
15538 344 NA
15539 358 NA
15540 361 NA
15541 362 NA
15542 372 NA
15543 371 NA
15544 382 NA
15545 389 NA
15546 395 NA
15547 398 NA
15548 403 NA
15549 407 NA
15550 400 NA
15551 393 NA
15552 375 NA
15553 356 NA
15554 339 NA
15555 333 NA
15556 329 NA
15557 320 NA
15558 322 NA
15559 319 NA
15560 325 NA
15561 322 NA
15562 318 NA
15563 333 NA
15564 347 NA
15565 362 NA
15566 375 NA
15567 363 NA
15568 344 NA
15569 326 NA
15570 309 NA
15571 293 NA
15572 278 NA
15573 264 NA
15574 252 NA
15575 241 NA
15576 228 NA
15577 217 NA
15578 206 NA
15579 206 NA
15580 197 NA
15581 188 NA
15582 180 NA
15583 187 NA
15584 196 NA
15585 202 NA
15586 206 NA
15587 206 NA
15588 213 NA
15589 222 NA
15590 223 NA
15591 220 NA
15592 214 NA
15593 214 NA
15594 215 NA
15595 212 NA
15596 219 NA
15597 215 NA
15598 213 NA
15599 222 NA
15600 225 NA
15601 221 NA
15602 221 NA
15603 215 NA
15604 215 NA
15605 226 NA
15606 238 NA
15607 250 NA
15608 258 NA
15609 271 NA
15610 283 NA
15611 298 NA
15612 313 NA
15613 328 NA
15614 342 NA
15615 359 NA
15616 376 NA
15617 386 NA
15618 401 NA
15619 403 NA
15620 398 NA
15621 388 NA
15622 385 NA
15623 388 NA
15624 401 NA
15625 389 NA
15626 393 NA
15627 389 NA
15628 402 NA
15629 393 NA
15630 390 NA
15631 370 NA
15632 373 NA
15633 386 NA
15634 367 NA
15635 348 NA
15636 338 NA
15637 327 NA
15638 327 NA
15639 311 NA
15640 297 NA
15641 290 NA
15642 288 NA
15643 290 NA
15644 281 NA
15645 279 NA
15646 279 NA
15647 275 NA
15648 277 NA
15649 268 NA
15650 267 NA
15651 266 NA
15652 265 NA
15653 264 NA
15654 262 NA
15655 261 NA
15656 260 NA
15657 259 NA
15658 268 NA
15659 265 NA
15660 263 NA
15661 258 NA
15662 258 NA
15663 246 NA
15664 234 NA
15665 234 NA
15666 233 NA
15667 233 NA
15668 224 NA
15669 217 NA
15670 224 NA
15671 216 NA
15672 216 NA
15673 205 NA
15674 205 NA
15675 194 NA
15676 185 NA
15677 177 NA
15678 177 NA
15679 168 NA
15680 160 NA
15681 160 NA
15682 153 NA
15683 153 NA
15684 153 NA
15685 156 NA
15686 156 NA
15687 149 NA
15688 149 NA
15689 141 NA
15690 141 NA
15691 137 NA
15692 137 NA
15693 134 NA
15694 134 NA
15695 135 NA
15696 135 NA
15697 128 NA
15698 122 NA
15699 115 NA
15700 115 NA
15701 109 NA
15702 109 NA
15703 103 NA
15704 98 NA
15705 94 NA
15706 94 NA
15707 90 NA
15708 85 NA
15709 85 NA
15710 83 NA
15711 83 NA
15712 82 NA
15713 82 NA
15714 80 NA
15715 80 NA
15716 76 NA
15717 76 NA
15718 72 NA
15719 72 NA
15720 68 NA
15721 68 NA
15722 64 NA
15723 64 NA
15724 60 NA
15725 60 NA
15726 57 NA
15727 54 NA
15728 54 NA
15729 51 NA
15730 51 NA
15731 53 NA
15732 54 NA
15733 54 NA
15734 54 NA
15735 54 NA
15736 56 NA
15737 56 NA
15738 56 NA
15739 56 NA
15740 54 NA
15741 54 NA
15742 56 NA
15743 56 NA
15744 57 NA
15745 57 NA
15746 60 NA
15747 60 NA
15748 63 NA
15749 63 NA
15750 64 NA
15751 64 NA
15752 68 NA
15753 68 NA
15754 72 NA
15755 72 NA
15756 76 NA
15757 76 NA
15758 80 NA
15759 80 NA
15760 81 NA
15761 81 NA
15762 82 NA
15763 82 NA
15764 82 NA
15765 82 NA
15766 82 NA
15767 77 NA
15768 77 NA
15769 74 NA
15770 74 NA
15771 74 NA
15772 72 NA
15773 72 NA
15774 72 NA
15775 72 NA
15776 72 NA
15777 74 NA
15778 74 NA
15779 76 NA
15780 76 NA
15781 78 NA
15782 78 NA
15783 80 NA
15784 80 NA
15785 77 NA
15786 77 NA
15787 73 NA
15788 73 NA
15789 71 NA
15790 71 NA
15791 71 NA
15792 74 NA
15793 74 NA
15794 75 NA
15795 75 NA
15796 73 NA
15797 73 NA
15798 73 NA
15799 74 NA
15800 74 NA
15801 74 NA
15802 74 NA
15803 75 NA
15804 75 NA
15805 75 NA
15806 75 NA
15807 75 NA
15808 76 NA
15809 76 NA
15810 78 NA
15811 78 NA
15812 78 NA
15813 79 NA
15814 79 NA
15815 80 NA
15816 80 NA
15817 80 NA
15818 76 NA
15819 76 NA
15820 76 NA
15821 76 NA
15822 76 NA
15823 78 NA
15824 78 NA
15825 81 NA
15826 81 NA
15827 81 NA
15828 86 NA
15829 86 NA
15830 86 NA
15831 91 NA
15832 91 NA
15833 91 NA
15834 95 NA
15835 95 NA
15836 95 NA
15837 97 NA
15838 97 NA
15839 97 NA
15840 92 NA
15841 92 NA
15842 93 NA
15843 93 NA
15844 93 NA
15845 96 NA
15846 96 NA
15847 100 NA
15848 100 NA
15849 100 NA
15850 97 NA
15851 97 NA
15852 96 NA
15853 96 NA
15854 96 NA
15855 96 NA
15856 96 NA
15857 94 NA
15858 94 NA
15859 89 NA
15860 89 NA
15861 89 NA
15862 90 NA
15863 90 NA
15864 90 NA
15865 92 NA
15866 92 NA
15867 92 NA
15868 92 NA
15869 95 NA
15870 95 NA
15871 99 NA
15872 99 NA
15873 103 NA
15874 103 NA
15875 108 NA
15876 108 NA
15877 108 NA
15878 111 NA
15879 111 NA
15880 114 NA
15881 114 NA
15882 118 NA
15883 118 NA
15884 117 NA
15885 117 NA
15886 119 NA
15887 119 NA
15888 123 NA
15889 123 NA
15890 123 NA
15891 128 NA
15892 128 NA
15893 133 NA
15894 133 NA
15895 133 NA
15896 131 NA
15897 131 NA
15898 132 NA
15899 132 NA
15900 132 NA
15901 132 NA
15902 125 NA
15903 124 NA
15904 123 NA
15905 123 NA
15906 122 NA
15907 121 NA
15908 120 NA
15909 120 NA
15910 120 NA
15911 120 NA
15912 124 NA
15913 124 NA
15914 124 NA
15915 122 NA
15916 122 NA
15917 122 NA
15918 126 NA
15919 126 NA
15920 126 NA
15921 129 NA
15922 129 NA
15923 129 NA
15924 128 NA
15925 128 NA
15926 128 NA
15927 127 NA
15928 127 NA
15929 127 NA
15930 127 NA
15931 127 NA
15932 127 NA
15933 126 NA
15934 126 NA
15935 126 NA
15936 126 NA
15937 123 NA
15938 123 NA
15939 123 NA
15940 123 NA
15941 128 NA
15942 128 NA
15943 128 NA
15944 129 NA
15945 129 NA
15946 129 NA
15947 132 NA
15948 132 NA
15949 132 NA
15950 131 NA
15951 131 NA
15952 131 NA
15953 131 NA
15954 136 NA
15955 136 NA
15956 136 NA
15957 136 NA
15958 135 NA
15959 135 NA
15960 135 NA
15961 135 NA
15962 133 NA
15963 133 NA
15964 133 NA
15965 133 NA
15966 136 NA
15967 136 NA
15968 136 NA
15969 136 NA
15970 136 NA
15971 137 NA
15972 137 NA
15973 137 NA
15974 137 NA
15975 135 NA
15976 135 NA
15977 135 NA
15978 136 NA
15979 136 NA
15980 136 NA
15981 136 NA
15982 136 NA
15983 137 NA
15984 137 NA
15985 137 NA
15986 137 NA
15987 138 NA
15988 138 NA
15989 138 NA
15990 138 NA
15991 139 NA
15992 139 NA
15993 139 NA
15994 142 NA
15995 142 NA
15996 142 NA
15997 142 NA
15998 139 NA
15999 139 NA
16000 139 NA
16001 139 NA
16002 133 NA
16003 133 NA
16004 133 NA
16005 133 NA
16006 132 NA
16007 132 NA
16008 132 NA
16009 132 NA
16010 132 NA
16011 134 NA
16012 134 NA
16013 134 NA
16014 133 NA
16015 133 NA
16016 133 NA
16017 133 NA
16018 131 NA
16019 131 NA
16020 131 NA
16021 131 NA
16022 131 NA
16023 131 NA
16024 131 NA
16025 131 NA
16026 134 NA
16027 134 NA
16028 134 NA
16029 134 NA
16030 135 NA
16031 135 NA
16032 135 NA
16033 135 NA
16034 131 NA
16035 131 NA
16036 131 NA
16037 131 NA
16038 131 NA
16039 131 NA
16040 131 NA
16041 131 NA
16042 131 NA
16043 131 NA
16044 134 NA
16045 134 NA
16046 134 NA
16047 134 NA
16048 132 NA
16049 132 NA
16050 132 NA
16051 131 NA
16052 131 NA
16053 131 NA
16054 131 NA
16055 128 NA
16056 128 NA
16057 128 NA
16058 128 NA
16059 127 NA
16060 127 NA
16061 127 NA
16062 127 NA
16063 129 NA
16064 129 NA
16065 129 NA
16066 129 NA
16067 129 NA
16068 129 NA
16069 129 NA
16070 129 NA
16071 129 NA
16072 129 NA
16073 125 NA
16074 125 NA
16075 125 NA
16076 126 NA
16077 126 NA
16078 126 NA
16079 126 NA
16080 126 NA
16081 126 NA
16082 124 NA
16083 124 NA
16084 124 NA
16085 126 NA
16086 126 NA
16087 126 NA
16088 126 NA
16089 123 NA
16090 123 NA
16091 123 NA
16092 127 NA
16093 127 NA
16094 127 NA
16095 132 NA
16096 132 NA
16097 132 NA
16098 136 NA
16099 136 NA
16100 136 NA
16101 138 NA
16102 138 NA
16103 133 NA
16104 133 NA
16105 133 NA
16106 127 NA
16107 127 NA
16108 127 NA
16109 129 NA
16110 129 NA
16111 129 NA
16112 133 NA
16113 133 NA
16114 133 NA
16115 131 NA
16116 131 NA
16117 131 NA
16118 129 NA
16119 129 NA
16120 129 NA
16121 128 NA
16122 128 NA
16123 131 NA
16124 131 NA
16125 134 NA
16126 134 NA
16127 137 NA
16128 137 NA
16129 137 NA
16130 137 NA
16131 137 NA
16132 135 NA
16133 135 NA
16134 135 NA
16135 130 NA
16136 130 NA
16137 125 NA
16138 125 NA
16139 125 NA
16140 125 NA
16141 125 NA
16142 125 NA
16143 125 NA
16144 125 NA
16145 125 NA
16146 129 NA
16147 129 NA
16148 129 NA
16149 124 NA
16150 124 NA
16151 124 NA
16152 127 NA
16153 127 NA
16154 127 NA
16155 131 NA
16156 131 NA
16157 131 NA
16158 129 NA
16159 129 NA
16160 127 NA
16161 127 NA
16162 127 NA
16163 127 NA
16164 123 NA
16165 123 NA
16166 123 NA
16167 117 NA
16168 117 NA
16169 117 NA
16170 112 NA
16171 112 NA
16172 112 NA
16173 111 NA
16174 111 NA
16175 111 NA
16176 114 NA
16177 114 NA
16178 112 NA
16179 112 NA
16180 113 NA
16181 113 NA
16182 113 NA
16183 109 NA
16184 109 NA
16185 109 NA
16186 105 NA
16187 105 NA
16188 105 NA
16189 104 NA
16190 104 NA
16191 104 NA
16192 99 NA
16193 99 NA
16194 99 NA
16195 97 NA
16196 97 NA
16197 97 NA
16198 96 NA
16199 96 NA
16200 96 NA
16201 94 NA
16202 94 NA
16203 94 NA
16204 96 NA
16205 96 NA
16206 96 NA
16207 96 NA
16208 94 NA
16209 94 NA
16210 94 NA
16211 93 NA
16212 93 NA
16213 93 NA
16214 92 NA
16215 92 NA
16216 92 NA
16217 93 NA
16218 93 NA
16219 93 NA
16220 93 NA
16221 92 NA
16222 92 NA
16223 95 NA
16224 95 NA
16225 95 NA
16226 98 NA
16227 98 NA
16228 98 NA
16229 101 NA
16230 101 NA
16231 101 NA
16232 106 NA
16233 106 NA
16234 106 NA
16235 109 NA
16236 109 NA
16237 109 NA
16238 110 NA
16239 110 NA
16240 110 NA
16241 115 NA
16242 115 NA
16243 121 NA
16244 128 NA
16245 135 NA
16246 142 NA
16247 150 NA
16248 155 NA
16249 155 NA
16250 150 NA
16251 147 NA
16252 147 NA
16253 143 NA
16254 143 NA
16255 148 NA
16256 148 NA
16257 154 NA
16258 154 NA
16259 162 NA
16260 162 NA
16261 171 NA
16262 171 NA
16263 176 NA
16264 176 NA
16265 183 NA
16266 183 NA
16267 191 NA
16268 191 NA
16269 200 NA
16270 200 NA
16271 208 NA
16272 208 NA
16273 204 NA
16274 204 NA
16275 198 NA
16276 198 NA
16277 191 NA
16278 191 NA
16279 191 NA
16280 191 NA
16281 194 NA
16282 194 NA
16283 194 NA
16284 194 NA
16285 197 NA
16286 197 NA
16287 191 NA
16288 191 NA
16289 181 NA
16290 181 NA
16291 180 NA
16292 180 NA
16293 185 NA
16294 185 NA
16295 187 NA
16296 187 NA
16297 187 NA
16298 188 NA
16299 188 NA
16300 193 NA
16301 193 NA
16302 189 NA
16303 190 NA
16304 190 NA
16305 193 NA
16306 193 NA
16307 188 NA
16308 188 NA
16309 190 NA
16310 190 NA
16311 180 NA
16312 180 NA
16313 180 NA
16314 171 NA
16315 171 NA
16316 168 NA
16317 168 NA
16318 165 NA
16319 165 NA
16320 169 NA
16321 169 NA
16322 177 NA
16323 177 NA
16324 181 NA
16325 181 NA
16326 174 NA
16327 174 NA
16328 174 NA
16329 174 NA
16330 180 NA
16331 180 NA
16332 180 NA
16333 188 NA
16334 193 NA
16335 193 NA
16336 198 NA
16337 198 NA
16338 195 NA
16339 195 NA
16340 200 NA
16341 200 NA
16342 209 NA
16343 209 NA
16344 209 NA
16345 218 NA
16346 218 NA
16347 222 NA
16348 222 NA
16349 230 NA
16350 230 NA
16351 238 NA
16352 238 NA
16353 240 NA
16354 240 NA
16355 240 NA
16356 240 NA
16357 249 NA
16358 249 NA
16359 260 NA
16360 260 NA
16361 260 NA
16362 262 NA
16363 262 NA
16364 255 NA
16365 255 NA
16366 255 NA
16367 264 NA
16368 264 NA
16369 273 NA
16370 273 NA
16371 279 NA
16372 279 NA
16373 279 NA
16374 279 NA
16375 279 NA
16376 290 NA
16377 299 NA
16378 311 NA
16379 311 NA
16380 322 NA
16381 322 NA
16382 326 NA
16383 317 NA
16384 317 NA
16385 315 NA
16386 310 NA
16387 310 NA
16388 312 NA
16389 312 NA
16390 310 NA
16391 310 NA
16392 302 NA
16393 302 NA
16394 305 NA
16395 305 NA
16396 304 NA
16397 304 NA
16398 305 NA
16399 305 NA
16400 301 NA
16401 301 NA
16402 298 NA
16403 298 NA
16404 284 NA
16405 284 NA
16406 278 NA
16407 278 NA
16408 278 NA
16409 277 NA
16410 277 NA
16411 263 NA
16412 263 NA
16413 263 NA
16414 263 NA
16415 263 NA
16416 260 NA
16417 260 NA
16418 260 NA
16419 260 NA
16420 266 NA
16421 266 NA
16422 261 NA
16423 266 NA
16424 280 NA
16425 288 NA
16426 291 NA
16427 291 NA
16428 297 NA
16429 291 NA
16430 291 NA
16431 287 NA
16432 287 NA
16433 272 NA
16434 259 NA
16435 247 NA
16436 247 NA
16437 252 NA
16438 251 NA
16439 251 NA
16440 252 NA
16441 252 NA
16442 255 NA
16443 249 NA
16444 249 NA
16445 247 NA
16446 247 NA
16447 243 NA
16448 243 NA
16449 230 NA
16450 230 NA
16451 225 NA
16452 226 NA
16453 226 NA
16454 233 NA
16455 242 NA
16456 242 NA
16457 232 NA
16458 232 NA
16459 227 NA
16460 227 NA
16461 218 NA
16462 218 NA
16463 213 NA
16464 204 NA
16465 204 NA
16466 197 NA
16467 197 NA
16468 190 NA
16469 190 NA
16470 190 NA
16471 190 NA
16472 200 NA
16473 200 NA
16474 210 NA
16475 218 NA
16476 218 NA
16477 225 NA
16478 225 NA
16479 236 NA
16480 236 NA
16481 224 NA
16482 222 NA
16483 222 NA
16484 225 NA
16485 227 NA
16486 228 NA
16487 238 NA
16488 238 NA
16489 245 NA
16490 241 NA
16491 241 NA
16492 251 NA
16493 251 NA
16494 257 NA
16495 257 NA
16496 261 NA
16497 261 NA
16498 273 NA
16499 273 NA
16500 276 NA
16501 283 NA
16502 283 NA
16503 293 NA
16504 293 NA
16505 300 NA
16506 300 NA
16507 312 NA
16508 325 NA
16509 332 NA
16510 332 NA
16511 338 NA
16512 349 NA
16513 349 NA
16514 342 NA
16515 342 NA
16516 346 NA
16517 346 NA
16518 347 NA
16519 347 NA
16520 357 NA
16521 357 NA
16522 359 NA
16523 353 NA
16524 353 NA
16525 350 NA
16526 350 NA
16527 366 NA
16528 367 NA
16529 367 NA
16530 369 NA
16531 374 NA
16532 374 NA
16533 378 NA
16534 378 NA
16535 377 NA
16536 373 NA
16537 373 NA
16538 375 NA
16539 375 NA
16540 367 NA
16541 367 NA
16542 376 NA
16543 386 NA
16544 386 NA
16545 405 NA
16546 405 NA
16547 420 NA
16548 420 NA
16549 440 NA
16550 440 NA
16551 454 NA
16552 454 NA
16553 474 NA
16554 474 NA
16555 498 NA
16556 498 NA
16557 523 NA
16558 523 NA
16559 549 NA
16560 549 NA
16561 557 NA
16562 557 NA
16563 568 NA
16564 568 NA
16565 581 NA
16566 608 NA
16567 624 NA
16568 641 NA
16569 641 NA
16570 643 NA
16571 654 NA
16572 672 NA
16573 678 NA
16574 678 NA
16575 688 NA
16576 688 NA
16577 706 NA
16578 706 NA
16579 707 NA
16580 707 NA
16581 740 NA
16582 758 NA
16583 795 NA
16584 795 NA
16585 835 NA
16586 877 NA
16587 921 NA
16588 968 NA
16589 968 NA
16590 1017 NA
16591 1011 NA
16592 973 NA
16593 973 NA
16594 965 NA
16595 932 NA
16596 932 NA
16597 891 NA
16598 892 NA
16599 892 NA
16600 848 NA
16601 811 NA
16602 811 NA
16603 781 NA
16604 781 NA
16605 746 NA
16606 724 NA
16607 724 NA
16608 753 NA
16609 753 NA
16610 771 NA
16611 771 NA
16612 755 NA
16613 755 NA
16614 741 NA
16615 741 NA
16616 721 NA
16617 721 NA
16618 703 NA
16619 703 NA
16620 691 NA
16621 691 NA
16622 662 NA
16623 662 NA
16624 655 NA
16625 655 NA
16626 666 NA
16627 666 NA
16628 682 NA
16629 682 NA
16630 700 NA
16631 700 NA
16632 701 NA
16633 701 NA
16634 665 NA
16635 665 NA
16636 631 NA
16637 631 NA
16638 622 NA
16639 622 NA
16640 604 NA
16641 604 NA
16642 573 NA
16643 573 NA
16644 547 NA
16645 547 NA
16646 547 NA
16647 574 NA
16648 574 NA
16649 595 NA
16650 595 NA
16651 623 NA
16652 623 NA
16653 623 NA
16654 645 NA
16655 645 NA
16656 675 NA
16657 675 NA
16658 687 NA
16659 687 NA
16660 722 NA
16661 722 NA
16662 759 NA
16663 759 NA
16664 797 NA
16665 824 NA
16666 824 NA
16668 865 NA
16669 909 NA
16670 909 NA
16671 909 NA
16672 1002 NA
16673 1002 NA
16674 1053 NA
16675 1084 NA
16676 1084 NA
16677 1137 NA
16678 1179 NA
16679 1179 NA
16680 1219 NA
16681 1219 NA
16682 1207 NA
16683 1207 NA
16684 1210 NA
16685 1210 NA
16686 1240 NA
16687 1240 NA
16688 1240 NA
16689 1252 NA
16690 1252 NA
16691 1245 NA
16692 1245 NA
16693 1261 NA
16694 1261 NA
16695 1279 NA
16696 1279 NA
16697 1280 NA
16698 1280 NA
16699 1228 NA
16700 1228 NA
16701 1185 NA
16702 1185 NA
16703 1139 NA
16704 1122 NA
16705 1150 NA
16706 1093 NA
16707 1060 NA
16708 1060 NA
16709 1016 NA
16710 1016 NA
16711 965 NA
16712 965 NA
16714 943 NA
16717 912 NA
16719 916 NA
16720 916 NA
16721 912 NA
16722 911 NA
16723 911 NA
16724 911 NA
16725 899 NA
16726 899 NA
16727 899 NA
16728 914 NA
16729 914 NA
16730 923 NA
16731 923 NA
16732 876 NA
16733 876 NA
16734 832 NA
16735 832 NA
16736 806 NA
16737 806 NA
16738 803 NA
16739 803 NA
16740 785 NA
16741 785 NA
16742 793 NA
16743 793 NA
16744 798 NA
16745 798 NA
16746 784 NA
16747 784 NA
16748 784 NA
16749 802 NA
16750 783 NA
16751 783 NA
16752 783 NA
16753 775 NA
16754 775 NA
16755 751 NA
16756 751 NA
16757 746 NA
16759 746 NA
16760 743 NA
16761 743 NA
16762 743 NA
16763 739 NA
16764 739 NA
16765 721 NA
16766 721 NA
16767 695 NA
16768 695 NA
16769 665 NA
16770 665 NA
16771 634 NA
16772 634 NA
16773 606 NA
16774 606 NA
16775 609 NA
16776 609 NA
16777 612 NA
16778 612 NA
16779 612 NA
16780 614 NA
16781 614 NA
16782 630 NA
16783 630 NA
16784 639 NA
16785 639 NA
16786 651 NA
16787 651 NA
16788 675 NA
16789 675 NA
16790 686 NA
16791 686 NA
16792 694 NA
16793 694 NA
16794 700 NA
16795 700 NA
16796 731 NA
16797 751 NA
16798 751 NA
16799 719 NA
16800 694 NA
16801 694 NA
16802 684 NA
16803 698 NA
16804 698 NA
16805 719 NA
16807 755 NA
16808 755 NA
16809 785 NA
16810 785 NA
16811 806 NA
16812 806 NA
16813 784 NA
16814 784 NA
16815 778 NA
16816 778 NA
16817 789 NA
16818 789 NA
16819 759 NA
16820 759 NA
16821 780 NA
16822 780 NA
16823 776 NA
16824 776 NA
16825 785 NA
16826 785 NA
16827 762 NA
16828 762 NA
16829 745 NA
16830 745 NA
16831 745 NA
16832 745 NA
16833 752 NA
16834 738 NA
16835 738 NA
16836 762 NA
16837 746 NA
16838 746 NA
16839 728 NA
16840 694 NA
16841 679 NA
16842 679 NA
16843 668 NA
16844 668 NA
16845 657 NA
16846 657 NA
16847 658 NA
16848 658 NA
16849 657 NA
16850 657 NA
16851 657 NA
16852 659 NA
16853 659 NA
16854 662 NA
16855 662 NA
16856 662 NA
16857 666 NA
16858 688 NA
16859 708 NA
16860 700 NA
16861 688 NA
16862 688 NA
16863 702 NA
16864 702 NA
16865 721 NA
16866 721 NA
16867 727 NA
16869 738 NA
16870 738 NA
16871 738 NA
16872 735 NA
16873 735 NA
16874 751 NA
16875 751 NA
16876 732 NA
16877 732 NA
16878 705 NA
16879 705 NA
16880 694 NA
16881 669 NA
16882 669 NA
16883 636 NA
16884 636 NA
16885 604 NA
16886 604 NA
16887 588 NA
16888 588 NA
16889 581 NA
16890 581 NA
16891 576 NA
16892 576 NA
16893 576 NA
16894 558 NA
16895 558 NA
16896 557 NA
16897 557 NA
16898 569 NA
16899 569 NA
16900 569 NA
16901 556 NA
16902 556 NA
16903 533 NA
16904 533 NA
16905 512 NA
16906 512 NA
16907 512 NA
16908 513 NA
16909 513 NA
16910 513 NA
16911 508 NA
16912 508 NA
16913 518 NA
16914 518 NA
16915 515 NA
16916 515 NA
16917 511 NA
16918 511 NA
16919 491 NA
16920 491 NA
16921 491 NA
16922 506 NA
16923 506 NA
16924 509 NA
16925 509 NA
16926 501 NA
16927 501 NA
16928 508 NA
16929 508 NA
16930 526 NA
16931 526 NA
16932 553 NA
16933 553 NA
16934 553 NA
16935 574 NA
16936 574 NA
16937 574 NA
16938 590 NA
16939 590 NA
16940 586 NA
16941 586 NA
16942 572 NA
16943 572 NA
16944 572 NA
16945 578 NA
16946 598 NA
16947 598 NA
16949 587 NA
16950 587 NA
16951 581 NA
16952 581 NA
16953 583 NA
16954 601 NA
16955 601 NA
16956 607 NA
16957 607 NA
16958 588 NA
16959 588 NA
16960 563 NA
16961 563 NA
16966 519 NA
16968 535 NA
16969 535 NA
16970 536 NA
16971 536 NA
16972 542 NA
16973 542 NA
16974 544 NA
16975 544 NA
16976 556 NA
16977 556 NA
16978 570 NA
16979 570 NA
16980 559 NA
16981 539 NA
16982 539 NA
16984 535 NA
16985 535 NA
16986 535 NA
16987 545 NA
16988 558 NA
16989 558 NA
16990 556 NA
16991 556 NA
16992 556 NA
16993 556 NA
16994 556 NA
16998 549 NA
16999 549 NA
17000 555 NA
17001 555 NA
17006 607 NA
17007 607 NA
17014 609 NA
17015 609 NA
17016 603 NA
17017 603 NA
17018 603 NA
17019 610 NA
17020 610 NA
17021 610 NA
17022 614 NA
17023 638 NA
17024 638 NA
17025 638 NA
17026 637 NA
17027 637 NA
17028 637 NA
17029 648 NA
17031 651 NA
17032 651 NA
17033 651 NA
17034 657 NA
17035 657 NA
17036 645 NA
17037 645 NA
17038 617 NA
17039 617 NA
17040 617 NA
17042 619 NA
17044 623 NA
17045 622 NA
17046 622 NA
17047 622 NA
17048 640 NA
17049 640 NA
17050 662 NA
17051 662 NA
17052 658 NA
17053 658 NA
17054 658 NA
17055 687 NA
17056 687 NA
17057 718 NA
17058 718 NA
17059 754 NA
17060 754 NA
17061 754 NA
17062 765 NA
17063 765 NA
17064 765 NA
17069 798 NA
17070 798 NA
17071 834 NA
17072 874 NA
17073 874 NA
17075 916 NA
17076 943 NA
17077 943 NA
17078 943 NA
17079 940 NA
17080 940 NA
17081 940 NA
17083 894 NA
17084 894 NA
17085 876 NA
17086 876 NA
17087 832 NA
17088 832 NA
17089 793 NA
17091 793 NA
17092 753 NA
17093 753 NA
17094 719 NA
17095 719 NA
17096 684 NA
17097 684 NA
17098 684 NA
17099 668 NA
17100 668 NA
17101 667 NA
17102 667 NA
17103 667 NA
17104 671 NA
17105 671 NA
17106 671 NA
17107 683 NA
17108 683 NA
17109 683 NA
17110 709 NA
17111 709 NA
17112 709 NA
17113 710 NA
17114 710 NA
17115 687 NA
17117 687 NA
17118 704 NA
17119 704 NA
17123 731 NA
17124 737 NA
17125 737 NA
17126 725 NA
17127 725 NA
17129 730 NA
17130 730 NA
17131 730 NA
17132 754 NA
17133 754 NA
17134 754 NA
17135 730 NA
17136 730 NA
17138 749 NA
17139 749 NA
17140 738 NA
17141 738 NA
17142 738 NA
17143 735 NA
17144 735 NA
17145 741 NA
17146 741 NA
17147 741 NA
17148 770 NA
17149 770 NA
