"Index" "Price" "Volume"
14019 17 NA
14020 17 NA
14021 17 NA
14022 17 NA
14023 17 NA
14024 17 NA
14025 17 NA
14026 17 NA
14027 17 NA
14028 17 NA
14029 17 NA
14030 17 NA
14031 17 NA
14032 17 NA
14033 17 NA
14034 17 NA
14035 18 NA
14036 18 NA
14037 18 NA
14038 18 NA
14039 18 NA
14040 18 NA
14041 18 NA
14042 18 NA
14043 18 NA
14044 18 NA
14045 18 NA
14046 18 NA
14047 18 NA
14048 18 NA
14049 17 NA
14050 17 NA
14051 17 NA
14052 17 NA
14053 17 NA
14054 17 NA
14055 17 NA
14056 17 NA
14057 17 NA
14058 17 NA
14059 17 NA
14060 17 NA
14061 17 NA
14062 17 NA
14063 17 NA
14064 17 NA
14065 17 NA
14066 17 NA
14067 17 NA
14068 17 NA
14069 18 NA
14070 18 NA
14071 18 NA
14072 18 NA
14073 18 NA
14074 18 NA
14075 18 NA
14076 18 NA
14077 18 NA
14078 18 NA
14079 18 NA
14080 18 NA
14081 18 NA
14082 18 NA
14083 18 NA
14084 18 NA
14085 18 NA
14086 18 NA
14087 18 NA
14088 18 NA
14089 18 NA
14090 18 NA
14091 18 NA
14092 18 NA
14093 18 NA
14094 18 NA
14095 17 NA
14096 17 NA
14097 17 NA
14098 17 NA
14099 16 NA
14100 16 NA
14101 16 NA
14102 16 NA
14103 16 NA
14104 16 NA
14105 15 NA
14106 14 NA
14107 13 NA
14108 13 NA
14109 13 NA
14110 13 NA
14111 13 NA
14112 13 NA
14113 13 NA
14114 13 NA
14115 13 NA
14116 14 NA
14117 13 NA
14118 13 NA
14119 13 NA
14120 13 NA
14121 13 NA
14122 13 NA
14123 13 NA
14124 13 NA
14125 13 NA
14126 13 NA
14127 13 NA
14128 13 NA
14129 14 NA
14130 14 NA
14131 14 NA
14132 14 NA
14133 14 NA
14134 14 NA
14135 14 NA
14136 13 NA
14137 13 NA
14138 13 NA
14139 13 NA
14140 14 NA
14141 14 NA
14142 14 NA
14143 14 NA
14144 14 NA
14145 14 NA
14146 14 NA
14147 14 NA
14148 15 NA
14149 15 NA
14150 15 NA
14151 15 NA
14152 15 NA
14153 15 NA
14154 15 NA
14155 15 NA
14156 15 NA
14157 15 NA
14158 15 NA
14159 15 NA
14160 15 NA
14161 15 NA
14162 15 NA
14163 15 NA
14164 15 NA
14165 15 NA
14166 14 NA
14167 13 NA
14168 13 NA
14169 13 NA
14170 13 NA
14171 13 NA
14172 13 NA
14173 13 NA
14174 13 NA
14175 13 NA
14176 13 NA
14177 13 NA
14178 13 NA
14179 13 NA
14180 13 NA
14181 13 NA
14182 13 NA
14183 13 NA
14184 13 NA
14185 13 NA
14186 13 NA
14187 13 NA
14188 13 NA
14189 13 NA
14190 13 NA
14191 13 NA
14192 13 NA
14193 13 NA
14194 13 NA
14195 13 NA
14196 13 NA
14197 13 NA
14198 13 NA
14199 13 NA
14200 13 NA
14201 13 NA
14202 13 NA
14203 13 NA
14204 13 NA
14205 13 NA
14206 13 NA
14207 13 NA
14208 13 NA
14209 13 NA
14210 13 NA
14211 13 NA
14212 13 NA
14213 13 NA
14214 13 NA
14215 13 NA
14216 13 NA
14217 13 NA
14218 13 NA
14219 13 NA
14220 13 NA
14221 14 NA
14222 14 NA
14223 13 NA
14224 13 NA
14225 13 NA
14226 13 NA
14227 13 NA
14228 13 NA
14229 13 NA
14230 13 NA
14231 13 NA
14232 13 NA
14233 13 NA
14234 13 NA
14235 13 NA
14236 13 NA
14237 13 NA
14238 13 NA
14239 14 NA
14240 14 NA
14241 13 NA
14242 13 NA
14243 13 NA
14244 13 NA
14245 13 NA
14246 13 NA
14247 13 NA
14248 13 NA
14249 13 NA
14250 13 NA
14251 13 NA
14252 13 NA
14253 13 NA
14254 13 NA
14255 13 NA
14256 13 NA
14257 13 NA
14258 13 NA
14259 13 NA
14260 13 NA
14261 13 NA
14262 13 NA
14263 13 NA
14264 13 NA
14265 13 NA
14266 13 NA
14267 14 NA
14268 14 NA
14269 14 NA
14270 14 NA
14271 14 NA
14272 14 NA
14273 14 NA
14274 14 NA
14275 14 NA
14276 14 NA
14277 14 NA
14278 14 NA
14279 13 NA
14280 13 NA
14281 13 NA
14282 13 NA
14283 13 NA
14284 13 NA
14285 13 NA
14286 13 NA
14287 13 NA
14288 13 NA
14289 13 NA
14290 13 NA
14291 13 NA
14292 14 NA
14293 14 NA
14294 14 NA
14295 14 NA
14296 14 NA
14297 14 NA
14298 14 NA
14299 14 NA
14300 14 NA
14301 14 NA
14302 14 NA
14303 14 NA
14304 14 NA
14305 14 NA
14306 14 NA
14307 13 NA
14308 13 NA
14309 14 NA
14310 14 NA
14311 13 NA
14312 13 NA
14313 13 NA
14314 13 NA
14315 13 NA
14316 13 NA
14317 13 NA
14318 13 NA
14319 13 NA
14320 13 NA
14321 13 NA
14322 13 NA
14323 13 NA
14324 13 NA
14325 13 NA
14326 13 NA
14327 13 NA
14328 13 NA
14329 13 NA
14330 13 NA
14331 13 NA
14332 13 NA
14333 13 NA
14334 13 NA
14335 13 NA
14336 13 NA
14337 13 NA
14338 13 NA
14339 13 NA
14340 13 NA
14341 13 NA
14342 13 NA
14343 13 NA
14344 13 NA
14345 13 NA
14346 13 NA
14347 13 NA
14348 13 NA
14349 13 NA
14350 13 NA
14351 13 NA
14352 14 NA
14353 13 NA
14354 13 NA
14355 13 NA
14356 13 NA
14357 13 NA
14358 13 NA
14359 14 NA
14360 14 NA
14361 13 NA
14362 13 NA
14363 13 NA
14364 13 NA
14365 13 NA
14366 13 NA
14367 13 NA
14368 13 NA
14369 13 NA
14370 13 NA
14371 13 NA
14372 13 NA
14373 13 NA
14374 13 NA
14375 13 NA
14376 13 NA
14377 13 NA
14378 13 NA
14379 13 NA
14380 13 NA
14381 13 NA
14382 13 NA
14383 13 NA
14384 13 NA
14385 13 NA
14386 13 NA
14387 13 NA
14388 13 NA
14389 13 NA
14390 13 NA
14391 13 NA
14392 13 NA
14393 13 NA
14394 13 NA
14395 13 NA
14396 13 NA
14397 13 NA
14398 13 NA
14399 13 NA
14400 13 NA
14401 13 NA
14402 13 NA
14403 14 NA
14404 13 NA
14405 13 NA
14406 13 NA
14407 13 NA
14408 13 NA
14409 13 NA
14410 13 NA
14411 14 NA
14412 13 NA
14413 13 NA
14414 13 NA
14415 13 NA
14416 14 NA
14417 13 NA
14418 13 NA
14419 13 NA
14420 13 NA
14421 13 NA
14422 13 NA
14423 13 NA
14424 13 NA
14425 13 NA
14426 13 NA
14428 14 NA
14429 14 NA
14430 14 NA
14431 14 NA
14432 13 NA
14433 13 NA
14434 13 NA
14435 13 NA
14436 13 NA
14437 13 NA
14438 14 NA
14439 13 NA
14440 13 NA
14441 14 NA
14442 14 NA
14443 14 NA
14444 14 NA
14445 14 NA
14446 14 NA
14447 14 NA
14448 14 NA
14449 13 NA
14450 14 NA
14451 13 NA
14452 13 NA
14453 13 NA
14454 13 NA
14455 13 NA
14456 13 NA
14457 13 NA
14458 13 NA
14459 13 NA
14460 13 NA
14461 13 NA
14462 13 NA
14463 13 NA
14464 13 NA
14465 13 NA
14466 13 NA
14467 13 NA
14468 13 NA
14469 13 NA
14470 13 NA
14471 13 NA
14472 13 NA
14473 13 NA
14474 13 NA
14475 13 NA
14476 13 NA
14477 14 NA
14478 14 NA
14479 14 NA
14480 14 NA
14481 14 NA
14482 14 NA
14483 14 NA
14484 14 NA
14485 14 NA
14486 14 NA
14487 14 NA
14488 13 NA
14489 13 NA
14490 13 NA
14491 13 NA
14492 13 NA
14493 13 NA
14494 12 NA
14495 12 NA
14496 12 NA
14497 11 NA
14498 11 NA
14499 11 NA
14500 11 NA
14501 9 NA
14502 9 NA
14503 9 NA
14504 9 NA
14505 9 NA
14506 9 NA
14507 8 NA
14508 7 NA
14509 7 NA
14510 7 NA
14511 7 NA
14512 6 NA
14513 6 NA
14514 6 NA
14515 6 NA
14516 6 NA
14517 6 NA
14518 6 NA
14519 6 NA
14520 6 NA
14521 6 NA
14522 6 NA
14523 6 NA
14524 6 NA
14525 6 NA
14526 6 NA
14527 6 NA
14528 7 NA
14529 7 NA
14530 7 NA
14531 7 NA
14532 6 NA
14533 6 NA
14534 6 NA
14535 6 NA
14536 6 NA
14537 6 NA
14538 6 NA
14539 6 NA
14540 6 NA
14541 6 NA
14542 6 NA
14543 7 NA
14544 7 NA
14545 6 NA
14546 6 NA
14547 6 NA
14548 6 NA
14549 6 NA
14550 6 NA
14551 6 NA
14552 6 NA
14553 6 NA
14554 6 NA
14555 6 NA
14556 6 NA
14557 6 NA
14558 6 NA
14559 6 NA
14560 6 NA
14561 6 NA
14562 7 NA
14563 7 NA
14564 7 NA
14565 8 NA
14566 7 NA
14567 7 NA
14568 7 NA
14569 7 NA
14570 6 NA
14571 6 NA
14572 7 NA
14573 7 NA
14574 7 NA
14575 8 NA
14576 8 NA
14577 8 NA
14578 9 NA
14579 9 NA
14580 9 NA
14581 10 NA
14582 10 NA
14583 10 NA
14584 10 NA
14585 11 NA
14586 11 NA
14587 11 NA
14588 11 NA
14589 11 NA
14590 11 NA
14591 11 NA
14592 10 NA
14593 10 NA
14594 10 NA
14595 8 NA
14596 8 NA
14597 7 NA
14598 7 NA
14599 7 NA
14600 7 NA
14601 7 NA
14602 8 NA
14603 8 NA
14604 9 NA
14605 9 NA
14606 9 NA
14607 9 NA
14608 9 NA
14609 9 NA
14610 10 NA
14611 10 NA
14612 10 NA
14613 10 NA
14614 11 NA
14615 11 NA
14616 11 NA
14617 11 NA
14618 11 NA
14619 11 NA
14620 11 NA
14621 10 NA
14622 10 NA
14623 10 NA
14624 10 NA
14625 10 NA
14626 10 NA
14627 10 NA
14628 10 NA
14629 10 NA
14630 10 NA
14631 10 NA
14632 10 NA
14633 10 NA
14634 10 NA
14635 10 NA
14636 10 NA
14637 9 NA
14638 9 NA
14639 9 NA
14640 9 NA
14641 9 NA
14642 9 NA
14643 9 NA
14644 9 NA
14645 9 NA
14646 9 NA
14647 9 NA
14648 10 NA
14649 10 NA
14650 11 NA
14651 12 NA
14652 12 NA
14653 12 NA
14654 11 NA
14655 11 NA
14656 11 NA
14657 10 NA
14658 9 NA
14659 9 NA
14660 9 NA
14661 10 NA
14662 11 NA
14663 11 NA
14664 12 NA
14665 13 NA
14666 14 NA
14667 14 NA
14668 14 NA
14669 15 NA
14670 16 NA
14671 16 NA
14672 17 NA
14673 17 NA
14674 17 NA
14675 17 NA
14676 18 NA
14677 19 NA
14678 19 NA
14679 20 NA
14680 20 NA
14681 20 NA
14682 21 NA
14683 21 NA
14684 21 NA
14685 23 NA
14686 24 NA
14687 26 NA
14688 28 NA
14689 28 NA
14690 30 NA
14691 31 NA
14692 31 NA
14693 31 NA
14694 31 NA
14695 31 NA
14696 30 NA
14697 30 NA
14698 30 NA
14699 30 NA
14700 31 NA
14701 33 NA
14702 32 NA
14703 33 NA
14704 33 NA
14705 37 NA
14706 37 NA
14707 38 NA
14708 42 NA
14709 42 NA
14710 44 NA
14711 45 NA
14712 51 NA
14713 51 NA
14714 53 NA
14715 59 NA
14716 59 NA
14717 65 NA
14718 69 NA
14719 69 NA
14720 76 NA
14721 76 NA
14722 84 NA
14723 84 NA
14724 89 NA
14725 94 NA
14726 99 NA
14727 110 NA
14728 110 NA
14729 115 NA
14730 121 NA
14731 125 NA
14732 124 NA
14733 124 NA
14734 111 NA
14735 111 NA
14736 115 NA
14737 115 NA
14738 117 NA
14739 117 NA
14740 123 NA
14741 122 NA
14742 125 NA
14743 128 NA
14744 129 NA
14745 129 NA
14746 126 NA
14747 119 NA
14748 111 NA
14749 111 NA
14750 107 NA
14751 103 NA
14752 97 NA
14753 92 NA
14754 87 NA
14755 75 NA
14756 75 NA
14757 71 NA
14758 63 NA
14759 59 NA
14760 56 NA
14761 56 NA
14762 51 NA
14763 51 NA
14764 48 NA
14765 45 NA
14766 42 NA
14767 39 NA
14768 38 NA
14769 36 NA
14770 35 NA
14771 36 NA
14772 36 NA
14773 37 NA
14774 38 NA
14775 36 NA
14776 35 NA
14777 35 NA
14778 30 NA
14779 30 NA
14780 27 NA
14781 25 NA
14782 25 NA
14783 25 NA
14784 26 NA
14785 26 NA
14786 27 NA
14787 26 NA
14788 25 NA
14789 23 NA
14790 22 NA
14791 22 NA
14792 21 NA
14793 19 NA
14794 19 NA
14795 19 NA
14796 19 NA
14797 18 NA
14798 18 NA
14799 17 NA
14800 17 NA
14801 16 NA
14802 16 NA
14803 15 NA
14804 15 NA
14805 16 NA
14806 16 NA
14807 15 NA
14808 16 NA
14809 16 NA
14810 16 NA
14811 16 NA
14812 18 NA
14813 18 NA
14814 18 NA
14815 18 NA
14816 19 NA
14817 20 NA
14818 21 NA
14819 22 NA
14820 22 NA
14821 23 NA
14822 25 NA
14823 28 NA
14824 28 NA
14825 29 NA
14826 31 NA
14827 33 NA
14828 35 NA
14829 37 NA
14830 39 NA
14831 41 NA
14832 47 NA
14833 47 NA
14834 47 NA
14835 50 NA
14836 50 NA
14837 54 NA
14838 55 NA
14839 55 NA
14840 52 NA
14841 52 NA
14842 54 NA
14843 53 NA
14844 56 NA
14845 59 NA
14846 61 NA
14847 61 NA
14848 62 NA
14849 62 NA
14850 63 NA
14851 69 NA
14852 73 NA
14853 73 NA
14854 77 NA
14855 81 NA
14856 85 NA
14857 90 NA
14858 90 NA
14859 100 NA
14860 100 NA
14861 100 NA
14862 98 NA
14863 102 NA
14864 108 NA
14865 114 NA
14866 120 NA
14867 120 NA
14868 122 NA
14869 129 NA
14870 139 NA
14871 139 NA
14872 143 NA
14873 143 NA
14874 155 NA
14875 155 NA
14876 163 NA
14877 172 NA
14878 178 NA
14879 189 NA
14880 199 NA
14881 199 NA
14882 209 NA
14883 209 NA
14884 220 NA
14885 231 NA
14886 237 NA
14887 248 NA
14888 261 NA
14889 272 NA
14890 279 NA
14891 279 NA
14892 292 NA
14893 307 NA
14894 307 NA
14895 322 NA
14896 339 NA
14897 372 NA
14898 372 NA
14899 391 NA
14900 400 NA
14901 413 NA
14902 413 NA
14903 407 NA
14904 407 NA
14905 397 NA
14906 370 NA
14907 346 NA
14908 346 NA
14909 330 NA
14910 305 NA
14911 275 NA
14912 268 NA
14913 256 NA
14914 247 NA
14915 247 NA
14916 239 NA
14917 224 NA
14918 216 NA
14920 203 NA
14921 182 NA
14922 182 NA
14923 182 NA
14924 178 NA
14925 168 NA
14926 161 NA
14927 153 NA
14928 139 NA
14929 139 NA
14930 134 NA
14931 134 NA
14932 127 NA
14933 122 NA
14934 111 NA
14935 111 NA
14936 113 NA
14937 116 NA
14938 118 NA
14939 115 NA
14940 118 NA
14941 128 NA
14942 128 NA
14943 134 NA
14944 130 NA
14945 127 NA
14946 127 NA
14947 125 NA
14948 120 NA
14949 122 NA
14950 122 NA
14951 130 NA
14952 130 NA
14953 130 NA
14954 129 NA
14955 123 NA
14956 124 NA
14957 121 NA
14958 114 NA
14959 108 NA
14960 98 NA
14961 98 NA
14962 91 NA
14963 91 NA
14964 90 NA
14965 82 NA
14966 79 NA
14967 77 NA
14968 77 NA
14969 78 NA
14970 80 NA
14971 79 NA
14972 75 NA
14973 73 NA
14974 72 NA
14975 72 NA
14976 75 NA
14979 80 NA
14981 85 NA
14983 88 NA
14984 85 NA
14985 82 NA
14986 75 NA
14987 75 NA
14990 74 NA
14991 73 NA
14992 70 NA
14995 68 NA
14996 69 NA
14997 67 NA
14998 65 NA
15000 63 NA
15001 62 NA
15003 58 NA
15005 55 NA
15007 51 NA
15008 44 NA
15011 40 NA
15012 38 NA
15013 35 NA
15014 35 NA
15016 34 NA
15018 32 NA
15019 31 NA
15020 31 NA
15022 30 NA
15023 29 NA
15025 27 NA
15028 29 NA
15029 31 NA
15031 33 NA
15032 34 NA
15033 37 NA
15035 39 NA
15036 43 NA
15037 43 NA
15038 40 NA
15039 38 NA
15040 36 NA
15042 34 NA
15044 39 NA
15046 40 NA
15047 39 NA
15048 39 NA
15050 41 NA
15052 39 NA
15054 38 NA
15055 40 NA
15058 42 NA
15060 46 NA
15061 45 NA
15063 44 NA
15064 48 NA
15066 51 NA
15067 53 NA
15068 54 NA
15070 55 NA
15072 49 NA
15073 48 NA
15074 46 NA
15076 47 NA
15078 47 NA
15080 50 NA
15081 51 NA
15082 52 NA
15084 47 NA
15085 44 NA
15086 43 NA
15087 41 NA
15088 40 NA
15089 41 NA
15090 40 NA
15091 41 NA
15093 43 NA
15094 41 NA
15095 42 NA
15096 43 NA
15097 45 NA
15098 46 NA
15101 45 NA
15103 44 NA
15104 42 NA
15106 41 NA
15107 42 NA
15109 41 NA
15110 40 NA
15112 37 NA
15114 35 NA
15115 31 NA
15116 29 NA
15119 26 NA
15120 24 NA
15121 22 NA
15122 20 NA
15124 21 NA
15125 22 NA
15126 23 NA
15128 24 NA
15130 26 NA
15131 28 NA
15132 30 NA
15133 30 NA
15135 31 NA
15136 31 NA
15137 32 NA
15138 33 NA
15140 36 NA
15143 35 NA
15145 35 NA
15149 33 NA
15150 32 NA
15151 31 NA
15154 32 NA
15157 32 NA
15159 31 NA
15160 33 NA
15162 36 NA
15164 37 NA
15165 38 NA
15166 39 NA
15168 40 NA
15170 45 NA
15172 42 NA
15173 41 NA
15177 38 NA
15178 39 NA
15179 41 NA
15182 47 NA
15184 51 NA
15185 52 NA
15186 55 NA
15187 60 NA
15189 61 NA
15191 67 NA
15193 72 NA
15194 72 NA
15196 83 NA
15197 86 NA
15199 92 NA
15204 100 NA
15207 110 NA
15208 116 NA
15210 129 NA
15212 136 NA
15214 151 NA
15215 156 NA
15217 162 NA
15219 180 NA
15220 187 NA
15221 187 NA
15222 192 NA
15224 207 NA
15226 193 NA
15227 186 NA
15228 179 NA
15229 170 NA
15231 158 NA
15232 151 NA
15233 150 NA
15235 134 NA
15238 123 NA
15240 112 NA
15242 102 NA
15243 97 NA
15244 89 NA
15247 81 NA
15248 74 NA
15249 74 NA
15250 70 NA
15252 65 NA
15254 62 NA
15256 60 NA
15257 57 NA
15258 55 NA
15264 52 NA
15266 53 NA
15268 49 NA
15270 44 NA
15271 41 NA
15273 36 NA
15275 36 NA
15277 35 NA
15280 36 NA
15281 35 NA
15283 35 NA
15284 34 NA
15285 33 NA
15287 31 NA
15291 30 NA
15294 29 NA
15295 28 NA
15297 28 NA
15299 26 NA
15302 30 NA
15303 30 NA
15304 26 NA
15306 24 NA
15307 24 NA
15308 23 NA
15310 22 NA
15312 23 NA
15313 24 NA
15314 25 NA
15315 25 NA
15316 26 NA
15317 26 NA
15318 27 NA
15319 29 NA
15320 31 NA
15321 31 NA
15322 33 NA
15323 33 NA
15324 35 NA
15325 35 NA
15326 36 NA
15328 36 NA
15329 35 NA
15330 37 NA
15331 37 NA
15332 39 NA
15334 39 NA
15335 41 NA
15336 43 NA
15337 43 NA
15338 45 NA
15339 46 NA
15340 46 NA
15341 44 NA
15342 43 NA
15343 43 NA
15344 43 NA
15345 45 NA
15346 45 NA
15347 46 NA
15348 46 NA
15349 48 NA
15350 48 NA
15351 50 NA
15352 50 NA
15353 50 NA
15354 49 NA
15355 50 NA
15356 48 NA
15357 45 NA
15358 45 NA
15359 46 NA
15360 48 NA
15361 50 NA
15362 53 NA
15363 54 NA
15364 54 NA
15365 54 NA
15366 53 NA
15367 56 NA
15368 59 NA
15369 60 NA
15370 60 NA
15371 60 NA
15372 60 NA
15373 60 NA
15374 61 NA
15375 62 NA
15376 62 NA
15377 62 NA
15378 62 NA
15379 65 NA
15380 65 NA
15381 65 NA
15382 65 NA
15383 64 NA
15384 64 NA
15385 65 NA
15386 65 NA
15387 65 NA
15388 65 NA
15389 65 NA
15390 65 NA
15391 65 NA
15392 62 NA
15393 62 NA
15394 65 NA
15395 63 NA
15396 63 NA
15397 59 NA
15398 59 NA
15399 56 NA
15400 56 NA
15401 56 NA
15402 59 NA
15403 62 NA
15404 65 NA
15405 65 NA
15406 68 NA
15407 68 NA
15408 70 NA
15409 71 NA
15410 71 NA
15411 72 NA
15412 72 NA
15413 75 NA
15414 77 NA
15415 77 NA
15416 75 NA
15417 76 NA
15418 76 NA
15419 74 NA
15420 74 NA
15421 74 NA
15422 74 NA
15423 73 NA
15424 73 NA
15425 72 NA
15426 72 NA
15427 71 NA
15428 71 NA
15429 71 NA
15430 71 NA
15431 70 NA
15432 70 NA
15433 71 NA
15434 71 NA
15435 73 NA
15436 77 NA
15437 77 NA
15438 81 NA
15439 81 NA
15440 85 NA
15441 85 NA
15442 90 NA
15443 90 NA
15444 91 NA
15445 91 NA
15446 95 NA
15447 95 NA
15448 96 NA
15449 96 NA
15450 101 NA
15451 107 NA
15452 107 NA
15453 112 NA
15454 112 NA
15455 112 NA
15456 107 NA
15457 107 NA
15458 101 NA
15459 101 NA
15460 95 NA
15461 95 NA
15462 90 NA
15463 90 NA
15464 85 NA
15465 80 NA
15466 80 NA
15467 77 NA
15468 77 NA
15469 77 NA
15470 80 NA
15471 80 NA
15472 80 NA
15473 84 NA
15474 84 NA
15475 88 NA
15476 88 NA
15477 88 NA
15478 91 NA
15479 91 NA
15480 87 NA
15481 87 NA
15482 85 NA
15483 85 NA
15484 90 NA
15485 90 NA
15486 89 NA
15487 89 NA
15488 92 NA
15489 92 NA
15490 95 NA
15491 95 NA
15492 97 NA
15493 97 NA
15494 97 NA
15495 95 NA
15496 95 NA
15497 97 NA
15498 97 NA
15499 99 NA
15500 102 NA
15501 102 NA
15502 108 NA
15503 106 NA
15504 106 NA
15505 100 NA
15506 96 NA
15507 91 NA
15508 91 NA
15509 86 NA
15510 82 NA
15511 78 NA
15512 79 NA
15513 77 NA
15514 78 NA
15515 78 NA
15516 78 NA
15517 79 NA
15518 79 NA
15519 79 NA
15520 79 NA
15521 78 NA
15522 77 NA
15523 76 NA
15524 76 NA
15525 73 NA
15526 73 NA
15527 70 NA
15528 70 NA
15529 67 NA
15530 64 NA
15531 61 NA
15532 58 NA
15533 55 NA
15534 53 NA
15535 50 NA
15536 50 NA
15537 49 NA
15538 49 NA
15539 48 NA
15540 48 NA
15541 46 NA
15542 48 NA
15543 48 NA
15544 50 NA
15545 48 NA
15546 45 NA
15547 43 NA
15548 43 NA
15549 42 NA
15550 41 NA
15551 41 NA
15552 38 NA
15553 38 NA
15554 40 NA
15555 40 NA
15556 42 NA
15557 42 NA
15558 45 NA
15559 45 NA
15560 48 NA
15561 48 NA
15562 51 NA
15563 53 NA
15564 53 NA
15565 55 NA
15566 55 NA
15567 57 NA
15568 57 NA
15569 60 NA
15570 63 NA
15571 63 NA
15572 63 NA
15573 63 NA
15574 65 NA
15575 65 NA
15576 68 NA
15577 68 NA
15578 72 NA
15579 72 NA
15580 69 NA
15581 69 NA
15582 71 NA
15583 71 NA
15584 68 NA
15585 66 NA
15586 66 NA
15587 68 NA
15588 68 NA
15589 68 NA
15590 70 NA
15591 70 NA
15592 71 NA
15593 71 NA
15594 71 NA
15595 71 NA
15596 71 NA
15597 74 NA
15598 74 NA
15599 75 NA
15600 75 NA
15601 75 NA
15602 75 NA
15603 75 NA
15604 74 NA
15605 74 NA
15606 75 NA
15607 75 NA
15608 75 NA
15609 79 NA
15610 79 NA
15611 79 NA
15612 81 NA
15613 81 NA
15614 83 NA
15615 83 NA
15616 83 NA
15617 87 NA
15618 87 NA
15619 91 NA
15620 91 NA
15621 91 NA
15622 95 NA
15623 95 NA
15624 95 NA
15625 100 NA
15626 100 NA
15627 105 NA
15628 105 NA
15629 111 NA
15630 111 NA
15631 117 NA
15632 117 NA
15633 117 NA
15634 123 NA
15635 123 NA
15636 124 NA
15637 124 NA
15638 124 NA
15639 129 NA
15640 129 NA
15641 128 NA
15642 128 NA
15643 123 NA
15644 123 NA
15645 119 NA
15646 119 NA
15647 117 NA
15648 117 NA
15649 113 NA
15650 114 NA
15651 114 NA
15652 115 NA
15653 116 NA
15654 116 NA
15655 117 NA
15656 117 NA
15657 118 NA
15658 118 NA
15659 118 NA
15660 121 NA
15661 121 NA
15662 121 NA
15663 125 NA
15664 125 NA
15665 125 NA
15666 130 NA
15667 130 NA
15668 130 NA
15669 129 NA
15670 129 NA
15671 130 NA
15672 130 NA
15673 130 NA
15674 130 NA
15675 135 NA
15676 135 NA
15677 137 NA
15678 137 NA
15679 137 NA
15680 137 NA
15681 137 NA
15682 137 NA
15683 143 NA
15684 143 NA
15685 143 NA
15686 137 NA
15687 137 NA
15688 137 NA
15689 135 NA
15690 135 NA
15691 135 NA
15692 136 NA
15693 136 NA
15694 136 NA
15695 136 NA
15696 136 NA
15697 136 NA
15698 139 NA
15699 139 NA
15700 143 NA
15701 143 NA
15702 143 NA
15703 136 NA
15704 136 NA
15705 130 NA
15706 130 NA
15707 124 NA
15708 124 NA
15709 124 NA
15710 118 NA
15711 118 NA
15712 114 NA
15713 114 NA
15714 114 NA
15715 109 NA
15716 109 NA
15717 109 NA
15718 103 NA
15719 103 NA
15720 103 NA
15721 98 NA
15722 98 NA
15723 98 NA
15724 95 NA
15725 95 NA
15726 95 NA
15727 91 NA
15728 91 NA
15729 91 NA
15730 88 NA
15731 88 NA
15732 85 NA
15733 85 NA
15734 85 NA
15735 83 NA
15736 83 NA
15737 83 NA
15738 86 NA
15739 86 NA
15740 86 NA
15741 86 NA
15742 83 NA
15743 83 NA
15744 83 NA
15745 81 NA
15746 81 NA
15747 81 NA
15748 84 NA
15749 84 NA
15750 84 NA
15751 84 NA
15752 84 NA
15753 82 NA
15754 82 NA
15755 82 NA
15756 83 NA
15757 83 NA
15758 83 NA
15759 86 NA
15760 86 NA
15761 91 NA
15762 91 NA
15763 91 NA
15764 96 NA
15765 96 NA
15766 93 NA
15767 93 NA
15768 93 NA
15769 98 NA
15770 98 NA
15771 98 NA
15772 99 NA
15773 99 NA
15774 96 NA
15775 96 NA
15776 96 NA
15777 97 NA
15778 97 NA
15779 97 NA
15780 100 NA
15781 100 NA
15782 100 NA
15783 100 NA
15784 100 NA
15785 105 NA
15786 105 NA
15787 105 NA
15788 111 NA
15789 111 NA
15790 112 NA
15791 112 NA
15792 112 NA
15793 111 NA
15794 111 NA
15795 113 NA
15796 113 NA
15797 113 NA
15798 113 NA
15799 113 NA
15800 113 NA
15801 112 NA
15802 112 NA
15803 112 NA
15804 112 NA
15805 108 NA
15806 108 NA
15807 108 NA
15808 104 NA
15809 104 NA
15810 100 NA
15811 100 NA
15812 100 NA
15813 101 NA
15814 101 NA
15815 104 NA
15816 104 NA
15817 104 NA
15818 104 NA
15819 106 NA
15820 106 NA
15821 106 NA
15822 106 NA
15823 107 NA
15824 107 NA
15825 107 NA
15826 107 NA
15827 107 NA
15828 107 NA
15829 108 NA
15830 108 NA
15831 108 NA
15832 104 NA
15833 104 NA
15834 104 NA
15835 105 NA
15836 105 NA
15837 105 NA
15838 105 NA
15839 105 NA
15840 105 NA
15841 103 NA
15842 103 NA
15843 103 NA
15844 99 NA
15845 99 NA
15846 99 NA
15847 97 NA
15848 97 NA
15849 97 NA
15850 97 NA
15851 97 NA
15852 97 NA
15853 97 NA
15854 95 NA
15855 95 NA
15856 95 NA
15857 91 NA
15858 91 NA
15859 91 NA
15860 90 NA
15861 90 NA
15862 90 NA
15863 93 NA
15864 93 NA
15865 93 NA
15866 91 NA
15867 91 NA
15868 96 NA
15869 96 NA
15870 96 NA
15871 101 NA
15872 101 NA
15873 101 NA
15874 106 NA
15875 106 NA
15876 106 NA
15877 111 NA
15878 111 NA
15879 111 NA
15880 112 NA
15881 112 NA
15882 112 NA
15883 113 NA
15884 113 NA
15885 113 NA
15886 116 NA
15887 116 NA
15888 121 NA
15889 121 NA
15890 121 NA
15891 128 NA
15892 128 NA
15893 135 NA
15894 135 NA
15895 135 NA
15896 142 NA
15897 142 NA
15898 142 NA
15899 150 NA
15900 150 NA
15901 150 NA
15902 158 NA
15903 161 NA
15904 164 NA
15905 167 NA
15906 169 NA
15907 172 NA
15908 175 NA
15909 175 NA
15910 175 NA
15911 175 NA
15912 167 NA
15913 167 NA
15914 167 NA
15915 158 NA
15916 158 NA
15917 153 NA
15918 153 NA
15919 153 NA
15920 161 NA
15921 161 NA
15922 161 NA
15923 170 NA
15924 170 NA
15925 170 NA
15926 170 NA
15927 179 NA
15928 179 NA
15929 179 NA
15930 179 NA
15931 188 NA
15932 188 NA
15933 188 NA
15934 188 NA
15935 198 NA
15936 198 NA
15937 198 NA
15938 189 NA
15939 189 NA
15940 189 NA
15941 189 NA
15942 179 NA
15943 179 NA
15944 179 NA
15945 171 NA
15946 171 NA
15947 171 NA
15948 171 NA
15949 171 NA
15950 178 NA
15951 178 NA
15952 178 NA
15953 178 NA
15954 178 NA
15955 178 NA
15956 180 NA
15957 180 NA
15958 180 NA
15959 180 NA
15960 180 NA
15961 180 NA
15962 189 NA
15963 189 NA
15964 189 NA
15965 189 NA
15966 189 NA
15967 189 NA
15968 199 NA
15969 199 NA
15970 199 NA
15971 199 NA
15972 199 NA
15973 199 NA
15974 206 NA
15975 206 NA
15976 206 NA
15977 206 NA
15978 206 NA
15979 206 NA
15980 215 NA
15981 215 NA
15982 215 NA
15983 215 NA
15984 215 NA
15985 215 NA
15986 214 NA
15987 212 NA
15988 211 NA
15989 209 NA
15990 208 NA
15991 206 NA
15992 205 NA
15993 203 NA
15994 203 NA
15995 203 NA
15996 203 NA
15997 195 NA
15998 195 NA
15999 195 NA
16000 195 NA
16001 195 NA
16002 195 NA
16003 195 NA
16004 195 NA
16005 195 NA
16006 195 NA
16007 195 NA
16008 190 NA
16009 190 NA
16010 190 NA
16011 190 NA
16012 190 NA
16013 190 NA
16014 182 NA
16015 182 NA
16016 182 NA
16017 182 NA
16018 182 NA
16019 182 NA
16020 177 NA
16021 177 NA
16022 177 NA
16023 177 NA
16024 177 NA
16025 176 NA
16026 176 NA
16027 176 NA
16028 176 NA
16029 176 NA
16030 171 NA
16031 171 NA
16032 171 NA
16033 171 NA
16034 171 NA
16035 169 NA
16036 167 NA
16037 165 NA
16038 164 NA
16039 162 NA
16040 160 NA
16041 158 NA
16042 158 NA
16043 158 NA
16044 154 NA
16045 154 NA
16046 154 NA
16047 154 NA
16048 161 NA
16049 161 NA
16050 161 NA
16051 161 NA
16052 161 NA
16053 159 NA
16054 159 NA
16055 159 NA
16056 159 NA
16057 159 NA
16058 153 NA
16059 153 NA
16060 153 NA
16061 153 NA
16062 149 NA
16063 149 NA
16064 149 NA
16065 145 NA
16066 145 NA
16067 145 NA
16068 140 NA
16069 140 NA
16070 140 NA
16071 140 NA
16072 134 NA
16073 134 NA
16074 134 NA
16075 134 NA
16076 129 NA
16077 129 NA
16078 129 NA
16079 129 NA
16080 126 NA
16081 126 NA
16082 126 NA
16083 126 NA
16084 121 NA
16085 121 NA
16086 121 NA
16087 121 NA
16088 117 NA
16089 117 NA
16090 117 NA
16091 113 NA
16092 113 NA
16093 113 NA
16094 109 NA
16095 109 NA
16096 109 NA
16097 105 NA
16098 105 NA
16099 105 NA
16100 101 NA
16101 101 NA
16102 101 NA
16103 97 NA
16104 97 NA
16105 97 NA
16106 93 NA
16107 93 NA
16108 93 NA
16109 96 NA
16110 96 NA
16111 96 NA
16112 96 NA
16113 101 NA
16114 101 NA
16115 101 NA
16116 101 NA
16117 105 NA
16118 105 NA
16119 105 NA
16120 105 NA
16121 104 NA
16122 104 NA
16123 104 NA
16124 104 NA
16125 104 NA
16126 104 NA
16127 104 NA
16128 104 NA
16129 104 NA
16130 110 NA
16131 110 NA
16132 110 NA
16133 110 NA
16134 110 NA
16135 114 NA
16136 114 NA
16137 114 NA
16138 114 NA
16139 115 NA
16140 115 NA
16141 115 NA
16142 115 NA
16143 115 NA
16144 119 NA
16145 119 NA
16146 119 NA
16147 119 NA
16148 119 NA
16149 123 NA
16150 123 NA
16151 123 NA
16152 123 NA
16153 128 NA
16154 128 NA
16155 128 NA
16156 128 NA
16157 128 NA
16158 135 NA
16159 135 NA
16160 135 NA
16161 135 NA
16162 141 NA
16163 141 NA
16164 141 NA
16165 141 NA
16166 141 NA
16167 141 NA
16168 141 NA
16169 141 NA
16170 141 NA
16171 141 NA
16172 136 NA
16173 136 NA
16174 136 NA
16175 136 NA
16176 129 NA
16177 129 NA
16178 129 NA
16179 127 NA
16180 127 NA
16181 127 NA
16182 127 NA
16183 133 NA
16184 133 NA
16185 133 NA
16186 133 NA
16187 133 NA
16188 140 NA
16189 140 NA
16190 140 NA
16191 140 NA
16192 140 NA
16193 147 NA
16194 147 NA
16195 147 NA
16196 147 NA
16197 147 NA
16198 155 NA
16199 155 NA
16200 155 NA
16201 155 NA
16202 159 NA
16203 162 NA
16204 162 NA
16205 162 NA
16206 162 NA
16207 162 NA
16208 171 NA
16209 171 NA
16210 171 NA
16211 171 NA
16212 171 NA
16213 171 NA
16214 180 NA
16215 180 NA
16216 180 NA
16217 180 NA
16218 180 NA
16219 189 NA
16220 189 NA
16221 189 NA
16222 189 NA
16223 189 NA
16224 199 NA
16225 199 NA
16226 199 NA
16227 199 NA
16228 199 NA
16229 209 NA
16230 209 NA
16231 209 NA
16232 209 NA
16233 220 NA
16234 220 NA
16235 220 NA
16236 220 NA
16237 223 NA
16238 223 NA
16239 223 NA
16240 223 NA
16241 227 NA
16242 227 NA
16243 227 NA
16244 227 NA
16245 224 NA
16246 224 NA
16247 224 NA
16248 234 NA
16249 234 NA
16250 234 NA
16251 234 NA
16252 246 NA
16253 246 NA
16254 246 NA
16255 247 NA
16256 247 NA
16257 247 NA
16258 247 NA
16259 259 NA
16260 259 NA
16261 259 NA
16262 259 NA
16263 270 NA
16264 270 NA
16265 270 NA
16266 270 NA
16267 270 NA
16268 270 NA
16269 270 NA
16270 270 NA
16271 270 NA
16272 270 NA
16273 270 NA
16274 282 NA
16275 282 NA
16276 282 NA
16277 282 NA
16278 296 NA
16279 296 NA
16280 296 NA
16281 300 NA
16282 300 NA
16283 300 NA
16284 300 NA
16285 312 NA
16286 312 NA
16287 312 NA
16288 312 NA
16289 316 NA
16290 316 NA
16291 316 NA
16292 316 NA
16293 317 NA
16294 317 NA
16295 317 NA
16296 322 NA
16297 322 NA
16298 322 NA
16299 322 NA
16300 332 NA
16301 332 NA
16302 332 NA
16303 332 NA
16304 321 NA
16305 321 NA
16306 321 NA
16307 321 NA
16308 317 NA
16309 317 NA
16310 317 NA
16311 317 NA
16312 315 NA
16313 315 NA
16314 315 NA
16315 315 NA
16316 314 NA
16317 314 NA
16318 314 NA
16319 314 NA
16320 314 NA
16321 315 NA
16322 315 NA
16323 315 NA
16324 315 NA
16325 315 NA
16326 315 NA
16327 301 NA
16328 301 NA
16329 301 NA
16330 301 NA
16331 301 NA
16332 289 NA
16333 289 NA
16334 289 NA
16335 289 NA
16336 279 NA
16337 279 NA
16338 279 NA
16339 279 NA
16340 269 NA
16341 269 NA
16342 269 NA
16343 269 NA
16344 258 NA
16345 258 NA
16346 258 NA
16347 258 NA
16348 249 NA
16349 249 NA
16350 249 NA
16351 249 NA
16352 249 NA
16353 240 NA
16354 240 NA
16355 240 NA
16356 240 NA
16357 236 NA
16358 236 NA
16359 236 NA
16360 236 NA
16361 236 NA
16362 241 NA
16363 241 NA
16364 241 NA
16365 241 NA
16366 232 NA
16367 232 NA
16368 232 NA
16369 232 NA
16370 224 NA
16371 224 NA
16372 224 NA
16373 224 NA
16374 224 NA
16375 216 NA
16376 216 NA
16377 216 NA
16378 216 NA
16379 216 NA
16380 208 NA
16381 208 NA
16382 208 NA
16383 208 NA
16384 205 NA
16385 205 NA
16386 205 NA
16387 205 NA
16388 205 NA
16389 212 NA
16390 212 NA
16391 212 NA
16392 212 NA
16393 212 NA
16394 212 NA
16395 215 NA
16396 215 NA
16397 215 NA
16398 215 NA
16399 215 NA
16400 218 NA
16401 218 NA
16402 218 NA
16403 218 NA
16404 224 NA
16405 224 NA
16406 224 NA
16407 224 NA
16408 224 NA
16409 224 NA
16410 230 NA
16411 230 NA
16412 230 NA
16413 230 NA
16414 230 NA
16415 242 NA
16416 242 NA
16417 242 NA
16418 242 NA
16419 242 NA
16420 254 NA
16421 254 NA
16422 254 NA
16423 254 NA
16424 254 NA
16425 267 NA
16426 267 NA
16427 267 NA
16428 267 NA
16429 280 NA
16430 280 NA
16431 280 NA
16432 280 NA
16433 280 NA
16434 272 NA
16435 272 NA
16436 272 NA
16437 272 NA
16438 259 NA
16439 259 NA
16440 259 NA
16441 259 NA
16442 259 NA
16443 259 NA
16444 259 NA
16445 259 NA
16446 267 NA
16447 267 NA
16448 267 NA
16449 267 NA
16450 267 NA
16451 276 NA
16452 276 NA
16453 276 NA
16454 276 NA
16455 277 NA
16456 277 NA
16457 277 NA
16458 277 NA
16459 277 NA
16460 279 NA
16461 279 NA
16462 279 NA
16463 279 NA
16464 279 NA
16465 277 NA
16466 277 NA
16467 277 NA
16468 277 NA
16469 281 NA
16470 281 NA
16471 281 NA
16472 281 NA
16473 281 NA
16474 296 NA
16475 296 NA
16476 296 NA
16477 296 NA
16478 296 NA
16479 311 NA
16480 311 NA
16481 311 NA
16482 311 NA
16483 326 NA
16484 326 NA
16485 326 NA
16486 326 NA
16487 343 NA
16488 343 NA
16489 343 NA
16490 343 NA
16491 343 NA
16492 361 NA
16493 361 NA
16494 361 NA
16495 361 NA
16496 380 NA
16497 380 NA
16498 380 NA
16499 380 NA
16500 380 NA
16501 399 NA
16502 399 NA
16503 399 NA
16504 399 NA
16505 399 NA
16506 419 NA
16507 419 NA
16508 419 NA
16509 419 NA
16510 419 NA
16511 440 NA
16512 440 NA
16513 440 NA
16514 440 NA
16515 440 NA
16516 460 NA
16517 460 NA
16518 460 NA
16519 460 NA
16520 460 NA
16521 460 NA
16522 483 NA
16523 483 NA
16524 483 NA
16525 483 NA
16526 483 NA
16527 508 NA
16528 508 NA
16529 508 NA
16530 508 NA
16531 493 NA
16532 493 NA
16533 493 NA
16534 493 NA
16535 493 NA
16536 471 NA
16537 471 NA
16538 471 NA
16539 471 NA
16540 453 NA
16541 453 NA
16542 453 NA
16543 453 NA
16544 435 NA
16545 435 NA
16546 435 NA
16547 435 NA
16548 435 NA
16549 420 NA
16550 420 NA
16551 420 NA
16552 420 NA
16553 402 NA
16554 402 NA
16555 402 NA
16556 402 NA
16557 385 NA
16558 385 NA
16559 385 NA
16560 385 NA
16561 385 NA
16562 371 NA
16563 371 NA
16564 371 NA
16565 371 NA
16566 357 NA
16567 357 NA
16568 357 NA
16569 357 NA
16570 357 NA
16571 357 NA
16572 344 NA
16573 344 NA
16574 344 NA
16575 344 NA
16576 344 NA
16577 330 NA
16578 330 NA
16579 330 NA
16580 330 NA
16581 330 NA
16582 318 NA
16583 318 NA
16584 318 NA
16585 318 NA
16586 306 NA
16587 306 NA
16588 306 NA
16589 306 NA
16590 306 NA
16591 294 NA
16592 294 NA
16593 294 NA
16594 294 NA
16595 294 NA
16596 283 NA
16597 283 NA
16598 283 NA
16599 283 NA
16600 283 NA
16601 274 NA
16602 274 NA
16603 274 NA
16604 274 NA
16605 274 NA
16606 274 NA
16607 264 NA
16608 264 NA
16609 264 NA
16610 264 NA
16611 264 NA
16612 264 NA
16613 254 NA
16614 254 NA
16615 254 NA
16616 254 NA
16617 254 NA
16618 244 NA
16619 244 NA
16620 244 NA
16621 244 NA
16622 244 NA
16623 244 NA
16624 236 NA
16625 236 NA
16626 236 NA
16627 236 NA
16628 236 NA
16629 236 NA
16630 227 NA
16631 227 NA
16632 227 NA
16633 227 NA
16634 227 NA
16635 218 NA
16636 218 NA
16637 218 NA
16638 218 NA
16639 218 NA
16640 210 NA
16641 210 NA
16642 210 NA
16643 210 NA
16644 203 NA
16645 203 NA
16646 203 NA
16647 203 NA
16648 203 NA
16649 196 NA
16650 196 NA
16651 196 NA
16652 196 NA
16653 196 NA
16654 189 NA
16655 189 NA
16656 189 NA
16657 189 NA
16658 189 NA
16659 189 NA
16660 182 NA
16661 182 NA
16662 174 NA
16663 174 NA
16664 167 NA
16665 160 NA
16666 155 NA
16668 155 NA
16669 155 NA
16670 148 NA
16671 148 NA
16672 148 NA
16673 148 NA
16674 141 NA
16675 141 NA
16676 141 NA
16677 141 NA
16678 136 NA
16679 136 NA
16680 136 NA
16681 136 NA
16682 136 NA
16683 131 NA
16684 131 NA
16685 131 NA
16686 131 NA
16687 131 NA
16688 126 NA
16689 126 NA
16690 126 NA
16691 126 NA
16692 122 NA
16693 122 NA
16694 122 NA
16695 122 NA
16696 122 NA
16697 122 NA
16698 122 NA
16699 118 NA
16700 118 NA
16701 118 NA
16702 118 NA
16703 118 NA
16704 118 NA
16705 113 NA
16706 113 NA
16707 113 NA
16708 113 NA
16709 113 NA
16710 113 NA
16711 113 NA
16712 113 NA
16714 118 NA
16717 118 NA
16719 118 NA
16720 118 NA
16721 118 NA
16722 118 NA
16723 118 NA
16724 118 NA
16725 118 NA
16726 118 NA
16727 118 NA
16728 118 NA
16729 118 NA
16730 118 NA
16731 118 NA
16732 118 NA
16733 118 NA
16734 118 NA
16735 119 NA
16736 119 NA
16737 119 NA
16738 119 NA
16739 119 NA
16740 119 NA
16741 119 NA
16742 114 NA
16743 114 NA
16744 114 NA
16745 114 NA
16746 114 NA
16747 114 NA
16748 114 NA
16749 118 NA
16750 118 NA
16751 118 NA
16752 118 NA
16753 118 NA
16754 118 NA
16755 118 NA
16756 123 NA
16757 123 NA
16759 123 NA
16760 123 NA
16761 123 NA
16762 123 NA
16763 126 NA
16764 126 NA
16765 126 NA
16766 126 NA
16767 126 NA
16768 126 NA
16769 132 NA
16770 132 NA
16771 132 NA
16772 132 NA
16773 132 NA
16774 132 NA
16775 132 NA
16776 132 NA
16777 139 NA
16778 139 NA
16779 139 NA
16780 139 NA
16781 139 NA
16782 145 NA
16783 145 NA
16784 145 NA
16785 145 NA
16786 145 NA
16787 145 NA
16788 145 NA
16789 153 NA
16790 153 NA
16791 153 NA
16792 153 NA
16793 153 NA
16794 160 NA
16795 160 NA
16796 160 NA
16797 160 NA
16798 160 NA
16799 160 NA
16800 168 NA
16801 168 NA
16802 168 NA
16803 168 NA
16804 168 NA
16805 168 NA
16807 175 NA
16808 175 NA
16809 175 NA
16810 175 NA
16811 175 NA
16812 175 NA
16813 177 NA
16814 177 NA
16815 177 NA
16816 177 NA
16817 177 NA
16818 177 NA
16819 182 NA
16820 182 NA
16821 182 NA
16822 182 NA
16823 182 NA
16824 182 NA
16825 190 NA
16826 190 NA
16827 190 NA
16828 190 NA
16829 198 NA
16830 198 NA
16831 198 NA
16832 198 NA
16833 198 NA
16834 207 NA
16835 207 NA
16836 207 NA
16837 207 NA
16838 207 NA
16839 207 NA
16840 215 NA
16841 215 NA
16842 215 NA
16843 215 NA
16844 215 NA
16845 225 NA
16846 225 NA
16847 225 NA
16848 225 NA
16849 225 NA
16850 225 NA
16851 237 NA
16852 237 NA
16853 237 NA
16854 237 NA
16855 237 NA
16856 237 NA
16857 231 NA
16858 231 NA
16859 231 NA
16860 231 NA
16861 231 NA
16862 222 NA
16863 222 NA
16864 222 NA
16865 222 NA
16866 222 NA
16867 222 NA
16869 219 NA
16870 219 NA
16871 219 NA
16872 219 NA
16873 219 NA
16874 229 NA
16875 229 NA
16876 229 NA
16877 229 NA
16878 229 NA
16879 229 NA
16880 239 NA
16881 239 NA
16882 239 NA
16883 239 NA
16884 239 NA
16885 239 NA
16886 251 NA
16887 251 NA
16888 251 NA
16889 251 NA
16890 251 NA
16891 251 NA
16892 256 NA
16893 256 NA
16894 256 NA
16895 256 NA
16896 256 NA
16897 256 NA
16898 262 NA
16899 262 NA
16900 262 NA
16901 262 NA
16902 262 NA
16903 262 NA
16904 264 NA
16905 264 NA
16906 264 NA
16907 264 NA
16908 264 NA
16909 264 NA
16910 263 NA
16911 263 NA
16912 263 NA
16913 263 NA
16914 263 NA
16915 262 NA
16916 262 NA
16917 262 NA
16918 262 NA
16919 262 NA
16920 271 NA
16921 271 NA
16922 271 NA
16923 271 NA
16924 271 NA
16925 271 NA
16926 285 NA
16927 285 NA
16928 285 NA
16929 285 NA
16930 285 NA
16931 292 NA
16932 292 NA
16933 292 NA
16934 292 NA
16935 292 NA
16936 292 NA
16937 292 NA
16938 280 NA
16939 280 NA
16940 280 NA
16941 280 NA
16942 270 NA
16943 270 NA
16944 270 NA
16945 270 NA
16946 266 NA
16947 266 NA
16949 266 NA
16950 266 NA
16951 266 NA
16952 280 NA
16953 280 NA
16954 280 NA
16955 280 NA
16956 280 NA
16957 270 NA
16958 270 NA
16959 270 NA
16960 270 NA
16961 260 NA
16966 249 NA
16968 249 NA
16969 249 NA
16970 242 NA
16971 242 NA
16972 242 NA
16973 242 NA
16974 242 NA
16975 243 NA
16976 243 NA
16977 243 NA
16978 243 NA
16979 243 NA
16980 243 NA
16981 236 NA
16982 236 NA
16984 236 NA
16985 236 NA
16986 236 NA
16987 238 NA
16988 238 NA
16989 238 NA
16990 238 NA
16991 229 NA
16992 229 NA
16993 229 NA
16994 229 NA
16998 219 NA
16999 219 NA
17000 219 NA
17001 219 NA
17006 217 NA
17007 217 NA
17014 213 NA
17015 213 NA
17016 211 NA
17017 211 NA
17018 211 NA
17019 211 NA
17020 211 NA
17021 211 NA
17022 211 NA
17023 214 NA
17024 214 NA
17025 214 NA
17026 214 NA
17027 214 NA
17028 214 NA
17029 214 NA
17031 224 NA
17032 224 NA
17033 224 NA
17034 224 NA
17035 224 NA
17036 224 NA
17037 224 NA
17038 224 NA
17039 235 NA
17040 235 NA
17042 235 NA
17044 235 NA
17045 235 NA
17046 235 NA
17047 235 NA
17048 247 NA
17049 247 NA
17050 247 NA
17051 247 NA
17052 247 NA
17053 247 NA
17054 247 NA
17055 247 NA
17056 257 NA
17057 257 NA
17058 257 NA
17059 257 NA
17060 257 NA
17061 257 NA
17062 257 NA
17063 257 NA
17064 254 NA
17069 254 NA
17070 254 NA
17071 254 NA
17072 266 NA
17073 266 NA
17075 266 NA
17076 266 NA
17077 266 NA
17078 266 NA
17079 266 NA
17080 280 NA
17081 280 NA
17083 280 NA
17084 280 NA
17085 280 NA
17086 280 NA
17087 280 NA
17088 284 NA
17089 284 NA
17091 284 NA
17092 284 NA
17093 284 NA
17094 284 NA
17095 284 NA
17096 299 NA
17097 299 NA
17098 299 NA
17099 299 NA
17100 299 NA
17101 299 NA
17102 299 NA
17103 299 NA
17104 308 NA
17105 308 NA
17106 308 NA
17107 308 NA
17108 308 NA
17109 308 NA
17110 308 NA
17111 299 NA
17112 299 NA
17113 299 NA
17114 299 NA
17115 299 NA
17117 291 NA
17118 291 NA
17119 291 NA
17123 291 NA
17124 304 NA
17125 304 NA
17126 304 NA
17127 304 NA
17129 304 NA
17130 304 NA
17131 304 NA
17132 306 NA
17133 306 NA
17134 306 NA
17135 306 NA
17136 306 NA
17138 306 NA
17139 306 NA
17140 322 NA
17141 322 NA
17142 322 NA
17143 322 NA
17144 322 NA
17145 322 NA
17146 322 NA
17147 307 NA
17148 307 NA
17149 307 NA
