"Index" "Price" "Volume"
14019 16 NA
14020 16 NA
14021 16 NA
14022 16 NA
14023 16 NA
14024 16 NA
14025 16 NA
14026 16 NA
14027 16 NA
14028 16 NA
14029 16 NA
14030 16 NA
14031 16 NA
14032 16 NA
14033 16 NA
14034 16 NA
14035 16 NA
14036 16 NA
14037 16 NA
14038 16 NA
14039 16 NA
14040 16 NA
14041 16 NA
14042 16 NA
14043 16 NA
14044 16 NA
14045 16 NA
14046 16 NA
14047 16 NA
14048 16 NA
14049 16 NA
14050 16 NA
14051 16 NA
14052 16 NA
14053 16 NA
14054 16 NA
14055 16 NA
14056 16 NA
14057 16 NA
14058 16 NA
14059 16 NA
14060 16 NA
14061 16 NA
14062 16 NA
14063 16 NA
14064 16 NA
14065 16 NA
14066 16 NA
14067 16 NA
14068 16 NA
14069 16 NA
14070 16 NA
14071 16 NA
14072 16 NA
14073 16 NA
14074 16 NA
14075 16 NA
14076 16 NA
14077 16 NA
14078 16 NA
14079 16 NA
14080 16 NA
14081 16 NA
14082 16 NA
14083 16 NA
14084 16 NA
14085 16 NA
14086 16 NA
14087 16 NA
14088 16 NA
14089 16 NA
14090 16 NA
14091 16 NA
14092 16 NA
14093 16 NA
14094 16 NA
14095 16 NA
14096 16 NA
14097 16 NA
14098 16 NA
14099 16 NA
14100 16 NA
14101 16 NA
14102 16 NA
14103 16 NA
14104 16 NA
14105 16 NA
14106 17 NA
14107 16 NA
14108 16 NA
14109 16 NA
14110 16 NA
14111 17 NA
14112 17 NA
14113 17 NA
14114 17 NA
14115 17 NA
14116 17 NA
14117 17 NA
14118 17 NA
14119 17 NA
14120 17 NA
14121 17 NA
14122 17 NA
14123 17 NA
14124 17 NA
14125 17 NA
14126 17 NA
14127 17 NA
14128 17 NA
14129 17 NA
14130 17 NA
14131 17 NA
14132 17 NA
14133 17 NA
14134 17 NA
14135 17 NA
14136 17 NA
14137 17 NA
14138 17 NA
14139 17 NA
14140 17 NA
14141 16 NA
14142 16 NA
14143 16 NA
14144 16 NA
14145 16 NA
14146 16 NA
14147 16 NA
14148 16 NA
14149 16 NA
14150 16 NA
14151 16 NA
14152 16 NA
14153 16 NA
14154 16 NA
14155 16 NA
14156 16 NA
14157 16 NA
14158 16 NA
14159 16 NA
14160 16 NA
14161 16 NA
14162 16 NA
14163 16 NA
14164 16 NA
14165 16 NA
14166 16 NA
14167 16 NA
14168 16 NA
14169 16 NA
14170 16 NA
14171 16 NA
14172 16 NA
14173 16 NA
14174 17 NA
14175 16 NA
14176 16 NA
14177 16 NA
14178 16 NA
14179 16 NA
14180 16 NA
14181 16 NA
14182 16 NA
14183 16 NA
14184 16 NA
14185 16 NA
14186 16 NA
14187 16 NA
14188 16 NA
14189 16 NA
14190 16 NA
14191 16 NA
14192 16 NA
14193 16 NA
14194 17 NA
14195 17 NA
14196 17 NA
14197 17 NA
14198 16 NA
14199 16 NA
14200 16 NA
14201 16 NA
14202 16 NA
14203 16 NA
14204 16 NA
14205 16 NA
14206 16 NA
14207 16 NA
14208 16 NA
14209 16 NA
14210 16 NA
14211 16 NA
14212 16 NA
14213 16 NA
14214 16 NA
14215 16 NA
14216 16 NA
14217 16 NA
14218 16 NA
14219 16 NA
14220 16 NA
14221 16 NA
14222 16 NA
14223 16 NA
14224 16 NA
14225 16 NA
14226 16 NA
14227 16 NA
14228 16 NA
14229 16 NA
14230 16 NA
14231 16 NA
14232 16 NA
14233 16 NA
14234 16 NA
14235 16 NA
14236 16 NA
14237 16 NA
14238 16 NA
14239 16 NA
14240 16 NA
14241 16 NA
14242 16 NA
14243 16 NA
14244 16 NA
14245 16 NA
14246 16 NA
14247 16 NA
14248 16 NA
14249 16 NA
14250 16 NA
14251 16 NA
14252 16 NA
14253 16 NA
14254 16 NA
14255 16 NA
14256 16 NA
14257 16 NA
14258 16 NA
14259 16 NA
14260 16 NA
14261 16 NA
14262 16 NA
14263 16 NA
14264 16 NA
14265 16 NA
14266 16 NA
14267 16 NA
14268 16 NA
14269 16 NA
14270 16 NA
14271 16 NA
14272 16 NA
14273 16 NA
14274 16 NA
14275 16 NA
14276 16 NA
14277 16 NA
14278 16 NA
14279 16 NA
14280 16 NA
14281 16 NA
14282 16 NA
14283 16 NA
14284 16 NA
14285 16 NA
14286 16 NA
14287 16 NA
14288 16 NA
14289 16 NA
14290 16 NA
14291 16 NA
14292 16 NA
14293 16 NA
14294 16 NA
14295 16 NA
14296 16 NA
14297 16 NA
14298 16 NA
14299 16 NA
14300 16 NA
14301 16 NA
14302 16 NA
14303 16 NA
14304 16 NA
14305 16 NA
14306 16 NA
14307 16 NA
14308 16 NA
14309 16 NA
14310 16 NA
14311 16 NA
14312 16 NA
14313 16 NA
14314 16 NA
14315 16 NA
14316 16 NA
14317 16 NA
14318 16 NA
14319 16 NA
14320 16 NA
14321 16 NA
14322 16 NA
14323 16 NA
14324 16 NA
14325 16 NA
14326 16 NA
14327 16 NA
14328 16 NA
14329 16 NA
14330 16 NA
14331 16 NA
14332 16 NA
14333 16 NA
14334 16 NA
14335 16 NA
14336 16 NA
14337 16 NA
14338 16 NA
14339 16 NA
14340 16 NA
14341 16 NA
14342 16 NA
14343 16 NA
14344 16 NA
14345 16 NA
14346 16 NA
14347 16 NA
14348 16 NA
14349 16 NA
14350 16 NA
14351 16 NA
14352 16 NA
14353 16 NA
14354 16 NA
14355 16 NA
14356 16 NA
14357 16 NA
14358 16 NA
14359 16 NA
14360 16 NA
14361 16 NA
14362 16 NA
14363 16 NA
14364 16 NA
14365 16 NA
14366 16 NA
14367 16 NA
14368 16 NA
14369 16 NA
14370 16 NA
14371 16 NA
14372 16 NA
14373 16 NA
14374 16 NA
14375 16 NA
14376 16 NA
14377 16 NA
14378 16 NA
14379 16 NA
14380 16 NA
14381 16 NA
14382 16 NA
14383 16 NA
14384 16 NA
14385 16 NA
14386 16 NA
14387 16 NA
14388 16 NA
14389 16 NA
14390 16 NA
14391 16 NA
14392 16 NA
14393 16 NA
14394 16 NA
14395 16 NA
14396 16 NA
14397 16 NA
14398 16 NA
14399 16 NA
14400 16 NA
14401 16 NA
14402 16 NA
14403 16 NA
14404 16 NA
14405 16 NA
14406 16 NA
14407 16 NA
14408 16 NA
14409 16 NA
14410 16 NA
14411 16 NA
14412 16 NA
14413 16 NA
14414 16 NA
14415 16 NA
14416 16 NA
14417 16 NA
14418 16 NA
14419 16 NA
14420 16 NA
14421 16 NA
14422 16 NA
14423 16 NA
14424 16 NA
14425 16 NA
14426 16 NA
14428 16 NA
14429 16 NA
14430 16 NA
14431 16 NA
14432 16 NA
14433 16 NA
14434 16 NA
14435 16 NA
14436 16 NA
14437 16 NA
14438 16 NA
14439 16 NA
14440 17 NA
14441 17 NA
14442 17 NA
14443 17 NA
14444 17 NA
14445 17 NA
14446 17 NA
14447 17 NA
14448 17 NA
14449 17 NA
14450 17 NA
14451 17 NA
14452 17 NA
14453 17 NA
14454 17 NA
14455 17 NA
14456 17 NA
14457 17 NA
14458 17 NA
14459 17 NA
14460 17 NA
14461 17 NA
14462 17 NA
14463 17 NA
14464 17 NA
14465 17 NA
14466 17 NA
14467 17 NA
14468 17 NA
14469 17 NA
14470 17 NA
14471 17 NA
14472 17 NA
14473 17 NA
14474 17 NA
14475 17 NA
14476 17 NA
14477 18 NA
14478 18 NA
14479 18 NA
14480 18 NA
14481 19 NA
14482 19 NA
14483 19 NA
14484 19 NA
14485 19 NA
14486 19 NA
14487 20 NA
14488 20 NA
14489 21 NA
14490 21 NA
14491 21 NA
14492 21 NA
14493 21 NA
14494 21 NA
14495 21 NA
14496 22 NA
14497 23 NA
14498 23 NA
14499 23 NA
14500 23 NA
14501 23 NA
14502 23 NA
14503 24 NA
14504 24 NA
14505 22 NA
14506 20 NA
14507 19 NA
14508 17 NA
14509 15 NA
14510 13 NA
14511 12 NA
14512 11 NA
14513 11 NA
14514 10 NA
14515 9 NA
14516 9 NA
14517 8 NA
14518 8 NA
14519 9 NA
14520 9 NA
14521 9 NA
14522 10 NA
14523 10 NA
14524 10 NA
14525 9 NA
14526 9 NA
14527 9 NA
14528 7 NA
14529 7 NA
14530 8 NA
14531 8 NA
14532 8 NA
14533 9 NA
14534 9 NA
14535 8 NA
14536 9 NA
14537 9 NA
14538 7 NA
14539 7 NA
14540 8 NA
14541 7 NA
14542 7 NA
14543 7 NA
14544 7 NA
14545 7 NA
14546 7 NA
14547 7 NA
14548 7 NA
14549 7 NA
14550 7 NA
14551 7 NA
14552 7 NA
14553 8 NA
14554 8 NA
14555 7 NA
14556 7 NA
14557 7 NA
14558 8 NA
14559 8 NA
14560 8 NA
14561 7 NA
14562 7 NA
14563 7 NA
14564 7 NA
14565 7 NA
14566 7 NA
14567 7 NA
14568 8 NA
14569 7 NA
14570 7 NA
14571 7 NA
14572 8 NA
14573 7 NA
14574 7 NA
14575 7 NA
14576 7 NA
14577 7 NA
14578 7 NA
14579 7 NA
14580 7 NA
14581 7 NA
14582 7 NA
14583 7 NA
14584 7 NA
14585 7 NA
14586 7 NA
14587 7 NA
14588 7 NA
14589 7 NA
14590 7 NA
14591 7 NA
14592 8 NA
14593 8 NA
14594 8 NA
14595 8 NA
14596 8 NA
14597 8 NA
14598 8 NA
14599 8 NA
14600 8 NA
14601 8 NA
14602 8 NA
14603 7 NA
14604 7 NA
14605 7 NA
14606 7 NA
14607 7 NA
14608 7 NA
14609 7 NA
14610 8 NA
14611 8 NA
14612 8 NA
14613 8 NA
14614 8 NA
14615 8 NA
14616 7 NA
14617 7 NA
14618 7 NA
14619 7 NA
14620 7 NA
14621 7 NA
14622 7 NA
14623 7 NA
14624 7 NA
14625 7 NA
14626 7 NA
14627 7 NA
14628 7 NA
14629 7 NA
14630 7 NA
14631 7 NA
14632 7 NA
14633 7 NA
14634 7 NA
14635 7 NA
14636 8 NA
14637 8 NA
14638 8 NA
14639 8 NA
14640 8 NA
14641 8 NA
14642 8 NA
14643 8 NA
14644 8 NA
14645 8 NA
14646 7 NA
14647 7 NA
14648 7 NA
14649 7 NA
14650 7 NA
14651 8 NA
14652 8 NA
14653 8 NA
14654 7 NA
14655 7 NA
14656 7 NA
14657 8 NA
14658 8 NA
14659 8 NA
14660 8 NA
14661 8 NA
14662 7 NA
14663 7 NA
14664 7 NA
14665 8 NA
14666 8 NA
14667 8 NA
14668 8 NA
14669 8 NA
14670 8 NA
14671 8 NA
14672 8 NA
14673 8 NA
14674 8 NA
14675 8 NA
14676 8 NA
14677 8 NA
14678 8 NA
14679 8 NA
14680 8 NA
14681 7 NA
14682 7 NA
14683 7 NA
14684 7 NA
14685 7 NA
14686 8 NA
14687 8 NA
14688 8 NA
14689 8 NA
14690 8 NA
14691 7 NA
14692 7 NA
14693 7 NA
14694 7 NA
14695 7 NA
14696 7 NA
14697 7 NA
14698 7 NA
14699 7 NA
14700 7 NA
14701 8 NA
14702 8 NA
14703 8 NA
14704 8 NA
14705 7 NA
14706 7 NA
14707 8 NA
14708 8 NA
14709 8 NA
14710 8 NA
14711 8 NA
14712 8 NA
14713 8 NA
14714 8 NA
14715 8 NA
14716 8 NA
14717 8 NA
14718 8 NA
14719 8 NA
14720 8 NA
14721 8 NA
14722 8 NA
14723 8 NA
14724 8 NA
14725 7 NA
14726 8 NA
14727 8 NA
14728 8 NA
14729 8 NA
14730 8 NA
14731 8 NA
14732 9 NA
14733 9 NA
14734 9 NA
14735 9 NA
14736 9 NA
14737 9 NA
14738 9 NA
14739 9 NA
14740 9 NA
14741 9 NA
14742 9 NA
14743 9 NA
14744 9 NA
14745 9 NA
14746 9 NA
14747 9 NA
14748 9 NA
14749 9 NA
14750 9 NA
14751 8 NA
14752 8 NA
14753 8 NA
14754 7 NA
14755 8 NA
14756 8 NA
14757 8 NA
14758 8 NA
14759 8 NA
14760 8 NA
14761 8 NA
14762 8 NA
14763 8 NA
14764 9 NA
14765 9 NA
14766 9 NA
14767 9 NA
14768 9 NA
14769 9 NA
14770 9 NA
14771 9 NA
14772 9 NA
14773 9 NA
14774 9 NA
14775 8 NA
14776 8 NA
14777 8 NA
14778 7 NA
14779 7 NA
14780 7 NA
14781 7 NA
14782 7 NA
14783 7 NA
14784 7 NA
14785 7 NA
14786 8 NA
14787 8 NA
14788 7 NA
14789 8 NA
14790 8 NA
14791 8 NA
14792 8 NA
14793 8 NA
14794 8 NA
14795 8 NA
14796 8 NA
14797 8 NA
14798 9 NA
14799 9 NA
14800 9 NA
14801 9 NA
14802 9 NA
14803 9 NA
14804 9 NA
14805 10 NA
14806 10 NA
14807 10 NA
14808 10 NA
14809 10 NA
14810 10 NA
14811 10 NA
14812 11 NA
14813 11 NA
14814 11 NA
14815 12 NA
14816 12 NA
14817 12 NA
14818 13 NA
14819 13 NA
14820 13 NA
14821 13 NA
14822 13 NA
14823 14 NA
14824 14 NA
14825 15 NA
14826 15 NA
14827 15 NA
14828 15 NA
14829 15 NA
14830 15 NA
14831 15 NA
14832 14 NA
14833 14 NA
14834 14 NA
14835 14 NA
14836 14 NA
14837 14 NA
14838 14 NA
14839 14 NA
14840 15 NA
14841 15 NA
14842 15 NA
14843 16 NA
14844 16 NA
14845 16 NA
14846 16 NA
14847 16 NA
14848 16 NA
14849 16 NA
14850 16 NA
14851 17 NA
14852 17 NA
14853 17 NA
14854 18 NA
14855 18 NA
14856 18 NA
14857 18 NA
14858 18 NA
14859 18 NA
14860 18 NA
14861 19 NA
14862 19 NA
14863 19 NA
14864 19 NA
14865 19 NA
14866 18 NA
14867 18 NA
14868 18 NA
14869 18 NA
14870 18 NA
14871 18 NA
14872 18 NA
14873 18 NA
14874 19 NA
14875 19 NA
14876 20 NA
14877 20 NA
14878 20 NA
14879 19 NA
14880 19 NA
14881 19 NA
14882 18 NA
14883 18 NA
14884 18 NA
14885 18 NA
14886 18 NA
14887 18 NA
14888 18 NA
14889 18 NA
14890 18 NA
14891 18 NA
14892 18 NA
14893 18 NA
14894 18 NA
14895 19 NA
14896 19 NA
14897 19 NA
14898 19 NA
14899 19 NA
14900 19 NA
14901 19 NA
14902 19 NA
14903 19 NA
14904 19 NA
14905 19 NA
14906 18 NA
14907 17 NA
14908 17 NA
14909 17 NA
14910 17 NA
14911 17 NA
14912 18 NA
14913 18 NA
14914 19 NA
14915 19 NA
14916 19 NA
14917 19 NA
14918 19 NA
14920 19 NA
14921 19 NA
14922 20 NA
14923 20 NA
14924 20 NA
14925 20 NA
14926 20 NA
14927 19 NA
14928 19 NA
14929 19 NA
14930 19 NA
14931 19 NA
14932 20 NA
14933 20 NA
14934 20 NA
14935 20 NA
14936 20 NA
14937 20 NA
14938 20 NA
14939 20 NA
14940 20 NA
14941 20 NA
14942 20 NA
14943 21 NA
14944 21 NA
14945 22 NA
14946 22 NA
14947 22 NA
14948 22 NA
14949 23 NA
14950 23 NA
14951 24 NA
14952 24 NA
14953 24 NA
14954 24 NA
14955 24 NA
14956 25 NA
14957 25 NA
14958 26 NA
14959 27 NA
14960 28 NA
14961 28 NA
14962 28 NA
14963 28 NA
14964 27 NA
14965 29 NA
14966 28 NA
14967 26 NA
14968 26 NA
14969 26 NA
14970 26 NA
14971 27 NA
14972 26 NA
14973 25 NA
14974 23 NA
14975 23 NA
14976 22 NA
14979 19 NA
14981 20 NA
14983 21 NA
14984 20 NA
14985 19 NA
14986 17 NA
14987 16 NA
14988 15 NA
14990 14 NA
14992 14 NA
14993 13 NA
14996 12 NA
14998 11 NA
15000 12 NA
15001 13 NA
15003 12 NA
15005 12 NA
15008 10 NA
15011 8 NA
15012 7 NA
15013 8 NA
15019 7 NA
15020 8 NA
15021 8 NA
15023 10 NA
15025 10 NA
15026 11 NA
15028 10 NA
15029 10 NA
15031 11 NA
15032 10 NA
15033 12 NA
15035 12 NA
15036 13 NA
15038 13 NA
15039 14 NA
15042 15 NA
15044 14 NA
15048 14 NA
15050 15 NA
15052 16 NA
15055 18 NA
15058 17 NA
15060 18 NA
15061 19 NA
15063 20 NA
15064 21 NA
15067 21 NA
15068 20 NA
15070 18 NA
15073 16 NA
15076 15 NA
15078 14 NA
15080 13 NA
15081 12 NA
15082 11 NA
15084 13 NA
15085 14 NA
15086 15 NA
15087 16 NA
15088 15 NA
15090 15 NA
15091 16 NA
15093 18 NA
15094 18 NA
15095 19 NA
15096 18 NA
15097 18 NA
15098 19 NA
15100 20 NA
15101 21 NA
15102 23 NA
15103 24 NA
15104 26 NA
15106 26 NA
15107 27 NA
15109 30 NA
15110 30 NA
15112 32 NA
15114 34 NA
15115 34 NA
15116 35 NA
15119 37 NA
15120 38 NA
15121 37 NA
15122 38 NA
15123 39 NA
15125 38 NA
15128 40 NA
15131 39 NA
15132 39 NA
15133 40 NA
15136 39 NA
15137 38 NA
15138 38 NA
15140 35 NA
15142 36 NA
15143 38 NA
15144 40 NA
15145 41 NA
15147 40 NA
15150 40 NA
15151 39 NA
15154 38 NA
15156 34 NA
15157 32 NA
15158 30 NA
15159 29 NA
15161 32 NA
15163 35 NA
15164 35 NA
15165 36 NA
15166 35 NA
15168 31 NA
15170 27 NA
15172 25 NA
15173 24 NA
15175 23 NA
15178 22 NA
15179 20 NA
15182 22 NA
15184 26 NA
15185 28 NA
15186 30 NA
15187 34 NA
15189 36 NA
15191 35 NA
15193 38 NA
15194 38 NA
15196 45 NA
15197 48 NA
15199 51 NA
15203 50 NA
15204 49 NA
15207 46 NA
15208 45 NA
15210 49 NA
15212 53 NA
15214 55 NA
15215 53 NA
15217 60 NA
15219 63 NA
15220 67 NA
15221 69 NA
15222 71 NA
15224 75 NA
15226 79 NA
15227 83 NA
15228 88 NA
15229 92 NA
15231 97 NA
15232 94 NA
15233 96 NA
15235 104 NA
15238 111 NA
15240 110 NA
15242 107 NA
15243 102 NA
15244 103 NA
15247 97 NA
15248 100 NA
15249 100 NA
15250 102 NA
15252 111 NA
15254 116 NA
15255 113 NA
15257 110 NA
15258 105 NA
15259 99 NA
15261 89 NA
15263 79 NA
15264 75 NA
15266 67 NA
15268 66 NA
15270 71 NA
15271 69 NA
15273 71 NA
15274 67 NA
15277 66 NA
15280 67 NA
15281 70 NA
15282 66 NA
15283 62 NA
15284 58 NA
15285 55 NA
15287 51 NA
15289 49 NA
15291 55 NA
15294 60 NA
15295 63 NA
15297 65 NA
15299 66 NA
15302 74 NA
15304 74 NA
15306 73 NA
15307 72 NA
15308 74 NA
15310 73 NA
15312 71 NA
15313 71 NA
15314 70 NA
15315 66 NA
15316 69 NA
15317 73 NA
15318 77 NA
15319 80 NA
15320 83 NA
15321 83 NA
15322 82 NA
15323 79 NA
15324 82 NA
15325 86 NA
15326 89 NA
15327 92 NA
15328 95 NA
15329 99 NA
15330 100 NA
15331 98 NA
15332 93 NA
15333 93 NA
15334 90 NA
15335 93 NA
15336 96 NA
15337 97 NA
15338 100 NA
15339 97 NA
15340 94 NA
15341 92 NA
15342 91 NA
15343 90 NA
15344 92 NA
15345 92 NA
15346 93 NA
15347 97 NA
15348 98 NA
15349 99 NA
15350 100 NA
15351 105 NA
15352 108 NA
15353 112 NA
15354 113 NA
15355 112 NA
15356 111 NA
15357 114 NA
15358 115 NA
15359 115 NA
15360 116 NA
15361 113 NA
15362 109 NA
15363 108 NA
15364 108 NA
15365 105 NA
15366 100 NA
15367 97 NA
15368 96 NA
15369 92 NA
15370 90 NA
15371 85 NA
15372 84 NA
15373 80 NA
15374 76 NA
15375 72 NA
15376 68 NA
15377 64 NA
15378 60 NA
15379 57 NA
15380 54 NA
15381 51 NA
15382 48 NA
15383 45 NA
15384 42 NA
15385 39 NA
15386 37 NA
15387 35 NA
15388 33 NA
15389 41 NA
15390 38 NA
15391 37 NA
15392 37 NA
15393 37 NA
15394 36 NA
15395 38 NA
15396 40 NA
15397 41 NA
15398 42 NA
15399 40 NA
15400 41 NA
15401 42 NA
15402 43 NA
15403 44 NA
15404 47 NA
15405 45 NA
15406 45 NA
15407 48 NA
15408 51 NA
15409 51 NA
15410 48 NA
15411 50 NA
15412 52 NA
15413 53 NA
15414 53 NA
15415 54 NA
15416 56 NA
15417 56 NA
15418 57 NA
15419 55 NA
15420 52 NA
15421 49 NA
15422 49 NA
15423 49 NA
15424 49 NA
15425 49 NA
15426 49 NA
15427 52 NA
15428 54 NA
15429 51 NA
15430 50 NA
15431 52 NA
15432 51 NA
15433 49 NA
15434 52 NA
15435 52 NA
15436 53 NA
15437 50 NA
15438 49 NA
15439 47 NA
15440 47 NA
15441 44 NA
15442 42 NA
15443 45 NA
15444 44 NA
15445 47 NA
15446 49 NA
15447 49 NA
15448 52 NA
15449 55 NA
15450 58 NA
15451 60 NA
15452 58 NA
15453 55 NA
15454 56 NA
15455 58 NA
15456 60 NA
15457 62 NA
15458 64 NA
15459 68 NA
15460 72 NA
15461 71 NA
15462 71 NA
15463 67 NA
15464 66 NA
15465 65 NA
15466 65 NA
15467 64 NA
15468 62 NA
15469 58 NA
15470 55 NA
15471 55 NA
15472 53 NA
15473 50 NA
15474 52 NA
15475 55 NA
15476 58 NA
15477 59 NA
15478 58 NA
15479 61 NA
15480 61 NA
15481 65 NA
15482 69 NA
15483 71 NA
15484 75 NA
15485 76 NA
15486 76 NA
15487 72 NA
15488 68 NA
15489 64 NA
15490 60 NA
15491 57 NA
15492 54 NA
15493 51 NA
15494 48 NA
15495 48 NA
15496 49 NA
15497 50 NA
15498 50 NA
15499 53 NA
15500 56 NA
15501 58 NA
15502 60 NA
15503 61 NA
15504 64 NA
15505 66 NA
15506 68 NA
15507 68 NA
15508 68 NA
15509 67 NA
15510 67 NA
15511 70 NA
15512 69 NA
15513 68 NA
15514 69 NA
15515 68 NA
15516 67 NA
15517 67 NA
15518 68 NA
15519 68 NA
15520 68 NA
15521 67 NA
15522 69 NA
15523 69 NA
15524 67 NA
15525 66 NA
15526 67 NA
15527 67 NA
15528 66 NA
15529 63 NA
15530 61 NA
15531 60 NA
15532 59 NA
15533 57 NA
15534 55 NA
15535 54 NA
15536 52 NA
15537 51 NA
15538 49 NA
15539 48 NA
15540 47 NA
15541 46 NA
15542 46 NA
15543 47 NA
15544 48 NA
15545 48 NA
15546 47 NA
15547 47 NA
15548 47 NA
15549 47 NA
15550 47 NA
15551 47 NA
15552 45 NA
15553 43 NA
15554 40 NA
15555 38 NA
15556 36 NA
15557 34 NA
15558 32 NA
15559 30 NA
15560 28 NA
15561 27 NA
15562 27 NA
15563 28 NA
15564 28 NA
15565 27 NA
15566 26 NA
15567 25 NA
15568 23 NA
15569 21 NA
15570 20 NA
15571 20 NA
15572 19 NA
15573 19 NA
15574 19 NA
15575 19 NA
15576 20 NA
15577 21 NA
15578 21 NA
15579 22 NA
15580 21 NA
15581 19 NA
15582 18 NA
15583 17 NA
15584 16 NA
15585 15 NA
15586 15 NA
15587 15 NA
15588 15 NA
15589 14 NA
15590 14 NA
15591 14 NA
15592 14 NA
15593 13 NA
15594 14 NA
15595 14 NA
15596 15 NA
15597 16 NA
15598 17 NA
15599 17 NA
15600 17 NA
15601 18 NA
15602 19 NA
15603 20 NA
15604 20 NA
15605 21 NA
15606 21 NA
15607 20 NA
15608 20 NA
15609 21 NA
15610 22 NA
15611 21 NA
15612 21 NA
15613 21 NA
15614 20 NA
15615 19 NA
15616 19 NA
15617 19 NA
15618 20 NA
15619 21 NA
15620 23 NA
15621 25 NA
15622 24 NA
15623 25 NA
15624 26 NA
15625 28 NA
15626 30 NA
15627 32 NA
15628 33 NA
15629 34 NA
15630 34 NA
15631 32 NA
15632 31 NA
15633 31 NA
15634 31 NA
15635 32 NA
15636 34 NA
15637 36 NA
15638 36 NA
15639 37 NA
15640 36 NA
15641 34 NA
15642 35 NA
15643 34 NA
15644 34 NA
15645 35 NA
15646 37 NA
15647 36 NA
15648 36 NA
15649 37 NA
15650 38 NA
15651 39 NA
15652 40 NA
15653 41 NA
15654 41 NA
15655 42 NA
15656 43 NA
15657 44 NA
15658 47 NA
15659 50 NA
15660 52 NA
15661 51 NA
15662 54 NA
15663 55 NA
15664 56 NA
15665 56 NA
15666 56 NA
15667 56 NA
15668 56 NA
15669 56 NA
15670 56 NA
15671 54 NA
15672 54 NA
15673 54 NA
15674 53 NA
15675 53 NA
15676 50 NA
15677 47 NA
15678 44 NA
15679 41 NA
15680 38 NA
15681 36 NA
15682 34 NA
15683 33 NA
15684 34 NA
15685 36 NA
15686 37 NA
15687 37 NA
15688 36 NA
15689 36 NA
15690 35 NA
15691 36 NA
15692 37 NA
15693 36 NA
15694 37 NA
15695 37 NA
15696 37 NA
15697 37 NA
15698 37 NA
15699 37 NA
15700 37 NA
15701 37 NA
15702 37 NA
15703 37 NA
15704 37 NA
15705 37 NA
15706 37 NA
15707 38 NA
15708 40 NA
15709 41 NA
15710 44 NA
15711 46 NA
15712 49 NA
15713 48 NA
15714 45 NA
15715 45 NA
15716 48 NA
15717 51 NA
15718 51 NA
15719 52 NA
15720 53 NA
15721 52 NA
15722 51 NA
15723 51 NA
15724 53 NA
15725 54 NA
15726 53 NA
15727 53 NA
15728 54 NA
15729 55 NA
15730 58 NA
15731 60 NA
15732 63 NA
15733 66 NA
15734 68 NA
15735 72 NA
15736 75 NA
15737 78 NA
15738 80 NA
15739 84 NA
15740 84 NA
15741 81 NA
15742 80 NA
15743 77 NA
15744 75 NA
15745 72 NA
15746 68 NA
15747 64 NA
15748 61 NA
15749 58 NA
15750 55 NA
15751 52 NA
15752 49 NA
15753 46 NA
15754 43 NA
15755 41 NA
15756 41 NA
15757 42 NA
15758 41 NA
15759 43 NA
15760 44 NA
15761 46 NA
15762 48 NA
15763 48 NA
15764 50 NA
15765 51 NA
15766 50 NA
15767 51 NA
15768 50 NA
15769 49 NA
15770 51 NA
15771 52 NA
15772 54 NA
15773 54 NA
15774 54 NA
15775 53 NA
15776 52 NA
15777 50 NA
15778 48 NA
15779 47 NA
15780 47 NA
15781 46 NA
15782 44 NA
15783 44 NA
15784 44 NA
15785 43 NA
15786 42 NA
15787 41 NA
15788 41 NA
15789 42 NA
15790 45 NA
15791 44 NA
15792 47 NA
15793 46 NA
15794 43 NA
15795 43 NA
15796 44 NA
15797 45 NA
15798 45 NA
15799 44 NA
15800 44 NA
15801 43 NA
15802 43 NA
15803 42 NA
15804 42 NA
15805 42 NA
15806 42 NA
15807 42 NA
15808 42 NA
15809 42 NA
15810 42 NA
15811 42 NA
15812 44 NA
15813 45 NA
15814 45 NA
15815 48 NA
15816 49 NA
15817 49 NA
15818 49 NA
15819 50 NA
15820 49 NA
15821 49 NA
15822 47 NA
15823 47 NA
15824 47 NA
15825 47 NA
15826 47 NA
15827 47 NA
15828 47 NA
15829 47 NA
15830 44 NA
15831 41 NA
15832 38 NA
15833 36 NA
15834 34 NA
15835 32 NA
15836 30 NA
15837 30 NA
15838 29 NA
15839 28 NA
15840 30 NA
15841 30 NA
15842 30 NA
15843 30 NA
15844 29 NA
15845 28 NA
15846 26 NA
15847 26 NA
15848 26 NA
15849 24 NA
15850 22 NA
15851 20 NA
15852 20 NA
15853 20 NA
15854 21 NA
15855 23 NA
15856 24 NA
15857 25 NA
15858 24 NA
15859 24 NA
15860 24 NA
15861 23 NA
15862 23 NA
15863 23 NA
15864 23 NA
15865 23 NA
15866 24 NA
15867 24 NA
15868 24 NA
15869 25 NA
15870 26 NA
15871 27 NA
15872 25 NA
15873 23 NA
15874 21 NA
15875 19 NA
15876 18 NA
15877 18 NA
15878 18 NA
15879 19 NA
15880 20 NA
15881 21 NA
15882 22 NA
15883 22 NA
15884 22 NA
15885 21 NA
15886 21 NA
15887 23 NA
15888 22 NA
15889 22 NA
15890 23 NA
15891 24 NA
15892 25 NA
15893 26 NA
15894 28 NA
15895 29 NA
15896 30 NA
15897 30 NA
15898 32 NA
15899 34 NA
15900 36 NA
15901 38 NA
15902 40 NA
15903 41 NA
15904 41 NA
15905 42 NA
15906 42 NA
15907 43 NA
15908 43 NA
15909 43 NA
15910 43 NA
15911 45 NA
15912 42 NA
15913 41 NA
15914 44 NA
15915 47 NA
15916 50 NA
15917 53 NA
15918 56 NA
15919 59 NA
15920 62 NA
15921 66 NA
15922 69 NA
15923 72 NA
15924 74 NA
15925 74 NA
15926 73 NA
15927 73 NA
15928 72 NA
15929 73 NA
15930 76 NA
15931 77 NA
15932 78 NA
15933 82 NA
15934 82 NA
15935 84 NA
15936 84 NA
15937 85 NA
15938 85 NA
15939 82 NA
15940 82 NA
15941 77 NA
15942 75 NA
15943 75 NA
15944 73 NA
15945 71 NA
15946 71 NA
15947 73 NA
15948 73 NA
15949 77 NA
15950 80 NA
15951 80 NA
15952 80 NA
15953 80 NA
15954 81 NA
15955 81 NA
15956 84 NA
15957 84 NA
15958 87 NA
15959 87 NA
15960 92 NA
15961 92 NA
15962 97 NA
15963 101 NA
15964 102 NA
15965 102 NA
15966 102 NA
15967 102 NA
15968 98 NA
15969 93 NA
15970 89 NA
15971 85 NA
15972 84 NA
15973 84 NA
15974 80 NA
15975 80 NA
15976 79 NA
15977 79 NA
15978 78 NA
15979 78 NA
15980 78 NA
15981 78 NA
15982 79 NA
15983 79 NA
15984 79 NA
15985 80 NA
15986 80 NA
15987 80 NA
15988 80 NA
15989 80 NA
15990 79 NA
15991 79 NA
15992 79 NA
15993 79 NA
15994 80 NA
15995 80 NA
15996 80 NA
15997 83 NA
15998 86 NA
15999 90 NA
16000 90 NA
16001 94 NA
16002 94 NA
16003 97 NA
16004 97 NA
16005 100 NA
16006 103 NA
16007 103 NA
16008 107 NA
16009 107 NA
16010 107 NA
16011 109 NA
16012 109 NA
16013 106 NA
16014 106 NA
16015 108 NA
16016 108 NA
16017 108 NA
16018 108 NA
16019 109 NA
16020 109 NA
16021 110 NA
16022 110 NA
16023 112 NA
16024 112 NA
16025 114 NA
16026 116 NA
16027 112 NA
16028 112 NA
16029 106 NA
16030 106 NA
16031 106 NA
16032 106 NA
16033 104 NA
16034 101 NA
16035 100 NA
16036 100 NA
16037 99 NA
16038 99 NA
16039 98 NA
16040 98 NA
16041 97 NA
16042 97 NA
16043 92 NA
16044 88 NA
16045 84 NA
16046 79 NA
16047 75 NA
16048 71 NA
16049 70 NA
16050 72 NA
16051 76 NA
16052 76 NA
16053 80 NA
16054 84 NA
16055 87 NA
16056 92 NA
16057 92 NA
16058 96 NA
16059 96 NA
16060 99 NA
16061 102 NA
16062 103 NA
16063 103 NA
16064 103 NA
16065 102 NA
16066 102 NA
16067 96 NA
16068 97 NA
16069 98 NA
16070 102 NA
16071 107 NA
16072 111 NA
16073 110 NA
16074 111 NA
16075 110 NA
16076 110 NA
16077 110 NA
16078 109 NA
16079 108 NA
16080 108 NA
16081 110 NA
16082 110 NA
16083 107 NA
16084 102 NA
16085 99 NA
16086 99 NA
16087 103 NA
16088 103 NA
16089 104 NA
16090 104 NA
16091 107 NA
16092 112 NA
16093 112 NA
16094 114 NA
16095 117 NA
16096 120 NA
16097 120 NA
16098 122 NA
16099 122 NA
16100 116 NA
16101 111 NA
16102 110 NA
16103 111 NA
16104 108 NA
16105 108 NA
16106 103 NA
16107 98 NA
16108 94 NA
16109 98 NA
16110 98 NA
16111 103 NA
16112 108 NA
16113 108 NA
16114 107 NA
16115 112 NA
16116 110 NA
16117 110 NA
16118 108 NA
16119 108 NA
16120 108 NA
16121 108 NA
16122 112 NA
16123 115 NA
16124 111 NA
16125 106 NA
16126 106 NA
16127 106 NA
16128 103 NA
16129 103 NA
16130 102 NA
16131 102 NA
16132 98 NA
16133 98 NA
16134 98 NA
16135 98 NA
16136 100 NA
16137 101 NA
16138 104 NA
16139 107 NA
16140 110 NA
16141 111 NA
16142 112 NA
16143 112 NA
16144 110 NA
16145 109 NA
16146 109 NA
16147 109 NA
16148 110 NA
16149 110 NA
16150 110 NA
16151 112 NA
16152 110 NA
16153 109 NA
16154 109 NA
16155 105 NA
16156 105 NA
16157 99 NA
16158 95 NA
16159 90 NA
16160 88 NA
16161 87 NA
16162 87 NA
16163 87 NA
16164 87 NA
16165 87 NA
16166 86 NA
16167 90 NA
16168 90 NA
16169 93 NA
16170 96 NA
16171 96 NA
16172 98 NA
16173 100 NA
16174 102 NA
16175 101 NA
16176 99 NA
16177 102 NA
16178 98 NA
16179 98 NA
16180 96 NA
16181 96 NA
16182 91 NA
16183 86 NA
16184 82 NA
16185 82 NA
16186 79 NA
16187 78 NA
16188 78 NA
16189 74 NA
16190 72 NA
16191 72 NA
16192 73 NA
16193 77 NA
16194 77 NA
16195 79 NA
16196 79 NA
16197 80 NA
16198 80 NA
16199 80 NA
16200 78 NA
16201 77 NA
16202 77 NA
16203 77 NA
16204 80 NA
16205 80 NA
16206 82 NA
16207 82 NA
16208 82 NA
16209 82 NA
16210 83 NA
16211 83 NA
16212 83 NA
16213 83 NA
16214 81 NA
16215 77 NA
16216 77 NA
16217 74 NA
16218 74 NA
16219 71 NA
16220 71 NA
16221 68 NA
16222 67 NA
16223 66 NA
16224 64 NA
16225 64 NA
16226 64 NA
16227 67 NA
16228 67 NA
16229 70 NA
16230 73 NA
16231 73 NA
16232 76 NA
16233 78 NA
16234 78 NA
16235 77 NA
16236 73 NA
16237 71 NA
16238 71 NA
16239 74 NA
16240 74 NA
16241 78 NA
16242 81 NA
16243 85 NA
16244 90 NA
16245 90 NA
16246 95 NA
16247 98 NA
16248 103 NA
16249 109 NA
16250 114 NA
16251 118 NA
16252 122 NA
16253 125 NA
16254 131 NA
16255 134 NA
16256 133 NA
16257 133 NA
16258 134 NA
16259 139 NA
16260 139 NA
16261 143 NA
16262 144 NA
16263 147 NA
16264 149 NA
16265 144 NA
16266 144 NA
16267 136 NA
16268 133 NA
16269 133 NA
16270 132 NA
16271 132 NA
16272 134 NA
16273 135 NA
16274 139 NA
16275 141 NA
16276 141 NA
16277 145 NA
16278 146 NA
16279 145 NA
16280 145 NA
16281 150 NA
16282 150 NA
16283 148 NA
16284 150 NA
16285 151 NA
16286 150 NA
16287 146 NA
16288 145 NA
16289 145 NA
16290 147 NA
16291 146 NA
16292 150 NA
16293 150 NA
16294 148 NA
16295 150 NA
16296 150 NA
16297 150 NA
16298 150 NA
16299 151 NA
16300 151 NA
16301 151 NA
16302 151 NA
16303 151 NA
16304 150 NA
16305 145 NA
16306 138 NA
16307 142 NA
16308 150 NA
16309 149 NA
16310 150 NA
16311 148 NA
16312 145 NA
16313 145 NA
16314 150 NA
16315 152 NA
16316 152 NA
16317 151 NA
16318 150 NA
16319 150 NA
16320 146 NA
16321 142 NA
16322 142 NA
16323 142 NA
16324 139 NA
16325 139 NA
16326 142 NA
16327 148 NA
16328 150 NA
16329 150 NA
16330 150 NA
16331 150 NA
16332 150 NA
16333 150 NA
16334 148 NA
16335 145 NA
16336 145 NA
16337 150 NA
16338 150 NA
16339 149 NA
16340 149 NA
16341 150 NA
16342 149 NA
16343 149 NA
16344 148 NA
16345 150 NA
16346 150 NA
16347 150 NA
16348 148 NA
16349 150 NA
16350 151 NA
16351 151 NA
16352 150 NA
16353 146 NA
16354 146 NA
16355 142 NA
16356 139 NA
16357 143 NA
16358 143 NA
16359 149 NA
16360 149 NA
16361 147 NA
16362 145 NA
16363 146 NA
16364 143 NA
16365 143 NA
16366 144 NA
16367 144 NA
16368 150 NA
16369 151 NA
16370 150 NA
16371 150 NA
16372 151 NA
16373 147 NA
16374 147 NA
16375 140 NA
16376 136 NA
16377 136 NA
16378 137 NA
16379 137 NA
16380 144 NA
16381 144 NA
16382 147 NA
16383 142 NA
16384 142 NA
16385 135 NA
16386 130 NA
16387 129 NA
16388 135 NA
16389 138 NA
16390 138 NA
16391 138 NA
16392 141 NA
16393 138 NA
16394 138 NA
16395 134 NA
16396 141 NA
16397 141 NA
16398 146 NA
16399 146 NA
16400 146 NA
16401 147 NA
16402 147 NA
16403 150 NA
16404 151 NA
16405 151 NA
16406 150 NA
16407 150 NA
16408 150 NA
16409 150 NA
16410 150 NA
16411 150 NA
16412 145 NA
16413 145 NA
16414 142 NA
16415 142 NA
16416 147 NA
16417 147 NA
16418 148 NA
16419 148 NA
16420 149 NA
16421 150 NA
16422 150 NA
16423 150 NA
16424 150 NA
16425 145 NA
16426 147 NA
16427 147 NA
16428 148 NA
16429 147 NA
16430 150 NA
16431 150 NA
16432 150 NA
16433 148 NA
16434 148 NA
16435 149 NA
16436 149 NA
16437 151 NA
16438 150 NA
16439 149 NA
16440 147 NA
16441 147 NA
16442 149 NA
16443 150 NA
16444 150 NA
16445 150 NA
16446 149 NA
16447 146 NA
16448 146 NA
16449 143 NA
16450 136 NA
16451 136 NA
16452 130 NA
16453 124 NA
16454 124 NA
16455 129 NA
16456 129 NA
16457 135 NA
16458 138 NA
16459 140 NA
16460 147 NA
16461 150 NA
16462 150 NA
16463 150 NA
16464 150 NA
16465 150 NA
16466 149 NA
16467 149 NA
16468 141 NA
16469 141 NA
16470 145 NA
16471 145 NA
16472 149 NA
16473 149 NA
16474 150 NA
16475 151 NA
16476 148 NA
16477 142 NA
16478 142 NA
16479 137 NA
16480 141 NA
16481 148 NA
16482 143 NA
16483 150 NA
16484 149 NA
16485 144 NA
16486 142 NA
16487 135 NA
16488 135 NA
16489 129 NA
16490 122 NA
16491 117 NA
16492 112 NA
16493 107 NA
16494 108 NA
16495 105 NA
16496 107 NA
16497 107 NA
16498 101 NA
16499 101 NA
16500 101 NA
16501 107 NA
16502 107 NA
16503 113 NA
16504 113 NA
16505 115 NA
16506 115 NA
16507 115 NA
16508 118 NA
16509 117 NA
16510 117 NA
16511 111 NA
16512 114 NA
16513 114 NA
16514 119 NA
16515 119 NA
16516 117 NA
16517 112 NA
16518 107 NA
16519 107 NA
16520 103 NA
16521 103 NA
16522 99 NA
16523 95 NA
16524 95 NA
16525 93 NA
16526 96 NA
16527 96 NA
16528 101 NA
16529 101 NA
16530 107 NA
16531 112 NA
16532 112 NA
16533 117 NA
16534 117 NA
16535 112 NA
16536 107 NA
16537 103 NA
16538 103 NA
16539 108 NA
16540 114 NA
16541 114 NA
16542 120 NA
16543 126 NA
16544 132 NA
16545 132 NA
16546 132 NA
16547 127 NA
16548 122 NA
16549 122 NA
16550 117 NA
16551 112 NA
16552 112 NA
16553 107 NA
16554 107 NA
16555 103 NA
16556 103 NA
16557 109 NA
16558 109 NA
16559 115 NA
16560 115 NA
16561 121 NA
16562 121 NA
16563 127 NA
16564 127 NA
16565 123 NA
16566 123 NA
16567 125 NA
16568 125 NA
16569 132 NA
16570 132 NA
16571 131 NA
16572 131 NA
16573 135 NA
16574 135 NA
16575 142 NA
16576 142 NA
16577 150 NA
16578 150 NA
16579 147 NA
16580 147 NA
16581 143 NA
16582 143 NA
16583 143 NA
16584 143 NA
16585 144 NA
16586 144 NA
16587 149 NA
16588 150 NA
16589 150 NA
16590 150 NA
16591 150 NA
16592 150 NA
16593 150 NA
16594 142 NA
16595 135 NA
16596 135 NA
16597 130 NA
16598 128 NA
16599 128 NA
16600 125 NA
16601 122 NA
16602 122 NA
16603 127 NA
16604 127 NA
16605 134 NA
16606 141 NA
16607 149 NA
16608 149 NA
16609 151 NA
16610 151 NA
16611 146 NA
16612 145 NA
16613 145 NA
16614 147 NA
16615 147 NA
16616 142 NA
16617 142 NA
16618 147 NA
16619 147 NA
16620 150 NA
16621 150 NA
16622 150 NA
16623 150 NA
16624 150 NA
16625 147 NA
16626 150 NA
16627 150 NA
16628 147 NA
16629 143 NA
16630 143 NA
16631 145 NA
16632 145 NA
16633 150 NA
16634 150 NA
16635 151 NA
16636 150 NA
16637 150 NA
16638 148 NA
16639 148 NA
16640 149 NA
16641 149 NA
16642 148 NA
16643 148 NA
16644 145 NA
16645 142 NA
16646 142 NA
16647 148 NA
16648 148 NA
16649 146 NA
16650 146 NA
16651 139 NA
16652 139 NA
16653 138 NA
16654 139 NA
16655 139 NA
16656 134 NA
16657 134 NA
16658 132 NA
16659 132 NA
16660 128 NA
16661 128 NA
16662 133 NA
16663 133 NA
16664 140 NA
16665 147 NA
16666 152 NA
16668 152 NA
16669 152 NA
16670 152 NA
16671 152 NA
16672 151 NA
16673 151 NA
16674 151 NA
16675 151 NA
16676 152 NA
16677 151 NA
16678 149 NA
16679 150 NA
16680 150 NA
16681 150 NA
16682 150 NA
16683 152 NA
16684 150 NA
16685 150 NA
16686 147 NA
16687 147 NA
16688 139 NA
16689 132 NA
16690 132 NA
16691 126 NA
16692 126 NA
16693 124 NA
16694 124 NA
16695 124 NA
16696 124 NA
16697 130 NA
16698 130 NA
16699 131 NA
16700 131 NA
16701 125 NA
16702 125 NA
16703 119 NA
16704 119 NA
16705 114 NA
16706 114 NA
16707 110 NA
16708 110 NA
16709 106 NA
16710 106 NA
16711 100 NA
16712 100 NA
16714 95 NA
16717 87 NA
16719 85 NA
16720 85 NA
16721 84 NA
16722 84 NA
16723 82 NA
16724 82 NA
16725 79 NA
16726 77 NA
16727 77 NA
16728 76 NA
16729 75 NA
16730 75 NA
16731 72 NA
16732 72 NA
16733 70 NA
16734 70 NA
16735 71 NA
16736 71 NA
16737 70 NA
16738 70 NA
16739 68 NA
16740 68 NA
16741 68 NA
16742 68 NA
16743 71 NA
16744 71 NA
16745 70 NA
16746 69 NA
16747 69 NA
16748 69 NA
16749 71 NA
16750 74 NA
16751 74 NA
16752 77 NA
16753 77 NA
16754 81 NA
16755 81 NA
16756 84 NA
16757 84 NA
16759 85 NA
16760 88 NA
16761 88 NA
16762 88 NA
16763 86 NA
16764 88 NA
16765 88 NA
16766 90 NA
16767 90 NA
16768 91 NA
16769 89 NA
16770 89 NA
16771 87 NA
16772 87 NA
16773 88 NA
16774 88 NA
16775 88 NA
16776 88 NA
16777 89 NA
16778 89 NA
16779 89 NA
16780 86 NA
16781 86 NA
16782 83 NA
16783 83 NA
16784 81 NA
16785 81 NA
16786 76 NA
16787 76 NA
16788 72 NA
16789 72 NA
16790 68 NA
16791 70 NA
16792 70 NA
16793 73 NA
16794 70 NA
16795 70 NA
16796 68 NA
16797 67 NA
16798 66 NA
16799 66 NA
16800 67 NA
16801 67 NA
16802 69 NA
16803 69 NA
16804 69 NA
16805 69 NA
16807 71 NA
16808 75 NA
16809 75 NA
16810 73 NA
16811 70 NA
16812 70 NA
16813 70 NA
16814 70 NA
16815 70 NA
16816 70 NA
16817 74 NA
16818 74 NA
16819 78 NA
16820 78 NA
16821 82 NA
16822 82 NA
16823 87 NA
16824 87 NA
16825 92 NA
16826 94 NA
16827 98 NA
16828 103 NA
16829 109 NA
16830 115 NA
16831 120 NA
16832 120 NA
16833 126 NA
16834 137 NA
16835 137 NA
16836 142 NA
16837 150 NA
16838 150 NA
16839 150 NA
16840 148 NA
16841 148 NA
16842 148 NA
16843 148 NA
16844 148 NA
16845 148 NA
16846 148 NA
16847 147 NA
16848 147 NA
16849 144 NA
16850 144 NA
16851 148 NA
16852 148 NA
16853 148 NA
16854 148 NA
16855 147 NA
16856 147 NA
16857 147 NA
16858 147 NA
16859 146 NA
16860 146 NA
16861 148 NA
16862 148 NA
16863 148 NA
16864 148 NA
16865 146 NA
16866 146 NA
16867 141 NA
16869 148 NA
16870 148 NA
16871 148 NA
16872 148 NA
16873 148 NA
16874 148 NA
16875 149 NA
16876 149 NA
16878 149 NA
16879 148 NA
16880 148 NA
16881 145 NA
16882 145 NA
16883 147 NA
16884 147 NA
16885 148 NA
16886 145 NA
16887 141 NA
16888 141 NA
16889 141 NA
16890 141 NA
16891 144 NA
16892 144 NA
16893 144 NA
16894 144 NA
16895 145 NA
16896 145 NA
16897 147 NA
16898 149 NA
16899 149 NA
16900 149 NA
16901 148 NA
16902 148 NA
16903 146 NA
16904 146 NA
16905 148 NA
16906 148 NA
16907 149 NA
16908 148 NA
16909 148 NA
16910 148 NA
16911 148 NA
16912 146 NA
16913 139 NA
16914 139 NA
16915 140 NA
16916 140 NA
16917 139 NA
16918 134 NA
16919 129 NA
16920 129 NA
16921 123 NA
16922 118 NA
16923 114 NA
16924 114 NA
16925 109 NA
16926 114 NA
16927 113 NA
16928 113 NA
16929 114 NA
16930 115 NA
16931 115 NA
16932 115 NA
16933 115 NA
16934 118 NA
16935 118 NA
16936 121 NA
16937 121 NA
16938 125 NA
16939 120 NA
16940 120 NA
16941 114 NA
16942 114 NA
16943 110 NA
16944 110 NA
16945 105 NA
16946 99 NA
16947 95 NA
16949 91 NA
16950 90 NA
16951 89 NA
16952 90 NA
16953 90 NA
16954 92 NA
16955 92 NA
16956 94 NA
16957 94 NA
16958 93 NA
16959 93 NA
16960 93 NA
16966 101 NA
16968 92 NA
16969 92 NA
16970 89 NA
16971 89 NA
16972 88 NA
16973 88 NA
16974 88 NA
16975 89 NA
16976 90 NA
16977 90 NA
16978 89 NA
16979 89 NA
16980 85 NA
16981 81 NA
16982 81 NA
16984 75 NA
16985 75 NA
16986 75 NA
16987 75 NA
16988 77 NA
16989 77 NA
16990 76 NA
16991 76 NA
16992 73 NA
16993 70 NA
16994 70 NA
16998 63 NA
16999 61 NA
17000 61 NA
17001 61 NA
17006 73 NA
17007 73 NA
17014 84 NA
17015 86 NA
17016 86 NA
17017 83 NA
17018 83 NA
17019 85 NA
17020 85 NA
17021 85 NA
17022 89 NA
17023 90 NA
17024 90 NA
17025 89 NA
17026 89 NA
17027 89 NA
17028 89 NA
17029 90 NA
17031 91 NA
17032 91 NA
17033 88 NA
17034 88 NA
17035 88 NA
17036 89 NA
17037 89 NA
17038 89 NA
17039 89 NA
17040 89 NA
17042 89 NA
17044 89 NA
17045 89 NA
17046 89 NA
17047 91 NA
17048 91 NA
17049 92 NA
17050 92 NA
17051 93 NA
17052 93 NA
17053 93 NA
17054 95 NA
17055 95 NA
17056 95 NA
17057 95 NA
17058 91 NA
17059 91 NA
17060 88 NA
17061 88 NA
17062 91 NA
17063 91 NA
17064 94 NA
17069 96 NA
17070 96 NA
17071 97 NA
17072 97 NA
17073 101 NA
17075 103 NA
17076 100 NA
17077 100 NA
17078 101 NA
17079 101 NA
17080 102 NA
17081 102 NA
17083 106 NA
17084 106 NA
17085 107 NA
17086 107 NA
17087 107 NA
17088 107 NA
17089 109 NA
17091 111 NA
17092 111 NA
17093 113 NA
17094 113 NA
17095 113 NA
17096 114 NA
17097 114 NA
17098 114 NA
17099 112 NA
17100 111 NA
17101 111 NA
17102 112 NA
17103 112 NA
17104 117 NA
17105 117 NA
17106 119 NA
17107 119 NA
17108 119 NA
17109 118 NA
17110 118 NA
17111 116 NA
17112 116 NA
17113 116 NA
17114 118 NA
17115 118 NA
17117 121 NA
17118 124 NA
17119 124 NA
17123 126 NA
17124 127 NA
17125 127 NA
17126 128 NA
17127 128 NA
17129 127 NA
17130 128 NA
17131 128 NA
17132 128 NA
17133 128 NA
17134 132 NA
17135 132 NA
17136 136 NA
17138 139 NA
17139 139 NA
17140 142 NA
17141 142 NA
17142 148 NA
17143 148 NA
17144 154 NA
17145 154 NA
17146 159 NA
17147 159 NA
