"Index" "Price" "Volume"
14019 14 7
14020 14 7
14021 14 7
14022 14 7
14023 14 7
14024 14 7
14025 14 7
14026 14 7
14027 14 7
14028 14 7
14029 14 7
14030 14 7
14031 14 7
14032 14 7
14033 14 7
14034 14 7
14035 14 7
14036 14 7
14037 14 7
14038 14 7
14039 14 7
14040 14 7
14041 14 7
14042 14 7
14043 14 7
14044 14 7
14045 14 7
14046 14 7
14047 14 7
14048 14 7
14049 14 7
14050 14 7
14051 14 7
14052 14 7
14053 14 7
14054 14 7
14055 14 7
14056 14 7
14057 14 7
14058 14 7
14059 14 7
14060 14 7
14061 14 7
14062 14 7
14063 14 7
14064 14 7
14065 14 7
14066 14 7
14067 14 7
14068 14 7
14069 14 7
14070 14 7
14071 14 7
14072 14 7
14073 14 7
14074 14 7
14075 14 7
14076 14 7
14077 14 7
14078 14 7
14079 14 7
14080 14 7
14081 14 7
14082 14 7
14083 14 7
14084 14 7
14085 14 7
14086 14 7
14087 14 7
14088 14 7
14089 14 7
14090 14 7
14091 14 7
14092 14 7
14093 14 7
14094 14 7
14095 14 7
14096 14 7
14097 14 7
14098 14 7
14099 14 7
14100 14 7
14101 14 7
14102 14 7
14103 14 7
14104 14 7
14105 14 7
14106 14 7
14107 14 7
14108 14 7
14109 14 7
14110 14 7
14111 14 7
14112 14 7
14113 14 7
14114 14 7
14115 14 7
14116 14 7
14117 14 7
14118 14 7
14119 14 7
14120 14 7
14121 14 7
14122 14 7
14123 14 7
14124 14 7
14125 14 7
14126 14 7
14127 14 7
14128 14 7
14129 14 7
14130 14 7
14131 14 7
14132 14 7
14133 14 7
14134 14 7
14135 14 7
14136 14 7
14137 14 7
14138 14 7
14139 14 7
14140 14 7
14141 14 7
14142 14 7
14143 14 7
14144 14 7
14145 14 7
14146 14 7
14147 14 7
14148 14 7
14149 14 7
14150 14 7
14151 14 7
14152 14 7
14153 14 7
14154 14 7
14155 14 7
14156 14 7
14157 14 7
14158 14 7
14159 14 7
14160 14 7
14161 14 7
14162 14 7
14163 14 7
14164 14 7
14165 14 7
14166 14 7
14167 14 7
14168 13 7
14169 13 7
14170 13 7
14171 14 7
14172 14 7
14173 14 7
14174 14 7
14175 14 7
14176 14 7
14177 14 7
14178 14 7
14179 14 7
14180 14 7
14181 14 7
14182 14 7
14183 14 7
14184 14 7
14185 14 7
14186 14 7
14187 14 7
14188 14 7
14189 14 7
14190 14 7
14191 14 7
14192 14 7
14193 14 7
14194 14 7
14195 14 7
14196 14 7
14197 14 7
14198 14 7
14199 14 7
14200 14 7
14201 14 7
14202 14 7
14203 14 7
14204 14 7
14205 14 7
14206 14 7
14207 14 7
14208 14 7
14209 14 7
14210 14 7
14211 14 7
14212 14 7
14213 14 7
14214 14 7
14215 14 7
14216 14 7
14217 14 7
14218 14 7
14219 14 7
14220 14 7
14221 14 7
14222 14 7
14223 14 7
14224 14 7
14225 14 7
14226 14 7
14227 14 7
14228 14 7
14229 14 7
14230 14 7
14231 14 7
14232 14 7
14233 14 7
14234 14 7
14235 14 7
14236 14 7
14237 14 7
14238 14 7
14239 14 7
14240 14 7
14241 14 7
14242 14 7
14243 14 7
14244 14 7
14245 14 7
14246 14 7
14247 14 7
14248 14 7
14249 14 7
14250 14 7
14251 14 7
14252 14 7
14253 14 7
14254 14 7
14255 14 7
14256 14 7
14257 14 7
14258 14 7
14259 14 7
14260 14 7
14261 14 7
14262 14 7
14263 14 7
14264 14 7
14265 14 7
14266 14 7
14267 14 7
14268 14 7
14269 14 7
14270 14 7
14271 14 7
14272 14 7
14273 14 7
14274 14 7
14275 14 7
14276 14 7
14277 14 7
14278 14 7
14279 14 7
14280 14 7
14281 14 7
14282 14 7
14283 14 7
14284 14 7
14285 14 7
14286 14 7
14287 14 7
14288 14 7
14289 14 7
14290 14 7
14291 14 7
14292 14 7
14293 14 7
14294 14 7
14295 14 7
14296 14 7
14297 14 7
14298 14 7
14299 14 7
14300 14 7
14301 14 7
14302 14 7
14303 14 7
14304 14 7
14305 14 7
14306 14 7
14307 14 7
14308 14 7
14309 14 7
14310 14 7
14311 14 7
14312 14 7
14313 14 7
14314 14 7
14315 14 7
14316 14 7
14317 14 7
14318 14 7
14319 14 7
14320 14 7
14321 14 7
14322 14 7
14323 14 7
14324 14 7
14325 14 7
14326 14 7
14327 14 7
14328 14 7
14329 14 7
14330 14 7
14331 14 7
14332 14 7
14333 14 7
14334 14 7
14335 14 7
14336 14 7
14337 14 7
14338 14 7
14339 14 7
14340 14 7
14341 14 7
14342 14 7
14343 14 7
14344 14 7
14345 14 7
14346 14 7
14347 14 7
14348 14 7
14349 14 7
14350 14 7
14351 14 7
14352 14 7
14353 14 7
14354 14 7
14355 14 7
14356 14 7
14357 14 7
14358 14 7
14359 14 7
14360 14 7
14361 14 7
14362 14 7
14363 14 7
14364 14 7
14365 14 7
14366 14 7
14367 14 7
14368 14 7
14369 14 7
14370 14 7
14371 14 7
14372 14 7
14373 14 7
14374 14 7
14375 14 7
14376 14 7
14377 14 7
14378 14 7
14379 14 7
14380 14 7
14381 14 7
14382 14 7
14383 14 7
14384 14 7
14385 14 7
14386 14 7
14387 14 7
14388 14 7
14389 14 7
14390 14 7
14391 14 7
14392 14 7
14393 14 7
14394 14 7
14395 14 7
14396 14 7
14397 14 7
14398 14 7
14399 14 7
14400 14 7
14401 14 7
14402 14 7
14403 14 7
14404 14 7
14405 14 7
14406 14 7
14407 14 7
14408 14 7
14409 14 7
14410 14 7
14411 14 7
14412 14 7
14413 14 7
14414 14 7
14415 14 7
14416 14 7
14417 14 7
14418 14 7
14419 14 7
14420 14 7
14421 14 7
14422 14 7
14423 14 7
14424 14 7
14425 14 7
14426 14 7
14428 14 7
14429 14 7
14430 14 7
14431 14 7
14432 14 7
14433 14 7
14434 14 7
14435 14 7
14436 14 7
14437 14 7
14438 14 7
14439 14 7
14440 14 7
14441 14 7
14442 14 7
14443 14 7
14444 14 7
14445 14 7
14446 14 7
14447 14 7
14448 14 7
14449 14 7
14450 14 7
14451 14 7
14452 14 7
14453 14 7
14454 14 7
14455 14 7
14456 14 7
14457 14 7
14458 14 7
14459 14 7
14460 14 7
14461 14 7
14462 14 7
14463 14 7
14464 14 7
14465 14 7
14466 14 7
14467 14 7
14468 14 7
14469 14 7
14470 14 7
14471 14 7
14472 14 7
14473 14 7
14474 14 7
14475 14 7
14476 14 7
14477 14 7
14478 14 7
14479 14 7
14480 14 7
14481 14 7
14482 14 7
14483 14 7
14484 14 7
14485 14 7
14486 14 7
14487 14 7
14488 14 7
14489 14 7
14490 14 7
14491 14 7
14492 14 7
14493 14 7
14494 14 7
14495 14 7
14496 14 7
14497 14 7
14498 14 7
14499 14 7
14500 14 7
14501 14 7
14502 14 7
14503 14 7
14504 14 7
14505 14 7
14506 14 7
14507 14 7
14508 14 7
14509 14 7
14510 14 7
14511 14 7
14512 14 7
14513 14 7
14514 14 7
14515 14 7
14516 14 7
14517 14 7
14518 14 7
14519 14 7
14520 14 7
14521 14 7
14522 14 7
14523 14 7
14524 14 7
14525 14 7
14526 14 7
14527 14 7
14528 14 7
14529 14 7
14530 14 7
14531 14 7
14532 14 7
14533 14 7
14534 14 7
14535 14 7
14536 14 7
14537 14 7
14538 14 7
14539 14 7
14540 14 7
14541 14 7
14542 14 7
14543 14 7
14544 14 7
14545 14 7
14546 14 7
14547 14 7
14548 14 7
14549 14 7
14550 14 7
14551 14 7
14552 14 7
14553 14 7
14554 14 7
14555 14 7
14556 14 7
14557 14 7
14558 14 7
14559 14 7
14560 14 7
14561 14 7
14562 14 7
14563 14 7
14564 14 7
14565 14 7
14566 14 7
14567 14 7
14568 14 7
14569 14 7
14570 14 7
14571 14 7
14572 14 7
14573 14 7
14574 14 7
14575 14 7
14576 14 7
14577 14 7
14578 14 7
14579 14 7
14580 14 7
14581 14 7
14582 14 7
14583 14 7
14584 14 7
14585 14 7
14586 14 7
14587 14 7
14588 14 7
14589 14 7
14590 14 7
14591 14 7
14592 14 7
14593 14 8
14594 14 8
14595 14 8
14596 14 8
14597 14 8
14598 14 8
14599 14 8
14600 14 8
14601 14 8
14602 14 8
14603 14 8
14604 14 8
14605 14 8
14606 14 8
14607 14 8
14608 14 8
14609 14 8
14610 14 8
14611 14 8
14612 14 8.10344827586207
14613 14 8.20689655172414
14614 14 8.31034482758621
14615 14 8.41379310344828
14616 14 8.51724137931035
14617 14 8.62068965517241
14618 14 8.72413793103448
14619 14 8.82758620689655
14620 14 8.93103448275862
14621 14 9.03448275862069
14622 14 9.13793103448276
14623 14 9.24137931034483
14624 14 9.3448275862069
14625 14 9.44827586206897
14626 14 9.55172413793104
14627 14 9.6551724137931
14628 14 9.75862068965517
14629 14 9.86206896551724
14630 14 9.96551724137931
14631 14 10.0689655172414
14632 14 10.1724137931034
14633 14 10.2758620689655
14634 14 10.3793103448276
14635 14 10.4827586206897
14636 14 10.5862068965517
14637 14 10.6896551724138
14638 14 10.7931034482759
14639 14 10.8965517241379
14640 14 11
14641 14 11.1034482758621
14642 14 11.2068965517241
14643 14 11.3103448275862
14644 14 11.4137931034483
14645 14 11.5172413793103
14646 14 11.6206896551724
14647 14 11.7241379310345
14648 14 11.8275862068966
14649 14 11.9310344827586
14650 14 12.0344827586207
14651 14 12.1379310344828
14652 14 12.2413793103448
14653 14 12.3448275862069
14654 14 12.448275862069
14655 14 12.551724137931
14656 14 12.6551724137931
14657 14 12.7586206896552
14658 14 12.8620689655172
14659 14 12.9655172413793
14660 14 13.0689655172414
14661 14 13.1724137931034
14662 14 13.2758620689655
14663 14 13.3793103448276
14664 14 13.4827586206897
14665 14 13.5862068965517
14666 14 13.6896551724138
14667 14 13.7931034482759
14668 14 13.8965517241379
14669 14 14
14670 14 14
14671 14 14
14672 16 14
14673 16 14
14674 17 14
14675 18 14
14676 19 14
14677 20 14
14678 21 14
14679 23 14
14680 25 14
14681 29 14
14682 31 14
14683 33 14
14684 33 14
14685 35 14
14686 37 14
14687 39 14
14688 41 14
14689 44 14
14690 50 14
14691 53 14
14692 53 14
14693 59 14
14694 62 14
14695 62 14
14696 65 14
14697 63 14
14698 59 14
14699 58 14
14700 58 14
14701 59 14
14702 60 14
14703 62 14
14704 64 14
14705 65 14
14706 65 14
14707 67 14
14708 71 14
14709 71 14
14710 71 14
14711 69 14
14712 67 14
14713 67 14
14714 66 14
14715 70 14
14716 70 14
14717 71 14
14718 72 14
14719 72 14.0547945205479
14720 73 14.1095890410959
14721 73 14.1643835616438
14722 73 14.2191780821918
14723 73 14.2739726027397
14724 73 14.3287671232877
14725 73 14.3835616438356
14726 74 14.4383561643836
14727 72 14.4931506849315
14728 72 14.5479452054795
14729 72 14.6027397260274
14730 73 14.6575342465753
14731 73 14.7123287671233
14732 76 14.7671232876712
14733 76 14.8219178082192
14734 77 14.8767123287671
14735 77 14.9315068493151
14736 77 14.986301369863
14737 77 15.041095890411
14738 74 15.0958904109589
14739 74 15.1506849315068
14740 74 15.2054794520548
14741 74 15.2602739726027
14742 74 15.3150684931507
14743 73 15.3698630136986
14744 72 15.4246575342466
14745 72 15.4794520547945
14746 71 15.5342465753425
14747 69 15.5890410958904
14748 66 15.6438356164384
14749 66 15.6986301369863
14750 65 15.7534246575342
14751 66 15.8082191780822
14752 67 15.8630136986301
14753 69 15.9178082191781
14754 70 15.972602739726
14755 69 16.027397260274
14756 69 16.0821917808219
14757 68 16.1369863013699
14758 69 16.1917808219178
14759 69 16.2465753424658
14760 70 16.3013698630137
14761 70 16.3561643835616
14762 70 16.4109589041096
14763 70 16.4657534246575
14764 72 16.5205479452055
14765 72 16.5753424657534
14766 72 16.6301369863014
14767 73 16.6849315068493
14768 74 16.7397260273973
14769 76 16.7945205479452
14770 77 16.8493150684932
14771 74 16.9041095890411
14772 74 16.958904109589
14773 73 17.013698630137
14774 73 17.0684931506849
14775 74 17.1232876712329
14776 74 17.1780821917808
14777 74 17.2328767123288
14778 74 17.2876712328767
14779 74 17.3424657534247
14780 73 17.3972602739726
14781 72 17.4520547945205
14782 71 17.5068493150685
14783 71 17.5616438356164
14784 74 17.6164383561644
14785 74 17.6712328767123
14786 75 17.7260273972603
14787 75 17.7808219178082
14788 74 17.8356164383562
14789 75 17.8904109589041
14790 75 17.9452054794521
14791 75 18
14792 76 18
14793 77 18
14794 79 18
14795 76 18
14796 76 17
14797 74 17
14798 70 17
14799 72 17
14800 72 17
14801 74 17
14802 77 17
14803 80 17
14804 80 17
14805 79 17
14806 79 16
14807 79 16
14808 78 16
14809 77 16
14810 73 16
14811 73 16
14812 71 16
14813 70 16
14814 70 16
14815 72 16
14816 73 16
14817 73 15
14818 73 15
14819 72 15
14820 72 15
14821 73 15
14822 73 15
14823 75 15
14824 75 15
14825 75 15
14826 73 15
14827 71 14
14828 70 14
14829 69 14
14830 70 14
14831 70 14
14832 73 14
14833 73 14
14834 74 14
14835 75 14
14836 75 14
14837 72 14
14838 72 14
14839 72 14
14840 74 14
14841 74 14
14842 74 14
14843 75 14
14844 75 14
14845 77 14
14846 78 14
14847 78 13
14848 78 13
14849 78 13
14850 78 13
14851 78 13
14852 78 13
14853 78 13
14854 79 13
14855 82 13
14856 86 13
14857 82 13
14858 82 13
14859 78 13
14860 78 13
14861 78 13
14862 76 12
14863 75 12
14864 73 12
14865 73 12
14866 71 12
14867 71 12
14868 70 12
14869 70 12
14870 71 12
14871 71 12
14872 71 12
14873 71 11
14874 71 11
14875 71 11
14876 72 11
14877 71 11
14878 70 11
14879 70 11
14880 71 11
14881 71 11
14882 73 11
14883 73 10
14884 71 10
14885 69 10
14886 70 10
14887 72 10
14888 72 10
14889 74 10
14890 74 10
14891 74 10
14892 74 10
14893 76 10
14894 76 10
14895 75 10
14896 74 10
14897 70 10
14898 70 10
14899 68 10
14900 69 10
14901 70 9
14902 70 9
14903 70 9
14904 70 9
14905 69 9
14906 69 9
14907 68 9
14908 68 9
14909 69 9
14910 67 9
14911 66 9
14912 65 9
14913 65 9
14914 65 9
14915 65 9
14916 65 9
14917 66 9
14918 68 9
14919 68 9
14920 66 9
14921 68 9
14922 70 9
14923 70 9
14924 71 9
14925 71 9
14926 69 9
14927 66 10
14928 63 10
14929 63 10
14930 65 10
14931 65 10
14932 65 10
14933 65 10
14934 65 10
14935 65 10
14936 64 10
14937 65 10
14938 65 10
14939 65 10
14940 65 10
14941 67 10
14942 67 10
14943 68 9
14944 68 9
14945 68 9
14946 68 9
14947 67 8
14948 66 9
14949 65 9
14950 65 9
14951 64 10
14952 64 10
14953 64 10
14954 64 11
14955 65 11
14956 65 11
14957 64 11
14958 64 11
14959 64 11
14960 63 11
14961 63 11
14962 63 11
14963 63 11
14964 64 11
14965 62 11
14966 61 11
14967 61 12
14968 61 12
14969 61 12
14970 62 12
14971 60 12
14972 61 12
14973 62 12
14974 64 12
14975 64 12
14976 65 12
14977 65 11
14978 65 11
14979 64 11
14980 64 11
14981 63 11
14982 63 11
14983 61 11
14984 60 12
14985 60 12
14986 61 12
14987 60 12
14988 60 13
14989 60 13
14990 59 13
14991 57 13
14992 58 14
14993 60 14
14994 60 14
14995 62 15
14996 63 15
14997 63 16
14998 61 17
14999 61 18
15000 60 18
15001 57 19
15002 57 20
15003 56 21
15004 56 21
15005 54 22
15006 54 23
15007 50 24
15008 50 24
15009 50 25
15010 50 26
15011 52 27
15012 53 27
15013 56 28
15014 56 29
15015 56 29
15016 58 28
15017 58 28
15018 57 28
15019 57 28
15020 57 27
15021 57 27
15022 57 27
15023 57 27
15024 57 26
15025 54 26
15026 52 26
15027 50 27
15028 50 27
15029 48 28
15030 48 29
15031 47 28
15032 47 27
15033 45 27
15034 45 27
15035 45 28
15036 47 27
15037 47 26
15038 48 26
15039 47 25
15040 47 24
15041 47 26
15042 45 25
15043 45 24
15044 44 26
15045 44 24
15046 47 26
15047 48 25
15048 47 22
15049 47 21
15050 48 19
15051 48 19
15052 48 17
15053 48 21
15054 48 20
15055 47 20
15056 47 21
15057 47 22
15058 43 21
15059 43 23
15060 41 24
15061 41 23
15062 41 25
15063 40 22
15064 40 23
15065 41 24
15066 41 24
15067 41 21
15068 40 22
15069 40 23
15070 39 22
15071 39 23
15072 38 23
15073 36 21
15074 36 21
15075 36 21
15076 36 21
15077 36 20
15078 35 20
15079 35 19
15080 34 19
15081 34 18
15082 34 19
15083 34 20
15084 35 20
15085 35 21
15086 36 22
15087 37 23
15088 37 24
15089 38 23
15090 39 22
15091 39 20
15092 39 20
15093 39 20
15094 39 20
15095 38 20
15096 39 20
15097 40 20
15098 40 20
15099 40 19
15100 41 19
15101 42 19
15102 43 18
15103 43 18
15104 43 18
15105 43 19
15106 42 19
15107 41 19
15108 41 19
15109 40 18
15116 40 17.0666666666667
15119 42 16.6666666666667
15120 41 16.5333333333333
15121 40 16.4
15122 40 16.2666666666667
15123 39 16.1333333333333
15124 39 16
15125 39 17
15126 38 17
15127 38 17
15128 37 19
15129 37 20
15130 37 21
15131 37 21
15132 37 20
15133 36 21
15134 36 20
15135 35 19
15136 35 19
15137 34 18
15138 33 18
15139 33 18
15140 31 18
15141 31 18
15142 30 18
15143 31 19
15144 31 17
15145 31 19
15146 31 17
15147 31 20
15148 31 22
15149 32 22
15150 33 21
15151 34 21
15152 35 20
15153 35 19
15154 36 21
15155 36 21
15156 35 20
15157 36 20
15158 36 19
15159 36 19
15160 36 18
15161 35 18
15162 35 18
15163 35 18
15164 35 20
15165 34 19
15166 34 19
15167 34 19
15168 35 19
15169 35 19
15170 35 19
15171 35 19
15172 35 19
15173 35 19
15174 35 19
15175 35 19
15176 35 19
15177 36 19
15178 36 19
15179 35 19
15180 35 19
15181 35 19
15182 35 19
15183 35 19
15184 35 19
15185 35 20
15186 35 22
15187 36 21
15188 36 20
15189 36 22
15190 36 21
15191 36 21
15192 36 22
15193 36 21
15194 36 21
15195 36 21
15196 36 22
15197 36 22
15198 36 21
15199 37 20
15200 37 23
15201 37 22
15202 37 21
15203 37 19
15204 37 18
15205 37 18
15206 37 19
15207 37 18
15208 36 18
15209 36 18
15210 37 18
15217 37 18.2
15221 37 18.3142857142857
15222 36 18.3428571428571
15224 36 18.4
15226 37 18.4571428571429
15227 38 18.4857142857143
15228 39 18.5142857142857
15229 40 18.5428571428571
15232 39 18.6285714285714
15233 39 18.6571428571429
15235 36 18.7142857142857
15238 35 18.8
15244 35 18.9714285714286
15245 35 19
15247 36 18.4857142857143
15250 36 17.7142857142857
15252 35 17.2
15254 33 16.6857142857143
15256 32 16.1714285714286
15257 30 15.9142857142857
15258 28 15.6571428571429
15261 29 14.8857142857143
15264 29 14.1142857142857
15266 28 13.6
15267 29 13.3428571428571
15271 29 12.3142857142857
15273 27 11.8
15275 24 11.2857142857143
15277 23 10.7714285714286
15280 24 10
15281 24 11
15282 24 11
15283 24 11
15284 24 10
15285 24 10
15286 24 9
15287 26 8
15288 26 9
15289 27 9
15290 27 9
15291 29 7
15292 29 7
15293 29 7
15294 29 8
15295 30 9
15296 30 8
15297 31 9
15298 31 10
15299 32 9
15300 32 9
15301 32 8
15302 35 8
15303 35 8
15304 36 9
15307 36 9
15308 37 9
15310 37 9
15312 38 9
15313 39 9
15314 40 9
15315 40 9
15316 41 9
15317 42 9
15318 43 9
15319 44 9
15320 46 9
15321 48 9
15322 50 9
15323 52 10
15324 54 9
15325 55 9
15326 56 9
15327 57 9
15328 59 9
15329 61 10
15330 63 11
15331 63 11
15332 64 11
15333 63 11
15334 63 12
15335 63 12
15336 63 12
15337 63 12
15338 65 12
15339 68 12
15340 69 10
15341 70 11
15342 69 11
15343 69 11
15344 69 10
15345 67 10
15346 67 10
15347 65 9
15348 64 9
15349 62 9
15350 62 8
15351 64 8
15352 66 7
15353 68 8
15354 67 9
15355 65 11
15356 68 11
15357 71 11
15358 71 11
15359 72 11
15360 73 11
15361 72 11
15362 71 11
15363 72 10
15364 72 10
15365 75 10
15366 77 10
15367 78 10
15368 77 10
15369 76 10
15370 76 10
15371 77 10
15372 79 10
15373 78 10
15374 80 10
15375 81 10
15376 81 10
15377 82 10
15378 80 10
15379 80 10
15380 78 10
15381 78 10
15382 77 10
15383 75 11
15384 73 12
15385 73 11
15386 70 11
15387 66 10
15388 63 10
15389 73 9.99711538461538
15390 71 9.99423076923077
15391 68 9.99134615384615
15392 66 9.98846153846154
15393 65 9.98557692307692
15394 63 9.98269230769231
15395 62 9.97980769230769
15396 61 9.97692307692308
15397 61 9.97403846153846
15398 61 9.97115384615385
15399 62 9.96826923076923
15400 63 9.96538461538461
15401 63 9.9625
15402 63 9.95961538461538
15403 63 9.95673076923077
15404 63 9.95384615384615
15405 63 9.95096153846154
15406 62 9.94807692307692
15407 61 9.94519230769231
15408 61 9.94230769230769
15409 61 9.93942307692308
15410 61 9.93653846153846
15411 61 9.93365384615385
15412 61 9.93076923076923
15413 62 9.92788461538461
15414 62 9.925
15415 62 9.92211538461538
15416 63 9.91923076923077
15417 65 9.91634615384615
15418 66 9.91346153846154
15419 66 9.91057692307692
15420 66 9.90769230769231
15421 65 9.90480769230769
15422 64 9.90192307692308
15423 63 9.89903846153846
15424 61 9.89615384615385
15425 60 9.89326923076923
15426 59 9.89038461538462
15427 58 9.8875
15428 58 9.88461538461539
15429 59 9.88173076923077
15430 60 9.87884615384615
15431 59 9.87596153846154
15432 59 9.87307692307692
15433 59 9.87019230769231
15434 59 9.86730769230769
15435 59 9.86442307692308
15436 59 9.86153846153846
15437 59 9.85865384615385
15438 59 9.85576923076923
15439 59 9.85288461538462
15440 60 9.85
15441 61 9.84711538461539
15442 60 9.84423076923077
15443 59 9.84134615384615
15444 59 9.83846153846154
15445 59 9.83557692307692
15446 59 9.83269230769231
15447 59 9.82980769230769
15448 60 9.82692307692308
15449 60 9.82403846153846
15450 60 9.82115384615385
15451 60 9.81826923076923
15452 59 9.81538461538462
15453 59 9.8125
15454 59 9.80961538461538
15455 59 9.80673076923077
15456 59 9.80384615384615
15457 59 9.80096153846154
15458 60 9.79807692307692
15459 59 9.79519230769231
15460 60 9.79230769230769
15461 59 9.78942307692308
15462 57 9.78653846153846
15463 57 9.78365384615385
15464 55 9.78076923076923
15465 53 9.77788461538461
15466 53 9.775
15467 51 9.77211538461538
15468 50 9.76923076923077
15469 50 9.76634615384615
15470 49 9.76346153846154
15471 49 9.76057692307692
15472 49 9.75769230769231
15473 49 9.75480769230769
15474 49 9.75192307692308
15475 49 9.74903846153846
15476 51 9.74615384615385
15477 52 9.74326923076923
15478 53 9.74038461538461
15479 53 9.7375
15480 54 9.73461538461538
15481 53 9.73173076923077
15482 53 9.72884615384615
15483 53 9.72596153846154
15484 54 9.72307692307692
15485 55 9.72019230769231
15486 55 9.71730769230769
15487 55 9.71442307692308
15488 56 9.71153846153846
15489 55 9.70865384615385
15490 56 9.70576923076923
15491 56 9.70288461538462
15492 57 9.7
15493 57 9.69711538461539
15494 58 9.69423076923077
15495 59 9.69134615384615
15496 59 9.68846153846154
15497 58 9.68557692307692
15498 58 9.68269230769231
15499 57 9.67980769230769
15500 57 9.67692307692308
15501 57 9.67403846153846
15502 56 9.67115384615385
15503 56 9.66826923076923
15504 56 9.66538461538462
15505 55 9.6625
15506 55 9.65961538461539
15507 55 9.65673076923077
15508 55 9.65384615384615
15509 54 9.65096153846154
15510 54 9.64807692307692
15511 54 9.64519230769231
15512 54 9.64230769230769
15513 54 9.63942307692308
15514 53 9.63653846153846
15515 53 9.63365384615385
15516 53 9.63076923076923
15517 52 9.62788461538462
15518 52 9.625
15519 51 9.62211538461538
15520 51 9.61923076923077
15521 50 9.61634615384615
15522 50 9.61346153846154
15523 50 9.61057692307692
15524 48 9.60769230769231
15525 48 9.60480769230769
15526 48 9.60192307692308
15527 48 9.59903846153846
15528 49 9.59615384615385
15529 49 9.59326923076923
15530 48 9.59038461538461
15531 48 9.5875
15532 47 9.58461538461538
15533 46 9.58173076923077
15534 45 9.57884615384615
15535 45 9.57596153846154
15536 45 9.57307692307692
15537 44 9.57019230769231
15538 44 9.56730769230769
15539 44 9.56442307692308
15540 44 9.56153846153846
15541 44 9.55865384615385
15542 44 9.55576923076923
15543 44 9.55288461538461
15544 45 9.55
15545 45 9.54711538461538
15546 45 9.54423076923077
15547 46 9.54134615384615
15548 45 9.53846153846154
15549 45 9.53557692307692
15550 45 9.53269230769231
15551 45 9.52980769230769
15552 45 9.52692307692308
15553 44 9.52403846153846
15554 45 9.52115384615385
15555 46 9.51826923076923
15556 47 9.51538461538462
15557 47 9.5125
15558 48 9.50961538461539
15559 49 9.50673076923077
15560 50 9.50384615384615
15561 51 9.50096153846154
15562 52 9.49807692307692
15563 52 9.49519230769231
15564 52 9.49230769230769
15565 52 9.48942307692308
15566 52 9.48653846153846
15567 52 9.48365384615385
15568 52 9.48076923076923
15569 53 9.47788461538462
15570 53 9.475
15571 53 9.47211538461539
15572 53 9.46923076923077
15573 52 9.46634615384615
15574 51 9.46346153846154
15575 51 9.46057692307692
15576 51 9.45769230769231
15577 51 9.45480769230769
15578 51 9.45192307692308
15579 50 9.44903846153846
15580 50 9.44615384615385
15581 50 9.44326923076923
15582 49 9.44038461538462
15583 49 9.4375
15584 49 9.43461538461538
15585 50 9.43173076923077
15586 50 9.42884615384615
15587 50 9.42596153846154
15588 50 9.42307692307692
15589 50 9.42019230769231
15590 50 9.41730769230769
15591 49 9.41442307692308
15592 50 9.41153846153846
15593 50 9.40865384615385
15594 50 9.40576923076923
15595 50 9.40288461538461
15596 50 9.4
15597 49 9.39711538461538
15598 51 9.39423076923077
15599 51 9.39134615384615
15600 51 9.38846153846154
15601 52 9.38557692307692
15602 52 9.38269230769231
15603 52 9.37980769230769
15604 52 9.37692307692308
15605 52 9.37403846153846
15606 52 9.37115384615385
15607 52 9.36826923076923
15608 51 9.36538461538461
15609 50 9.3625
15610 50 9.35961538461538
15611 50 9.35673076923077
15612 50 9.35384615384615
15613 49 9.35096153846154
15614 48 9.34807692307692
15615 46 9.34519230769231
15616 47 9.34230769230769
15617 47 9.33942307692308
15618 47 9.33653846153846
15619 48 9.33365384615385
15620 49 9.33076923076923
15621 51 9.32788461538462
15622 52 9.325
15623 54 9.32211538461539
15624 57 9.31923076923077
15625 59 9.31634615384615
15626 61 9.31346153846154
15627 64 9.31057692307692
15628 65 9.30769230769231
15629 65 9.30480769230769
15630 66 9.30192307692308
15631 67 9.29903846153846
15632 68 9.29615384615385
15633 68 9.29326923076923
15634 68 9.29038461538462
15635 69 9.2875
15636 70 9.28461538461539
15637 70 9.28173076923077
15638 70 9.27884615384615
15639 70 9.27596153846154
15640 70 9.27307692307692
15641 70 9.27019230769231
15642 71 9.26730769230769
15643 70 9.26442307692308
15644 70 9.26153846153846
15645 70 9.25865384615385
15646 70 9.25576923076923
15647 70 9.25288461538462
15648 69 9.25
15649 69 9.24711538461538
15650 68 9.24423076923077
15651 67 9.24134615384615
15652 66 9.23846153846154
15653 65 9.23557692307692
15654 64 9.23269230769231
15655 63 9.22980769230769
15656 62 9.22692307692308
15657 61 9.22403846153846
15658 61 9.22115384615385
15659 59 9.21826923076923
15660 59 9.21538461538461
15661 59 9.2125
15662 59 9.20961538461538
15663 58 9.20673076923077
15664 57 9.20384615384615
15665 57 9.20096153846154
15666 54 9.19807692307692
15667 54 9.19519230769231
15668 51 9.19230769230769
15669 48 9.18942307692308
15670 45 9.18653846153846
15671 42 9.18365384615385
15672 39 9.18076923076923
15673 37 9.17788461538461
15674 35 9.175
15675 33 9.17211538461538
15676 31 9.16923076923077
15677 29 9.16634615384615
15678 27 9.16346153846154
15679 25 9.16057692307692
15680 23 9.15769230769231
15681 21 9.15480769230769
15682 21 9.15192307692308
15683 19 9.14903846153846
15684 18 9.14615384615385
15685 17 9.14326923076923
15686 17 9.14038461538462
15687 16 9.1375
15688 16 9.13461538461539
15689 15 9.13173076923077
15690 15 9.12884615384615
15691 14 9.12596153846154
15692 14 9.12307692307692
15693 13 9.12019230769231
15694 13 9.11730769230769
15695 12 9.11442307692308
15696 12 9.11153846153846
15697 11 9.10865384615385
15698 10 9.10576923076923
15699 9 9.10288461538462
15700 9 9.1
15701 8 9.09711538461539
15702 8 9.09423076923077
15703 7 9.09134615384615
15704 6 9.08846153846154
15705 5 9.08557692307692
15706 5 9.08269230769231
15707 4 9.07980769230769
15708 4 9.07692307692308
15709 3 9.07403846153846
15710 2 9.07115384615385
15711 2 9.06826923076923
15712 1 9.06538461538462
15713 1 9.0625
15714 1 9.05961538461538
15715 1 9.05673076923077
15716 1 9.05384615384615
15717 1 9.05096153846154
15718 1 9.04807692307692
15719 1 9.04519230769231
15720 1 9.04230769230769
15721 1 9.03942307692308
15722 1 9.03653846153846
15723 1 9.03365384615385
15724 1 9.03076923076923
15725 1 9.02788461538461
15726 1 9.025
15727 1 9.02211538461538
15728 1 9.01923076923077
15729 1 9.01634615384615
15730 1 9.01346153846154
15731 1 9.01057692307692
15732 1 9.00769230769231
15733 1 9.00480769230769
15734 1 9.00192307692308
15735 1 8.99903846153846
15736 1 8.99615384615385
15737 1 8.99326923076923
15738 1 8.99038461538461
15739 1 8.9875
15740 1 8.98461538461538
15741 1 8.98173076923077
15742 2 8.97884615384615
15743 2 8.97596153846154
15744 2 8.97307692307692
15745 3 8.97019230769231
15746 3 8.96730769230769
15747 3 8.96442307692308
15748 3 8.96153846153846
15749 4 8.95865384615385
15750 4 8.95576923076923
15751 4 8.95288461538462
15752 5 8.95
15753 5 8.94711538461539
15754 5 8.94423076923077
15755 5 8.94134615384615
15756 6 8.93846153846154
15757 6 8.93557692307692
15758 6 8.93269230769231
15759 6 8.92980769230769
15760 7 8.92692307692308
15761 7 8.92403846153846
15762 7 8.92115384615385
15763 7 8.91826923076923
15764 7 8.91538461538462
15765 7 8.9125
15766 8 8.90961538461539
15767 8 8.90673076923077
15768 8 8.90384615384615
15769 9 8.90096153846154
15770 9 8.89807692307692
15771 9 8.89519230769231
15772 10 8.89230769230769
15773 10 8.88942307692308
15774 10 8.88653846153846
15775 10 8.88365384615385
15776 10 8.88076923076923
15777 10 8.87788461538462
15778 10 8.875
15779 10 8.87211538461538
15780 10 8.86923076923077
15781 11 8.86634615384615
15782 11 8.86346153846154
15783 11 8.86057692307692
15784 11 8.85769230769231
15785 11 8.85480769230769
15786 11 8.85192307692308
15787 11 8.84903846153846
15788 11 8.84615384615385
15789 12 8.84326923076923
15790 12 8.84038461538461
15791 12 8.8375
15792 12 8.83461538461538
15793 12 8.83173076923077
15794 13 8.82884615384615
15795 13 8.82596153846154
15796 13 8.82307692307692
15797 13 8.82019230769231
15798 13 8.81730769230769
15799 13 8.81442307692308
15800 13 8.81153846153846
15801 13 8.80865384615385
15802 13 8.80576923076923
15803 13 8.80288461538461
15804 13 8.8
15805 13 8.79711538461538
15806 13 8.79423076923077
15807 13 8.79134615384615
15808 13 8.78846153846154
15809 13 8.78557692307692
15810 13 8.78269230769231
15811 13 8.77980769230769
15812 13 8.77692307692308
15813 13 8.77403846153846
15814 13 8.77115384615385
15815 13 8.76826923076923
15816 13 8.76538461538462
15817 13 8.7625
15818 13 8.75961538461539
15819 13 8.75673076923077
15820 13 8.75384615384615
15821 13 8.75096153846154
15822 13 8.74807692307692
15823 13 8.74519230769231
15824 13 8.74230769230769
15825 13 8.73942307692308
15826 12 8.73653846153846
15827 12 8.73365384615385
15828 12 8.73076923076923
15829 12 8.72788461538462
15830 12 8.725
15831 12 8.72211538461539
15832 12 8.71923076923077
15833 12 8.71634615384615
15834 12 8.71346153846154
15835 12 8.71057692307692
15836 12 8.70769230769231
15837 12 8.70480769230769
15838 12 8.70192307692308
15839 11 8.69903846153846
15840 11 8.69615384615385
15841 11 8.69326923076923
15842 11 8.69038461538462
15843 11 8.6875
15844 11 8.68461538461538
15845 11 8.68173076923077
15846 11 8.67884615384615
15847 11 8.67596153846154
15848 11 8.67307692307692
15849 11 8.67019230769231
15850 11 8.66730769230769
15851 12 8.66442307692308
15852 12 8.66153846153846
15853 12 8.65865384615385
15854 12 8.65576923076923
15855 12 8.65288461538461
15856 12 8.65
15857 12 8.64711538461538
15858 12 8.64423076923077
15859 12 8.64134615384615
15860 12 8.63846153846154
15861 12 8.63557692307692
15862 11 8.63269230769231
15863 11 8.62980769230769
15864 11 8.62692307692308
15865 11 8.62403846153846
15866 11 8.62115384615385
15867 10 8.61826923076923
15868 10 8.61538461538461
15869 10 8.6125
15870 10 8.60961538461538
15871 10 8.60673076923077
15872 9 8.60384615384615
15873 9 8.60096153846154
15874 9 8.59807692307692
15875 9 8.59519230769231
15876 8 8.59230769230769
15877 8 8.58942307692308
15878 8 8.58653846153846
15879 8 8.58365384615385
15880 8 8.58076923076923
15881 7 8.57788461538462
15882 7 8.575
15883 7 8.57211538461539
15884 7 8.56923076923077
15885 7 8.56634615384615
15886 7 8.56346153846154
15887 6 8.56057692307692
15888 6 8.55769230769231
15889 6 8.55480769230769
15890 6 8.55192307692308
15891 6 8.54903846153846
15892 6 8.54615384615385
15893 6 8.54326923076923
15894 6 8.54038461538462
15895 6 8.5375
15896 6 8.53461538461539
15897 6 8.53173076923077
15898 6 8.52884615384615
15899 6 8.52596153846154
15900 6 8.52307692307692
15901 6 8.52019230769231
15902 6 8.51730769230769
15903 6 8.51442307692308
15904 6 8.51153846153846
15905 6 8.50865384615385
15906 6 8.50576923076923
15907 6 8.50288461538462
15908 6 8.5
15909 6 8.49711538461538
15910 6 8.49423076923077
15911 6 8.49134615384615
15912 6 8.48846153846154
15913 6 8.48557692307692
15914 6 8.48269230769231
15915 6 8.47980769230769
15916 6 8.47692307692308
15917 6 8.47403846153846
15918 6 8.47115384615385
15919 6 8.46826923076923
15920 6 8.46538461538461
15921 6 8.4625
15922 6 8.45961538461538
15923 6 8.45673076923077
15924 6 8.45384615384615
15925 6 8.45096153846154
15926 6 8.44807692307692
15927 6 8.44519230769231
15928 6 8.44230769230769
15929 6 8.43942307692308
15930 6 8.43653846153846
15931 6 8.43365384615385
15932 6 8.43076923076923
15933 6 8.42788461538461
15934 6 8.425
15935 6 8.42211538461538
15936 6 8.41923076923077
15937 6 8.41634615384615
15938 6 8.41346153846154
15939 6 8.41057692307692
15940 6 8.40769230769231
15941 6 8.40480769230769
15942 6 8.40192307692308
15943 6 8.39903846153846
15944 6 8.39615384615385
15945 6 8.39326923076923
15946 6 8.39038461538462
15947 6 8.3875
15948 6 8.38461538461539
15949 6 8.38173076923077
15950 6 8.37884615384615
15951 6 8.37596153846154
15952 6 8.37307692307692
15953 6 8.37019230769231
15954 6 8.36730769230769
15955 6 8.36442307692308
15956 6 8.36153846153846
15957 6 8.35865384615385
15958 6 8.35576923076923
15959 6 8.35288461538462
15960 6 8.35
15961 6 8.34711538461539
15962 6 8.34423076923077
15963 6 8.34134615384615
15964 6 8.33846153846154
15965 6 8.33557692307692
15966 6 8.33269230769231
15967 6 8.32980769230769
15968 6 8.32692307692308
15969 6 8.32403846153846
15970 6 8.32115384615385
15971 6 8.31826923076923
15972 6 8.31538461538462
15973 6 8.3125
15974 6 8.30961538461538
15975 6 8.30673076923077
15976 6 8.30384615384615
15977 6 8.30096153846154
15978 6 8.29807692307692
15979 6 8.29519230769231
15980 6 8.29230769230769
15981 6 8.28942307692308
15982 6 8.28653846153846
15983 6 8.28365384615385
15984 6 8.28076923076923
15985 6 8.27788461538461
15986 6 8.275
15987 6 8.27211538461538
15988 6 8.26923076923077
15989 6 8.26634615384615
15990 6 8.26346153846154
15991 6 8.26057692307692
15992 6 8.25769230769231
15993 6 8.25480769230769
15994 6 8.25192307692308
15995 6 8.24903846153846
15996 6 8.24615384615385
15997 6 8.24326923076923
15998 6 8.24038461538461
15999 6 8.2375
16000 6 8.23461538461538
16001 6 8.23173076923077
16002 6 8.22884615384615
16003 6 8.22596153846154
16004 6 8.22307692307692
16005 6 8.22019230769231
16006 6 8.21730769230769
16007 6 8.21442307692308
16008 6 8.21153846153846
16009 6 8.20865384615385
16010 6 8.20576923076923
16011 6 8.20288461538462
16012 6 8.2
16013 6 8.19711538461539
16014 5 8.19423076923077
16015 5 8.19134615384615
16016 5 8.18846153846154
16017 5 8.18557692307692
16018 5 8.18269230769231
16019 5 8.17980769230769
16020 5 8.17692307692308
16021 5 8.17403846153846
16022 5 8.17115384615385
16023 5 8.16826923076923
16024 5 8.16538461538462
16025 5 8.1625
16026 5 8.15961538461539
16027 5 8.15673076923077
16028 5 8.15384615384615
16029 5 8.15096153846154
16030 5 8.14807692307692
16031 5 8.14519230769231
16032 5 8.14230769230769
16033 5 8.13942307692308
16034 5 8.13653846153846
16035 5 8.13365384615385
16036 5 8.13076923076923
16037 5 8.12788461538462
16038 5 8.125
16039 5 8.12211538461538
16040 5 8.11923076923077
16041 5 8.11634615384615
16042 5 8.11346153846154
16043 5 8.11057692307692
16044 5 8.10769230769231
16045 5 8.10480769230769
16046 5 8.10192307692308
16047 5 8.09903846153846
16048 5 8.09615384615385
16049 5 8.09326923076923
16050 5 8.09038461538461
16051 5 8.0875
16052 5 8.08461538461538
16053 5 8.08173076923077
16054 5 8.07884615384615
16055 5 8.07596153846154
16056 5 8.07307692307692
16057 5 8.07019230769231
16058 5 8.06730769230769
16059 5 8.06442307692308
16060 5 8.06153846153846
16061 5 8.05865384615385
16062 6 8.05576923076923
16063 6 8.05288461538461
16064 6 8.05
16065 6 8.04711538461538
16066 6 8.04423076923077
16067 6 8.04134615384615
16068 6 8.03846153846154
16069 6 8.03557692307692
16070 7 8.03269230769231
16071 7 8.02980769230769
16072 7 8.02692307692308
16073 7 8.02403846153846
16074 7 8.02115384615385
16075 7 8.01826923076923
16076 7 8.01538461538462
16077 8 8.0125
16078 8 8.00961538461539
16079 8 8.00673076923077
16080 8 8.00384615384615
16081 8 8.00096153846154
16082 8 7.99807692307692
16083 8 7.99519230769231
16084 8 7.99230769230769
16085 9 7.98942307692308
16086 9 7.98653846153846
16087 9 7.98365384615385
16088 9 7.98076923076923
16089 9 7.97788461538462
16090 9 7.975
16091 9 7.97211538461538
16092 10 7.96923076923077
16093 10 7.96634615384615
16094 10 7.96346153846154
16095 10 7.96057692307692
16096 10 7.95769230769231
16097 10 7.95480769230769
16098 10 7.95192307692308
16099 10 7.94903846153846
16100 10 7.94615384615385
16101 10 7.94326923076923
16102 10 7.94038461538462
16103 10 7.9375
16104 10 7.93461538461538
16105 10 7.93173076923077
16106 10 7.92884615384615
16107 11 7.92596153846154
16108 11 7.92307692307692
16109 11 7.92019230769231
16110 11 7.91730769230769
16111 11 7.91442307692308
16112 11 7.91153846153846
16113 11 7.90865384615385
16114 12 7.90576923076923
16115 12 7.90288461538462
16116 12 7.9
16117 12 7.89711538461538
16118 12 7.89423076923077
16119 12 7.89134615384615
16120 12 7.88846153846154
16121 12 7.88557692307692
16122 12 7.88269230769231
16123 12 7.87980769230769
16124 12 7.87692307692308
16125 12 7.87403846153846
16126 12 7.87115384615385
16127 12 7.86826923076923
16128 12 7.86538461538461
16129 12 7.8625
16130 11 7.85961538461538
16131 11 7.85673076923077
16132 11 7.85384615384615
16133 11 7.85096153846154
16134 11 7.84807692307692
16135 11 7.84519230769231
16136 11 7.84230769230769
16137 11 7.83942307692308
16138 11 7.83653846153846
16139 11 7.83365384615385
16140 11 7.83076923076923
16141 11 7.82788461538462
16142 11 7.825
16143 11 7.82211538461539
16144 11 7.81923076923077
16145 11 7.81634615384615
16146 11 7.81346153846154
16147 11 7.81057692307692
16148 11 7.80769230769231
16149 11 7.80480769230769
16150 11 7.80192307692308
16151 11 7.79903846153846
16152 11 7.79615384615385
16153 11 7.79326923076923
16154 11 7.79038461538462
16155 11 7.7875
16156 10 7.78461538461538
16157 10 7.78173076923077
16158 10 7.77884615384615
16159 10 7.77596153846154
16160 10 7.77307692307692
16161 10 7.77019230769231
16162 10 7.76730769230769
16163 10 7.76442307692308
16164 10 7.76153846153846
16165 9 7.75865384615385
16166 9 7.75576923076923
16167 9 7.75288461538462
16168 9 7.75
16169 9 7.74711538461538
16170 9 7.74423076923077
16171 9 7.74134615384615
16172 9 7.73846153846154
16173 9 7.73557692307692
16174 10 7.73269230769231
16175 10 7.72980769230769
16176 10 7.72692307692308
16177 10 7.72403846153846
16178 10 7.72115384615385
16179 10 7.71826923076923
16180 10 7.71538461538462
16181 10 7.7125
16182 10 7.70961538461538
16183 10 7.70673076923077
16184 10 7.70384615384615
16185 10 7.70096153846154
16186 10 7.69807692307692
16187 10 7.69519230769231
16188 10 7.69230769230769
16189 10 7.68942307692308
16190 10 7.68653846153846
16191 10 7.68365384615385
16192 10 7.68076923076923
16193 10 7.67788461538461
16194 10 7.675
16195 10 7.67211538461538
16196 10 7.66923076923077
16197 10 7.66634615384615
16198 10 7.66346153846154
16199 9 7.66057692307692
16200 9 7.65769230769231
16201 9 7.65480769230769
16202 9 7.65192307692308
16203 8 7.64903846153846
16204 8 7.64615384615385
16205 8 7.64326923076923
16206 8 7.64038461538462
16207 8 7.6375
16208 8 7.63461538461539
16209 8 7.63173076923077
16210 8 7.62884615384615
16211 8 7.62596153846154
16212 8 7.62307692307692
16213 8 7.62019230769231
16214 8 7.61730769230769
16215 8 7.61442307692308
16216 8 7.61153846153846
16217 8 7.60865384615385
16218 8 7.60576923076923
16219 8 7.60288461538462
16220 8 7.6
16221 8 7.59711538461538
16222 8 7.59423076923077
16223 7 7.59134615384615
16224 7 7.58846153846154
16225 7 7.58557692307692
16226 7 7.58269230769231
16227 7 7.57980769230769
16228 7 7.57692307692308
16229 7 7.57403846153846
16230 7 7.57115384615385
16231 7 7.56826923076923
16232 6 7.56538461538462
16233 6 7.5625
16234 6 7.55961538461538
16235 6 7.55673076923077
16236 6 7.55384615384615
16237 6 7.55096153846154
16238 6 7.54807692307692
16239 6 7.54519230769231
16240 5 7.54230769230769
16241 5 7.53942307692308
16242 5 7.53653846153846
16243 5 7.53365384615385
16244 5 7.53076923076923
16245 5 7.52788461538462
16246 5 7.525
16247 5 7.52211538461538
16248 5 7.51923076923077
16249 5 7.51634615384615
16250 5 7.51346153846154
16251 5 7.51057692307692
16252 5 7.50769230769231
16253 5 7.50480769230769
16254 5 7.50192307692308
16255 5 7.49903846153846
16256 5 7.49615384615385
16257 5 7.49326923076923
16258 5 7.49038461538461
16259 5 7.4875
16260 5 7.48461538461538
16261 5 7.48173076923077
16262 5 7.47884615384615
16263 5 7.47596153846154
16264 5 7.47307692307692
16265 5 7.47019230769231
16266 5 7.46730769230769
16267 5 7.46442307692308
16268 5 7.46153846153846
16269 5 7.45865384615385
16270 5 7.45576923076923
16271 5 7.45288461538462
16272 5 7.45
16273 5 7.44711538461539
16274 5 7.44423076923077
16275 5 7.44134615384615
16276 5 7.43846153846154
16277 5 7.43557692307692
16278 5 7.43269230769231
16279 5 7.42980769230769
16280 5 7.42692307692308
16281 5 7.42403846153846
16282 5 7.42115384615385
16283 5 7.41826923076923
16284 5 7.41538461538462
16285 5 7.4125
16286 5 7.40961538461538
16287 5 7.40673076923077
16288 5 7.40384615384615
16289 5 7.40096153846154
16290 5 7.39807692307692
16291 5 7.39519230769231
16292 5 7.39230769230769
16293 5 7.38942307692308
16294 5 7.38653846153846
16295 5 7.38365384615385
16296 5 7.38076923076923
16297 5 7.37788461538462
16298 5 7.375
16299 5 7.37211538461538
16300 5 7.36923076923077
16301 5 7.36634615384615
16302 5 7.36346153846154
16303 5 7.36057692307692
16304 5 7.35769230769231
16305 5 7.35480769230769
16306 5 7.35192307692308
16307 5 7.34903846153846
16308 5 7.34615384615385
16309 5 7.34326923076923
16310 5 7.34038461538462
16311 5 7.3375
16312 5 7.33461538461538
16313 5 7.33173076923077
16314 5 7.32884615384615
16315 5 7.32596153846154
16316 5 7.32307692307692
16317 5 7.32019230769231
16318 5 7.31730769230769
16319 5 7.31442307692308
16320 5 7.31153846153846
16321 5 7.30865384615385
16322 5 7.30576923076923
16323 5 7.30288461538461
16324 5 7.3
16325 5 7.29711538461538
16326 5 7.29423076923077
16327 5 7.29134615384615
16328 5 7.28846153846154
16329 5 7.28557692307692
16330 5 7.28269230769231
16331 5 7.27980769230769
16332 5 7.27692307692308
16333 5 7.27403846153846
16334 5 7.27115384615385
16335 5 7.26826923076923
16336 5 7.26538461538462
16337 5 7.2625
16338 5 7.25961538461539
16339 5 7.25673076923077
16340 5 7.25384615384615
16341 5 7.25096153846154
16342 5 7.24807692307692
16343 5 7.24519230769231
16344 5 7.24230769230769
16345 5 7.23942307692308
16346 5 7.23653846153846
16347 5 7.23365384615385
16348 5 7.23076923076923
16349 5 7.22788461538462
16350 5 7.225
16351 5 7.22211538461538
16352 5 7.21923076923077
16353 5 7.21634615384615
16354 5 7.21346153846154
16355 4 7.21057692307692
16356 4 7.20769230769231
16357 4 7.20480769230769
16358 4 7.20192307692308
16359 4 7.19903846153846
16360 4 7.19615384615385
16361 4 7.19326923076923
16362 4 7.19038461538462
16363 4 7.1875
16364 4 7.18461538461538
16365 3 7.18173076923077
16366 3 7.17884615384615
16367 3 7.17596153846154
16368 3 7.17307692307692
16369 3 7.17019230769231
16370 3 7.16730769230769
16371 3 7.16442307692308
16372 3 7.16153846153846
16373 3 7.15865384615385
16374 3 7.15576923076923
16375 3 7.15288461538462
16376 3 7.15
16377 3 7.14711538461538
16378 3 7.14423076923077
16379 3 7.14134615384615
16380 3 7.13846153846154
16381 3 7.13557692307692
16382 3 7.13269230769231
16383 3 7.12980769230769
16384 3 7.12692307692308
16385 3 7.12403846153846
16386 3 7.12115384615385
16387 3 7.11826923076923
16388 3 7.11538461538461
16389 3 7.1125
16390 3 7.10961538461538
16391 3 7.10673076923077
16392 3 7.10384615384615
16393 3 7.10096153846154
16394 3 7.09807692307692
16395 3 7.09519230769231
16396 3 7.09230769230769
16397 3 7.08942307692308
16398 3 7.08653846153846
16399 3 7.08365384615385
16400 3 7.08076923076923
16401 3 7.07788461538462
16402 3 7.075
16403 3 7.07211538461539
16404 3 7.06923076923077
16405 3 7.06634615384615
16406 3 7.06346153846154
16407 4 7.06057692307692
16408 4 7.05769230769231
16409 4 7.05480769230769
16410 4 7.05192307692308
16411 4 7.04903846153846
16412 4 7.04615384615385
16413 4 7.04326923076923
16414 4 7.04038461538462
16415 4 7.0375
16416 4 7.03461538461538
16417 4 7.03173076923077
16418 4 7.02884615384615
16419 4 7.02596153846154
16420 4 7.02307692307692
16421 4 7.02019230769231
16422 4 7.01730769230769
16423 4 7.01442307692308
16424 4 7.01153846153846
16425 4 7.00865384615385
16426 4 7.00576923076923
16427 4 7.00288461538462
16428 4 7
16429 3 8
16430 3 8
16431 3 8
16432 3 8
16433 3 8
16434 3 8
16435 3 8
16436 3 8
16437 3 8
16438 3 8
16439 3 8
16440 3 8
16441 3 8
16442 3 8
16443 3 8
16444 3 8
16445 3 8
16446 3 8
16447 3 8
16448 3 8
16449 3 8
16450 3 8
16451 3 8
16452 3 8
16453 3 8
16454 3 8
16455 3 8
16456 3 8
16457 3 8
16458 3 8
16459 4 8
16460 4 8
16461 4 8
16462 4 8
16463 4 8
16464 4 8
16465 4 8
16466 4 8
16467 4 8
16468 4 8
16469 3 8
16470 3 8
16471 3 8
16472 3 8
16473 3 8
16474 3 8
16475 3 8
16476 3 8
16477 3 8
16478 3 8
16479 3 8
16480 3 8
16481 3 8
16482 3 8
16483 3 8
16484 3 8
16485 3 8
16486 3 8
16487 3 8
16488 3 8
16489 3 8
16490 3 8
16491 3 8
16492 3 8
16493 3 8
16494 3 8
16495 3 8
16496 3 8
16497 3 8
16498 4 8
16499 4 8
16500 4 8
16501 4 8
16502 4 8
16503 4 8
16504 4 8
16505 4 8
16506 4 8
16507 4 8
16508 4 8
16509 4 8
16510 4 8
16511 4 8
16512 4 8
16513 4 8
16514 4 8
16515 4 8
16516 4 8
16517 4 8
16518 4 8
16519 4 8
16520 4 8
16521 4 8
16522 5 8
16523 5 8
16524 5 8
16525 5 8
16526 5 8
16527 5 8
16528 5 8
16529 5 8
16530 5 8
16531 5 8
16532 5 8
16533 5 8
16534 5 8
16535 5 8
16536 5 8
16537 5 8
16538 5 8
16539 5 8
16540 5 8
16541 5 8
16542 5 8
16543 5 8
16544 5 8
16545 5 8
16546 5 8
16547 5 8
16548 5 8
16549 5 8
16550 5 8
16551 5 8
16552 5 8
16553 5 8
16554 5 8
16555 5 8
16556 5 8
16557 5 8
16558 5 8
16559 5 8
16560 5 8
16561 5 8
16562 5 8
16563 5 8
16564 5 8
16565 5 8
16566 5 8
16567 5 8
16568 5 8
16569 5 8
16570 5 8
16571 6 8
16572 6 8
16573 6 8
16574 6 8
16575 6 8
16576 6 8
16577 6 8
16578 6 8
16579 6 8
16580 6 8
16581 6 8
16582 6 8
16583 6 8
16584 6 8
16585 6 8
16586 6 8
16587 6 8
16588 6 8
16589 6 8
16590 6 8
16591 6 8
16592 6 8
16593 6 8
16594 6 8
16595 6 8
16596 6 8
16597 6 8
16598 5 8
16599 5 8
16600 5 8
16601 5 8
16602 5 8
16603 5 8
16604 5 8
16605 5 8
16606 5 8
16607 5 8
16608 5 8
16609 5 8
16610 5 8
16611 5 8
16612 5 8
16613 5 8
16614 5 8
16615 5 8
16616 5 8
16617 5 8
16618 5 8
16619 5 8
16620 5 8
16621 5 8
16622 5 8
16623 5 8
16624 5 8
16625 5 8
16626 5 8
16627 4 8
16628 4 8
16629 4 8
16630 4 8
16631 4 8
16632 4 8
16633 4 8
16634 4 8
16635 4 8
16636 4 8
16637 4 8
16638 4 8
16639 4 8
16640 4 8
16641 4 8
16642 4 8
16643 4 8
16644 4 8
16645 4 8
16646 4 8
16647 4 8
16648 4 8
16649 4 8
16650 4 8
16651 4 8
16652 4 8
16653 4 8
16654 4 8
16655 4 8
16656 4 8
16657 4 8
16658 4 8
16659 4 8
16660 5 8
16661 6 8
16662 7 8
16663 7 8
16664 8 8
16665 9 8
16666 9 8
16668 9 8
16669 9 8
16670 9 8
16671 9 8
16672 9 8
16673 9 8
16674 9 8
16675 9 8
16676 9 8
16677 9 8
16678 9 8
16679 9 8
16680 9 8
16681 9 8
16682 9 8
16683 9 8
16684 9 8
16685 9 8
16686 9 8
16687 9 8
16688 9 8
16689 9 8
16690 9 8
16691 9 8
16692 8 8
16693 8 8
16694 8 8
16695 8 8
16696 8 8
16697 8 8
16698 8 8
16699 8 8
16700 8 8
16701 8 8
16702 8 8
16703 8 8
16704 8 8
16705 8 8
16706 8 8
16707 7 8
16708 7 8
16709 7 8
16710 7 8
16711 7 8
16712 7 8
16714 7 8
16717 7 8
16719 7 8
16720 7 8
16721 7 8
16722 7 8
16723 6 8
16724 6 8
16725 6 8
16726 6 8
16727 6 8
16728 6 8
16729 6 8
16730 6 8
16731 6 8
16732 6 8
16733 6 8
16734 6 8
16735 6 8
16736 6 8
16737 6 8
16738 6 8
16739 6 8
16740 6 8
16741 6 8
16742 6 8
16743 6 8
16744 6 8
16745 6 8
16746 6 8
16747 6 8
16748 6 8
16749 6 8
16750 6 8
16751 6 8
16752 6 8
16753 6 8
16754 6 8
16755 6 8
16756 6 8
16757 6 8
16759 6 8
16760 6 8
16761 6 8
16762 6 8
16763 6 8
16764 6 8
16765 6 8
16766 6 8
16767 6 8
16768 6 8
16769 6 8
16770 6 8
16771 6 8
16772 6 8
16773 6 8
16774 6 8
16775 6 8
16776 6 8
16777 6 8
16778 6 8
16779 6 8
16780 6 8
16781 6 8
16782 6 8
16783 6 8
16784 6 8
16785 6 8
16786 6 8
16787 6 8
16788 6 8
16789 6 8
16790 6 8
16791 6 8
16792 6 8
16793 6 8
16794 6 8
16795 6 8
16796 6 8
16797 6 8
16798 6 8
16799 6 8
16800 6 8
16801 7 8
16802 7 8
16803 7 8
16804 7 8
16805 7 8
16807 7 8
16808 7 8
16809 7 8
16810 7 8
16811 7 8
16812 7 8
16813 7 8
16814 7 8
16815 7 8
16816 7 8
16817 7 8
16818 7 8
16819 7 8
16820 7 8
16821 7 8
16822 7 8
16823 7 8
16824 7 8
16825 7 8
16826 8 8
16827 8 8
16828 8 8
16829 9 8
16830 9 8
16831 9 8
16832 9 8
16833 9 8
16834 9 8
16835 9 8
16836 10 8
16837 10 8
16838 10 8
16839 10 8
16840 10 8
16841 10 8
16842 10 8
16843 10 8
16844 10 8
16845 10 8
16846 10 8
16847 11 8
16848 11 8
16849 11 8
16850 11 8
16851 11 8
16852 11 8
16853 11 8
16854 11 8
16855 11 8
16856 11 8
16857 11 8
16858 12 8
16859 12 8
16860 12 8
16861 12 8
16862 12 8
16863 12 8
16864 12 8
16865 12 8
16866 13 8
16867 13 8
16869 13 8
16870 13 8
16871 13 8
16872 13 8
16873 13 8
16874 14 8
16875 14 8
16876 14 8
16878 14 8
16879 14 8
16880 14 8
16881 15 8
16882 15 8
16883 15 8
16884 15 8
16885 15 8
16886 15 8
16887 15 8
16888 15 8
16889 16 8
16890 16 8
16891 16 8
16892 16 8
16893 16 8
16894 16 8
16895 16 8
16896 16 8
16897 17 8
16898 17 8
16899 17 8
16900 17 8
16901 17 8
16902 17 8
16903 17 8
16904 17 8
16905 18 8
16906 18 8
16907 18 8
16908 18 8
16909 18 8
16910 18 8
16911 18 8
16912 18 8
16913 18 8
16914 18 8
16915 18 8
16916 18 8
16917 18 8
16918 18 8
16919 18 8
16920 18 8
16921 18 8
16922 18 8
16923 18 8
16924 18 8
16925 18 8
16926 18 8
16927 18 8
16928 18 8
16929 18 8
16930 18 8
16931 18 8
16932 18 8
16933 18 8
16934 18 8
16935 18 8
16936 18 8
16937 18 8
16938 18 8
16939 18 8
16940 18 8
16941 18 8
16942 18 8
16943 18 8
16944 18 8
16945 18 8
16946 18 8
16947 18 8
16949 18 8
16950 18 8
16951 18 8
16952 18 8
16953 18 8
16954 18 8
16955 18 8
16956 18 8
16957 18 8
16958 18 8
16959 18 8
16960 18 8
16966 19 8
16968 20 8
16969 20 8
16970 20 8
16971 20 8
16972 21 8
16973 21 8
16974 21 8
16975 21 8
16976 21 8
16977 21 8
16978 23 8
16979 23 8
16980 23 8
16981 23 8
16982 23 8
16984 24 8
16985 24 8
16986 24 8
16987 24 8
16988 24 8
16989 24 8
16990 25 8
16991 25 8
16992 25 8
16993 25 8
16994 25 8
16998 27 8
16999 27 8
17000 27 8
17001 27 8
17006 28 8
17007 28 8
17014 28 8
17015 28 8
17016 28 8
17017 28 8
17018 28 8
17019 28 8
17020 28 8
17021 28 8
17022 28 8
17023 28 8
17024 28 8
17025 28 8
17026 28 8
17027 28 8
17028 28 8
17029 28 8
17031 28 8
17032 27 8
17033 27 8
17034 27 8
17035 27 8
17036 27 8
17037 27 8
17038 27 8
17039 27 8
17040 27 8
17042 27 8
17044 27 8
17045 27 8
17046 27 8
17047 29 8
17048 29 8
17049 29 8
17050 29 8
17051 29 8
17052 29 8
17053 29 8
17054 29 8
17055 30 8
17056 30 8
17057 30 8
17058 30 8
17059 30 8
17060 30 8
17061 30 8
17062 31 8
17063 31 8
17064 31 8
17069 32 8
17070 32 8
17071 32 8
17072 32 8
17073 31 8
17075 31 8
17076 31 8
17077 31 8
17078 31 8
17079 31 8
17080 31 8
17081 31 8
17083 31 8
17084 31 8
17085 31 8
17086 32 8
17087 32 8
17088 32 8
17089 32 8
17091 32 8
17092 32 8
17093 32 8
17094 32 8
17095 32 8
17096 32 8
17097 32 8
17098 32 8
17099 33 8
17100 33 8
17101 33 8
17102 33 8
17103 33 8
17104 33 8
17105 33 8
17106 33 8
17107 33 8
17108 33 8
17109 33 8
17110 33 8
17111 33 8
17112 33 8
17113 33 8
17114 35 8
17115 35 8
17117 35 8
17118 35 8
17119 35 8
17123 36 8
17124 36 8
17125 36 8
17126 36 8
17127 36 8
17129 37 8
17130 37 8
17131 37 8
17132 37 8
17133 37 8
17134 37 8
17135 37 8
17136 37 8
17138 37 8
17139 37 8
17140 38 8
17141 38 8
17142 38 8
17143 38 8
17144 38 8
17145 38 8
17146 38 8
17147 38 8
17148 38 8
17149 38 8
