"Index" "Price" "Volume"
14019 11 NA
14020 11 NA
14021 11 NA
14022 11 NA
14023 11 NA
14024 11 NA
14025 11 NA
14026 11 NA
14027 11 NA
14028 11 NA
14029 11 NA
14030 11 NA
14031 11 NA
14032 11 NA
14033 11 NA
14034 11 NA
14035 11 NA
14036 11 NA
14037 11 NA
14038 11 NA
14039 11 NA
14040 11 NA
14041 11 NA
14042 11 NA
14043 11 NA
14044 11 NA
14045 11 NA
14046 11 NA
14047 11 NA
14048 11 NA
14049 11 NA
14050 11 NA
14051 11 NA
14052 11 NA
14053 11 NA
14054 11 NA
14055 11 NA
14056 11 NA
14057 11 NA
14058 11 NA
14059 11 NA
14060 11 NA
14061 11 NA
14062 11 NA
14063 11 NA
14064 11 NA
14065 11 NA
14066 11 NA
14067 11 NA
14068 11 NA
14069 11 NA
14070 11 NA
14071 11 NA
14072 11 NA
14073 11 NA
14074 11 NA
14075 11 NA
14076 11 NA
14077 11 NA
14078 11 NA
14079 11 NA
14080 11 NA
14081 11 NA
14082 11 NA
14083 11 NA
14084 11 NA
14085 11 NA
14086 11 NA
14087 11 NA
14088 11 NA
14089 11 NA
14090 11 NA
14091 11 NA
14092 11 NA
14093 11 NA
14094 11 NA
14095 11 NA
14096 11 NA
14097 11 NA
14098 11 NA
14099 11 NA
14100 11 NA
14101 11 NA
14102 11 NA
14103 11 NA
14104 11 NA
14105 11 NA
14106 11 NA
14107 11 NA
14108 11 NA
14109 11 NA
14110 12 NA
14111 12 NA
14112 12 NA
14113 12 NA
14114 12 NA
14115 12 NA
14116 12 NA
14117 12 NA
14118 12 NA
14119 13 NA
14120 13 NA
14121 13 NA
14122 13 NA
14123 13 NA
14124 13 NA
14125 13 NA
14126 13 NA
14127 14 NA
14128 14 NA
14129 14 NA
14130 14 NA
14131 14 NA
14132 14 NA
14133 14 NA
14134 14 NA
14135 14 NA
14136 15 NA
14137 15 NA
14138 15 NA
14139 15 NA
14140 15 NA
14141 15 NA
14142 15 NA
14143 15 NA
14144 15 NA
14145 15 NA
14146 15 NA
14147 15 NA
14148 15 NA
14149 16 NA
14150 16 NA
14151 16 NA
14152 16 NA
14153 16 NA
14154 16 NA
14155 16 NA
14156 16 NA
14157 16 NA
14158 17 NA
14159 17 NA
14160 17 NA
14161 17 NA
14162 17 NA
14163 17 NA
14164 17 NA
14165 17 NA
14166 17 NA
14167 17 NA
14168 17 NA
14169 17 NA
14170 17 NA
14171 18 NA
14172 18 NA
14173 18 NA
14174 18 NA
14175 18 NA
14176 18 NA
14177 18 NA
14178 18 NA
14179 18 NA
14180 18 NA
14181 18 NA
14182 18 NA
14183 18 NA
14184 18 NA
14185 19 NA
14186 19 NA
14187 19 NA
14188 19 NA
14189 19 NA
14190 19 NA
14191 19 NA
14192 19 NA
14193 19 NA
14194 19 NA
14195 19 NA
14196 19 NA
14197 19 NA
14198 20 NA
14199 20 NA
14200 20 NA
14201 20 NA
14202 20 NA
14203 20 NA
14204 20 NA
14205 20 NA
14206 20 NA
14207 20 NA
14208 20 NA
14209 20 NA
14210 20 NA
14211 21 NA
14212 21 NA
14213 21 NA
14214 21 NA
14215 21 NA
14216 21 NA
14217 21 NA
14218 21 NA
14219 21 NA
14220 21 NA
14221 23 NA
14222 23 NA
14223 23 NA
14224 23 NA
14225 23 NA
14226 23 NA
14227 23 NA
14228 23 NA
14229 23 NA
14230 23 NA
14231 23 NA
14232 23 NA
14233 23 NA
14234 24 NA
14235 24 NA
14236 24 NA
14237 24 NA
14238 24 NA
14239 24 NA
14240 24 NA
14241 24 NA
14242 24 NA
14243 24 NA
14244 26 NA
14245 26 NA
14246 26 NA
14247 26 NA
14248 26 NA
14249 26 NA
14250 26 NA
14251 26 NA
14252 26 NA
14253 26 NA
14254 27 NA
14255 27 NA
14256 27 NA
14257 27 NA
14258 27 NA
14259 27 NA
14260 27 NA
14261 27 NA
14262 27 NA
14263 27 NA
14264 28 NA
14265 28 NA
14266 28 NA
14267 28 NA
14268 28 NA
14269 28 NA
14270 28 NA
14271 28 NA
14272 29 NA
14273 29 NA
14274 29 NA
14275 29 NA
14276 29 NA
14277 29 NA
14278 29 NA
14279 29 NA
14280 31 NA
14281 31 NA
14282 31 NA
14283 31 NA
14284 31 NA
14285 31 NA
14286 31 NA
14287 31 NA
14288 31 NA
14289 33 NA
14290 33 NA
14291 33 NA
14292 33 NA
14293 33 NA
14294 33 NA
14295 33 NA
14296 34 NA
14297 34 NA
14298 34 NA
14299 34 NA
14300 34 NA
14301 34 NA
14302 34 NA
14303 34 NA
14304 34 NA
14305 34 NA
14306 34 NA
14307 34 NA
14308 34 NA
14309 34 NA
14310 34 NA
14311 34 NA
14312 34 NA
14313 34 NA
14314 34 NA
14315 34 NA
14316 34 NA
14317 34 NA
14318 34 NA
14319 34 NA
14320 34 NA
14321 34 NA
14322 34 NA
14323 34 NA
14324 34 NA
14325 34 NA
14326 34 NA
14327 34 NA
14328 34 NA
14329 34 NA
14330 34 NA
14331 34 NA
14332 34 NA
14333 34 NA
14334 34 NA
14335 34 NA
14336 35 NA
14337 35 NA
14338 35 NA
14339 35 NA
14340 35 NA
14341 35 NA
14342 35 NA
14343 35 NA
14344 35 NA
14345 36 NA
14346 36 NA
14347 36 NA
14348 36 NA
14349 36 NA
14350 36 NA
14351 36 NA
14352 36 NA
14353 36 NA
14354 36 NA
14355 36 NA
14356 37 NA
14357 37 NA
14358 37 NA
14359 37 NA
14360 37 NA
14361 37 NA
14362 37 NA
14363 37 NA
14364 37 NA
14365 37 NA
14366 37 NA
14367 36 NA
14368 36 NA
14369 36 NA
14370 36 NA
14371 36 NA
14372 36 NA
14373 36 NA
14374 36 NA
14375 36 NA
14376 36 NA
14377 36 NA
14378 36 NA
14379 35 NA
14380 35 NA
14381 35 NA
14382 35 NA
14383 35 NA
14384 35 NA
14385 35 NA
14386 35 NA
14387 35 NA
14388 35 NA
14389 35 NA
14390 35 NA
14391 35 NA
14392 35 NA
14393 35 NA
14394 35 NA
14395 35 NA
14396 35 NA
14397 35 NA
14398 35 NA
14399 35 NA
14400 36 NA
14401 36 NA
14402 36 NA
14403 36 NA
14404 36 NA
14405 36 NA
14406 36 NA
14407 36 NA
14408 36 NA
14409 36 NA
14410 36 NA
14411 36 NA
14412 36 NA
14413 36 NA
14414 36 NA
14415 36 NA
14416 36 NA
14417 36 NA
14418 36 NA
14419 36 NA
14420 36 NA
14421 36 NA
14422 36 NA
14423 36 NA
14424 36 NA
14425 36 NA
14426 36 NA
14428 36 NA
14429 36 NA
14430 36 NA
14431 36 NA
14432 36 NA
14433 36 NA
14434 36 NA
14435 36 NA
14436 36 NA
14437 36 NA
14438 36 NA
14439 36 NA
14440 36 NA
14441 36 NA
14442 36 NA
14443 36 NA
14444 36 NA
14445 36 NA
14446 36 NA
14447 37 NA
14448 37 NA
14449 37 NA
14450 37 NA
14451 37 NA
14452 37 NA
14453 37 NA
14454 38 NA
14455 38 NA
14456 38 NA
14457 38 NA
14458 38 NA
14459 38 NA
14460 38 NA
14461 38 NA
14462 38 NA
14463 39 NA
14464 39 NA
14465 39 NA
14466 39 NA
14467 39 NA
14468 39 NA
14469 39 NA
14470 39 NA
14471 40 NA
14472 40 NA
14473 40 NA
14474 40 NA
14475 40 NA
14476 40 NA
14477 40 NA
14478 40 NA
14479 40 NA
14480 40 NA
14481 40 NA
14482 40 NA
14483 40 NA
14484 40 NA
14485 40 NA
14486 40 NA
14487 40 NA
14488 40 NA
14489 40 NA
14490 40 NA
14491 40 NA
14492 40 NA
14493 40 NA
14494 40 NA
14495 40 NA
14496 40 NA
14497 40 NA
14498 40 NA
14499 40 NA
14500 40 NA
14501 40 NA
14502 40 NA
14503 40 NA
14504 39 NA
14505 39 NA
14506 39 NA
14507 39 NA
14508 39 NA
14509 39 NA
14510 39 NA
14511 39 NA
14512 39 NA
14513 39 NA
14514 39 NA
14515 39 NA
14516 39 NA
14517 39 NA
14518 39 NA
14519 40 NA
14520 40 NA
14521 40 NA
14522 40 NA
14523 40 NA
14524 40 NA
14525 40 NA
14526 40 NA
14527 40 NA
14528 41 NA
14529 41 NA
14530 41 NA
14531 41 NA
14532 41 NA
14533 41 NA
14534 41 NA
14535 41 NA
14536 41 NA
14537 41 NA
14538 41 NA
14539 41 NA
14540 41 NA
14541 42 NA
14542 42 NA
14543 42 NA
14544 42 NA
14545 42 NA
14546 42 NA
14547 42 NA
14548 42 NA
14549 42 NA
14550 42 NA
14551 42 NA
14552 42 NA
14553 42 NA
14554 42 NA
14555 44 NA
14556 44 NA
14557 44 NA
14558 44 NA
14559 44 NA
14560 44 NA
14561 44 NA
14562 44 NA
14563 44 NA
14564 44 NA
14565 44 NA
14566 44 NA
14567 44 NA
14568 45 NA
14569 45 NA
14570 45 NA
14571 45 NA
14572 45 NA
14573 45 NA
14574 45 NA
14575 45 NA
14576 45 NA
14577 45 NA
14578 45 NA
14579 45 NA
14580 45 NA
14581 45 NA
14582 45 NA
14583 45 NA
14584 45 NA
14585 45 NA
14586 45 NA
14587 45 NA
14588 45 NA
14589 45 NA
14590 45 NA
14591 45 NA
14592 45 NA
14593 45 NA
14594 45 NA
14595 46 NA
14596 46 NA
14597 46 NA
14598 46 NA
14599 46 NA
14600 46 NA
14601 46 NA
14602 46 NA
14603 46 NA
14604 48 NA
14605 48 NA
14606 48 NA
14607 48 NA
14608 48 NA
14609 48 NA
14610 48 NA
14611 48 NA
14612 48 NA
14613 50 NA
14614 50 NA
14615 50 NA
14616 50 NA
14617 50 NA
14618 50 NA
14619 50 NA
14620 50 NA
14621 50 NA
14622 50 NA
14623 52 NA
14624 52 NA
14625 52 NA
14626 52 NA
14627 52 NA
14628 52 NA
14629 52 NA
14630 52 NA
14631 52 NA
14632 52 NA
14633 52 NA
14634 52 NA
14635 53 NA
14636 53 NA
14637 53 NA
14638 53 NA
14639 53 NA
14640 53 NA
14641 53 NA
14642 53 NA
14643 53 NA
14644 53 NA
14645 53 NA
14646 53 NA
14647 55 NA
14648 55 NA
14649 55 NA
14650 55 NA
14651 55 NA
14653 55 NA
14654 55 NA
14655 55 NA
14656 55 NA
14657 55 NA
14658 56 NA
14659 56 NA
14660 56 NA
14661 56 NA
14662 56 NA
14663 56 NA
14664 56 NA
14665 56 NA
14666 56 NA
14667 56 NA
14668 56 NA
14669 56 NA
14670 57 NA
14671 57 NA
14672 57 NA
14673 57 NA
14674 57 NA
14675 57 NA
14676 57 NA
14677 57 NA
14678 57 NA
14679 57 NA
14680 57 NA
14681 57 NA
14682 58 NA
14683 58 NA
14684 58 NA
14685 58 NA
14686 58 NA
14687 58 NA
14688 58 NA
14689 58 NA
14690 58 NA
14691 58 NA
14692 58 NA
14693 58 NA
14694 60 NA
14695 60 NA
14696 60 NA
14697 60 NA
14698 60 NA
14699 60 NA
14700 60 NA
14701 60 NA
14702 60 NA
14703 60 NA
14704 60 NA
14705 60 NA
14706 60 NA
14707 62 NA
14708 62 NA
14709 62 NA
14710 62 NA
14711 62 NA
14712 62 NA
14713 62 NA
14714 62 NA
14715 62 NA
14716 62 NA
14717 62 NA
14718 62 NA
14719 62 NA
14720 62 NA
14721 62 NA
14722 62 NA
14723 62 NA
14724 62 NA
14725 64 NA
14726 64 NA
14727 64 NA
14728 64 NA
14729 64 NA
14730 64 NA
14731 64 NA
14732 64 NA
14733 64 NA
14734 64 NA
14735 64 NA
14736 64 NA
14737 64 NA
14738 64 NA
14739 64 NA
14740 64 NA
14741 64 NA
14742 64 NA
14743 64 NA
14744 64 NA
14745 65 NA
14746 65 NA
14747 65 NA
14748 65 NA
14749 65 NA
14750 65 NA
14751 65 NA
14752 65 NA
14753 65 NA
14754 65 NA
14755 65 NA
14756 65 NA
14757 65 NA
14758 65 NA
14759 65 NA
14760 65 NA
14761 67 NA
14762 67 NA
14763 67 NA
14764 67 NA
14765 67 NA
14766 67 NA
14767 67 NA
14768 67 NA
14769 67 NA
14770 67 NA
14771 67 NA
14772 67 NA
14773 67 NA
14774 67 NA
14775 67 NA
14776 67 NA
14777 67 NA
14778 69 NA
14779 69 NA
14780 69 NA
14781 69 NA
14782 69 NA
14783 69 NA
14784 69 NA
14785 69 NA
14786 69 NA
14787 69 NA
14788 69 NA
14789 69 NA
14790 69 NA
14791 69 NA
14792 68 NA
14793 68 NA
14794 68 NA
14795 68 NA
14796 68 NA
14797 68 NA
14798 68 NA
14799 68 NA
14800 68 NA
14801 68 NA
14802 68 NA
14803 68 NA
14804 68 NA
14805 68 NA
14806 68 NA
14807 68 NA
14808 69 NA
14809 69 NA
14810 69 NA
14811 69 NA
14812 69 NA
14813 69 NA
14814 69 NA
14815 69 NA
14816 69 NA
14817 69 NA
14818 69 NA
14819 69 NA
14820 69 NA
14821 69 NA
14822 71 NA
14823 71 NA
14824 71 NA
14825 71 NA
14826 71 NA
14827 71 NA
14828 71 NA
14829 71 NA
14830 71 NA
14831 71 NA
14832 71 NA
14833 71 NA
14834 71 NA
14835 71 NA
14836 72 NA
14837 72 NA
14838 72 NA
14839 72 NA
14840 72 NA
14841 72 NA
14842 72 NA
14843 72 NA
14844 72 NA
14845 72 NA
14846 72 NA
14847 72 NA
14848 72 NA
14849 72 NA
14850 72 NA
14851 72 NA
14852 73 NA
14853 73 NA
14854 73 NA
14855 73 NA
14856 73 NA
14857 73 NA
14858 73 NA
14859 73 NA
14860 73 NA
14861 73 NA
14862 73 NA
14863 73 NA
14864 73 NA
14865 73 NA
14866 73 NA
14867 73 NA
14868 73 NA
14869 73 NA
14870 73 NA
14871 73 NA
14872 74 NA
14873 74 NA
14874 74 NA
14875 74 NA
14876 74 NA
14877 74 NA
14878 74 NA
14879 74 NA
14880 74 NA
14881 74 NA
14882 74 NA
14883 74 NA
14884 74 NA
14885 74 NA
14886 74 NA
14887 74 NA
14888 74 NA
14889 74 NA
14890 74 NA
14891 74 NA
14892 74 NA
14893 74 NA
14894 74 NA
14895 74 NA
14896 74 NA
14897 74 NA
14898 74 NA
14899 74 NA
14900 74 NA
14901 74 NA
14902 74 NA
14903 74 NA
14904 74 NA
14905 74 NA
14906 74 NA
14907 74 NA
14908 74 NA
14909 74 NA
14910 74 NA
14911 74 NA
14912 74 NA
14913 74 NA
14914 74 NA
14915 74 NA
14916 74 NA
14917 74 NA
14918 74 NA
14920 74 NA
14921 74 NA
14922 74 NA
14923 74 NA
14924 74 NA
14925 74 NA
14926 74 NA
14927 74 NA
14928 74 NA
14929 74 NA
14930 74 NA
14931 74 NA
14932 74 NA
14933 74 NA
14934 74 NA
14935 74 NA
14936 74 NA
14937 74 NA
14938 75 NA
14939 75 NA
14940 75 NA
14941 75 NA
14942 75 NA
14943 75 NA
14944 75 NA
14945 75 NA
14946 75 NA
14947 75 NA
14948 75 NA
14949 75 NA
14950 75 NA
14951 75 NA
14952 75 NA
14953 75 NA
14954 75 NA
14955 75 NA
14956 75 NA
14957 75 NA
14958 75 NA
14959 74 NA
14960 74 NA
14961 74 NA
14962 74 NA
14963 74 NA
14964 74 NA
14965 74 NA
14966 74 NA
14967 74 NA
14968 74 NA
14969 74 NA
14970 74 NA
14971 74 NA
14972 74 NA
14973 74 NA
14974 74 NA
14978 74 NA
14979 76 NA
14986 76 NA
14993 76 NA
14996 76 NA
14998 77 NA
15005 77 NA
15012 77 NA
15016 77 NA
15018 74 NA
15025 74 NA
15031 74 NA
15032 71 NA
15039 71 NA
15046 71 NA
15047 68 NA
15054 68 NA
15061 68 NA
15063 64 NA
15070 64 NA
15076 64 NA
15078 61 NA
15085 61 NA
15090 61 NA
15093 58 NA
15100 58 NA
15106 58 NA
15110 57 NA
15117 57 NA
15124 57 NA
15131 57 NA
15138 57 NA
15142 55 NA
15149 55 NA
15154 55 NA
15156 54 NA
15163 54 NA
15165 54 NA
15172 52 NA
15179 52 NA
15185 51 NA
15192 51 NA
15197 51 NA
15199 49 NA
15206 49 NA
15212 49 NA
15215 48 NA
15222 48 NA
15229 48 NA
15235 48 NA
15240 46 NA
15247 46 NA
15254 46 NA
15258 46 NA
15263 43 NA
15270 43 NA
15277 43 NA
15284 43 NA
15289 42 NA
15296 42 NA
15303 42 NA
15310 42 NA
15315 42 NA
15316 40 NA
15323 40 NA
15330 40 NA
15337 40 NA
15338 40 NA
15339 39 NA
15340 39 NA
15341 39 NA
15342 39 NA
15343 39 NA
15344 39 NA
15345 39 NA
15346 39 NA
15347 39 NA
15348 39 NA
15349 39 NA
15350 39 NA
15351 39 NA
15352 39 NA
15353 39 NA
15354 39 NA
15355 39 NA
15356 39 NA
15357 39 NA
15358 39 NA
15359 39 NA
15360 39 NA
15361 39 NA
15362 39 NA
15363 39 NA
15364 39 NA
15365 39 NA
15366 39 NA
15367 39 NA
15368 39 NA
15369 39 NA
15370 39 NA
15371 39 NA
15372 39 NA
15373 39 NA
15374 39 NA
15375 39 NA
15376 39 NA
15377 39 NA
15378 39 NA
15379 39 NA
15380 39 NA
15381 39 NA
15382 39 NA
15383 39 NA
15384 39 NA
15385 39 NA
15386 39 NA
15387 39 NA
15388 39 NA
15389 39 NA
15390 39 NA
15391 39 NA
15392 39 NA
15393 39 NA
15394 39 NA
15395 39 NA
15396 39 NA
15397 39 NA
15398 39 NA
15399 39 NA
15400 39 NA
15401 39 NA
15402 39 NA
15403 39 NA
15404 39 NA
15405 39 NA
15406 39 NA
15407 39 NA
15408 39 NA
15409 38 NA
15410 38 NA
15411 38 NA
15412 38 NA
15413 38 NA
15414 38 NA
15415 38 NA
15416 38 NA
15417 38 NA
15418 38 NA
15419 38 NA
15420 38 NA
15421 38 NA
15422 38 NA
15423 38 NA
15424 38 NA
15425 38 NA
15426 38 NA
15427 38 NA
15428 38 NA
15429 38 NA
15430 38 NA
15431 39 NA
15432 39 NA
15433 39 NA
15434 39 NA
15435 39 NA
15436 39 NA
15437 39 NA
15438 39 NA
15439 39 NA
15440 39 NA
15441 39 NA
15442 39 NA
15443 39 NA
15444 39 NA
15445 39 NA
15446 39 NA
15447 39 NA
15448 39 NA
15449 39 NA
15450 39 NA
15451 39 NA
15452 39 NA
15453 39 NA
15454 40 NA
15455 40 NA
15456 40 NA
15457 40 NA
15458 40 NA
15459 40 NA
15460 40 NA
15461 40 NA
15462 40 NA
15463 40 NA
15464 40 NA
15465 40 NA
15466 40 NA
15467 40 NA
15468 40 NA
15469 40 NA
15470 40 NA
15471 40 NA
15472 40 NA
15473 40 NA
15474 40 NA
15475 40 NA
15476 40 NA
15477 40 NA
15478 40 NA
15479 40 NA
15480 40 NA
15481 40 NA
15482 40 NA
15483 41 NA
15484 41 NA
15485 41 NA
15486 41 NA
15487 41 NA
15488 41 NA
15489 41 NA
15490 41 NA
15491 41 NA
15492 41 NA
15493 41 NA
15494 41 NA
15495 41 NA
15496 41 NA
15497 41 NA
15498 41 NA
15499 41 NA
15500 41 NA
15501 41 NA
15502 40 NA
15503 40 NA
15504 40 NA
15505 40 NA
15506 40 NA
15507 40 NA
15508 40 NA
15509 40 NA
15510 40 NA
15511 40 NA
15512 40 NA
15513 40 NA
15514 40 NA
15515 40 NA
15516 38 NA
15517 38 NA
15518 38 NA
15519 38 NA
15520 38 NA
15521 38 NA
15522 38 NA
15523 38 NA
15524 38 NA
15525 38 NA
15526 38 NA
15527 38 NA
15528 38 NA
15529 38 NA
15530 36 NA
15531 36 NA
15532 36 NA
15533 36 NA
15534 36 NA
15535 36 NA
15536 36 NA
15537 36 NA
15538 36 NA
15539 36 NA
15540 36 NA
15541 36 NA
15542 36 NA
15543 36 NA
15544 36 NA
15545 36 NA
15546 34 NA
15547 34 NA
15548 34 NA
15549 34 NA
15550 34 NA
15551 34 NA
15552 34 NA
15553 34 NA
15554 34 NA
15555 34 NA
15556 34 NA
15557 34 NA
15558 34 NA
15559 34 NA
15560 34 NA
15561 34 NA
15562 34 NA
15563 34 NA
15564 34 NA
15565 34 NA
15566 34 NA
15567 34 NA
15568 34 NA
15569 34 NA
15570 34 NA
15571 34 NA
15572 34 NA
15573 34 NA
15574 34 NA
15575 34 NA
15576 34 NA
15577 34 NA
15578 34 NA
15579 34 NA
15580 34 NA
15581 34 NA
15582 34 NA
15583 34 NA
15584 34 NA
15585 34 NA
15586 34 NA
15587 34 NA
15588 34 NA
15589 34 NA
15590 34 NA
15591 34 NA
15592 34 NA
15593 34 NA
15594 34 NA
15595 34 NA
15596 34 NA
15597 34 NA
15598 34 NA
15599 34 NA
15600 34 NA
15601 34 NA
15602 34 NA
15603 34 NA
15604 34 NA
15605 34 NA
15606 34 NA
15607 34 NA
15608 34 NA
15609 34 NA
15610 34 NA
15611 34 NA
15612 35 NA
15613 35 NA
15614 35 NA
15615 35 NA
15616 35 NA
15617 35 NA
15618 35 NA
15619 35 NA
15620 35 NA
15621 35 NA
15622 35 NA
15623 35 NA
15624 35 NA
15625 35 NA
15626 35 NA
15627 35 NA
15628 35 NA
15629 35 NA
15630 35 NA
15631 35 NA
15632 35 NA
15633 35 NA
15634 35 NA
15635 35 NA
15636 35 NA
15637 36 NA
15638 36 NA
15639 36 NA
15640 36 NA
15641 36 NA
15642 36 NA
15643 36 NA
15644 36 NA
15645 36 NA
15646 36 NA
15647 36 NA
15648 36 NA
15649 36 NA
15650 36 NA
15651 36 NA
15652 36 NA
15653 36 NA
15654 36 NA
15655 36 NA
15656 36 NA
15657 36 NA
15658 36 NA
15659 36 NA
15660 36 NA
15661 36 NA
15662 36 NA
15663 36 NA
15664 36 NA
15665 36 NA
15666 36 NA
15667 36 NA
15668 36 NA
15669 36 NA
15670 36 NA
15671 36 NA
15672 36 NA
15673 36 NA
15674 36 NA
15675 36 NA
15676 37 NA
15677 37 NA
15678 37 NA
15679 37 NA
15680 37 NA
15681 37 NA
15682 37 NA
15683 37 NA
15684 37 NA
15685 37 NA
15686 37 NA
15687 37 NA
15688 37 NA
15689 37 NA
15690 37 NA
15691 37 NA
15692 37 NA
15693 37 NA
15694 37 NA
15695 37 NA
15696 37 NA
15697 37 NA
15698 37 NA
15699 37 NA
15700 37 NA
15701 37 NA
15702 37 NA
15703 37 NA
15704 37 NA
15705 37 NA
15706 37 NA
15707 37 NA
15708 37 NA
15709 37 NA
15710 37 NA
15711 37 NA
15712 37 NA
15713 37 NA
15714 37 NA
15715 37 NA
15716 37 NA
15717 37 NA
15718 37 NA
15719 37 NA
15720 37 NA
15721 37 NA
15722 37 NA
15723 37 NA
15724 37 NA
15725 37 NA
15726 37 NA
15727 37 NA
15728 37 NA
15729 37 NA
15730 37 NA
15731 37 NA
15732 37 NA
15733 37 NA
15734 37 NA
15735 37 NA
15736 37 NA
15737 37 NA
15738 37 NA
15739 37 NA
15740 37 NA
15741 37 NA
15742 37 NA
15743 37 NA
15744 37 NA
15745 37 NA
15746 37 NA
15747 37 NA
15748 37 NA
15749 37 NA
15750 37 NA
15751 37 NA
15752 37 NA
15753 37 NA
15754 37 NA
15755 37 NA
15756 37 NA
15757 37 NA
15758 37 NA
15759 37 NA
15760 37 NA
15761 37 NA
15762 37 NA
15763 37 NA
15764 37 NA
15765 37 NA
15766 37 NA
15767 37 NA
15768 37 NA
15769 37 NA
15770 37 NA
15771 37 NA
15772 37 NA
15773 37 NA
15774 37 NA
15775 37 NA
15776 37 NA
15777 37 NA
15778 37 NA
15779 37 NA
15780 37 NA
15781 37 NA
15782 37 NA
15783 37 NA
15784 36 NA
15785 36 NA
15786 36 NA
15787 36 NA
15788 36 NA
15789 36 NA
15790 36 NA
15791 36 NA
15792 36 NA
15793 36 NA
15794 36 NA
15795 36 NA
15796 36 NA
15797 36 NA
15798 36 NA
15799 36 NA
15800 36 NA
15801 36 NA
15802 36 NA
15803 36 NA
15804 36 NA
15805 36 NA
15806 36 NA
15807 36 NA
15808 36 NA
15809 36 NA
15810 36 NA
15811 36 NA
15812 36 NA
15813 36 NA
15814 36 NA
15815 36 NA
15816 36 NA
15817 36 NA
15818 36 NA
15819 36 NA
15820 36 NA
15821 36 NA
15822 36 NA
15823 36 NA
15824 36 NA
15825 36 NA
15826 36 NA
15827 36 NA
15828 36 NA
15829 36 NA
15830 36 NA
15831 36 NA
15832 36 NA
15833 36 NA
15834 36 NA
15835 36 NA
15836 36 NA
15837 36 NA
15838 36 NA
15839 36 NA
15840 36 NA
15841 36 NA
15842 36 NA
15843 36 NA
15844 36 NA
15845 36 NA
15846 36 NA
15847 36 NA
15848 36 NA
15849 36 NA
15850 36 NA
15851 36 NA
15852 36 NA
15853 36 NA
15854 36 NA
15855 36 NA
15856 36 NA
15857 36 NA
15858 36 NA
15859 36 NA
15860 36 NA
15861 36 NA
15862 36 NA
15863 36 NA
15864 36 NA
15865 36 NA
15866 36 NA
15867 36 NA
15868 36 NA
15869 36 NA
15870 36 NA
15871 36 NA
15872 36 NA
15873 36 NA
15874 36 NA
15875 36 NA
15876 36 NA
15877 36 NA
15878 36 NA
15879 36 NA
15880 36 NA
15881 36 NA
15882 36 NA
15883 36 NA
15884 36 NA
15885 36 NA
15886 36 NA
15887 36 NA
15888 36 NA
15889 36 NA
15890 36 NA
15891 36 NA
15892 36 NA
15893 35 NA
15894 35 NA
15895 35 NA
15896 35 NA
15897 35 NA
15898 35 NA
15899 35 NA
15900 35 NA
15901 35 NA
15902 35 NA
15903 35 NA
15904 35 NA
15905 35 NA
15906 35 NA
15907 35 NA
15908 35 NA
15909 35 NA
15910 35 NA
15911 35 NA
15912 35 NA
15913 35 NA
15914 35 NA
15915 35 NA
15916 35 NA
15917 35 NA
15918 35 NA
15919 35 NA
15920 35 NA
15921 35 NA
15922 35 NA
15923 35 NA
15924 35 NA
15925 35 NA
15926 35 NA
15927 35 NA
15928 35 NA
15929 35 NA
15930 35 NA
15931 35 NA
15932 35 NA
15933 35 NA
15934 35 NA
15935 35 NA
15936 35 NA
15937 35 NA
15938 35 NA
15939 35 NA
15940 35 NA
15941 35 NA
15942 35 NA
15943 35 NA
15944 35 NA
15945 35 NA
15946 35 NA
15947 35 NA
15948 35 NA
15949 35 NA
15950 35 NA
15951 35 NA
15952 35 NA
15953 35 NA
15954 35 NA
15955 35 NA
15956 35 NA
15957 35 NA
15958 35 NA
15959 35 NA
15960 35 NA
15961 35 NA
15962 35 NA
15963 35 NA
15964 35 NA
15965 35 NA
15966 35 NA
15967 35 NA
15968 35 NA
15969 35 NA
15970 35 NA
15971 35 NA
15972 35 NA
15973 35 NA
15974 35 NA
15975 35 NA
15976 35 NA
15977 35 NA
15978 35 NA
15979 35 NA
15980 35 NA
15981 35 NA
15982 35 NA
15983 35 NA
15984 35 NA
15985 35 NA
15986 35 NA
15987 35 NA
15988 35 NA
15989 35 NA
15990 35 NA
15991 35 NA
15992 35 NA
15993 35 NA
15994 35 NA
15995 35 NA
15996 35 NA
15997 35 NA
15998 35 NA
15999 35 NA
16000 35 NA
16001 35 NA
16002 35 NA
16003 35 NA
16004 35 NA
16005 35 NA
16006 35 NA
16007 35 NA
16008 35 NA
16009 35 NA
16010 35 NA
16011 35 NA
16012 35 NA
16013 35 NA
16014 35 NA
16015 35 NA
16016 35 NA
16017 35 NA
16018 35 NA
16019 35 NA
16020 35 NA
16021 35 NA
16022 35 NA
16023 35 NA
16024 35 NA
16025 35 NA
16026 35 NA
16027 35 NA
16028 35 NA
16029 35 NA
16030 35 NA
16031 35 NA
16032 35 NA
16033 35 NA
16034 35 NA
16035 35 NA
16036 35 NA
16037 35 NA
16038 35 NA
16039 35 NA
16040 35 NA
16041 35 NA
16042 35 NA
16043 35 NA
16044 35 NA
16045 35 NA
16046 35 NA
16047 35 NA
16048 35 NA
16049 35 NA
16050 35 NA
16051 35 NA
16052 35 NA
16053 35 NA
16054 35 NA
16055 35 NA
16056 35 NA
16057 35 NA
16058 35 NA
16059 35 NA
16060 35 NA
16061 35 NA
16062 35 NA
16063 35 NA
16064 35 NA
16065 35 NA
16066 35 NA
16067 35 NA
16068 35 NA
16069 35 NA
16070 35 NA
16071 35 NA
16072 35 NA
16073 35 NA
16074 35 NA
16075 35 NA
16076 35 NA
16077 35 NA
16078 35 NA
16079 35 NA
16080 35 NA
16081 35 NA
16082 35 NA
16083 35 NA
16084 35 NA
16085 35 NA
16086 35 NA
16087 35 NA
16088 35 NA
16089 35 NA
16090 35 NA
16091 35 NA
16092 35 NA
16093 35 NA
16094 35 NA
16095 35 NA
16096 35 NA
16097 35 NA
16098 35 NA
16099 35 NA
16100 35 NA
16101 35 NA
16102 35 NA
16103 35 NA
16104 35 NA
16105 35 NA
16106 35 NA
16107 35 NA
16108 35 NA
16109 35 NA
16110 35 NA
16111 35 NA
16112 35 NA
16113 35 NA
16114 35 NA
16115 35 NA
16116 35 NA
16117 35 NA
16118 35 NA
16119 35 NA
16120 35 NA
16121 35 NA
16122 35 NA
16123 35 NA
16124 35 NA
16125 35 NA
16126 35 NA
16127 35 NA
16128 35 NA
16129 35 NA
16130 35 NA
16131 35 NA
16132 35 NA
16133 35 NA
16134 35 NA
16135 35 NA
16136 35 NA
16137 35 NA
16138 35 NA
16139 35 NA
16140 35 NA
16141 35 NA
16142 35 NA
16143 35 NA
16144 35 NA
16145 35 NA
16146 35 NA
16147 35 NA
16148 35 NA
16149 35 NA
16150 35 NA
16151 35 NA
16152 35 NA
16153 35 NA
16154 35 NA
16155 35 NA
16156 35 NA
16157 35 NA
16158 35 NA
16159 35 NA
16160 35 NA
16161 35 NA
16162 35 NA
16163 35 NA
16164 35 NA
16165 35 NA
16166 35 NA
16167 35 NA
16168 35 NA
16169 35 NA
16170 35 NA
16171 35 NA
16172 35 NA
16173 35 NA
16174 35 NA
16175 35 NA
16176 35 NA
16177 35 NA
16178 35 NA
16179 35 NA
16180 35 NA
16181 35 NA
16182 35 NA
16183 34 NA
16184 34 NA
16185 34 NA
16186 34 NA
16187 34 NA
16188 34 NA
16189 34 NA
16190 34 NA
16191 34 NA
16192 34 NA
16193 34 NA
16194 34 NA
16195 34 NA
16196 34 NA
16197 34 NA
16198 34 NA
16199 34 NA
16200 34 NA
16201 34 NA
16202 34 NA
16203 34 NA
16204 34 NA
16205 34 NA
16206 34 NA
16207 34 NA
16208 34 NA
16209 34 NA
16210 34 NA
16211 34 NA
16212 34 NA
16213 34 NA
16214 34 NA
16215 34 NA
16216 34 NA
16217 34 NA
16218 34 NA
16219 34 NA
16220 34 NA
16221 34 NA
16222 34 NA
16223 34 NA
16224 34 NA
16225 34 NA
16226 34 NA
16227 34 NA
16228 34 NA
16229 34 NA
16230 34 NA
16231 34 NA
16232 34 NA
16233 34 NA
16234 34 NA
16235 34 NA
16236 34 NA
16237 34 NA
16238 34 NA
16239 34 NA
16240 34 NA
16241 34 NA
16242 34 NA
16243 34 NA
16244 34 NA
16245 34 NA
16246 34 NA
16247 34 NA
16248 34 NA
16249 34 NA
16250 34 NA
16251 34 NA
16252 34 NA
16253 34 NA
16254 34 NA
16255 34 NA
16256 34 NA
16257 34 NA
16258 34 NA
16259 34 NA
16260 34 NA
16261 34 NA
16262 34 NA
16263 34 NA
16264 34 NA
16265 34 NA
16266 34 NA
16267 34 NA
16268 34 NA
16269 34 NA
16270 34 NA
16271 34 NA
16272 34 NA
16273 34 NA
16274 34 NA
16275 34 NA
16276 34 NA
16277 34 NA
16278 34 NA
16279 34 NA
16280 34 NA
16281 34 NA
16282 34 NA
16283 34 NA
16284 34 NA
16285 34 NA
16286 34 NA
16287 34 NA
16288 34 NA
16289 34 NA
16290 34 NA
16291 34 NA
16292 34 NA
16293 34 NA
16294 34 NA
16295 34 NA
16296 34 NA
16297 34 NA
16298 34 NA
16299 34 NA
16300 34 NA
16301 34 NA
16302 34 NA
16303 34 NA
16304 34 NA
16305 34 NA
16306 34 NA
16307 34 NA
16308 34 NA
16309 34 NA
16310 34 NA
16311 34 NA
16312 34 NA
16313 34 NA
16314 34 NA
16315 34 NA
16316 34 NA
16317 34 NA
16318 34 NA
16319 34 NA
16320 34 NA
16321 34 NA
16322 34 NA
16323 34 NA
16324 34 NA
16325 34 NA
16326 34 NA
16327 34 NA
16328 34 NA
16329 34 NA
16330 34 NA
16331 34 NA
16332 34 NA
16333 34 NA
16334 34 NA
16335 34 NA
16336 34 NA
16337 34 NA
16338 34 NA
16339 34 NA
16340 34 NA
16341 34 NA
16342 34 NA
16343 34 NA
16344 34 NA
16345 34 NA
16346 34 NA
16347 34 NA
16348 34 NA
16349 34 NA
16350 34 NA
16351 34 NA
16352 34 NA
16353 34 NA
16354 34 NA
16355 34 NA
16356 34 NA
16357 34 NA
16358 34 NA
16359 34 NA
16360 34 NA
16361 34 NA
16362 34 NA
16363 34 NA
16364 34 NA
16365 34 NA
16366 34 NA
16367 34 NA
16368 34 NA
16369 34 NA
16370 34 NA
16371 34 NA
16372 34 NA
16373 34 NA
16374 34 NA
16375 34 NA
16376 34 NA
16377 34 NA
16378 34 NA
16379 34 NA
16380 34 NA
16381 34 NA
16382 34 NA
16383 34 NA
16384 34 NA
16385 34 NA
16386 34 NA
16387 34 NA
16388 34 NA
16389 34 NA
16390 34 NA
16391 34 NA
16392 34 NA
16393 34 NA
16394 34 NA
16395 34 NA
16396 34 NA
16397 34 NA
16398 34 NA
16399 34 NA
16400 34 NA
16401 34 NA
16402 34 NA
16403 34 NA
16404 34 NA
16405 34 NA
16406 34 NA
16407 34 NA
16408 34 NA
16409 34 NA
16410 34 NA
16411 34 NA
16412 34 NA
16413 34 NA
16414 34 NA
16415 34 NA
16416 34 NA
16417 34 NA
16418 34 NA
16419 34 NA
16420 34 NA
16421 34 NA
16422 34 NA
16423 34 NA
16424 34 NA
16425 34 NA
16426 34 NA
16427 34 NA
16428 34 NA
16429 34 NA
16430 34 NA
16431 34 NA
16432 34 NA
16433 34 NA
16434 34 NA
16435 34 NA
16436 34 NA
16437 34 NA
16438 34 NA
16439 34 NA
16440 34 NA
16441 34 NA
16442 34 NA
16443 34 NA
16444 34 NA
16445 34 NA
16446 34 NA
16447 34 NA
16448 34 NA
16449 34 NA
16450 34 NA
16451 34 NA
16452 34 NA
16453 34 NA
16454 34 NA
16455 34 NA
16456 33 NA
16457 33 NA
16458 33 NA
16459 33 NA
16460 33 NA
16461 33 NA
16462 33 NA
16463 33 NA
16464 33 NA
16465 33 NA
16466 33 NA
16467 33 NA
16468 33 NA
16469 33 NA
16470 33 NA
16471 33 NA
16472 33 NA
16473 33 NA
16474 33 NA
16475 33 NA
16476 33 NA
16477 33 NA
16478 33 NA
16479 33 NA
16480 33 NA
16481 33 NA
16482 33 NA
16483 33 NA
16484 33 NA
16485 33 NA
16486 33 NA
16487 33 NA
16488 33 NA
16489 33 NA
16490 33 NA
16491 33 NA
16492 33 NA
16493 33 NA
16494 33 NA
16495 33 NA
16496 33 NA
16497 33 NA
16498 33 NA
16499 33 NA
16500 33 NA
16501 33 NA
16502 33 NA
16503 33 NA
16504 33 NA
16505 33 NA
16506 33 NA
16507 33 NA
16508 33 NA
16509 33 NA
16510 33 NA
16511 33 NA
16512 33 NA
16513 33 NA
16514 33 NA
16515 33 NA
16516 33 NA
16517 33 NA
16518 33 NA
16519 33 NA
16520 33 NA
16521 33 NA
16522 33 NA
16523 33 NA
16524 33 NA
16525 33 NA
16526 33 NA
16527 33 NA
16528 33 NA
16529 33 NA
16530 33 NA
16531 33 NA
16532 33 NA
16533 33 NA
16534 33 NA
16535 33 NA
16536 33 NA
16537 33 NA
16538 33 NA
16539 33 NA
16540 33 NA
16541 33 NA
16542 33 NA
16543 33 NA
16544 33 NA
16545 33 NA
16546 33 NA
16547 33 NA
16548 33 NA
16549 33 NA
16550 33 NA
16551 33 NA
16552 33 NA
16553 33 NA
16554 33 NA
16555 33 NA
16556 33 NA
16557 33 NA
16558 33 NA
16559 33 NA
16560 33 NA
16561 33 NA
16562 33 NA
16563 33 NA
16564 33 NA
16565 33 NA
16566 33 NA
16567 33 NA
16568 33 NA
16569 33 NA
16570 33 NA
16571 33 NA
16572 33 NA
16573 33 NA
16574 33 NA
16575 33 NA
16576 33 NA
16577 33 NA
16578 33 NA
16579 33 NA
16580 33 NA
16581 33 NA
16582 33 NA
16583 33 NA
16584 33 NA
16585 33 NA
16586 33 NA
16587 33 NA
16588 33 NA
16589 33 NA
16590 33 NA
16591 33 NA
16592 33 NA
16593 33 NA
16594 33 NA
16595 33 NA
16596 33 NA
16597 33 NA
16598 33 NA
16599 33 NA
16600 33 NA
16601 33 NA
16602 33 NA
16603 33 NA
16604 34 NA
16605 34 NA
16606 34 NA
16607 34 NA
16608 34 NA
16609 34 NA
16610 34 NA
16611 34 NA
16612 34 NA
16613 34 NA
16614 34 NA
16615 34 NA
16616 34 NA
16617 34 NA
16618 34 NA
16619 34 NA
16620 34 NA
16621 34 NA
16622 34 NA
16623 34 NA
16624 34 NA
16625 34 NA
16626 34 NA
16627 34 NA
16628 34 NA
16629 34 NA
16630 34 NA
16631 34 NA
16632 34 NA
16633 34 NA
16634 34 NA
16635 34 NA
16636 34 NA
16637 34 NA
16638 34 NA
16639 34 NA
16640 34 NA
16641 34 NA
16642 34 NA
16643 34 NA
16644 34 NA
16645 34 NA
16646 34 NA
16647 34 NA
16648 34 NA
16649 34 NA
16650 34 NA
16651 34 NA
16652 34 NA
16653 34 NA
16654 34 NA
16655 34 NA
16656 34 NA
16657 34 NA
16658 34 NA
16659 34 NA
16660 34 NA
16661 34 NA
16662 34 NA
16663 34 NA
16664 34 NA
16665 34 NA
16666 34 NA
16668 34 NA
16669 34 NA
16670 34 NA
16671 34 NA
16672 34 NA
16673 34 NA
16674 34 NA
16675 34 NA
16676 34 NA
16677 34 NA
16678 34 NA
16679 34 NA
16680 34 NA
16681 34 NA
16682 34 NA
16683 34 NA
16684 34 NA
16685 34 NA
16686 34 NA
16687 34 NA
16688 34 NA
16689 34 NA
16690 34 NA
16691 34 NA
16692 34 NA
16693 34 NA
16694 34 NA
16695 34 NA
16696 34 NA
16697 34 NA
16698 35 NA
16699 35 NA
16700 35 NA
16701 35 NA
16702 35 NA
16703 35 NA
16704 35 NA
16705 35 NA
16706 35 NA
16707 35 NA
16708 35 NA
16709 35 NA
16710 35 NA
16711 35 NA
16712 35 NA
16714 35 NA
16717 35 NA
16719 35 NA
16720 35 NA
16721 35 NA
16722 35 NA
16723 35 NA
16724 35 NA
16725 35 NA
16726 35 NA
16727 35 NA
16728 35 NA
16729 35 NA
16730 35 NA
16731 35 NA
16732 35 NA
16733 35 NA
16734 35 NA
16735 35 NA
16736 35 NA
16737 35 NA
16738 35 NA
16739 35 NA
16740 35 NA
16741 35 NA
16742 35 NA
16743 35 NA
16744 35 NA
16745 35 NA
16746 35 NA
16747 35 NA
16748 35 NA
16749 35 NA
16750 35 NA
16751 35 NA
16752 35 NA
16753 35 NA
16754 35 NA
16755 35 NA
16756 35 NA
16757 35 NA
16759 35 NA
16760 35 NA
16761 35 NA
16762 35 NA
16763 35 NA
16764 35 NA
16765 35 NA
16766 35 NA
16767 35 NA
16768 35 NA
16769 35 NA
16770 35 NA
16771 35 NA
16772 35 NA
16773 35 NA
16774 35 NA
16775 35 NA
16776 35 NA
16777 35 NA
16778 35 NA
16779 35 NA
16780 35 NA
16781 35 NA
16782 35 NA
16783 35 NA
16784 35 NA
16785 35 NA
16786 35 NA
16787 35 NA
16788 35 NA
16789 35 NA
16790 35 NA
16791 35 NA
16792 35 NA
16793 35 NA
16794 35 NA
16795 35 NA
16796 35 NA
16797 35 NA
16798 35 NA
16799 35 NA
16800 35 NA
16801 35 NA
16802 35 NA
16803 35 NA
16804 35 NA
16805 35 NA
16807 35 NA
16808 35 NA
16809 35 NA
16810 35 NA
16811 35 NA
16812 35 NA
16813 35 NA
16814 35 NA
16815 36 NA
16816 36 NA
16817 36 NA
16818 36 NA
16819 36 NA
16820 36 NA
16821 36 NA
16822 36 NA
16823 36 NA
16824 36 NA
16825 36 NA
16826 36 NA
16827 36 NA
16828 36 NA
16829 36 NA
16830 36 NA
16831 36 NA
16832 36 NA
16833 36 NA
16834 36 NA
16835 36 NA
16836 36 NA
16837 36 NA
16838 36 NA
16839 36 NA
16840 36 NA
16841 36 NA
16842 36 NA
16843 36 NA
16844 36 NA
16845 36 NA
16846 36 NA
16847 36 NA
16848 36 NA
16849 36 NA
16850 36 NA
16851 36 NA
16852 36 NA
16853 36 NA
16854 36 NA
16855 36 NA
16856 36 NA
16857 36 NA
16858 36 NA
16859 36 NA
16860 36 NA
16861 36 NA
16862 36 NA
16863 36 NA
16864 36 NA
16865 36 NA
16866 36 NA
16867 36 NA
16869 36 NA
16870 36 NA
16871 36 NA
16872 36 NA
16873 36 NA
16874 36 NA
16875 36 NA
16876 36 NA
16878 36 NA
16879 36 NA
16880 36 NA
16881 36 NA
16882 36 NA
16883 36 NA
16884 36 NA
16885 36 NA
16886 36 NA
16887 36 NA
16888 36 NA
16889 36 NA
16890 36 NA
16891 36 NA
16892 36 NA
16893 36 NA
16894 36 NA
16895 36 NA
16896 36 NA
16897 36 NA
16898 36 NA
16899 36 NA
16900 36 NA
16901 36 NA
16902 36 NA
16903 36 NA
16904 36 NA
16905 36 NA
16906 36 NA
16907 36 NA
16908 36 NA
16909 36 NA
16910 36 NA
16911 36 NA
16912 36 NA
16913 36 NA
16914 36 NA
16915 36 NA
16916 36 NA
16917 36 NA
16918 36 NA
16919 36 NA
16920 36 NA
16921 36 NA
16922 36 NA
16923 36 NA
16924 36 NA
16925 36 NA
16926 36 NA
16927 36 NA
16928 36 NA
16929 36 NA
16930 36 NA
16931 36 NA
16932 36 NA
16933 36 NA
16934 36 NA
16935 36 NA
16936 36 NA
16937 36 NA
16938 36 NA
16939 36 NA
16940 36 NA
16941 36 NA
16942 36 NA
16943 36 NA
16944 36 NA
16945 36 NA
16946 36 NA
16947 36 NA
16949 36 NA
16950 36 NA
16951 36 NA
16952 36 NA
16953 36 NA
16954 36 NA
16955 36 NA
16956 36 NA
16957 36 NA
16958 36 NA
16959 36 NA
16960 36 NA
16966 36 NA
16968 36 NA
16969 36 NA
16970 36 NA
16971 36 NA
16972 36 NA
16973 36 NA
16974 36 NA
16975 36 NA
16976 36 NA
16977 36 NA
16978 36 NA
16979 36 NA
16980 36 NA
16981 36 NA
16982 36 NA
16984 36 NA
16985 36 NA
16986 36 NA
16987 36 NA
16988 36 NA
16989 36 NA
16990 36 NA
16991 36 NA
16992 36 NA
16993 36 NA
16994 36 NA
16998 36 NA
16999 36 NA
17000 36 NA
17001 36 NA
17006 36 NA
17007 36 NA
17014 36 NA
17015 36 NA
17016 36 NA
17017 36 NA
17018 36 NA
17019 36 NA
17020 36 NA
17021 36 NA
17022 36 NA
17023 36 NA
17024 36 NA
17025 36 NA
17026 36 NA
17027 36 NA
17028 36 NA
17029 36 NA
17031 36 NA
17032 36 NA
17033 36 NA
17034 36 NA
17035 36 NA
17036 36 NA
17037 36 NA
17038 36 NA
17039 36 NA
17040 36 NA
17042 36 NA
17044 36 NA
17045 36 NA
17046 36 NA
17047 36 NA
17048 36 NA
17049 36 NA
17050 36 NA
17051 36 NA
17052 36 NA
17053 36 NA
17054 36 NA
17055 36 NA
17056 36 NA
17057 36 NA
17058 36 NA
17059 36 NA
17060 36 NA
17061 36 NA
17062 36 NA
17063 36 NA
17064 36 NA
17069 36 NA
17070 36 NA
17071 36 NA
17072 36 NA
17073 36 NA
17075 36 NA
17076 36 NA
17077 36 NA
17078 36 NA
17079 36 NA
17080 36 NA
17081 36 NA
17083 36 NA
17084 36 NA
17085 36 NA
17086 36 NA
17087 36 NA
17088 36 NA
17089 36 NA
17091 36 NA
17092 36 NA
17093 36 NA
17094 36 NA
17095 36 NA
17096 36 NA
17097 36 NA
17098 36 NA
17099 36 NA
17100 36 NA
17101 36 NA
17102 36 NA
17103 36 NA
17104 36 NA
17105 36 NA
17106 36 NA
17107 36 NA
17108 36 NA
17109 36 NA
17110 36 NA
17111 36 NA
17112 36 NA
17113 36 NA
17114 36 NA
17115 36 NA
17117 36 NA
17118 36 NA
17119 36 NA
17123 36 NA
17124 36 NA
17125 36 NA
17126 36 NA
17127 36 NA
17129 36 NA
17130 36 NA
17131 36 NA
17132 36 NA
17133 36 NA
17134 36 NA
17135 36 NA
17136 36 NA
17138 36 NA
17139 36 NA
17140 36 NA
17141 36 NA
17142 36 NA
17143 36 NA
17144 36 NA
17145 36 NA
17146 36 NA
17147 36 NA
17148 36 NA
17149 36 NA
