"Index" "Price" "Volume"
14019 569 NA
14020 549 NA
14021 543 NA
14022 543 NA
14023 520 NA
14024 520 NA
14025 488 NA
14026 488 NA
14027 464 NA
14028 464 NA
14029 488 NA
14030 488 NA
14031 480 NA
14032 470 NA
14033 486 NA
14034 496 NA
14035 503 NA
14036 508 NA
14037 506 NA
14038 493 NA
14039 465 NA
14040 465 NA
14041 461 NA
14042 457 NA
14043 440 NA
14044 432 NA
14045 406 NA
14046 406 NA
14047 395 NA
14048 393 NA
14049 404 NA
14050 398 NA
14051 398 NA
14052 390 NA
14053 367 NA
14054 367 NA
14055 373 NA
14056 380 NA
14057 394 NA
14058 403 NA
14059 402 NA
14060 393 NA
14061 393 NA
14062 401 NA
14063 401 NA
14064 415 NA
14065 422 NA
14066 416 NA
14067 419 NA
14068 425 NA
14069 439 NA
14070 439 NA
14071 426 NA
14072 425 NA
14073 408 NA
14074 392 NA
14075 392 NA
14076 390 NA
14077 386 NA
14078 395 NA
14079 400 NA
14080 394 NA
14081 389 NA
14082 381 NA
14083 370 NA
14084 361 NA
14085 341 NA
14086 341 NA
14087 344 NA
14088 353 NA
14089 362 NA
14090 362 NA
14091 374 NA
14092 374 NA
14093 375 NA
14094 379 NA
14095 387 NA
14096 394 NA
14097 394 NA
14098 402 NA
14099 391 NA
14100 391 NA
14101 398 NA
14102 399 NA
14103 405 NA
14104 406 NA
14105 399 NA
14106 392 NA
14107 388 NA
14108 405 NA
14109 425 NA
14110 438 NA
14111 456 NA
14112 456 NA
14113 465 NA
14114 495 NA
14115 495 NA
14116 515 NA
14117 536 NA
14118 557 NA
14119 548 NA
14120 551 NA
14121 598 NA
14122 598 NA
14123 598 NA
14124 625 NA
14125 647 NA
14126 698 NA
14127 730 NA
14128 730 NA
14129 770 NA
14130 790 NA
14131 790 NA
14132 813 NA
14133 844 NA
14134 886 NA
14135 915 NA
14136 948 NA
14137 965 NA
14138 965 NA
14139 994 NA
14140 1002 NA
14141 1003 NA
14142 989 NA
14143 989 NA
14144 960 NA
14145 948 NA
14146 949 NA
14147 965 NA
14148 988 NA
14149 923 NA
14150 923 NA
14151 905 NA
14152 883 NA
14153 901 NA
14154 895 NA
14155 919 NA
14156 851 NA
14157 851 NA
14158 875 NA
14159 901 NA
14160 895 NA
14161 895 NA
14162 901 NA
14163 878 NA
14164 837 NA
14165 837 NA
14166 822 NA
14167 808 NA
14168 831 NA
14169 844 NA
14170 879 NA
14171 851 NA
14172 851 NA
14173 811 NA
14174 797 NA
14175 780 NA
14176 780 NA
14177 713 NA
14178 713 NA
14179 679 NA
14180 693 NA
14181 699 NA
14182 712 NA
14183 698 NA
14184 688 NA
14185 727 NA
14186 709 NA
14187 711 NA
14188 711 NA
14189 732 NA
14190 700 NA
14191 689 NA
14192 667 NA
14193 666 NA
14194 681 NA
14195 691 NA
14196 707 NA
14197 742 NA
14198 728 NA
14199 705 NA
14200 731 NA
14201 744 NA
14202 744 NA
14203 722 NA
14204 757 NA
14205 757 NA
14206 761 NA
14207 757 NA
14208 772 NA
14209 772 NA
14210 762 NA
14211 773 NA
14212 773 NA
14213 745 NA
14214 707 NA
14215 709 NA
14216 709 NA
14217 716 NA
14218 742 NA
14219 717 NA
14220 694 NA
14221 737 NA
14222 737 NA
14223 771 NA
14224 791 NA
14225 791 NA
14226 756 NA
14227 732 NA
14228 706 NA
14229 704 NA
14230 722 NA
14231 778 NA
14232 809 NA
14233 809 NA
14234 823 NA
14235 792 NA
14236 792 NA
14237 820 NA
14238 820 NA
14239 873 NA
14240 873 NA
14241 936 NA
14242 947 NA
14243 978 NA
14244 965 NA
14245 965 NA
14246 965 NA
14247 927 NA
14248 880 NA
14249 845 NA
14250 813 NA
14251 783 NA
14252 768 NA
14253 771 NA
14254 794 NA
14255 794 NA
14256 822 NA
14257 838 NA
14258 838 NA
14259 842 NA
14260 872 NA
14261 899 NA
14262 891 NA
14263 891 NA
14264 838 NA
14265 834 NA
14266 834 NA
14267 837 NA
14268 837 NA
14269 884 NA
14270 884 NA
14271 900 NA
14272 899 NA
14273 899 NA
14274 846 NA
14275 831 NA
14276 847 NA
14277 847 NA
14278 826 NA
14279 864 NA
14280 902 NA
14281 866 NA
14282 842 NA
14283 842 NA
14284 847 NA
14285 840 NA
14286 862 NA
14287 862 NA
14288 823 NA
14289 786 NA
14290 755 NA
14291 737 NA
14292 752 NA
14293 752 NA
14294 803 NA
14295 803 NA
14296 821 NA
14297 821 NA
14298 792 NA
14299 759 NA
14300 737 NA
14301 707 NA
14302 734 NA
14303 729 NA
14304 729 NA
14305 709 NA
14306 731 NA
14307 732 NA
14308 732 NA
14309 745 NA
14310 750 NA
14311 753 NA
14312 719 NA
14313 730 NA
14314 730 NA
14315 718 NA
14316 724 NA
14317 724 NA
14318 702 NA
14319 723 NA
14320 739 NA
14321 723 NA
14322 713 NA
14323 721 NA
14324 721 NA
14325 708 NA
14326 714 NA
14327 738 NA
14328 770 NA
14329 804 NA
14330 842 NA
14331 842 NA
14332 822 NA
14333 804 NA
14334 821 NA
14335 852 NA
14336 902 NA
14337 902 NA
14338 894 NA
14339 835 NA
14340 835 NA
14341 805 NA
14342 796 NA
14343 766 NA
14344 768 NA
14345 807 NA
14346 855 NA
14347 855 NA
14348 855 NA
14349 852 NA
14350 866 NA
14351 866 NA
14352 875 NA
14353 893 NA
14354 893 NA
14355 869 NA
14356 876 NA
14357 849 NA
14358 855 NA
14359 868 NA
14360 874 NA
14361 908 NA
14362 956 NA
14363 989 NA
14364 990 NA
14365 990 NA
14366 1009 NA
14367 951 NA
14368 951 NA
14369 939 NA
14370 920 NA
14371 927 NA
14372 937 NA
14373 937 NA
14374 928 NA
14375 945 NA
14376 926 NA
14377 919 NA
14378 875 NA
14379 861 NA
14380 861 NA
14381 869 NA
14382 853 NA
14383 865 NA
14384 898 NA
14385 901 NA
14386 855 NA
14387 884 NA
14388 904 NA
14389 945 NA
14390 984 NA
14391 984 NA
14392 967 NA
14393 967 NA
14394 934 NA
14395 855 NA
14396 861 NA
14397 888 NA
14398 888 NA
14399 926 NA
14400 961 NA
14401 961 NA
14402 945 NA
14403 903 NA
14404 876 NA
14405 894 NA
14406 936 NA
14407 909 NA
14408 909 NA
14409 891 NA
14410 885 NA
14411 859 NA
14412 911 NA
14413 938 NA
14414 938 NA
14415 969 NA
14416 1002 NA
14417 1028 NA
14418 1042 NA
14419 1088 NA
14420 1098 NA
14421 1098 NA
14422 1096 NA
14423 1135 NA
14424 1135 NA
14425 1159 NA
14426 1210 NA
14427 1218 NA
14428 1230 NA
14429 1301 NA
14430 1301 NA
14431 1287 NA
14432 1211 NA
14433 1183 NA
14434 1183 NA
14435 1127 NA
14436 1037 NA
14437 1037 NA
14438 1010 NA
14439 1024 NA
14440 1051 NA
14441 1058 NA
14442 1105 NA
14443 1121 NA
14444 1101 NA
14445 1101 NA
14446 1067 NA
14447 1036 NA
14448 1036 NA
14449 1037 NA
14450 1058 NA
14451 1064 NA
14452 1060 NA
14453 1060 NA
14454 1081 NA
14455 1081 NA
14456 1060 NA
14457 1054 NA
14458 1018 NA
14459 1028 NA
14460 1018 NA
14461 971 NA
14462 979 NA
14463 989 NA
14464 1015 NA
14465 1063 NA
14466 1088 NA
14467 1071 NA
14468 1068 NA
14469 1034 NA
14470 1038 NA
14471 1020 NA
14472 1018 NA
14473 1018 NA
14474 965 NA
14475 987 NA
14476 987 NA
14477 1002 NA
14478 1002 NA
14479 984 NA
14480 1009 NA
14481 1074 NA
14482 1074 NA
14483 1119 NA
14484 1119 NA
14485 1065 NA
14486 1049 NA
14487 1078 NA
14488 1132 NA
14489 1169 NA
14490 1110 NA
14491 1110 NA
14492 1064 NA
14493 1021 NA
14494 1027 NA
14495 1027 NA
14496 1024 NA
14497 1002 NA
14498 1007 NA
14499 1052 NA
14500 1083 NA
14501 1085 NA
14502 1030 NA
14503 1052 NA
14504 1088 NA
14505 1088 NA
14506 1135 NA
14507 1163 NA
14508 1104 NA
14509 1050 NA
14510 1038 NA
14511 1039 NA
14512 1057 NA
14513 1057 NA
14514 1099 NA
14515 1104 NA
14516 1104 NA
14517 1123 NA
14518 1123 NA
14519 1045 NA
14520 1045 NA
14521 993 NA
14522 1009 NA
14523 1009 NA
14524 1058 NA
14525 1109 NA
14526 1164 NA
14527 1222 NA
14528 1348 NA
14529 1348 NA
14530 1487 NA
14531 1487 NA
14532 1640 NA
14533 1722 NA
14534 1722 NA
14535 1896 NA
14536 1990 NA
14537 2086 NA
14538 2189 NA
14539 2189 NA
14540 2298 NA
14541 2413 NA
14542 2650 NA
14543 2783 NA
14544 2783 NA
14545 2913 NA
14546 2913 NA
14547 2911 NA
14548 2745 NA
14549 2615 NA
14550 2450 NA
14551 2372 NA
14552 2479 NA
14553 2569 NA
14554 2569 NA
14555 2802 NA
14556 2802 NA
14557 2884 NA
14558 3144 NA
14559 3291 NA
14560 3291 NA
14561 3436 NA
14562 3596 NA
14563 3742 NA
14564 3923 NA
14565 4177 NA
14566 4330 NA
14567 4330 NA
14568 4546 NA
14569 4908 NA
14570 5107 NA
14571 5107 NA
14572 4928 NA
14573 4712 NA
14574 4502 NA
14575 4282 NA
14576 4077 NA
14577 3873 NA
14578 3526 NA
14579 3526 NA
14580 3349 NA
14581 3186 NA
14582 2914 NA
14583 2914 NA
14584 3070 NA
14585 3201 NA
14586 3201 NA
14587 3044 NA
14588 3099 NA
14589 3099 NA
14590 3235 NA
14591 3136 NA
14592 2979 NA
14593 2850 NA
14594 2707 NA
14595 2597 NA
14596 2597 NA
14597 2672 NA
14598 2722 NA
14599 2686 NA
14600 2686 NA
14601 2689 NA
14602 2822 NA
14603 2961 NA
14604 3186 NA
14605 3158 NA
14606 3158 NA
14607 2890 NA
14608 2890 NA
14609 2758 NA
14610 2811 NA
14611 2791 NA
14612 2752 NA
14613 2983 NA
14614 3096 NA
14615 3096 NA
14616 3122 NA
14617 3328 NA
14618 3239 NA
14619 3158 NA
14620 3158 NA
14621 2916 NA
14622 2916 NA
14623 3147 NA
14624 3147 NA
14625 3155 NA
14626 3143 NA
14627 3143 NA
14628 3154 NA
14629 3065 NA
14630 3065 NA
14631 2929 NA
14632 2929 NA
14633 2796 NA
14634 2796 NA
14635 2906 NA
14636 2961 NA
14637 2894 NA
14638 2862 NA
14639 2917 NA
14640 3038 NA
14641 3074 NA
14642 3074 NA
14643 3002 NA
14644 3002 NA
14645 2999 NA
14646 2949 NA
14647 2832 NA
14648 2934 NA
14649 2934 NA
14650 2889 NA
14651 2747 NA
14653 2639 NA
14654 2734 NA
14655 2694 NA
14656 2694 NA
14657 2809 NA
14658 2718 NA
14659 2664 NA
14660 2664 NA
14661 2640 NA
14662 2440 NA
14663 2440 NA
14664 2554 NA
14665 2613 NA
14666 2547 NA
14667 2547 NA
14668 2604 NA
14669 2815 NA
14670 2815 NA
14671 2848 NA
14672 2652 NA
14673 2652 NA
14674 2630 NA
14675 2677 NA
14676 2661 NA
14677 2537 NA
14678 2431 NA
14679 2349 NA
14680 2235 NA
14681 2094 NA
14682 2038 NA
14683 2046 NA
14684 2046 NA
14685 2149 NA
14686 2248 NA
14687 2314 NA
14688 2340 NA
14689 2411 NA
14690 2513 NA
14691 2517 NA
14692 2517 NA
14693 2676 NA
14694 2754 NA
14695 2754 NA
14696 2811 NA
14697 2758 NA
14698 2638 NA
14699 2513 NA
14700 2421 NA
14701 2409 NA
14702 2364 NA
14703 2281 NA
14704 2332 NA
14705 2483 NA
14706 2483 NA
14707 2514 NA
14708 2604 NA
14709 2604 NA
14710 2690 NA
14711 2804 NA
14712 3048 NA
14713 3048 NA
14714 3099 NA
14715 2840 NA
14716 2840 NA
14717 2664 NA
14718 2548 NA
14719 2548 NA
14720 2461 NA
14721 2461 NA
14722 2552 NA
14723 2552 NA
14724 2653 NA
14725 2710 NA
14726 2581 NA
14727 2363 NA
14728 2363 NA
14729 2302 NA
14730 2205 NA
14731 2100 NA
14732 2100 NA
14733 2100 NA
14734 2297 NA
14735 2297 NA
14736 2296 NA
14737 2296 NA
14738 2154 NA
14739 2154 NA
14740 2113 NA
14741 2150 NA
14742 2228 NA
14743 2280 NA
14744 2224 NA
14745 2288 NA
14746 2276 NA
14747 2242 NA
14748 2253 NA
14749 2253 NA
14750 2147 NA
14751 2154 NA
14752 2185 NA
14753 2205 NA
14754 2209 NA
14755 2170 NA
14756 2170 NA
14757 2204 NA
14758 2040 NA
14759 1998 NA
14760 2039 NA
14761 2132 NA
14762 2129 NA
14763 2129 NA
14764 2034 NA
14765 2024 NA
14766 1985 NA
14767 1962 NA
14768 1938 NA
14769 1938 NA
14770 1914 NA
14771 1880 NA
14772 1880 NA
14773 1880 NA
14774 1941 NA
14775 2091 NA
14776 2194 NA
14777 2194 NA
14778 2324 NA
14779 2324 NA
14780 2406 NA
14781 2459 NA
14782 2575 NA
14783 2575 NA
14784 2497 NA
14785 2497 NA
14786 2388 NA
14787 2322 NA
14788 2332 NA
14789 2482 NA
14790 2532 NA
14791 2532 NA
14792 2440 NA
14793 2338 NA
14794 2249 NA
14795 2197 NA
14796 2197 NA
14797 2252 NA
14798 2166 NA
14799 2130 NA
14800 2130 NA
14801 2132 NA
14802 2239 NA
14803 2338 NA
14804 2338 NA
14805 2253 NA
14806 2253 NA
14807 2140 NA
14808 2132 NA
14809 2125 NA
14810 1917 NA
14811 1917 NA
14812 1748 NA
14813 1694 NA
14814 1694 NA
14815 1615 NA
14816 1536 NA
14817 1463 NA
14818 1448 NA
14819 1500 NA
14820 1500 NA
14821 1479 NA
14822 1497 NA
14823 1594 NA
14824 1594 NA
14825 1655 NA
14826 1678 NA
14827 1678 NA
14828 1744 NA
14829 1726 NA
14830 1699 NA
14831 1630 NA
14832 1489 NA
14833 1489 NA
14834 1427 NA
14835 1395 NA
14836 1390 NA
14837 1385 NA
14838 1434 NA
14839 1434 NA
14840 1549 NA
14841 1549 NA
14842 1619 NA
14843 1700 NA
14844 1785 NA
14845 1875 NA
14846 1962 NA
14847 1985 NA
14848 1949 NA
14849 1949 NA
14850 1995 NA
14851 1962 NA
14852 1970 NA
14853 2010 NA
14854 2010 NA
14855 1963 NA
14856 1883 NA
14857 1790 NA
14858 1790 NA
14859 1734 NA
14860 1734 NA
14861 1749 NA
14862 1813 NA
14863 1879 NA
14864 1933 NA
14865 1965 NA
14866 2009 NA
14867 2009 NA
14868 2109 NA
14869 2200 NA
14870 2317 NA
14871 2317 NA
14872 2379 NA
14873 2379 NA
14874 2550 NA
14875 2550 NA
14876 2653 NA
14877 2758 NA
14878 2849 NA
14879 2929 NA
14880 2807 NA
14881 2807 NA
14882 2576 NA
14883 2576 NA
14884 2491 NA
14885 2375 NA
14886 2278 NA
14887 2265 NA
14888 2314 NA
14889 2225 NA
14890 2030 NA
14891 2030 NA
14892 1935 NA
14893 1815 NA
14894 1815 NA
14895 1766 NA
14896 1717 NA
14897 1720 NA
14898 1720 NA
14899 1662 NA
14900 1654 NA
14901 1707 NA
14902 1707 NA
14903 1731 NA
14904 1731 NA
14905 1807 NA
14906 1759 NA
14907 1787 NA
14908 1787 NA
14909 1858 NA
14910 1925 NA
14911 2017 NA
14912 1968 NA
14913 1900 NA
14914 1944 NA
14915 1944 NA
14916 1927 NA
14917 1848 NA
14918 1802 NA
14920 1753 NA
14921 1784 NA
14922 1860 NA
14923 1860 NA
14924 1935 NA
14925 1940 NA
14926 2020 NA
14927 2045 NA
14928 1935 NA
14929 1935 NA
14930 2005 NA
14931 2005 NA
14932 2039 NA
14933 2096 NA
14934 1969 NA
14935 1969 NA
14936 1896 NA
14937 1866 NA
14938 1809 NA
14939 1809 NA
14940 1803 NA
14941 1759 NA
14942 1759 NA
14943 1835 NA
14944 1961 NA
14945 1922 NA
14946 1922 NA
14947 1936 NA
14948 1859 NA
14949 1957 NA
14950 1957 NA
14951 1991 NA
14952 1933 NA
14953 1933 NA
14954 1872 NA
14955 1838 NA
14956 1867 NA
14957 1909 NA
14958 1913 NA
14959 1913 NA
14960 1992 NA
14961 1992 NA
14962 1824 NA
14963 1824 NA
14964 1732 NA
14965 1573 NA
14966 1500 NA
14967 1467 NA
14968 1467 NA
14969 1517 NA
14970 1572 NA
14971 1650 NA
14972 1697 NA
14973 1757 NA
14974 1708 NA
14975 1708 NA
14976 1703 NA
14977 1657 NA
14979 1589 NA
14981 1585 NA
14983 1538 NA
14984 1557 NA
14985 1542 NA
14986 1424 NA
14987 1364 NA
14988 1310 NA
14990 1247 NA
14991 1231 NA
14992 1182 NA
14993 1209 NA
14995 1265 NA
14996 1343 NA
14998 1400 NA
15000 1415 NA
15001 1354 NA
15003 1258 NA
15005 1206 NA
15007 1258 NA
15008 1148 NA
15011 1052 NA
15012 999 NA
15013 991 NA
15014 991 NA
15016 1022 NA
15018 967 NA
15019 974 NA
15020 1011 NA
15021 1011 NA
15023 1007 NA
15025 921 NA
15026 876 NA
15028 793 NA
15029 752 NA
15031 775 NA
15032 814 NA
15033 876 NA
15035 903 NA
15036 950 NA
15037 950 NA
15038 957 NA
15039 954 NA
15040 929 NA
15042 940 NA
15044 915 NA
15046 867 NA
15047 848 NA
15048 852 NA
15049 852 NA
15050 882 NA
15052 912 NA
15055 893 NA
15058 857 NA
15060 841 NA
15061 820 NA
15063 809 NA
15064 767 NA
15066 737 NA
15067 749 NA
15068 762 NA
15070 775 NA
15072 723 NA
15073 754 NA
15076 697 NA
15078 655 NA
15080 636 NA
15081 649 NA
15082 654 NA
15084 626 NA
15085 622 NA
15086 594 NA
15087 566 NA
15088 547 NA
15089 521 NA
15090 495 NA
15091 473 NA
15093 429 NA
15094 423 NA
15095 424 NA
15096 414 NA
15097 419 NA
15098 435 NA
15100 437 NA
15101 444 NA
15103 432 NA
15104 422 NA
15106 428 NA
15107 440 NA
15109 438 NA
15110 441 NA
15112 423 NA
15114 441 NA
15115 453 NA
15116 445 NA
15119 435 NA
15120 429 NA
15121 427 NA
15122 422 NA
15123 420 NA
15124 406 NA
15125 392 NA
15126 380 NA
15128 374 NA
15130 353 NA
15131 338 NA
15132 321 NA
15133 307 NA
15135 280 NA
15136 287 NA
15137 271 NA
15138 271 NA
15140 273 NA
15142 269 NA
15143 267 NA
15144 278 NA
15145 265 NA
15147 280 NA
15149 267 NA
15150 261 NA
15151 251 NA
15152 240 NA
15154 226 NA
15156 217 NA
15157 212 NA
15158 202 NA
15159 191 NA
15161 178 NA
15163 164 NA
15164 158 NA
15165 153 NA
15166 150 NA
15168 141 NA
15170 131 NA
15172 118 NA
15173 112 NA
15175 102 NA
15177 91 NA
15178 88 NA
15179 83 NA
15182 77 NA
15184 81 NA
15185 86 NA
15186 88 NA
15187 88 NA
15189 93 NA
15191 99 NA
15193 103 NA
15194 108 NA
15195 111 NA
15196 110 NA
15197 109 NA
15199 112 NA
15204 102 NA
15207 95 NA
15208 94 NA
15212 89 NA
15214 86 NA
15215 87 NA
15217 83 NA
15219 77 NA
15220 74 NA
15221 74 NA
15222 72 NA
15224 70 NA
15226 73 NA
15227 75 NA
15228 78 NA
15229 75 NA
15231 78 NA
15232 82 NA
15233 86 NA
15235 96 NA
15238 101 NA
15240 116 NA
15242 114 NA
15243 115 NA
15244 111 NA
15247 102 NA
15248 95 NA
15249 95 NA
15250 96 NA
15254 89 NA
15258 88 NA
15259 87 NA
15261 92 NA
15264 92 NA
15266 95 NA
15268 100 NA
15271 104 NA
15273 110 NA
15275 121 NA
15277 133 NA
15278 140 NA
15280 145 NA
15281 153 NA
15282 161 NA
15283 169 NA
15284 178 NA
15285 187 NA
15287 207 NA
15289 218 NA
15291 251 NA
15294 278 NA
15295 306 NA
15297 339 NA
15299 356 NA
15302 413 NA
15303 413 NA
15304 456 NA
15306 479 NA
15307 503 NA
15308 529 NA
15310 564 NA
15312 584 NA
15313 612 NA
15314 630 NA
15315 634 NA
15316 641 NA
15317 636 NA
15318 631 NA
15319 642 NA
15320 667 NA
15321 695 NA
15322 728 NA
15323 756 NA
15324 790 NA
15325 827 NA
15326 848 NA
15327 869 NA
15328 857 NA
15329 814 NA
15330 827 NA
15331 854 NA
15332 877 NA
15333 913 NA
15334 933 NA
15335 945 NA
15336 924 NA
15337 915 NA
15338 923 NA
15339 966 NA
15340 993 NA
15341 974 NA
15342 980 NA
15343 1027 NA
15344 1079 NA
15345 1123 NA
15346 1148 NA
15347 1184 NA
15348 1188 NA
15349 1222 NA
15350 1275 NA
15351 1315 NA
15352 1327 NA
15353 1365 NA
15354 1414 NA
15355 1431 NA
15356 1494 NA
15357 1516 NA
15358 1533 NA
15359 1479 NA
15360 1417 NA
15361 1368 NA
15362 1302 NA
15363 1240 NA
15364 1184 NA
15365 1161 NA
15366 1197 NA
15367 1257 NA
15368 1307 NA
15369 1304 NA
15370 1345 NA
15371 1330 NA
15372 1336 NA
15373 1340 NA
15374 1339 NA
15375 1338 NA
15376 1309 NA
15377 1302 NA
15378 1307 NA
15379 1253 NA
15380 1257 NA
15381 1200 NA
15382 1209 NA
15383 1219 NA
15384 1247 NA
15385 1253 NA
15386 1259 NA
15387 1291 NA
15388 1262 NA
15389 1247 NA
15390 1221 NA
15391 1167 NA
15392 1151 NA
15393 1164 NA
15394 1139 NA
15395 1145 NA
15396 1119 NA
15397 1081 NA
15398 1043 NA
15399 1001 NA
15400 971 NA
15401 927 NA
15402 912 NA
15403 909 NA
15404 932 NA
15405 979 NA
15406 1023 NA
15407 1012 NA
15408 981 NA
15409 959 NA
15410 930 NA
15411 908 NA
15412 901 NA
15413 874 NA
15414 842 NA
15415 821 NA
15416 809 NA
15417 796 NA
15418 805 NA
15419 831 NA
15420 839 NA
15421 828 NA
15422 834 NA
15423 840 NA
15424 845 NA
15425 851 NA
15426 857 NA
15427 878 NA
15428 912 NA
15429 949 NA
15430 990 NA
15431 987 NA
15432 981 NA
15433 999 NA
15434 967 NA
15435 1000 NA
15436 992 NA
15437 1017 NA
15438 992 NA
15439 946 NA
15440 926 NA
15441 962 NA
15442 975 NA
15443 1007 NA
15444 1049 NA
15445 1024 NA
15446 986 NA
15447 962 NA
15448 938 NA
15449 937 NA
15450 896 NA
15451 881 NA
15452 841 NA
15453 833 NA
15454 820 NA
15455 807 NA
15456 819 NA
15457 836 NA
15458 871 NA
15459 912 NA
15460 945 NA
15461 943 NA
15462 921 NA
15463 907 NA
15464 863 NA
15465 832 NA
15466 795 NA
15467 781 NA
15468 754 NA
15469 729 NA
15470 756 NA
15471 759 NA
15472 726 NA
15473 736 NA
15474 713 NA
15475 728 NA
15476 742 NA
15477 758 NA
15478 776 NA
15479 764 NA
15480 761 NA
15481 767 NA
15482 764 NA
15483 761 NA
15484 776 NA
15485 781 NA
15486 775 NA
15487 758 NA
15488 732 NA
15489 697 NA
15490 675 NA
15491 659 NA
15492 642 NA
15493 619 NA
15494 620 NA
15495 600 NA
15496 584 NA
15497 579 NA
15498 587 NA
15499 597 NA
15500 598 NA
15501 593 NA
15502 594 NA
15503 596 NA
15504 594 NA
15505 601 NA
15506 607 NA
15507 587 NA
15508 589 NA
15509 582 NA
15510 590 NA
15511 605 NA
15512 636 NA
15513 667 NA
15514 694 NA
15515 700 NA
15516 694 NA
15517 677 NA
15518 699 NA
15519 734 NA
15520 766 NA
15521 781 NA
15522 809 NA
15523 846 NA
15524 882 NA
15525 917 NA
15526 953 NA
15527 965 NA
15528 946 NA
15529 985 NA
15530 1011 NA
15531 1032 NA
15532 1044 NA
15533 1031 NA
15534 1028 NA
15535 1063 NA
15536 1067 NA
15537 1013 NA
15538 972 NA
15539 923 NA
15540 887 NA
15541 842 NA
15542 799 NA
15543 772 NA
15544 737 NA
15545 706 NA
15546 680 NA
15547 677 NA
15548 703 NA
15549 729 NA
15550 745 NA
15551 777 NA
15552 806 NA
15553 806 NA
15554 765 NA
15555 763 NA
15556 791 NA
15557 791 NA
15558 785 NA
15559 749 NA
15560 713 NA
15561 680 NA
15562 661 NA
15563 641 NA
15564 626 NA
15565 613 NA
15566 623 NA
15567 628 NA
15568 630 NA
15569 645 NA
15570 649 NA
15571 661 NA
15572 681 NA
15573 675 NA
15574 660 NA
15575 670 NA
15576 671 NA
15577 671 NA
15578 671 NA
15579 673 NA
15580 671 NA
15581 665 NA
15582 688 NA
15583 679 NA
15584 697 NA
15585 688 NA
15586 707 NA
15587 686 NA
15588 686 NA
15589 708 NA
15590 739 NA
15591 752 NA
15592 756 NA
15593 764 NA
15594 765 NA
15595 760 NA
15596 787 NA
15597 806 NA
15598 832 NA
15599 832 NA
15600 859 NA
15601 841 NA
15602 849 NA
15603 892 NA
15604 937 NA
15605 983 NA
15606 969 NA
15607 970 NA
15608 993 NA
15609 1016 NA
15610 1056 NA
15611 1062 NA
15612 1093 NA
15613 1108 NA
15614 1129 NA
15615 1072 NA
15616 1026 NA
15617 1039 NA
15618 1083 NA
15619 1088 NA
15620 1103 NA
15621 1127 NA
15622 1152 NA
15623 1094 NA
15624 1045 NA
15625 992 NA
15626 944 NA
15627 909 NA
15628 893 NA
15629 908 NA
15630 905 NA
15631 860 NA
15632 833 NA
15633 791 NA
15634 751 NA
15635 713 NA
15636 696 NA
15637 665 NA
15638 669 NA
15639 636 NA
15640 605 NA
15641 601 NA
15642 575 NA
15643 546 NA
15644 550 NA
15645 533 NA
15646 545 NA
15647 570 NA
15648 577 NA
15649 601 NA
15650 627 NA
15651 652 NA
15652 678 NA
15653 704 NA
15654 729 NA
15655 755 NA
15656 780 NA
15657 806 NA
15658 837 NA
15659 870 NA
15660 911 NA
15661 950 NA
15662 997 NA
15663 1035 NA
15664 1077 NA
15665 1084 NA
15666 1070 NA
15667 1058 NA
15668 1012 NA
15669 971 NA
15670 936 NA
15671 930 NA
15672 902 NA
15673 911 NA
15674 888 NA
15675 869 NA
15676 867 NA
15677 860 NA
15678 817 NA
15679 776 NA
15680 737 NA
15681 700 NA
15682 671 NA
15683 678 NA
15684 707 NA
15685 741 NA
15686 770 NA
15687 794 NA
15688 809 NA
15689 832 NA
15690 832 NA
15691 861 NA
15692 897 NA
15693 916 NA
15694 951 NA
15695 976 NA
15696 992 NA
15697 988 NA
15698 938 NA
15699 891 NA
15700 854 NA
15701 811 NA
15702 770 NA
15703 731 NA
15704 694 NA
15705 659 NA
15706 626 NA
15707 609 NA
15708 596 NA
15709 577 NA
15710 575 NA
15711 555 NA
15712 531 NA
15713 548 NA
15714 573 NA
15715 598 NA
15716 616 NA
15717 646 NA
15718 678 NA
15719 707 NA
15720 738 NA
15721 771 NA
15722 804 NA
15723 830 NA
15724 862 NA
15725 895 NA
15726 936 NA
15727 968 NA
15728 997 NA
15729 1018 NA
15730 1014 NA
15731 979 NA
15732 980 NA
15733 993 NA
15734 993 NA
15735 1039 NA
15736 1073 NA
15737 1127 NA
15738 1184 NA
15739 1228 NA
15740 1258 NA
15741 1266 NA
15742 1308 NA
15743 1315 NA
15744 1298 NA
15745 1237 NA
15746 1183 NA
15747 1151 NA
15748 1144 NA
15749 1153 NA
15750 1202 NA
15751 1262 NA
15752 1317 NA
15753 1344 NA
15754 1394 NA
15755 1437 NA
15756 1479 NA
15757 1504 NA
15758 1544 NA
15759 1531 NA
15760 1578 NA
15761 1593 NA
15762 1625 NA
15763 1648 NA
15764 1647 NA
15765 1663 NA
15766 1631 NA
15767 1590 NA
15768 1648 NA
15769 1652 NA
15770 1571 NA
15771 1493 NA
15772 1475 NA
15773 1437 NA
15774 1402 NA
15775 1379 NA
15776 1356 NA
15777 1338 NA
15778 1284 NA
15779 1262 NA
15780 1273 NA
15781 1285 NA
15782 1294 NA
15783 1332 NA
15784 1387 NA
15785 1411 NA
15786 1477 NA
15787 1543 NA
15788 1615 NA
15789 1672 NA
15790 1747 NA
15791 1825 NA
15792 1916 NA
15793 1959 NA
15794 2019 NA
15795 2087 NA
15796 2142 NA
15797 2137 NA
15798 2132 NA
15799 2127 NA
15800 2122 NA
15801 2116 NA
15802 2111 NA
15803 2106 NA
15804 2101 NA
15805 2153 NA
15806 2229 NA
15807 2199 NA
15808 2112 NA
15809 2106 NA
15810 2134 NA
15811 2132 NA
15812 2075 NA
15813 1989 NA
15814 1935 NA
15815 2011 NA
15816 2007 NA
15817 1982 NA
15818 1941 NA
15819 1973 NA
15820 1963 NA
15821 1963 NA
15822 1978 NA
15823 1890 NA
15824 1892 NA
15825 1930 NA
15826 1855 NA
15827 1864 NA
15828 1926 NA
15829 1920 NA
15830 1981 NA
15831 1979 NA
15832 1987 NA
15833 2030 NA
15834 2055 NA
15835 2132 NA
15836 2182 NA
15837 2163 NA
15838 2242 NA
15839 2326 NA
15840 2341 NA
15841 2381 NA
15842 2431 NA
15843 2431 NA
15844 2416 NA
15845 2354 NA
15846 2238 NA
15847 2126 NA
15848 2038 NA
15849 1936 NA
15850 1864 NA
15851 1770 NA
15852 1681 NA
15853 1596 NA
15854 1537 NA
15855 1460 NA
15856 1404 NA
15857 1333 NA
15858 1266 NA
15859 1202 NA
15860 1153 NA
15861 1127 NA
15862 1123 NA
15863 1111 NA
15864 1089 NA
15865 1092 NA
15866 1114 NA
15867 1130 NA
15868 1131 NA
15869 1093 NA
15870 1112 NA
15871 1115 NA
15872 1087 NA
15873 1099 NA
15874 1113 NA
15875 1086 NA
15876 1104 NA
15877 1118 NA
15878 1131 NA
15879 1171 NA
15880 1199 NA
15881 1235 NA
15882 1258 NA
15883 1274 NA
15884 1270 NA
15885 1314 NA
15886 1335 NA
15887 1337 NA
15888 1376 NA
15889 1412 NA
15890 1459 NA
15891 1482 NA
15892 1553 NA
15893 1531 NA
15894 1539 NA
15895 1538 NA
15896 1530 NA
15897 1547 NA
15898 1547 NA
15899 1544 NA
15900 1537 NA
15901 1515 NA
15902 1550 NA
15903 1594 NA
15904 1637 NA
15905 1681 NA
15906 1725 NA
15907 1768 NA
15908 1812 NA
15909 1812 NA
15910 1889 NA
15911 1984 NA
15912 2084 NA
15913 2129 NA
15914 2231 NA
15915 2238 NA
15916 2341 NA
15917 2454 NA
15918 2511 NA
15919 2581 NA
15920 2581 NA
15921 2644 NA
15922 2753 NA
15923 2811 NA
15924 2903 NA
15925 2933 NA
15926 2966 NA
15927 3068 NA
15928 3218 NA
15929 3236 NA
15930 3167 NA
15931 3093 NA
15932 3038 NA
15933 2997 NA
15934 2997 NA
15935 2960 NA
15936 3096 NA
15937 3245 NA
15938 3245 NA
15939 3354 NA
15940 3354 NA
15941 3501 NA
15942 3605 NA
15943 3605 NA
15944 3758 NA
15945 3708 NA
15946 3708 NA
15947 3812 NA
15948 3959 NA
15949 4086 NA
15950 4146 NA
15951 4223 NA
15952 4158 NA
15953 4205 NA
15954 4041 NA
15955 4057 NA
15956 4059 NA
15957 3978 NA
15958 4045 NA
15959 3940 NA
15960 3943 NA
15961 3943 NA
15962 3895 NA
15963 3775 NA
15964 3701 NA
15965 3701 NA
15966 3701 NA
15967 3825 NA
15968 3964 NA
15969 4052 NA
15970 4157 NA
15971 4144 NA
15972 4191 NA
15973 4291 NA
15974 4217 NA
15975 4180 NA
15976 4180 NA
15977 4219 NA
15978 4301 NA
15979 4498 NA
15980 4498 NA
15981 4598 NA
15982 4461 NA
15983 4361 NA
15984 4361 NA
15985 4291 NA
15986 4251 NA
15987 4210 NA
15988 4170 NA
15989 4130 NA
15990 4089 NA
15991 4049 NA
15992 4008 NA
15993 3968 NA
15994 3863 NA
15995 3863 NA
15996 3820 NA
15997 3710 NA
15998 3625 NA
15999 3609 NA
16000 3743 NA
16001 3743 NA
16002 3851 NA
16003 3906 NA
16004 3906 NA
16005 4042 NA
16006 4201 NA
16007 4347 NA
16008 4489 NA
16009 4482 NA
16010 4482 NA
16011 4475 NA
16012 4628 NA
16013 4764 NA
16014 4920 NA
16015 5004 NA
16016 5004 NA
16017 5065 NA
16018 4994 NA
16019 5069 NA
16020 5158 NA
16021 5245 NA
16022 5337 NA
16023 5230 NA
16024 5211 NA
16025 5090 NA
16026 4928 NA
16027 4845 NA
16028 4725 NA
16029 4529 NA
16030 4358 NA
16031 4264 NA
16032 4177 NA
16033 4086 NA
16034 3899 NA
16035 3827 NA
16036 3755 NA
16037 3683 NA
16038 3610 NA
16039 3538 NA
16040 3466 NA
16041 3394 NA
16042 3394 NA
16043 3273 NA
16044 3222 NA
16045 3180 NA
16046 3070 NA
16047 3062 NA
16048 3042 NA
16049 2957 NA
16050 2928 NA
16051 2869 NA
16052 2883 NA
16053 2892 NA
16054 2854 NA
16055 2854 NA
16056 2749 NA
16057 2626 NA
16058 2578 NA
16059 2682 NA
16060 2777 NA
16061 2727 NA
16062 2710 NA
16063 2674 NA
16064 2686 NA
16065 2592 NA
16066 2533 NA
16067 2501 NA
16068 2443 NA
16069 2385 NA
16070 2363 NA
16071 2293 NA
16072 2327 NA
16073 2381 NA
16074 2448 NA
16075 2412 NA
16076 2394 NA
16077 2360 NA
16078 2410 NA
16079 2461 NA
16080 2499 NA
16081 2538 NA
16082 2456 NA
16083 2402 NA
16084 2369 NA
16085 2329 NA
16086 2310 NA
16087 2304 NA
16088 2304 NA
16089 2239 NA
16090 2161 NA
16091 2196 NA
16092 2113 NA
16093 2044 NA
16094 2047 NA
16095 2007 NA
16096 2105 NA
16097 2188 NA
16098 2174 NA
16099 2139 NA
16100 2176 NA
16101 2238 NA
16102 2267 NA
16103 2288 NA
16104 2290 NA
16105 2344 NA
16106 2334 NA
16107 2318 NA
16108 2422 NA
16109 2468 NA
16110 2492 NA
16111 2543 NA
16112 2563 NA
16113 2528 NA
16114 2591 NA
16115 2636 NA
16116 2681 NA
16117 2651 NA
16118 2686 NA
16119 2686 NA
16120 2658 NA
16121 2532 NA
16122 2414 NA
16123 2293 NA
16124 2241 NA
16125 2146 NA
16126 2115 NA
16127 2140 NA
16128 2202 NA
16129 2295 NA
16130 2359 NA
16131 2448 NA
16132 2489 NA
16133 2577 NA
16134 2694 NA
16135 2790 NA
16136 2813 NA
16137 2728 NA
16138 2658 NA
16139 2548 NA
16140 2455 NA
16141 2400 NA
16142 2356 NA
16143 2265 NA
16144 2163 NA
16145 2136 NA
16146 2138 NA
16147 2180 NA
16148 2195 NA
16149 2278 NA
16150 2384 NA
16151 2414 NA
16152 2460 NA
16153 2468 NA
16154 2402 NA
16155 2441 NA
16156 2332 NA
16157 2353 NA
16158 2358 NA
16159 2298 NA
16160 2260 NA
16161 2276 NA
16162 2309 NA
16163 2311 NA
16164 2253 NA
16165 2191 NA
16166 2113 NA
16167 2051 NA
16168 2002 NA
16169 1933 NA
16170 1907 NA
16171 1907 NA
16172 1888 NA
16173 1854 NA
16174 1864 NA
16175 1910 NA
16176 1973 NA
16177 1920 NA
16178 1913 NA
16179 1829 NA
16180 1809 NA
16181 1826 NA
16182 1805 NA
16183 1780 NA
16184 1797 NA
16185 1857 NA
16186 1841 NA
16187 1775 NA
16188 1793 NA
16189 1763 NA
16190 1800 NA
16191 1807 NA
16192 1835 NA
16193 1856 NA
16194 1822 NA
16195 1735 NA
16196 1726 NA
16197 1661 NA
16198 1584 NA
16199 1584 NA
16200 1593 NA
16201 1609 NA
16202 1645 NA
16203 1681 NA
16204 1699 NA
16205 1699 NA
16206 1728 NA
16207 1711 NA
16208 1664 NA
16209 1650 NA
16210 1695 NA
16211 1753 NA
16212 1741 NA
16213 1741 NA
16214 1772 NA
16215 1795 NA
16216 1822 NA
16217 1833 NA
16218 1741 NA
16219 1669 NA
16220 1612 NA
16221 1586 NA
16222 1590 NA
16223 1581 NA
16224 1547 NA
16225 1512 NA
16226 1508 NA
16227 1482 NA
16228 1415 NA
16229 1423 NA
16230 1449 NA
16231 1427 NA
16232 1406 NA
16233 1348 NA
16234 1349 NA
16235 1369 NA
16236 1353 NA
16237 1342 NA
16238 1366 NA
16239 1350 NA
16240 1301 NA
16241 1329 NA
16242 1298 NA
16243 1275 NA
16244 1292 NA
16245 1292 NA
16246 1301 NA
16247 1294 NA
16248 1333 NA
16249 1343 NA
16250 1296 NA
16251 1273 NA
16252 1226 NA
16253 1171 NA
16254 1166 NA
16255 1158 NA
16256 1139 NA
16257 1136 NA
16258 1147 NA
16259 1152 NA
16260 1159 NA
16261 1145 NA
16262 1171 NA
16263 1154 NA
16264 1111 NA
16265 1094 NA
16266 1044 NA
16267 1002 NA
16268 1002 NA
16269 1002 NA
16270 1018 NA
16271 970 NA
16272 970 NA
16273 966 NA
16274 947 NA
16275 910 NA
16276 881 NA
16277 853 NA
16278 844 NA
16279 835 NA
16280 856 NA
16281 851 NA
16282 849 NA
16283 829 NA
16284 810 NA
16285 816 NA
16286 839 NA
16287 830 NA
16288 819 NA
16289 841 NA
16290 828 NA
16291 843 NA
16292 840 NA
16293 826 NA
16294 795 NA
16295 814 NA
16296 820 NA
16297 847 NA
16298 844 NA
16299 849 NA
16300 845 NA
16301 843 NA
16302 839 NA
16303 856 NA
16304 858 NA
16305 838 NA
16306 836 NA
16307 835 NA
16308 823 NA
16309 842 NA
16310 840 NA
16311 853 NA
16312 833 NA
16313 810 NA
16314 805 NA
16315 782 NA
16316 790 NA
16317 813 NA
16318 806 NA
16319 807 NA
16320 807 NA
16321 787 NA
16322 800 NA
16323 809 NA
16324 841 NA
16325 870 NA
16326 876 NA
16327 897 NA
16328 906 NA
16329 922 NA
16330 933 NA
16331 945 NA
16332 966 NA
16333 1001 NA
16334 973 NA
16335 952 NA
16336 923 NA
16337 952 NA
16338 958 NA
16339 976 NA
16340 973 NA
16341 944 NA
16342 933 NA
16343 915 NA
16344 914 NA
16345 926 NA
16346 925 NA
16347 937 NA
16348 942 NA
16349 894 NA
16350 863 NA
16351 819 NA
16352 788 NA
16353 789 NA
16354 778 NA
16355 769 NA
16356 747 NA
16357 758 NA
16358 780 NA
16359 800 NA
16360 827 NA
16361 809 NA
16362 813 NA
16363 799 NA
16364 799 NA
16365 807 NA
16366 832 NA
16367 845 NA
16368 852 NA
16369 845 NA
16370 820 NA
16371 820 NA
16372 824 NA
16373 782 NA
16374 747 NA
16375 709 NA
16376 684 NA
16377 660 NA
16378 657 NA
16379 663 NA
16380 664 NA
16381 659 NA
16382 656 NA
16383 652 NA
16384 639 NA
16385 635 NA
16386 637 NA
16387 644 NA
16388 635 NA
16389 629 NA
16390 631 NA
16391 658 NA
16392 680 NA
16393 700 NA
16394 713 NA
16395 724 NA
16396 708 NA
16397 692 NA
16398 668 NA
16399 682 NA
16400 680 NA
16401 657 NA
16402 654 NA
16403 628 NA
16404 603 NA
16405 575 NA
16406 565 NA
16407 551 NA
16408 526 NA
16409 504 NA
16410 486 NA
16411 497 NA
16412 479 NA
16413 466 NA
16414 447 NA
16415 439 NA
16416 445 NA
16417 445 NA
16418 443 NA
16419 462 NA
16420 476 NA
16421 487 NA
16422 487 NA
16423 490 NA
16424 503 NA
16425 490 NA
16426 475 NA
16427 460 NA
16428 456 NA
16429 450 NA
16430 455 NA
16431 447 NA
16432 429 NA
16433 417 NA
16434 412 NA
16435 401 NA
16436 386 NA
16437 367 NA
16438 360 NA
16439 354 NA
16440 352 NA
16441 353 NA
16442 347 NA
16443 355 NA
16444 349 NA
16445 350 NA
16446 353 NA
16447 358 NA
16448 363 NA
16449 369 NA
16450 380 NA
16451 384 NA
16452 398 NA
16453 402 NA
16454 417 NA
16455 430 NA
16456 441 NA
16457 453 NA
16458 461 NA
16459 447 NA
16460 447 NA
16461 453 NA
16462 464 NA
16463 477 NA
16464 481 NA
16465 461 NA
16466 448 NA
16467 446 NA
16468 455 NA
16469 459 NA
16470 472 NA
16471 481 NA
16472 492 NA
16473 468 NA
16474 459 NA
16475 473 NA
16476 472 NA
16477 483 NA
16478 496 NA
16479 500 NA
16480 488 NA
16481 483 NA
16482 482 NA
16483 484 NA
16484 492 NA
16485 494 NA
16486 488 NA
16487 475 NA
16488 486 NA
16489 473 NA
16490 483 NA
16491 505 NA
16492 531 NA
16493 553 NA
16494 578 NA
16495 600 NA
16496 605 NA
16497 610 NA
16498 616 NA
16499 629 NA
16500 615 NA
16501 602 NA
16502 581 NA
16503 559 NA
16504 547 NA
16505 551 NA
16506 540 NA
16507 535 NA
16508 520 NA
16509 507 NA
16510 488 NA
16511 487 NA
16512 497 NA
16513 502 NA
16514 494 NA
16515 507 NA
16516 506 NA
16517 485 NA
16518 494 NA
16519 485 NA
16520 489 NA
16521 479 NA
16522 458 NA
16523 438 NA
16524 416 NA
16525 409 NA
16526 389 NA
16527 373 NA
16528 354 NA
16529 336 NA
16530 324 NA
16531 316 NA
16532 307 NA
16533 314 NA
16534 322 NA
16535 332 NA
16536 329 NA
16537 334 NA
16538 347 NA
16539 354 NA
16540 367 NA
16541 377 NA
16542 371 NA
16543 376 NA
16544 386 NA
16545 391 NA
16546 403 NA
16547 419 NA
16548 436 NA
16549 448 NA
16550 451 NA
16551 458 NA
16552 462 NA
16553 472 NA
16554 449 NA
16555 426 NA
16556 410 NA
16557 407 NA
16558 418 NA
16559 427 NA
16560 428 NA
16561 417 NA
16562 417 NA
16563 415 NA
16564 428 NA
16565 426 NA
16566 431 NA
16567 421 NA
16568 413 NA
16569 413 NA
16570 418 NA
16571 423 NA
16572 414 NA
16573 414 NA
16574 412 NA
16575 418 NA
16576 423 NA
16577 424 NA
16578 430 NA
16579 434 NA
16580 443 NA
16581 456 NA
16582 448 NA
16583 439 NA
16584 439 NA
16585 420 NA
16586 412 NA
16587 406 NA
16588 409 NA
16589 401 NA
16590 398 NA
16591 392 NA
16592 391 NA
16593 389 NA
16594 384 NA
16595 382 NA
16596 382 NA
16597 387 NA
16598 385 NA
16599 383 NA
16600 366 NA
16601 359 NA
16602 349 NA
16603 366 NA
16604 378 NA
16605 375 NA
16606 378 NA
16607 392 NA
16608 392 NA
16609 403 NA
16610 417 NA
16611 427 NA
16612 440 NA
16613 440 NA
16614 436 NA
16615 433 NA
16616 424 NA
16617 424 NA
16618 420 NA
16619 420 NA
16620 413 NA
16621 419 NA
16622 407 NA
16623 400 NA
16624 396 NA
16625 389 NA
16626 390 NA
16627 392 NA
16628 398 NA
16629 388 NA
16630 395 NA
16631 398 NA
16632 409 NA
16633 414 NA
16634 426 NA
16635 438 NA
16636 424 NA
16637 428 NA
16638 442 NA
16639 442 NA
16640 433 NA
16641 424 NA
16642 428 NA
16643 439 NA
16644 454 NA
16645 472 NA
16646 478 NA
16647 479 NA
16648 495 NA
16649 503 NA
16650 505 NA
16651 521 NA
16652 521 NA
16653 534 NA
16654 546 NA
16655 559 NA
16656 577 NA
16657 601 NA
16658 620 NA
16659 648 NA
16660 681 NA
16661 714 NA
16662 748 NA
16663 786 NA
16664 826 NA
16665 868 NA
16666 912 NA
16668 985 NA
16669 1028 NA
16670 1080 NA
16671 1080 NA
16672 1189 NA
16673 1229 NA
16674 1265 NA
16675 1329 NA
16676 1396 NA
16677 1466 NA
16678 1533 NA
16679 1610 NA
16680 1682 NA
16681 1698 NA
16682 1770 NA
16683 1843 NA
16684 1935 NA
16685 2022 NA
16686 2122 NA
16687 2122 NA
16688 2228 NA
16689 2107 NA
16690 2001 NA
16691 1914 NA
16692 1818 NA
16693 1727 NA
16694 1656 NA
16695 1573 NA
16696 1511 NA
16697 1435 NA
16698 1374 NA
16699 1320 NA
16700 1254 NA
16701 1209 NA
16702 1148 NA
16703 1090 NA
16704 1051 NA
16705 1042 NA
16706 1006 NA
16707 1009 NA
16708 1036 NA
16709 1071 NA
16710 1115 NA
16711 1136 NA
16712 1136 NA
16714 1169 NA
16717 1118 NA
16719 1157 NA
16720 1157 NA
16721 1166 NA
16722 1136 NA
16723 1112 NA
16724 1134 NA
16725 1109 NA
16726 1093 NA
16727 1093 NA
16728 1031 NA
16729 987 NA
16730 965 NA
16731 960 NA
16732 989 NA
16733 988 NA
16734 988 NA
16735 991 NA
16736 967 NA
16737 976 NA
16738 971 NA
16739 955 NA
16740 955 NA
16741 955 NA
16742 884 NA
16743 890 NA
16744 874 NA
16745 906 NA
16746 875 NA
16747 880 NA
16748 880 NA
16749 926 NA
16750 955 NA
16751 965 NA
16752 965 NA
16753 944 NA
16754 917 NA
16755 913 NA
16756 936 NA
16757 979 NA
16759 1003 NA
16760 1018 NA
16761 1032 NA
16762 1032 NA
16763 1024 NA
16764 1017 NA
16765 980 NA
16766 1010 NA
16767 1010 NA
16768 1047 NA
16769 1079 NA
16770 1112 NA
16771 1150 NA
16772 1181 NA
16773 1241 NA
16774 1267 NA
16775 1267 NA
16776 1267 NA
16777 1377 NA
16778 1446 NA
16779 1519 NA
16780 1572 NA
16781 1614 NA
16782 1644 NA
16783 1646 NA
16784 1672 NA
16785 1703 NA
16786 1640 NA
16787 1562 NA
16788 1504 NA
16789 1442 NA
16790 1379 NA
16791 1325 NA
16792 1275 NA
16793 1220 NA
16794 1175 NA
16795 1175 NA
16796 1122 NA
16797 1065 NA
16798 1015 NA
16799 977 NA
16800 938 NA
16801 895 NA
16802 850 NA
16803 841 NA
16804 835 NA
16805 832 NA
16807 838 NA
16808 836 NA
16809 843 NA
16810 853 NA
16811 829 NA
16812 802 NA
16813 797 NA
16814 770 NA
16815 758 NA
16816 739 NA
16817 749 NA
16818 768 NA
16819 779 NA
16820 807 NA
16821 812 NA
16822 796 NA
16823 794 NA
16824 807 NA
16825 827 NA
16826 848 NA
16827 827 NA
16828 858 NA
16829 881 NA
16830 887 NA
16831 890 NA
16832 890 NA
16833 910 NA
16834 953 NA
16835 987 NA
16836 1004 NA
16837 1029 NA
16838 1009 NA
16839 978 NA
16840 955 NA
16841 956 NA
16842 956 NA
16843 977 NA
16844 997 NA
16845 1014 NA
16846 975 NA
16847 956 NA
16848 985 NA
16849 1006 NA
16850 1057 NA
16851 1075 NA
16852 1123 NA
16853 1123 NA
16854 1239 NA
16855 1301 NA
16856 1301 NA
16857 1436 NA
16858 1508 NA
16859 1582 NA
16860 1662 NA
16861 1746 NA
16862 1834 NA
16863 1909 NA
16864 1998 NA
16865 2079 NA
16866 2112 NA
16867 2158 NA
16869 2240 NA
16870 2240 NA
16871 2179 NA
16872 2073 NA
16873 2078 NA
16874 2050 NA
16875 2038 NA
16876 2056 NA
16878 2216 NA
16879 2255 NA
16880 2281 NA
16881 2336 NA
16882 2325 NA
16883 2295 NA
16884 2285 NA
16885 2218 NA
16886 2162 NA
16887 2155 NA
16888 2132 NA
16889 2122 NA
16890 2108 NA
16891 2084 NA
16892 2086 NA
16893 1999 NA
16894 2005 NA
16895 1948 NA
16896 1983 NA
16897 2035 NA
16898 2084 NA
16899 2084 NA
16900 2090 NA
16901 2049 NA
16902 1996 NA
16903 1955 NA
16904 1953 NA
16905 2015 NA
16906 2015 NA
16907 2114 NA
16908 2212 NA
16909 2323 NA
16910 2438 NA
16911 2560 NA
16912 2688 NA
16913 2823 NA
16914 2965 NA
16915 3114 NA
16916 3114 NA
16917 3345 NA
16918 3497 NA
16919 3450 NA
16920 3292 NA
16921 3143 NA
16922 3001 NA
16923 2850 NA
16924 2764 NA
16925 2661 NA
16926 2582 NA
16927 2506 NA
16928 2395 NA
16929 2326 NA
16930 2407 NA
16931 2507 NA
16932 2633 NA
16933 2747 NA
16934 2860 NA
16935 2986 NA
16936 3064 NA
16937 3064 NA
16938 3198 NA
16939 3280 NA
16940 3417 NA
16941 3537 NA
16942 3614 NA
16943 3670 NA
16944 3670 NA
16945 3480 NA
16946 3424 NA
16947 3262 NA
16949 3069 NA
16950 2955 NA
16951 2860 NA
16952 2796 NA
16953 2905 NA
16954 2986 NA
16955 3091 NA
16956 3171 NA
16957 3225 NA
16958 3363 NA
16959 3515 NA
16960 3660 NA
16966 4249 NA
16968 4561 NA
16969 4714 NA
16970 4637 NA
16971 4551 NA
16972 4563 NA
16973 4660 NA
16974 4660 NA
16975 4607 NA
16976 4549 NA
16977 4549 NA
16978 4497 NA
16979 4404 NA
16980 4345 NA
16981 4318 NA
16982 4404 NA
16984 4311 NA
16985 4311 NA
16986 4311 NA
16987 4177 NA
16988 4234 NA
16989 4106 NA
16990 3968 NA
16991 4098 NA
16992 4186 NA
16993 4357 NA
16994 4530 NA
16999 5430 NA
17000 5702 NA
17001 5984 NA
17006 7140 NA
17007 7140 NA
17014 6974 NA
17015 7044 NA
17016 6795 NA
17017 6681 NA
17018 6645 NA
17019 6615 NA
17020 6615 NA
17021 6615 NA
17022 6192 NA
17023 6157 NA
17024 6131 NA
17025 6384 NA
17026 6290 NA
17027 6290 NA
17028 6290 NA
17029 6428 NA
17031 6190 NA
17032 6151 NA
17033 6139 NA
17034 6112 NA
17035 6112 NA
17036 6271 NA
17037 6471 NA
17038 6741 NA
17039 6999 NA
17040 7203 NA
17042 7725 NA
17044 8021 NA
17045 7948 NA
17046 7948 NA
17047 7938 NA
17048 7885 NA
17049 8010 NA
17050 7722 NA
17051 7798 NA
17052 7915 NA
17053 7839 NA
17054 8126 NA
17055 8160 NA
17056 8046 NA
17057 7792 NA
17058 7709 NA
17059 7590 NA
17060 7362 NA
17061 7116 NA
17062 6773 NA
17063 6440 NA
17064 6118 NA
17069 4842 NA
17070 4842 NA
17071 4562 NA
17072 4489 NA
17073 4496 NA
17075 4305 NA
17076 4156 NA
17077 4156 NA
17078 4091 NA
17079 4057 NA
17080 4129 NA
17081 4313 NA
17083 4668 NA
17084 4668 NA
17085 4792 NA
17086 4936 NA
17087 4937 NA
17088 5044 NA
17089 4999 NA
17091 5011 NA
17092 4997 NA
17093 5118 NA
17094 5300 NA
17095 5300 NA
17096 5306 NA
17097 5192 NA
17098 5192 NA
17099 5208 NA
17100 5123 NA
17101 5132 NA
17102 5132 NA
17103 5331 NA
17104 5498 NA
17105 5682 NA
17106 5897 NA
17107 5935 NA
17108 5935 NA
17109 6134 NA
17110 6134 NA
17111 6254 NA
17112 6270 NA
17113 6270 NA
17114 6471 NA
17115 6471 NA
17117 6563 NA
17118 6711 NA
17119 6646 NA
17123 6828 NA
17124 6874 NA
17125 6786 NA
17126 6591 NA
17127 6595 NA
17129 6399 NA
17130 6366 NA
17131 6366 NA
17132 6452 NA
17133 6452 NA
17134 6560 NA
17135 6624 NA
17136 6374 NA
17138 5918 NA
17139 5680 NA
17140 5446 NA
17141 5281 NA
17142 5090 NA
17143 4859 NA
17144 4616 NA
17145 4447 NA
17146 4447 NA
17147 4426 NA
17148 4327 NA
17149 4380 NA
