"Index" "Price" "Volume"
14019 303 NA
14020 303 NA
14021 300 NA
14022 300 NA
14023 300 NA
14024 300 NA
14025 300 NA
14026 300 NA
14027 307 NA
14028 307 NA
14029 307 NA
14030 307 NA
14031 307 NA
14032 307 NA
14033 307 NA
14034 316 NA
14035 316 NA
14036 316 NA
14037 316 NA
14038 316 NA
14039 316 NA
14040 316 NA
14041 323 NA
14042 323 NA
14043 323 NA
14044 323 NA
14045 323 NA
14046 323 NA
14047 334 NA
14048 334 NA
14049 334 NA
14050 334 NA
14051 334 NA
14052 338 NA
14053 338 NA
14054 338 NA
14055 338 NA
14056 338 NA
14057 338 NA
14058 348 NA
14059 348 NA
14061 348 NA
14062 348 NA
14063 348 NA
14064 359 NA
14065 359 NA
14066 359 NA
14067 359 NA
14068 359 NA
14069 366 NA
14070 366 NA
14071 366 NA
14072 366 NA
14073 366 NA
14074 366 NA
14075 366 NA
14076 365 NA
14077 365 NA
14078 365 NA
14079 365 NA
14080 365 NA
14081 365 NA
14082 369 NA
14083 369 NA
14084 369 NA
14085 369 NA
14086 369 NA
14087 369 NA
14088 373 NA
14089 377 NA
14090 377 NA
14091 377 NA
14092 377 NA
14093 377 NA
14094 381 NA
14095 381 NA
14096 381 NA
14097 381 NA
14098 381 NA
14099 381 NA
14100 385 NA
14101 385 NA
14102 385 NA
14103 385 NA
14104 393 NA
14105 393 NA
14106 393 NA
14107 393 NA
14108 395 NA
14109 395 NA
14110 395 NA
14111 411 NA
14112 411 NA
14113 411 NA
14114 411 NA
14115 411 NA
14116 406 NA
14117 406 NA
14118 406 NA
14119 406 NA
14120 409 NA
14121 409 NA
14122 409 NA
14123 409 NA
14124 397 NA
14125 397 NA
14126 397 NA
14127 397 NA
14128 397 NA
14129 384 NA
14130 384 NA
14131 384 NA
14132 384 NA
14133 384 NA
14134 383 NA
14135 383 NA
14136 383 NA
14137 390 NA
14138 390 NA
14139 390 NA
14140 390 NA
14141 390 NA
14142 383 NA
14143 383 NA
14144 383 NA
14145 383 NA
14146 383 NA
14147 393 NA
14148 393 NA
14149 393 NA
14150 393 NA
14151 401 NA
14152 401 NA
14153 401 NA
14154 401 NA
14155 401 NA
14156 419 NA
14157 419 NA
14158 436 NA
14159 436 NA
14160 436 NA
14161 436 NA
14162 436 NA
14163 450 NA
14164 450 NA
14165 450 NA
14166 450 NA
14167 450 NA
14168 450 NA
14169 450 NA
14170 450 NA
14171 452 NA
14172 452 NA
14173 452 NA
14174 452 NA
14175 452 NA
14176 452 NA
14177 448 NA
14178 448 NA
14179 448 NA
14180 448 NA
14181 448 NA
14182 443 NA
14183 443 NA
14184 443 NA
14185 443 NA
14186 449 NA
14187 449 NA
14188 449 NA
14189 449 NA
14190 449 NA
14191 448 NA
14192 448 NA
14193 448 NA
14194 448 NA
14195 442 NA
14196 442 NA
14197 442 NA
14198 442 NA
14199 459 NA
14200 459 NA
14201 459 NA
14202 459 NA
14203 459 NA
14204 459 NA
14205 459 NA
14206 458 NA
14207 458 NA
14208 458 NA
14209 458 NA
14210 458 NA
14211 459 NA
14212 459 NA
14213 459 NA
14214 453 NA
14215 453 NA
14216 453 NA
14217 453 NA
14218 453 NA
14219 443 NA
14220 443 NA
14221 443 NA
14222 443 NA
14223 432 NA
14224 432 NA
14225 432 NA
14226 432 NA
14227 441 NA
14228 441 NA
14229 441 NA
14230 441 NA
14231 448 NA
14232 448 NA
14233 448 NA
14234 448 NA
14235 459 NA
14236 459 NA
14237 459 NA
14238 472 NA
14239 472 NA
14240 472 NA
14241 472 NA
14242 464 NA
14243 464 NA
14244 464 NA
14245 464 NA
14246 467 NA
14247 467 NA
14248 467 NA
14249 467 NA
14250 468 NA
14251 468 NA
14252 468 NA
14253 468 NA
14254 453 NA
14255 453 NA
14256 453 NA
14257 453 NA
14258 453 NA
14259 453 NA
14260 451 NA
14261 451 NA
14262 458 NA
14263 458 NA
14264 458 NA
14265 458 NA
14266 458 NA
14267 461 NA
14268 461 NA
14269 462 NA
14270 462 NA
14271 462 NA
14272 462 NA
14273 462 NA
14274 455 NA
14275 455 NA
14276 455 NA
14277 456 NA
14278 456 NA
14279 456 NA
14280 456 NA
14281 457 NA
14282 457 NA
14283 457 NA
14284 457 NA
14285 459 NA
14286 459 NA
14287 459 NA
14288 459 NA
14289 466 NA
14290 466 NA
14291 450 NA
14292 450 NA
14293 450 NA
14294 450 NA
14295 450 NA
14296 452 NA
14297 452 NA
14298 452 NA
14299 452 NA
14300 431 NA
14301 431 NA
14302 431 NA
14303 415 NA
14304 415 NA
14305 415 NA
14306 415 NA
14307 410 NA
14308 410 NA
14309 410 NA
14310 410 NA
14311 422 NA
14312 422 NA
14313 422 NA
14314 422 NA
14315 422 NA
14316 421 NA
14317 421 NA
14318 421 NA
14319 429 NA
14320 429 NA
14321 429 NA
14322 429 NA
14323 429 NA
14324 438 NA
14325 438 NA
14326 438 NA
14327 438 NA
14328 441 NA
14329 441 NA
14330 441 NA
14331 441 NA
14332 448 NA
14333 448 NA
14334 448 NA
14335 448 NA
14336 459 NA
14337 459 NA
14338 459 NA
14339 459 NA
14340 459 NA
14341 450 NA
14342 450 NA
14343 450 NA
14344 450 NA
14345 452 NA
14346 452 NA
14347 452 NA
14348 452 NA
14349 448 NA
14350 448 NA
14351 448 NA
14352 430 NA
14353 430 NA
14354 430 NA
14355 430 NA
14356 412 NA
14357 412 NA
14358 412 NA
14359 412 NA
14360 394 NA
14361 394 NA
14362 394 NA
14363 394 NA
14364 389 NA
14365 389 NA
14366 389 NA
14367 389 NA
14368 389 NA
14369 389 NA
14370 389 NA
14371 389 NA
14372 389 NA
14373 397 NA
14374 397 NA
14375 397 NA
14376 397 NA
14377 397 NA
14378 406 NA
14379 406 NA
14380 406 NA
14381 406 NA
14382 406 NA
14383 412 NA
14384 412 NA
14385 412 NA
14386 412 NA
14387 429 NA
14388 429 NA
14389 429 NA
14390 445 NA
14391 445 NA
14392 445 NA
14393 445 NA
14394 445 NA
14395 432 NA
14396 432 NA
14397 432 NA
14398 432 NA
14399 442 NA
14400 442 NA
14401 442 NA
14402 432 NA
14403 432 NA
14404 432 NA
14405 443 NA
14406 443 NA
14407 443 NA
14408 443 NA
14409 443 NA
14410 458 NA
14411 458 NA
14412 458 NA
14413 458 NA
14414 458 NA
14415 479 NA
14416 479 NA
14417 479 NA
14418 479 NA
14419 471 NA
14420 471 NA
14421 471 NA
14422 471 NA
14423 452 NA
14424 452 NA
14425 452 NA
14426 452 NA
14427 436 NA
14428 436 NA
14429 436 NA
14430 436 NA
14431 443 NA
14432 443 NA
14433 443 NA
14434 443 NA
14435 449 NA
14436 449 NA
14437 449 NA
14438 449 NA
14439 466 NA
14440 466 NA
14441 466 NA
14442 466 NA
14443 466 NA
14444 477 NA
14445 477 NA
14446 477 NA
14447 477 NA
14448 477 NA
14449 472 NA
14450 472 NA
14451 472 NA
14452 461 NA
14453 461 NA
14454 461 NA
14455 461 NA
14456 461 NA
14457 455 NA
14458 455 NA
14459 455 NA
14460 455 NA
14461 444 NA
14462 444 NA
14463 444 NA
14464 444 NA
14465 438 NA
14466 438 NA
14467 438 NA
14468 438 NA
14469 458 NA
14470 458 NA
14471 458 NA
14472 458 NA
14473 458 NA
14474 472 NA
14475 472 NA
14476 472 NA
14477 481 NA
14478 481 NA
14479 481 NA
14480 481 NA
14481 481 NA
14482 481 NA
14483 482 NA
14484 482 NA
14485 482 NA
14486 482 NA
14487 482 NA
14488 483 NA
14489 483 NA
14490 483 NA
14491 483 NA
14492 483 NA
14493 491 NA
14494 491 NA
14495 491 NA
14496 491 NA
14497 491 NA
14498 489 NA
14499 489 NA
14500 489 NA
14501 489 NA
14502 489 NA
14503 489 NA
14504 484 NA
14505 484 NA
14506 484 NA
14507 484 NA
14508 484 NA
14509 484 NA
14510 484 NA
14511 484 NA
14512 462 NA
14513 462 NA
14514 462 NA
14515 462 NA
14516 462 NA
14517 473 NA
14518 473 NA
14519 473 NA
14520 473 NA
14521 473 NA
14522 492 NA
14523 492 NA
14524 492 NA
14525 492 NA
14526 492 NA
14527 492 NA
14528 488 NA
14529 488 NA
14530 488 NA
14531 488 NA
14532 488 NA
14533 488 NA
14534 488 NA
14535 499 NA
14536 499 NA
14537 499 NA
14538 499 NA
14539 499 NA
14540 499 NA
14541 499 NA
14542 512 NA
14543 512 NA
14544 512 NA
14545 512 NA
14546 512 NA
14547 512 NA
14548 512 NA
14549 517 NA
14550 517 NA
14551 517 NA
14552 517 NA
14553 517 NA
14554 517 NA
14555 517 NA
14556 517 NA
14557 539 NA
14558 539 NA
14559 539 NA
14560 539 NA
14561 539 NA
14562 539 NA
14563 539 NA
14564 539 NA
14565 536 NA
14566 536 NA
14567 536 NA
14568 536 NA
14569 536 NA
14570 537 NA
14571 537 NA
14572 537 NA
14573 537 NA
14574 537 NA
14575 537 NA
14576 537 NA
14577 545 NA
14578 545 NA
14579 545 NA
14580 545 NA
14581 545 NA
14582 545 NA
14583 545 NA
14584 538 NA
14585 538 NA
14586 538 NA
14587 538 NA
14588 538 NA
14589 538 NA
14590 538 NA
14591 538 NA
14592 538 NA
14593 538 NA
14594 538 NA
14595 538 NA
14596 538 NA
14597 538 NA
14598 534 NA
14599 534 NA
14600 534 NA
14601 534 NA
14602 534 NA
14603 534 NA
14604 522 NA
14605 522 NA
14606 522 NA
14607 522 NA
14608 522 NA
14609 522 NA
14610 522 NA
14611 511 NA
14612 511 NA
14613 511 NA
14614 511 NA
14615 511 NA
14616 511 NA
14617 509 NA
14618 509 NA
14619 509 NA
14620 509 NA
14621 509 NA
14622 509 NA
14623 509 NA
14624 509 NA
14625 509 NA
14626 509 NA
14627 509 NA
14628 493 NA
14629 493 NA
14630 493 NA
14631 493 NA
14632 493 NA
14633 477 NA
14634 477 NA
14635 477 NA
14636 477 NA
14637 477 NA
14638 477 NA
14639 476 NA
14640 476 NA
14641 476 NA
14642 476 NA
14643 476 NA
14644 476 NA
14645 476 NA
14646 476 NA
14647 490 NA
14648 490 NA
14649 490 NA
14650 490 NA
14651 490 NA
14653 490 NA
14654 490 NA
14655 491 NA
14656 491 NA
14657 491 NA
14658 491 NA
14659 491 NA
14660 491 NA
14661 491 NA
14662 504 NA
14663 504 NA
14664 504 NA
14665 504 NA
14666 504 NA
14667 504 NA
14668 504 NA
14669 516 NA
14670 516 NA
14671 516 NA
14672 516 NA
14673 516 NA
14674 516 NA
14675 516 NA
14676 527 NA
14677 527 NA
14678 527 NA
14679 527 NA
14680 527 NA
14681 527 NA
14682 527 NA
14683 541 NA
14684 541 NA
14685 541 NA
14686 541 NA
14687 541 NA
14688 541 NA
14689 541 NA
14690 565 NA
14691 565 NA
14692 565 NA
14693 565 NA
14694 565 NA
14695 565 NA
14696 565 NA
14697 565 NA
14698 579 NA
14699 579 NA
14700 579 NA
14701 579 NA
14702 579 NA
14703 579 NA
14704 579 NA
14705 574 NA
14706 574 NA
14707 574 NA
14708 574 NA
14709 574 NA
14710 574 NA
14711 577 NA
14712 577 NA
14713 577 NA
14714 577 NA
14715 577 NA
14716 577 NA
14717 577 NA
14718 577 NA
14719 577 NA
14720 577 NA
14721 577 NA
14722 585 NA
14723 585 NA
14724 585 NA
14725 585 NA
14726 585 NA
14727 585 NA
14728 585 NA
14729 585 NA
14730 585 NA
14731 577 NA
14732 577 NA
14733 577 NA
14734 577 NA
14735 577 NA
14736 577 NA
14737 577 NA
14738 577 NA
14739 577 NA
14740 591 NA
14741 591 NA
14742 591 NA
14743 591 NA
14744 591 NA
14745 591 NA
14746 591 NA
14747 591 NA
14748 591 NA
14749 591 NA
14750 618 NA
14751 618 NA
14752 618 NA
14753 618 NA
14754 618 NA
14755 618 NA
14756 618 NA
14757 618 NA
14758 618 NA
14759 603 NA
14760 603 NA
14761 603 NA
14762 603 NA
14763 603 NA
14764 603 NA
14765 603 NA
14766 603 NA
14767 603 NA
14768 603 NA
14769 603 NA
14770 615 NA
14771 615 NA
14772 615 NA
14773 615 NA
14774 615 NA
14775 615 NA
14776 615 NA
14777 615 NA
14778 599 NA
14779 599 NA
14780 599 NA
14781 599 NA
14782 599 NA
14783 599 NA
14784 599 NA
14785 599 NA
14786 626 NA
14787 626 NA
14788 626 NA
14789 626 NA
14790 626 NA
14791 626 NA
14792 626 NA
14793 626 NA
14794 653 NA
14795 653 NA
14796 653 NA
14797 653 NA
14798 653 NA
14799 653 NA
14800 653 NA
14801 653 NA
14802 653 NA
14803 661 NA
14804 661 NA
14805 661 NA
14806 661 NA
14807 661 NA
14808 661 NA
14809 686 NA
14810 686 NA
14811 686 NA
14812 686 NA
14813 686 NA
14814 686 NA
14815 686 NA
14816 686 NA
14817 684 NA
14818 684 NA
14819 684 NA
14820 684 NA
14821 684 NA
14822 684 NA
14823 684 NA
14824 684 NA
14825 678 NA
14826 678 NA
14827 678 NA
14828 678 NA
14829 678 NA
14830 678 NA
14831 683 NA
14832 683 NA
14833 683 NA
14834 683 NA
14835 688 NA
14836 688 NA
14837 688 NA
14838 688 NA
14839 688 NA
14840 662 NA
14841 662 NA
14842 662 NA
14843 662 NA
14844 662 NA
14845 662 NA
14846 650 NA
14847 650 NA
14848 650 NA
14849 650 NA
14850 652 NA
14851 652 NA
14852 652 NA
14853 652 NA
14854 652 NA
14855 652 NA
14856 655 NA
14857 655 NA
14858 655 NA
14859 655 NA
14860 655 NA
14861 655 NA
14862 655 NA
14863 655 NA
14864 632 NA
14865 632 NA
14866 632 NA
14867 632 NA
14868 632 NA
14869 632 NA
14870 632 NA
14871 632 NA
14872 614 NA
14873 614 NA
14874 614 NA
14875 614 NA
14876 614 NA
14877 614 NA
14878 614 NA
14879 614 NA
14880 614 NA
14881 614 NA
14882 584 NA
14883 584 NA
14884 584 NA
14885 584 NA
14886 584 NA
14887 584 NA
14888 584 NA
14889 593 NA
14890 593 NA
14891 593 NA
14892 593 NA
14893 621 NA
14894 621 NA
14895 621 NA
14896 621 NA
14897 621 NA
14898 621 NA
14899 621 NA
14900 651 NA
14901 651 NA
14902 651 NA
14903 651 NA
14904 651 NA
14905 651 NA
14906 651 NA
14907 682 NA
14908 682 NA
14909 682 NA
14910 682 NA
14911 682 NA
14912 682 NA
14913 654 NA
14914 654 NA
14915 654 NA
14916 654 NA
14917 654 NA
14918 654 NA
14920 654 NA
14921 622 NA
14922 622 NA
14923 622 NA
14924 622 NA
14925 622 NA
14926 622 NA
14927 622 NA
14928 622 NA
14929 622 NA
14930 616 NA
14931 616 NA
14932 616 NA
14933 616 NA
14934 616 NA
14935 616 NA
14936 616 NA
14937 616 NA
14938 616 NA
14939 616 NA
14940 634 NA
14941 634 NA
14942 634 NA
14943 634 NA
14944 634 NA
14945 634 NA
14946 634 NA
14947 634 NA
14948 634 NA
14949 658 NA
14950 658 NA
14951 658 NA
14952 658 NA
14953 658 NA
14954 658 NA
14955 658 NA
14956 658 NA
14957 658 NA
14958 680 NA
14959 680 NA
14960 680 NA
14961 680 NA
14962 680 NA
14963 680 NA
14964 680 NA
14965 680 NA
14966 678 NA
14967 678 NA
14968 678 NA
14969 678 NA
14970 678 NA
14971 678 NA
14972 678 NA
14973 644 NA
14974 644 NA
14975 644 NA
14978 614 NA
14984 614 NA
14985 595 NA
14987 595 NA
14990 608 NA
14993 608 NA
14995 593 NA
14996 593 NA
14998 566 NA
15001 566 NA
15003 541 NA
15005 541 NA
15008 635 NA
15012 639 NA
15013 639 NA
15016 643 NA
15019 640 NA
15020 640 NA
15025 625 NA
15028 602 NA
15031 602 NA
15032 606 NA
15033 606 NA
15036 613 NA
15043 613 NA
15044 613 NA
15046 632 NA
15048 632 NA
15050 661 NA
15052 661 NA
15054 680 NA
15055 680 NA
15060 700 NA
15061 700 NA
15063 731 NA
15066 731 NA
15067 764 NA
15072 791 NA
15073 791 NA
15076 803 NA
15080 803 NA
15081 842 NA
15085 873 NA
15087 873 NA
15089 917 NA
15090 917 NA
15093 932 NA
15094 932 NA
15096 952 NA
15098 952 NA
15101 978 NA
15104 1021 NA
15106 1021 NA
15109 1025 NA
15110 1025 NA
15112 995 NA
15115 995 NA
15116 1037 NA
15120 1088 NA
15122 1088 NA
15124 1118 NA
15125 1118 NA
15128 1174 NA
15130 1231 NA
15132 1231 NA
15133 1264 NA
15136 1264 NA
15137 1296 NA
15140 1256 NA
15143 1279 NA
15145 1279 NA
15147 1289 NA
15149 1315 NA
15150 1315 NA
15152 1314 NA
15156 1265 NA
15157 1265 NA
15158 1201 NA
15159 1201 NA
15161 1146 NA
15164 1091 NA
15165 1091 NA
15168 1036 NA
15170 1045 NA
15172 1045 NA
15175 1049 NA
15177 1028 NA
15179 1028 NA
15182 1007 NA
15184 1004 NA
15186 1004 NA
15187 1006 NA
15191 997 NA
15193 983 NA
15194 983 NA
15196 1017 NA
15197 1017 NA
15199 1023 NA
15204 1040 NA
15207 1069 NA
15210 1098 NA
15214 1110 NA
15217 1065 NA
15219 1011 NA
15221 1011 NA
15222 974 NA
15224 992 NA
15227 992 NA
15229 1007 NA
15232 1022 NA
15233 1022 NA
15235 1024 NA
15240 996 NA
15242 948 NA
15243 948 NA
15244 983 NA
15248 1017 NA
15249 1017 NA
15250 1011 NA
15256 971 NA
15258 958 NA
15263 964 NA
15264 964 NA
15266 986 NA
15270 1004 NA
15271 1004 NA
15273 1000 NA
15280 1000 NA
15281 975 NA
15284 975 NA
15287 994 NA
15291 1018 NA
15295 1018 NA
15297 1024 NA
15302 1040 NA
15304 1052 NA
15307 1052 NA
15308 1088 NA
15310 1088 NA
15312 1099 NA
15314 1099 NA
15315 1132 NA
15318 1132 NA
15319 1131 NA
15322 1131 NA
15323 1123 NA
15326 1123 NA
15327 1139 NA
15329 1139 NA
15330 1135 NA
15332 1135 NA
15333 1172 NA
15335 1172 NA
15336 1200 NA
15338 1200 NA
15339 1195 NA
15340 1195 NA
15341 1195 NA
15342 1154 NA
15343 1154 NA
15344 1154 NA
15345 1108 NA
15346 1108 NA
15347 1108 NA
15348 1109 NA
15349 1109 NA
15350 1109 NA
15351 1109 NA
15352 1113 NA
15353 1113 NA
15354 1113 NA
15355 1120 NA
15356 1120 NA
15357 1120 NA
15358 1120 NA
15359 1101 NA
15360 1101 NA
15361 1101 NA
15362 1135 NA
15363 1135 NA
15364 1135 NA
15365 1135 NA
15366 1116 NA
15367 1116 NA
15368 1116 NA
15369 1100 NA
15370 1100 NA
15371 1100 NA
15372 1100 NA
15373 1082 NA
15374 1082 NA
15375 1078 NA
15376 1078 NA
15377 1078 NA
15378 1078 NA
15379 1104 NA
15380 1104 NA
15381 1104 NA
15382 1136 NA
15383 1136 NA
15384 1136 NA
15385 1118 NA
15386 1118 NA
15387 1118 NA
15388 1097 NA
15389 1097 NA
15390 1109 NA
15391 1109 NA
15392 1109 NA
15393 1080 NA
15394 1080 NA
15395 1080 NA
15396 1069 NA
15397 1069 NA
15398 1069 NA
15399 1069 NA
15400 1092 NA
15401 1092 NA
15402 1092 NA
15403 1131 NA
15404 1131 NA
15405 1131 NA
15406 1138 NA
15407 1138 NA
15408 1138 NA
15409 1151 NA
15410 1151 NA
15411 1151 NA
15412 1165 NA
15413 1165 NA
15414 1165 NA
15415 1165 NA
15416 1165 NA
15417 1160 NA
15418 1160 NA
15419 1160 NA
15420 1160 NA
15421 1160 NA
15422 1156 NA
15423 1153 NA
15424 1149 NA
15425 1146 NA
15426 1142 NA
15427 1140 NA
15428 1140 NA
15429 1140 NA
15430 1140 NA
15431 1140 NA
15432 1153 NA
15433 1153 NA
15434 1153 NA
15435 1153 NA
15436 1174 NA
15437 1174 NA
15438 1174 NA
15439 1174 NA
15440 1174 NA
15441 1176 NA
15442 1176 NA
15443 1176 NA
15444 1176 NA
15445 1176 NA
15446 1177 NA
15447 1177 NA
15448 1177 NA
15449 1177 NA
15450 1177 NA
15451 1165 NA
15452 1165 NA
15453 1165 NA
15454 1165 NA
15455 1165 NA
15456 1165 NA
15457 1185 NA
15458 1185 NA
15459 1185 NA
15460 1185 NA
15461 1185 NA
15462 1134 NA
15463 1134 NA
15464 1134 NA
15465 1134 NA
15466 1134 NA
15467 1134 NA
15468 1105 NA
15469 1105 NA
15470 1105 NA
15471 1105 NA
15472 1105 NA
15473 1093 NA
15474 1093 NA
15475 1093 NA
15476 1093 NA
15477 1093 NA
15478 1068 NA
15479 1068 NA
15480 1068 NA
15481 1068 NA
15482 1068 NA
15483 1044 NA
15484 1044 NA
15485 1044 NA
15486 1044 NA
15487 1072 NA
15488 1072 NA
15489 1072 NA
15490 1072 NA
15491 1072 NA
15492 1107 NA
15493 1107 NA
15494 1107 NA
15495 1107 NA
15496 1107 NA
15497 1121 NA
15498 1121 NA
15499 1121 NA
15500 1121 NA
15501 1121 NA
15502 1110 NA
15503 1110 NA
15504 1110 NA
15505 1110 NA
15506 1110 NA
15507 1110 NA
15508 1110 NA
15509 1110 NA
15510 1110 NA
15511 1096 NA
15512 1096 NA
15513 1096 NA
15514 1096 NA
15515 1090 NA
15516 1090 NA
15517 1090 NA
15518 1090 NA
15519 1090 NA
15520 1082 NA
15521 1082 NA
15522 1082 NA
15523 1082 NA
15524 1082 NA
15525 1091 NA
15526 1091 NA
15527 1091 NA
15528 1091 NA
15529 1091 NA
15530 1091 NA
15531 1105 NA
15532 1105 NA
15533 1105 NA
15534 1105 NA
15535 1105 NA
15536 1105 NA
15537 1082 NA
15538 1082 NA
15539 1082 NA
15540 1082 NA
15541 1082 NA
15542 1082 NA
15543 1082 NA
15544 1028 NA
15545 1028 NA
15546 1028 NA
15547 1028 NA
15548 1028 NA
15549 1028 NA
15550 1003 NA
15551 1003 NA
15552 1003 NA
15553 1003 NA
15554 1003 NA
15555 1003 NA
15556 956 NA
15557 956 NA
15558 956 NA
15559 956 NA
15560 956 NA
15561 956 NA
15562 922 NA
15563 922 NA
15564 922 NA
15565 922 NA
15566 922 NA
15567 880 NA
15568 880 NA
15569 880 NA
15570 880 NA
15571 880 NA
15572 880 NA
15573 837 NA
15574 837 NA
15575 837 NA
15576 837 NA
15577 837 NA
15578 837 NA
15579 820 NA
15580 820 NA
15581 820 NA
15582 820 NA
15583 820 NA
15584 820 NA
15585 817 NA
15586 817 NA
15587 817 NA
15588 817 NA
15589 817 NA
15590 817 NA
15591 817 NA
15592 817 NA
15593 789 NA
15594 789 NA
15595 789 NA
15596 789 NA
15597 789 NA
15598 789 NA
15599 789 NA
15600 750 NA
15601 750 NA
15602 750 NA
15603 750 NA
15604 750 NA
15605 750 NA
15606 713 NA
15607 713 NA
15608 713 NA
15609 713 NA
15610 713 NA
15611 713 NA
15612 713 NA
15613 679 NA
15614 679 NA
15615 679 NA
15616 679 NA
15617 646 NA
15618 646 NA
15619 646 NA
15620 646 NA
15621 646 NA
15622 646 NA
15623 615 NA
15624 615 NA
15625 615 NA
15626 615 NA
15627 615 NA
15628 615 NA
15629 589 NA
15630 589 NA
15631 589 NA
15632 589 NA
15633 589 NA
15634 589 NA
15635 589 NA
15636 589 NA
15637 562 NA
15638 562 NA
15639 562 NA
15640 562 NA
15641 562 NA
15642 562 NA
15643 562 NA
15644 534 NA
15645 534 NA
15646 534 NA
15647 534 NA
15648 534 NA
15649 534 NA
15650 531 NA
15651 528 NA
15652 524 NA
15653 521 NA
15654 518 NA
15655 515 NA
15656 511 NA
15657 508 NA
15658 508 NA
15659 508 NA
15660 508 NA
15661 508 NA
15662 483 NA
15663 483 NA
15664 483 NA
15665 483 NA
15666 483 NA
15667 483 NA
15668 483 NA
15669 483 NA
15670 483 NA
15671 483 NA
15672 483 NA
15673 483 NA
15674 483 NA
15675 483 NA
15676 483 NA
15677 458 NA
15678 458 NA
15679 458 NA
15680 458 NA
15681 458 NA
15682 458 NA
15683 458 NA
15684 458 NA
15685 458 NA
15686 458 NA
15687 458 NA
15688 458 NA
15689 458 NA
15690 458 NA
15691 458 NA
15692 458 NA
15693 458 NA
15694 438 NA
15695 438 NA
15696 438 NA
15697 438 NA
15698 438 NA
15699 438 NA
15700 438 NA
15701 438 NA
15702 438 NA
15703 438 NA
15704 438 NA
15705 438 NA
15706 438 NA
15707 438 NA
15708 438 NA
15709 438 NA
15710 438 NA
15711 438 NA
15712 438 NA
15713 438 NA
15714 438 NA
15715 438 NA
15716 419 NA
15717 419 NA
15718 419 NA
15719 419 NA
15720 419 NA
15721 419 NA
15722 419 NA
15723 419 NA
15724 419 NA
15725 419 NA
15726 419 NA
15727 419 NA
15728 419 NA
15729 419 NA
15730 419 NA
15731 419 NA
15732 419 NA
15733 419 NA
15734 419 NA
15735 419 NA
15736 419 NA
15737 419 NA
15738 399 NA
15739 399 NA
15740 399 NA
15741 399 NA
15742 399 NA
15743 399 NA
15744 399 NA
15745 399 NA
15746 399 NA
15747 399 NA
15748 399 NA
15749 399 NA
15750 399 NA
15751 399 NA
15752 399 NA
15753 399 NA
15754 399 NA
15755 399 NA
15756 399 NA
15757 399 NA
15758 381 NA
15759 381 NA
15760 381 NA
15761 381 NA
15762 381 NA
15763 381 NA
15764 381 NA
15765 381 NA
15766 381 NA
15767 381 NA
15768 381 NA
15769 381 NA
15770 381 NA
15771 381 NA
15772 381 NA
15773 381 NA
15774 381 NA
15775 381 NA
15776 381 NA
15777 381 NA
15778 381 NA
15779 381 NA
15780 381 NA
15781 381 NA
15782 381 NA
15783 381 NA
15784 381 NA
15785 381 NA
15786 381 NA
15787 381 NA
15788 379 NA
15789 379 NA
15790 379 NA
15791 379 NA
15792 379 NA
15793 379 NA
15794 379 NA
15795 379 NA
15796 379 NA
15797 379 NA
15798 379 NA
15799 379 NA
15800 379 NA
15801 379 NA
15802 379 NA
15803 379 NA
15804 379 NA
15805 379 NA
15806 379 NA
15807 379 NA
15808 379 NA
15809 379 NA
15810 379 NA
15811 379 NA
15812 379 NA
15813 379 NA
15814 379 NA
15815 379 NA
15816 379 NA
15817 379 NA
15818 376 NA
15819 376 NA
15820 376 NA
15821 376 NA
15822 376 NA
15823 376 NA
15824 376 NA
15825 376 NA
15826 376 NA
15827 376 NA
15828 376 NA
15829 376 NA
15830 376 NA
15831 376 NA
15832 376 NA
15833 376 NA
15834 376 NA
15835 376 NA
15836 376 NA
15837 376 NA
15838 376 NA
15839 376 NA
15840 376 NA
15841 376 NA
15842 376 NA
15843 376 NA
15844 376 NA
15845 376 NA
15846 376 NA
15847 376 NA
15848 376 NA
15849 376 NA
15850 376 NA
15851 376 NA
15852 376 NA
15853 376 NA
15854 376 NA
15855 376 NA
15856 376 NA
15857 376 NA
15858 376 NA
15859 385 NA
15860 385 NA
15861 385 NA
15862 385 NA
15863 385 NA
15864 385 NA
15865 385 NA
15866 385 NA
15867 385 NA
15868 385 NA
15869 385 NA
15870 385 NA
15871 385 NA
15872 385 NA
15873 385 NA
15874 385 NA
15875 385 NA
15876 385 NA
15877 385 NA
15878 385 NA
15879 385 NA
15880 385 NA
15881 385 NA
15882 385 NA
15883 385 NA
15884 385 NA
15885 385 NA
15886 385 NA
15887 385 NA
15888 385 NA
15889 385 NA
15890 385 NA
15891 385 NA
15892 385 NA
15893 385 NA
15894 385 NA
15895 385 NA
15896 385 NA
15897 392 NA
15898 392 NA
15899 392 NA
15900 392 NA
15901 392 NA
15902 392 NA
15903 392 NA
15904 392 NA
15905 392 NA
15906 392 NA
15907 392 NA
15908 392 NA
15909 392 NA
15910 392 NA
15911 392 NA
15912 392 NA
15913 392 NA
15914 392 NA
15915 392 NA
15916 392 NA
15917 392 NA
15918 392 NA
15919 392 NA
15920 392 NA
15921 392 NA
15922 392 NA
15923 392 NA
15924 392 NA
15925 392 NA
15926 392 NA
15927 392 NA
15928 392 NA
15929 392 NA
15930 392 NA
15931 392 NA
15932 392 NA
15933 392 NA
15934 392 NA
15935 392 NA
15936 392 NA
15937 392 NA
15938 392 NA
15939 392 NA
15940 392 NA
15941 392 NA
15942 392 NA
15943 392 NA
15944 392 NA
15945 392 NA
15946 392 NA
15947 392 NA
15948 392 NA
15949 392 NA
15950 392 NA
15951 392 NA
15952 392 NA
15953 392 NA
15954 392 NA
15955 392 NA
15956 392 NA
15957 392 NA
15958 392 NA
15959 392 NA
15960 392 NA
15961 392 NA
15962 392 NA
15963 392 NA
15964 403 NA
15965 403 NA
15966 403 NA
15967 403 NA
15968 403 NA
15969 403 NA
15970 403 NA
15971 403 NA
15972 403 NA
15973 403 NA
15974 403 NA
15975 403 NA
15976 403 NA
15977 403 NA
15978 403 NA
15979 403 NA
15980 403 NA
15981 403 NA
15982 403 NA
15983 403 NA
15984 403 NA
15985 403 NA
15986 403 NA
15987 403 NA
15988 403 NA
15989 403 NA
15990 403 NA
15991 403 NA
15992 403 NA
15993 403 NA
15994 403 NA
15995 403 NA
15996 403 NA
15997 403 NA
15998 403 NA
15999 403 NA
16000 403 NA
16001 403 NA
16002 403 NA
16003 403 NA
16004 403 NA
16005 403 NA
16006 403 NA
16007 403 NA
16008 403 NA
16009 403 NA
16010 403 NA
16011 403 NA
16012 403 NA
16013 403 NA
16014 403 NA
16015 403 NA
16016 403 NA
16017 403 NA
16018 403 NA
16019 403 NA
16020 403 NA
16021 403 NA
16022 403 NA
16023 403 NA
16024 403 NA
16025 403 NA
16026 403 NA
16027 403 NA
16028 403 NA
16029 403 NA
16030 403 NA
16031 403 NA
16032 403 NA
16033 403 NA
16034 403 NA
16035 403 NA
16036 403 NA
16037 403 NA
16038 403 NA
16039 403 NA
16040 403 NA
16041 403 NA
16042 403 NA
16043 403 NA
16044 403 NA
16045 403 NA
16046 403 NA
16047 403 NA
16048 403 NA
16049 403 NA
16050 403 NA
16051 403 NA
16052 403 NA
16053 403 NA
16054 403 NA
16055 403 NA
16056 403 NA
16057 403 NA
16058 403 NA
16059 403 NA
16060 403 NA
16061 403 NA
16062 389 NA
16063 389 NA
16064 389 NA
16065 389 NA
16066 389 NA
16067 389 NA
16068 389 NA
16069 389 NA
16070 389 NA
16071 389 NA
16072 389 NA
16073 389 NA
16074 389 NA
16075 389 NA
16076 389 NA
16077 389 NA
16078 389 NA
16079 389 NA
16080 389 NA
16081 389 NA
16082 389 NA
16083 389 NA
16084 389 NA
16085 389 NA
16086 389 NA
16087 389 NA
16088 389 NA
16089 389 NA
16090 389 NA
16091 389 NA
16092 389 NA
16093 389 NA
16094 389 NA
16095 389 NA
16096 389 NA
16097 389 NA
16098 389 NA
16099 389 NA
16100 389 NA
16101 389 NA
16102 389 NA
16103 389 NA
16104 389 NA
16105 389 NA
16106 389 NA
16107 389 NA
16108 389 NA
16109 389 NA
16110 389 NA
16111 389 NA
16112 389 NA
16113 389 NA
16114 389 NA
16115 389 NA
16116 389 NA
16117 389 NA
16118 389 NA
16119 389 NA
16120 389 NA
16121 389 NA
16122 389 NA
16123 389 NA
16124 389 NA
16125 397 NA
16126 397 NA
16127 397 NA
16128 397 NA
16129 397 NA
16130 397 NA
16131 397 NA
16132 397 NA
16133 397 NA
16134 397 NA
16135 397 NA
16136 397 NA
16137 397 NA
16138 397 NA
16139 397 NA
16140 397 NA
16141 397 NA
16142 397 NA
16143 397 NA
16144 397 NA
16145 397 NA
16146 397 NA
16147 397 NA
16148 397 NA
16149 397 NA
16150 397 NA
16151 397 NA
16152 397 NA
16153 397 NA
16154 397 NA
16155 397 NA
16156 397 NA
16157 397 NA
16158 397 NA
16159 397 NA
16160 397 NA
16161 397 NA
16162 397 NA
16163 397 NA
16164 397 NA
16165 397 NA
16166 397 NA
16167 397 NA
16168 397 NA
16169 397 NA
16170 397 NA
16171 397 NA
16172 397 NA
16173 397 NA
16174 397 NA
16175 397 NA
16176 397 NA
16177 397 NA
16178 397 NA
16179 397 NA
16180 397 NA
16181 397 NA
16182 397 NA
16183 397 NA
16184 397 NA
16185 397 NA
16186 397 NA
16187 397 NA
16188 397 NA
16189 397 NA
16190 397 NA
16191 397 NA
16192 397 NA
16193 397 NA
16194 397 NA
16195 397 NA
16196 397 NA
16197 397 NA
16198 397 NA
16199 386 NA
16200 386 NA
16201 386 NA
16202 386 NA
16203 386 NA
16204 386 NA
16205 386 NA
16206 386 NA
16207 386 NA
16208 386 NA
16209 386 NA
16210 386 NA
16211 386 NA
16212 386 NA
16213 386 NA
16214 386 NA
16215 386 NA
16216 386 NA
16217 386 NA
16218 386 NA
16219 386 NA
16220 386 NA
16221 386 NA
16222 386 NA
16223 386 NA
16224 386 NA
16225 386 NA
16226 386 NA
16227 386 NA
16228 386 NA
16229 386 NA
16230 386 NA
16231 386 NA
16232 386 NA
16233 386 NA
16234 386 NA
16235 386 NA
16236 386 NA
16237 386 NA
16238 386 NA
16239 386 NA
16240 386 NA
16241 386 NA
16242 386 NA
16243 386 NA
16244 386 NA
16245 395 NA
16246 395 NA
16247 395 NA
16248 395 NA
16249 395 NA
16250 395 NA
16251 395 NA
16252 395 NA
16253 395 NA
16254 395 NA
16255 395 NA
16256 395 NA
16257 395 NA
16258 395 NA
16259 395 NA
16260 395 NA
16261 395 NA
16262 395 NA
16263 395 NA
16264 395 NA
16265 395 NA
16266 395 NA
16267 395 NA
16268 395 NA
16269 395 NA
16270 395 NA
16271 395 NA
16272 395 NA
16273 395 NA
16274 395 NA
16275 407 NA
16276 407 NA
16277 407 NA
16278 407 NA
16279 407 NA
16280 407 NA
16281 407 NA
16282 407 NA
16283 407 NA
16284 407 NA
16285 407 NA
16286 407 NA
16287 407 NA
16288 407 NA
16289 407 NA
16290 407 NA
16291 407 NA
16292 407 NA
16293 407 NA
16294 407 NA
16295 407 NA
16296 407 NA
16297 407 NA
16298 407 NA
16299 407 NA
16300 407 NA
16301 407 NA
16302 407 NA
16303 407 NA
16304 407 NA
16305 407 NA
16306 407 NA
16307 407 NA
16308 407 NA
16309 407 NA
16310 407 NA
16311 407 NA
16312 407 NA
16313 407 NA
16314 408 NA
16315 408 NA
16316 408 NA
16317 408 NA
16318 408 NA
16319 408 NA
16320 408 NA
16321 408 NA
16322 408 NA
16323 408 NA
16324 408 NA
16325 408 NA
16326 408 NA
16327 408 NA
16328 408 NA
16329 408 NA
16330 408 NA
16331 408 NA
16332 408 NA
16333 408 NA
16334 408 NA
16335 408 NA
16336 408 NA
16337 408 NA
16338 408 NA
16339 408 NA
16340 408 NA
16341 408 NA
16342 408 NA
16343 408 NA
16344 408 NA
16345 408 NA
16346 408 NA
16347 408 NA
16348 408 NA
16349 408 NA
16350 408 NA
16351 408 NA
16352 408 NA
16353 408 NA
16354 408 NA
16355 408 NA
16356 408 NA
16357 408 NA
16358 408 NA
16359 408 NA
16360 408 NA
16361 408 NA
16362 408 NA
16363 408 NA
16364 408 NA
16365 408 NA
16366 408 NA
16367 408 NA
16368 408 NA
16369 408 NA
16370 408 NA
16371 408 NA
16372 408 NA
16373 408 NA
16374 408 NA
16375 408 NA
16376 408 NA
16377 408 NA
16378 404 NA
16379 404 NA
16380 404 NA
16381 404 NA
16382 404 NA
16383 404 NA
16384 404 NA
16385 404 NA
16386 404 NA
16387 404 NA
16388 404 NA
16389 404 NA
16390 404 NA
16391 404 NA
16392 404 NA
16393 404 NA
16394 404 NA
16395 404 NA
16396 404 NA
16397 404 NA
16398 404 NA
16399 404 NA
16400 404 NA
16401 404 NA
16402 404 NA
16403 404 NA
16404 404 NA
16405 404 NA
16406 404 NA
16407 404 NA
16408 404 NA
16409 404 NA
16410 404 NA
16411 404 NA
16412 404 NA
16413 404 NA
16414 404 NA
16415 404 NA
16416 404 NA
16417 404 NA
16418 404 NA
16419 404 NA
16420 404 NA
16421 404 NA
16422 404 NA
16423 404 NA
16424 404 NA
16425 404 NA
16426 404 NA
16427 404 NA
16428 404 NA
16429 404 NA
16430 404 NA
16431 404 NA
16432 404 NA
16433 404 NA
16434 414 NA
16435 414 NA
16436 414 NA
16437 414 NA
16438 414 NA
16439 414 NA
16440 414 NA
16441 414 NA
16442 414 NA
16443 414 NA
16444 414 NA
16445 414 NA
16446 414 NA
16447 414 NA
16448 414 NA
16449 414 NA
16450 414 NA
16451 414 NA
16452 414 NA
16453 414 NA
16454 414 NA
16455 414 NA
16456 414 NA
16457 414 NA
16458 414 NA
16459 414 NA
16460 414 NA
16461 414 NA
16462 414 NA
16463 414 NA
16464 414 NA
16465 414 NA
16466 414 NA
16467 414 NA
16468 414 NA
16469 414 NA
16470 414 NA
16471 414 NA
16472 414 NA
16473 414 NA
16474 414 NA
16475 414 NA
16476 414 NA
16477 414 NA
16478 414 NA
16479 414 NA
16480 414 NA
16481 414 NA
16482 409 NA
16483 409 NA
16484 409 NA
16485 409 NA
16486 409 NA
16487 409 NA
16488 409 NA
16489 409 NA
16490 409 NA
16491 409 NA
16492 409 NA
16493 409 NA
16494 409 NA
16495 409 NA
16496 409 NA
16497 409 NA
16498 409 NA
16499 409 NA
16500 409 NA
16501 409 NA
16502 409 NA
16503 409 NA
16504 409 NA
16505 409 NA
16506 409 NA
16507 409 NA
16508 409 NA
16509 409 NA
16510 409 NA
16511 409 NA
16512 409 NA
16513 409 NA
16514 409 NA
16515 409 NA
16516 409 NA
16517 409 NA
16518 409 NA
16519 409 NA
16520 409 NA
16521 409 NA
16522 426 NA
16523 426 NA
16524 426 NA
16525 426 NA
16526 426 NA
16527 426 NA
16528 426 NA
16529 426 NA
16530 426 NA
16531 426 NA
16532 426 NA
16533 426 NA
16534 426 NA
16535 426 NA
16536 426 NA
16537 426 NA
16538 426 NA
16539 426 NA
16540 426 NA
16541 426 NA
16542 426 NA
16543 426 NA
16544 426 NA
16545 426 NA
16546 426 NA
16547 426 NA
16548 426 NA
16549 426 NA
16550 426 NA
16551 426 NA
16552 426 NA
16553 426 NA
16554 426 NA
16555 426 NA
16556 426 NA
16557 426 NA
16558 426 NA
16559 426 NA
16560 426 NA
16561 426 NA
16562 426 NA
16563 426 NA
16564 426 NA
16565 426 NA
16566 426 NA
16567 426 NA
16568 426 NA
16569 426 NA
16570 426 NA
16571 426 NA
16572 426 NA
16573 426 NA
16574 426 NA
16575 426 NA
16576 426 NA
16577 426 NA
16578 426 NA
16579 445 NA
16580 445 NA
16581 445 NA
16582 445 NA
16583 445 NA
16584 445 NA
16585 445 NA
16586 445 NA
16587 445 NA
16588 445 NA
16589 445 NA
16590 445 NA
16591 445 NA
16592 445 NA
16593 445 NA
16594 445 NA
16595 445 NA
16596 445 NA
16597 445 NA
16598 445 NA
16599 445 NA
16600 445 NA
16601 445 NA
16602 445 NA
16603 445 NA
16604 445 NA
16605 445 NA
16606 445 NA
16607 445 NA
16608 445 NA
16609 445 NA
16610 445 NA
16611 445 NA
16612 445 NA
16613 445 NA
16614 445 NA
16615 445 NA
16616 445 NA
16617 445 NA
16618 445 NA
16619 445 NA
16620 445 NA
16621 445 NA
16622 445 NA
16623 445 NA
16624 445 NA
16625 445 NA
16626 445 NA
16627 445 NA
16628 445 NA
16629 445 NA
16630 445 NA
16631 445 NA
16632 445 NA
16633 445 NA
16634 445 NA
16635 445 NA
16636 445 NA
16637 445 NA
16638 445 NA
16639 445 NA
16640 445 NA
16641 445 NA
16642 445 NA
16643 445 NA
16644 445 NA
16645 445 NA
16646 445 NA
16647 445 NA
16648 445 NA
16649 445 NA
16650 445 NA
16651 445 NA
16652 445 NA
16653 445 NA
16654 445 NA
16655 445 NA
16656 445 NA
16657 445 NA
16658 445 NA
16659 445 NA
16660 445 NA
16661 445 NA
16662 445 NA
16663 445 NA
16664 445 NA
16665 445 NA
16666 445 NA
16668 445 NA
16669 445 NA
16670 445 NA
16671 445 NA
16672 445 NA
16673 445 NA
16674 445 NA
16675 445 NA
16676 445 NA
16677 445 NA
16678 445 NA
16679 445 NA
16680 445 NA
16681 445 NA
16682 463 NA
16683 463 NA
16684 463 NA
16685 463 NA
16686 463 NA
16687 463 NA
16688 463 NA
16689 463 NA
16690 463 NA
16691 463 NA
16692 463 NA
16693 463 NA
16694 463 NA
16695 463 NA
16696 463 NA
16697 463 NA
16698 463 NA
16699 463 NA
16700 463 NA
16701 463 NA
16702 463 NA
16703 463 NA
16704 463 NA
16705 463 NA
16706 463 NA
16707 463 NA
16708 463 NA
16709 463 NA
16710 463 NA
16711 463 NA
16712 463 NA
16714 463 NA
16717 463 NA
16719 463 NA
16720 463 NA
16721 463 NA
16722 463 NA
16723 463 NA
16724 463 NA
16725 463 NA
16726 463 NA
16727 463 NA
16728 463 NA
16729 463 NA
16730 463 NA
16731 463 NA
16732 463 NA
16733 463 NA
16734 463 NA
16735 463 NA
16736 463 NA
16737 463 NA
16738 463 NA
16739 463 NA
16740 463 NA
16741 463 NA
16742 463 NA
16743 463 NA
16744 463 NA
16745 463 NA
16746 463 NA
16747 463 NA
16748 463 NA
16749 463 NA
16750 463 NA
16751 463 NA
16752 463 NA
16753 463 NA
16754 463 NA
16755 463 NA
16756 463 NA
16757 463 NA
16759 463 NA
16760 463 NA
16761 463 NA
16762 463 NA
16763 463 NA
16764 463 NA
16765 463 NA
16766 463 NA
16767 463 NA
16768 463 NA
16769 463 NA
16770 463 NA
16771 463 NA
16772 463 NA
16773 463 NA
16774 463 NA
16775 463 NA
16776 463 NA
16777 463 NA
16778 463 NA
16779 463 NA
16780 463 NA
16781 463 NA
16782 463 NA
16783 463 NA
16784 463 NA
16785 463 NA
16786 463 NA
16787 463 NA
16788 463 NA
16789 463 NA
16790 463 NA
16791 463 NA
16792 463 NA
16793 463 NA
16794 463 NA
16795 463 NA
16796 463 NA
16797 463 NA
16798 463 NA
16799 463 NA
16800 463 NA
16801 463 NA
16802 463 NA
16803 463 NA
16804 463 NA
16805 463 NA
16807 463 NA
16808 463 NA
16809 463 NA
16810 463 NA
16811 463 NA
16812 463 NA
16813 463 NA
16814 463 NA
16815 463 NA
16816 463 NA
16817 463 NA
16818 463 NA
16819 463 NA
16820 463 NA
16821 463 NA
16822 463 NA
16823 462 NA
16824 462 NA
16825 462 NA
16826 462 NA
16827 462 NA
16828 462 NA
16829 462 NA
16830 462 NA
16831 462 NA
16832 462 NA
16833 462 NA
16834 462 NA
16835 462 NA
16836 462 NA
16837 462 NA
16838 462 NA
16839 462 NA
16840 462 NA
16841 462 NA
16842 462 NA
16843 462 NA
16844 462 NA
16845 462 NA
16846 462 NA
16847 462 NA
16848 462 NA
16849 462 NA
16850 462 NA
16851 462 NA
16852 462 NA
16853 462 NA
16854 462 NA
16855 462 NA
16856 462 NA
16857 462 NA
16858 462 NA
16859 462 NA
16860 462 NA
16861 462 NA
16862 462 NA
16863 462 NA
16864 462 NA
16865 462 NA
16866 462 NA
16867 462 NA
16869 462 NA
16870 462 NA
16871 462 NA
16872 462 NA
16873 462 NA
16874 462 NA
16875 462 NA
16876 462 NA
16878 462 NA
16879 462 NA
16880 462 NA
16881 462 NA
16882 462 NA
16883 462 NA
16884 462 NA
16885 462 NA
16886 462 NA
16887 462 NA
16888 462 NA
16889 462 NA
16890 462 NA
16891 462 NA
16892 462 NA
16893 462 NA
16894 462 NA
16895 462 NA
16896 462 NA
16897 462 NA
16898 462 NA
16899 462 NA
16900 462 NA
16901 462 NA
16902 462 NA
16903 462 NA
16904 462 NA
16905 462 NA
16906 462 NA
16907 462 NA
16908 476 NA
16909 476 NA
16910 476 NA
16911 476 NA
16912 476 NA
16913 476 NA
16914 476 NA
16915 476 NA
16916 476 NA
16917 476 NA
16918 476 NA
16919 476 NA
16920 476 NA
16921 476 NA
16922 476 NA
16923 476 NA
16924 476 NA
16925 476 NA
16926 476 NA
16927 476 NA
16928 476 NA
16929 476 NA
16930 476 NA
16931 476 NA
16932 476 NA
16933 476 NA
16934 476 NA
16935 476 NA
16936 476 NA
16937 476 NA
16938 476 NA
16939 476 NA
16940 476 NA
16941 476 NA
16942 476 NA
16943 476 NA
16944 476 NA
16945 476 NA
16946 476 NA
16947 476 NA
16949 476 NA
16950 476 NA
16951 476 NA
16952 476 NA
16953 476 NA
16954 476 NA
16955 476 NA
16956 476 NA
16957 476 NA
16958 476 NA
16959 476 NA
16960 476 NA
16966 476 NA
16968 476 NA
16969 476 NA
16970 476 NA
16971 476 NA
16972 476 NA
16974 476 NA
16975 476 NA
16976 476 NA
16977 476 NA
16978 476 NA
16979 476 NA
16980 476 NA
16981 476 NA
16982 476 NA
16984 476 NA
16985 476 NA
16986 476 NA
16987 476 NA
16988 476 NA
16989 476 NA
16990 476 NA
16991 476 NA
16992 476 NA
16993 476 NA
16994 476 NA
16999 476 NA
17000 476 NA
17001 476 NA
17006 476 NA
17007 476 NA
17014 476 NA
17015 476 NA
17016 476 NA
17017 476 NA
17018 476 NA
17019 476 NA
17020 476 NA
17021 476 NA
17022 476 NA
17023 476 NA
17024 476 NA
17025 476 NA
17026 476 NA
17027 476 NA
17028 476 NA
17029 476 NA
17031 476 NA
17032 476 NA
17033 476 NA
17034 476 NA
17035 476 NA
17036 476 NA
17037 476 NA
17038 476 NA
17039 476 NA
17040 476 NA
17042 476 NA
17044 476 NA
17045 476 NA
17046 476 NA
17047 476 NA
17048 476 NA
17049 476 NA
17050 476 NA
17051 476 NA
17052 476 NA
17053 476 NA
17054 476 NA
17055 476 NA
17056 476 NA
17057 476 NA
17058 476 NA
17059 476 NA
17060 485 NA
17061 485 NA
17062 485 NA
17063 485 NA
17064 485 NA
17069 485 NA
17070 485 NA
17071 485 NA
17072 485 NA
17073 485 NA
17075 485 NA
17076 485 NA
17077 485 NA
17078 485 NA
17079 485 NA
17080 485 NA
17081 485 NA
17083 485 NA
17084 485 NA
17085 485 NA
17086 485 NA
17087 485 NA
17088 485 NA
17089 485 NA
17091 485 NA
17092 485 NA
17093 485 NA
17094 485 NA
17095 485 NA
17096 485 NA
17097 485 NA
17098 485 NA
17099 485 NA
17100 485 NA
17101 485 NA
17102 485 NA
17103 485 NA
17104 485 NA
17105 485 NA
17106 485 NA
17107 485 NA
17108 485 NA
17109 485 NA
17110 485 NA
17111 485 NA
17112 485 NA
17113 485 NA
17114 485 NA
17115 485 NA
17117 485 NA
17118 485 NA
17119 485 NA
17123 485 NA
17124 485 NA
17125 485 NA
17126 485 NA
17127 485 NA
17129 485 NA
17130 485 NA
17131 485 NA
17132 485 NA
17133 485 NA
17134 485 NA
17135 485 NA
17136 485 NA
17138 485 NA
17139 485 NA
17140 485 NA
17141 485 NA
17142 485 NA
17143 485 NA
17144 485 NA
17145 485 NA
17146 485 NA
17147 485 NA
17148 485 NA
17149 485 NA
