"Index" "Price" "Volume"
14019 2931 NA
14020 2937 NA
14021 2891 NA
14022 2891 NA
14023 2867 NA
14024 2867 NA
14025 2868 NA
14026 2868 NA
14027 2827 NA
14028 2827 NA
14029 2814 NA
14030 2814 NA
14031 2782 NA
14032 2782 NA
14033 2791 NA
14034 2791 NA
14035 2779 NA
14036 2779 NA
14037 2743 NA
14038 2743 NA
14039 2681 NA
14040 2681 NA
14041 2647 NA
14042 2647 NA
14043 2662 NA
14044 2662 NA
14045 2626 NA
14046 2626 NA
14047 2592 NA
14048 2592 NA
14049 2546 NA
14050 2554 NA
14051 2554 NA
14052 2571 NA
14053 2558 NA
14054 2558 NA
14055 2530 NA
14056 2530 NA
14057 2531 NA
14058 2531 NA
14059 2481 NA
14060 2481 NA
14061 2471 NA
14062 2412 NA
14063 2412 NA
14064 2392 NA
14065 2392 NA
14066 2362 NA
14067 2362 NA
14068 2344 NA
14069 2303 NA
14070 2303 NA
14071 2273 NA
14072 2273 NA
14073 2236 NA
14074 2187 NA
14075 2187 NA
14076 2187 NA
14077 2143 NA
14078 2143 NA
14079 2107 NA
14080 2107 NA
14081 2109 NA
14082 2113 NA
14083 2113 NA
14084 2081 NA
14085 2079 NA
14086 2079 NA
14087 2069 NA
14088 2062 NA
14089 2054 NA
14090 2054 NA
14091 2022 NA
14092 2022 NA
14093 2003 NA
14094 2003 NA
14095 1981 NA
14096 1957 NA
14097 1957 NA
14098 1957 NA
14099 1947 NA
14100 1947 NA
14101 1947 NA
14102 1947 NA
14103 1936 NA
14104 1936 NA
14105 1895 NA
14106 1895 NA
14107 1899 NA
14108 1899 NA
14109 1899 NA
14110 1867 NA
14111 1867 NA
14112 1867 NA
14113 1860 NA
14114 1833 NA
14115 1833 NA
14116 1828 NA
14117 1828 NA
14118 1794 NA
14119 1794 NA
14120 1737 NA
14121 1715 NA
14122 1667 NA
14123 1667 NA
14124 1649 NA
14125 1649 NA
14126 1614 NA
14127 1572 NA
14128 1572 NA
14129 1547 NA
14130 1540 NA
14131 1540 NA
14132 1540 NA
14133 1577 NA
14134 1577 NA
14135 1555 NA
14136 1530 NA
14137 1485 NA
14138 1485 NA
14139 1485 NA
14140 1464 NA
14141 1424 NA
14142 1412 NA
14143 1412 NA
14144 1384 NA
14145 1384 NA
14146 1399 NA
14147 1399 NA
14148 1415 NA
14149 1418 NA
14150 1418 NA
14151 1420 NA
14152 1420 NA
14153 1387 NA
14154 1387 NA
14155 1344 NA
14156 1326 NA
14157 1326 NA
14158 1336 NA
14159 1336 NA
14160 1336 NA
14161 1336 NA
14162 1331 NA
14163 1331 NA
14164 1330 NA
14165 1330 NA
14166 1370 NA
14167 1370 NA
14168 1403 NA
14169 1403 NA
14170 1374 NA
14171 1395 NA
14172 1395 NA
14173 1395 NA
14174 1372 NA
14175 1348 NA
14176 1348 NA
14177 1326 NA
14178 1326 NA
14179 1309 NA
14180 1309 NA
14181 1303 NA
14182 1303 NA
14183 1312 NA
14184 1288 NA
14185 1311 NA
14186 1293 NA
14187 1257 NA
14188 1257 NA
14189 1250 NA
14190 1250 NA
14191 1211 NA
14192 1229 NA
14193 1255 NA
14194 1255 NA
14195 1230 NA
14196 1230 NA
14197 1233 NA
14198 1274 NA
14199 1272 NA
14200 1272 NA
14201 1311 NA
14202 1311 NA
14203 1311 NA
14204 1369 NA
14205 1369 NA
14206 1401 NA
14207 1428 NA
14208 1428 NA
14209 1428 NA
14210 1421 NA
14211 1416 NA
14212 1416 NA
14213 1411 NA
14214 1411 NA
14215 1432 NA
14216 1432 NA
14217 1437 NA
14218 1409 NA
14219 1395 NA
14220 1418 NA
14221 1407 NA
14222 1407 NA
14223 1354 NA
14224 1332 NA
14225 1332 NA
14226 1317 NA
14227 1306 NA
14228 1308 NA
14229 1308 NA
14230 1309 NA
14231 1297 NA
14232 1279 NA
14233 1279 NA
14234 1285 NA
14235 1274 NA
14236 1256 NA
14237 1282 NA
14238 1282 NA
14239 1311 NA
14240 1311 NA
14241 1357 NA
14242 1343 NA
14243 1335 NA
14244 1340 NA
14245 1340 NA
14246 1327 NA
14247 1327 NA
14248 1317 NA
14249 1317 NA
14250 1350 NA
14251 1331 NA
14252 1331 NA
14253 1341 NA
14254 1312 NA
14255 1312 NA
14256 1319 NA
14257 1309 NA
14258 1309 NA
14259 1332 NA
14260 1343 NA
14261 1334 NA
14262 1339 NA
14263 1339 NA
14264 1331 NA
14265 1319 NA
14266 1319 NA
14267 1295 NA
14268 1295 NA
14269 1291 NA
14270 1291 NA
14271 1275 NA
14272 1264 NA
14273 1264 NA
14274 1265 NA
14275 1269 NA
14276 1292 NA
14277 1292 NA
14278 1332 NA
14279 1376 NA
14280 1416 NA
14281 1416 NA
14282 1440 NA
14283 1440 NA
14284 1495 NA
14285 1491 NA
14286 1491 NA
14287 1456 NA
14288 1439 NA
14289 1463 NA
14290 1458 NA
14291 1460 NA
14292 1483 NA
14293 1483 NA
14294 1470 NA
14295 1470 NA
14296 1427 NA
14297 1427 NA
14298 1400 NA
14299 1400 NA
14300 1399 NA
14301 1399 NA
14302 1415 NA
14303 1413 NA
14304 1431 NA
14305 1422 NA
14306 1422 NA
14307 1427 NA
14308 1427 NA
14309 1404 NA
14310 1387 NA
14311 1379 NA
14312 1344 NA
14313 1321 NA
14314 1321 NA
14315 1314 NA
14316 1314 NA
14317 1314 NA
14318 1326 NA
14319 1349 NA
14320 1349 NA
14321 1376 NA
14322 1396 NA
14323 1396 NA
14324 1406 NA
14325 1426 NA
14326 1416 NA
14327 1416 NA
14328 1377 NA
14329 1341 NA
14330 1333 NA
14331 1333 NA
14332 1324 NA
14333 1324 NA
14334 1333 NA
14335 1333 NA
14336 1319 NA
14337 1319 NA
14338 1316 NA
14339 1352 NA
14340 1352 NA
14341 1390 NA
14342 1401 NA
14343 1395 NA
14344 1386 NA
14345 1373 NA
14346 1388 NA
14347 1368 NA
14348 1368 NA
14349 1320 NA
14350 1307 NA
14351 1307 NA
14352 1309 NA
14353 1341 NA
14354 1341 NA
14355 1342 NA
14356 1390 NA
14357 1390 NA
14358 1411 NA
14359 1434 NA
14360 1439 NA
14361 1464 NA
14362 1490 NA
14363 1490 NA
14364 1490 NA
14365 1502 NA
14366 1489 NA
14367 1467 NA
14368 1467 NA
14369 1497 NA
14370 1497 NA
14371 1537 NA
14372 1552 NA
14373 1552 NA
14374 1597 NA
14375 1621 NA
14376 1631 NA
14377 1640 NA
14378 1662 NA
14379 1676 NA
14380 1676 NA
14381 1696 NA
14382 1724 NA
14383 1753 NA
14384 1760 NA
14385 1760 NA
14386 1798 NA
14387 1851 NA
14388 1905 NA
14389 1927 NA
14390 1981 NA
14391 1981 NA
14392 2119 NA
14393 2119 NA
14394 2163 NA
14395 2151 NA
14396 2109 NA
14397 2025 NA
14398 2025 NA
14399 1965 NA
14400 1889 NA
14401 1889 NA
14402 1841 NA
14403 1782 NA
14404 1782 NA
14405 1735 NA
14406 1687 NA
14407 1662 NA
14408 1662 NA
14409 1666 NA
14410 1622 NA
14411 1584 NA
14412 1566 NA
14413 1533 NA
14414 1533 NA
14415 1497 NA
14416 1477 NA
14417 1461 NA
14418 1458 NA
14419 1459 NA
14420 1450 NA
14421 1450 NA
14422 1445 NA
14423 1413 NA
14424 1413 NA
14425 1397 NA
14426 1379 NA
14427 1406 NA
14428 1457 NA
14429 1496 NA
14430 1496 NA
14431 1497 NA
14432 1515 NA
14433 1508 NA
14434 1508 NA
14435 1534 NA
14436 1544 NA
14437 1544 NA
14438 1509 NA
14439 1494 NA
14440 1485 NA
14441 1455 NA
14442 1455 NA
14443 1431 NA
14444 1455 NA
14445 1455 NA
14446 1466 NA
14447 1499 NA
14448 1499 NA
14449 1498 NA
14450 1485 NA
14451 1460 NA
14452 1491 NA
14453 1491 NA
14454 1500 NA
14455 1500 NA
14456 1520 NA
14457 1510 NA
14458 1529 NA
14459 1582 NA
14460 1582 NA
14461 1585 NA
14462 1585 NA
14463 1605 NA
14464 1609 NA
14465 1628 NA
14466 1655 NA
14467 1648 NA
14468 1638 NA
14469 1637 NA
14470 1628 NA
14471 1632 NA
14472 1607 NA
14473 1607 NA
14474 1581 NA
14475 1594 NA
14476 1594 NA
14477 1616 NA
14478 1616 NA
14479 1625 NA
14480 1626 NA
14481 1546 NA
14482 1546 NA
14483 1527 NA
14484 1527 NA
14485 1510 NA
14486 1491 NA
14487 1477 NA
14488 1450 NA
14489 1439 NA
14490 1439 NA
14491 1425 NA
14492 1431 NA
14493 1431 NA
14494 1486 NA
14495 1486 NA
14496 1486 NA
14497 1486 NA
14498 1481 NA
14499 1461 NA
14500 1438 NA
14501 1430 NA
14502 1430 NA
14503 1440 NA
14504 1448 NA
14505 1448 NA
14506 1437 NA
14507 1431 NA
14508 1461 NA
14509 1477 NA
14510 1499 NA
14511 1499 NA
14512 1484 NA
14513 1484 NA
14514 1465 NA
14515 1485 NA
14516 1485 NA
14517 1492 NA
14518 1492 NA
14519 1529 NA
14520 1529 NA
14521 1492 NA
14522 1484 NA
14523 1484 NA
14524 1493 NA
14525 1443 NA
14526 1437 NA
14527 1433 NA
14528 1442 NA
14529 1442 NA
14530 1490 NA
14531 1490 NA
14532 1498 NA
14533 1519 NA
14534 1519 NA
14535 1480 NA
14536 1509 NA
14537 1520 NA
14538 1498 NA
14539 1498 NA
14540 1482 NA
14541 1485 NA
14542 1512 NA
14543 1543 NA
14544 1543 NA
14545 1500 NA
14546 1500 NA
14547 1481 NA
14548 1434 NA
14549 1420 NA
14550 1397 NA
14551 1422 NA
14552 1461 NA
14553 1484 NA
14554 1484 NA
14555 1475 NA
14556 1475 NA
14557 1507 NA
14558 1525 NA
14559 1574 NA
14560 1574 NA
14561 1592 NA
14562 1669 NA
14563 1676 NA
14564 1671 NA
14565 1693 NA
14566 1707 NA
14567 1707 NA
14568 1707 NA
14569 1785 NA
14570 1801 NA
14571 1801 NA
14572 1802 NA
14573 1816 NA
14574 1819 NA
14575 1791 NA
14576 1812 NA
14577 1831 NA
14578 1810 NA
14579 1810 NA
14580 1816 NA
14581 1861 NA
14582 1898 NA
14583 1898 NA
14584 1899 NA
14585 1890 NA
14586 1890 NA
14587 1948 NA
14588 1994 NA
14589 1994 NA
14590 2068 NA
14591 2118 NA
14592 2118 NA
14593 2136 NA
14594 2121 NA
14595 2120 NA
14596 2120 NA
14597 2168 NA
14598 2212 NA
14599 2226 NA
14600 2226 NA
14601 2240 NA
14602 2258 NA
14603 2303 NA
14604 2340 NA
14605 2390 NA
14606 2390 NA
14607 2523 NA
14608 2523 NA
14609 2526 NA
14610 2488 NA
14611 2467 NA
14612 2480 NA
14613 2473 NA
14614 2453 NA
14615 2453 NA
14616 2457 NA
14617 2457 NA
14618 2457 NA
14619 2488 NA
14620 2488 NA
14621 2493 NA
14622 2493 NA
14623 2458 NA
14624 2458 NA
14625 2442 NA
14626 2467 NA
14627 2467 NA
14628 2535 NA
14629 2535 NA
14630 2582 NA
14631 2807 NA
14632 2807 NA
14633 2910 NA
14634 2910 NA
14635 2999 NA
14636 3011 NA
14637 3161 NA
14638 3105 NA
14639 3022 NA
14640 3002 NA
14641 2972 NA
14642 2972 NA
14643 2791 NA
14644 2791 NA
14645 2704 NA
14646 2666 NA
14647 2657 NA
14648 2680 NA
14649 2680 NA
14650 2703 NA
14651 2730 NA
14652 2702 NA
14653 2702 NA
14654 2674 NA
14655 2738 NA
14656 2738 NA
14657 2791 NA
14658 2861 NA
14659 2899 NA
14660 2899 NA
14661 2928 NA
14662 3004 NA
14663 3004 NA
14664 3059 NA
14665 3030 NA
14666 3043 NA
14667 3043 NA
14668 3011 NA
14669 3002 NA
14670 3002 NA
14671 2931 NA
14672 2809 NA
14673 2809 NA
14674 2770 NA
14675 2814 NA
14676 2794 NA
14677 2783 NA
14678 2783 NA
14679 2765 NA
14680 2793 NA
14681 2874 NA
14682 2885 NA
14683 2904 NA
14684 2904 NA
14685 2886 NA
14686 2881 NA
14687 2975 NA
14688 2968 NA
14689 2987 NA
14690 3130 NA
14691 3208 NA
14692 3208 NA
14693 3281 NA
14694 3330 NA
14695 3330 NA
14696 3476 NA
14697 3585 NA
14698 3757 NA
14699 3897 NA
14700 3924 NA
14701 3928 NA
14702 4032 NA
14703 4069 NA
14704 4144 NA
14705 4129 NA
14706 4129 NA
14707 4126 NA
14708 4045 NA
14709 4045 NA
14710 4070 NA
14711 4139 NA
14712 4164 NA
14713 4164 NA
14714 4042 NA
14715 3888 NA
14716 3888 NA
14717 3727 NA
14718 3652 NA
14719 3652 NA
14720 3558 NA
14721 3558 NA
14722 3454 NA
14723 3454 NA
14724 3299 NA
14725 3215 NA
14726 3117 NA
14727 3014 NA
14728 3014 NA
14729 2884 NA
14730 2808 NA
14731 2752 NA
14732 2731 NA
14733 2731 NA
14734 2713 NA
14735 2713 NA
14736 2716 NA
14737 2716 NA
14738 2651 NA
14739 2651 NA
14740 2622 NA
14741 2622 NA
14742 2573 NA
14743 2573 NA
14744 2504 NA
14745 2504 NA
14746 2467 NA
14747 2467 NA
14748 2426 NA
14749 2426 NA
14750 2390 NA
14751 2347 NA
14752 2327 NA
14753 2327 NA
14754 2334 NA
14755 2323 NA
14756 2323 NA
14757 2280 NA
14758 2203 NA
14759 2191 NA
14760 2193 NA
14761 2193 NA
14762 2201 NA
14763 2201 NA
14764 2183 NA
14765 2150 NA
14766 2140 NA
14767 2154 NA
14768 2154 NA
14769 2172 NA
14770 2278 NA
14771 2470 NA
14772 2470 NA
14773 2577 NA
14774 2686 NA
14775 2767 NA
14776 2755 NA
14777 2755 NA
14778 2700 NA
14779 2700 NA
14780 2584 NA
14781 2520 NA
14782 2442 NA
14783 2442 NA
14784 2412 NA
14785 2412 NA
14786 2407 NA
14787 2394 NA
14788 2368 NA
14789 2382 NA
14790 2363 NA
14791 2363 NA
14792 2380 NA
14793 2335 NA
14794 2310 NA
14795 2193 NA
14796 2193 NA
14797 2199 NA
14798 2220 NA
14799 2226 NA
14800 2226 NA
14801 2314 NA
14802 2314 NA
14803 2352 NA
14804 2352 NA
14805 2398 NA
14806 2398 NA
14807 2389 NA
14808 2409 NA
14809 2382 NA
14810 2411 NA
14811 2411 NA
14812 2393 NA
14813 2357 NA
14814 2357 NA
14815 2268 NA
14816 2213 NA
14817 2215 NA
14818 2245 NA
14819 2280 NA
14820 2280 NA
14821 2243 NA
14822 2192 NA
14823 2169 NA
14824 2169 NA
14825 2174 NA
14826 2078 NA
14827 1998 NA
14828 1977 NA
14829 2020 NA
14830 2057 NA
14831 2099 NA
14832 2087 NA
14833 2087 NA
14834 2037 NA
14835 2001 NA
14836 2015 NA
14837 2002 NA
14838 2027 NA
14839 2027 NA
14840 2097 NA
14841 2097 NA
14842 2124 NA
14843 2204 NA
14844 2204 NA
14845 2258 NA
14846 2258 NA
14847 2281 NA
14848 2318 NA
14849 2318 NA
14850 2330 NA
14851 2377 NA
14852 2465 NA
14853 2465 NA
14854 2558 NA
14855 2686 NA
14856 2820 NA
14857 2961 NA
14858 2961 NA
14859 3110 NA
14860 3110 NA
14861 3266 NA
14862 3381 NA
14863 3381 NA
14864 3547 NA
14865 3702 NA
14866 3888 NA
14867 3888 NA
14868 4055 NA
14869 4251 NA
14870 4622 NA
14871 4622 NA
14872 4852 NA
14873 4852 NA
14874 5095 NA
14875 5095 NA
14876 5337 NA
14877 5431 NA
14878 5666 NA
14879 5699 NA
14880 5632 NA
14881 5632 NA
14882 6112 NA
14883 6112 NA
14884 6241 NA
14885 6394 NA
14886 6637 NA
14887 6637 NA
14888 6610 NA
14889 6472 NA
14890 6426 NA
14891 6426 NA
14892 6196 NA
14893 6158 NA
14894 6158 NA
14895 6251 NA
14896 6251 NA
14897 6233 NA
14898 6233 NA
14899 6040 NA
14900 6075 NA
14901 6696 NA
14902 6696 NA
14903 6989 NA
14904 6989 NA
14905 6941 NA
14906 6978 NA
14907 6995 NA
14908 6995 NA
14909 7068 NA
14910 7064 NA
14911 7550 NA
14912 7607 NA
14913 7514 NA
14914 7338 NA
14915 7338 NA
14916 7017 NA
14917 7017 NA
14918 6820 NA
14920 6327 NA
14921 6058 NA
14922 6013 NA
14923 6013 NA
14924 5899 NA
14925 5899 NA
14926 5712 NA
14927 5657 NA
14928 5603 NA
14929 5603 NA
14930 5647 NA
14931 5647 NA
14932 5749 NA
14933 5870 NA
14934 5806 NA
14935 5806 NA
14936 5827 NA
14937 6075 NA
14938 6276 NA
14939 6276 NA
14940 6306 NA
14941 6332 NA
14942 6332 NA
14943 6199 NA
14944 6132 NA
14945 6197 NA
14946 6197 NA
14947 5974 NA
14948 5707 NA
14949 5833 NA
14950 5833 NA
14951 5681 NA
14952 5649 NA
14953 5649 NA
14954 5505 NA
14955 5541 NA
14956 5429 NA
14957 5345 NA
14958 5276 NA
14959 5276 NA
14960 5014 NA
14961 5014 NA
14962 4789 NA
14963 4789 NA
14964 4671 NA
14965 4755 NA
14966 4730 NA
14967 4623 NA
14968 4623 NA
14969 4594 NA
14970 4512 NA
14971 4412 NA
14972 4207 NA
14973 4089 NA
14974 3946 NA
14975 3946 NA
14976 3946 NA
14977 3964 NA
14978 4090 NA
14981 4420 NA
14983 4599 NA
14984 4737 NA
14985 4956 NA
14986 4812 NA
14987 4800 NA
14988 4847 NA
14990 4887 NA
14991 4598 NA
14992 4530 NA
14993 4468 NA
14995 4227 NA
14996 4199 NA
14998 4138 NA
15000 4240 NA
15001 4365 NA
15003 4370 NA
15005 4196 NA
15007 4135 NA
15008 3808 NA
15011 3861 NA
15012 3826 NA
15013 3921 NA
15014 3921 NA
15016 4059 NA
15017 4064 NA
15019 4197 NA
15020 4400 NA
15021 4400 NA
15023 4648 NA
15024 4621 NA
15025 4621 NA
15026 4718 NA
15028 4904 NA
15029 5154 NA
15031 5089 NA
15032 5030 NA
15033 5012 NA
15035 4858 NA
15036 4883 NA
15037 4883 NA
15038 4948 NA
15039 4891 NA
15040 4914 NA
15042 4948 NA
15044 4842 NA
15046 4671 NA
15047 4566 NA
15048 4476 NA
15049 4476 NA
15050 4779 NA
15052 5113 NA
15054 5245 NA
15055 5340 NA
15058 5544 NA
15059 5730 NA
15060 5943 NA
15061 5943 NA
15062 6181 NA
15064 6607 NA
15066 6854 NA
15067 6584 NA
15070 6656 NA
15072 7027 NA
15073 7220 NA
15076 7069 NA
15078 6906 NA
15080 6953 NA
15081 7248 NA
15082 7244 NA
15084 7220 NA
15085 7289 NA
15086 7335 NA
15087 7513 NA
15088 7682 NA
15089 7628 NA
15090 8068 NA
15093 7587 NA
15094 7451 NA
15095 7286 NA
15096 6821 NA
15098 6805 NA
15099 7077 NA
15101 7289 NA
15102 7313 NA
15103 7365 NA
15104 7546 NA
15105 7683 NA
15107 7760 NA
15109 7728 NA
15110 7745 NA
15112 7300 NA
15114 6905 NA
15115 6659 NA
15116 6610 NA
15119 6505 NA
15120 6402 NA
15121 6116 NA
15122 5973 NA
15123 5737 NA
15124 5551 NA
15125 5663 NA
15126 5653 NA
15128 5518 NA
15130 5415 NA
15132 5277 NA
15133 5335 NA
15135 5207 NA
15136 5261 NA
15137 5169 NA
15138 5255 NA
15139 4998 NA
15142 5083 NA
15143 4854 NA
15145 4761 NA
15147 5110 NA
15149 4968 NA
15150 4792 NA
15151 4602 NA
15152 4501 NA
15154 4293 NA
15156 4114 NA
15157 4114 NA
15158 3916 NA
15159 3757 NA
15161 3453 NA
15163 2999 NA
15165 2871 NA
15166 2749 NA
15168 2502 NA
15170 2290 NA
15172 2086 NA
15173 1992 NA
15175 1803 NA
15177 1638 NA
15178 1600 NA
15179 1608 NA
15182 1490 NA
15184 1478 NA
15185 1505 NA
15186 1505 NA
15187 1450 NA
15189 1471 NA
15191 1487 NA
15193 1488 NA
15194 1488 NA
15196 1544 NA
15197 1544 NA
15199 1525 NA
15200 1515 NA
15204 1375 NA
15207 1392 NA
15208 1414 NA
15210 1345 NA
15212 1299 NA
15215 1252 NA
15217 1233 NA
15219 1200 NA
15220 1200 NA
15221 1142 NA
15222 1111 NA
15224 1102 NA
15226 1087 NA
15227 1087 NA
15228 1067 NA
15229 1053 NA
15231 1050 NA
15232 1050 NA
15233 1066 NA
15235 1015 NA
15238 1027 NA
15240 1077 NA
15242 1106 NA
15243 1158 NA
15244 1158 NA
15247 1211 NA
15248 1270 NA
15249 1270 NA
15250 1324 NA
15254 1390 NA
15256 1454 NA
15257 1500 NA
15258 1572 NA
15261 1649 NA
15263 1727 NA
15264 1814 NA
15266 1900 NA
15268 1984 NA
15270 2072 NA
15271 2166 NA
15273 2270 NA
15275 2384 NA
15276 2500 NA
15277 2618 NA
15280 2734 NA
15281 2862 NA
15283 2995 NA
15284 3145 NA
15287 3289 NA
15289 3434 NA
15291 3771 NA
15294 3953 NA
15295 4135 NA
15297 4326 NA
15299 4543 NA
15302 4989 NA
15303 4989 NA
15304 5333 NA
15306 5476 NA
15307 5476 NA
15308 5745 NA
15310 6021 NA
15312 6167 NA
15313 6334 NA
15314 6445 NA
15315 6445 NA
15316 6716 NA
15317 6716 NA
15318 7039 NA
15319 7154 NA
15320 7173 NA
15321 7173 NA
15322 7440 NA
15323 7440 NA
15324 7445 NA
15325 7445 NA
15326 7244 NA
15327 6944 NA
15328 6794 NA
15329 6648 NA
15330 6750 NA
15331 6750 NA
15332 6911 NA
15333 6864 NA
15334 6864 NA
15335 6923 NA
15336 7088 NA
15337 7196 NA
15338 7456 NA
15339 7372 NA
15340 7372 NA
15341 7148 NA
15342 6996 NA
15343 7023 NA
15344 6942 NA
15345 6886 NA
15346 6886 NA
15347 6637 NA
15348 6370 NA
15349 6261 NA
15350 6194 NA
15351 6194 NA
15352 5925 NA
15353 5681 NA
15354 5508 NA
15355 5462 NA
15356 5272 NA
15357 5077 NA
15358 5077 NA
15359 5107 NA
15360 5053 NA
15361 5007 NA
15362 5017 NA
15363 5069 NA
15364 5069 NA
15365 4980 NA
15366 4914 NA
15367 4853 NA
15368 4758 NA
15369 4606 NA
15370 4606 NA
15371 4549 NA
15372 4585 NA
15373 4585 NA
15374 4501 NA
15375 4369 NA
15376 4369 NA
15377 4367 NA
15378 4234 NA
15379 4234 NA
15380 4290 NA
15381 4290 NA
15382 4189 NA
15383 4141 NA
15384 4162 NA
15385 4162 NA
15386 4110 NA
15387 4035 NA
15388 3915 NA
15389 4169 NA
15390 4077 NA
15391 3987 NA
15392 3896 NA
15393 3865 NA
15394 3823 NA
15395 3773 NA
15396 3654 NA
15397 3538 NA
15398 3538 NA
15399 3497 NA
15400 3545 NA
15401 3545 NA
15402 3592 NA
15403 3514 NA
15404 3550 NA
15405 3550 NA
15406 3556 NA
15407 3556 NA
15408 3522 NA
15409 3541 NA
15410 3541 NA
15411 3615 NA
15412 3750 NA
15413 3750 NA
15414 3855 NA
15415 3855 NA
15416 3801 NA
15417 3689 NA
15418 3635 NA
15419 3694 NA
15420 3694 NA
15421 3839 NA
15422 3879 NA
15423 3918 NA
15424 3958 NA
15425 3997 NA
15426 4037 NA
15427 4037 NA
15428 4102 NA
15429 4102 NA
15430 4138 NA
15431 4036 NA
15432 3966 NA
15433 3997 NA
15434 3997 NA
15435 4015 NA
15436 4061 NA
15437 4061 NA
15438 4022 NA
15439 4022 NA
15440 3968 NA
15441 3968 NA
15442 3924 NA
15443 3924 NA
15444 3846 NA
15445 3720 NA
15446 3681 NA
15447 3619 NA
15448 3649 NA
15449 3649 NA
15450 3593 NA
15451 3507 NA
15452 3507 NA
15453 3515 NA
15454 3515 NA
15455 3653 NA
15456 3653 NA
15457 3717 NA
15458 3717 NA
15459 3740 NA
15460 3755 NA
15461 3755 NA
15462 3726 NA
15463 3726 NA
15464 3582 NA
15465 3558 NA
15466 3558 NA
15467 3488 NA
15468 3471 NA
15469 3425 NA
15470 3392 NA
15471 3392 NA
15472 3294 NA
15473 3180 NA
15474 3120 NA
15475 3100 NA
15476 3100 NA
15477 3116 NA
15478 3038 NA
15479 2983 NA
15480 3013 NA
15481 2950 NA
15482 2950 NA
15483 2848 NA
15484 2821 NA
15485 2821 NA
15486 2817 NA
15487 2817 NA
15488 2781 NA
15489 2757 NA
15490 2757 NA
15491 2731 NA
15492 2707 NA
15493 2707 NA
15494 2680 NA
15495 2684 NA
15496 2684 NA
15497 2755 NA
15498 2686 NA
15499 2677 NA
15500 2675 NA
15501 2662 NA
15502 2630 NA
15503 2620 NA
15504 2569 NA
15505 2585 NA
15506 2644 NA
15507 2680 NA
15508 2718 NA
15509 2758 NA
15510 2814 NA
15511 2881 NA
15512 2937 NA
15513 3021 NA
15514 3027 NA
15515 3060 NA
15516 3087 NA
15517 3087 NA
15518 3151 NA
15519 3262 NA
15520 3262 NA
15521 3312 NA
15522 3363 NA
15523 3435 NA
15524 3516 NA
15525 3595 NA
15526 3595 NA
15527 3670 NA
15528 3670 NA
15529 3725 NA
15530 3725 NA
15531 3799 NA
15532 3881 NA
15533 3881 NA
15534 3850 NA
15535 3889 NA
15536 3889 NA
15537 3922 NA
15538 3922 NA
15539 3995 NA
15540 3995 NA
15541 3986 NA
15542 3979 NA
15543 3979 NA
15544 4098 NA
15545 4186 NA
15546 4251 NA
15547 4251 NA
15548 4324 NA
15549 4324 NA
15550 4399 NA
15551 4399 NA
15552 4489 NA
15553 4489 NA
15554 4424 NA
15555 4424 NA
15556 4473 NA
15557 4473 NA
15558 4465 NA
15559 4416 NA
15560 4416 NA
15561 4470 NA
15562 4470 NA
15563 4541 NA
15564 4621 NA
15565 4621 NA
15566 4732 NA
15567 4864 NA
15568 4864 NA
15569 4991 NA
15570 5067 NA
15571 4944 NA
15572 4944 NA
15573 4838 NA
15574 4867 NA
15575 4795 NA
15576 4795 NA
15577 4829 NA
15578 4829 NA
15579 4791 NA
15580 4831 NA
15581 4831 NA
15582 4851 NA
15583 4851 NA
15584 4787 NA
15585 4761 NA
15586 4761 NA
15587 4872 NA
15588 4872 NA
15589 4974 NA
15590 4974 NA
15591 4973 NA
15592 4973 NA
15593 4961 NA
15594 4959 NA
15595 4959 NA
15596 4943 NA
15597 4943 NA
15598 5009 NA
15599 5009 NA
15600 5008 NA
15601 5008 NA
15602 5019 NA
15603 5019 NA
15604 5079 NA
15605 5273 NA
15606 5537 NA
15607 5537 NA
15608 5812 NA
15609 6091 NA
15610 6366 NA
15611 6366 NA
15612 6677 NA
15613 6677 NA
15614 6773 NA
15615 6767 NA
15616 6767 NA
15617 6801 NA
15618 6801 NA
15619 6618 NA
15620 6410 NA
15621 6410 NA
15622 6103 NA
15623 6103 NA
15624 5866 NA
15625 5665 NA
15626 5464 NA
15627 5261 NA
15628 5090 NA
15629 5090 NA
15630 4990 NA
15631 5032 NA
15632 5032 NA
15633 4884 NA
15634 4879 NA
15635 4879 NA
15636 4850 NA
15637 4760 NA
15638 4760 NA
15639 4691 NA
15640 4595 NA
15641 4595 NA
15642 4383 NA
15643 4211 NA
15644 4249 NA
15645 4249 NA
15646 4202 NA
15647 4202 NA
15648 4256 NA
15649 4326 NA
15650 4301 NA
15651 4276 NA
15652 4251 NA
15653 4226 NA
15654 4200 NA
15655 4175 NA
15656 4150 NA
15657 4125 NA
15658 4125 NA
15659 4078 NA
15660 4078 NA
15661 4040 NA
15662 4040 NA
15663 3934 NA
15664 3802 NA
15665 3802 NA
15666 3802 NA
15667 3664 NA
15668 3664 NA
15669 3563 NA
15670 3563 NA
15671 3565 NA
15672 3565 NA
15673 3565 NA
15674 3565 NA
15675 3569 NA
15676 3569 NA
15677 3622 NA
15678 3622 NA
15679 3622 NA
15680 3722 NA
15681 3722 NA
15682 3722 NA
15683 3836 NA
15684 3836 NA
15685 3836 NA
15686 3950 NA
15687 3950 NA
15688 3950 NA
15689 4082 NA
15690 4082 NA
15691 4082 NA
15692 4082 NA
15693 4174 NA
15694 4174 NA
15695 4174 NA
15696 4174 NA
15697 4360 NA
15698 4360 NA
15699 4509 NA
15700 4509 NA
15701 4509 NA
15702 4509 NA
15703 4687 NA
15704 4687 NA
15705 4687 NA
15706 4687 NA
15707 4835 NA
15708 4835 NA
15709 4835 NA
15710 4998 NA
15711 4998 NA
15712 4998 NA
15713 5137 NA
15714 5137 NA
15715 5137 NA
15716 5137 NA
15717 5351 NA
15718 5351 NA
15719 5351 NA
15720 5351 NA
15721 5455 NA
15722 5455 NA
15723 5455 NA
15724 5455 NA
15725 5570 NA
15726 5570 NA
15727 5570 NA
15728 5644 NA
15729 5644 NA
15730 5644 NA
15731 5644 NA
15732 5700 NA
15733 5700 NA
15734 5700 NA
15735 5700 NA
15736 5706 NA
15737 5706 NA
15738 5706 NA
15739 5706 NA
15740 5761 NA
15741 5761 NA
15742 5761 NA
15743 5761 NA
15744 5801 NA
15745 5801 NA
15746 5801 NA
15747 6069 NA
15748 6069 NA
15749 6069 NA
15750 6069 NA
15751 6206 NA
15752 6206 NA
15753 6206 NA
15754 6376 NA
15755 6376 NA
15756 6376 NA
15757 6524 NA
15758 6524 NA
15759 6524 NA
15760 6524 NA
15761 6525 NA
15762 6525 NA
15763 6525 NA
15764 6525 NA
15765 6525 NA
15766 6438 NA
15767 6438 NA
15768 6438 NA
15769 6438 NA
15770 6513 NA
15771 6513 NA
15772 6513 NA
15773 6513 NA
15774 6386 NA
15775 6386 NA
15776 6386 NA
15777 6386 NA
15778 6416 NA
15779 6416 NA
15780 6416 NA
15781 6407 NA
15782 6407 NA
15783 6407 NA
15784 6419 NA
15785 6419 NA
15786 6419 NA
15787 6419 NA
15788 6545 NA
15789 6545 NA
15790 6545 NA
15791 6741 NA
15792 6741 NA
15793 6741 NA
15794 6943 NA
15795 6943 NA
15796 6943 NA
15797 7124 NA
15798 7201 NA
15799 7279 NA
15800 7356 NA
15801 7433 NA
15802 7510 NA
15803 7588 NA
15804 7665 NA
15805 7665 NA
15806 7665 NA
15807 7665 NA
15808 8049 NA
15809 8049 NA
15810 8430 NA
15811 8430 NA
15812 8430 NA
15813 8430 NA
15814 8820 NA
15815 8820 NA
15816 8820 NA
15817 9242 NA
15818 9242 NA
15819 9242 NA
15820 9242 NA
15821 9653 NA
15822 9653 NA
15823 9653 NA
15824 10136 NA
15825 10136 NA
15826 10136 NA
15827 10136 NA
15828 10636 NA
15829 10636 NA
15830 10636 NA
15831 10636 NA
15832 11119 NA
15833 11119 NA
15834 11119 NA
15835 11119 NA
15836 11412 NA
15837 11412 NA
15838 11412 NA
15839 11851 NA
15840 11851 NA
15841 11851 NA
15842 12114 NA
15843 12114 NA
15844 12114 NA
15845 12114 NA
15846 12549 NA
15847 12549 NA
15848 12549 NA
15849 12549 NA
15850 12586 NA
15851 12586 NA
15852 12586 NA
15853 13055 NA
15854 13055 NA
15855 13055 NA
15856 13055 NA
15857 13395 NA
15858 13395 NA
15859 13395 NA
15860 13621 NA
15861 13621 NA
15862 13621 NA
15863 13839 NA
15864 13839 NA
15865 13839 NA
15866 13825 NA
15867 13825 NA
15868 13963 NA
15869 13963 NA
15870 13963 NA
15871 14191 NA
15872 14191 NA
15873 14191 NA
15874 14432 NA
15875 14432 NA
15876 14432 NA
15877 14432 NA
15878 14486 NA
15879 14486 NA
15880 14486 NA
15881 14246 NA
15882 14246 NA
15883 14246 NA
15884 13743 NA
15885 13743 NA
15886 13743 NA
15887 13329 NA
15888 13329 NA
15889 13329 NA
15890 12858 NA
15891 12858 NA
15892 12349 NA
15893 12349 NA
15894 11841 NA
15895 11841 NA
15896 11841 NA
15897 11541 NA
15898 11541 NA
15899 11541 NA
15900 11526 NA
15901 11526 NA
15902 11526 NA
15903 11572 NA
15904 11618 NA
15905 11664 NA
15906 11709 NA
15907 11755 NA
15908 11801 NA
15909 11801 NA
15910 11969 NA
15911 11969 NA
15912 11969 NA
15913 11969 NA
15914 11979 NA
15915 11979 NA
15916 11979 NA
15917 11611 NA
15918 11611 NA
15919 11611 NA
15920 11251 NA
15921 11251 NA
15922 10953 NA
15923 10953 NA
15924 10953 NA
15925 10560 NA
15926 10560 NA
15927 10560 NA
15928 10520 NA
15929 10520 NA
15930 10520 NA
15931 10249 NA
15932 10249 NA
15933 10249 NA
15934 10249 NA
15935 10184 NA
15936 10184 NA
15937 10184 NA
15938 10184 NA
15939 9822 NA
15940 9822 NA
15941 9822 NA
15942 9822 NA
15943 9822 NA
15944 9431 NA
15945 9431 NA
15946 9431 NA
15947 9431 NA
15948 9087 NA
15949 9087 NA
15950 9087 NA
15951 9087 NA
15952 8745 NA
15953 8745 NA
15954 8745 NA
15955 8745 NA
15956 8413 NA
15957 8413 NA
15958 8413 NA
15959 8413 NA
15960 8101 NA
15961 8101 NA
15962 8101 NA
15963 8101 NA
15964 8101 NA
15965 7848 NA
15966 7848 NA
15967 7848 NA
15968 7848 NA
15969 7848 NA
15970 7516 NA
15971 7516 NA
15972 7516 NA
15973 7516 NA
15974 7516 NA
15975 7516 NA
15976 7210 NA
15977 7210 NA
15978 7210 NA
15979 7210 NA
15980 7210 NA
15981 6972 NA
15982 6972 NA
15983 6972 NA
15984 6972 NA
15985 6972 NA
15986 6907 NA
15987 6842 NA
15988 6777 NA
15989 6713 NA
15990 6648 NA
15991 6583 NA
15992 6518 NA
15993 6453 NA
15994 6453 NA
15995 6453 NA
15996 6453 NA
15997 6453 NA
15998 6411 NA
15999 6411 NA
16000 6411 NA
16001 6411 NA
16002 6411 NA
16003 6292 NA
16004 6292 NA
16005 6292 NA
16006 6292 NA
16007 6292 NA
16008 6274 NA
16009 6274 NA
16010 6274 NA
16011 6274 NA
16012 6274 NA
16013 6236 NA
16014 6236 NA
16015 6236 NA
16016 6236 NA
16017 6236 NA
16018 6401 NA
16019 6401 NA
16020 6401 NA
16021 6401 NA
16022 6708 NA
16023 6708 NA
16024 6708 NA
16025 6708 NA
16026 6717 NA
16027 6717 NA
16028 6717 NA
16029 6717 NA
16030 6717 NA
16031 6842 NA
16032 6842 NA
16033 6842 NA
16034 6842 NA
16035 6809 NA
16036 6776 NA
16037 6743 NA
16038 6709 NA
16039 6676 NA
16040 6643 NA
16041 6610 NA
16042 6610 NA
16043 6726 NA
16044 6726 NA
16045 6726 NA
16046 6726 NA
16047 6726 NA
16048 6548 NA
16049 6548 NA
16050 6548 NA
16051 6548 NA
16052 6516 NA
16053 6516 NA
16054 6516 NA
16055 6516 NA
16056 6388 NA
16057 6388 NA
16058 6388 NA
16059 6388 NA
16060 6388 NA
16061 6199 NA
16062 6199 NA
16063 6199 NA
16064 6199 NA
16065 5969 NA
16066 5969 NA
16067 5969 NA
16068 5841 NA
16069 5841 NA
16070 5841 NA
16071 5841 NA
16072 5732 NA
16073 5732 NA
16074 5732 NA
16075 5732 NA
16076 5649 NA
16077 5649 NA
16078 5649 NA
16079 5649 NA
16080 5702 NA
16081 5702 NA
16082 5702 NA
16083 5551 NA
16084 5551 NA
16085 5551 NA
16086 5551 NA
16087 5500 NA
16088 5500 NA
16089 5500 NA
16090 5500 NA
16091 5490 NA
16092 5490 NA
16093 5490 NA
16094 5490 NA
16095 5509 NA
16096 5509 NA
16097 5509 NA
16098 5412 NA
16099 5412 NA
16100 5412 NA
16101 5412 NA
16102 5441 NA
16103 5441 NA
16104 5441 NA
16105 5304 NA
16106 5304 NA
16107 5304 NA
16108 5304 NA
16109 5318 NA
16110 5318 NA
16111 5318 NA
16112 5318 NA
16113 5300 NA
16114 5300 NA
16115 5300 NA
16116 5298 NA
16117 5298 NA
16118 5298 NA
16119 5298 NA
16120 5196 NA
16121 5196 NA
16122 5196 NA
16123 5100 NA
16124 5100 NA
16125 5100 NA
16126 5100 NA
16127 4951 NA
16128 4951 NA
16129 4951 NA
16130 5017 NA
16131 5017 NA
16132 5017 NA
16133 5098 NA
16134 5098 NA
16135 5098 NA
16136 5098 NA
16137 5140 NA
16138 5140 NA
16139 5140 NA
16140 5150 NA
16141 5150 NA
16142 5150 NA
16143 5273 NA
16144 5273 NA
16145 5273 NA
16146 5273 NA
16147 5331 NA
16148 5331 NA
16149 5331 NA
16150 5331 NA
16151 5421 NA
16152 5421 NA
16153 5421 NA
16154 5421 NA
16155 5390 NA
16156 5390 NA
16157 5390 NA
16158 5390 NA
16159 5433 NA
16160 5433 NA
16161 5433 NA
16162 5433 NA
16163 5474 NA
16164 5474 NA
16165 5474 NA
16166 5474 NA
16167 5539 NA
16168 5539 NA
16169 5539 NA
16170 5539 NA
16171 5539 NA
16172 5684 NA
16173 5684 NA
16174 5684 NA
16175 5684 NA
16176 5799 NA
16177 5799 NA
16178 5799 NA
16179 5799 NA
16180 5814 NA
16181 5814 NA
16182 5814 NA
16183 5814 NA
16184 5814 NA
16185 5934 NA
16186 5934 NA
16187 5934 NA
16188 5934 NA
16189 6163 NA
16190 6163 NA
16191 6163 NA
16192 6163 NA
16193 6408 NA
16194 6408 NA
16195 6408 NA
16196 6408 NA
16197 6649 NA
16198 6649 NA
16199 6649 NA
16200 6649 NA
16201 6649 NA
16202 6696 NA
16203 6742 NA
16204 6742 NA
16205 6742 NA
16206 6742 NA
16207 6928 NA
16208 6928 NA
16209 6928 NA
16210 6928 NA
16211 7072 NA
16212 7072 NA
16213 7072 NA
16214 7072 NA
16215 7072 NA
16216 7412 NA
16217 7412 NA
16218 7412 NA
16219 7412 NA
16220 7412 NA
16221 7412 NA
16222 7749 NA
16223 7749 NA
16224 7749 NA
16225 7749 NA
16226 7749 NA
16227 7970 NA
16228 7970 NA
16229 7970 NA
16230 7970 NA
16231 7895 NA
16232 7895 NA
16233 7895 NA
16234 7895 NA
16235 8066 NA
16236 8066 NA
16237 8066 NA
16238 8066 NA
16239 8071 NA
16240 8071 NA
16241 8071 NA
16242 8071 NA
16243 8071 NA
16244 8153 NA
16245 8153 NA
16246 8153 NA
16247 8153 NA
16248 8111 NA
16249 8111 NA
16250 8111 NA
16251 8111 NA
16252 8238 NA
16253 8238 NA
16254 8238 NA
16255 8238 NA
16256 8494 NA
16257 8494 NA
16258 8494 NA
16259 8494 NA
16260 8589 NA
16261 8589 NA
16262 8589 NA
16263 8589 NA
16264 8764 NA
16265 8764 NA
16266 8764 NA
16267 8668 NA
16268 8668 NA
16269 8668 NA
16270 8789 NA
16271 8789 NA
16272 8789 NA
16273 8889 NA
16274 8889 NA
16275 8889 NA
16276 8919 NA
16277 8919 NA
16278 8919 NA
16279 8850 NA
16280 8850 NA
16281 8850 NA
16282 8640 NA
16283 8640 NA
16284 8640 NA
16285 8467 NA
16286 8467 NA
16287 8467 NA
16288 8402 NA
16289 8402 NA
16290 8402 NA
16291 8239 NA
16292 8239 NA
16293 8239 NA
16294 8046 NA
16295 8046 NA
16296 8046 NA
16297 7908 NA
16298 7908 NA
16299 7908 NA
16300 7597 NA
16301 7597 NA
16302 7597 NA
16303 7294 NA
16304 7294 NA
16305 7294 NA
16306 7021 NA
16307 7021 NA
16308 7021 NA
16309 6744 NA
16310 6744 NA
16311 6479 NA
16312 6479 NA
16313 6479 NA
16314 6479 NA
16315 6239 NA
16316 6239 NA
16317 6239 NA
16318 6239 NA
16319 6022 NA
16320 6022 NA
16321 6022 NA
16322 5821 NA
16323 5821 NA
16324 5821 NA
16325 5821 NA
16326 5821 NA
16327 5637 NA
16328 5637 NA
16329 5637 NA
16330 5616 NA
16331 5616 NA
16332 5616 NA
16333 5616 NA
16334 5357 NA
16335 5357 NA
16336 5357 NA
16337 5357 NA
16338 5156 NA
16339 5156 NA
16340 5156 NA
16341 4956 NA
16342 4956 NA
16343 4956 NA
16344 4768 NA
16345 4768 NA
16346 4768 NA
16347 4583 NA
16348 4583 NA
16349 4583 NA
16350 4555 NA
16351 4555 NA
16352 4555 NA
16353 4555 NA
16354 4555 NA
16355 4533 NA
16356 4533 NA
16357 4533 NA
16358 4533 NA
16359 4661 NA
16360 4661 NA
16361 4661 NA
16362 4661 NA
16363 4753 NA
16364 4753 NA
16365 4753 NA
16366 4753 NA
16367 4753 NA
16368 4748 NA
16369 4748 NA
16370 4748 NA
16371 4748 NA
16372 4655 NA
16373 4655 NA
16374 4655 NA
16375 4655 NA
16376 4492 NA
16377 4492 NA
16378 4492 NA
16379 4492 NA
16380 4388 NA
16381 4388 NA
16382 4388 NA
16383 4388 NA
16384 4467 NA
16385 4467 NA
16386 4467 NA
16387 4467 NA
16388 4347 NA
16389 4347 NA
16390 4347 NA
16391 4347 NA
16392 4238 NA
16393 4238 NA
16394 4238 NA
16395 4238 NA
16396 4186 NA
16397 4186 NA
16398 4186 NA
16399 4186 NA
16400 4082 NA
16401 4082 NA
16402 4082 NA
16403 3912 NA
16404 3912 NA
16405 3912 NA
16406 3770 NA
16407 3770 NA
16408 3770 NA
16409 3770 NA
16410 3651 NA
16411 3651 NA
16412 3505 NA
16413 3505 NA
16414 3505 NA
16415 3505 NA
16416 3430 NA
16417 3430 NA
16418 3430 NA
16419 3430 NA
16420 3273 NA
16421 3273 NA
16422 3273 NA
16423 3142 NA
16424 3142 NA
16425 3142 NA
16426 3094 NA
16427 3094 NA
16428 3094 NA
16429 3094 NA
16430 3192 NA
16431 3192 NA
16432 3192 NA
16433 3192 NA
16434 3289 NA
16435 3289 NA
16436 3289 NA
16437 3289 NA
16438 3408 NA
16439 3408 NA
16440 3408 NA
16441 3408 NA
16442 3474 NA
16443 3474 NA
16444 3474 NA
16445 3510 NA
16446 3510 NA
16447 3510 NA
16448 3408 NA
16449 3408 NA
16450 3291 NA
16451 3291 NA
16452 3160 NA
16453 3160 NA
16454 3035 NA
16455 3035 NA
16456 2964 NA
16457 2964 NA
16458 2905 NA
16459 2905 NA
16460 2876 NA
16461 2876 NA
16462 2769 NA
16463 2769 NA
16464 2699 NA
16465 2699 NA
16466 2730 NA
16467 2730 NA
16468 2728 NA
16469 2728 NA
16470 2728 NA
16471 2757 NA
16472 2757 NA
16473 2761 NA
16474 2761 NA
16475 2812 NA
16476 2812 NA
16477 2903 NA
16478 2903 NA
16479 2903 NA
16480 2856 NA
16481 2856 NA
16482 2846 NA
16483 2846 NA
16484 2887 NA
16485 2887 NA
16486 2861 NA
16487 2861 NA
16488 2769 NA
16489 2769 NA
16490 2772 NA
16491 2772 NA
16492 2772 NA
16493 2904 NA
16494 2904 NA
16495 2986 NA
16496 2986 NA
16497 2946 NA
16498 2946 NA
16499 2946 NA
16500 3039 NA
16501 3039 NA
16502 3077 NA
16503 3077 NA
16504 3156 NA
16505 3156 NA
16506 3173 NA
16507 3173 NA
16508 3123 NA
16509 3123 NA
16510 3026 NA
16511 3026 NA
16512 2957 NA
16513 2957 NA
16514 2842 NA
16515 2842 NA
16516 2834 NA
16517 2834 NA
16518 2912 NA
16519 2912 NA
16520 2912 NA
16521 2871 NA
16522 2871 NA
16523 2906 NA
16524 2906 NA
16525 2868 NA
16526 2868 NA
16527 2868 NA
16528 2866 NA
16529 2866 NA
16530 2934 NA
16531 3001 NA
16532 3001 NA
16533 3001 NA
16534 2985 NA
16535 2985 NA
16536 2952 NA
16537 2952 NA
16538 2898 NA
16539 2898 NA
16540 2784 NA
16541 2784 NA
16542 2784 NA
16543 2790 NA
16544 2790 NA
16545 2698 NA
16546 2698 NA
16547 2582 NA
16548 2582 NA
16549 2569 NA
16550 2569 NA
16551 2538 NA
16552 2538 NA
16553 2538 NA
16554 2467 NA
16555 2467 NA
16556 2423 NA
16557 2423 NA
16558 2388 NA
16559 2388 NA
16560 2388 NA
16561 2473 NA
16562 2473 NA
16563 2473 NA
16564 2592 NA
16565 2592 NA
16566 2592 NA
16567 2694 NA
16568 2694 NA
16569 2694 NA
16570 2818 NA
16571 2818 NA
16572 2926 NA
16573 2926 NA
16574 2991 NA
16575 2991 NA
16576 2991 NA
16577 3132 NA
16578 3132 NA
16579 3132 NA
16580 3266 NA
16581 3266 NA
16582 3384 NA
16583 3550 NA
16584 3550 NA
16585 3728 NA
16586 3728 NA
16587 3915 NA
16588 3915 NA
16589 4111 NA
16590 4111 NA
16591 4309 NA
16592 4309 NA
16593 4525 NA
16594 4525 NA
16595 4742 NA
16596 4742 NA
16597 4708 NA
16598 4708 NA
16599 4937 NA
16600 4937 NA
16601 5115 NA
16602 5115 NA
16603 5316 NA
16604 5316 NA
16605 5545 NA
16606 5823 NA
16607 5823 NA
16608 6055 NA
16609 6300 NA
16610 6300 NA
16611 6409 NA
16612 6224 NA
16613 6224 NA
16614 6024 NA
16615 6024 NA
16616 5800 NA
16617 5800 NA
16618 5589 NA
16619 5589 NA
16620 5312 NA
16621 5312 NA
16622 5149 NA
16623 5149 NA
16624 4924 NA
16625 4729 NA
16626 4729 NA
16627 4601 NA
16628 4601 NA
16629 4663 NA
16630 4663 NA
16631 4598 NA
16632 4598 NA
16633 4443 NA
16634 4443 NA
16635 4440 NA
16636 4440 NA
16637 4408 NA
16638 4408 NA
16639 4239 NA
16640 4239 NA
16641 4067 NA
16642 3930 NA
16643 3930 NA
16644 3766 NA
16645 3709 NA
16646 3709 NA
16647 3618 NA
16648 3618 NA
16649 3494 NA
16650 3494 NA
16651 3542 NA
16652 3542 NA
16653 3655 NA
16654 3655 NA
16655 3738 NA
16656 3738 NA
16657 3876 NA
16658 3876 NA
16659 4070 NA
16660 4070 NA
16661 4261 NA
16662 4261 NA
16663 4205 NA
16664 4205 NA
16665 4242 NA
16666 4242 NA
16668 4405 NA
16669 4597 NA
16670 4597 NA
16671 4597 NA
16672 4618 NA
16673 4694 NA
16674 4694 NA
16675 4720 NA
16676 4720 NA
16677 4790 NA
16678 4790 NA
16679 4798 NA
16680 4798 NA
16681 4685 NA
16682 4685 NA
16683 4711 NA
16684 4697 NA
16685 4697 NA
16686 4697 NA
16687 4697 NA
16688 4845 NA
16689 4853 NA
16690 4853 NA
16691 4743 NA
16692 4743 NA
16693 4565 NA
16694 4565 NA
16695 4407 NA
16696 4407 NA
16697 4227 NA
16698 4227 NA
16699 4047 NA
16700 4047 NA
16701 3898 NA
16702 3898 NA
16703 3746 NA
16704 3746 NA
16705 3585 NA
16706 3423 NA
16707 3341 NA
16708 3341 NA
16709 3341 NA
16710 3409 NA
16711 3409 NA
16712 3409 NA
16714 3343 NA
16717 3267 NA
16719 3362 NA
16720 3362 NA
16721 3337 NA
16722 3337 NA
16723 3362 NA
16724 3362 NA
16725 3362 NA
16726 3269 NA
16727 3269 NA
16728 3269 NA
16729 3250 NA
16730 3250 NA
16731 3250 NA
16732 3155 NA
16733 3155 NA
16734 3155 NA
16735 3024 NA
16736 3024 NA
16737 3024 NA
16738 2934 NA
16739 2934 NA
16740 2934 NA
16741 2934 NA
16742 2917 NA
16743 2893 NA
16744 2893 NA
16745 2863 NA
16746 2964 NA
16747 2964 NA
16748 2964 NA
16749 3039 NA
16750 3038 NA
16751 3038 NA
16752 3044 NA
16753 3044 NA
16754 3043 NA
16755 3043 NA
16756 3086 NA
16757 3086 NA
16759 3185 NA
16760 3267 NA
16761 3267 NA
16762 3267 NA
16763 3336 NA
16764 3336 NA
16765 3405 NA
16766 3405 NA
16767 3550 NA
16768 3550 NA
16769 3681 NA
16770 3681 NA
16771 3681 NA
16772 3773 NA
16773 3773 NA
16774 3907 NA
16775 3907 NA
16776 3907 NA
16777 4097 NA
16778 4302 NA
16779 4302 NA
16780 4518 NA
16781 4518 NA
16782 4726 NA
16783 4726 NA
16784 4963 NA
16785 4963 NA
16786 5212 NA
16787 5212 NA
16788 5473 NA
16789 5473 NA
16790 5680 NA
16791 5680 NA
16792 5949 NA
16793 5949 NA
16794 6240 NA
16795 6240 NA
16796 6471 NA
16797 6645 NA
16798 6645 NA
16799 6964 NA
16800 7288 NA
16801 7288 NA
16802 7503 NA
16803 7568 NA
16804 7541 NA
16805 7541 NA
16807 7956 NA
16808 8114 NA
16809 8114 NA
16810 7857 NA
16811 7499 NA
16812 7168 NA
16813 6851 NA
16814 6685 NA
16815 6685 NA
16816 6509 NA
16817 6733 NA
16818 6733 NA
16819 6797 NA
16820 6797 NA
16821 6833 NA
16822 6833 NA
16823 6966 NA
16824 6966 NA
16825 7034 NA
16826 6803 NA
16827 6803 NA
16828 6499 NA
16829 6248 NA
16830 6030 NA
16831 5820 NA
16832 5820 NA
16833 5580 NA
16834 5178 NA
16835 5178 NA
16836 4981 NA
16837 4779 NA
16838 4779 NA
16839 4576 NA
16840 4432 NA
16841 4430 NA
16842 4430 NA
16843 4352 NA
16844 4374 NA
16845 4416 NA
16847 4393 NA
16849 4570 NA
16850 4570 NA
16851 4699 NA
16852 4699 NA
16853 4699 NA
16854 4861 NA
16855 4855 NA
16856 4855 NA
16857 4796 NA
16858 4796 NA
16859 4638 NA
16860 4441 NA
16861 4252 NA
16862 4252 NA
16863 4304 NA
16864 4304 NA
16865 4349 NA
16866 4349 NA
16867 4460 NA
16869 4444 NA
16870 4444 NA
16871 4444 NA
16872 4377 NA
16873 4377 NA
16874 4248 NA
16875 4248 NA
16876 4346 NA
16878 4527 NA
16879 4527 NA
16880 4607 NA
16881 4651 NA
16882 4651 NA
16883 4795 NA
16884 4795 NA
16885 4798 NA
16886 4798 NA
16887 4728 NA
16888 4728 NA
16889 4614 NA
16890 4614 NA
16891 4463 NA
16892 4463 NA
16893 4313 NA
16894 4313 NA
16895 4307 NA
16896 4307 NA
16897 4165 NA
16898 4165 NA
16899 3997 NA
16900 3997 NA
16901 3940 NA
16902 3940 NA
16903 4024 NA
16904 4024 NA
16905 4119 NA
16906 4119 NA
16907 4119 NA
16908 4039 NA
16909 4039 NA
16910 4005 NA
16911 4005 NA
16912 4078 NA
16913 4078 NA
16914 3992 NA
16915 3992 NA
16916 3992 NA
16917 4007 NA
16918 4155 NA
16919 4155 NA
16920 4360 NA
16921 4360 NA
16922 4535 NA
16923 4535 NA
16924 4562 NA
16925 4562 NA
16926 4624 NA
16927 4624 NA
16928 4555 NA
16929 4555 NA
16930 4605 NA
16931 4605 NA
16932 4672 NA
16933 4672 NA
16934 4899 NA
16935 4899 NA
16936 4923 NA
16937 4923 NA
16938 4731 NA
16939 4636 NA
16940 4636 NA
16941 4637 NA
16942 4637 NA
16943 4610 NA
16944 4610 NA
16945 4486 NA
16946 4552 NA
16949 4443 NA
16950 4523 NA
16951 4523 NA
16952 4586 NA
16953 4586 NA
16954 4632 NA
16955 4632 NA
16956 4742 NA
16957 4742 NA
16958 4768 NA
16959 4768 NA
16960 4649 NA
16966 4746 NA
16968 4789 NA
16969 4789 NA
16970 4639 NA
16971 4639 NA
16972 4455 NA
16974 4269 NA
16975 4101 NA
16976 4057 NA
16977 4057 NA
16978 3932 NA
16979 3932 NA
16980 3932 NA
16981 3752 NA
16982 3752 NA
16984 3623 NA
16985 3623 NA
16986 3623 NA
16987 3466 NA
16988 3340 NA
16989 3379 NA
16990 3379 NA
16991 3241 NA
16992 3241 NA
16993 3236 NA
16994 3236 NA
16999 3455 NA
17000 3455 NA
17001 3433 NA
17006 3508 NA
17007 3508 NA
17014 3108 NA
17015 3001 NA
17016 3001 NA
17017 2923 NA
17018 2923 NA
17019 2928 NA
17020 2928 NA
17021 2928 NA
17022 2807 NA
17023 2688 NA
17024 2688 NA
17025 2667 NA
17026 2667 NA
17027 2667 NA
17028 2667 NA
17029 2626 NA
17031 2612 NA
17032 2612 NA
17033 2612 NA
17034 2576 NA
17035 2576 NA
17036 2576 NA
17037 2593 NA
17038 2593 NA
17039 2593 NA
17040 2574 NA
17042 2574 NA
17044 2595 NA
17045 2595 NA
17046 2586 NA
17047 2586 NA
17048 2586 NA
17049 2573 NA
17050 2573 NA
17051 2573 NA
17052 2601 NA
17053 2601 NA
17054 2601 NA
17055 2583 NA
17056 2583 NA
17057 2583 NA
17058 2474 NA
17059 2474 NA
17060 2474 NA
17061 2379 NA
17062 2379 NA
17063 2343 NA
17064 2343 NA
17069 2282 NA
17070 2282 NA
17071 2210 NA
17072 2210 NA
17073 2210 NA
17075 2244 NA
17076 2244 NA
17077 2250 NA
17078 2250 NA
17079 2250 NA
17080 2245 NA
17081 2245 NA
17083 2326 NA
17084 2326 NA
17085 2326 NA
17086 2326 NA
17087 2429 NA
17088 2429 NA
17089 2507 NA
17091 2507 NA
17092 2572 NA
17093 2572 NA
17094 2585 NA
17095 2585 NA
17096 2585 NA
17097 2613 NA
17098 2613 NA
17099 2613 NA
17100 2650 NA
17101 2650 NA
17102 2650 NA
17103 2717 NA
17104 2717 NA
17105 2717 NA
17106 2671 NA
17107 2671 NA
17108 2671 NA
17109 2647 NA
17110 2647 NA
17111 2632 NA
17112 2632 NA
17113 2632 NA
17114 2564 NA
17115 2564 NA
17117 2505 NA
17118 2505 NA
17119 2405 NA
17123 2310 NA
17124 2218 NA
17125 2144 NA
17126 2144 NA
17127 2057 NA
17129 1971 NA
17130 1971 NA
17131 1895 NA
17132 1813 NA
17133 1813 NA
17134 1813 NA
17135 1740 NA
17136 1740 NA
17138 1675 NA
17139 1675 NA
17140 1614 NA
17141 1614 NA
17142 1614 NA
17143 1626 NA
17144 1626 NA
17145 1617 NA
17146 1617 NA
17147 1617 NA
