"Index" "Price" "Volume"
16961 1e+06 NA
16962 1e+06 NA
16963 1e+06 NA
16964 1e+06 NA
16965 1e+06 NA
16966 1e+06 NA
16967 1e+06 NA
16968 1e+06 NA
16969 1e+06 NA
16970 1e+06 NA
16971 1e+06 NA
16972 1e+06 NA
16973 1e+06 NA
16974 1e+06 NA
16975 1e+06 NA
16976 1e+06 NA
16977 1e+06 NA
16978 1e+06 NA
16979 1e+06 NA
16980 1e+06 NA
16981 1e+06 NA
16982 1e+06 NA
16983 1e+06 NA
16984 1e+06 NA
16985 1e+06 NA
16986 1e+06 NA
16987 1e+06 NA
16988 1e+06 NA
16989 1e+06 NA
16990 1e+06 NA
16991 1e+06 NA
16992 1e+06 NA
16993 1e+06 NA
16994 1e+06 NA
16995 1e+06 NA
16996 1e+06 NA
16997 1e+06 NA
16998 1e+06 NA
16999 1e+06 NA
17000 1e+06 NA
17001 1e+06 NA
17002 1e+06 NA
17003 1e+06 NA
17004 1e+06 NA
17005 1e+06 NA
17006 1e+06 NA
17007 1e+06 NA
17008 1e+06 NA
17009 1e+06 NA
17010 1e+06 NA
17011 1e+06 NA
17012 1e+06 NA
17013 1e+06 NA
17014 1e+06 NA
17015 1e+06 NA
17016 1e+06 NA
17017 1e+06 NA
17018 1e+06 NA
17019 1e+06 NA
17020 1e+06 NA
17021 1e+06 NA
17022 1e+06 NA
17023 1e+06 NA
17024 1e+06 NA
17025 1e+06 NA
17026 1e+06 NA
17027 1e+06 NA
17028 1e+06 NA
17029 1e+06 NA
17030 1e+06 NA
17031 1e+06 NA
17032 1e+06 NA
17033 1e+06 NA
17034 1e+06 NA
17035 1e+06 NA
17036 1e+06 NA
17037 1e+06 NA
17038 1e+06 NA
17039 1e+06 NA
17040 1e+06 NA
17041 1e+06 NA
17042 1e+06 NA
17043 1e+06 NA
17044 1e+06 NA
17045 1e+06 NA
17046 1e+06 NA
17047 1e+06 NA
17048 1e+06 NA
17049 1e+06 NA
17050 1e+06 NA
17051 1e+06 NA
17052 1e+06 NA
17053 1e+06 NA
17054 1e+06 NA
17055 1e+06 NA
17056 1e+06 NA
17057 1e+06 NA
17058 1e+06 NA
17059 1e+06 NA
17060 1e+06 NA
17061 1e+06 NA
17062 1e+06 NA
17063 1e+06 NA
17064 1e+06 NA
17065 1e+06 NA
17066 1e+06 NA
17067 1e+06 NA
17068 1e+06 NA
17069 1e+06 NA
17070 1e+06 NA
17071 1e+06 NA
17072 1e+06 NA
17073 1e+06 NA
17074 1e+06 NA
17075 1e+06 NA
17076 1e+06 NA
17077 1e+06 NA
17078 1e+06 NA
17079 1e+06 NA
17080 1e+06 NA
17081 1e+06 NA
17082 1e+06 NA
17083 1e+06 NA
17084 1e+06 NA
17085 1e+06 NA
17086 1e+06 NA
17087 1e+06 NA
17088 1e+06 NA
17089 1e+06 NA
17090 1e+06 NA
17091 1e+06 NA
17092 1e+06 NA
17093 1e+06 NA
17094 1e+06 NA
17095 1e+06 NA
17096 1e+06 NA
17097 1e+06 NA
17098 1e+06 NA
17099 1e+06 NA
17100 1e+06 NA
17101 1e+06 NA
17102 1e+06 NA
17103 1e+06 NA
17104 1e+06 NA
17105 1e+06 NA
17106 1e+06 NA
17107 1e+06 NA
17108 1e+06 NA
17109 1e+06 NA
17110 1e+06 NA
17111 1e+06 NA
17112 1e+06 NA
17113 1e+06 NA
17114 1e+06 NA
17115 1e+06 NA
17116 1e+06 NA
17117 1e+06 NA
17118 1e+06 NA
17119 1e+06 NA
17120 1e+06 NA
17121 1e+06 NA
17122 1e+06 NA
17123 1e+06 NA
17124 1e+06 NA
17125 1e+06 NA
17126 1e+06 NA
17127 1e+06 NA
17128 1e+06 NA
17129 1e+06 NA
17130 1e+06 NA
17131 1e+06 NA
17132 1e+06 NA
17133 1e+06 NA
17134 1e+06 NA
17135 1e+06 NA
17136 1049101 NA
17137 1098554 NA
17138 1148106 NA
17139 1205512 NA
17140 1265788 NA
17141 1324379 NA
17142 1385232 NA
17143 1450162 NA
17144 1517234 NA
17145 1517234 NA
17146 1585124 NA
17147 1585124 NA
