"Index" "Price" "Volume"
14019 1727 9
14020 1687 9
14021 1669 9
14022 1669 9
14023 1639 9
14024 1639 9
14025 1614 9
14026 1614 9
14027 1581 9
14028 1581 9
14029 1591 9
14030 1591 9
14031 1606 9
14032 1606 9
14033 1622 9
14034 1622 9
14035 1581 9
14036 1581 9
14037 1523 9
14038 1484 9
14039 1484 9
14040 1484 9
14041 1413 9
14042 1413 9
14043 1342 9
14044 1342 9
14045 1280 9
14046 1280 9
14047 1286 9
14048 1286 9
14049 1256 9
14050 1211 9
14051 1211 9
14052 1184 9
14053 1189 9
14054 1189 9
14055 1163 9
14056 1163 9
14057 1214 9
14058 1214 9
14059 1258 9
14060 1317 9
14061 1317 9
14062 1332 9
14063 1332 9
14064 1327 9
14065 1327 9
14066 1326 9
14067 1323 9
14068 1323 9
14069 1301 9
14070 1301 9
14071 1294 9
14072 1294 9
14073 1307 9
14074 1326 9
14075 1326 9
14076 1326 9
14077 1300 9
14078 1288 9
14079 1288 9
14080 1303 9
14081 1303 9
14082 1326 9
14083 1326 9
14084 1365 9
14085 1382 9
14086 1382 9
14087 1382 9
14088 1393 9
14089 1403 9
14090 1403 9
14091 1434 9
14092 1434 9
14093 1406 9
14094 1406 9
14095 1411 9
14096 1416 9
14097 1416 9
14098 1416 9
14099 1378 9
14100 1378 9
14101 1367 9
14102 1367 9
14103 1362 9
14104 1362 9
14105 1368 9
14106 1368 9
14107 1396 9
14108 1396 9
14109 1392 9
14110 1345 9
14111 1345 9
14112 1345 9
14113 1385 9
14114 1331 9
14115 1331 9
14116 1351 9
14117 1351 9
14118 1317 9
14119 1317 9
14120 1252 9
14121 1226 9
14122 1214 9
14123 1214 9
14124 1189 9
14125 1189 9
14126 1194 9
14127 1248 9
14128 1248 9
14129 1303 9
14130 1337 9
14131 1337 9
14132 1337 9
14133 1307 9
14134 1307 9
14135 1278 9
14136 1276 9
14137 1276 9
14138 1276 9
14139 1273 9
14140 1305 9
14141 1305 9
14142 1322 9
14143 1322 9
14144 1322 9
14145 1329 9
14146 1329 9
14147 1309 9
14148 1309 9
14149 1314 9
14150 1314 9
14151 1280 9
14152 1280 9
14153 1251 9
14154 1251 9
14155 1247 9
14156 1266 9
14157 1266 9
14158 1272 9
14159 1270 9
14160 1270 9
14161 1270 9
14162 1316 9
14163 1316 9
14164 1354 9
14165 1354 9
14166 1356 9
14167 1356 9
14168 1357 9
14169 1357 9
14170 1367 9
14171 1343 9
14172 1343 9
14173 1343 9
14174 1294 9
14175 1280 9
14176 1280 9
14177 1312 9
14178 1312 9
14179 1278 9
14180 1278 9
14181 1286 9
14182 1286 9
14183 1272 9
14184 1272 9
14185 1270 9
14186 1270 9
14187 1247 9
14188 1247 9
14189 1208 9
14190 1208 9
14191 1162 9
14192 1155 9
14193 1148 9
14194 1148 9
14195 1169 9
14196 1169 9
14197 1154 9
14198 1170 9
14199 1179 9
14200 1179 9
14201 1223 9
14202 1223 9
14203 1223 9
14204 1199 9
14205 1199 9
14206 1204 9
14207 1212 9
14208 1212 9
14209 1212 9
14210 1223 9
14211 1227 9
14212 1227 9
14213 1211 9
14214 1211 9
14215 1240 9
14216 1240 9
14217 1241 9
14218 1214 9
14219 1214 9
14220 1224 9
14221 1279 9
14222 1279 9
14223 1335 9
14224 1329 9
14225 1329 9
14226 1362 9
14227 1352 9
14228 1350 9
14229 1350 9
14230 1297 9
14231 1258 9
14232 1207 9
14233 1207 9
14234 1177 9
14235 1193 9
14236 1226 9
14237 1273 9
14238 1273 9
14239 1269 9
14240 1269 9
14241 1254 9
14242 1271 9
14243 1294 9
14244 1294 9
14245 1294 9
14246 1349 9
14247 1349 9
14248 1355 9
14249 1355 9
14250 1386 9
14251 1454 9
14252 1454 9
14253 1514 9
14254 1518 9
14255 1518 9
14256 1457 9
14257 1384 9
14258 1384 9
14259 1316 9
14260 1276 9
14261 1251 9
14262 1228 9
14263 1228 9
14264 1233 9
14265 1195 9
14266 1195 9
14267 1177 9
14268 1177 9
14269 1181 9
14270 1181 9
14271 1181 9
14272 1193 9
14273 1193 9
14274 1149 9
14275 1095 9
14276 1103 9
14277 1103 9
14278 1103 9
14279 1147 9
14280 1158 9
14281 1186 9
14282 1183 9
14283 1183 9
14284 1177 9
14285 1147 9
14286 1147 9
14287 1198 9
14288 1256 9
14289 1256 9
14290 1293 9
14291 1266 9
14292 1242 9
14293 1242 9
14294 1279 9
14295 1279 9
14296 1270 9
14297 1270 9
14298 1230 9
14299 1230 9
14300 1171 9
14301 1171 9
14302 1166 9
14303 1136 9
14304 1142 9
14305 1148 9
14306 1148 9
14307 1157 9
14308 1157 9
14309 1165 9
14310 1185 9
14311 1166 9
14312 1166 9
14313 1156 9
14314 1156 9
14315 1145 9
14316 1133 9
14317 1133 9
14318 1164 9
14319 1200 9
14320 1200 9
14321 1217 9
14322 1217 9
14323 1225 9
14324 1225 9
14325 1237 9
14326 1227 9
14327 1227 9
14328 1213 9
14329 1240 9
14330 1302 9
14331 1302 9
14332 1320 9
14333 1320 9
14334 1354 9
14335 1421 9
14336 1480 9
14337 1480 9
14338 1460 9
14339 1394 9
14340 1337 9
14341 1274 9
14342 1220 9
14343 1182 9
14344 1183 9
14345 1183 9
14346 1164 9
14347 1167 9
14348 1167 9
14349 1157 9
14350 1209 9
14351 1209 9
14352 1229 9
14353 1195 9
14354 1195 9
14355 1185 9
14356 1244 9
14357 1307 9
14358 1369 9
14359 1437 9
14360 1505 9
14361 1578 9
14362 1739 9
14363 1817 9
14364 1908 9
14365 1908 9
14366 1842 9
14367 1752 9
14368 1752 9
14369 1664 9
14370 1584 9
14371 1742 9
14372 1494 9
14373 1494 9
14374 1423 9
14375 1280 9
14376 1216 9
14377 1192 9
14378 1193 9
14379 1233 9
14380 1233 9
14381 1242 9
14382 1202 9
14383 1202 9
14384 1190 9
14385 1190 9
14386 1161 9
14387 1162 9
14388 1162 9
14389 1160 9
14390 1167 9
14391 1167 9
14392 1201 9
14393 1201 9
14394 1262 9
14395 1291 9
14396 1288 9
14397 1243 9
14398 1243 9
14399 1238 9
14400 1263 9
14401 1263 9
14402 1279 9
14403 1292 9
14404 1292 9
14405 1334 9
14406 1344 9
14407 1327 9
14408 1327 9
14409 1289 9
14410 1270 9
14411 1258 9
14412 1291 9
14413 1296 9
14414 1296 9
14415 1303 9
14416 1332 9
14417 1333 9
14418 1336 9
14419 1331 9
14420 1344 9
14421 1344 9
14422 1373 9
14423 1331 9
14424 1331 9
14425 1370 9
14426 1385 9
14427 1398 9
14428 1396 9
14429 1402 9
14430 1402 9
14431 1410 9
14432 1433 9
14433 1487 9
14434 1487 9
14435 1484 9
14436 1486 9
14437 1486 9
14438 1509 9
14439 1547 9
14440 1547 9
14441 1570 9
14442 1570 9
14443 1545 9
14444 1503 9
14445 1503 9
14446 1558 9
14447 1714 9
14448 1714 9
14449 1772 9
14450 1805 9
14451 1719 9
14452 1734 9
14453 1734 9
14454 1721 9
14455 1721 9
14456 1712 9
14457 1772 9
14458 1730 9
14459 1698 9
14460 1698 9
14461 1707 9
14462 1707 9
14463 1765 9
14464 1815 9
14465 1877 9
14466 1847 9
14467 1777 9
14468 1726 9
14469 1743 9
14470 1732 9
14471 1747 9
14472 1741 9
14473 1741 9
14474 1735 9
14475 1786 9
14476 1786 9
14477 1828 9
14478 1828 9
14479 1831 9
14480 1794 9
14481 1822 9
14482 1822 9
14483 1866 9
14484 1866 9
14485 1883 9
14486 1879 9
14487 1851 9
14488 1830 9
14489 1902 9
14490 1943 9
14491 1943 9
14492 1926 9
14493 1926 9
14494 1766 9
14495 1766 9
14496 1823 9
14497 1823 9
14498 1835 9
14499 1766 9
14500 1727 9
14501 1716 9
14502 1716 9
14503 1773 9
14504 1810 9
14505 1810 9
14506 1818 9
14507 1852 9
14508 1864 9
14509 1926 9
14510 1958 9
14511 1958 9
14512 1900 9
14513 1900 9
14514 1948 9
14515 2007 9
14516 2007 9
14517 1971 9
14518 1971 9
14519 1975 9
14520 1975 9
14521 2062 9
14522 2079 9
14523 2079 9
14524 2110 9
14525 2110 9
14526 2238 9
14527 2350 9
14528 2592 9
14529 2592 9
14530 2859 9
14531 2859 9
14532 3153 9
14533 3311 9
14534 3311 9
14535 3651 9
14536 3834 9
14537 4026 9
14538 4228 9
14539 4228 9
14540 4440 9
14541 4662 9
14542 5019 9
14543 5268 9
14544 5268 9
14545 5806 9
14546 5806 9
14547 6007 9
14548 5993 9
14549 6185 9
14550 6020 9
14551 5981 9
14552 5960 9
14553 6100 9
14554 6100 9
14555 6250 9
14556 6250 9
14557 6419 9
14558 6239 9
14559 6186 9
14560 6186 9
14561 6290 9
14562 6525 9
14563 6597 9
14564 6611 9
14565 6748 9
14566 7068 9
14567 7068 9
14568 7420 9
14569 7083 9
14570 6929 9
14571 6929 9
14572 6671 9
14573 6353 9
14574 6236 9
14575 6467 9
14576 6702 9
14577 7018 9
14578 7067 9
14579 7067 9
14580 6818 9
14581 6734 9
14582 6443 9
14583 6443 9
14584 6766 9
14585 6914 9
14586 6914 9
14587 6968 9
14588 7000 9
14589 7000 9
14590 6983 9
14591 7285 9
14592 7574 9
14593 7839 9
14594 8026 9
14595 8218 9
14596 8218 9
14597 8290 9
14598 8048 9
14599 7672 9
14600 7672 9
14601 7685 9
14602 7781 9
14603 7877 9
14604 8012 9
14605 8161 9
14606 8161 9
14607 8219 9
14608 8219 9
14609 8336 9
14610 8464 9
14611 8317 9
14612 8105 9
14613 8314 9
14614 8374 9
14615 8374 9
14616 8588 9
14617 8586 9
14618 8603 9
14619 8515 9
14620 8515 9
14621 8297 9
14622 8297 9
14623 8075 9
14624 8075 9
14625 7787 9
14626 7909 9
14627 7909 9
14628 8060 9
14629 7978 9
14630 7978 9
14631 7790 9
14632 7790 9
14633 7910 9
14634 7910 9
14635 7973 9
14636 8092 9
14637 8089 9
14638 7891 9
14639 7809 9
14640 7836 9
14641 7851 9
14642 7851 9
14643 7675 9
14644 7675 9
14645 7622 9
14646 7643 9
14647 7978 9
14648 8216 9
14649 8216 9
14650 8346 9
14651 8281 9
14653 8277 9
14654 8473 9
14655 8537 9
14656 8537 9
14657 8760 9
14658 9176 9
14659 9326 9
14660 9326 9
14661 9286 9
14662 9587 9
14663 9587 9
14664 9566 9
14665 9672 9
14666 9883 9
14667 9883 9
14668 10400 9
14669 10900 9
14670 11400 9
14671 12000 9
14672 13200 9
14673 13200 9
14674 13100 9
14675 12700 9
14676 12800 9
14677 13100 9
14678 13400 9
14679 13000 9
14680 12600 9
14681 13300 9
14682 12800 9
14683 12300 9
14684 12300 9
14685 11900 9
14686 11300 9
14687 10800 9
14688 10300 9
14689 9744 9
14690 9081 9
14691 9176 9
14692 9176 9
14693 9020 9
14694 8877 9
14695 8877 9
14696 8698 9
14697 8668 9
14698 8677 9
14699 8702 9
14700 8870 9
14701 8991 9
14702 9307 9
14703 9478 9
14704 9844 9
14705 10000 9
14706 10000 9
14707 10200 9
14708 10500 9
14709 10500 9
14710 10200 9
14711 9920 9
14712 9063 9
14713 9063 9
14714 8754 9
14715 8407 9
14716 8407 9
14717 8178 9
14718 8395 9
14719 8395 9
14720 8578 9
14721 8578 9
14722 8364 9
14723 8364 9
14724 8116 9
14725 8128 9
14726 8119 9
14727 8051 9
14728 8051 9
14729 8116 9
14730 8289 9
14731 8206 9
14732 8158 9
14733 8158 9
14734 8157 9
14735 8157 9
14736 8244 9
14737 8244 9
14738 8071 9
14739 8071 9
14740 8013 9
14741 7930 9
14742 7839 9
14743 7977 9
14744 8051 9
14745 8041 9
14746 8044 9
14747 8017 9
14748 8056 9
14749 8056 9
14750 8004 9
14751 8086 9
14752 8007 9
14753 8202 9
14754 8193 9
14755 8134 9
14756 8134 9
14757 8182 9
14758 8073 9
14759 7980 9
14760 7945 9
14761 8067 9
14762 8086 9
14763 8086 9
14764 8025 9
14765 8045 9
14766 8212 9
14767 8297 9
14768 8558 9
14769 8868 9
14770 8802 9
14771 9305 9
14772 9305 9
14773 9681 9
14774 9993 9
14775 9333 9
14776 9067 9
14777 9067 9
14778 8740 9
14779 8740 9
14780 8577 9
14781 8629 9
14782 8704 9
14783 8704 9
14784 8733 9
14785 8733 9
14786 8788 9
14787 8829 9
14788 8805 9
14789 8981 9
14790 8920 9
14791 8920 9
14792 8940 9
14793 9119 9
14794 9410 9
14795 9424 9
14796 9424 9
14797 9326 9
14798 9255 9
14799 9450 9
14800 9450 9
14801 9457 9
14802 9622 9
14803 9537 9
14804 9537 9
14805 9455 9
14806 9455 9
14807 9543 9
14808 9313 9
14809 9182 9
14810 8774 9
14811 8774 9
14812 8270 9
14813 8267 9
14814 8267 9
14815 8539 9
14816 8512 9
14817 8393 9
14818 8458 9
14819 8615 9
14820 8615 9
14821 8778 9
14822 9025 9
14823 8883 9
14824 8883 9
14825 9025 9
14826 8595 9
14827 8595 9
14828 8510 9
14829 8582 9
14830 8799 9
14831 9041 9
14832 9762 9
14833 9762 9
14834 9819 9
14835 9917 9
14836 9809 9
14837 9644 9
14838 9604 9
14839 9604 9
14840 9382 9
14841 9382 9
14842 9528 9
14843 10000 9
14844 10500 9
14845 11000 9
14846 11600 9
14847 12800 9
14848 13400 9
14849 13400 9
14850 14100 9
14851 13100 9
14852 13400 9
14853 13400 9
14854 13900 9
14855 14600 9
14856 15300 9
14857 15600 9
14858 15600 9
14859 14300 9
14860 14300 9
14861 13500 9
14862 12900 9
14863 12200 9
14864 11600 9
14865 11000 9
14866 9964 9
14867 9964 9
14868 9478 9
14869 9536 9
14870 9409 9
14871 9409 9
14872 9214 9
14873 9214 9
14874 8813 9
14875 8813 9
14876 8785 9
14877 8635 9
14878 8479 9
14879 8258 9
14880 8118 9
14881 8118 9
14882 8158 9
14883 8158 9
14884 8179 9
14885 8059 9
14886 8057 9
14887 8090 9
14888 8065 9
14889 8098 9
14890 7957 9
14891 7957 9
14892 7834 9
14893 7912 9
14894 7912 9
14895 8074 9
14896 8056 9
14897 7970 9
14898 7970 9
14899 7941 9
14900 7971 9
14901 8035 9
14902 8035 9
14903 7887 9
14904 7887 9
14905 7816 9
14906 7706 9
14907 7695 9
14908 7695 9
14909 7713 9
14910 7793 9
14911 7874 9
14912 7907 9
14913 7898 9
14914 7877 9
14915 7877 9
14916 7894 9
14917 8026 9
14918 7902 9
14920 7754 9
14921 7887 9
14922 7792 9
14923 7792 9
14924 7844 9
14925 7930 9
14926 7807 9
14927 7627 9
14928 7340 9
14929 7340 9
14930 7401 9
14931 7401 9
14932 7374 9
14933 7294 9
14934 7209 9
14935 7209 9
14936 7227 9
14937 7294 9
14938 7214 9
14939 7353 9
14940 7366 9
14941 7214 9
14942 7214 9
14943 7229 9
14944 7170 9
14945 7149 9
14946 7149 9
14947 7239 9
14948 7251 9
14949 7293 9
14950 7293 9
14951 7137 9
14952 7103 9
14953 7103 9
14954 6997 9
14955 6938 9
14956 6921 9
14957 6851 9
14958 6821 9
14959 6826 9
14960 6751 9
14961 6751 9
14962 6766 9
14963 6766 9
14964 6864 9
14965 6886 9
14966 6820 9
14967 6668 9
14968 6668 9
14969 6444 9
14970 6361 9
14971 6119 9
14972 5961 9
14973 5843 9
14974 5963 9
14975 5963 9
14976 6173 9
14977 6422 9
14979 6768 9
14981 6375 9
14983 6226 9
14984 6036 9
14985 5998 9
14986 6041 9
14987 6236 9
14988 6220 9
14990 6098 9
14991 6098 9
14992 6148 9
14993 6176 9
14995 6321 9
14996 6403 9
14997 6169 9
14998 5988 9
15000 5953 9
15001 6023 9
15003 5856 9
15005 5683 9
15007 5223 9
15008 4831 9
15010 5286 9
15011 5551 9
15013 6121 9
15016 6749 9
15018 6822 9
15019 6953 9
15020 7392 9
15021 7392 9
15023 7931 9
15025 7429 9
15026 7207 9
15028 6802 9
15029 6693 9
15031 6986 9
15032 7336 9
15033 8089 9
15035 8494 9
15036 9177 9
15037 9177 9
15038 8956 9
15039 8673 9
15040 8386 9
15041 8472 9
15044 9022 9
15046 9742 9
15047 9536 9
15048 9059 9
15049 9059 9
15050 8175 9
15051 7766 9
15052 7377 9
15054 7008 9
15055 6324 9
15057 5706 9
15058 5421 9
15059 5164 9
15060 5147 9
15061 5354 9
15063 5353 9
15064 5132 9
15066 5053 9
15067 4999 9
15068 5050 9
15070 4981 9
15072 5026 9
15074 4989 9
15076 4767 9
15078 4700 9
15080 4733 9
15081 4719 9
15082 4668 9
15084 4533 9
15085 4510 9
15086 4652 9
15087 4866 9
15088 5092 9
15089 5124 9
15090 5253 9
15091 5294 9
15093 5257 9
15094 5174 9
15095 5074 9
15096 5001 9
15097 5298 9
15098 5547 9
15100 5717 9
15101 5829 9
15103 5679 9
15104 5666 9
15106 5783 9
15107 5958 9
15109 5875 9
15110 5716 9
15112 5770 9
15114 5840 9
15115 5717 9
15116 5549 9
15119 5825 9
15120 5993 9
15121 6098 9
15122 6250 9
15123 6325 9
15124 6285 9
15125 6158 9
15126 6112 9
15128 6204 9
15130 6464 9
15131 6463 9
15132 6517 9
15133 6498 9
15135 6520 9
15136 6548 9
15137 6367 9
15138 6265 9
15139 6171 9
15140 6215 9
15142 6067 9
15143 5990 9
15144 5733 9
15145 5557 9
15147 5447 9
15149 5886 9
15150 5944 9
15151 5987 9
15152 5938 9
15154 5932 9
15155 5929 9
15156 6145 9
15157 6145 9
15158 6283 9
15159 6528 9
15161 6358 9
15163 6303 9
15164 6323 9
15165 6228 9
15166 5974 9
15167 5870 9
15169 5724 9
15170 5686 9
15172 5729 9
15173 5779 9
15175 5935 9
15177 6017 9
15178 6416 9
15179 6732 9
15180 7033 9
15182 7382 9
15184 7440 9
15185 7473 9
15186 7807 9
15187 7790 9
15188 7546 9
15189 7187 9
15191 6929 9
15193 6547 9
15194 6525 9
15196 6713 9
15197 6740 9
15199 6783 9
15200 6631 9
15201 6371 9
15204 6279 9
15207 6044 9
15208 5386 9
15209 5463 9
15210 5345 9
15212 6094 9
15214 6397 9
15215 6200 9
15217 6310 9
15219 5941 9
15220 5985 9
15221 6015 9
15222 5971 9
15224 5607 9
15225 5497 9
15226 5474 9
15227 5665 9
15228 5701 9
15229 5521 9
15231 5352 9
15232 5100 9
15233 4611 9
15234 4380 9
15235 4164 9
15238 3757 9
15240 3280 9
15242 3129 9
15243 2974 9
15244 3008 9
15247 2954 9
15248 3089 9
15249 3089 9
15250 3154 9
15252 3316 9
15254 3540 9
15256 3607 9
15257 3595 9
15258 3497 9
15259 3340 9
15261 3101 9
15263 3062 9
15264 3123 9
15266 3205 9
15268 3286 9
15270 3463 9
15271 3637 9
15273 3671 9
15275 3656 9
15277 3884 9
15280 4432 9
15282 4654 9
15283 5059 9
15284 5267 9
15287 5663 9
15289 5505 9
15291 5408 9
15294 5687 9
15295 5865 9
15297 5949 9
15299 6142 9
15302 6330 9
15303 6330 9
15304 6334 9
15306 6375 9
15307 6339 9
15308 6249 9
15309 6081 9
15310 5866 9
15311 5866 9
15312 5987 9
15313 6275 9
15314 6403 9
15315 6373 9
15316 6377 9
15317 6412 9
15318 6331 9
15319 6387 9
15320 6534 9
15321 6606 9
15322 6730 9
15323 6763 9
15324 6850 9
15325 6846 9
15326 6866 9
15327 7091 9
15328 7162 9
15329 7244 9
15330 7211 9
15331 7008 9
15332 6775 9
15333 6500 9
15334 6376 9
15335 6511 9
15336 6652 9
15337 6443 9
15338 6523 9
15339 6832 9
15340 7037 9
15341 6781 9
15342 6661 9
15343 6735 9
15344 6744 9
15345 6734 9
15346 6707 9
15347 6875 9
15348 7016 9
15349 6998 9
15350 6873 9
15351 6732 9
15352 6782 9
15353 6885 9
15354 7021 9
15355 6877 9
15356 6925 9
15357 6951 9
15358 7010 9
15359 7040 9
15360 6890 9
15361 6808 9
15362 6897 9
15363 6877 9
15364 6958 9
15365 7078 9
15366 6976 9
15367 7065 9
15368 7064 9
15369 6982 9
15370 6979 9
15371 7121 9
15372 7213 9
15373 7193 9
15374 7154 9
15375 7411 9
15376 7443 9
15377 7423 9
15378 7253 9
15379 7160 9
15380 7141 9
15381 7116 9
15382 7097 9
15383 7220 9
15384 7204 9
15385 7274 9
15386 7224 9
15387 7163 9
15388 7123 9
15389 7197 9
15390 7182 9
15391 7227 9
15392 7262 9
15393 7320 9
15394 7236 9
15395 7306 9
15396 7463 9
15397 7472 9
15398 7443 9
15399 7514 9
15400 7689 9
15401 8070 9
15402 8452 9
15403 8507 9
15404 8301 9
15405 7980 9
15406 7757 9
15407 7616 9
15408 7535 9
15409 7351 9
15410 7232 9
15411 7142 9
15412 7213 9
15413 7370 9
15414 7711 9
15415 8009 9
15416 8251 9
15417 8584 9
15418 8803 9
15419 8577 9
15420 8148 9
15421 7740 9
15422 7389 9
15423 7039 9
15424 6688 9
15425 6338 9
15426 5987 9
15427 5687 9
15428 5402 9
15429 5131 9
15430 4874 9
15431 4630 9
15432 4398 9
15433 4338 9
15434 4315 9
15435 4291 9
15436 4227 9
15437 4170 9
15438 4028 9
15439 3933 9
15440 3894 9
15441 3754 9
15442 3662 9
15443 3597 9
15444 3546 9
15445 3570 9
15446 3647 9
15447 3722 9
15448 3781 9
15449 3844 9
15450 3815 9
15451 3764 9
15452 3756 9
15453 3763 9
15454 3740 9
15455 3674 9
15456 3651 9
15457 3584 9
15458 3481 9
15459 3407 9
15460 3390 9
15461 3314 9
15462 3291 9
15463 3278 9
15464 3321 9
15465 3288 9
15466 3276 9
15467 3323 9
15468 3340 9
15469 3281 9
15470 3233 9
15471 3203 9
15472 3149 9
15473 3164 9
15474 3173 9
15475 3188 9
15476 3189 9
15477 3156 9
15478 3082 9
15479 3034 9
15480 3003 9
15481 3111 9
15482 3169 9
15483 3272 9
15484 3259 9
15485 3222 9
15486 3263 9
15487 3272 9
15488 3281 9
15489 3345 9
15490 3310 9
15491 3277 9
15492 3249 9
15493 3237 9
15494 3211 9
15495 3154 9
15496 3174 9
15497 3245 9
15498 3216 9
15499 3238 9
15500 3304 9
15501 3369 9
15502 3480 9
15503 3373 9
15504 3360 9
15505 3344 9
15506 3317 9
15507 3316 9
15508 3362 9
15509 3471 9
15510 3618 9
15511 3642 9
15512 3570 9
15513 3587 9
15514 3563 9
15515 3624 9
15516 3587 9
15517 3657 9
15518 3749 9
15519 3748 9
15520 3589 9
15521 3525 9
15522 3472 9
15523 3309 9
15524 3277 9
15525 3229 9
15526 3287 9
15527 3319 9
15528 3426 9
15529 3427 9
15530 3488 9
15531 3492 9
15532 3419 9
15533 3322 9
15534 3228 9
15535 3171 9
15536 3089 9
15537 3050 9
15538 3007 9
15539 3029 9
15540 2971 9
15541 2986 9
15542 3078 9
15543 3122 9
15544 3078 9
15545 3027 9
15546 3068 9
15547 3036 9
15548 2966 9
15549 3009 9
15550 3014 9
15551 2931 9
15552 2899 9
15553 2896 9
15554 2985 9
15555 3032 9
15556 3114 9
15557 3177 9
15558 3312 9
15559 3380 9
15560 3292 9
15561 3305 9
15562 3369 9
15563 3520 9
15564 3509 9
15565 3492 9
15566 3518 9
15567 3510 9
15568 3520 9
15569 3427 9
15570 3388 9
15571 3451 9
15572 3584 9
15573 3688 9
15574 3771 9
15575 3879 9
15576 4000 9
15577 3987 9
15578 4002 9
15579 4175 9
15580 4185 9
15581 4120 9
15582 4114 9
15583 4182 9
15584 4204 9
15585 4322 9
15586 4341 9
15587 4357 9
15588 4368 9
15589 4506 9
15590 4697 9
15591 4825 9
15592 4858 9
15593 4816 9
15594 4958 9
15595 5194 9
15596 5440 9
15597 5705 9
15598 5959 9
15599 5900 9
15600 5736 9
15601 5730 9
15602 5661 9
15603 5626 9
15604 5682 9
15605 5731 9
15606 5821 9
15607 5901 9
15608 5992 9
15609 6089 9
15610 6028 9
15611 5800 9
15612 5626 9
15613 5438 9
15614 5377 9
15615 5398 9
15616 5518 9
15617 5685 9
15618 5906 9
15619 6129 9
15620 6182 9
15621 6226 9
15622 6286 9
15623 6342 9
15624 6538 9
15625 6802 9
15626 7132 9
15627 7485 9
15628 7808 9
15629 7840 9
15630 7812 9
15631 8046 9
15632 8329 9
15633 8397 9
15634 8426 9
15635 8240 9
15636 7937 9
15637 8062 9
15638 8322 9
15639 8564 9
15640 8735 9
15641 8977 9
15642 9426 9
15643 9421 9
15644 8949 9
15645 8501 9
15646 8075 9
15647 7671 9
15648 7288 9
15649 6923 9
15650 6790 9
15651 6657 9
15652 6524 9
15653 6391 9
15654 6257 9
15655 6124 9
15656 5991 9
15657 5858 9
15658 5936 9
15659 5932 9
15660 6032 9
15661 6082 9
15662 6085 9
15663 6196 9
15664 6153 9
15665 5999 9
15666 5924 9
15667 5835 9
15668 5673 9
15669 5389 9
15670 5140 9
15671 5004 9
15672 4881 9
15673 4989 9
15674 5238 9
15675 5500 9
15676 5775 9
15677 5991 9
15678 5959 9
15679 6074 9
15680 6345 9
15681 6261 9
15682 6171 9
15683 6034 9
15684 5893 9
15685 5879 9
15686 5618 9
15687 5471 9
15688 5450 9
15689 5494 9
15690 5510 9
15691 5511 9
15692 5446 9
15693 5403 9
15694 5478 9
15695 5504 9
15696 5537 9
15697 5520 9
15698 5432 9
15699 5479 9
15700 5516 9
15701 5503 9
15702 5675 9
15703 5714 9
15704 5782 9
15705 5859 9
15706 5889 9
15707 6017 9
15708 6113 9
15709 6264 9
15710 6281 9
15711 6248 9
15712 6211 9
15713 6123 9
15714 5982 9
15715 5682 9
15716 5449 9
15717 5421 9
15718 5524 9
15719 5495 9
15720 5416 9
15721 5384 9
15722 5410 9
15723 5402 9
15724 5495 9
15725 5692 9
15726 5799 9
15727 5950 9
15728 6165 9
15729 6268 9
15730 6381 9
15731 6436 9
15732 6662 9
15733 6771 9
15734 6966 9
15735 7104 9
15736 7160 9
15737 7017 9
15738 6784 9
15739 6851 9
15740 7102 9
15741 7123 9
15742 7190 9
15743 7327 9
15744 7261 9
15745 6953 9
15746 6705 9
15747 6818 9
15748 6841 9
15749 6911 9
15750 6894 9
15751 6814 9
15752 6667 9
15753 6511 9
15754 6398 9
15755 6498 9
15756 6716 9
15757 6781 9
15758 6754 9
15759 6708 9
15760 6665 9
15761 6623 9
15762 6575 9
15763 6662 9
15764 6722 9
15765 6909 9
15766 7023 9
15767 7050 9
15768 7212 9
15769 7417 9
15770 7539 9
15771 7710 9
15772 7849 9
15773 7872 9
15774 7755 9
15775 7754 9
15776 7904 9
15777 7869 9
15778 7896 9
15779 7878 9
15780 7914 9
15781 7814 9
15782 7872 9
15783 7798 9
15784 7767 9
15785 7737 9
15786 7851 9
15787 7827 9
15788 7969 9
15789 7852 9
15790 7777 9
15791 7816 9
15792 7809 9
15793 7780 9
15794 7876 9
15795 7977 9
15796 7940 9
15797 8038 9
15798 8035 9
15799 8033 9
15800 8030 9
15801 8028 9
15802 8025 9
15803 8023 9
15804 8020 9
15805 8036 9
15806 8139 9
15807 8088 9
15808 8048 9
15809 7907 9
15810 7820 9
15811 7791 9
15812 7797 9
15813 7776 9
15814 7738 9
15815 7629 9
15816 7423 9
15817 7388 9
15818 7306 9
15819 7383 9
15820 7334 9
15821 7269 9
15822 7322 9
15823 7406 9
15824 7647 9
15825 7690 9
15826 7712 9
15827 7569 9
15828 7410 9
15829 7325 9
15830 7292 9
15831 7565 9
15832 7641 9
15833 7861 9
15834 7897 9
15835 7969 9
15836 8174 9
15837 8247 9
15838 8439 9
15839 8551 9
15840 8732 9
15841 8598 9
15842 8522 9
15843 8453 9
15844 8216 9
15845 8045 9
15846 7836 9
15847 7939 9
15848 7883 9
15849 7984 9
15850 8128 9
15851 8130 9
15852 8170 9
15853 8291 9
15854 8679 9
15855 8816 9
15856 8909 9
15857 8800 9
15858 8631 9
15859 8477 9
15860 8445 9
15861 8358 9
15862 8308 9
15863 8322 9
15864 8243 9
15865 8280 9
15866 8248 9
15867 8326 9
15868 8218 9
15869 8096 9
15870 7879 9
15871 7862 9
15872 7813 9
15873 8027 9
15874 8116 9
15875 8028 9
15876 8116 9
15877 8005 9
15878 7919 9
15879 7799 9
15880 7556 9
15881 7422 9
15882 7307 9
15883 7079 9
15884 6937 9
15885 6733 9
15886 6861 9
15887 7083 9
15888 7307 9
15889 7207 9
15890 7159 9
15891 7213 9
15892 7448 9
15893 7763 9
15894 8114 9
15895 8238 9
15896 8238 9
15897 8146 9
15898 8231 9
15899 8205 9
15900 8153 9
15901 8130 9
15902 8184 9
15903 8250 9
15904 8317 9
15905 8383 9
15906 8449 9
15907 8516 9
15908 8582 9
15909 8582 9
15910 8303 9
15911 8083 9
15912 7939 9
15913 8097 9
15914 8135 9
15915 8398 9
15916 8353 9
15917 8324 9
15918 8272 9
15919 8502 9
15920 8344 9
15921 8415 9
15922 8642 9
15923 8547 9
15924 8529 9
15925 8531 9
15926 8502 9
15927 8519 9
15928 8623 9
15929 8809 9
15930 8834 9
15931 8855 9
15932 8838 9
15933 8785 9
15934 8741 9
15935 8703 9
15936 8726 9
15937 8841 9
15938 8679 9
15939 8456 9
15940 8309 9
15941 8063 9
15942 8143 9
15943 8143 9
15944 7990 9
15945 8074 9
15946 8418 9
15947 8648 9
15948 8559 9
15949 8418 9
15950 8265 9
15951 8229 9
15952 8369 9
15953 8589 9
15954 8818 9
15955 8865 9
15956 8615 9
15957 8588 9
15958 8515 9
15959 8637 9
15960 8930 9
15961 8909 9
15962 8913 9
15963 8809 9
15964 8718 9
15965 8649 9
15966 8525 9
15967 8613 9
15968 8609 9
15969 8679 9
15970 8527 9
15971 8514 9
15972 8336 9
15973 8349 9
15974 8233 9
15975 8200 9
15976 8381 9
15977 8420 9
15978 8389 9
15979 8686 9
15980 8777 9
15981 8845 9
15982 8907 9
15983 8885 9
15984 8796 9
15985 8658 9
15986 8882 9
15987 9107 9
15988 9331 9
15989 9556 9
15990 9780 9
15991 9865 9
15992 9949 9
15993 10034 9
15994 9845 9
15995 9645 9
15996 9256 9
15997 9033 9
15998 9006 9
15999 9116 9
16000 9553 9
16001 9714 9
16002 9782 9
16003 9557 9
16004 9498 9
16005 9484 9
16006 9557 9
16007 9576 9
16008 9654 9
16009 9622 9
16010 9545 9
16011 9433 9
16012 9593 9
16013 9578 9
16014 9671 9
16015 9624 9
16016 9599 9
16017 9614 9
16018 9630 9
16019 9677 9
16020 9602 9
16021 9571 9
16022 9537 9
16023 9563 9
16024 9747 9
16025 9669 9
16026 9583 9
16027 9539 9
16028 9550 9
16029 9556 9
16030 9628 9
16031 9740 9
16032 9790 9
16033 9662 9
16034 9599 9
16035 9676 9
16036 9754 9
16037 9831 9
16038 9909 9
16039 9986 9
16040 10064 9
16041 10141 9
16042 10603 9
16043 10782 9
16044 10719 9
16045 10886 9
16046 10620 9
16047 10528 9
16048 10234 9
16049 10071 9
16050 10161 9
16051 10203 9
16052 10322 9
16053 10366 9
16054 10438 9
16055 10816 9
16056 10837 9
16057 11021 9
16058 11015 9
16059 11097 9
16060 11015 9
16061 10959 9
16062 10927 9
16063 10893 9
16064 10841 9
16065 10749 9
16066 10654 9
16067 10665 9
16068 11007 9
16069 11516 9
16070 11770 9
16071 11624 9
16072 11405 9
16073 10952 9
16074 10554 9
16075 10465 9
16076 10281 9
16077 10143 9
16078 10043 9
16079 9982 9
16080 9911 9
16081 9918 9
16082 9888 9
16083 10001 9
16084 10091 9
16085 10187 9
16086 10126 9
16087 9979 9
16088 9951 9
16089 9876 9
16090 9846 9
16091 9821 9
16092 9754 9
16093 9725 9
16094 9669 9
16095 9653 9
16096 9586 9
16097 9476 9
16098 9590 9
16099 9734 9
16100 10154 9
16101 10662 9
16102 11190 9
16103 11750 9
16104 11865 9
16105 11600 9
16106 11314 9
16107 10989 9
16108 10792 9
16109 10914 9
16110 11161 9
16111 11129 9
16112 11281 9
16113 11489 9
16114 11547 9
16115 11765 9
16116 11980 9
16117 11932 9
16118 11762 9
16119 11725 9
16120 11834 9
16121 12071 9
16122 12553 9
16123 12910 9
16124 13550 9
16125 14123 9
16126 14222 9
16127 13512 9
16128 12836 9
16129 12194 9
16130 11584 9
16131 11004 9
16132 10453 9
16133 9930 9
16134 9679 9
16135 9546 9
16136 9481 9
16137 9673 9
16138 9683 9
16139 9479 9
16140 9338 9
16141 9115 9
16142 8911 9
16143 9057 9
16144 9146 9
16145 9239 9
16146 9629 9
16147 9503 9
16148 9309 9
16149 9316 9
16150 9310 9
16151 9385 9
16152 9325 9
16153 9267 9
16154 9359 9
16155 9314 9
16156 9235 9
16157 9161 9
16158 9225 9
16159 9304 9
16160 9304 9
16161 9188 9
16162 9137 9
16163 9212 9
16164 9297 9
16165 9403 9
16166 9346 9
16167 9319 9
16168 9290 9
16169 9422 9
16170 9585 9
16171 9642 9
16172 9597 9
16173 9488 9
16174 9452 9
16175 9523 9
16176 9669 9
16177 9594 9
16178 9665 9
16179 9548 9
16180 9412 9
16181 9381 9
16182 9372 9
16183 9438 9
16184 9496 9
16185 9603 9
16186 9581 9
16187 9444 9
16188 9365 9
16189 9425 9
16190 9401 9
16191 9375 9
16192 9288 9
16193 9221 9
16194 9086 9
16195 8931 9
16196 8976 9
16197 9151 9
16198 9260 9
16199 9278 9
16200 9211 9
16201 9124 9
16202 9039 9
16203 8953 9
16204 8858 9
16205 8826 9
16206 8902 9
16207 8825 9
16208 8744 9
16209 8695 9
16210 8631 9
16211 8507 9
16212 8464 9
16213 8431 9
16214 8500 9
16215 8645 9
16216 8692 9
16217 8663 9
16218 8643 9
16219 8717 9
16220 8798 9
16221 8757 9
16222 8883 9
16223 8984 9
16224 9129 9
16225 9509 9
16226 9861 9
16227 10118 9
16228 9977 9
16229 10070 9
16230 10052 9
16231 9843 9
16232 9944 9
16233 10163 9
16234 10412 9
16235 10363 9
16236 10209 9
16237 10145 9
16238 10077 9
16239 10072 9
16240 9917 9
16241 9878 9
16242 9882 9
16243 9929 9
16244 9862 9
16245 9732 9
16246 9617 9
16247 9604 9
16248 9855 9
16249 10043 9
16250 10022 9
16251 9972 9
16252 10083 9
16253 10165 9
16254 10320 9
16255 10432 9
16256 10340 9
16257 10266 9
16258 10066 9
16259 10065 9
16260 10278 9
16261 10677 9
16262 10700 9
16263 10831 9
16264 10791 9
16265 10682 9
16266 10505 9
16267 10209 9
16268 10301 9
16269 10474 9
16270 10395 9
16271 10406 9
16272 10304 9
16273 10393 9
16274 10724 9
16275 11170 9
16276 11188 9
16277 11183 9
16278 11066 9
16279 10869 9
16280 10712 9
16281 10592 9
16282 10552 9
16283 10486 9
16284 10358 9
16285 10116 9
16286 9791 9
16287 9534 9
16288 9347 9
16289 9388 9
16290 9529 9
16291 9646 9
16292 9543 9
16293 9464 9
16294 9367 9
16295 9514 9
16296 9769 9
16297 9919 9
16298 9842 9
16299 9760 9
16300 9525 9
16301 9296 9
16302 9263 9
16303 9275 9
16304 9244 9
16305 9223 9
16306 9195 9
16307 9105 9
16308 9190 9
16309 9208 9
16310 9340 9
16311 9333 9
16312 9242 9
16313 9205 9
16314 9170 9
16315 8979 9
16316 8797 9
16317 8465 9
16318 8132 9
16319 7783 9
16320 7598 9
16321 7636 9
16322 7804 9
16323 7943 9
16324 8086 9
16325 8293 9
16326 8708 9
16327 9144 9
16328 9602 9
16329 9854 9
16330 9542 9
16331 9402 9
16332 9305 9
16333 9238 9
16334 9260 9
16335 9246 9
16336 9107 9
16337 9056 9
16338 8957 9
16339 9012 9
16340 9021 9
16341 9162 9
16342 9077 9
16343 9046 9
16344 9072 9
16345 9124 9
16346 9084 9
16347 9281 9
16348 9432 9
16349 9435 9
16350 9520 9
16351 9482 9
16352 9411 9
16353 9362 9
16354 9330 9
16355 9312 9
16356 9315 9
16357 9356 9
16358 9357 9
16359 9447 9
16360 9557 9
16361 9468 9
16362 9408 9
16363 9280 9
16364 9233 9
16365 9201 9
16366 9211 9
16367 9366 9
16368 9214 9
16369 9229 9
16370 9104 9
16371 9016 9
16372 9061 9
16373 9254 9
16374 9281 9
16375 9121 9
16376 9332 11
16377 9321 12
16378 9164 12
16379 8980 11
16380 8831 10
16381 8602 10
16382 8470 9.98076923076923
16383 8274 9.96153846153846
16384 8073 9.94230769230769
16385 7805 9.92307692307692
16386 7841 9.90384615384615
16387 7899 9.88461538461539
16388 8017 9.86538461538461
16389 8058 9.84615384615385
16390 7941 9.82692307692308
16391 7757 9.80769230769231
16392 7464 9.78846153846154
16393 7322 9.76923076923077
16394 7167 9.75
16395 6981 9.73076923076923
16396 7066 9.71153846153846
16397 7069 9.69230769230769
16398 7077 9.67307692307692
16399 7198 9.65384615384615
16400 7367 9.63461538461539
16401 7431 9.61538461538461
16402 7589 9.59615384615385
16403 7577 9.57692307692308
16404 7353 9.55769230769231
16405 7172 9.53846153846154
16406 7071 9.51923076923077
16407 7060 9.5
16408 7031 9.48076923076923
16409 7057 9.46153846153846
16410 7101 9.44230769230769
16411 7022 9.42307692307692
16412 6894 9.40384615384615
16413 6825 9.38461538461539
16414 6720 9.36538461538461
16415 6840 9.34615384615385
16416 6869 9.32692307692308
16417 6954 9.30769230769231
16418 7003 9.28846153846154
16419 6887 9.26923076923077
16420 6901 9.25
16421 6920 9.23076923076923
16422 6936 9.21153846153846
16423 6863 9.19230769230769
16424 6803 9.17307692307692
16425 6679 9.15384615384615
16426 6755 9.13461538461539
16427 6834 9.11538461538461
16428 6879 9.09615384615385
16429 6924 9.07692307692308
16430 7009 9.05769230769231
16431 6830 9.03846153846154
16432 6720 9.01923076923077
16433 6592 9
16434 6520 8.98076923076923
16435 6777 8.96153846153846
16436 7019 8.94230769230769
16437 6919 8.92307692307692
16438 6866 8.90384615384615
16439 6925 8.88461538461539
16440 6881 8.86538461538461
16441 6827 8.84615384615385
16442 6863 8.82692307692308
16443 6851 8.80769230769231
16444 6802 8.78846153846154
16445 6790 8.76923076923077
16446 6660 8.75
16447 6605 8.73076923076923
16448 6580 8.71153846153846
16449 6560 8.69230769230769
16450 6678 8.67307692307692
16451 6658 8.65384615384615
16452 6944 8.63461538461539
16453 7292 8.61538461538461
16454 7657 8.59615384615385
16455 7929 8.57692307692308
16456 7892 8.55769230769231
16457 7915 8.53846153846154
16458 7825 8.51923076923077
16459 7799 8.5
16460 7929 8.48076923076923
16461 8032 8.46153846153846
16462 8082 8.44230769230769
16463 8168 8.42307692307692
16464 8171 8.40384615384615
16465 8159 8.38461538461539
16466 7955 8.36538461538461
16467 7890 8.34615384615385
16468 7742 8.32692307692308
16469 7760 8.30769230769231
16470 7870 8.28846153846154
16471 7898 8.26923076923077
16472 7896 8.25
16473 7824 8.23076923076923
16474 7893 8.21153846153846
16475 7825 8.19230769230769
16476 7806 8.17307692307692
16477 7725 8.15384615384615
16478 7595 8.13461538461539
16479 7456 8.11538461538461
16480 7418 8.09615384615385
16481 7444 8.07692307692308
16482 7606 8.05769230769231
16483 7650 8.03846153846154
16484 7751 8.01923076923077
16485 7742 8
16486 7608 10
16487 7776 14
16488 8165 15
16489 8569 15
16490 8350 15
16491 8021 14
16492 7695 13
16493 7440 11
16494 7186 10.9677419354839
16495 6857 10.9354838709677
16496 6608 10.9032258064516
16497 6550 10.8709677419355
16498 6481 10.8387096774194
16499 6552 10.8064516129032
16500 6483 10.7741935483871
16501 6407 10.741935483871
16502 6407 10.7096774193548
16503 6519 10.6774193548387
16504 6540 10.6451612903226
16505 6565 10.6129032258065
16506 6573 10.5806451612903
16507 6472 10.5483870967742
16508 6337 10.5161290322581
16509 6321 10.4838709677419
16510 6327 10.4516129032258
16511 6257 10.4193548387097
16512 6158 10.3870967741935
16513 6100 10.3548387096774
16514 6138 10.3225806451613
16515 6162 10.2903225806452
16516 6262 10.258064516129
16517 6200 10.2258064516129
16518 6164 10.1935483870968
16519 6178 10.1612903225806
16520 6217 10.1290322580645
16521 6158 10.0967741935484
16522 6074 10.0645161290323
16523 6006 10.0322580645161
16524 5943 10
16525 5933 9.96774193548387
16526 5943 9.93548387096774
16527 6035 9.90322580645161
16528 6042 9.87096774193548
16529 6035 9.83870967741935
16530 5957 9.80645161290323
16531 6025 9.7741935483871
16532 6010 9.74193548387097
16533 6029 9.70967741935484
16534 6000 9.67741935483871
16535 6102 9.64516129032258
16536 6033 9.61290322580645
16537 6047 9.58064516129032
16538 6054 9.54838709677419
16539 6073 9.51612903225806
16540 6049 9.48387096774194
16541 6054 9.45161290322581
16542 6054 9.41935483870968
16543 6128 9.38709677419355
16544 6085 9.35483870967742
16545 6075 9.32258064516129
16546 6109 9.29032258064516
16547 6055 9.25806451612903
16548 5974 9.2258064516129
16549 6065 9.19354838709677
16550 6091 9.16129032258065
16551 6110 9.12903225806452
16552 6063 9.09677419354839
16553 6036 9.06451612903226
16554 6042 9.03225806451613
16555 6127 9
16556 6181 8.96774193548387
16557 6229 8.93548387096774
16558 6282 8.90322580645161
16559 6302 8.87096774193548
16560 6251 8.83870967741936
16561 6167 8.80645161290323
16562 6218 8.7741935483871
16563 6190 8.74193548387097
16564 6338 8.70967741935484
16565 6378 8.67741935483871
16566 6424 8.64516129032258
16567 6433 8.61290322580645
16568 6587 8.58064516129032
16569 6585 8.54838709677419
16570 6776 8.51612903225806
16571 6729 8.48387096774194
16572 6634 8.45161290322581
16573 6610 8.41935483870968
16574 6496 8.38709677419355
16575 6419 8.35483870967742
16576 6320 8.32258064516129
16577 6295 8.29032258064516
16578 6244 8.25806451612903
16579 6234 8.2258064516129
16580 6336 8.19354838709677
16581 6363 8.16129032258064
16582 6361 8.12903225806452
16583 6321 8.09677419354839
16584 6255 8.06451612903226
16585 6248 8.03225806451613
16586 6279 8
16587 6244 7.96774193548387
16588 6314 7.93548387096774
16589 6393 7.90322580645161
16590 6437 7.87096774193548
16591 6396 7.83870967741935
16592 6353 7.80645161290323
16593 6296 7.7741935483871
16594 6212 7.74193548387097
16595 6171 7.70967741935484
16596 6203 7.67741935483871
16597 6287 7.64516129032258
16598 6277 7.61290322580645
16599 6310 7.58064516129032
16600 6292 7.54838709677419
16601 6265 7.51612903225806
16602 6236 7.48387096774194
16603 6179 7.45161290322581
16604 6243 7.41935483870968
16605 6278 7.38709677419355
16606 6320 7.35483870967742
16607 6267 7.32258064516129
16608 6295 7.29032258064516
16609 6233 7.25806451612903
16610 6190 7.2258064516129
16611 6240 7.19354838709677
16612 6197 7.16129032258065
16613 6165 7.12903225806452
16614 6182 7.09677419354839
16615 6118 7.06451612903226
16616 6011 7.03225806451613
16617 6008 7
16618 6063 6.96774193548387
16619 6154 6.93548387096774
16620 6137 6.90322580645161
16621 6101 6.87096774193548
16622 6052 6.83870967741935
16623 6120 6.80645161290323
16624 6145 6.7741935483871
16625 6155 6.74193548387097
16626 6258 6.70967741935484
16627 6106 6.67741935483871
16628 6100 6.64516129032258
16629 6126 6.61290322580645
16630 6060 6.58064516129032
16631 6038 6.54838709677419
16632 6094 6.51612903225806
16633 6104 6.48387096774194
16634 6070 6.45161290322581
16635 6014 6.41935483870968
16636 6008 6.38709677419355
16637 5999 6.35483870967742
16638 5984 6.32258064516129
16639 5996 6.29032258064516
16640 6084 6.25806451612903
16641 6142 6.2258064516129
16642 6121 6.19354838709677
16643 6100 6.16129032258065
16644 6070 6.12903225806452
16645 6136 6.09677419354839
16646 6120 6.06451612903226
16647 6212 6.03225806451613
16648 6521 6
16649 6777 6
16650 6877 5
16651 7022 5
16652 7280 6
16653 7348 7
16654 7278 8
16655 7162 8
16656 6991 9
16657 6886 8
16658 6927 8
16659 7024 7
16660 7156 7
16661 7223 6.8
16662 7038 6.6
16663 7077 6.4
16664 6999 6.2
16665 6912 6
16666 6993 7
16668 6984 6.14285714285714
16669 6923 5.71428571428571
16670 6844 5.28571428571429
16671 6844 4.85714285714286
16672 6558 4.42857142857143
16673 6724 4
16674 6757 5
16675 6813 5
16676 6839 5
16677 6798 5
16678 7002 7
16679 7026 6
16680 7029 6
16681 7084 6
16682 7006 6
16683 6927 6
16684 6942 7
16685 6974 6
16686 6997 5
16687 6997 6
16688 7001 5
16689 6783 4.83333333333333
16690 6731 4.66666666666667
16691 6655 4.5
16692 6796 4.33333333333333
16693 6817 4.16666666666667
16694 6899 4
16695 6891 5
16696 6748 5
16697 6695 5
16698 6675 6
16699 6639 7
16700 6685 6
16701 6721 6
16702 6639 6
16703 6614 8
16704 6552 10
16705 6385 13
16706 6312 16
16707 6127 16
16708 5854 15
16709 5813 15
16710 5712 13
16711 5671 11
16712 5519 10.4545454545455
16714 5655 9.36363636363636
16717 5409 7.72727272727273
16719 5376 6.63636363636364
16720 5376 6.09090909090909
16721 5434 5.54545454545455
16722 5432 5
16723 5377 5
16724 5351 5
16725 5455 5
16726 5555 5
16727 5555 6
16728 5417 6
16729 5416 5
16730 5449 6
16731 5499 5
16732 5569 6
16733 5423 6
16734 5395 5
16735 5299 5
16736 5270 5
16737 5264 6
16738 5178 5
16739 5157 5
16740 5193 5
16741 5193 6
16742 5131 5
16743 5195 5
16744 5324 5
16745 5369 5
16746 5314 5
16747 5282 5
16748 5282 5
16749 5232 5
16750 5122 5
16751 5180 6
16752 5229 5
16753 5218 5
16754 5183 5
16755 5144 5
16756 5103 5
16757 5071 5
16759 5091 3
16760 5067 4
16761 5054 4
16762 5054 4
16763 4924 4
16764 4916 4
16765 4897 4
16766 4896 4
16767 4960 4
16768 4966 4
16769 4946 5
16770 4972 6
16771 4957 6
16772 5042 4
16773 5070 4
16774 5081 5
16775 5190 4
16776 5190 5
16777 5134 4
16778 5203 4
16779 5221 4
16780 5253 4
16781 5306 4.11111111111111
16782 5304 4.22222222222222
16783 5255 4.33333333333333
16784 5233 4.44444444444444
16785 5192 4.55555555555556
16786 5212 4.66666666666667
16787 5259 4.77777777777778
16788 5401 4.88888888888889
16789 5479 5
16790 5495 6
16791 5448 6
16792 5507 6
16793 5535 6
16794 5484 6
16795 5522 6
16796 5518 7
16797 5598 7
16798 5584 6
16799 5546 7
16800 5628 7
16801 5675 6
16802 5648 7
16803 5546 7
16804 5475 6
16805 5468 6
16807 5654 5
16808 5777 5
16809 5742 5
16810 5824 5
16811 5873 6
16812 5908 6
16813 5922 6
16814 5991 6
16815 5952 6
16816 5962 7
16817 5990 7
16818 6060 6
16819 6089 7
16820 6064 5
16821 6038 5.07407407407407
16822 6076 5.14814814814815
16823 5976 5.22222222222222
16824 5904 5.2962962962963
16825 5779 5.37037037037037
16826 5517 5.44444444444444
16827 5289 5.51851851851852
16828 5299 5.59259259259259
16829 5521 5.66666666666667
16830 5607 5.74074074074074
16831 5697 5.81481481481481
16832 5697 5.88888888888889
16833 5806 5.96296296296296
16834 5948 6.03703703703704
16835 6033 6.11111111111111
16836 6134 6.18518518518519
16837 6150 6.25925925925926
16838 6085 6.33333333333333
16839 6044 6.40740740740741
16840 5999 6.48148148148148
16841 6091 6.55555555555556
16842 6125 6.62962962962963
16843 6121 6.7037037037037
16844 6133 6.77777777777778
16845 6068 6.85185185185185
16847 6121 7
16849 6142 6
16850 6106 6
16851 6118 7
16852 6059 7
16853 6059 9
16854 5964 6
16855 5994 8
16856 5994 9
16857 6096 9
16858 5869 8
16859 5714 11
16860 5548 13
16861 5323 13
16862 5210 11
16863 5182 11
16864 5181 11
16865 5178 10
16866 5042 9.85714285714286
16867 4933 9.71428571428571
16869 4806 9.42857142857143
16870 4851 9.28571428571429
16871 4870 9.14285714285714
16872 4802 9
16873 4734 8.85714285714286
16874 4674 8.71428571428571
16875 4722 8.57142857142857
16876 4691 8.42857142857143
16878 4575 8.14285714285714
16879 4500 8
16880 4454 7.85714285714286
16881 4433 7.71428571428571
16882 4403 7.57142857142857
16883 4482 7.42857142857143
16884 4560 7.28571428571429
16885 4553 7.14285714285714
16886 4437 7
16887 4472 6.85714285714286
16888 4469 6.71428571428571
16889 4437 6.57142857142857
16890 4335 6.42857142857143
16891 4135 6.28571428571429
16892 3934 6.14285714285714
16893 3737 6
16894 3600 6
16895 3541 7
16896 3600 6
16897 3632 6
16898 3788 7
16899 3880 7
16900 3828 7
16901 3765 7
16902 3697 7
16903 3694 7
16904 3689 7
16905 3751 7
16906 3692 6
16907 3715 7
16908 3679 6
16909 3689 6
16910 3603 5
16911 3535 6
16912 3574 6.5
16913 3445 7
16914 3452 6
16915 3468 6
16916 3468 7
16917 3620 7
16918 3528 6
16919 3462 7
16920 3456 6.5
16921 3412 6
16922 3448 5.92857142857143
16923 3563 5.85714285714286
16924 3663 5.78571428571429
16925 3688 5.71428571428571
16926 3661 5.64285714285714
16927 3660 5.57142857142857
16928 3713 5.5
16929 3681 5.42857142857143
16930 3607 5.35714285714286
16931 3658 5.28571428571429
16932 3615 5.21428571428571
16933 3544 5.14285714285714
16934 3528 5.07142857142857
16935 3469 5
16936 3553 5.5
16937 3553 6
16938 3619 6
16939 3626 6
16940 3670 6
16941 3660 6
16942 3582 6
16943 3594 6
16944 3594 6.03448275862069
16945 3553 6.06896551724138
16946 3666 6.10344827586207
16949 3714 6.20689655172414
16950 3776 6.24137931034483
16951 3745 6.27586206896552
16952 3788 6.31034482758621
16953 3780 6.3448275862069
16954 3921 6.37931034482759
16955 3979 6.41379310344828
16956 4099 6.44827586206897
16957 3969 6.48275862068965
16958 4103 6.51724137931035
16959 4220 6.55172413793103
16960 4158 6.58620689655172
16966 4294 6.79310344827586
16968 4106 6.86206896551724
16969 4189 6.89655172413793
16970 4187 6.93103448275862
16971 4186 6.96551724137931
16972 4189 7
16974 4152 7
16975 4089 7
16976 4007 7
16977 4020 6
16978 4022 8
16979 3889 6
16980 3824 6
16981 3690 7
16982 3668 7
16984 3747 7
16985 3739 5
16986 3739 6
16987 3923 6
16988 3920 6
16989 3977 6
16990 3982 6
16991 3958 6
16992 3981 6
16993 3899 7
16994 3849 7
16999 4111 6
17000 4161 6
17001 4149 6
17006 4119 5
17007 4119 5
17014 4241 5
17015 4288 5
17016 4329 5
17017 4363 6
17018 4494 6
17019 4458 6
17020 4508 6
17021 4508 6
17022 4460 6
17023 4475 5
17024 4552 5.07142857142857
17025 4638 5.14285714285714
17026 4641 5.21428571428571
17027 4750 5.28571428571429
17028 4750 5.35714285714286
17029 4782 5.42857142857143
17031 4808 5.57142857142857
17032 4708 5.64285714285714
17033 4775 5.71428571428571
17034 4857 5.78571428571429
17035 4857 5.85714285714286
17036 4742 5.92857142857143
17037 4953 6
17038 5020 6
17039 4970 7
17040 4835 7
17042 4749 8
17044 4694 7
17045 4620 7
17046 4524 6
17047 4506 7
17048 4566 6
17049 4573 6
17050 4602 6
17051 4660 6
17052 4623 6
17053 4656 6
17054 4655 5
17055 4604 6
17056 4536 5
17057 4495 5
17058 4397 5
17059 4416 5
17060 4506 6
17061 4497 7
17062 4431 7
17063 4412 8
17064 4397 9
17069 4071 15
17070 4152 13
17071 4086 12
17072 3933 12
17073 3743 12
17075 3584 11.3913043478261
17076 3528 11.0869565217391
17077 3522 10.7826086956522
17078 3534 10.4782608695652
17079 3602 10.1739130434783
17080 3573 9.8695652173913
17081 3583 9.56521739130435
17083 3542 8.95652173913044
17084 3542 8.65217391304348
17085 3469 8.34782608695652
17086 3441 8.04347826086957
17087 3555 7.73913043478261
17088 3653 7.43478260869565
17089 3596 7.1304347826087
17091 3587 6.52173913043478
17092 3612 6.21739130434783
17093 3684 5.91304347826087
17094 3783 5.60869565217391
17095 3774 5.30434782608696
17096 3780 5
17097 3771 5
17098 3771 5
17099 3804 5
17100 3793 5
17101 3768 5
17102 3736 5
17103 3668 5
17104 3609 5
17105 3578 5
17106 3634 5
17107 3677 5
17108 3731 5
17109 3743 5
17110 3716 5
17111 3737 5
17112 3697 5
17113 3760 4
17114 3871 5
17115 3943 5
17117 3846 5
17118 3835 5
17119 3863 5
17123 3855 5
17124 3849 5
17125 3790 5
17126 3719 5
17127 3720 5
17129 3785 5
17130 3690 5
17131 3684 5
17132 3733 5
17133 3702 5
17134 3670 5
17135 3636 5
17136 3615 5
17138 3752 5
17139 3830 5
17140 3831 5
17141 3835 5
17142 3822 5
17143 3787 5
17144 3755 5
17145 3785 5
17146 3717 5
17147 3661 5
