"Index" "Price" "Volume"
14019 38300 NA
14020 38700 NA
14021 39000 NA
14022 39000 NA
14023 39700 NA
14024 39700 NA
14025 39200 NA
14026 39200 NA
14027 38700 NA
14028 38700 NA
14029 39300 NA
14030 39300 NA
14031 39300 NA
14032 38700 NA
14033 38100 NA
14034 37700 NA
14035 37900 NA
14036 38000 NA
14037 38600 NA
14038 39400 NA
14039 39800 NA
14040 39800 NA
14041 40200 NA
14042 40600 NA
14043 40600 NA
14044 40300 NA
14045 39800 NA
14046 39800 NA
14047 39400 NA
14048 38900 NA
14049 38400 NA
14050 38200 NA
14051 38200 NA
14052 38600 NA
14053 38800 NA
14054 38800 NA
14055 39100 NA
14056 39300 NA
14057 39200 NA
14058 39500 NA
14059 39300 NA
14061 39600 NA
14062 39700 NA
14063 39700 NA
14064 39500 NA
14065 39000 NA
14066 38600 NA
14067 38200 NA
14068 37600 NA
14069 36700 NA
14070 36700 NA
14071 36600 NA
14072 37200 NA
14073 37300 NA
14074 37400 NA
14075 37400 NA
14076 37500 NA
14077 37800 NA
14078 38000 NA
14079 37900 NA
14080 37500 NA
14081 37100 NA
14082 36600 NA
14083 36200 NA
14084 35800 NA
14085 35700 NA
14086 35700 NA
14087 35300 NA
14088 35000 NA
14089 34700 NA
14090 34700 NA
14091 35300 NA
14092 35300 NA
14093 35400 NA
14094 35600 NA
14095 35800 NA
14096 35600 NA
14097 35600 NA
14098 35300 NA
14099 34900 NA
14100 34500 NA
14101 34400 NA
14102 34300 NA
14103 34500 NA
14104 33900 NA
14105 33300 NA
14106 32600 NA
14107 32300 NA
14108 32200 NA
14109 32700 NA
14110 34000 NA
14111 34800 NA
14112 34800 NA
14113 34900 NA
14114 35000 NA
14115 35000 NA
14116 34800 NA
14117 34100 NA
14118 33500 NA
14119 32800 NA
14120 32300 NA
14121 31100 NA
14122 30200 NA
14123 30200 NA
14124 29600 NA
14125 29800 NA
14126 30200 NA
14127 29700 NA
14128 29700 NA
14129 28900 NA
14130 28500 NA
14131 28500 NA
14132 28100 NA
14133 28300 NA
14134 28100 NA
14135 28700 NA
14136 29100 NA
14137 29400 NA
14138 29400 NA
14139 29100 NA
14140 28800 NA
14141 28600 NA
14142 28400 NA
14143 28400 NA
14144 28500 NA
14145 28200 NA
14146 28400 NA
14147 28400 NA
14148 28300 NA
14149 28800 NA
14150 28800 NA
14151 29200 NA
14152 29400 NA
14153 29900 NA
14154 30200 NA
14155 30500 NA
14156 31200 NA
14157 31200 NA
14158 32400 NA
14159 32900 NA
14160 33100 NA
14161 33100 NA
14162 33300 NA
14163 33800 NA
14164 35000 NA
14165 35000 NA
14166 35400 NA
14167 35600 NA
14168 35900 NA
14169 36200 NA
14170 34200 NA
14171 32700 NA
14172 32700 NA
14173 31300 NA
14174 29800 NA
14175 27100 NA
14176 27100 NA
14177 25200 NA
14178 25200 NA
14179 24700 NA
14180 25000 NA
14181 25600 NA
14182 25800 NA
14183 25200 NA
14184 24800 NA
14185 24500 NA
14186 25800 NA
14187 26100 NA
14188 26100 NA
14189 25500 NA
14190 25000 NA
14191 25000 NA
14192 25400 NA
14193 26200 NA
14194 26200 NA
14195 25500 NA
14196 25500 NA
14197 25300 NA
14198 25300 NA
14199 26600 NA
14200 27200 NA
14201 28100 NA
14202 28100 NA
14203 28300 NA
14204 29500 NA
14205 29500 NA
14206 30700 NA
14207 32300 NA
14208 32500 NA
14209 32500 NA
14210 32800 NA
14211 33600 NA
14212 33600 NA
14213 34300 NA
14214 34800 NA
14215 36500 NA
14216 36500 NA
14217 37500 NA
14218 39000 NA
14219 40400 NA
14220 42000 NA
14221 45000 NA
14222 45000 NA
14223 45000 NA
14224 41100 NA
14225 41100 NA
14226 39100 NA
14227 37200 NA
14228 35400 NA
14229 33700 NA
14230 32000 NA
14231 29100 NA
14232 30400 NA
14233 31900 NA
14234 31900 NA
14235 34800 NA
14236 36500 NA
14237 38300 NA
14238 38100 NA
14239 36200 NA
14240 36200 NA
14241 32700 NA
14242 31100 NA
14243 29700 NA
14244 28400 NA
14245 28400 NA
14246 28800 NA
14247 29900 NA
14248 29700 NA
14249 28300 NA
14250 26900 NA
14251 25600 NA
14252 24600 NA
14253 23700 NA
14254 25200 NA
14255 25200 NA
14256 26000 NA
14257 24200 NA
14258 24200 NA
14259 23100 NA
14260 22000 NA
14261 20900 NA
14262 19100 NA
14263 19100 NA
14264 20300 NA
14265 21100 NA
14266 21100 NA
14267 23000 NA
14268 23000 NA
14269 22400 NA
14270 22400 NA
14271 21400 NA
14272 19500 NA
14273 19500 NA
14274 18300 NA
14275 18800 NA
14276 19500 NA
14277 19700 NA
14278 18900 NA
14279 18900 NA
14280 19200 NA
14281 20100 NA
14282 21000 NA
14283 21000 NA
14284 22000 NA
14285 24000 NA
14286 25200 NA
14287 25200 NA
14288 26400 NA
14289 27400 NA
14290 28600 NA
14291 30300 NA
14292 29400 NA
14293 29400 NA
14294 26600 NA
14295 26600 NA
14296 24100 NA
14297 24100 NA
14298 22900 NA
14299 21900 NA
14300 20800 NA
14301 19800 NA
14302 18500 NA
14303 19400 NA
14304 20400 NA
14305 21300 NA
14306 22300 NA
14307 23300 NA
14308 23300 NA
14309 24100 NA
14310 24100 NA
14311 22000 NA
14312 21000 NA
14313 19000 NA
14314 18100 NA
14315 17900 NA
14316 19500 NA
14317 19500 NA
14318 19000 NA
14319 17400 NA
14320 17000 NA
14321 17100 NA
14322 17800 NA
14323 18400 NA
14324 19100 NA
14325 19000 NA
14326 16400 NA
14327 15800 NA
14328 15800 NA
14329 16200 NA
14330 17700 NA
14331 17700 NA
14332 17900 NA
14333 17800 NA
14334 16600 NA
14335 15700 NA
14336 14400 NA
14337 14400 NA
14338 14600 NA
14339 15600 NA
14340 15600 NA
14341 15600 NA
14342 14900 NA
14343 13700 NA
14344 13600 NA
14345 14100 NA
14346 14200 NA
14347 13700 NA
14348 13700 NA
14349 13200 NA
14350 13200 NA
14351 13200 NA
14352 13900 NA
14353 13600 NA
14354 13600 NA
14355 12900 NA
14356 12700 NA
14357 12800 NA
14358 13100 NA
14359 13700 NA
14360 14400 NA
14361 15500 NA
14362 15500 NA
14363 14200 NA
14364 12400 NA
14365 12400 NA
14366 12600 NA
14367 12600 NA
14368 12600 NA
14369 12700 NA
14370 12800 NA
14371 12800 NA
14372 12400 NA
14373 12400 NA
14374 12400 NA
14375 12600 NA
14376 12700 NA
14377 12800 NA
14378 12400 NA
14379 12600 NA
14380 12600 NA
14381 12600 NA
14382 12600 NA
14383 12600 NA
14384 12700 NA
14385 12800 NA
14386 12800 NA
14387 12700 NA
14388 12700 NA
14389 12600 NA
14390 12700 NA
14391 12700 NA
14392 12900 NA
14393 12900 NA
14394 12800 NA
14395 12800 NA
14396 12900 NA
14397 13200 NA
14398 13200 NA
14399 12400 NA
14400 12400 NA
14401 12400 NA
14402 12600 NA
14403 12700 NA
14404 12700 NA
14405 12700 NA
14406 12500 NA
14407 12500 NA
14408 12500 NA
14409 12600 NA
14410 12500 NA
14411 12600 NA
14412 12400 NA
14413 12400 NA
14414 12400 NA
14415 12500 NA
14416 12500 NA
14417 12500 NA
14418 12400 NA
14419 12500 NA
14420 12500 NA
14421 12500 NA
14422 12400 NA
14423 12600 NA
14424 12600 NA
14425 12600 NA
14426 12600 NA
14427 12400 NA
14428 12600 NA
14429 12700 NA
14430 12700 NA
14431 12700 NA
14432 12600 NA
14433 12700 NA
14434 12700 NA
14435 12600 NA
14436 12800 NA
14437 12800 NA
14438 12800 NA
14439 12600 NA
14440 12600 NA
14441 12500 NA
14442 12500 NA
14443 12700 NA
14444 12700 NA
14445 12700 NA
14446 12800 NA
14447 12900 NA
14448 12900 NA
14449 12800 NA
14450 13100 NA
14451 13500 NA
14452 14700 NA
14453 14500 NA
14454 13900 NA
14455 13900 NA
14456 12600 NA
14457 12400 NA
14458 12600 NA
14459 13400 NA
14460 13400 NA
14461 14000 NA
14462 13900 NA
14463 12600 NA
14464 12400 NA
14465 12700 NA
14466 12800 NA
14467 12700 NA
14468 12700 NA
14469 12900 NA
14470 12800 NA
14471 13000 NA
14472 13200 NA
14473 13200 NA
14474 12900 NA
14475 12700 NA
14476 12700 NA
14477 12800 NA
14478 12800 NA
14479 12900 NA
14480 12700 NA
14481 12700 NA
14482 12700 NA
14483 13000 NA
14484 13000 NA
14485 12900 NA
14486 12700 NA
14487 12600 NA
14488 12700 NA
14489 12600 NA
14490 12400 NA
14491 12400 NA
14492 12500 NA
14493 12700 NA
14494 12800 NA
14495 12800 NA
14496 12800 NA
14497 12800 NA
14498 12600 NA
14499 12700 NA
14500 12900 NA
14501 12900 NA
14502 12900 NA
14503 12700 NA
14504 12800 NA
14505 12800 NA
14506 13000 NA
14507 12700 NA
14508 12800 NA
14509 12800 NA
14510 12700 NA
14511 12700 NA
14512 12700 NA
14513 12700 NA
14514 12600 NA
14515 12600 NA
14516 12600 NA
14517 12700 NA
14518 12700 NA
14519 12500 NA
14520 12500 NA
14521 12500 NA
14522 12700 NA
14523 12700 NA
14524 12500 NA
14525 12700 NA
14526 12800 NA
14527 12800 NA
14528 12700 NA
14529 12700 NA
14530 12800 NA
14531 12800 NA
14532 12800 NA
14533 12600 NA
14534 12600 NA
14535 12700 NA
14536 12600 NA
14537 12500 NA
14538 12600 NA
14539 12600 NA
14540 12200 NA
14541 12500 NA
14542 12600 NA
14543 12500 NA
14544 12500 NA
14545 12900 NA
14546 12900 NA
14547 12800 NA
14548 12800 NA
14549 13300 NA
14550 13000 NA
14551 12900 NA
14552 13300 NA
14553 13500 NA
14554 13500 NA
14555 12900 NA
14556 12900 NA
14557 13200 NA
14558 12900 NA
14559 13000 NA
14560 13000 NA
14561 13400 NA
14562 14100 NA
14563 14700 NA
14564 15500 NA
14565 17000 NA
14566 17600 NA
14567 17600 NA
14568 18500 NA
14569 17100 NA
14570 16600 NA
14571 16600 NA
14572 15900 NA
14573 15400 NA
14574 15100 NA
14575 15200 NA
14576 15600 NA
14577 16100 NA
14578 17600 NA
14579 17600 NA
14580 18400 NA
14581 19000 NA
14582 20700 NA
14583 20700 NA
14584 19500 NA
14585 18600 NA
14586 18600 NA
14587 18400 NA
14588 17700 NA
14589 17700 NA
14590 17700 NA
14591 18500 NA
14592 19400 NA
14593 20900 NA
14594 20900 NA
14595 21700 NA
14596 21700 NA
14597 21600 NA
14598 21700 NA
14599 21500 NA
14600 21500 NA
14601 21800 NA
14602 22400 NA
14603 23200 NA
14604 23000 NA
14605 22400 NA
14606 22400 NA
14607 22800 NA
14608 22800 NA
14609 22200 NA
14610 21900 NA
14611 21400 NA
14612 20800 NA
14613 20500 NA
14614 20700 NA
14615 20700 NA
14616 21600 NA
14617 22600 NA
14618 23700 NA
14619 24900 NA
14620 24900 NA
14621 26300 NA
14622 26300 NA
14623 26900 NA
14624 26900 NA
14625 25100 NA
14626 24800 NA
14627 24800 NA
14628 23900 NA
14629 23200 NA
14630 23200 NA
14631 22900 NA
14632 22900 NA
14633 22000 NA
14634 22000 NA
14635 22200 NA
14636 21900 NA
14637 22200 NA
14638 22100 NA
14639 22100 NA
14640 22100 NA
14641 22500 NA
14642 22500 NA
14643 22700 NA
14644 22700 NA
14645 22600 NA
14646 22500 NA
14647 22100 NA
14648 21400 NA
14649 21400 NA
14650 21900 NA
14651 23000 NA
14653 24000 NA
14654 22400 NA
14655 21800 NA
14656 21800 NA
14657 22600 NA
14658 22600 NA
14659 21700 NA
14660 21700 NA
14661 21800 NA
14662 21900 NA
14663 21900 NA
14664 20600 NA
14665 19600 NA
14666 18800 NA
14667 18400 NA
14668 18400 NA
14669 19500 NA
14670 19500 NA
14671 19900 NA
14672 20600 NA
14673 20600 NA
14674 21000 NA
14675 21800 NA
14676 22400 NA
14677 22900 NA
14678 23600 NA
14679 23200 NA
14680 23200 NA
14681 24100 NA
14682 24900 NA
14683 24600 NA
14684 24600 NA
14685 24000 NA
14686 23300 NA
14687 22800 NA
14688 22500 NA
14689 22800 NA
14690 23400 NA
14691 22600 NA
14692 22600 NA
14693 21900 NA
14694 22100 NA
14695 22100 NA
14696 21500 NA
14697 21700 NA
14698 21300 NA
14699 21000 NA
14700 20500 NA
14701 19800 NA
14702 19400 NA
14703 19200 NA
14704 19200 NA
14705 18700 NA
14706 18700 NA
14707 18300 NA
14708 18400 NA
14709 18400 NA
14710 18300 NA
14711 18300 NA
14712 19400 NA
14713 19400 NA
14714 19600 NA
14715 18500 NA
14716 18500 NA
14717 18600 NA
14718 19100 NA
14719 19100 NA
14720 19000 NA
14721 19000 NA
14722 19400 NA
14723 19400 NA
14724 19100 NA
14725 19100 NA
14726 19200 NA
14727 18700 NA
14728 18700 NA
14729 18300 NA
14730 17800 NA
14731 17000 NA
14732 16600 NA
14733 16600 NA
14734 16300 NA
14735 16300 NA
14736 17500 NA
14737 17500 NA
14738 18000 NA
14739 18000 NA
14740 18600 NA
14741 18900 NA
14742 19600 NA
14743 19900 NA
14744 19600 NA
14745 19600 NA
14746 19200 NA
14747 18300 NA
14748 16700 NA
14749 16700 NA
14750 16500 NA
14751 17200 NA
14752 16900 NA
14753 16900 NA
14754 17300 NA
14755 17200 NA
14756 17200 NA
14757 17300 NA
14758 17200 NA
14759 17700 NA
14760 17400 NA
14761 17500 NA
14762 17400 NA
14763 17400 NA
14764 17700 NA
14765 18400 NA
14766 18600 NA
14767 18400 NA
14768 18600 NA
14769 18600 NA
14770 18300 NA
14771 17800 NA
14772 17800 NA
14773 17600 NA
14774 17600 NA
14775 18300 NA
14776 18400 NA
14777 18400 NA
14778 19300 NA
14779 19300 NA
14780 20800 NA
14781 21400 NA
14782 22100 NA
14783 22100 NA
14784 21300 NA
14785 21300 NA
14786 21000 NA
14787 21300 NA
14788 20800 NA
14789 20100 NA
14790 20100 NA
14791 20100 NA
14792 20300 NA
14793 20700 NA
14794 20800 NA
14795 20900 NA
14796 20900 NA
14797 21500 NA
14798 20900 NA
14799 20700 NA
14800 20700 NA
14801 21000 NA
14802 21000 NA
14803 21500 NA
14804 21500 NA
14805 21400 NA
14806 21400 NA
14807 21800 NA
14808 21700 NA
14809 22200 NA
14810 21000 NA
14811 21000 NA
14812 19700 NA
14813 19900 NA
14814 19900 NA
14815 19500 NA
14816 19900 NA
14817 19900 NA
14818 20600 NA
14819 21400 NA
14820 21400 NA
14821 20900 NA
14822 21000 NA
14823 20200 NA
14824 20200 NA
14825 20000 NA
14826 19800 NA
14827 19800 NA
14828 21000 NA
14829 21000 NA
14830 21200 NA
14831 21900 NA
14832 22900 NA
14833 22900 NA
14834 23600 NA
14835 24200 NA
14836 24400 NA
14837 24700 NA
14838 24700 NA
14839 24700 NA
14840 24800 NA
14841 24800 NA
14842 24800 NA
14843 24300 NA
14844 23700 NA
14845 23100 NA
14846 23500 NA
14847 22900 NA
14848 22900 NA
14849 22900 NA
14850 22900 NA
14851 23100 NA
14852 22500 NA
14853 22300 NA
14854 22300 NA
14855 21400 NA
14856 22200 NA
14857 24400 NA
14858 24400 NA
14859 26800 NA
14860 26800 NA
14861 26200 NA
14862 25700 NA
14863 25300 NA
14864 25500 NA
14865 24900 NA
14866 23200 NA
14867 23200 NA
14868 22600 NA
14869 22900 NA
14870 22600 NA
14871 22600 NA
14872 21900 NA
14873 21900 NA
14874 20700 NA
14875 20700 NA
14876 20700 NA
14877 20800 NA
14878 21300 NA
14879 19900 NA
14880 20000 NA
14881 20000 NA
14882 20400 NA
14883 20400 NA
14884 21100 NA
14885 21700 NA
14886 22200 NA
14887 21400 NA
14888 20900 NA
14889 20600 NA
14890 20200 NA
14891 20200 NA
14892 20300 NA
14893 20300 NA
14894 20300 NA
14895 20000 NA
14896 19300 NA
14897 19100 NA
14898 19100 NA
14899 19400 NA
14900 19000 NA
14901 18700 NA
14902 18700 NA
14903 18600 NA
14904 18600 NA
14905 18600 NA
14906 19500 NA
14907 19500 NA
14908 19500 NA
14909 19800 NA
14910 20500 NA
14911 21300 NA
14912 21700 NA
14913 21000 NA
14914 20200 NA
14915 20200 NA
14916 19600 NA
14917 19200 NA
14918 19400 NA
14920 19200 NA
14921 19000 NA
14922 19300 NA
14923 19300 NA
14924 19100 NA
14925 18900 NA
14926 19000 NA
14927 19300 NA
14928 19100 NA
14929 19100 NA
14930 19300 NA
14931 19600 NA
14932 19600 NA
14933 19800 NA
14934 19500 NA
14935 19500 NA
14936 19600 NA
14937 19700 NA
14938 19800 NA
14939 19800 NA
14940 20100 NA
14941 19900 NA
14942 19900 NA
14943 19700 NA
14944 20100 NA
14945 20500 NA
14946 20500 NA
14947 20400 NA
14948 20400 NA
14949 20400 NA
14950 20400 NA
14951 22000 NA
14952 23000 NA
14953 23000 NA
14954 23500 NA
14955 24100 NA
14956 24300 NA
14957 24700 NA
14958 24700 NA
14959 24700 NA
14960 23900 NA
14961 23900 NA
14962 22700 NA
14963 22700 NA
14964 22300 NA
14965 22500 NA
14966 23100 NA
14967 24100 NA
14968 24100 NA
14969 26500 NA
14970 26500 NA
14971 29100 NA
14972 29100 NA
14973 30400 NA
14974 33500 NA
14975 31900 NA
14976 33500 NA
14977 34700 NA
14979 31700 NA
14981 28600 NA
14983 25900 NA
14984 24600 NA
14985 23400 NA
14986 21600 NA
14987 22500 NA
14988 22800 NA
14990 22400 NA
14991 22900 NA
14992 22800 NA
14993 23000 NA
14995 23200 NA
14996 22800 NA
14998 23400 NA
15000 23600 NA
15001 23400 NA
15003 24300 NA
15005 24600 NA
15007 25000 NA
15008 26900 NA
15011 28600 NA
15012 29600 NA
15013 30200 NA
15014 30200 NA
15016 32600 NA
15018 37389 NA
15020 41100 NA
15021 41100 NA
15023 45100 NA
15025 48500 NA
15026 49700 NA
15028 47300 NA
15029 44700 NA
15031 42800 NA
15032 41000 NA
15033 38700 NA
15035 38100 NA
15036 41500 NA
15037 41500 NA
15038 43100 NA
15039 45300 NA
15040 47500 NA
15042 52000 NA
15044 54300 NA
15046 57000 NA
15047 59400 NA
15048 61300 NA
15049 61300 NA
15050 62400 NA
15052 63000 NA
15054 60100 NA
15055 55800 NA
15058 51300 NA
15060 51500 NA
15061 53500 NA
15063 56700 NA
15064 60900 NA
15066 62400 NA
15067 60000 NA
15068 57400 NA
15070 55000 NA
15072 56600 NA
15073 57100 NA
15076 52300 NA
15078 48100 NA
15080 47400 NA
15081 47000 NA
15082 47200 NA
15084 50600 NA
15085 52200 NA
15086 51800 NA
15087 49600 NA
15088 47700 NA
15089 46200 NA
15090 44900 NA
15091 44200 NA
15093 44900 NA
15094 44500 NA
15095 43900 NA
15096 43600 NA
15097 42200 NA
15098 41500 NA
15100 41700 NA
15101 42800 NA
15102 44400 NA
15103 46300 NA
15104 46800 NA
15106 44500 NA
15107 43200 NA
15109 40400 NA
15110 39600 NA
15112 38000 NA
15114 37400 NA
15115 38700 NA
15116 40600 NA
15119 44300 NA
15120 43500 NA
15121 41900 NA
15122 40200 NA
15123 40400 NA
15124 41000 NA
15125 39800 NA
15126 39600 NA
15128 42500 NA
15130 43700 NA
15131 44600 NA
15132 43500 NA
15133 44000 NA
15135 45100 NA
15136 45400 NA
15138 45700 NA
15140 45100 NA
15142 44700 NA
15143 43800 NA
15144 42600 NA
15145 41700 NA
15147 42100 NA
15149 41500 NA
15150 41700 NA
15151 41500 NA
15152 42000 NA
15154 42900 NA
15156 41300 NA
15157 40200 NA
15158 39300 NA
15159 38800 NA
15161 38900 NA
15163 40600 NA
15164 40300 NA
15165 39600 NA
15166 39200 NA
15168 38900 NA
15170 36800 NA
15172 35200 NA
15173 34700 NA
15175 36200 NA
15177 38000 NA
15178 37500 NA
15179 35900 NA
15180 34600 NA
15182 33900 NA
15184 34300 NA
15185 34400 NA
15186 34100 NA
15187 33200 NA
15189 33000 NA
15191 32900 NA
15193 34000 NA
15194 34900 NA
15196 34600 NA
15197 34200 NA
15199 32400 NA
15204 33700 NA
15207 32600 NA
15208 31900 NA
15210 29500 NA
15212 28100 NA
15214 26600 NA
15215 26300 NA
15217 25400 NA
15219 25500 NA
15220 26000 NA
15221 27000 NA
15222 28000 NA
15224 28500 NA
15226 29400 NA
15227 29800 NA
15228 30500 NA
15229 31000 NA
15231 29800 NA
15232 28500 NA
15233 27100 NA
15235 24700 NA
15238 23700 NA
15240 24500 NA
15242 26500 NA
15243 27000 NA
15244 26400 NA
15247 25100 NA
15248 25000 NA
15249 25000 NA
15250 24500 NA
15252 24900 NA
15254 26000 NA
15256 27700 NA
15257 27900 NA
15258 28700 NA
15259 29908 NA
15263 29200 NA
15264 29300 NA
15266 29900 NA
15267 29144 NA
15270 27700 NA
15271 27100 NA
15273 25400 NA
15275 25300 NA
15277 24900 NA
15278 24600 NA
15280 25100 NA
15281 25700 NA
15283 25439 NA
15284 25200 NA
15285 24800 NA
15287 24300 NA
15289 24200 NA
15291 26300 NA
15294 26500 NA
15295 26400 NA
15297 26800 NA
15299 26400 NA
15302 25800 NA
15303 25800 NA
15304 26891 NA
15306 26700 NA
15307 26200 NA
15308 25500 NA
15310 25100 NA
15312 25800 NA
15313 25581 NA
15314 25102 NA
15315 24833 NA
15316 24314 NA
15317 23930 NA
15318 24224 NA
15319 24891 NA
15320 25615 NA
15321 25670 NA
15322 25583 NA
15323 24949 NA
15324 24596 NA
15325 24532 NA
15326 25161 NA
15327 25382 NA
15328 25514 NA
15329 25377 NA
15330 26063 NA
15331 26083 NA
15332 26432 NA
15333 26935 NA
15334 27246 NA
15335 27829 NA
15336 27716 NA
15337 28256 NA
15338 29336 NA
15339 29494 NA
15340 29140 NA
15341 28813 NA
15342 28308 NA
15343 27717 NA
15344 27277 NA
15345 26901 NA
15346 26479 NA
15347 25587 NA
15348 25177 NA
15349 24721 NA
15350 24384 NA
15351 24926 NA
15352 25555 NA
15353 25746 NA
15354 25788 NA
15355 25940 NA
15356 25946 NA
15357 25955 NA
15358 25919 NA
15359 26613 NA
15360 27443 NA
15361 28138 NA
15362 28644 NA
15363 28982 NA
15364 28901 NA
15365 28796 NA
15366 29551 NA
15367 30354 NA
15368 31140 NA
15369 31085 NA
15370 30546 NA
15371 29793 NA
15372 29492 NA
15373 29236 NA
15374 29159 NA
15375 29247 NA
15376 28981 NA
15377 29041 NA
15378 29440 NA
15379 29699 NA
15380 30304 NA
15381 30182 NA
15382 30767 NA
15383 30314 NA
15384 30547 NA
15385 29732 NA
15386 29808 NA
15387 29392 NA
15388 29124 NA
15389 30669 NA
15390 30175 NA
15391 29321 NA
15392 28103 NA
15393 27226 NA
15394 26619 NA
15395 26422 NA
15396 26287 NA
15397 27163 NA
15398 27043 NA
15399 27545 NA
15400 28405 NA
15401 28193 NA
15402 27732 NA
15403 27534 NA
15404 26882 NA
15405 27079 NA
15406 27109 NA
15407 27066 NA
15408 27154 NA
15409 27318 NA
15410 27014 NA
15411 27008 NA
15412 27689 NA
15413 27691 NA
15414 27603 NA
15415 26924 NA
15416 27670 NA
15417 28063 NA
15418 27899 NA
15419 27069 NA
15420 26214 NA
15421 26075 NA
15422 25974 NA
15423 25872 NA
15424 25771 NA
15425 25669 NA
15426 25568 NA
15427 26041 NA
15428 25648 NA
15429 25049 NA
15430 24168 NA
15431 23812 NA
15432 23399 NA
15433 22995 NA
15434 23761 NA
15435 23449 NA
15436 22429 NA
15437 21882 NA
15438 21973 NA
15439 21238 NA
15440 20931 NA
15441 20327 NA
15442 20318 NA
15443 20492 NA
15444 20249 NA
15445 19876 NA
15446 19568 NA
15447 19212 NA
15448 19442 NA
15449 19814 NA
15450 19855 NA
15451 19518 NA
15452 19586 NA
15453 19664 NA
15454 19353 NA
15455 19663 NA
15456 19471 NA
15457 19701 NA
15458 19832 NA
15459 20177 NA
15460 20058 NA
15461 19994 NA
15462 20257 NA
15463 20245 NA
15464 20061 NA
15465 19716 NA
15466 19658 NA
15467 19691 NA
15468 19513 NA
15469 19934 NA
15470 19922 NA
15471 19564 NA
15472 19466 NA
15473 19740 NA
15474 19672 NA
15475 19552 NA
15476 19936 NA
15477 19921 NA
15478 20357 NA
15479 20733 NA
15480 20833 NA
15481 20433 NA
15482 19797 NA
15483 19643 NA
15484 19591 NA
15485 19736 NA
15486 20234 NA
15487 19873 NA
15488 20189 NA
15489 20505 NA
15490 20651 NA
15491 20636 NA
15492 20606 NA
15493 20691 NA
15494 20498 NA
15495 20192 NA
15496 20205 NA
15497 20433 NA
15498 20433 NA
15499 20420 NA
15500 20450 NA
15501 20042 NA
15502 20122 NA
15503 19930 NA
15504 19176 NA
15505 18841 NA
15506 18948 NA
15507 19424 NA
15508 19677 NA
15509 19748 NA
15510 19830 NA
15511 20324 NA
15512 20932 NA
15513 21298 NA
15514 21060 NA
15515 21022 NA
15516 21125 NA
15517 20898 NA
15518 21194 NA
15519 21105 NA
15520 21112 NA
15521 21430 NA
15522 21819 NA
15523 21818 NA
15524 21374 NA
15525 21001 NA
15526 20838 NA
15527 20415 NA
15528 20484 NA
15529 20476 NA
15530 20592 NA
15531 20716 NA
15532 20557 NA
15533 20039 NA
15534 19550 NA
15535 19271 NA
15536 18962 NA
15537 18566 NA
15538 18363 NA
15539 18433 NA
15540 18486 NA
15541 18419 NA
15542 18600 NA
15543 18451 NA
15544 19035 NA
15545 19688 NA
15546 19465 NA
15547 19341 NA
15548 19307 NA
15549 19218 NA
15550 19201 NA
15551 19130 NA
15552 19304 NA
15553 18999 NA
15554 18807 NA
15555 18660 NA
15556 18272 NA
15557 18056 NA
15558 18688 NA
15559 18472 NA
15560 18676 NA
15561 19392 NA
15562 19906 NA
15563 19814 NA
15564 20039 NA
15565 19358 NA
15566 18991 NA
15567 19034 NA
15568 18909 NA
15569 19522 NA
15570 19152 NA
15571 18715 NA
15572 18395 NA
15573 18054 NA
15574 17661 NA
15575 17249 NA
15576 17160 NA
15577 17086 NA
15578 16933 NA
15579 16781 NA
15580 16925 NA
15581 16441 NA
15582 16460 NA
15583 16335 NA
15584 16727 NA
15585 16817 NA
15586 17113 NA
15587 17129 NA
15588 17424 NA
15589 17207 NA
15590 17162 NA
15591 16974 NA
15592 16551 NA
15593 16310 NA
15594 16009 NA
15595 16095 NA
15596 16433 NA
15597 16490 NA
15598 16323 NA
15599 16208 NA
15600 16005 NA
15601 15961 NA
15602 16018 NA
15603 15889 NA
15604 15799 NA
15605 16025 NA
15606 15996 NA
15607 15747 NA
15608 15392 NA
15609 15335 NA
15610 15480 NA
15611 15789 NA
15612 15734 NA
15613 15880 NA
15614 15915 NA
15615 15520 NA
15616 15439 NA
15617 15256 NA
15618 15149 NA
15619 15158 NA
15620 14663 NA
15621 14554 NA
15622 14525 NA
15623 14431 NA
15624 14346 NA
15625 14469 NA
15626 14454 NA
15627 14371 NA
15628 14259 NA
15629 14096 NA
15630 14377 NA
15631 14552 NA
15632 14924 NA
15633 14835 NA
15634 14843 NA
15635 14834 NA
15636 14942 NA
15637 15025 NA
15638 15533 NA
15639 15772 NA
15640 15902 NA
15641 15975 NA
15642 15611 NA
15643 15402 NA
15644 14927 NA
15645 14630 NA
15646 14138 NA
15647 13760 NA
15648 13460 NA
15649 13038 NA
15650 13068 NA
15651 13099 NA
15652 13129 NA
15653 13159 NA
15654 13189 NA
15655 13220 NA
15656 13250 NA
15657 13280 NA
15658 13279 NA
15659 13247 NA
15660 13092 NA
15661 12752 NA
15662 12492 NA
15663 12324 NA
15664 12482 NA
15665 12393 NA
15666 12409 NA
15667 12652 NA
15668 12642 NA
15669 12596 NA
15670 12557 NA
15671 12580 NA
15672 12580 NA
15673 12674 NA
15674 12671 NA
15675 12640 NA
15676 12350 NA
15677 12514 NA
15678 12456 NA
15679 12292 NA
15680 12607 NA
15681 12385 NA
15682 12385 NA
15683 12499 NA
15684 12545 NA
15685 12497 NA
15686 12497 NA
15687 12466 NA
15688 12466 NA
15689 12231 NA
15690 12231 NA
15691 12098 NA
15692 12098 NA
15693 12340 NA
15694 12340 NA
15695 12341 NA
15696 12341 NA
15697 12141 NA
15698 12024 NA
15699 12188 NA
15700 12188 NA
15701 12351 NA
15702 12351 NA
15703 12307 NA
15704 12186 NA
15705 12238 NA
15706 12445 NA
15707 12510 NA
15708 12752 NA
15709 12752 NA
15710 12558 NA
15711 12558 NA
15712 12479 NA
15713 12479 NA
15714 12295 NA
15715 12295 NA
15716 12437 NA
15717 12578 NA
15718 12777 NA
15719 12777 NA
15720 12711 NA
15721 12711 NA
15722 12489 NA
15723 12563 NA
15724 12563 NA
15725 12309 NA
15726 12206 NA
15727 12199 NA
15728 12199 NA
15729 12384 NA
15730 12384 NA
15731 12428 NA
15732 12499 NA
15733 12499 NA
15734 12161 NA
15735 12116 NA
15736 12170 NA
15737 12340 NA
15738 12533 NA
15739 12533 NA
15740 12410 NA
15741 12410 NA
15742 12225 NA
15743 12267 NA
15744 12267 NA
15745 12436 NA
15746 12436 NA
15747 12632 NA
15748 12632 NA
15749 12605 NA
15750 12460 NA
15751 12460 NA
15752 12552 NA
15753 12552 NA
15754 12455 NA
15755 12455 NA
15756 12519 NA
15757 12519 NA
15758 12609 NA
15759 12873 NA
15760 12873 NA
15761 12859 NA
15762 12859 NA
15763 12614 NA
15764 12614 NA
15765 12606 NA
15766 12592 NA
15767 12592 NA
15768 12776 NA
15769 12801 NA
15770 12537 NA
15771 12537 NA
15772 12554 NA
15773 12554 NA
15774 12709 NA
15775 12709 NA
15776 13062 NA
15777 13062 NA
15778 12912 NA
15779 12912 NA
15780 12578 NA
15781 12537 NA
15782 12537 NA
15783 12373 NA
15784 12373 NA
15785 12469 NA
15786 12469 NA
15787 12709 NA
15788 12709 NA
15789 12658 NA
15790 12658 NA
15791 12796 NA
15792 12796 NA
15793 12722 NA
15794 12698 NA
15795 12836 NA
15796 12836 NA
15797 12861 NA
15798 12823 NA
15799 12785 NA
15800 12747 NA
15801 12710 NA
15802 12672 NA
15803 12634 NA
15804 12596 NA
15805 12596 NA
15806 12571 NA
15807 12571 NA
15808 12636 NA
15809 12636 NA
15810 12662 NA
15811 12662 NA
15812 12710 NA
15813 12710 NA
15814 12546 NA
15815 12546 NA
15816 12668 NA
15817 12668 NA
15818 12535 NA
15819 12535 NA
15820 12514 NA
15821 12514 NA
15822 12671 NA
15823 12671 NA
15824 12712 NA
15825 12712 NA
15826 12272 NA
15827 12272 NA
15828 12356 NA
15829 12356 NA
15830 12548 NA
15831 12548 NA
15832 12462 NA
15833 12462 NA
15834 12458 NA
15835 12458 NA
15836 12534 NA
15837 12655 NA
15838 12655 NA
15839 12832 NA
15840 12832 NA
15841 12945 NA
15842 12945 NA
15843 12945 NA
15844 13042 NA
15845 13042 NA
15846 12626 NA
15847 12626 NA
15848 12475 NA
15849 12475 NA
15850 12598 NA
15851 12598 NA
15852 12365 NA
15853 12365 NA
15854 12660 NA
15855 12864 NA
15856 12864 NA
15857 12695 NA
15858 12695 NA
15859 12562 NA
15860 12562 NA
15861 12727 NA
15862 12727 NA
15863 12540 NA
15864 12522 NA
15865 12522 NA
15866 12638 NA
15867 12834 NA
15868 12497 NA
15869 12497 NA
15870 12597 NA
15871 12597 NA
15872 12494 NA
15873 12327 NA
15874 12327 NA
15875 12365 NA
15876 12365 NA
15877 12585 NA
15878 12585 NA
15879 12763 NA
15880 12763 NA
15881 12732 NA
15882 12732 NA
15883 12866 NA
15884 12866 NA
15885 12989 NA
15886 12989 NA
15887 12776 NA
15888 12776 NA
15889 12403 NA
15890 12403 NA
15891 12121 NA
15892 12121 NA
15893 12487 NA
15894 12487 NA
15895 12621 NA
15896 12621 NA
15897 12579 NA
15898 12579 NA
15899 12807 NA
15900 12807 NA
15901 12449 NA
15902 12449 NA
15903 12448 NA
15904 12446 NA
15905 12445 NA
15906 12444 NA
15907 12442 NA
15908 12441 NA
15909 12624 NA
15910 12624 NA
15911 12481 NA
15912 12481 NA
15913 12481 NA
15914 12635 NA
15915 12635 NA
15916 12555 NA
15917 12555 NA
15918 12555 NA
15919 12579 NA
15920 12579 NA
15921 12579 NA
15922 12461 NA
15923 12461 NA
15924 12461 NA
15925 12414 NA
15926 12414 NA
15927 12414 NA
15928 12415 NA
15929 12415 NA
15930 12415 NA
15931 12394 NA
15932 12394 NA
15933 12394 NA
15934 12392 NA
15935 12392 NA
15936 12392 NA
15937 12405 NA
15938 12405 NA
15939 12405 NA
15940 12405 NA
15941 12426 NA
15942 12426 NA
15943 12426 NA
15944 12426 NA
15945 12390 NA
15946 12390 NA
15947 12390 NA
15948 12390 NA
15949 12575 NA
15950 12575 NA
15951 12575 NA
15952 12575 NA
15953 12624 NA
15954 12624 NA
15955 12624 NA
15956 12730 NA
15957 12730 NA
15958 12730 NA
15959 12730 NA
15960 12374 NA
15961 12374 NA
15962 12374 NA
15963 12374 NA
15964 12110 NA
15965 12110 NA
15966 12110 NA
15967 12110 NA
15968 12110 NA
15969 11970 NA
15970 11970 NA
15971 11970 NA
15972 12265 NA
15973 12265 NA
15974 12265 NA
15975 12265 NA
15976 12197 NA
15977 12197 NA
15978 12197 NA
15979 12320 NA
15980 12320 NA
15981 12320 NA
15982 12320 NA
15983 12333 NA
15984 12333 NA
15985 12333 NA
15986 12325 NA
15987 12317 NA
15988 12309 NA
15989 12301 NA
15990 12293 NA
15991 12285 NA
15992 12277 NA
15993 12269 NA
15994 12269 NA
15995 12269 NA
15996 12269 NA
15997 12048 NA
15998 12048 NA
15999 12048 NA
16000 11977 NA
16001 11977 NA
16002 11977 NA
16003 12085 NA
16004 12085 NA
16005 12085 NA
16006 12105 NA
16007 12105 NA
16008 12105 NA
16009 12105 NA
16010 12122 NA
16011 12122 NA
16012 12122 NA
16013 12045 NA
16014 12045 NA
16015 12045 NA
16016 12045 NA
16017 12075 NA
16018 12075 NA
16019 12075 NA
16020 12075 NA
16021 12271 NA
16022 12271 NA
16023 12271 NA
16024 12271 NA
16025 12463 NA
16026 12463 NA
16027 12463 NA
16028 12469 NA
16029 12469 NA
16030 12469 NA
16031 12469 NA
16032 12333 NA
16033 12333 NA
16034 12333 NA
16035 12301 NA
16036 12269 NA
16037 12237 NA
16038 12204 NA
16039 12172 NA
16040 12140 NA
16041 12108 NA
16042 12126 NA
16043 12126 NA
16044 12126 NA
16045 12064 NA
16046 12064 NA
16047 12064 NA
16048 12233 NA
16049 12233 NA
16050 12233 NA
16051 12190 NA
16052 12190 NA
16053 12190 NA
16054 11905 NA
16055 11905 NA
16056 11905 NA
16057 11862 NA
16058 11862 NA
16059 11862 NA
16060 12004 NA
16061 12004 NA
16062 12004 NA
16063 12212 NA
16064 12212 NA
16065 12212 NA
16066 12212 NA
16067 12264 NA
16068 12264 NA
16069 12264 NA
16070 12399 NA
16071 12399 NA
16072 12490 NA
16073 12490 NA
16074 12490 NA
16075 12313 NA
16076 12313 NA
16077 12380 NA
16078 12380 NA
16079 12380 NA
16080 12627 NA
16081 12627 NA
16082 13023 NA
16083 13023 NA
16084 13023 NA
16085 12438 NA
16086 12438 NA
16087 12438 NA
16088 12549 NA
16089 12549 NA
16090 12549 NA
16091 12774 NA
16092 12774 NA
16093 12774 NA
16094 12468 NA
16095 12468 NA
16096 12197 NA
16097 12197 NA
16098 12197 NA
16099 12282 NA
16100 12282 NA
16101 12282 NA
16102 12351 NA
16103 12351 NA
16104 12439 NA
16105 12439 NA
16106 12439 NA
16107 12652 NA
16108 12652 NA
16109 12465 NA
16110 12465 NA
16111 12465 NA
16112 11935 NA
16113 11935 NA
16114 12250 NA
16115 12250 NA
16116 12471 NA
16117 12471 NA
16118 12742 NA
16119 12742 NA
16120 12742 NA
16121 12641 NA
16122 12641 NA
16123 12538 NA
16124 12538 NA
16125 12594 NA
16126 12594 NA
16127 12606 NA
16128 12606 NA
16129 12606 NA
16130 12890 NA
16131 12890 NA
16132 12643 NA
16133 12643 NA
16134 12643 NA
16135 12433 NA
16136 12433 NA
16137 12485 NA
16138 12485 NA
16139 12107 NA
16140 12107 NA
16141 12107 NA
16142 12299 NA
16143 12299 NA
16144 12327 NA
16145 12327 NA
16146 12327 NA
16147 12291 NA
16148 12291 NA
16149 12286 NA
16150 12286 NA
16151 12286 NA
16152 12328 NA
16153 12328 NA
16154 12328 NA
16155 12245 NA
16156 12245 NA
16157 12245 NA
16158 12386 NA
16159 12386 NA
16160 12298 NA
16161 12298 NA
16162 12298 NA
16163 12298 NA
16164 12325 NA
16165 12325 NA
16166 12325 NA
16167 12199 NA
16168 12199 NA
16169 12199 NA
16170 12235 NA
16171 12235 NA
16172 12235 NA
16173 12124 NA
16174 12124 NA
16175 12124 NA
16176 12089 NA
16177 12089 NA
16178 12089 NA
16179 12077 NA
16180 12077 NA
16181 12077 NA
16182 12235 NA
16183 12235 NA
16184 12235 NA
16185 12210 NA
16186 12210 NA
16187 12210 NA
16188 12345 NA
16189 12345 NA
16190 12345 NA
16191 12423 NA
16192 12423 NA
16193 12423 NA
16194 12232 NA
16195 12232 NA
16196 12232 NA
16197 12024 NA
16198 12024 NA
16199 12024 NA
16200 11703 NA
16201 11703 NA
16202 11775 NA
16203 11846 NA
16204 11846 NA
16205 11846 NA
16206 12059 NA
16207 12059 NA
16208 12059 NA
16209 12105 NA
16210 12105 NA
16211 12105 NA
16212 11977 NA
16213 11977 NA
16214 11977 NA
16215 12018 NA
16216 12018 NA
16217 12018 NA
16218 12018 NA
16219 12191 NA
16220 12191 NA
16221 12191 NA
16222 12221 NA
16223 12221 NA
16224 12077 NA
16225 12077 NA
16226 12077 NA
16227 12092 NA
16228 12092 NA
16229 12092 NA
16230 11602 NA
16231 11602 NA
16232 11602 NA
16233 11774 NA
16234 11774 NA
16235 11774 NA
16236 12059 NA
16237 12059 NA
16238 12059 NA
16239 12242 NA
16240 12242 NA
16241 12242 NA
16242 12369 NA
16243 12369 NA
16244 12491 NA
16245 12491 NA
16246 12491 NA
16247 12608 NA
16248 12608 NA
16249 12608 NA
16250 11981 NA
16251 11981 NA
16252 11447 NA
16253 11447 NA
16254 11447 NA
16255 11538 NA
16256 11538 NA
16257 11538 NA
16258 11709 NA
16259 11709 NA
16260 11874 NA
16261 11874 NA
16262 12098 NA
16263 12098 NA
16264 12215 NA
16265 12217 NA
16266 12217 NA
16267 12077 NA
16268 12077 NA
16269 12109 NA
16270 12101 NA
16271 12101 NA
16272 12381 NA
16273 12381 NA
16274 12510 NA
16275 12506 NA
16276 12506 NA
16277 12497 NA
16278 12391 NA
16279 12302 NA
16280 12302 NA
16281 12467 NA
16282 12467 NA
16283 12256 NA
16284 12382 NA
16285 12372 NA
16286 12177 NA
16287 12177 NA
16288 11768 NA
16289 11768 NA
16290 11757 NA
16291 11757 NA
16292 11939 NA
16293 11939 NA
16294 12245 NA
16295 12310 NA
16296 12310 NA
16297 12237 NA
16298 12237 NA
16299 12250 NA
16300 12250 NA
16301 12059 NA
16302 12059 NA
16303 11792 NA
16304 11792 NA
16305 11797 NA
16306 11797 NA
16307 11971 NA
16308 11971 NA
16309 12092 NA
16310 11964 NA
16311 11964 NA
16312 12051 NA
16313 12051 NA
16314 11995 NA
16315 11995 NA
16316 12349 NA
16317 12349 NA
16318 12321 NA
16319 12321 NA
16320 12042 NA
16321 12042 NA
16322 11893 NA
16323 11893 NA
16324 11893 NA
16325 12008 NA
16326 12008 NA
16327 12065 NA
16328 12065 NA
16329 11976 NA
16330 11976 NA
16331 11976 NA
16332 11980 NA
16333 11980 NA
16334 12144 NA
16335 12144 NA
16336 12076 NA
16337 12076 NA
16338 11887 NA
16339 11887 NA
16340 11887 NA
16341 11914 NA
16342 11914 NA
16343 11893 NA
16344 11893 NA
16345 12068 NA
16346 12068 NA
16347 12177 NA
16348 12177 NA
16349 12095 NA
16350 12095 NA
16351 11920 NA
16352 11920 NA
16353 11690 NA
16354 11690 NA
16355 11655 NA
16356 11655 NA
16357 11592 NA
16358 11592 NA
16359 11645 NA
16360 11645 NA
16361 11645 NA
16362 11667 NA
16363 11667 NA
16364 11829 NA
16365 11829 NA
16366 11829 NA
16367 11906 NA
16368 11906 NA
16369 12070 NA
16370 12070 NA
16371 11756 NA
16372 11756 NA
16373 11962 NA
16374 11962 NA
16375 11962 NA
16376 12002 NA
16377 12002 NA
16378 11977 NA
16379 11977 NA
16380 11977 NA
16381 12257 NA
16382 12257 NA
16383 12382 NA
16384 12382 NA
16385 12382 NA
16386 12207 NA
16387 12207 NA
16388 12256 NA
16389 12256 NA
16390 12450 NA
16391 12450 NA
16392 12378 NA
16393 12378 NA
16394 12219 NA
16395 12219 NA
16396 12098 NA
16397 12098 NA
16398 12098 NA
16399 12046 NA
16400 12046 NA
16401 12274 NA
16402 12274 NA
16403 12274 NA
16404 12260 NA
16405 12260 NA
16406 12260 NA
16407 12072 NA
16408 12072 NA
16409 12072 NA
16410 12135 NA
16411 12135 NA
16412 12292 NA
16413 12292 NA
16414 12292 NA
16415 12656 NA
16416 12656 NA
16417 12596 NA
16418 12596 NA
16419 12596 NA
16420 12646 NA
16421 12646 NA
16422 12496 NA
16423 12496 NA
16424 12496 NA
16425 12570 NA
16426 12570 NA
16427 12213 NA
16428 12213 NA
16429 12358 NA
16430 12358 NA
16431 12452 NA
16432 12452 NA
16433 12452 NA
16434 12209 NA
16435 12209 NA
16436 12155 NA
16437 12155 NA
16438 11968 NA
16439 11968 NA
16440 12047 NA
16441 12047 NA
16442 12047 NA
16443 12138 NA
16444 12138 NA
16445 12341 NA
16446 12341 NA
16447 12526 NA
16448 12526 NA
16449 12421 NA
16450 12421 NA
16451 12421 NA
16452 12393 NA
16453 12393 NA
16454 12392 NA
16455 12392 NA
16456 12448 NA
16457 12448 NA
16458 12578 NA
16459 12578 NA
16460 12793 NA
16461 12793 NA
16462 13015 NA
16463 13015 NA
16464 13015 NA
16465 13126 NA
16466 13126 NA
16467 13111 NA
16468 13111 NA
16469 13111 NA
16470 12558 NA
16471 12558 NA
16472 12516 NA
16473 12516 NA
16474 12516 NA
16475 12667 NA
16476 12667 NA
16477 12594 NA
16478 12594 NA
16479 12594 NA
16480 12397 NA
16481 12397 NA
16482 12457 NA
16483 12457 NA
16484 12576 NA
16485 12576 NA
16486 12191 NA
16487 12191 NA
16488 11884 NA
16489 11884 NA
16490 11993 NA
16491 11993 NA
16492 11852 NA
16493 11852 NA
16494 11929 NA
16495 11929 NA
16496 11944 NA
16497 11944 NA
16498 11867 NA
16499 11867 NA
16500 11867 NA
16501 11892 NA
16502 11892 NA
16503 12107 NA
16504 12107 NA
16505 11993 NA
16506 11993 NA
16507 11993 NA
16508 12139 NA
16509 12139 NA
16510 12110 NA
16511 12110 NA
16512 12044 NA
16513 12044 NA
16514 12044 NA
16515 11978 NA
16516 11978 NA
16517 11927 NA
16518 11927 NA
16519 11927 NA
16520 12040 NA
16521 12040 NA
16522 12040 NA
16523 12063 NA
16524 12063 NA
16525 12063 NA
16526 11897 NA
16527 11897 NA
16528 11897 NA
16529 12036 NA
16530 12036 NA
16531 12077 NA
16532 12077 NA
16533 12077 NA
16534 11952 NA
16535 11952 NA
16536 11863 NA
16537 11863 NA
16538 11863 NA
16539 11591 NA
16540 11591 NA
16541 11503 NA
16542 11503 NA
16543 11720 NA
16544 11720 NA
16545 11720 NA
16546 12029 NA
16547 12029 NA
16548 12029 NA
16549 12033 NA
16550 12033 NA
16551 12033 NA
16552 12200 NA
16553 12200 NA
16554 12200 NA
16555 12042 NA
16556 12042 NA
16557 12042 NA
16558 11742 NA
16559 11742 NA
16560 11742 NA
16561 11818 NA
16562 11818 NA
16563 11818 NA
16564 12208 NA
16565 12208 NA
16566 12208 NA
16567 12285 NA
16568 12285 NA
16569 12285 NA
16570 12285 NA
16571 12290 NA
16572 12290 NA
16573 12290 NA
16574 12445 NA
16575 12445 NA
16576 12445 NA
16577 12803 NA
16578 12803 NA
16579 12803 NA
16580 12808 NA
16581 12808 NA
16582 12808 NA
16583 12637 NA
16584 12637 NA
16585 12637 NA
16586 12436 NA
16587 12436 NA
16588 12436 NA
16589 11992 NA
16590 11992 NA
16591 11992 NA
16592 11907 NA
16593 11907 NA
16594 11907 NA
16595 11999 NA
16596 11999 NA
16597 11999 NA
16598 11983 NA
16599 11983 NA
16600 11983 NA
16601 11809 NA
16602 11809 NA
16603 11809 NA
16604 11757 NA
16605 11757 NA
16606 11757 NA
16607 11729 NA
16608 11729 NA
16609 11729 NA
16610 11953 NA
16611 11953 NA
16612 11953 NA
16613 11953 NA
16614 11814 NA
16615 11814 NA
16616 11814 NA
16617 12127 NA
16618 12127 NA
16619 12127 NA
16620 12480 NA
16621 12480 NA
16622 12480 NA
16623 12454 NA
16624 12454 NA
16625 12454 NA
16626 12157 NA
16627 12157 NA
16628 12157 NA
16629 12239 NA
16630 12239 NA
16631 12239 NA
16632 12136 NA
16633 12136 NA
16634 12136 NA
16635 12058 NA
16636 12058 NA
16637 12058 NA
16638 11952 NA
16639 11952 NA
16640 11952 NA
16641 12035 NA
16642 12035 NA
16643 12035 NA
16644 11975 NA
16645 11975 NA
16646 11975 NA
16647 11742 NA
16648 11742 NA
16649 11800 NA
16650 11800 NA
16651 11800 NA
16652 11800 NA
16653 11774 NA
16654 11774 NA
16655 11774 NA
16656 11992 NA
16657 11992 NA
16658 11992 NA
16659 12229 NA
16660 12229 NA
16661 12229 NA
16662 11907 NA
16663 11907 NA
16664 11907 NA
16665 11882 NA
16666 11882 NA
16668 12040 NA
16669 12040 NA
16670 12040 NA
16671 12040 NA
16672 12138 NA
16673 12138 NA
16674 11997 NA
16675 11997 NA
16676 11997 NA
16677 11997 NA
16678 11831 NA
16679 11831 NA
16680 11831 NA
16681 11831 NA
16682 11843 NA
16683 11843 NA
16684 11843 NA
16685 12140 NA
16686 12140 NA
16687 12140 NA
16688 12140 NA
16689 12275 NA
16690 12275 NA
16691 12275 NA
16692 11947 NA
16693 11947 NA
16694 11947 NA
16695 11852 NA
16696 11852 NA
16697 11852 NA
16698 11852 NA
16699 12135 NA
16700 12135 NA
16701 12135 NA
16702 12135 NA
16703 12268 NA
16704 12268 NA
16705 12268 NA
16706 12268 NA
16707 11923 NA
16708 11923 NA
16709 11923 NA
16710 12007 NA
16711 12007 NA
16712 12007 NA
16714 11940 NA
16717 11767 NA
16719 11767 NA
16720 11767 NA
16721 11862 NA
16722 11862 NA
16723 11984 NA
16724 11984 NA
16725 11984 NA
16726 12113 NA
16727 12113 NA
16728 12113 NA
16729 12036 NA
16730 12036 NA
16731 12036 NA
16732 11692 NA
16733 11692 NA
16734 11692 NA
16735 11732 NA
16736 11732 NA
16737 11732 NA
16738 11730 NA
16739 11730 NA
16740 11730 NA
16741 11730 NA
16742 11798 NA
16743 11798 NA
16744 11798 NA
16745 12277 NA
16746 12277 NA
16747 12277 NA
16748 12277 NA
16749 12412 NA
16750 12412 NA
16751 12290 NA
16752 12290 NA
16753 12290 NA
16754 12290 NA
16755 11791 NA
16756 11791 NA
16757 11791 NA
16759 11899 NA
16760 11899 NA
16761 11899 NA
16762 11899 NA
16763 11818 NA
16764 11818 NA
16765 11818 NA
16766 11614 NA
16767 11614 NA
16768 11614 NA
16769 11614 NA
16770 11623 NA
16771 11623 NA
16772 11623 NA
16773 11623 NA
16774 11710 NA
16775 11710 NA
16776 11710 NA
16777 11817 NA
16778 11817 NA
16779 11817 NA
16780 11817 NA
16781 11730 NA
16782 11730 NA
16783 11730 NA
16784 11730 NA
16785 11696 NA
16786 11696 NA
16787 11696 NA
16788 11775 NA
16789 11775 NA
16790 11775 NA
16791 11791 NA
16792 11791 NA
16793 11791 NA
16794 11678 NA
16795 11678 NA
16796 11678 NA
16797 11678 NA
16798 11921 NA
16799 11921 NA
16800 11921 NA
16801 12086 NA
16802 12086 NA
16803 12086 NA
16804 11927 NA
16805 11927 NA
16807 11927 NA
16808 11760 NA
16809 11760 NA
16810 11760 NA
16811 11762 NA
16812 11762 NA
16813 11762 NA
16814 11845 NA
16815 11845 NA
16816 11845 NA
16817 12123 NA
16818 12123 NA
16819 12123 NA
16820 12123 NA
16821 11900 NA
16822 11900 NA
16823 11900 NA
16824 11624 NA
16825 11624 NA
16826 12114 NA
16827 12114 NA
16828 12114 NA
16829 12534 NA
16830 12534 NA
16831 12534 NA
16832 12534 NA
16833 12627 NA
16834 12627 NA
16835 12627 NA
16836 12905 NA
16837 12905 NA
16838 12905 NA
16839 12905 NA
16840 13305 NA
16841 13305 NA
16842 13305 NA
16843 13305 NA
16844 13382 NA
16845 13382 NA
16847 13061 NA
16849 13061 NA
16850 13061 NA
16851 12813 NA
16852 12813 NA
16853 12813 NA
16854 12739 NA
16855 12739 NA
16856 12739 NA
16857 12977 NA
16858 12977 NA
16859 12977 NA
16860 12977 NA
16861 12800 NA
16862 12800 NA
16863 12800 NA
16864 12425 NA
16865 12425 NA
16866 12425 NA
16867 12281 NA
16869 12281 NA
16870 12058 NA
16871 12058 NA
16872 12058 NA
16873 11845 NA
16874 11845 NA
16875 11845 NA
16876 12220 NA
16878 12220 NA
16879 12220 NA
16880 11829 NA
16881 11829 NA
16882 11829 NA
16883 11774 NA
16884 11774 NA
16885 11774 NA
16886 11918 NA
16887 11918 NA
16888 11918 NA
16889 12051 NA
16890 12051 NA
16891 12051 NA
16892 12060 NA
16893 12060 NA
16894 12060 NA
16895 12060 NA
16896 11862 NA
16897 11862 NA
16898 11862 NA
16899 11862 NA
16900 11791 NA
16901 11791 NA
16902 11791 NA
16903 11943 NA
16904 11943 NA
16905 11943 NA
16906 11943 NA
16907 11892 NA
16908 11892 NA
16909 11892 NA
16910 11892 NA
16911 12103 NA
16912 12103 NA
16913 12103 NA
16914 12103 NA
16915 12152 NA
16916 12152 NA
16917 12152 NA
16918 12128 NA
16919 12128 NA
16920 12128 NA
16921 12128 NA
16922 12060 NA
16923 12060 NA
16924 12060 NA
16925 12060 NA
16926 12250 NA
16927 12250 NA
16928 12250 NA
16929 12250 NA
16930 12191 NA
16931 12191 NA
16932 12191 NA
16933 12191 NA
16934 11962 NA
16935 11962 NA
16936 11962 NA
16937 11962 NA
16938 12156 NA
16939 12156 NA
16940 12156 NA
16941 12189 NA
16942 12189 NA
16943 12189 NA
16944 12189 NA
16945 12076 NA
16946 12076 NA
16949 11976 NA
16950 11976 NA
16951 12167 NA
16952 12167 NA
16953 12167 NA
16954 12173 NA
16955 12173 NA
16956 12173 NA
16957 12173 NA
16958 11707 NA
16959 11707 NA
16960 11707 NA
16966 12279 NA
16968 12279 NA
16969 12264 NA
16970 12264 NA
16971 12264 NA
16972 12264 NA
16974 12064 NA
16975 12064 NA
16976 11803 NA
16977 11803 NA
16978 11803 NA
16979 11803 NA
16980 11566 NA
16981 11566 NA
16982 11566 NA
16984 11411 NA
16985 11411 NA
16986 11411 NA
16987 11304 NA
16988 11304 NA
16989 11304 NA
16990 11421 NA
16991 11421 NA
16992 11421 NA
16993 11421 NA
16994 11575 NA
16999 11883 NA
17000 11883 NA
17001 11883 NA
17006 12090 NA
17007 12090 NA
17014 11973 NA
17015 11973 NA
17016 11973 NA
17017 11973 NA
17018 12107 NA
17019 12107 NA
17020 12107 NA
17021 12107 NA
17022 12217 NA
17023 12217 NA
17024 12217 NA
17025 12217 NA
17026 12191 NA
17027 12191 NA
17028 12191 NA
17029 12191 NA
17031 11773 NA
17032 11773 NA
17033 11384 NA
17034 11384 NA
17035 11384 NA
17036 11384 NA
17037 11553 NA
17038 11553 NA
17039 11553 NA
17040 11553 NA
17042 11636 NA
17044 11636 NA
17045 11939 NA
17046 11939 NA
17047 11939 NA
17048 11939 NA
17049 11939 NA
17050 11656 NA
17051 11656 NA
17052 11656 NA
17053 11656 NA
17054 11693 NA
17055 11693 NA
17056 11693 NA
17057 11693 NA
17058 12054 NA
17059 12054 NA
17060 12054 NA
17061 12054 NA
17062 12054 NA
17063 12061 NA
17064 12061 NA
17069 12035 NA
17070 12035 NA
17071 12035 NA
17072 11694 NA
17073 11694 NA
17075 11694 NA
17076 11684 NA
17077 11684 NA
17078 11684 NA
17079 11684 NA
17080 11684 NA
17081 12063 NA
17083 12063 NA
17084 12063 NA
17085 11992 NA
17086 11992 NA
17087 11992 NA
17088 11992 NA
17089 11574 NA
17091 11574 NA
17092 11574 NA
17093 11574 NA
17094 11608 NA
17095 11608 NA
17096 11608 NA
17097 11608 NA
17098 11608 NA
17099 11909 NA
17100 11909 NA
17101 11909 NA
17102 11909 NA
17103 11909 NA
17104 11696 NA
17105 11696 NA
17106 11696 NA
17107 11696 NA
17108 11696 NA
17109 11861 NA
17110 11861 NA
17111 11861 NA
17112 11861 NA
17113 11861 NA
17114 11622 NA
17115 11622 NA
17117 11622 NA
17118 11622 NA
17119 11311 NA
17123 11311 NA
17124 11045 NA
17125 11045 NA
17126 11045 NA
17127 11045 NA
17129 11179 NA
17130 11179 NA
17131 11179 NA
17132 11351 NA
17133 11351 NA
17134 11351 NA
17135 11351 NA
17136 11351 NA
17138 11567 NA
17139 11567 NA
17140 11567 NA
17141 11790 NA
17142 11790 NA
17143 11790 NA
17144 11790 NA
17145 11790 NA
17146 12236 NA
17147 12236 NA
17148 12236 NA
17149 12236 NA
