"Index" "Price" "Volume"
14019 13100 NA
14020 13000 NA
14021 13700 NA
14022 13700 NA
14023 14400 NA
14024 14400 NA
14025 15100 NA
14026 15100 NA
14027 15700 NA
14028 15700 NA
14029 16000 NA
14030 16000 NA
14031 16300 NA
14032 16100 NA
14033 16400 NA
14034 16400 NA
14035 16500 NA
14036 16700 NA
14037 16700 NA
14038 16800 NA
14039 16300 NA
14040 16300 NA
14041 16300 NA
14042 16600 NA
14043 16800 NA
14044 17100 NA
14045 17500 NA
14046 17500 NA
14047 17600 NA
14048 17600 NA
14049 17900 NA
14050 17900 NA
14051 17900 NA
14052 17800 NA
14053 17200 NA
14054 17200 NA
14055 17200 NA
14056 17400 NA
14057 17700 NA
14058 17200 NA
14059 17300 NA
14061 17400 NA
14062 17100 NA
14063 17100 NA
14064 17200 NA
14065 17400 NA
14066 17600 NA
14067 17600 NA
14068 17500 NA
14069 17800 NA
14070 17800 NA
14071 18000 NA
14073 17800 NA
14074 17800 NA
14075 17800 NA
14076 17800 NA
14077 18000 NA
14078 18300 NA
14079 18400 NA
14080 18500 NA
14081 18700 NA
14082 18700 NA
14083 19100 NA
14084 19300 NA
14085 19700 NA
14086 19700 NA
14087 19900 NA
14088 19900 NA
14089 19900 NA
14090 19900 NA
14091 20400 NA
14092 20400 NA
14093 20500 NA
14094 20300 NA
14095 20600 NA
14096 20300 NA
14097 20300 NA
14098 20400 NA
14099 20400 NA
14100 20600 NA
14101 20400 NA
14102 20400 NA
14103 20400 NA
14104 20400 NA
14105 20400 NA
14106 20800 NA
14107 20500 NA
14108 20400 NA
14109 20600 NA
14110 20700 NA
14111 20500 NA
14112 20500 NA
14113 20700 NA
14114 20800 NA
14115 20800 NA
14116 20700 NA
14117 20800 NA
14118 20200 NA
14119 20500 NA
14120 20400 NA
14121 20000 NA
14122 20300 NA
14123 20300 NA
14124 20500 NA
14125 20300 NA
14126 20200 NA
14127 20100 NA
14128 20100 NA
14129 19800 NA
14130 19800 NA
14131 19800 NA
14132 19500 NA
14133 19500 NA
14134 19500 NA
14135 19600 NA
14136 19300 NA
14137 19400 NA
14138 19400 NA
14139 19100 NA
14140 18900 NA
14141 18800 NA
14142 18900 NA
14143 18900 NA
14144 18900 NA
14145 18900 NA
14146 18800 NA
14147 19000 NA
14148 18800 NA
14149 18800 NA
14150 18800 NA
14151 19000 NA
14152 18900 NA
14153 19100 NA
14154 19000 NA
14155 18900 NA
14156 19300 NA
14157 19300 NA
14158 19600 NA
14159 19600 NA
14160 19300 NA
14161 19300 NA
14162 19300 NA
14163 19400 NA
14164 19300 NA
14165 19300 NA
14166 19400 NA
14167 19700 NA
14168 19500 NA
14169 19400 NA
14170 18300 NA
14171 17500 NA
14172 17500 NA
14173 16700 NA
14174 15800 NA
14175 14300 NA
14176 14300 NA
14177 13300 NA
14178 13300 NA
14179 12900 NA
14180 12800 NA
14181 12300 NA
14182 12000 NA
14183 11500 NA
14184 11100 NA
14185 10300 NA
14186 9702 NA
14187 9489 NA
14188 9489 NA
14189 9108 NA
14190 8881 NA
14191 8974 NA
14192 9024 NA
14193 8925 NA
14194 8838 NA
14195 8805 NA
14196 8749 NA
14197 8686 NA
14198 8699 NA
14199 8966 NA
14200 8798 NA
14201 8992 NA
14202 8992 NA
14203 9318 NA
14204 10000 NA
14205 10000 NA
14206 10500 NA
14207 10300 NA
14208 10200 NA
14209 10200 NA
14210 9867 NA
14211 9345 NA
14212 9345 NA
14213 9217 NA
14214 9142 NA
14215 8878 NA
14216 8878 NA
14217 8952 NA
14218 8946 NA
14219 8903 NA
14220 8921 NA
14221 8823 NA
14222 8823 NA
14223 8549 NA
14224 8489 NA
14225 8489 NA
14226 8432 NA
14227 8542 NA
14228 8468 NA
14229 8398 NA
14230 8231 NA
14231 7824 NA
14232 7533 NA
14233 7339 NA
14234 7339 NA
14235 7486 NA
14236 7599 NA
14237 7611 NA
14238 7739 NA
14239 7629 NA
14240 7629 NA
14241 7259 NA
14242 7241 NA
14243 7212 NA
14244 7149 NA
14245 7149 NA
14246 7086 NA
14247 7086 NA
14248 7115 NA
14249 7100 NA
14250 7076 NA
14251 7104 NA
14252 7171 NA
14253 7154 NA
14254 7088 NA
14255 7088 NA
14256 7077 NA
14257 7090 NA
14258 7090 NA
14259 7015 NA
14260 6965 NA
14261 6891 NA
14262 6745 NA
14263 6745 NA
14264 6768 NA
14265 7072 NA
14266 7072 NA
14267 7288 NA
14268 7288 NA
14269 7087 NA
14270 7087 NA
14271 6921 NA
14272 7085 NA
14273 7085 NA
14274 7309 NA
14275 7308 NA
14276 7366 NA
14277 7302 NA
14278 7215 NA
14279 7215 NA
14280 7386 NA
14281 7428 NA
14282 7537 NA
14283 7537 NA
14284 7711 NA
14285 7681 NA
14286 7918 NA
14287 7918 NA
14288 7957 NA
14289 7972 NA
14290 7991 NA
14291 8034 NA
14292 7924 NA
14293 7924 NA
14294 7773 NA
14295 7773 NA
14296 7860 NA
14297 7860 NA
14298 7948 NA
14299 8099 NA
14300 8002 NA
14301 7999 NA
14302 7967 NA
14303 8081 NA
14304 7971 NA
14305 7951 NA
14306 7971 NA
14307 7975 NA
14308 7975 NA
14309 7979 NA
14310 7927 NA
14311 7759 NA
14312 7727 NA
14313 7798 NA
14314 7798 NA
14315 7758 NA
14316 7703 NA
14317 7703 NA
14318 7651 NA
14319 7625 NA
14320 7556 NA
14321 7530 NA
14322 7483 NA
14323 7513 NA
14324 7459 NA
14325 7474 NA
14326 7498 NA
14327 7498 NA
14328 7373 NA
14329 7417 NA
14330 7380 NA
14331 7380 NA
14332 7471 NA
14333 7348 NA
14334 7359 NA
14335 7294 NA
14336 7462 NA
14337 7462 NA
14338 7483 NA
14339 7391 NA
14340 7391 NA
14341 7319 NA
14342 7404 NA
14343 7765 NA
14344 8121 NA
14345 8517 NA
14346 9346 NA
14347 9805 NA
14348 9805 NA
14349 10800 NA
14350 11100 NA
14351 11100 NA
14352 11200 NA
14353 10200 NA
14354 10200 NA
14355 9828 NA
14356 9366 NA
14357 8958 NA
14358 8598 NA
14359 8172 NA
14360 7953 NA
14361 7847 NA
14362 7973 NA
14363 8124 NA
14364 8263 NA
14365 8263 NA
14366 8127 NA
14367 7628 NA
14368 7628 NA
14369 7641 NA
14370 7642 NA
14371 7922 NA
14372 8555 NA
14373 8904 NA
14374 8904 NA
14375 9207 NA
14376 9041 NA
14377 8601 NA
14378 7805 NA
14379 7440 NA
14380 7440 NA
14381 7203 NA
14382 7231 NA
14383 7454 NA
14384 7757 NA
14385 8056 NA
14386 8124 NA
14387 7941 NA
14388 7691 NA
14389 7085 NA
14390 6926 NA
14391 6926 NA
14392 6775 NA
14393 6775 NA
14394 6690 NA
14395 6564 NA
14396 6579 NA
14397 6713 NA
14398 6713 NA
14399 6595 NA
14400 6542 NA
14401 6542 NA
14402 6506 NA
14403 6457 NA
14404 6399 NA
14405 6315 NA
14406 6338 NA
14407 6350 NA
14408 6350 NA
14409 6366 NA
14410 6388 NA
14411 6378 NA
14412 6757 NA
14413 7018 NA
14414 7018 NA
14415 7279 NA
14416 7301 NA
14417 7041 NA
14418 6914 NA
14419 7147 NA
14420 7259 NA
14421 7259 NA
14422 7308 NA
14423 7597 NA
14424 7597 NA
14425 7918 NA
14426 8284 NA
14427 8663 NA
14428 9031 NA
14429 9624 NA
14430 9624 NA
14431 9578 NA
14432 9793 NA
14433 9952 NA
14434 9952 NA
14435 10200 NA
14436 11000 NA
14437 11000 NA
14438 11400 NA
14439 11800 NA
14440 12100 NA
14441 12400 NA
14442 12900 NA
14443 13300 NA
14444 14200 NA
14445 14200 NA
14446 14800 NA
14447 16200 NA
14448 16200 NA
14449 16900 NA
14450 17000 NA
14451 17500 NA
14452 19000 NA
14453 19600 NA
14454 20300 NA
14455 20300 NA
14456 19900 NA
14457 19800 NA
14458 19800 NA
14459 20500 NA
14460 20500 NA
14461 20300 NA
14462 20100 NA
14463 19900 NA
14464 19800 NA
14465 20200 NA
14466 20600 NA
14467 21000 NA
14468 20700 NA
14469 21100 NA
14470 20800 NA
14471 21600 NA
14472 21700 NA
14473 21700 NA
14474 22000 NA
14475 21500 NA
14476 21500 NA
14477 21100 NA
14478 21100 NA
14479 20800 NA
14480 21100 NA
14481 22100 NA
14482 22100 NA
14483 22500 NA
14484 22500 NA
14485 22600 NA
14486 22700 NA
14487 23000 NA
14488 23400 NA
14489 24400 NA
14490 25200 NA
14491 25200 NA
14492 25800 NA
14493 26500 NA
14494 27000 NA
14495 27000 NA
14496 27000 NA
14497 27700 NA
14498 28400 NA
14499 27600 NA
14500 26900 NA
14501 26000 NA
14502 26000 NA
14503 25500 NA
14504 24900 NA
14505 24900 NA
14506 24100 NA
14507 23900 NA
14508 23700 NA
14509 23600 NA
14510 24600 NA
14511 25400 NA
14512 25600 NA
14513 25600 NA
14514 26000 NA
14515 26100 NA
14516 26100 NA
14517 25100 NA
14518 25100 NA
14519 25500 NA
14520 25500 NA
14521 25200 NA
14522 25600 NA
14523 25600 NA
14524 25100 NA
14525 24600 NA
14526 25000 NA
14527 25400 NA
14528 26300 NA
14529 26300 NA
14530 26800 NA
14531 26800 NA
14532 27100 NA
14533 27100 NA
14534 27100 NA
14535 25700 NA
14536 25400 NA
14537 25500 NA
14538 25200 NA
14539 25200 NA
14540 25900 NA
14541 26400 NA
14542 27200 NA
14543 27100 NA
14544 27100 NA
14545 26800 NA
14546 26800 NA
14547 27100 NA
14548 27800 NA
14549 28300 NA
14550 28600 NA
14551 28400 NA
14552 28400 NA
14553 28800 NA
14554 28800 NA
14555 29100 NA
14556 29100 NA
14557 29000 NA
14558 28800 NA
14559 29100 NA
14560 29100 NA
14561 28900 NA
14562 29000 NA
14563 29400 NA
14564 29700 NA
14565 30100 NA
14566 30600 NA
14567 30600 NA
14568 31100 NA
14569 32500 NA
14570 32800 NA
14571 32800 NA
14572 32500 NA
14573 31700 NA
14574 31200 NA
14575 31600 NA
14576 30900 NA
14577 30000 NA
14578 31600 NA
14579 31600 NA
14580 32100 NA
14581 31100 NA
14582 32400 NA
14583 32400 NA
14584 33400 NA
14585 34000 NA
14586 34000 NA
14587 32600 NA
14588 31900 NA
14589 31900 NA
14590 32600 NA
14591 32200 NA
14592 31500 NA
14593 29700 NA
14594 29700 NA
14595 30900 NA
14596 30900 NA
14597 32000 NA
14598 32300 NA
14599 30900 NA
14600 30900 NA
14601 29600 NA
14602 28500 NA
14603 27600 NA
14604 28100 NA
14605 28000 NA
14606 28000 NA
14607 29500 NA
14608 29500 NA
14609 30600 NA
14610 31600 NA
14611 32900 NA
14612 34100 NA
14613 35200 NA
14614 36100 NA
14615 36100 NA
14616 35100 NA
14617 32600 NA
14618 33100 NA
14619 33200 NA
14620 33200 NA
14621 33700 NA
14622 33700 NA
14623 34900 NA
14624 34900 NA
14625 36200 NA
14626 36600 NA
14627 36600 NA
14628 37300 NA
14629 37600 NA
14630 37600 NA
14631 38600 NA
14632 38600 NA
14633 39200 NA
14634 39200 NA
14635 40300 NA
14636 41400 NA
14637 42700 NA
14638 45600 NA
14639 47500 NA
14640 47700 NA
14641 46700 NA
14642 46700 NA
14643 43500 NA
14644 43500 NA
14645 41900 NA
14646 40200 NA
14647 42900 NA
14648 45000 NA
14649 45000 NA
14650 49100 NA
14651 51600 NA
14653 54100 NA
14654 56400 NA
14655 53700 NA
14656 53700 NA
14657 51300 NA
14658 47600 NA
14659 46200 NA
14660 46200 NA
14661 46400 NA
14662 47600 NA
14663 47600 NA
14664 52000 NA
14665 52700 NA
14666 52300 NA
14667 51300 NA
14668 51300 NA
14669 51000 NA
14670 51000 NA
14671 48900 NA
14672 46900 NA
14673 46900 NA
14674 47100 NA
14675 47000 NA
14676 46900 NA
14677 48000 NA
14678 48300 NA
14679 44600 NA
14680 44600 NA
14681 44100 NA
14682 44200 NA
14683 45200 NA
14684 45200 NA
14685 45300 NA
14686 44600 NA
14687 46400 NA
14688 46400 NA
14689 51000 NA
14690 53300 NA
14691 55400 NA
14692 55400 NA
14693 60100 NA
14694 62600 NA
14695 62600 NA
14696 65700 NA
14697 69000 NA
14698 72300 NA
14699 75900 NA
14700 79700 NA
14701 83700 NA
14702 87800 NA
14703 92200 NA
14704 96800 NA
14705 106700 NA
14706 106700 NA
14707 110600 NA
14708 103500 NA
14709 103500 NA
14710 98300 NA
14711 93500 NA
14712 88600 NA
14713 88600 NA
14714 84200 NA
14715 79800 NA
14716 79800 NA
14717 74500 NA
14718 70800 NA
14719 70800 NA
14720 65200 NA
14721 65200 NA
14722 58900 NA
14723 58900 NA
14724 56000 NA
14725 53500 NA
14726 50900 NA
14727 48300 NA
14728 48300 NA
14729 48600 NA
14730 51000 NA
14731 53500 NA
14732 57900 NA
14733 57900 NA
14734 63300 NA
14735 63300 NA
14736 63900 NA
14737 63900 NA
14738 60200 NA
14739 60200 NA
14740 57200 NA
14741 54400 NA
14742 51700 NA
14743 51200 NA
14744 55400 NA
14745 55400 NA
14746 58100 NA
14747 59900 NA
14748 64200 NA
14749 64200 NA
14750 67300 NA
14751 68700 NA
14752 68200 NA
14753 65500 NA
14754 62200 NA
14755 57700 NA
14756 57700 NA
14757 55600 NA
14758 57700 NA
14759 60500 NA
14760 63400 NA
14761 64300 NA
14762 61100 NA
14763 61100 NA
14764 58000 NA
14765 55300 NA
14766 52600 NA
14767 50000 NA
14768 46300 NA
14769 46300 NA
14770 48000 NA
14771 51400 NA
14772 51400 NA
14773 49700 NA
14774 49700 NA
14775 53100 NA
14776 55700 NA
14777 55700 NA
14778 61000 NA
14779 61000 NA
14780 64600 NA
14781 66500 NA
14782 64800 NA
14783 64800 NA
14784 66600 NA
14785 66600 NA
14786 68400 NA
14787 65500 NA
14788 63200 NA
14789 60100 NA
14790 57100 NA
14791 57100 NA
14792 54200 NA
14793 54500 NA
14794 57200 NA
14795 62200 NA
14796 62200 NA
14797 65200 NA
14798 69200 NA
14799 72600 NA
14800 72600 NA
14801 75400 NA
14802 77200 NA
14803 83600 NA
14804 83600 NA
14805 92100 NA
14806 92100 NA
14807 96700 NA
14808 101500 NA
14809 1e+05 NA
14810 93800 NA
14811 93800 NA
14812 88100 NA
14813 83700 NA
14814 83700 NA
14815 79500 NA
14816 75500 NA
14817 71800 NA
14818 68200 NA
14819 61600 NA
14820 61600 NA
14821 58500 NA
14822 55700 NA
14823 59500 NA
14824 59500 NA
14825 62300 NA
14826 62500 NA
14827 62500 NA
14828 62600 NA
14829 62600 NA
14830 60500 NA
14831 59900 NA
14832 61100 NA
14833 61100 NA
14834 60700 NA
14835 58100 NA
14836 58500 NA
14837 57300 NA
14838 57400 NA
14839 57400 NA
14840 59000 NA
14841 59000 NA
14842 56600 NA
14843 53800 NA
14844 51500 NA
14845 48900 NA
14846 46600 NA
14847 46900 NA
14848 48600 NA
14849 48600 NA
14850 51000 NA
14851 52600 NA
14852 50000 NA
14853 50700 NA
14854 50700 NA
14855 53100 NA
14856 55700 NA
14857 59100 NA
14858 59100 NA
14859 63700 NA
14860 63700 NA
14861 65800 NA
14862 69000 NA
14863 71500 NA
14864 74100 NA
14865 77800 NA
14866 83500 NA
14867 83500 NA
14868 86800 NA
14869 88600 NA
14870 96200 NA
14871 96200 NA
14872 101000 NA
14873 101000 NA
14874 105200 NA
14875 105200 NA
14876 106800 NA
14877 101400 NA
14878 96400 NA
14879 89500 NA
14880 85000 NA
14881 85000 NA
14882 76700 NA
14883 76700 NA
14884 72900 NA
14885 69200 NA
14886 65800 NA
14887 65200 NA
14888 66500 NA
14889 68900 NA
14890 72300 NA
14891 72300 NA
14892 70300 NA
14893 67700 NA
14894 67700 NA
14895 70800 NA
14896 74700 NA
14897 72600 NA
14898 72600 NA
14899 72500 NA
14900 73400 NA
14901 73700 NA
14902 73700 NA
14903 70400 NA
14904 70400 NA
14905 67500 NA
14906 70300 NA
14907 69500 NA
14908 69500 NA
14909 72000 NA
14910 74300 NA
14911 77800 NA
14912 74000 NA
14913 70300 NA
14914 66800 NA
14915 66800 NA
14916 63600 NA
14917 63600 NA
14918 64200 NA
14920 68200 NA
14921 70700 NA
14922 69500 NA
14923 69500 NA
14924 66300 NA
14925 66300 NA
14926 65900 NA
14927 65200 NA
14928 65100 NA
14929 65100 NA
14930 67100 NA
14931 67300 NA
14932 67300 NA
14933 65100 NA
14934 63500 NA
14935 63500 NA
14936 64200 NA
14937 64800 NA
14938 65100 NA
14939 65100 NA
14940 64900 NA
14941 62800 NA
14942 62800 NA
14943 62600 NA
14944 63200 NA
14945 63800 NA
14946 63800 NA
14947 63100 NA
14948 61600 NA
14949 61200 NA
14950 61200 NA
14951 60300 NA
14952 59800 NA
14953 59800 NA
14954 57000 NA
14955 54300 NA
14956 54300 NA
14957 54600 NA
14958 54500 NA
14959 54500 NA
14960 54500 NA
14961 54500 NA
14962 53800 NA
14963 53800 NA
14964 55700 NA
14965 58400 NA
14966 57600 NA
14967 60300 NA
14968 60300 NA
14969 62100 NA
14970 62100 NA
14971 64100 NA
14972 64100 NA
14973 61000 NA
14974 58900 NA
14975 58600 NA
14976 58900 NA
14977 60300 NA
14979 63000 NA
14981 68700 NA
14983 72100 NA
14984 75700 NA
14985 76800 NA
14986 82800 NA
14987 86200 NA
14988 87500 NA
14990 86300 NA
14991 91400 NA
14992 95400 NA
14993 99900 NA
14995 104900 NA
14996 112400 NA
14998 106300 NA
15000 101100 NA
15001 96000 NA
15003 86700 NA
15005 86400 NA
15007 78000 NA
15008 70700 NA
15010 63800 NA
15012 60600 NA
15013 54700 NA
15014 54700 NA
15016 50200 NA
15018 45300 NA
15019 43000 NA
15020 38800 NA
15021 38800 NA
15023 35100 NA
15025 32600 NA
15026 30900 NA
15028 28000 NA
15029 25300 NA
15031 24400 NA
15032 24900 NA
15033 24500 NA
15035 24200 NA
15036 24300 NA
15037 24300 NA
15038 24100 NA
15039 23300 NA
15040 22400 NA
15042 23100 NA
15044 26000 NA
15046 23400 NA
15047 23100 NA
15048 23600 NA
15049 23600 NA
15050 23400 NA
15052 23600 NA
15054 23700 NA
15055 23800 NA
15058 23300 NA
15060 22100 NA
15061 21700 NA
15063 21100 NA
15064 19600 NA
15066 19600 NA
15067 19400 NA
15068 19500 NA
15070 21000 NA
15072 23100 NA
15073 24300 NA
15076 26100 NA
15078 25600 NA
15080 24800 NA
15081 24400 NA
15082 23400 NA
15084 22000 NA
15085 21400 NA
15086 21200 NA
15087 20400 NA
15089 20200 NA
15090 19800 NA
15093 21000 NA
15094 21300 NA
15095 21100 NA
15096 20900 NA
15097 23000 NA
15098 24100 NA
15100 24600 NA
15101 25400 NA
15102 24700 NA
15103 23500 NA
15104 21800 NA
15106 21500 NA
15107 20800 NA
15109 21600 NA
15110 22100 NA
15112 22000 NA
15114 23000 NA
15115 23200 NA
15116 23100 NA
15119 22900 NA
15120 22800 NA
15121 22700 NA
15122 22000 NA
15123 21900 NA
15124 21800 NA
15125 21800 NA
15126 21400 NA
15128 21800 NA
15130 22200 NA
15131 22600 NA
15132 22800 NA
15133 22700 NA
15136 22800 NA
15137 22700 NA
15138 23700 NA
15140 25100 NA
15142 24900 NA
15143 25300 NA
15144 26600 NA
15145 27800 NA
15147 28000 NA
15149 27600 NA
15150 28200 NA
15151 28900 NA
15154 29200 NA
15156 30800 NA
15157 31700 NA
15158 33100 NA
15159 34500 NA
15161 36200 NA
15163 38600 NA
15164 39200 NA
15165 39400 NA
15166 38300 NA
15168 35900 NA
15170 35100 NA
15172 36800 NA
15173 38100 NA
15177 36700 NA
15178 37600 NA
15179 38500 NA
15182 39700 NA
15184 40300 NA
15185 39600 NA
15186 38900 NA
15187 38500 NA
15189 39900 NA
15191 42600 NA
15193 44000 NA
15194 44000 NA
15196 47000 NA
15197 47700 NA
15199 45100 NA
15204 42000 NA
15207 38400 NA
15208 37800 NA
15210 37400 NA
15212 37000 NA
15214 36500 NA
15215 35900 NA
15217 35300 NA
15219 34300 NA
15220 33200 NA
15221 33200 NA
15222 32100 NA
15224 31200 NA
15226 30100 NA
15227 30600 NA
15229 30200 NA
15232 30300 NA
15233 30300 NA
15235 31600 NA
15238 31900 NA
15240 33100 NA
15242 34600 NA
15243 35700 NA
15244 36100 NA
15247 36700 NA
15248 36800 NA
15249 36800 NA
15250 36900 NA
15252 36600 NA
15254 35100 NA
15256 34700 NA
15257 35300 NA
15258 36000 NA
15261 37000 NA
15263 37900 NA
15264 39000 NA
15266 40400 NA
15268 41500 NA
15270 42900 NA
15271 43700 NA
15273 46100 NA
15275 45900 NA
15277 45800 NA
15278 44300 NA
15280 42600 NA
15281 42600 NA
15283 43100 NA
15284 43500 NA
15287 42400 NA
15289 41300 NA
15291 38200 NA
15294 37600 NA
15295 37700 NA
15297 38000 NA
15299 39300 NA
15302 40100 NA
15303 40100 NA
15304 40400 NA
15306 42000 NA
15307 42000 NA
15308 43500 NA
15310 43700 NA
15312 43900 NA
15313 45312 NA
15314 46316 NA
15315 46316 NA
15316 47729 NA
15317 47729 NA
15318 49014 NA
15319 50201 NA
15320 52467 NA
15321 52467 NA
15322 54978 NA
15323 54978 NA
15324 56379 NA
15325 56379 NA
15326 57260 NA
15327 57187 NA
15328 57187 NA
15329 57764 NA
15330 59217 NA
15331 59217 NA
15332 59007 NA
15333 57704 NA
15334 57704 NA
15335 55303 NA
15336 54410 NA
15337 54410 NA
15338 54887 NA
15339 54887 NA
15340 56116 NA
15341 55816 NA
15342 55816 NA
15343 54319 NA
15344 54319 NA
15345 55231 NA
15346 55231 NA
15347 57206 NA
15348 57206 NA
15349 56374 NA
15350 56374 NA
15351 55414 NA
15352 55414 NA
15353 54269 NA
15354 51833 NA
15355 52301 NA
15356 52301 NA
15357 53536 NA
15358 53536 NA
15359 53536 NA
15360 54672 NA
15361 54672 NA
15362 56252 NA
15363 57998 NA
15364 57998 NA
15365 59981 NA
15366 59981 NA
15367 57457 NA
15368 55590 NA
15369 55590 NA
15370 55738 NA
15371 55738 NA
15372 54627 NA
15373 54627 NA
15374 54812 NA
15375 54812 NA
15376 54091 NA
15377 54091 NA
15378 53883 NA
15379 53883 NA
15380 51726 NA
15381 51726 NA
15382 49528 NA
15383 47778 NA
15384 47778 NA
15385 47778 NA
15386 46405 NA
15387 46405 NA
15388 45391 NA
15389 45391 NA
15390 45391 NA
15391 45147 NA
15392 45147 NA
15393 43809 NA
15394 43809 NA
15395 42461 NA
15396 42461 NA
15397 41426 NA
15398 41426 NA
15399 41426 NA
15400 40141 NA
15401 40141 NA
15402 40141 NA
15403 39167 NA
15404 39167 NA
15405 38562 NA
15406 38562 NA
15407 38562 NA
15408 37659 NA
15409 37659 NA
15410 37023 NA
15411 37023 NA
15412 37339 NA
15413 37339 NA
15414 37764 NA
15415 37764 NA
15416 37764 NA
15417 37115 NA
15418 37115 NA
15419 37286 NA
15420 37286 NA
15421 38172 NA
15422 38495 NA
15423 38819 NA
15424 39142 NA
15425 39466 NA
15426 39789 NA
15427 39789 NA
15428 39789 NA
15429 40941 NA
15430 40941 NA
15431 41957 NA
15432 41957 NA
15433 42959 NA
15434 42959 NA
15435 42959 NA
15436 44073 NA
15437 44073 NA
15438 44073 NA
15439 45692 NA
15440 45692 NA
15441 45692 NA
15442 46670 NA
15443 46670 NA
15444 46670 NA
15445 47905 NA
15446 47905 NA
15447 49083 NA
15448 49083 NA
15449 49083 NA
15450 50000 NA
15451 50000 NA
15452 49616 NA
15453 49616 NA
15454 49616 NA
15455 49161 NA
15456 49161 NA
15457 49161 NA
15458 49815 NA
15459 49815 NA
15460 50368 NA
15461 50368 NA
15462 50368 NA
15463 50216 NA
15464 50216 NA
15465 50216 NA
15466 50099 NA
15467 50099 NA
15468 49359 NA
15469 49359 NA
15470 49359 NA
15471 47856 NA
15472 47856 NA
15473 46700 NA
15474 46700 NA
15475 45616 NA
15476 45616 NA
15477 45616 NA
15478 45505 NA
15479 45505 NA
15480 44876 NA
15481 44876 NA
15482 44876 NA
15483 44738 NA
15484 44738 NA
15485 44738 NA
15486 43670 NA
15487 43670 NA
15488 42039 NA
15489 42039 NA
15490 40489 NA
15491 40489 NA
15492 40489 NA
15493 39738 NA
15494 39738 NA
15495 38341 NA
15496 38341 NA
15497 37359 NA
15498 37359 NA
15499 36499 NA
15500 36499 NA
15501 36323 NA
15502 36323 NA
15503 35143 NA
15504 35143 NA
15505 34852 NA
15506 34852 NA
15507 34080 NA
15508 34080 NA
15509 32954 NA
15510 32954 NA
15511 33817 NA
15512 33817 NA
15513 34921 NA
15514 34921 NA
15515 35062 NA
15516 35062 NA
15517 36323 NA
15518 36323 NA
15519 36973 NA
15520 36973 NA
15521 36973 NA
15522 36554 NA
15523 36554 NA
15524 36451 NA
15525 36451 NA
15526 36274 NA
15527 36274 NA
15528 35478 NA
15529 35478 NA
15530 35478 NA
15531 35708 NA
15532 35708 NA
15533 36256 NA
15534 36256 NA
15535 36348 NA
15536 36348 NA
15537 37258 NA
15538 37258 NA
15539 37996 NA
15540 37996 NA
15541 37996 NA
15542 38952 NA
15543 38952 NA
15544 38952 NA
15545 39299 NA
15546 39299 NA
15547 40065 NA
15548 40065 NA
15549 40065 NA
15550 40991 NA
15551 40991 NA
15552 40825 NA
15553 40825 NA
15554 40090 NA
15555 40090 NA
15556 39560 NA
15557 39560 NA
15558 40167 NA
15559 40167 NA
15560 39865 NA
15561 39865 NA
15562 39865 NA
15563 39605 NA
15564 39605 NA
15565 39605 NA
15566 40962 NA
15567 40962 NA
15568 42122 NA
15569 42122 NA
15570 42730 NA
15571 42730 NA
15572 42730 NA
15573 44024 NA
15574 44024 NA
15575 45247 NA
15576 45247 NA
15577 45247 NA
15578 45777 NA
15579 45777 NA
15580 47483 NA
15581 47483 NA
15582 47483 NA
15583 48675 NA
15584 48675 NA
15585 50226 NA
15586 50226 NA
15587 50226 NA
15588 51939 NA
15589 51939 NA
15590 51939 NA
15591 51939 NA
15592 53160 NA
15593 53160 NA
15594 53160 NA
15595 53160 NA
15596 54697 NA
15597 54697 NA
15598 54697 NA
15599 56881 NA
15600 56881 NA
15601 56881 NA
15602 58144 NA
15603 58144 NA
15604 58144 NA
15605 58144 NA
15606 59434 NA
15607 59434 NA
15608 59434 NA
15609 59434 NA
15610 61346 NA
15611 61346 NA
15612 61346 NA
15613 60396 NA
15614 60396 NA
15615 60396 NA
15616 61487 NA
15617 61487 NA
15618 61487 NA
15619 61238 NA
15620 61238 NA
15621 61238 NA
15622 62267 NA
15623 62267 NA
15624 62267 NA
15625 62267 NA
15626 63279 NA
15627 63279 NA
15628 63279 NA
15629 63664 NA
15630 63664 NA
15631 63664 NA
15632 63664 NA
15633 63445 NA
15634 63445 NA
15635 63445 NA
15636 65210 NA
15637 65210 NA
15638 65210 NA
15639 65210 NA
15640 67205 NA
15641 67205 NA
15642 67205 NA
15643 67205 NA
15644 70075 NA
15645 70075 NA
15646 70075 NA
15647 70075 NA
15648 71588 NA
15649 71588 NA
15650 71965 NA
15651 72341 NA
15652 72718 NA
15653 73095 NA
15654 73471 NA
15655 73848 NA
15656 74224 NA
15657 74601 NA
15658 74601 NA
15659 73132 NA
15660 73132 NA
15661 73132 NA
15662 70023 NA
15663 70023 NA
15664 67141 NA
15665 67141 NA
15666 64067 NA
15667 64067 NA
15668 61319 NA
15669 61319 NA
15670 58658 NA
15671 58658 NA
15672 58658 NA
15673 55946 NA
15674 55946 NA
15675 55946 NA
15676 53272 NA
15677 53272 NA
15678 53272 NA
15679 50810 NA
15680 50810 NA
15681 50810 NA
15682 50810 NA
15683 48549 NA
15684 48549 NA
15685 48549 NA
15686 48549 NA
15687 46685 NA
15688 46685 NA
15689 46685 NA
15690 46685 NA
15691 44707 NA
15692 44707 NA
15693 44707 NA
15694 44707 NA
15695 44707 NA
15696 42726 NA
15697 42726 NA
15698 42726 NA
15699 40828 NA
15700 40828 NA
15701 40828 NA
15702 40828 NA
15703 40828 NA
15704 38987 NA
15705 38987 NA
15706 38987 NA
15707 38987 NA
15708 37199 NA
15709 37199 NA
15710 37199 NA
15711 37199 NA
15712 37199 NA
15713 35510 NA
15714 35510 NA
15715 35510 NA
15716 35510 NA
15717 35510 NA
15718 34088 NA
15719 34088 NA
15720 34088 NA
15721 34088 NA
15722 34088 NA
15723 34088 NA
15724 34088 NA
15725 32646 NA
15726 32646 NA
15727 32646 NA
15728 32646 NA
15729 32646 NA
15730 31275 NA
15731 31275 NA
15732 31275 NA
15733 31275 NA
15734 31275 NA
15735 31275 NA
15736 30039 NA
15737 30039 NA
15738 30039 NA
15739 30039 NA
15740 30039 NA
15741 30039 NA
15742 28728 NA
15743 28728 NA
15744 28728 NA
15745 28728 NA
15746 28728 NA
15747 27451 NA
15748 27451 NA
15749 27451 NA
15750 27451 NA
15751 27451 NA
15752 26357 NA
15753 26357 NA
15754 26357 NA
15755 26357 NA
15756 26357 NA
15757 26357 NA
15758 25209 NA
15759 25209 NA
15760 25209 NA
15761 25209 NA
15762 25209 NA
15763 24241 NA
15764 24241 NA
15765 24241 NA
15766 24241 NA
15767 24241 NA
15768 23253 NA
15769 23253 NA
15770 23253 NA
15771 23253 NA
15772 23253 NA
15773 22200 NA
15774 22200 NA
15775 22200 NA
15776 22200 NA
15777 21519 NA
15778 21519 NA
15779 21519 NA
15780 21519 NA
15781 21519 NA
15782 20532 NA
15783 20532 NA
15784 20532 NA
15785 20532 NA
15786 20532 NA
15787 19695 NA
15788 19695 NA
15789 19695 NA
15790 19695 NA
15791 19176 NA
15792 19176 NA
15793 19176 NA
15794 19176 NA
15795 18675 NA
15796 18675 NA
15797 18675 NA
15798 18762 NA
15799 18848 NA
15800 18935 NA
15801 19021 NA
15802 19108 NA
15803 19194 NA
15804 19281 NA
15805 19281 NA
15806 19281 NA
15807 19281 NA
15808 18820 NA
15809 18820 NA
15810 18820 NA
15811 18820 NA
15812 18820 NA
15813 18820 NA
15814 18820 NA
15815 18978 NA
15816 18978 NA
15817 18978 NA
15818 18978 NA
15819 18978 NA
15820 18978 NA
15821 18978 NA
15822 18978 NA
15823 19192 NA
15824 19192 NA
15825 19192 NA
15826 19192 NA
15827 19192 NA
15828 19192 NA
15829 19192 NA
15830 19192 NA
15831 19586 NA
15832 19586 NA
15833 19586 NA
15834 19586 NA
15835 19586 NA
15836 19586 NA
15837 19586 NA
15838 19586 NA
15839 20066 NA
15840 20066 NA
15841 20066 NA
15842 20066 NA
15843 20066 NA
15844 20066 NA
15845 20066 NA
15846 20066 NA
15847 19905 NA
15848 19905 NA
15849 19905 NA
15850 19905 NA
15851 19905 NA
15852 19905 NA
15853 19905 NA
15854 19905 NA
15855 19542 NA
15856 19542 NA
15857 19542 NA
15858 19542 NA
15859 19542 NA
15860 19542 NA
15861 19542 NA
15862 19115 NA
15863 19115 NA
15864 19115 NA
15865 19115 NA
15866 19115 NA
15867 19115 NA
15868 19115 NA
15869 18925 NA
15870 18925 NA
15871 18925 NA
15872 18925 NA
15873 18925 NA
15874 18925 NA
15875 19249 NA
15876 19249 NA
15877 19249 NA
15878 19249 NA
15879 19249 NA
15880 19249 NA
15881 19249 NA
15882 19209 NA
15883 19209 NA
15884 19209 NA
15885 19209 NA
15886 19209 NA
15887 19209 NA
15888 19209 NA
15889 18930 NA
15890 18930 NA
15891 18930 NA
15892 18930 NA
15893 18930 NA
15894 18930 NA
15895 18930 NA
15896 18930 NA
15897 18597 NA
15898 18597 NA
15899 18597 NA
15900 18597 NA
15901 18597 NA
15902 18597 NA
15903 18504 NA
15904 18410 NA
15905 18317 NA
15906 18224 NA
15907 18130 NA
15908 18037 NA
15909 18037 NA
15910 18037 NA
15911 17545 NA
15912 17545 NA
15913 17545 NA
15914 17545 NA
15915 17545 NA
15916 17545 NA
15917 17545 NA
15918 17545 NA
15919 16969 NA
15920 16969 NA
15921 16969 NA
15922 16969 NA
15923 16969 NA
15924 16969 NA
15925 16969 NA
15926 16969 NA
15927 16969 NA
15928 16682 NA
15929 16682 NA
15930 16682 NA
15931 16682 NA
15932 16682 NA
15933 16682 NA
15934 16682 NA
15935 16682 NA
15936 16682 NA
15937 16682 NA
15938 16682 NA
15939 16380 NA
15940 16380 NA
15941 16380 NA
15942 16380 NA
15943 16380 NA
15944 16380 NA
15945 16380 NA
15946 16380 NA
15947 16380 NA
15948 16380 NA
15949 16380 NA
15950 16380 NA
15951 16380 NA
15952 16380 NA
15953 16380 NA
15954 16380 NA
15955 15875 NA
15956 15875 NA
15957 15875 NA
15958 15875 NA
15959 15875 NA
15960 15875 NA
15961 15875 NA
15962 15875 NA
15963 15875 NA
15964 15875 NA
15965 15875 NA
15966 15875 NA
15967 15875 NA
15968 15875 NA
15969 15875 NA
15970 15875 NA
15971 15638 NA
15972 15638 NA
15973 15638 NA
15974 15638 NA
15975 15638 NA
15976 15638 NA
15977 15638 NA
15978 15638 NA
15979 15638 NA
15980 15638 NA
15981 15638 NA
15982 15638 NA
15983 15638 NA
15984 15638 NA
15985 15638 NA
15986 15567 NA
15987 15495 NA
15988 15424 NA
15989 15353 NA
15990 15281 NA
15991 15210 NA
15992 15138 NA
15993 15067 NA
15994 15067 NA
15995 15067 NA
15996 15067 NA
15997 15067 NA
15998 15067 NA
15999 15067 NA
16000 15067 NA
16001 15067 NA
16002 15067 NA
16003 15067 NA
16004 15067 NA
16005 15067 NA
16006 15067 NA
16007 14518 NA
16008 14518 NA
16009 14518 NA
16010 14518 NA
16011 14518 NA
16012 14518 NA
16013 14518 NA
16014 14518 NA
16015 14518 NA
16016 14518 NA
16017 14518 NA
16018 14518 NA
16019 14518 NA
16020 14518 NA
16021 14518 NA
16022 14518 NA
16023 14033 NA
16024 14033 NA
16025 14033 NA
16026 14033 NA
16027 14033 NA
16028 14033 NA
16029 14033 NA
16030 14033 NA
16031 14033 NA
16032 14033 NA
16033 14033 NA
16034 14033 NA
16035 14008 NA
16036 13983 NA
16037 13958 NA
16038 13933 NA
16039 13908 NA
16040 13883 NA
16041 13858 NA
16042 13858 NA
16043 13858 NA
16044 13858 NA
16045 13858 NA
16046 13858 NA
16047 13858 NA
16048 13858 NA
16049 13858 NA
16050 13858 NA
16051 13625 NA
16052 13625 NA
16053 13625 NA
16054 13625 NA
16055 13625 NA
16056 13625 NA
16057 13625 NA
16058 13625 NA
16059 13625 NA
16060 13625 NA
16061 13625 NA
16062 13625 NA
16063 13625 NA
16064 13625 NA
16065 13338 NA
16066 13338 NA
16067 13338 NA
16068 13338 NA
16069 13338 NA
16070 13338 NA
16071 13338 NA
16072 13338 NA
16073 13338 NA
16074 13338 NA
16075 13338 NA
16076 13338 NA
16077 13338 NA
16078 13338 NA
16079 12993 NA
16080 12993 NA
16081 12993 NA
16082 12993 NA
16083 12993 NA
16084 12993 NA
16085 12993 NA
16086 12993 NA
16087 12993 NA
16088 12993 NA
16089 12993 NA
16090 12993 NA
16091 12993 NA
16092 12993 NA
16093 12993 NA
16094 12993 NA
16095 12993 NA
16096 12722 NA
16097 12722 NA
16098 12722 NA
16099 12722 NA
16100 12722 NA
16101 12722 NA
16102 12722 NA
16103 12722 NA
16104 12722 NA
16105 12722 NA
16106 12722 NA
16107 12722 NA
16108 12722 NA
16109 12722 NA
16110 12722 NA
16111 12722 NA
16112 12532 NA
16113 12532 NA
16114 12532 NA
16115 12532 NA
16116 12532 NA
16117 12532 NA
16118 12532 NA
16119 12532 NA
16120 12532 NA
16121 12532 NA
16122 12532 NA
16123 12532 NA
16124 12532 NA
16125 12532 NA
16126 12532 NA
16127 12532 NA
16128 12560 NA
16129 12560 NA
16130 12560 NA
16131 12560 NA
16132 12560 NA
16133 12560 NA
16134 12560 NA
16135 12560 NA
16136 12560 NA
16137 12560 NA
16138 12560 NA
16139 12560 NA
16140 12560 NA
16141 12560 NA
16142 12560 NA
16143 12560 NA
16144 12344 NA
16145 12344 NA
16146 12344 NA
16147 12344 NA
16148 12344 NA
16149 12344 NA
16150 12344 NA
16151 12344 NA
16152 12344 NA
16153 12344 NA
16154 12344 NA
16155 12344 NA
16156 12344 NA
16157 12344 NA
16158 12344 NA
16159 12344 NA
16160 12344 NA
16161 12344 NA
16162 12344 NA
16163 12344 NA
16164 12697 NA
16165 12697 NA
16166 12697 NA
16167 12697 NA
16168 12697 NA
16169 12697 NA
16170 12697 NA
16171 12697 NA
16172 12697 NA
16173 12697 NA
16174 12697 NA
16175 12697 NA
16176 12697 NA
16177 12697 NA
16178 12697 NA
16179 12697 NA
16180 12697 NA
16181 12697 NA
16182 12697 NA
16183 12697 NA
16184 12989 NA
16185 12989 NA
16186 12989 NA
16187 12989 NA
16188 12989 NA
16189 12989 NA
16190 12989 NA
16191 12989 NA
16192 12989 NA
16193 12989 NA
16194 12989 NA
16195 12989 NA
16196 12989 NA
16197 12989 NA
16198 12989 NA
16199 12989 NA
16200 12989 NA
16201 12989 NA
16202 12989 NA
16203 12989 NA
16204 12989 NA
16205 12989 NA
16206 12989 NA
16207 12989 NA
16208 13403 NA
16209 13403 NA
16210 13403 NA
16211 13403 NA
16212 13403 NA
16213 13403 NA
16214 13403 NA
16215 13403 NA
16216 13403 NA
16217 13403 NA
16218 13403 NA
16219 13403 NA
16220 13403 NA
16221 13403 NA
16222 13403 NA
16223 13403 NA
16224 13403 NA
16225 13403 NA
16226 13403 NA
16227 13403 NA
16228 13403 NA
16229 13870 NA
16230 13870 NA
16231 13870 NA
16232 13870 NA
16233 13870 NA
16234 13870 NA
16235 13870 NA
16236 13870 NA
16237 13870 NA
16238 13870 NA
16239 13870 NA
16240 13870 NA
16241 13870 NA
16242 13870 NA
16243 13870 NA
16244 13870 NA
16245 13870 NA
16246 14092 NA
16247 14092 NA
16248 14092 NA
16249 14092 NA
16250 14092 NA
16251 14092 NA
16252 14092 NA
16253 14092 NA
16254 14092 NA
16255 14092 NA
16256 14092 NA
16257 14092 NA
16258 14092 NA
16259 14092 NA
16260 14092 NA
16261 14092 NA
16262 14092 NA
16263 14597 NA
16264 14597 NA
16265 14597 NA
16266 14597 NA
16267 14597 NA
16268 14597 NA
16269 14597 NA
16270 14597 NA
16271 14597 NA
16272 14597 NA
16273 14597 NA
16274 14597 NA
16275 14840 NA
16276 14840 NA
16277 14840 NA
16278 14840 NA
16279 14840 NA
16280 14840 NA
16281 14840 NA
16282 14840 NA
16283 14840 NA
16284 14840 NA
16285 14840 NA
16286 14840 NA
16287 14840 NA
16288 14840 NA
16289 14855 NA
16290 14855 NA
16291 14855 NA
16292 14855 NA
16293 14855 NA
16294 14855 NA
16295 14855 NA
16296 14855 NA
16297 14855 NA
16298 14855 NA
16299 14855 NA
16300 14855 NA
16301 14855 NA
16302 14855 NA
16303 15317 NA
16304 15317 NA
16305 15317 NA
16306 15317 NA
16307 15317 NA
16308 15317 NA
16309 15317 NA
16310 15317 NA
16311 15317 NA
16312 15317 NA
16313 15317 NA
16314 15317 NA
16315 15317 NA
16316 15317 NA
16317 15317 NA
16318 15317 NA
16319 15317 NA
16320 15837 NA
16321 15837 NA
16322 15837 NA
16323 15837 NA
16324 15837 NA
16325 15837 NA
16326 15837 NA
16327 15837 NA
16328 15837 NA
16329 15837 NA
16330 15837 NA
16331 15837 NA
16332 15837 NA
16333 15837 NA
16334 15837 NA
16335 15837 NA
16336 15837 NA
16337 15837 NA
16338 15837 NA
16339 16070 NA
16340 16070 NA
16341 16070 NA
16342 16070 NA
16343 16070 NA
16344 16070 NA
16345 16070 NA
16346 16070 NA
16347 16070 NA
16348 16070 NA
16349 16070 NA
16350 16070 NA
16351 16070 NA
16352 16070 NA
16353 16070 NA
16354 16070 NA
16355 16070 NA
16356 16070 NA
16357 16070 NA
16358 16070 NA
16359 16635 NA
16360 16635 NA
16361 16635 NA
16362 16635 NA
16363 16635 NA
16364 16635 NA
16365 16635 NA
16366 16635 NA
16367 16635 NA
16368 16635 NA
16369 16635 NA
16370 16635 NA
16371 16635 NA
16372 16635 NA
16373 16635 NA
16374 16635 NA
16375 16635 NA
16376 16635 NA
16377 16635 NA
16378 17132 NA
16379 17132 NA
16380 17132 NA
16381 17132 NA
16382 17132 NA
16383 17132 NA
16384 17132 NA
16385 17132 NA
16386 17132 NA
16387 17132 NA
16388 17132 NA
16389 17132 NA
16390 17132 NA
16391 17132 NA
16392 17132 NA
16393 17132 NA
16394 17132 NA
16395 17132 NA
16396 17132 NA
16397 17132 NA
16398 17132 NA
16399 17701 NA
16400 17701 NA
16401 17701 NA
16402 17701 NA
16403 17701 NA
16404 17701 NA
16405 17701 NA
16406 17701 NA
16407 17701 NA
16408 17701 NA
16409 17701 NA
16410 17701 NA
16411 17701 NA
16412 17701 NA
16413 17701 NA
16414 17701 NA
16415 17701 NA
16416 17701 NA
16417 17701 NA
16418 17701 NA
16419 17701 NA
16420 18161 NA
16421 18161 NA
16422 18161 NA
16423 18161 NA
16424 18161 NA
16425 18161 NA
16426 18161 NA
16427 18161 NA
16428 18161 NA
16429 18161 NA
16430 18161 NA
16431 18161 NA
16432 18161 NA
16433 18161 NA
16434 18161 NA
16435 18161 NA
16436 18161 NA
16437 18161 NA
16438 18956 NA
16439 18956 NA
16440 18956 NA
16441 18956 NA
16442 18956 NA
16443 18956 NA
16444 18956 NA
16445 18956 NA
16446 18956 NA
16447 18956 NA
16448 18956 NA
16449 18956 NA
16450 18956 NA
16451 18956 NA
16452 18956 NA
16453 18956 NA
16454 18956 NA
16455 18956 NA
16456 18956 NA
16457 18956 NA
16458 18978 NA
16459 18978 NA
16460 18978 NA
16461 18978 NA
16462 18978 NA
16463 18978 NA
16464 18978 NA
16465 18978 NA
16466 18978 NA
16467 18978 NA
16468 18978 NA
16469 18978 NA
16470 18978 NA
16471 18978 NA
16472 18978 NA
16473 18978 NA
16474 18978 NA
16475 18978 NA
16476 18978 NA
16477 18978 NA
16478 19456 NA
16479 19456 NA
16480 19456 NA
16481 19456 NA
16482 19456 NA
16483 19456 NA
16484 19456 NA
16485 19456 NA
16486 19456 NA
16487 19456 NA
16488 19456 NA
16489 19456 NA
16490 19456 NA
16491 19456 NA
16492 19456 NA
16493 19456 NA
16494 19456 NA
16495 19886 NA
16496 19886 NA
16497 19886 NA
16498 19886 NA
16499 19886 NA
16500 19886 NA
16501 19886 NA
16502 19886 NA
16503 19886 NA
16504 19886 NA
16505 19886 NA
16506 19886 NA
16507 19886 NA
16508 19886 NA
16509 19886 NA
16510 19886 NA
16511 19886 NA
16512 19886 NA
16513 19886 NA
16514 20408 NA
16515 20408 NA
16516 20408 NA
16517 20408 NA
16518 20408 NA
16519 20408 NA
16520 20408 NA
16521 20408 NA
16522 20408 NA
16523 20408 NA
16524 20408 NA
16525 20408 NA
16526 20408 NA
16527 20408 NA
16528 20408 NA
16529 20408 NA
16530 20408 NA
16531 20408 NA
16532 20408 NA
16533 20408 NA
16534 20408 NA
16535 20976 NA
16536 20976 NA
16537 20976 NA
16538 20976 NA
16539 20976 NA
16540 20976 NA
16541 20976 NA
16542 20976 NA
16543 20976 NA
16544 20976 NA
16545 20976 NA
16546 20976 NA
16547 20976 NA
16548 20976 NA
16549 20976 NA
16550 20976 NA
16551 20976 NA
16552 20976 NA
16553 20976 NA
16554 20976 NA
16555 20976 NA
16556 20976 NA
16557 20976 NA
16558 20976 NA
16559 21841 NA
16560 21841 NA
16561 21841 NA
16562 21841 NA
16563 21841 NA
16564 21841 NA
16565 21841 NA
16566 21841 NA
16567 21841 NA
16568 21841 NA
16569 21841 NA
16570 21841 NA
16571 21841 NA
16572 21841 NA
16573 21841 NA
16574 21841 NA
16575 21841 NA
16576 21841 NA
16577 21841 NA
16578 21841 NA
16579 21841 NA
16580 21841 NA
16581 21841 NA
16582 21841 NA
16583 21841 NA
16584 21841 NA
16585 21841 NA
16586 22728 NA
16587 22728 NA
16588 22728 NA
16589 22728 NA
16590 22728 NA
16591 22728 NA
16592 22728 NA
16593 22728 NA
16594 22728 NA
16595 22728 NA
16596 22728 NA
16597 22728 NA
16598 22728 NA
16599 22728 NA
16600 22728 NA
16601 22728 NA
16602 22728 NA
16603 22728 NA
16604 22728 NA
16605 22728 NA
16606 22728 NA
16607 22728 NA
16608 22728 NA
16609 22728 NA
16610 22728 NA
16611 22728 NA
16612 22728 NA
16613 22728 NA
16614 23550 NA
16615 23550 NA
16616 23550 NA
16617 23550 NA
16618 23550 NA
16619 23550 NA
16620 23550 NA
16621 23550 NA
16622 23550 NA
16623 23550 NA
16624 23550 NA
16625 23550 NA
16626 23550 NA
16627 23550 NA
16628 23550 NA
16629 23550 NA
16630 23550 NA
16631 23550 NA
16632 23550 NA
16633 23550 NA
16634 23550 NA
16635 23550 NA
16636 23550 NA
16637 23550 NA
16638 23550 NA
16639 23550 NA
16640 24510 NA
16641 24510 NA
16642 24510 NA
16643 24510 NA
16644 24510 NA
16645 24510 NA
16646 24510 NA
16647 24510 NA
16648 24510 NA
16649 24510 NA
16650 24510 NA
16651 24510 NA
16652 24510 NA
16653 24510 NA
16654 24510 NA
16655 24510 NA
16656 24510 NA
16657 24510 NA
16658 24510 NA
16659 24510 NA
16660 24510 NA
16661 24510 NA
16662 24510 NA
16663 24510 NA
16664 24510 NA
16665 24510 NA
16666 24510 NA
16668 24510 NA
16669 25152 NA
16670 25152 NA
16671 25152 NA
16672 25152 NA
16673 25152 NA
16674 25152 NA
16675 25152 NA
16676 25152 NA
16677 25152 NA
16678 25152 NA
16679 25152 NA
16680 25152 NA
16681 25152 NA
16682 25152 NA
16683 25152 NA
16684 25152 NA
16685 25152 NA
16686 25152 NA
16687 25152 NA
16688 25152 NA
16689 25152 NA
16690 25152 NA
16691 25152 NA
16692 25152 NA
16693 25152 NA
16694 25152 NA
16695 25152 NA
16696 25152 NA
16697 25152 NA
16698 25152 NA
16699 25881 NA
16700 25881 NA
16701 25881 NA
16702 25881 NA
16703 25881 NA
16704 25881 NA
16705 25881 NA
16706 25881 NA
16707 25881 NA
16708 25881 NA
16709 25881 NA
16710 25881 NA
16711 25881 NA
16712 25881 NA
16714 25881 NA
16717 25881 NA
16719 25881 NA
16720 25881 NA
16721 25881 NA
16722 25881 NA
16723 25881 NA
16724 25881 NA
16725 25881 NA
16726 25881 NA
16727 25881 NA
16728 25881 NA
16729 25881 NA
16730 25881 NA
16731 26883 NA
16732 26883 NA
16733 26883 NA
16734 26883 NA
16735 26883 NA
16736 26883 NA
16737 26883 NA
16738 26883 NA
16739 26883 NA
16740 26883 NA
16741 26883 NA
16742 26883 NA
16743 26883 NA
16744 26883 NA
16745 26883 NA
16746 26883 NA
16747 26883 NA
16748 26883 NA
16749 26883 NA
16750 26883 NA
16751 26883 NA
16752 26883 NA
16753 26883 NA
16754 26883 NA
16755 26883 NA
16756 26883 NA
16757 26883 NA
16759 26883 NA
16760 26883 NA
16761 26883 NA
16762 26883 NA
16763 27757 NA
16764 27757 NA
16765 27757 NA
16766 27757 NA
16767 27757 NA
16768 27757 NA
16769 27757 NA
16770 27757 NA
16771 27757 NA
16772 27757 NA
16773 27757 NA
16774 27757 NA
16775 27757 NA
16776 27757 NA
16777 27757 NA
16778 27757 NA
16779 27757 NA
16780 27757 NA
16781 27757 NA
16782 27757 NA
16783 27757 NA
16784 27757 NA
16785 27757 NA
16786 27757 NA
16787 27757 NA
16788 27757 NA
16789 27757 NA
16790 27757 NA
16791 27757 NA
16792 27757 NA
16793 27757 NA
16794 27757 NA
16795 27757 NA
16796 27757 NA
16797 27757 NA
16798 27757 NA
16799 28316 NA
16800 28316 NA
16801 28316 NA
16802 28316 NA
16803 28316 NA
16804 28316 NA
16805 28316 NA
16807 28316 NA
16808 28316 NA
16809 28316 NA
16810 28316 NA
16811 28316 NA
16812 28316 NA
16813 28316 NA
16814 28316 NA
16815 28316 NA
16816 28316 NA
16817 28316 NA
16818 28316 NA
16820 28316 NA
16821 28316 NA
16822 28316 NA
16823 28316 NA
16824 28316 NA
16825 28316 NA
16826 28316 NA
16827 28316 NA
16828 28316 NA
16829 28316 NA
16830 28316 NA
16831 28316 NA
16832 28316 NA
16833 28319 NA
16834 28319 NA
16835 28319 NA
16836 28319 NA
16837 28319 NA
16838 28319 NA
16839 28319 NA
16840 28319 NA
16841 28319 NA
16842 28319 NA
16843 28319 NA
16844 28319 NA
16845 28319 NA
16847 28319 NA
16849 28319 NA
16850 28319 NA
16851 28319 NA
16852 28319 NA
16853 28319 NA
16854 28319 NA
16855 28319 NA
16856 28319 NA
16857 28319 NA
16858 28319 NA
16859 28319 NA
16860 28319 NA
16861 28319 NA
16862 28319 NA
16863 28319 NA
16864 28319 NA
16865 28319 NA
16866 28319 NA
16867 28319 NA
16869 28319 NA
16870 28319 NA
16871 28343 NA
16872 28343 NA
16873 28343 NA
16874 28343 NA
16875 28343 NA
16876 28343 NA
16878 28343 NA
16879 28343 NA
16880 28343 NA
16881 28343 NA
16882 28343 NA
16883 28343 NA
16884 28343 NA
16885 28343 NA
16886 28343 NA
16887 28343 NA
16888 28343 NA
16889 28343 NA
16890 28343 NA
16891 28343 NA
16892 28343 NA
16893 28343 NA
16894 28343 NA
16895 28343 NA
16896 28343 NA
16897 28343 NA
16898 28343 NA
16899 28343 NA
16900 28343 NA
16901 28343 NA
16902 28343 NA
16903 28343 NA
16904 28343 NA
16905 28343 NA
16906 28343 NA
16907 28343 NA
16908 28343 NA
16909 28343 NA
16910 28343 NA
16911 28297 NA
16912 28297 NA
16913 28297 NA
16914 28297 NA
16915 28297 NA
16916 28297 NA
16917 28297 NA
16918 28297 NA
16919 28297 NA
16920 28297 NA
16921 28297 NA
16922 28297 NA
16923 28297 NA
16924 28297 NA
16925 28297 NA
16926 28297 NA
16927 28297 NA
16928 28297 NA
16929 28297 NA
16930 28297 NA
16931 28297 NA
16932 28297 NA
16933 28297 NA
16934 28297 NA
16935 28297 NA
16936 28297 NA
16937 28297 NA
16938 28297 NA
16939 28297 NA
16940 28297 NA
16941 28297 NA
16942 28297 NA
16943 28297 NA
16944 28297 NA
16945 28297 NA
16946 28297 NA
16949 28297 NA
16950 28297 NA
16951 28297 NA
16952 27291 NA
16953 27291 NA
16954 27291 NA
16955 27291 NA
16956 27291 NA
16957 27291 NA
16958 27291 NA
16959 27291 NA
16960 27291 NA
16966 27291 NA
16968 27291 NA
16969 27291 NA
16970 27291 NA
16971 27291 NA
16972 27291 NA
16974 27291 NA
16975 27291 NA
16976 27291 NA
16977 27291 NA
16978 27291 NA
16979 27291 NA
16980 27291 NA
16981 27291 NA
16982 27291 NA
16984 27291 NA
16985 27291 NA
16986 27291 NA
16987 27291 NA
16988 27291 NA
16989 27291 NA
16990 27291 NA
16991 27291 NA
16992 27291 NA
16993 26782 NA
16994 26782 NA
16999 26782 NA
17000 26782 NA
17001 26782 NA
17006 26782 NA
17007 26782 NA
17014 26782 NA
17015 26782 NA
17016 26782 NA
17017 26782 NA
17018 26782 NA
17019 26782 NA
17020 26782 NA
17021 26782 NA
17022 26782 NA
17023 26782 NA
17024 26782 NA
17025 26782 NA
17026 26782 NA
17027 26782 NA
17028 26782 NA
17029 26782 NA
17031 26782 NA
17032 26782 NA
17033 26782 NA
17034 26782 NA
17035 26782 NA
17036 26782 NA
17037 26782 NA
17038 26782 NA
17039 26782 NA
17040 26782 NA
17042 26782 NA
17044 26782 NA
17045 27526 NA
17046 27526 NA
17047 27526 NA
17048 27526 NA
17049 27526 NA
17050 27526 NA
17051 27526 NA
17052 27526 NA
17053 27526 NA
17054 27526 NA
17055 27526 NA
17056 27526 NA
17057 27526 NA
17058 27526 NA
17059 27526 NA
17060 27526 NA
17061 27526 NA
17062 27526 NA
17063 27526 NA
17064 27526 NA
17069 27526 NA
17070 27526 NA
17071 27526 NA
17072 27526 NA
17073 27526 NA
17075 27526 NA
17076 27526 NA
17077 27526 NA
17078 27526 NA
17079 27526 NA
17080 27526 NA
17081 27526 NA
17083 27526 NA
17084 27526 NA
17085 27526 NA
17086 27526 NA
17087 27526 NA
17088 27526 NA
17089 27526 NA
17091 27526 NA
17092 27526 NA
17093 27526 NA
17094 27526 NA
17095 27526 NA
17096 27526 NA
17097 27526 NA
17098 27526 NA
17099 27511 NA
17100 27511 NA
17101 27511 NA
17102 27511 NA
17103 27511 NA
17104 27511 NA
17105 27511 NA
17106 27511 NA
17107 27511 NA
17108 27511 NA
17109 27511 NA
17110 27511 NA
17111 27511 NA
17112 27511 NA
17113 27511 NA
17114 27511 NA
17115 27511 NA
17117 27511 NA
17118 27511 NA
17119 27511 NA
17123 27511 NA
17124 27511 NA
17125 27511 NA
17126 27511 NA
17127 27511 NA
17129 27511 NA
17130 27511 NA
17131 27511 NA
17132 27511 NA
17133 27511 NA
17134 27511 NA
17135 27511 NA
17136 27511 NA
17138 27511 NA
17139 27511 NA
17140 27511 NA
17141 27511 NA
17142 27511 NA
17143 27511 NA
17144 27511 NA
17145 27511 NA
17146 27511 NA
17147 27511 NA
17148 27511 NA
17149 27511 NA
