"Index" "Price" "Volume"
14422 67900 NA
14423 64500 NA
14424 61300 NA
14425 58300 NA
14426 58300 NA
14427 55400 NA
14428 55400 NA
14429 52800 NA
14430 52800 NA
14431 50400 NA
14432 50400 NA
14433 48600 NA
14434 48600 NA
14435 48600 NA
14436 46700 NA
14437 46700 NA
14438 45800 NA
14439 45800 NA
14440 45800 NA
14441 45100 NA
14442 45100 NA
14443 45100 NA
14444 46000 NA
14445 46000 NA
14446 46000 NA
14447 46900 NA
14448 46900 NA
14449 46900 NA
14450 49200 NA
14451 49200 NA
14452 49200 NA
14453 51000 NA
14454 51000 NA
14455 51000 NA
14456 51000 NA
14457 51000 NA
14458 53500 NA
14459 53500 NA
14460 56100 NA
14461 56100 NA
14462 56100 NA
14463 56100 NA
14464 58700 NA
14465 58700 NA
14466 58700 NA
14467 58700 NA
14468 60200 NA
14469 60200 NA
14470 60200 NA
14471 60800 NA
14472 60800 NA
14473 60800 NA
14474 60800 NA
14475 60900 NA
14476 60900 NA
14477 60900 NA
14478 60900 NA
14479 61700 NA
14480 61700 NA
14481 61700 NA
14482 61700 NA
14483 64300 NA
14484 64300 NA
14485 64300 NA
14486 64300 NA
14487 67200 NA
14488 67200 NA
14489 67200 NA
14490 69300 NA
14491 69300 NA
14492 69300 NA
14493 68200 NA
14494 68200 NA
14495 68200 NA
14496 68200 NA
14497 68200 NA
14498 69200 NA
14499 69200 NA
14500 69200 NA
14501 70800 NA
14502 70800 NA
14503 70800 NA
14504 70800 NA
14505 70800 NA
14506 70000 NA
14507 70000 NA
14508 70000 NA
14509 69700 NA
14510 69700 NA
14511 69700 NA
14512 69700 NA
14513 69700 NA
14514 67600 NA
14515 67600 NA
14516 67600 NA
14517 67600 NA
14518 67600 NA
14519 67200 NA
14520 67200 NA
14521 67200 NA
14522 67200 NA
14523 67200 NA
14524 67200 NA
14525 67200 NA
14526 67700 NA
14527 67700 NA
14528 67700 NA
14529 67700 NA
14530 67000 NA
14531 67000 NA
14532 67000 NA
14533 67400 NA
14534 67400 NA
14535 67400 NA
14536 68200 NA
14537 68200 NA
14538 68200 NA
14539 68200 NA
14540 68200 NA
14541 66700 NA
14542 66700 NA
14543 66600 NA
14544 66600 NA
14545 66600 NA
14546 66600 NA
14547 66600 NA
14548 69300 NA
14549 69300 NA
14550 69300 NA
14551 69300 NA
14552 71000 NA
14553 71000 NA
14554 71000 NA
14555 71000 NA
14556 71000 NA
14557 72900 NA
14558 72900 NA
14559 72900 NA
14560 72900 NA
14561 72900 NA
14562 72900 NA
14563 74800 NA
14564 74800 NA
14565 74800 NA
14566 74800 NA
14567 74800 NA
14568 74800 NA
14569 76600 NA
14570 76600 NA
14571 76600 NA
14572 76600 NA
14573 76600 NA
14574 78400 NA
14575 78400 NA
14576 78400 NA
14577 78400 NA
14578 80500 NA
14579 80500 NA
14580 80500 NA
14581 80500 NA
14582 80500 NA
14583 80500 NA
14584 82100 NA
14585 82100 NA
14586 82100 NA
14587 82100 NA
14588 82100 NA
14589 82100 NA
14590 84000 NA
14591 84000 NA
14592 84000 NA
14593 84000 NA
14594 84000 NA
14595 85300 NA
14596 85300 NA
14597 85300 NA
14598 85300 NA
14599 87000 NA
14600 87000 NA
14601 87000 NA
14602 87000 NA
14603 87000 NA
14604 86300 NA
14605 86300 NA
14606 86300 NA
14607 86300 NA
14608 86300 NA
14609 86300 NA
14610 86100 NA
14611 86100 NA
14612 86100 NA
14613 86100 NA
14614 86100 NA
14615 86100 NA
14616 85400 NA
14617 85400 NA
14618 85400 NA
14619 85400 NA
14620 85400 NA
14621 86500 NA
14622 86500 NA
14623 86500 NA
14624 86500 NA
14625 86500 NA
14626 86900 NA
14627 86900 NA
14628 86900 NA
14629 86900 NA
14630 86900 NA
14631 86900 NA
14632 86900 NA
14633 87400 NA
14634 87400 NA
14635 87400 NA
14636 87400 NA
14637 87400 NA
14638 87300 NA
14639 87300 NA
14640 87300 NA
14641 87300 NA
14642 87300 NA
14643 89500 NA
14644 89500 NA
14645 89500 NA
14646 89500 NA
14647 93300 NA
14648 93300 NA
14649 93300 NA
14650 93300 NA
14651 93300 NA
14653 96000 NA
14654 96000 NA
14655 96000 NA
14656 96000 NA
14657 96000 NA
14658 100100 NA
14659 100100 NA
14660 100100 NA
14661 100100 NA
14662 97900 NA
14663 97900 NA
14664 97900 NA
14665 97900 NA
14666 93300 NA
14667 93300 NA
14668 93300 NA
14669 93300 NA
14670 93300 NA
14671 93300 NA
14672 90800 NA
14673 90800 NA
14674 90800 NA
14675 90800 NA
14676 91900 NA
14677 91900 NA
14678 91900 NA
14679 91900 NA
14680 91900 NA
14681 92500 NA
14682 92500 NA
14683 92500 NA
14684 92500 NA
14685 92500 NA
14686 92500 NA
14687 93800 NA
14688 93800 NA
14689 93800 NA
14690 93800 NA
14691 93600 NA
14692 93600 NA
14693 93600 NA
14694 93600 NA
14695 93600 NA
14696 93600 NA
14697 93000 NA
14698 93000 NA
14699 93000 NA
14700 93000 NA
14701 93000 NA
14702 93100 NA
14703 93100 NA
14704 93100 NA
14705 93100 NA
14706 93100 NA
14707 91700 NA
14708 91700 NA
14709 91700 NA
14710 91700 NA
14711 91700 NA
14712 90600 NA
14713 90600 NA
14714 90600 NA
14715 90600 NA
14716 90600 NA
14717 90500 NA
14718 90500 NA
14719 90500 NA
14720 90500 NA
14721 90500 NA
14722 90500 NA
14723 90500 NA
14724 89700 NA
14725 89700 NA
14726 89700 NA
14727 89700 NA
14728 89700 NA
14729 89700 NA
14730 88300 NA
14731 88300 NA
14732 88300 NA
14733 88300 NA
14734 88300 NA
14735 88300 NA
14736 86800 NA
14737 86800 NA
14738 86800 NA
14739 86800 NA
14740 86800 NA
14741 85000 NA
14742 85000 NA
14743 85000 NA
14744 85000 NA
14745 85000 NA
14746 84300 NA
14747 84300 NA
14748 84300 NA
14749 84300 NA
14750 84300 NA
14751 84300 NA
14752 81800 NA
14753 81800 NA
14754 81800 NA
14755 81800 NA
14756 81800 NA
14757 81800 NA
14758 79800 NA
14759 79800 NA
14760 79800 NA
14761 79800 NA
14762 77400 NA
14763 77400 NA
14764 77400 NA
14765 77400 NA
14766 77400 NA
14767 76000 NA
14768 76000 NA
14769 76000 NA
14770 76000 NA
14771 74700 NA
14772 74700 NA
14773 74700 NA
14774 74700 NA
14775 73400 NA
14776 73400 NA
14777 73400 NA
14778 73400 NA
14779 73400 NA
14780 71900 NA
14781 71900 NA
14782 71900 NA
14783 71900 NA
14784 71200 NA
14785 71200 NA
14786 71200 NA
14787 71200 NA
14788 69700 NA
14789 69700 NA
14790 69700 NA
14791 69700 NA
14792 68900 NA
14793 68900 NA
14794 68900 NA
14795 68900 NA
14796 68900 NA
14797 68900 NA
14798 68400 NA
14799 68400 NA
14800 68400 NA
14801 68400 NA
14802 68400 NA
14803 67500 NA
14804 67500 NA
14805 67500 NA
14806 67500 NA
14807 65800 NA
14808 65800 NA
14809 65800 NA
14810 65800 NA
14811 65800 NA
14812 64600 NA
14813 64600 NA
14814 64600 NA
14815 64600 NA
14816 64600 NA
14817 63500 NA
14818 63500 NA
14819 63500 NA
14820 63500 NA
14821 62400 NA
14822 62400 NA
14823 62400 NA
14824 62400 NA
14825 62200 NA
14826 62200 NA
14827 62200 NA
14828 62200 NA
14829 62200 NA
14830 60700 NA
14831 60700 NA
14832 60700 NA
14833 60700 NA
14834 60700 NA
14835 59700 NA
14836 59700 NA
14837 59700 NA
14838 59700 NA
14839 59700 NA
14840 58700 NA
14841 58700 NA
14842 58700 NA
14843 58700 NA
14844 57600 NA
14845 57600 NA
14846 57600 NA
14847 57600 NA
14848 57100 NA
14849 57100 NA
14850 57100 NA
14851 57100 NA
14852 56300 NA
14853 56300 NA
14854 56300 NA
14855 56300 NA
14856 56300 NA
14857 56400 NA
14858 56400 NA
14859 56400 NA
14860 56400 NA
14861 56400 NA
14862 56400 NA
14863 56000 NA
14864 56000 NA
14865 56000 NA
14866 56000 NA
14867 56000 NA
14868 55200 NA
14869 55200 NA
14870 55200 NA
14871 55200 NA
14872 55100 NA
14873 55100 NA
14874 55100 NA
14875 55100 NA
14876 55100 NA
14877 54500 NA
14878 54500 NA
14879 54500 NA
14880 54500 NA
14881 54500 NA
14882 53300 NA
14883 53300 NA
14884 53300 NA
14885 53300 NA
14886 53200 NA
14887 53200 NA
14888 53200 NA
14889 53200 NA
14890 53200 NA
14891 53200 NA
14892 51800 NA
14893 51800 NA
14894 51800 NA
14895 51800 NA
14896 51800 NA
14897 50600 NA
14898 50600 NA
14899 50600 NA
14900 50600 NA
14901 50600 NA
14902 50600 NA
14903 49900 NA
14904 49900 NA
14905 49900 NA
14906 49900 NA
14907 48900 NA
14908 48900 NA
14909 48900 NA
14910 48900 NA
14911 48900 NA
14912 47400 NA
14913 47400 NA
14914 47400 NA
14915 47400 NA
14916 47400 NA
14917 47400 NA
14918 46000 NA
14920 46000 NA
14921 46000 NA
14922 45700 NA
14923 45700 NA
14924 45700 NA
14925 45700 NA
14926 45700 NA
14927 45700 NA
14928 45100 NA
14929 45100 NA
14930 45100 NA
14931 45100 NA
14932 45100 NA
14933 45100 NA
14934 44900 NA
14935 44900 NA
14936 44900 NA
14937 44900 NA
14938 44200 NA
14939 44200 NA
14940 44200 NA
14941 44200 NA
14942 44200 NA
14943 44100 NA
14944 44100 NA
14945 44100 NA
14946 44100 NA
14947 44400 NA
14948 44400 NA
14949 44400 NA
14950 44400 NA
14951 44200 NA
14952 44200 NA
14953 44200 NA
14954 44200 NA
14955 44200 NA
14956 45700 NA
14957 45700 NA
14958 45700 NA
14959 45700 NA
14960 47500 NA
14961 47500 NA
14962 47500 NA
14963 47500 NA
14964 47500 NA
14965 48900 NA
14966 48900 NA
14967 48900 NA
14968 48900 NA
14969 50500 NA
14970 50500 NA
14971 50500 NA
14972 50500 NA
14973 50500 NA
14974 49500 NA
14975 49500 NA
14979 49400 NA
14981 49400 NA
14983 50000 NA
14984 49400 NA
14987 49400 NA
14988 48800 NA
14992 48800 NA
14993 49200 NA
14996 49200 NA
14998 50900 NA
15001 50900 NA
15003 52700 NA
15005 52700 NA
15007 54600 NA
15009 54600 NA
15013 54300 NA
15019 55800 NA
15020 55800 NA
15025 57700 NA
15029 58900 NA
15033 58900 NA
15035 61300 NA
15038 61300 NA
15039 63800 NA
15044 63800 NA
15046 66200 NA
15050 66200 NA
15052 69000 NA
15055 69000 NA
15058 71900 NA
15061 71900 NA
15063 74900 NA
15067 74900 NA
15070 78000 NA
15073 78000 NA
15076 81300 NA
15080 81300 NA
15082 84800 NA
15087 84800 NA
15088 88400 NA
15090 88400 NA
15094 92200 NA
15098 92200 NA
15101 96100 NA
15106 96100 NA
15107 100200 NA
15110 100200 NA
15114 104600 NA
15116 104600 NA
15120 109100 NA
15125 109100 NA
15128 112500 NA
15133 112500 NA
15135 115600 NA
15136 115600 NA
15142 120300 NA
15145 120300 NA
15149 123400 NA
15150 123400 NA
15154 127600 NA
15159 127600 NA
15161 132400 NA
15165 132400 NA
15169 136843 NA
15172 136800 NA
15177 141900 NA
15179 141900 NA
15184 144000 NA
15187 144000 NA
15189 141000 NA
15194 141000 NA
15196 137400 NA
15199 137400 NA
15204 135300 NA
15208 134900 NA
15215 132500 NA
15221 132500 NA
15222 131900 NA
15227 131900 NA
15229 132500 NA
15232 132500 NA
15235 132300 NA
15242 132300 NA
15243 132500 NA
15248 132500 NA
15250 131500 NA
15257 132800 NA
15258 132800 NA
15264 136800 NA
15271 136800 NA
15273 139000 NA
15277 139000 NA
15280 136700 NA
15284 136700 NA
15287 134600 NA
15294 129800 NA
15297 129800 NA
15302 123600 NA
15307 123600 NA
15308 123400 NA
15310 123400 NA
15312 123435 NA
15314 123435 NA
15315 127185 NA
15322 127185 NA
15323 127893 NA
15330 127893 NA
15331 127893 NA
15332 127714 NA
15338 127714 NA
15339 126978 NA
15340 126978 NA
15341 126978 NA
15342 126978 NA
15343 126978 NA
15344 126978 NA
15345 126978 NA
15346 126978 NA
15347 126978 NA
15348 125629 NA
15349 125629 NA
15350 125629 NA
15351 125629 NA
15352 125629 NA
15353 125629 NA
15354 125629 NA
15355 125629 NA
15356 122259 NA
15357 122259 NA
15358 122259 NA
15359 122259 NA
15360 122259 NA
15361 122259 NA
15362 122259 NA
15363 122259 NA
15364 122259 NA
15365 117732 NA
15366 117732 NA
15367 117732 NA
15368 117732 NA
15369 117732 NA
15370 117732 NA
15371 117732 NA
15372 117732 NA
15373 116685 NA
15374 116685 NA
15375 116685 NA
15376 116685 NA
15377 116685 NA
15378 116685 NA
15379 116685 NA
15380 116685 NA
15381 116685 NA
15382 114309 NA
15383 114309 NA
15384 114309 NA
15385 114309 NA
15386 114309 NA
15387 114309 NA
15388 114309 NA
15389 114309 NA
15390 114309 NA
15391 114309 NA
15392 114309 NA
15393 114309 NA
15394 114309 NA
15395 111260 NA
15396 111260 NA
15397 111260 NA
15398 111260 NA
15399 111260 NA
15400 111260 NA
15401 111260 NA
15402 111260 NA
15403 111260 NA
15404 108535 NA
15405 108535 NA
15406 108535 NA
15407 108535 NA
15408 108535 NA
15409 108535 NA
15410 108535 NA
15411 108535 NA
15412 106505 NA
15413 106505 NA
15414 106505 NA
15415 106505 NA
15416 106505 NA
15417 106505 NA
15418 106505 NA
15419 106505 NA
15420 106505 NA
15421 101718 NA
15422 101718 NA
15423 101718 NA
15424 101718 NA
15425 101718 NA
15426 101718 NA
15427 101718 NA
15428 101718 NA
15429 101718 NA
15430 96824 NA
15431 96824 NA
15432 96824 NA
15433 96824 NA
15434 96824 NA
15435 96824 NA
15436 96824 NA
15437 96824 NA
15438 92713 NA
15439 92713 NA
15440 92713 NA
15441 92713 NA
15442 92713 NA
15443 92713 NA
15444 92713 NA
15445 92713 NA
15446 92713 NA
15447 89157 NA
15448 89157 NA
15449 89157 NA
15450 89157 NA
15451 89157 NA
15452 89157 NA
15453 89157 NA
15454 89157 NA
15455 89157 NA
15456 87044 NA
15457 87044 NA
15458 87044 NA
15459 87044 NA
15460 87044 NA
15461 87044 NA
15462 87044 NA
15463 87044 NA
15464 87044 NA
15465 83370 NA
15466 83370 NA
15467 83370 NA
15468 83370 NA
15469 83370 NA
15470 83370 NA
15471 83370 NA
15472 83370 NA
15473 83370 NA
15474 80399 NA
15475 80399 NA
15476 80399 NA
15477 80399 NA
15478 80399 NA
15479 80399 NA
15480 80399 NA
15481 76757 NA
15482 76757 NA
15483 76757 NA
15484 76757 NA
15485 76757 NA
15486 76757 NA
15487 73028 NA
15488 73028 NA
15489 73028 NA
15490 73028 NA
15491 73028 NA
15492 73028 NA
15493 73028 NA
15494 69536 NA
15495 69536 NA
15496 69536 NA
15497 69536 NA
15498 69536 NA
15499 69536 NA
15500 69536 NA
15501 66287 NA
15502 66287 NA
15503 66287 NA
15504 66287 NA
15505 66287 NA
15506 66287 NA
15507 63589 NA
15508 63589 NA
15509 63589 NA
15510 63589 NA
15511 63589 NA
15512 63589 NA
15513 62304 NA
15514 62304 NA
15515 62304 NA
15516 62304 NA
15517 62304 NA
15518 62304 NA
15519 62304 NA
15520 62304 NA
15521 61378 NA
15522 61378 NA
15523 61378 NA
15524 61378 NA
15525 61378 NA
15526 61378 NA
15527 61378 NA
15528 61378 NA
15529 60663 NA
15530 60663 NA
15531 60663 NA
15532 60663 NA
15533 60663 NA
15534 60663 NA
15535 60663 NA
15536 60663 NA
15537 59505 NA
15538 59505 NA
15539 59505 NA
15540 59505 NA
15541 59505 NA
15542 59505 NA
15543 59505 NA
15544 59505 NA
15545 59505 NA
15546 57982 NA
15547 57982 NA
15548 57982 NA
15549 57982 NA
15550 57982 NA
15551 57982 NA
15552 57982 NA
15553 57982 NA
15554 56969 NA
15555 56969 NA
15556 56969 NA
15557 56969 NA
15558 56969 NA
15559 56969 NA
15560 56969 NA
15561 56969 NA
15562 56740 NA
15563 56740 NA
15564 56740 NA
15565 56740 NA
15566 56740 NA
15567 56740 NA
15568 56740 NA
15569 56679 NA
15570 56679 NA
15571 56679 NA
15572 56679 NA
15573 56679 NA
15574 56679 NA
15575 56679 NA
15576 56679 NA
15577 54559 NA
15578 54559 NA
15579 54559 NA
15580 54559 NA
15581 54559 NA
15582 54559 NA
15583 54559 NA
15584 52721 NA
15585 52721 NA
15586 52721 NA
15587 52721 NA
15588 52721 NA
15589 52721 NA
15590 52721 NA
15591 51065 NA
15592 51065 NA
15593 51065 NA
15594 51065 NA
15595 51065 NA
15596 51065 NA
15597 51065 NA
15598 50224 NA
15599 50224 NA
15600 50224 NA
15601 50224 NA
15602 50224 NA
15603 50224 NA
15604 50224 NA
15605 50224 NA
15606 49031 NA
15607 49031 NA
15608 49031 NA
15609 49031 NA
15610 49031 NA
15611 49031 NA
15612 49031 NA
15613 49031 NA
15614 49031 NA
15615 48469 NA
15616 48469 NA
15617 48469 NA
15618 48469 NA
15619 48469 NA
15620 48469 NA
15621 48469 NA
15622 48469 NA
15623 48469 NA
15624 48469 NA
15625 47456 NA
15626 47456 NA
15627 47456 NA
15628 47456 NA
15629 47456 NA
15630 47456 NA
15631 47456 NA
15632 47456 NA
15633 47514 NA
15634 47514 NA
15635 47514 NA
15636 47514 NA
15637 47514 NA
15638 47514 NA
15639 47514 NA
15640 47514 NA
15641 47514 NA
15642 47514 NA
15643 46880 NA
15644 46880 NA
15645 46880 NA
15646 46880 NA
15647 46880 NA
15648 46880 NA
15649 46880 NA
15650 46882 NA
15651 46884 NA
15652 46886 NA
15653 46889 NA
15654 46891 NA
15655 46893 NA
15656 46895 NA
15657 46897 NA
15658 46897 NA
15659 46897 NA
15660 44939 NA
15661 44939 NA
15662 44939 NA
15663 44939 NA
15664 44939 NA
15665 44939 NA
15666 44939 NA
15667 44939 NA
15668 44939 NA
15669 44939 NA
15670 44028 NA
15671 44028 NA
15672 44028 NA
15673 44028 NA
15674 44028 NA
15675 44028 NA
15676 44028 NA
15677 44028 NA
15678 44028 NA
15679 44028 NA
15680 44028 NA
15681 44028 NA
15682 44028 NA
15683 44028 NA
15684 44028 NA
15685 44028 NA
15686 44028 NA
15687 43144 NA
15688 43144 NA
15689 43144 NA
15690 43144 NA
15691 43144 NA
15692 43144 NA
15693 43144 NA
15694 43144 NA
15695 43144 NA
15696 43144 NA
15697 43144 NA
15698 43144 NA
15699 43144 NA
15700 43144 NA
15701 43208 NA
15702 43208 NA
15703 43208 NA
15704 43208 NA
15705 43208 NA
15706 43208 NA
15707 43208 NA
15708 43208 NA
15709 43208 NA
15710 43208 NA
15711 43208 NA
15712 43208 NA
15713 43208 NA
15714 43208 NA
15715 43208 NA
15716 43208 NA
15717 43208 NA
15718 43314 NA
15719 43314 NA
15720 43314 NA
15721 43314 NA
15722 43314 NA
15723 43314 NA
15724 43314 NA
15725 43314 NA
15726 43314 NA
15727 43314 NA
15728 43314 NA
15729 43314 NA
15730 43314 NA
15731 43314 NA
15732 43314 NA
15733 43314 NA
15734 43314 NA
15735 44221 NA
15736 44221 NA
15737 44221 NA
15738 44221 NA
15739 44221 NA
15740 44221 NA
15741 44221 NA
15742 44221 NA
15743 44221 NA
15744 44221 NA
15745 44221 NA
15746 44221 NA
15747 44221 NA
15748 44221 NA
15749 44221 NA
15750 44221 NA
15751 44221 NA
15752 44221 NA
15753 44221 NA
15754 43862 NA
15755 43862 NA
15756 43862 NA
15757 43862 NA
15758 43862 NA
15759 43862 NA
15760 43862 NA
15761 43862 NA
15762 43862 NA
15763 43862 NA
15764 43862 NA
15765 43862 NA
15766 43862 NA
15767 43862 NA
15768 43862 NA
15769 43862 NA
15770 43862 NA
15771 43862 NA
15772 43862 NA
15773 43862 NA
15774 43862 NA
15775 43036 NA
15776 43036 NA
15777 43036 NA
15778 43036 NA
15779 43036 NA
15780 43036 NA
15781 43036 NA
15782 43036 NA
15783 43036 NA
15784 43036 NA
15785 43036 NA
15786 43036 NA
15787 43036 NA
15788 43036 NA
15789 43036 NA
15790 43036 NA
15791 43036 NA
15792 43036 NA
15793 43036 NA
15794 43036 NA
15795 43036 NA
15796 43036 NA
15797 42519 NA
15798 42519 NA
15799 42519 NA
15800 42519 NA
15801 42519 NA
15802 42519 NA
15803 42519 NA
15804 42519 NA
15805 42519 NA
15806 42519 NA
15807 42519 NA
15808 42519 NA
15809 42519 NA
15810 42519 NA
15811 42519 NA
15812 42519 NA
15813 42519 NA
15814 42519 NA
15815 42519 NA
15816 42519 NA
15817 42519 NA
15818 42519 NA
15819 42519 NA
15820 42519 NA
15821 42519 NA
15822 42519 NA
15823 42519 NA
15824 42525 NA
15825 42525 NA
15826 42525 NA
15827 42525 NA
15828 42525 NA
15829 42525 NA
15830 42525 NA
15831 42525 NA
15832 42525 NA
15833 42525 NA
15834 42525 NA
15835 42525 NA
15836 42525 NA
15837 42525 NA
15838 42525 NA
15839 42525 NA
15840 42525 NA
15841 42525 NA
15842 42525 NA
15843 42525 NA
15844 42525 NA
15845 42525 NA
15846 42525 NA
15847 42525 NA
15848 42525 NA
15849 42525 NA
15850 42525 NA
15851 42525 NA
15852 42525 NA
15853 42525 NA
15854 42525 NA
15855 42525 NA
15856 42525 NA
15857 42525 NA
15858 42525 NA
15859 42112 NA
15860 42112 NA
15861 42112 NA
15862 42112 NA
15863 42112 NA
15864 42112 NA
15865 42112 NA
15866 42112 NA
15867 42112 NA
15868 42112 NA
15869 42112 NA
15870 42112 NA
15871 42112 NA
15872 42112 NA
15873 42112 NA
15874 42112 NA
15875 42112 NA
15876 42112 NA
15877 42112 NA
15878 42112 NA
15879 42112 NA
15880 42112 NA
15881 42112 NA
15882 42112 NA
15883 42112 NA
15884 42112 NA
15885 42112 NA
15886 42112 NA
15887 42112 NA
15888 42112 NA
15889 42112 NA
15890 42112 NA
15891 42112 NA
15892 42407 NA
15893 42407 NA
15894 42407 NA
15895 42407 NA
15896 42407 NA
15897 42407 NA
15898 42407 NA
15899 42407 NA
15900 42407 NA
15901 42407 NA
15902 42407 NA
15903 42407 NA
15904 42407 NA
15905 42407 NA
15906 42407 NA
15907 42407 NA
15908 42407 NA
15909 42407 NA
15910 42407 NA
15911 42407 NA
15912 42407 NA
15913 42407 NA
15914 42407 NA
15915 42407 NA
15916 42407 NA
15917 42407 NA
15918 42407 NA
15919 42407 NA
15920 42407 NA
15921 42407 NA
15922 42407 NA
15923 42407 NA
15924 42701 NA
15925 42701 NA
15926 42701 NA
15927 42701 NA
15928 42701 NA
15929 42701 NA
15930 42701 NA
15931 42701 NA
15932 42701 NA
15933 42701 NA
15934 42701 NA
15935 42701 NA
15936 42701 NA
15937 42701 NA
15938 42701 NA
15939 42701 NA
15940 42701 NA
15941 42701 NA
15942 42701 NA
15943 42701 NA
15944 42701 NA
15945 42701 NA
15946 42701 NA
15947 42701 NA
15948 42701 NA
15949 42701 NA
15950 42701 NA
15951 42701 NA
15952 42701 NA
15953 42701 NA
15954 42701 NA
15955 42701 NA
15956 42701 NA
15957 42701 NA
15958 42701 NA
15959 42701 NA
15960 42701 NA
15961 42701 NA
15962 42701 NA
15963 42701 NA
15964 42701 NA
15965 42701 NA
15966 42701 NA
15967 42701 NA
15968 42701 NA
15969 42701 NA
15970 42701 NA
15971 42701 NA
15972 42701 NA
15973 42701 NA
15974 42701 NA
15975 42701 NA
15976 42701 NA
15977 42907 NA
15978 42907 NA
15979 42907 NA
15980 42907 NA
15981 42907 NA
15982 42907 NA
15983 42907 NA
15984 42907 NA
15985 42907 NA
15986 42907 NA
15987 42907 NA
15988 42907 NA
15989 42907 NA
15990 42907 NA
15991 42907 NA
15992 42907 NA
15993 42907 NA
15994 42907 NA
15995 42907 NA
15996 42907 NA
15997 42907 NA
15998 42907 NA
15999 42907 NA
16000 42907 NA
16001 42907 NA
16002 42907 NA
16003 42907 NA
16004 42907 NA
16005 42907 NA
16006 42907 NA
16007 42907 NA
16008 42907 NA
16009 42907 NA
16010 42907 NA
16011 42907 NA
16012 42907 NA
16013 42907 NA
16014 42907 NA
16015 42907 NA
16016 42907 NA
16017 42907 NA
16018 42907 NA
16019 42907 NA
16020 42907 NA
16021 42907 NA
16022 42907 NA
16023 42907 NA
16024 42907 NA
16025 42907 NA
16026 42907 NA
16027 42907 NA
16028 42907 NA
16029 42907 NA
16030 42907 NA
16031 42907 NA
16032 42907 NA
16033 43715 NA
16034 43715 NA
16035 43715 NA
16036 43715 NA
16037 43715 NA
16038 43715 NA
16039 43715 NA
16040 43715 NA
16041 43715 NA
16042 43715 NA
16043 43715 NA
16044 43715 NA
16045 43715 NA
16046 43715 NA
16047 43715 NA
16048 43715 NA
16049 43715 NA
16050 43715 NA
16051 43715 NA
16052 43715 NA
16053 43715 NA
16054 43715 NA
16055 43715 NA
16056 43715 NA
16057 43715 NA
16058 43715 NA
16059 43715 NA
16060 43715 NA
16061 43715 NA
16062 43715 NA
16063 43715 NA
16064 43715 NA
16065 43715 NA
16066 43715 NA
16067 43715 NA
16068 43715 NA
16069 43715 NA
16070 43715 NA
16071 43715 NA
16072 43715 NA
16073 43715 NA
16074 43715 NA
16075 43715 NA
16076 43715 NA
16077 43715 NA
16078 43715 NA
16079 43715 NA
16080 43715 NA
16081 43715 NA
16082 43715 NA
16083 43715 NA
16084 43715 NA
16085 43620 NA
16086 43620 NA
16087 43620 NA
16088 43620 NA
16089 43620 NA
16090 43620 NA
16091 43620 NA
16092 43620 NA
16093 43620 NA
16094 43620 NA
16095 43620 NA
16096 43620 NA
16097 43620 NA
16098 43620 NA
16099 43620 NA
16100 43620 NA
16101 43620 NA
16102 43620 NA
16103 43620 NA
16104 43620 NA
16105 43620 NA
16106 43620 NA
16107 43620 NA
16108 43620 NA
16109 43620 NA
16110 43620 NA
16111 43620 NA
16112 43620 NA
16113 43620 NA
16114 43620 NA
16115 43620 NA
16116 43620 NA
16117 43620 NA
16118 43620 NA
16119 43620 NA
16120 43620 NA
16121 43620 NA
16122 43620 NA
16123 43620 NA
16124 43620 NA
16125 43620 NA
16126 43620 NA
16127 43620 NA
16128 43620 NA
16129 43620 NA
16130 43620 NA
16131 43620 NA
16132 43778 NA
16133 43778 NA
16134 43778 NA
16135 43778 NA
16136 43778 NA
16137 43778 NA
16138 43778 NA
16139 43778 NA
16140 43778 NA
16141 43778 NA
16142 43778 NA
16143 43778 NA
16144 43778 NA
16145 43778 NA
16146 43778 NA
16147 43778 NA
16148 43778 NA
16149 43778 NA
16150 43778 NA
16151 43778 NA
16152 43778 NA
16153 43778 NA
16154 43778 NA
16155 43778 NA
16156 43778 NA
16157 43778 NA
16158 43778 NA
16159 43778 NA
16160 43778 NA
16161 43778 NA
16162 43778 NA
16163 43778 NA
16164 43778 NA
16165 43778 NA
16166 43778 NA
16167 43778 NA
16168 43778 NA
16169 43778 NA
16170 43778 NA
16171 43778 NA
16172 43778 NA
16173 43778 NA
16174 43778 NA
16175 43778 NA
16176 43778 NA
16177 43778 NA
16178 43778 NA
16179 43778 NA
16180 43778 NA
16181 43778 NA
16182 43778 NA
16183 43778 NA
16184 43778 NA
16185 43778 NA
16186 43778 NA
16187 43778 NA
16188 43778 NA
16189 43778 NA
16190 43778 NA
16191 43778 NA
16192 43778 NA
16193 43778 NA
16194 44509 NA
16195 44509 NA
16196 44509 NA
16197 44509 NA
16198 44509 NA
16199 44509 NA
16200 44509 NA
16201 44509 NA
16202 44509 NA
16203 44509 NA
16204 44509 NA
16205 44509 NA
16206 44509 NA
16207 44509 NA
16208 44509 NA
16209 44509 NA
16210 44509 NA
16211 44509 NA
16212 44509 NA
16213 44509 NA
16214 44509 NA
16215 44509 NA
16216 44509 NA
16217 44509 NA
16218 44509 NA
16219 44509 NA
16220 44509 NA
16221 44509 NA
16222 44509 NA
16223 44509 NA
16224 44509 NA
16225 44509 NA
16226 44509 NA
16227 44509 NA
16228 44509 NA
16229 44509 NA
16230 44509 NA
16231 44509 NA
16232 44509 NA
16233 44509 NA
16234 44509 NA
16235 44509 NA
16236 44509 NA
16237 44509 NA
16238 44509 NA
16239 44509 NA
16240 44509 NA
16241 44509 NA
16242 44509 NA
16243 44509 NA
16244 44509 NA
16245 44509 NA
16246 44509 NA
16247 44509 NA
16248 44509 NA
16249 44509 NA
16250 44509 NA
16251 44509 NA
16252 44509 NA
16253 44509 NA
16254 44509 NA
16255 44509 NA
16256 44509 NA
16257 44509 NA
16258 44509 NA
16259 44509 NA
16260 44509 NA
16261 44748 NA
16262 44748 NA
16263 44748 NA
16264 44748 NA
16265 44748 NA
16266 44748 NA
16267 44748 NA
16268 44748 NA
16269 44748 NA
16270 44748 NA
16271 44748 NA
16272 44748 NA
16273 44748 NA
16274 44748 NA
16275 44748 NA
16276 44748 NA
16277 44748 NA
16278 44748 NA
16279 44748 NA
16280 44748 NA
16281 44748 NA
16282 44748 NA
16283 44748 NA
16284 44748 NA
16285 43673 NA
16286 43673 NA
16287 43673 NA
16288 43673 NA
16289 43673 NA
16290 43673 NA
16291 43673 NA
16292 43673 NA
16293 43673 NA
16294 43673 NA
16295 43673 NA
16296 43673 NA
16297 43673 NA
16298 43673 NA
16299 43673 NA
16300 43673 NA
16301 43673 NA
16302 43673 NA
16303 43673 NA
16304 43673 NA
16305 43673 NA
16306 43673 NA
16307 43673 NA
16308 43673 NA
16309 43673 NA
16310 43673 NA
16311 43673 NA
16312 43673 NA
16313 43673 NA
16314 43673 NA
16315 43673 NA
16316 43673 NA
16317 43673 NA
16318 43673 NA
16319 43673 NA
16320 43673 NA
16321 43673 NA
16322 43673 NA
16323 43673 NA
16324 43673 NA
16325 43673 NA
16326 43673 NA
16327 42793 NA
16328 42793 NA
16329 42793 NA
16330 42793 NA
16331 42793 NA
16332 42793 NA
16333 42793 NA
16334 42793 NA
16335 42793 NA
16336 42793 NA
16337 42793 NA
16338 42793 NA
16339 42793 NA
16340 42793 NA
16341 42793 NA
16342 42793 NA
16343 42793 NA
16344 42793 NA
16345 42793 NA
16346 42793 NA
16347 42793 NA
16348 42793 NA
16349 42793 NA
16350 42793 NA
16351 42793 NA
16352 42793 NA
16353 42793 NA
16354 42793 NA
16355 42793 NA
16356 42793 NA
16357 42793 NA
16358 42793 NA
16359 42793 NA
16360 42793 NA
16361 42793 NA
16362 42793 NA
16363 42793 NA
16364 42793 NA
16365 42793 NA
16366 42793 NA
16367 42793 NA
16368 42793 NA
16369 42793 NA
16370 42793 NA
16371 42793 NA
16372 42793 NA
16373 42793 NA
16374 42793 NA
16375 42793 NA
16376 42793 NA
16377 42271 NA
16378 42271 NA
16379 42271 NA
16380 42271 NA
16381 42271 NA
16382 42271 NA
16383 42271 NA
16384 42271 NA
16385 42271 NA
16386 42271 NA
16387 42271 NA
16388 42271 NA
16389 42271 NA
16390 42271 NA
16391 42271 NA
16392 42271 NA
16393 42271 NA
16394 42271 NA
16395 42271 NA
16396 42271 NA
16397 42271 NA
16398 42271 NA
16399 42271 NA
16400 42271 NA
16401 42271 NA
16402 42271 NA
16403 42271 NA
16404 42271 NA
16405 42271 NA
16406 42271 NA
16407 42271 NA
16408 42271 NA
16409 42271 NA
16410 42271 NA
16411 42271 NA
16412 42271 NA
16413 42271 NA
16414 42271 NA
16415 42271 NA
16416 42271 NA
16417 42271 NA
16418 42271 NA
16419 42271 NA
16420 42271 NA
16421 42271 NA
16422 42271 NA
16423 42271 NA
16424 42271 NA
16425 42271 NA
16426 42271 NA
16427 42271 NA
16428 42708 NA
16429 42708 NA
16430 42708 NA
16431 42708 NA
16432 42708 NA
16433 42708 NA
16434 42708 NA
16435 42708 NA
16436 42708 NA
16437 42708 NA
16438 42708 NA
16439 42708 NA
16440 42708 NA
16441 42708 NA
16442 42708 NA
16443 42708 NA
16444 42708 NA
16445 42708 NA
16446 42708 NA
16447 42708 NA
16448 42708 NA
16449 42708 NA
16450 42708 NA
16451 42708 NA
16452 42708 NA
16453 42708 NA
16454 42708 NA
16455 42708 NA
16456 42708 NA
16457 42708 NA
16458 42708 NA
16459 42708 NA
16460 42708 NA
16461 42708 NA
16462 42708 NA
16463 42708 NA
16464 42708 NA
16465 42708 NA
16466 42708 NA
16467 42708 NA
16468 42708 NA
16469 42708 NA
16470 42708 NA
16471 42708 NA
16472 42708 NA
16473 42708 NA
16474 42708 NA
16475 42708 NA
16476 42708 NA
16477 42708 NA
16478 42708 NA
16479 42708 NA
16480 42985 NA
16481 42985 NA
16482 42985 NA
16483 42985 NA
16484 42985 NA
16485 42985 NA
16486 42985 NA
16487 42985 NA
16488 42985 NA
16489 42985 NA
16490 42985 NA
16491 42985 NA
16492 42985 NA
16493 42985 NA
16494 42985 NA
16495 42985 NA
16496 42985 NA
16497 42985 NA
16498 42985 NA
16499 42985 NA
16500 42985 NA
16501 42985 NA
16502 42985 NA
16503 42985 NA
16504 42985 NA
16505 42985 NA
16506 42985 NA
16507 42985 NA
16508 42985 NA
16509 42985 NA
16510 42985 NA
16511 42985 NA
16512 42985 NA
16513 42985 NA
16514 42985 NA
16515 42985 NA
16516 42985 NA
16517 42985 NA
16518 42985 NA
16519 42985 NA
16520 42985 NA
16521 42985 NA
16522 42985 NA
16523 42985 NA
16524 42985 NA
16525 42985 NA
16526 42985 NA
16527 42985 NA
16528 42985 NA
16529 42985 NA
16530 42985 NA
16531 42985 NA
16532 42985 NA
16533 42985 NA
16534 42985 NA
16535 42985 NA
16536 42985 NA
16537 42985 NA
16538 42985 NA
16539 42985 NA
16540 42985 NA
16541 43474 NA
16542 43474 NA
16543 43474 NA
16544 43474 NA
16545 43474 NA
16546 43474 NA
16547 43474 NA
16548 43474 NA
16549 43474 NA
16550 43474 NA
16551 43474 NA
16552 43474 NA
16553 43474 NA
16554 43474 NA
16555 43474 NA
16556 43474 NA
16557 43474 NA
16558 43474 NA
16559 43474 NA
16560 43474 NA
16561 43474 NA
16562 43474 NA
16563 43474 NA
16564 43474 NA
16565 43474 NA
16566 43474 NA
16567 43474 NA
16568 43474 NA
16569 43474 NA
16570 43474 NA
16571 43474 NA
16572 43474 NA
16573 43474 NA
16574 43474 NA
16575 43474 NA
16576 43474 NA
16577 43474 NA
16578 43474 NA
16579 43474 NA
16580 43474 NA
16581 43474 NA
16582 43474 NA
16583 43474 NA
16584 43474 NA
16585 43474 NA
16586 43474 NA
16587 43474 NA
16588 43474 NA
16589 43474 NA
16590 43474 NA
16591 43474 NA
16592 43474 NA
16593 43474 NA
16594 43474 NA
16595 43474 NA
16596 43474 NA
16597 43474 NA
16598 43474 NA
16599 43474 NA
16600 43474 NA
16601 43474 NA
16602 43474 NA
16603 43474 NA
16604 43474 NA
16605 43474 NA
16606 43474 NA
16607 43474 NA
16608 43474 NA
16609 43474 NA
16610 43474 NA
16611 42748 NA
16612 42748 NA
16613 42748 NA
16614 42748 NA
16615 42748 NA
16616 42748 NA
16617 42748 NA
16618 42748 NA
16619 42748 NA
16620 42748 NA
16621 42748 NA
16622 42748 NA
16623 42748 NA
16624 42748 NA
16625 42748 NA
16626 42748 NA
16627 42748 NA
16628 42748 NA
16629 42748 NA
16630 42748 NA
16631 42748 NA
16632 42748 NA
16633 42748 NA
16634 42748 NA
16635 42748 NA
16636 42748 NA
16637 42748 NA
16638 42748 NA
16639 42748 NA
16640 42748 NA
16641 42748 NA
16642 42748 NA
16643 42748 NA
16644 42748 NA
16645 42748 NA
16646 42748 NA
16647 42748 NA
16648 42748 NA
16649 42748 NA
16650 42748 NA
16651 42748 NA
16652 42748 NA
16653 42748 NA
16654 42748 NA
16655 42748 NA
16656 42748 NA
16657 42748 NA
16658 42748 NA
16659 42748 NA
16660 42748 NA
16661 42748 NA
16662 42748 NA
16663 42748 NA
16664 42748 NA
16665 42748 NA
16666 42748 NA
16668 42748 NA
16669 42748 NA
16670 42748 NA
16671 42748 NA
16672 42748 NA
16673 42748 NA
16674 42748 NA
16675 42748 NA
16676 42748 NA
16677 42010 NA
16678 42010 NA
16679 42010 NA
16680 42010 NA
16681 42010 NA
16682 42010 NA
16683 42010 NA
16684 42010 NA
16685 42010 NA
16686 42010 NA
16687 42010 NA
16688 42010 NA
16689 42010 NA
16690 42010 NA
16691 42010 NA
16692 42010 NA
16693 42010 NA
16694 42010 NA
16695 42010 NA
16696 42010 NA
16697 42010 NA
16698 42010 NA
16699 42010 NA
16700 42010 NA
16701 42010 NA
16702 42010 NA
16703 42010 NA
16704 42010 NA
16705 42010 NA
16706 42010 NA
16707 42010 NA
16708 42010 NA
16709 42010 NA
16710 42010 NA
16711 42010 NA
16712 42010 NA
16715 42010 NA
16717 42010 NA
16719 42010 NA
16720 42010 NA
16721 42010 NA
16722 42010 NA
16723 42010 NA
16724 42010 NA
16725 42010 NA
16726 42010 NA
16727 42010 NA
16728 42010 NA
16729 42010 NA
16730 42010 NA
16731 42010 NA
16732 42010 NA
16733 42010 NA
16734 42010 NA
16735 42010 NA
16736 42010 NA
16737 42010 NA
16738 42010 NA
16739 42010 NA
16740 42010 NA
16741 42010 NA
16742 42010 NA
16743 42010 NA
16744 42010 NA
16745 42010 NA
16746 42010 NA
16747 42010 NA
16748 42010 NA
16749 42010 NA
16750 42010 NA
16751 42010 NA
16752 42010 NA
16753 42010 NA
16754 42010 NA
16755 42010 NA
16756 42010 NA
16757 42010 NA
16759 42648 NA
16760 42648 NA
16761 42648 NA
16762 42648 NA
16763 42648 NA
16764 42648 NA
16765 42648 NA
16766 42648 NA
16767 42648 NA
16768 42648 NA
16769 42648 NA
16770 42648 NA
16771 42648 NA
16772 42648 NA
16773 42648 NA
16774 42648 NA
16775 42648 NA
16776 42648 NA
16777 42648 NA
16778 42648 NA
16779 42648 NA
16780 42648 NA
16781 42648 NA
16782 42648 NA
16783 42648 NA
16784 42648 NA
16785 42648 NA
16786 42648 NA
16787 42648 NA
16788 42648 NA
16789 42648 NA
16790 42648 NA
16791 42648 NA
16792 42648 NA
16793 42648 NA
16794 42648 NA
16795 42648 NA
16796 42648 NA
16797 42648 NA
16798 42648 NA
16799 42648 NA
16800 42648 NA
16801 42648 NA
16802 42648 NA
16803 42648 NA
16804 42648 NA
16805 42648 NA
16807 42648 NA
16808 42648 NA
16809 42648 NA
16810 42648 NA
16811 42648 NA
16812 42648 NA
16813 42648 NA
16814 42648 NA
16815 42648 NA
16816 42648 NA
16817 42648 NA
16818 42648 NA
16820 42648 NA
16821 42648 NA
16822 42648 NA
16823 42648 NA
16824 42648 NA
16825 42648 NA
16826 43863 NA
16827 43863 NA
16828 43863 NA
16829 43863 NA
16830 43863 NA
16831 43863 NA
16832 43863 NA
16833 43863 NA
16834 43863 NA
16835 43863 NA
16836 43863 NA
16837 43863 NA
16838 43863 NA
16839 43863 NA
16840 43863 NA
16841 43863 NA
16842 43863 NA
16843 43863 NA
16844 43863 NA
16845 43863 NA
16847 43863 NA
16849 43863 NA
16850 43863 NA
16851 43863 NA
16852 43863 NA
16853 43863 NA
16854 43863 NA
16855 43863 NA
16856 43863 NA
16857 43863 NA
16858 43863 NA
16859 43863 NA
16860 43863 NA
16861 43863 NA
16862 43863 NA
16863 43863 NA
16864 43863 NA
16865 43863 NA
16866 43863 NA
16867 43863 NA
16869 43863 NA
16870 43863 NA
16871 43863 NA
16872 43863 NA
16873 43863 NA
16874 43863 NA
16875 43863 NA
16876 43863 NA
16878 43863 NA
16879 43863 NA
16880 43863 NA
16881 43863 NA
16882 43863 NA
16883 43863 NA
16884 43863 NA
16885 43863 NA
16886 43863 NA
16887 43863 NA
16888 43863 NA
16889 43863 NA
16890 43863 NA
16891 43863 NA
16892 43863 NA
16893 44588 NA
16894 44588 NA
16895 44588 NA
16896 44588 NA
16897 44588 NA
16898 44588 NA
16899 44588 NA
16900 44588 NA
16901 44588 NA
16902 44588 NA
16903 44588 NA
16904 44588 NA
16905 44588 NA
16906 44588 NA
16907 44588 NA
16908 44588 NA
16909 44588 NA
16910 44588 NA
16911 44588 NA
16912 44588 NA
16913 44588 NA
16914 44588 NA
16915 44588 NA
16916 44588 NA
16917 44588 NA
16918 44588 NA
16919 44588 NA
16920 44588 NA
16921 44588 NA
16922 44588 NA
16923 44588 NA
16924 44588 NA
16925 44588 NA
16926 44588 NA
16927 44588 NA
16928 44588 NA
16929 44588 NA
16930 44588 NA
16931 44588 NA
16932 44588 NA
16933 44588 NA
16934 44588 NA
16935 44588 NA
16936 44588 NA
16937 44588 NA
16938 44588 NA
16939 44588 NA
16940 44588 NA
16941 44588 NA
16942 44588 NA
16943 44588 NA
16944 44588 NA
16945 44588 NA
16946 44588 NA
16949 44588 NA
16950 44588 NA
16951 44588 NA
16952 44588 NA
16953 44588 NA
16954 44588 NA
16955 44588 NA
16956 44588 NA
16957 44588 NA
16958 44588 NA
16959 44588 NA
16960 44588 NA
16966 44055 NA
16968 44055 NA
16969 44055 NA
16970 44055 NA
16971 44055 NA
16972 44055 NA
16974 44055 NA
16975 44055 NA
16976 44055 NA
16977 44055 NA
16978 44055 NA
16979 44055 NA
16980 44055 NA
16981 44055 NA
16982 44055 NA
16984 44055 NA
16985 44055 NA
16986 44055 NA
16987 44055 NA
16988 44055 NA
16989 44055 NA
16990 44055 NA
16991 44055 NA
16992 44055 NA
16993 44055 NA
16994 44055 NA
16999 44055 NA
17000 44055 NA
17001 44055 NA
17006 44055 NA
17007 44055 NA
17014 44055 NA
17015 44055 NA
17016 44055 NA
17017 44055 NA
17018 44055 NA
17019 44055 NA
17020 44055 NA
17021 44055 NA
17022 44055 NA
17023 44055 NA
17024 44055 NA
17025 44055 NA
17026 44055 NA
17027 44055 NA
17028 44055 NA
17029 44055 NA
17031 44055 NA
17032 44055 NA
17033 44055 NA
17034 44055 NA
17035 44055 NA
17036 44055 NA
17037 44055 NA
17038 45099 NA
17039 45099 NA
17040 45099 NA
17042 45099 NA
17044 45099 NA
17045 45099 NA
17046 45099 NA
17047 45099 NA
17048 45099 NA
17049 45099 NA
17050 45099 NA
17051 45099 NA
17052 45099 NA
17053 45099 NA
17054 45099 NA
17055 45099 NA
17056 45099 NA
17057 45099 NA
17058 45099 NA
17059 45099 NA
17060 45099 NA
17061 45099 NA
17062 45099 NA
17063 45099 NA
17064 45099 NA
17069 45099 NA
17070 45099 NA
17071 45099 NA
17072 45099 NA
17073 45099 NA
17075 45099 NA
17076 45099 NA
17077 45099 NA
17078 45099 NA
17079 45099 NA
17080 45099 NA
17081 45099 NA
17083 45099 NA
17084 45099 NA
17085 45099 NA
17086 45099 NA
17087 45099 NA
17088 45099 NA
17089 45099 NA
17091 45099 NA
17092 45099 NA
17093 45099 NA
17094 45099 NA
17095 45099 NA
17096 45099 NA
17097 45099 NA
17098 45099 NA
17099 45099 NA
17100 45099 NA
17101 45099 NA
17102 45099 NA
17103 45099 NA
17104 45099 NA
17105 45099 NA
17106 45099 NA
17107 45099 NA
17108 45099 NA
17109 45099 NA
17110 45099 NA
17111 45099 NA
17112 45099 NA
17113 45099 NA
17114 45099 NA
17115 45099 NA
17117 45099 NA
17118 45099 NA
17119 45099 NA
17123 45099 NA
17124 45099 NA
17125 45099 NA
17126 45099 NA
17127 45099 NA
17129 45099 NA
17130 45099 NA
17131 45099 NA
17132 44415 NA
17133 44415 NA
17134 44415 NA
17135 44415 NA
17136 44415 NA
17138 44415 NA
17139 44415 NA
17140 44415 NA
17141 44415 NA
17142 44415 NA
17143 44415 NA
17144 44415 NA
17145 44415 NA
17146 44415 NA
17147 44415 NA
