"Index" "Price" "Volume"
16391 50000 NA
16392 51345 NA
16393 49707 NA
16394 49707 NA
16395 48114 NA
16396 46658 NA
16397 46658 NA
16398 47436 NA
16399 49025 NA
16400 49025 NA
16401 50590 NA
16402 50590 NA
16403 50043 NA
16404 47838 NA
16405 47838 NA
16406 45985 NA
16407 44193 NA
16408 44193 NA
16409 42936 NA
16410 41678 NA
16411 40421 NA
16412 40421 NA
16413 39449 NA
16414 39449 NA
16415 37772 NA
16416 36263 NA
16417 36263 NA
16418 34628 NA
16419 33307 NA
16420 33307 NA
16421 33017 NA
16422 33017 NA
16423 32622 NA
16424 32622 NA
16425 32622 NA
16426 34025 NA
16427 34025 NA
16428 34025 NA
16429 34716 NA
16430 34716 NA
16431 34168 NA
16432 34168 NA
16433 34168 NA
16434 33145 NA
16435 32072 NA
16436 32072 NA
16437 32072 NA
16438 31004 NA
16439 31004 NA
16440 32306 NA
16441 32306 NA
16442 32306 NA
16443 32158 NA
16444 32158 NA
16445 33370 NA
16446 33370 NA
16447 34377 NA
16448 34377 NA
16449 34377 NA
16450 33418 NA
16451 33418 NA
16452 34980 NA
16453 34980 NA
16454 36142 NA
16455 36142 NA
16456 36947 NA
16457 36947 NA
16458 38794 NA
16459 38794 NA
16460 40036 NA
16461 40036 NA
16462 39957 NA
16463 39957 NA
16464 39565 NA
16465 39565 NA
16466 39256 NA
16467 39256 NA
16468 39252 NA
16469 39252 NA
16470 39252 NA
16471 40236 NA
16472 40236 NA
16473 41361 NA
16474 41361 NA
16475 40464 NA
16476 40464 NA
16477 39857 NA
16478 39857 NA
16479 39857 NA
16480 38963 NA
16481 38963 NA
16482 38388 NA
16483 38388 NA
16484 36802 NA
16485 36802 NA
16486 35901 NA
16487 35901 NA
16488 35901 NA
16489 35105 NA
16490 35105 NA
16491 35105 NA
16492 33988 NA
16493 33988 NA
16494 33012 NA
16495 33012 NA
16496 32052 NA
16497 32052 NA
16498 31032 NA
16499 31032 NA
16500 30394 NA
16501 30394 NA
16502 29393 NA
16503 29393 NA
16504 28502 NA
16505 28502 NA
16506 27995 NA
16507 27995 NA
16508 27101 NA
16509 27101 NA
16510 26105 NA
16511 26105 NA
16512 24997 NA
16513 24997 NA
16514 23940 NA
16515 23940 NA
16516 22936 NA
16517 22936 NA
16518 21900 NA
16519 21900 NA
16520 21019 NA
16521 21019 NA
16522 20202 NA
16523 20202 NA
16524 19340 NA
16525 19340 NA
16526 18711 NA
16527 18711 NA
16528 18711 NA
16529 18192 NA
16530 18192 NA
16531 18915 NA
16532 18915 NA
16533 18915 NA
16534 19459 NA
16535 19459 NA
16536 19811 NA
16537 19811 NA
16538 19811 NA
16539 20020 NA
16540 20020 NA
16541 20020 NA
16542 20263 NA
16543 20263 NA
16544 20713 NA
16545 20713 NA
16546 20713 NA
16547 20710 NA
16548 20710 NA
16549 20710 NA
16550 20710 NA
16551 20514 NA
16552 20514 NA
16553 20514 NA
16554 20363 NA
16555 20363 NA
16556 20363 NA
16557 20291 NA
16558 20291 NA
16559 20291 NA
16560 20245 NA
16561 20245 NA
16562 20245 NA
16563 21092 NA
16564 21092 NA
16565 21092 NA
16566 22098 NA
16567 22098 NA
16568 22259 NA
16569 22259 NA
16570 22259 NA
16571 21971 NA
16572 21971 NA
16573 22431 NA
16574 22431 NA
16575 23535 NA
16576 23535 NA
16577 24684 NA
16578 24684 NA
16579 25809 NA
16580 25809 NA
16581 26996 NA
16582 26996 NA
16583 28310 NA
16584 28310 NA
16585 29325 NA
16586 29325 NA
16587 30630 NA
16588 30630 NA
16589 30630 NA
16590 30777 NA
16591 30777 NA
16592 30777 NA
16593 29523 NA
16594 29523 NA
16595 28560 NA
16596 28560 NA
16597 28560 NA
16598 27251 NA
16599 27251 NA
16600 26093 NA
16601 26093 NA
16602 24981 NA
16603 24981 NA
16604 24981 NA
16605 24293 NA
16606 24293 NA
16607 23539 NA
16608 23539 NA
16609 23539 NA
16610 23274 NA
16611 23274 NA
16612 23274 NA
16613 24334 NA
16614 24334 NA
16615 24334 NA
16616 25289 NA
16617 25289 NA
16618 26405 NA
16619 26405 NA
16620 26405 NA
16621 27726 NA
16622 27726 NA
16623 28859 NA
16624 28859 NA
16625 28859 NA
16626 30098 NA
16627 30098 NA
16628 30098 NA
16629 31525 NA
16630 31525 NA
16631 31525 NA
16632 31950 NA
16633 31950 NA
16634 31950 NA
16635 31414 NA
16636 31414 NA
16637 31414 NA
16638 31053 NA
16639 31053 NA
16640 31053 NA
16641 31216 NA
16642 31216 NA
16643 31606 NA
16644 31606 NA
16645 30835 NA
16646 30835 NA
16647 30835 NA
16648 31349 NA
16649 31349 NA
16650 31698 NA
16651 31698 NA
16652 31698 NA
16653 30313 NA
16654 30313 NA
16655 29609 NA
16656 29609 NA
16657 29609 NA
16658 29079 NA
16659 29079 NA
16660 29079 NA
16661 28894 NA
16662 28894 NA
16663 28894 NA
16664 28649 NA
16665 28649 NA
16666 28649 NA
16668 30046 NA
16669 30046 NA
16670 31485 NA
16671 31485 NA
16672 31485 NA
16673 31730 NA
16674 31730 NA
16675 31730 NA
16676 30363 NA
16677 30363 NA
16678 30363 NA
16679 29506 NA
16680 29506 NA
16681 29506 NA
16682 28837 NA
16683 28837 NA
16684 28837 NA
16685 29103 NA
16686 29103 NA
16687 29103 NA
16688 29103 NA
16689 29086 NA
16690 29086 NA
16691 29972 NA
16692 29972 NA
16693 29972 NA
16694 31100 NA
16695 31100 NA
16696 31100 NA
16697 31100 NA
16698 32115 NA
16699 32115 NA
16700 32115 NA
16701 33704 NA
16702 33704 NA
16703 33704 NA
16704 33704 NA
16705 35390 NA
16706 35390 NA
16707 35390 NA
16708 35390 NA
16709 37160 NA
16710 37160 NA
16711 37160 NA
16712 37160 NA
16715 38095 NA
16717 37394 NA
16719 37394 NA
16720 37394 NA
16721 37452 NA
16722 37452 NA
16723 37452 NA
16724 38523 NA
16725 38523 NA
16726 38523 NA
16727 38523 NA
16728 40059 NA
16729 40059 NA
16730 40059 NA
16731 41007 NA
16732 41007 NA
16733 41007 NA
16734 41366 NA
16735 41366 NA
16736 41366 NA
16737 41946 NA
16738 41946 NA
16739 41946 NA
16740 43910 NA
16741 43910 NA
16742 43910 NA
16743 44526 NA
16744 44526 NA
16745 44526 NA
16746 43808 NA
16747 43808 NA
16748 43808 NA
16749 41877 NA
16750 41877 NA
16751 41877 NA
16752 40070 NA
16753 40070 NA
16754 40070 NA
16755 38850 NA
16756 38850 NA
16757 38850 NA
16759 38949 NA
16760 38949 NA
16761 38443 NA
16762 38443 NA
16763 38443 NA
16764 40363 NA
16765 40363 NA
16766 40363 NA
16767 41166 NA
16768 41166 NA
16769 41166 NA
16770 40316 NA
16771 40316 NA
16772 40316 NA
16773 41004 NA
16774 41004 NA
16775 41004 NA
16776 41004 NA
16777 41712 NA
16778 41712 NA
16779 41712 NA
16780 41695 NA
16781 41695 NA
16782 42535 NA
16783 42535 NA
16784 42535 NA
16785 41591 NA
16786 41591 NA
16787 41591 NA
16788 41310 NA
16789 41310 NA
16790 41310 NA
16791 40186 NA
16792 40186 NA
16793 40186 NA
16794 39744 NA
16795 39744 NA
16796 39744 NA
16797 39744 NA
16798 40472 NA
16799 40472 NA
16800 40472 NA
16801 41654 NA
16802 41654 NA
16803 42854 NA
16804 42854 NA
16805 42854 NA
16807 44088 NA
16808 44301 NA
16809 44301 NA
16810 44301 NA
16811 43770 NA
16812 43770 NA
16813 43259 NA
16814 43259 NA
16815 43259 NA
16816 43307 NA
16817 43307 NA
16818 42877 NA
16820 41483 NA
16821 41483 NA
16822 40687 NA
16823 40687 NA
16824 40396 NA
16825 40396 NA
16826 40177 NA
16827 40177 NA
16828 38488 NA
16829 38488 NA
16830 37109 NA
16831 37109 NA
16832 37109 NA
16833 35582 NA
16834 33843 NA
16835 33843 NA
16836 33843 NA
16837 33427 NA
16838 33427 NA
16839 33427 NA
16840 32254 NA
16841 32254 NA
16842 32254 NA
16843 33158 NA
16844 33158 NA
16845 34681 NA
16847 34681 NA
16849 34849 NA
16850 34849 NA
16851 36592 NA
16852 36592 NA
16853 36592 NA
16854 38406 NA
16855 39632 NA
16856 39632 NA
16857 39632 NA
16858 39632 NA
16859 40502 NA
16860 40502 NA
16861 41209 NA
16862 41209 NA
16863 41209 NA
16864 40772 NA
16865 40772 NA
16866 40120 NA
16867 40120 NA
16869 40199 NA
16870 40199 NA
16871 40199 NA
16872 40956 NA
16873 40956 NA
16874 40956 NA
16875 42815 NA
16876 42815 NA
16878 44832 NA
16879 44832 NA
16880 44832 NA
16881 46706 NA
16882 46706 NA
16883 46706 NA
16884 47795 NA
16885 47795 NA
16886 49075 NA
16887 49075 NA
16888 49075 NA
16889 49362 NA
16890 49362 NA
16891 49362 NA
16892 49539 NA
16893 49539 NA
16894 49539 NA
16895 48255 NA
16896 48255 NA
16897 46540 NA
16898 46540 NA
16899 46540 NA
16900 46530 NA
16901 46530 NA
16902 46860 NA
16903 46860 NA
16904 46860 NA
16905 47776 NA
16906 47776 NA
16907 47776 NA
16908 48863 NA
16909 48863 NA
16910 48863 NA
16911 49102 NA
16912 49102 NA
16913 49102 NA
16914 50038 NA
16915 50038 NA
16916 50038 NA
16917 50439 NA
16918 50439 NA
16919 51164 NA
16920 51164 NA
16921 51164 NA
16922 51135 NA
16923 51135 NA
16924 51440 NA
16925 51440 NA
16926 51809 NA
16927 51809 NA
16928 52946 NA
16929 52946 NA
16930 53865 NA
16931 53865 NA
16932 53865 NA
16933 53673 NA
16934 53673 NA
16935 53673 NA
16936 52434 NA
16937 52434 NA
16938 50270 NA
16939 50270 NA
16940 50270 NA
16941 49735 NA
16942 49735 NA
16943 50443 NA
16944 50443 NA
16945 51120 NA
16946 51120 NA
16949 50989 NA
16950 50989 NA
16951 50194 NA
16952 50194 NA
16953 50007 NA
16954 50186 NA
16955 50186 NA
16956 50186 NA
16957 50622 NA
16958 50622 NA
16959 50203 NA
16960 50203 NA
16966 46522 NA
16968 46522 NA
16969 45125 NA
16970 45125 NA
16971 45125 NA
16972 44394 NA
16974 44394 NA
16975 43632 NA
16976 43632 NA
16977 43632 NA
16978 42923 NA
16979 42923 NA
16980 42923 NA
16981 41412 NA
16982 41412 NA
16984 40831 NA
16985 40831 NA
16986 40831 NA
16987 41272 NA
16988 41272 NA
16989 42587 NA
16990 42587 NA
16991 44565 NA
16992 44565 NA
16993 44565 NA
16994 45249 NA
16999 46129 NA
17000 46129 NA
17001 47384 NA
17006 50974 NA
17007 50974 NA
17014 56200 NA
17015 58576 NA
17016 58576 NA
17017 58375 NA
17018 58375 NA
17019 57795 NA
17020 57795 NA
17021 57795 NA
17022 56121 NA
17023 56121 NA
17024 56121 NA
17025 54315 NA
17026 54315 NA
17027 54315 NA
17028 54315 NA
17029 52478 NA
17031 51216 NA
17032 51216 NA
17033 51216 NA
17034 49948 NA
17035 49948 NA
17036 49948 NA
17037 49444 NA
17038 49444 NA
17039 49444 NA
17040 49068 NA
17042 49068 NA
17044 49390 NA
17045 48702 NA
17046 48702 NA
17047 48702 NA
17048 48067 NA
17049 48067 NA
17050 46231 NA
17051 46231 NA
17052 46231 NA
17053 45140 NA
17054 45140 NA
17055 45140 NA
17056 45270 NA
17057 45270 NA
17058 45270 NA
17059 45426 NA
17060 45426 NA
17061 45426 NA
17062 45426 NA
17063 44803 NA
17064 44803 NA
17069 46685 NA
17070 49020 NA
17071 49020 NA
17072 49020 NA
17073 51299 NA
17075 51299 NA
17076 51330 NA
17077 51330 NA
17078 49510 NA
17079 47034 NA
17080 44682 NA
17081 42447 NA
17083 38307 NA
17084 38307 NA
17085 35079 NA
17086 33834 NA
17087 32263 NA
17088 31315 NA
17089 32646 NA
17091 33501 NA
17092 33501 NA
17093 35085 NA
17094 35085 NA
17095 35085 NA
17096 36341 NA
17097 36341 NA
17098 36341 NA
17099 36284 NA
17100 36284 NA
17101 36284 NA
17102 34993 NA
17103 34993 NA
17104 34993 NA
17105 33984 NA
17106 33984 NA
17107 33299 NA
17108 33299 NA
17109 33299 NA
17110 32603 NA
17111 32603 NA
17112 32603 NA
17113 31381 NA
17114 31381 NA
17115 31381 NA
17117 31115 NA
17118 31115 NA
17119 31700 NA
17123 31429 NA
17124 31429 NA
17125 31429 NA
17126 31198 NA
17127 31198 NA
17129 31039 NA
17130 31039 NA
17131 31039 NA
17132 31449 NA
17133 31449 NA
17134 31449 NA
17135 32718 NA
17136 32718 NA
17138 33841 NA
17139 33841 NA
17140 35412 NA
17141 35412 NA
17142 35412 NA
17143 36941 NA
17144 36941 NA
17145 36941 NA
17146 38764 NA
17147 38764 NA
