"Index" "Price" "Volume"
14019 328 NA
14020 330 NA
14021 333 NA
14022 333 NA
14023 315 NA
14024 315 NA
14025 293 NA
14026 293 NA
14027 308 NA
14028 308 NA
14029 311 NA
14030 311 NA
14031 322 NA
14032 337 NA
14033 337 NA
14034 350 NA
14035 350 NA
14036 343 NA
14037 332 NA
14038 335 NA
14039 348 NA
14040 348 NA
14041 357 NA
14042 349 NA
14043 349 NA
14044 354 NA
14045 359 NA
14046 359 NA
14047 352 NA
14048 334 NA
14049 330 NA
14050 337 NA
14051 337 NA
14052 329 NA
14053 351 NA
14054 351 NA
14055 338 NA
14056 327 NA
14057 342 NA
14058 351 NA
14059 342 NA
14060 345 NA
14061 345 NA
14062 360 NA
14063 360 NA
14064 357 NA
14065 357 NA
14066 343 NA
14067 338 NA
14068 355 NA
14069 350 NA
14070 350 NA
14071 338 NA
14072 332 NA
14073 332 NA
14074 359 NA
14075 359 NA
14076 360 NA
14077 360 NA
14078 354 NA
14079 360 NA
14080 350 NA
14081 342 NA
14082 345 NA
14083 345 NA
14084 331 NA
14085 338 NA
14086 338 NA
14087 344 NA
14088 352 NA
14089 360 NA
14090 360 NA
14091 347 NA
14092 347 NA
14093 332 NA
14094 320 NA
14095 320 NA
14096 334 NA
14097 334 NA
14098 337 NA
14099 339 NA
14100 346 NA
14101 360 NA
14102 360 NA
14103 355 NA
14104 360 NA
14105 352 NA
14106 349 NA
14107 347 NA
14108 330 NA
14109 298 NA
14110 286 NA
14111 285 NA
14112 285 NA
14113 299 NA
14114 314 NA
14115 314 NA
14116 330 NA
14117 347 NA
14118 352 NA
14119 360 NA
14120 355 NA
14121 323 NA
14122 318 NA
14123 318 NA
14124 329 NA
14125 332 NA
14126 323 NA
14127 313 NA
14128 313 NA
14129 298 NA
14130 313 NA
14131 313 NA
14132 301 NA
14133 291 NA
14134 291 NA
14135 299 NA
14136 292 NA
14137 288 NA
14138 288 NA
14139 274 NA
14140 273 NA
14141 285 NA
14142 300 NA
14143 300 NA
14144 299 NA
14145 284 NA
14146 286 NA
14147 300 NA
14148 300 NA
14149 329 NA
14150 329 NA
14151 334 NA
14152 344 NA
14153 328 NA
14154 313 NA
14155 298 NA
14156 284 NA
14157 284 NA
14158 271 NA
14159 259 NA
14160 266 NA
14161 266 NA
14162 270 NA
14163 284 NA
14164 289 NA
14165 289 NA
14166 294 NA
14167 294 NA
14168 309 NA
14169 307 NA
14170 317 NA
14171 321 NA
14172 321 NA
14173 338 NA
14174 333 NA
14175 318 NA
14176 318 NA
14177 300 NA
14178 300 NA
14179 310 NA
14180 313 NA
14181 311 NA
14182 302 NA
14183 296 NA
14184 308 NA
14185 313 NA
14186 317 NA
14187 324 NA
14188 324 NA
14189 309 NA
14190 309 NA
14191 301 NA
14192 286 NA
14193 272 NA
14194 269 NA
14195 271 NA
14196 257 NA
14197 247 NA
14198 239 NA
14199 252 NA
14200 244 NA
14201 247 NA
14202 247 NA
14203 237 NA
14204 251 NA
14205 251 NA
14206 262 NA
14207 274 NA
14208 279 NA
14209 279 NA
14210 293 NA
14211 300 NA
14212 300 NA
14213 299 NA
14214 284 NA
14215 273 NA
14216 277 NA
14217 266 NA
14218 253 NA
14219 262 NA
14220 272 NA
14221 287 NA
14222 287 NA
14223 287 NA
14224 318 NA
14225 318 NA
14226 307 NA
14227 295 NA
14228 289 NA
14229 277 NA
14230 291 NA
14231 298 NA
14232 307 NA
14233 307 NA
14234 307 NA
14235 307 NA
14236 291 NA
14237 290 NA
14238 290 NA
14239 270 NA
14240 270 NA
14241 276 NA
14242 290 NA
14243 284 NA
14244 290 NA
14245 290 NA
14246 281 NA
14247 266 NA
14248 255 NA
14249 246 NA
14250 255 NA
14251 266 NA
14252 278 NA
14253 286 NA
14254 282 NA
14255 282 NA
14256 288 NA
14257 314 NA
14258 314 NA
14259 302 NA
14260 293 NA
14261 286 NA
14262 280 NA
14263 280 NA
14264 289 NA
14265 299 NA
14266 299 NA
14267 306 NA
14268 306 NA
14269 324 NA
14270 324 NA
14271 339 NA
14272 344 NA
14273 344 NA
14274 336 NA
14275 331 NA
14276 314 NA
14277 314 NA
14278 298 NA
14279 283 NA
14280 271 NA
14281 276 NA
14282 268 NA
14283 268 NA
14284 263 NA
14285 256 NA
14286 256 NA
14287 259 NA
14288 268 NA
14289 281 NA
14290 294 NA
14291 291 NA
14292 293 NA
14293 293 NA
14294 277 NA
14295 277 NA
14296 290 NA
14297 290 NA
14298 285 NA
14299 271 NA
14300 265 NA
14301 277 NA
14302 293 NA
14303 283 NA
14304 287 NA
14305 281 NA
14306 277 NA
14307 290 NA
14308 290 NA
14309 290 NA
14310 282 NA
14311 283 NA
14312 310 NA
14313 307 NA
14314 307 NA
14315 318 NA
14316 296 NA
14317 296 NA
14318 288 NA
14319 275 NA
14320 264 NA
14321 270 NA
14322 277 NA
14323 285 NA
14324 298 NA
14325 297 NA
14326 304 NA
14327 298 NA
14328 284 NA
14329 273 NA
14330 263 NA
14331 263 NA
14332 255 NA
14333 260 NA
14334 253 NA
14335 266 NA
14336 280 NA
14337 280 NA
14338 294 NA
14339 299 NA
14340 299 NA
14341 286 NA
14342 285 NA
14343 272 NA
14344 276 NA
14345 290 NA
14346 316 NA
14347 329 NA
14348 329 NA
14349 336 NA
14350 330 NA
14351 330 NA
14352 323 NA
14353 305 NA
14354 305 NA
14355 293 NA
14356 287 NA
14357 292 NA
14358 287 NA
14359 295 NA
14360 304 NA
14361 303 NA
14362 328 NA
14363 331 NA
14364 316 NA
14365 316 NA
14366 300 NA
14367 288 NA
14368 288 NA
14369 277 NA
14370 272 NA
14371 259 NA
14372 266 NA
14373 266 NA
14374 279 NA
14375 289 NA
14376 303 NA
14377 306 NA
14378 304 NA
14379 296 NA
14380 296 NA
14381 301 NA
14382 290 NA
14383 280 NA
14384 284 NA
14385 299 NA
14386 293 NA
14387 280 NA
14388 293 NA
14389 276 NA
14390 272 NA
14391 272 NA
14392 295 NA
14393 295 NA
14394 298 NA
14395 294 NA
14396 302 NA
14397 315 NA
14398 315 NA
14399 297 NA
14400 308 NA
14401 308 NA
14402 306 NA
14403 302 NA
14404 310 NA
14405 323 NA
14406 319 NA
14407 304 NA
14408 304 NA
14409 291 NA
14410 296 NA
14411 291 NA
14412 313 NA
14413 307 NA
14414 307 NA
14415 315 NA
14416 313 NA
14417 318 NA
14418 312 NA
14419 303 NA
14420 304 NA
14421 304 NA
14422 295 NA
14423 275 NA
14424 275 NA
14425 277 NA
14426 291 NA
14427 285 NA
14428 299 NA
14429 297 NA
14430 297 NA
14431 311 NA
14432 319 NA
14433 305 NA
14434 305 NA
14435 300 NA
14436 310 NA
14437 310 NA
14438 315 NA
14439 331 NA
14440 348 NA
14441 352 NA
14442 351 NA
14443 352 NA
14444 360 NA
14445 360 NA
14446 360 NA
14447 343 NA
14448 343 NA
14449 340 NA
14450 330 NA
14451 314 NA
14452 327 NA
14453 327 NA
14454 332 NA
14455 332 NA
14456 315 NA
14457 318 NA
14458 330 NA
14459 321 NA
14460 337 NA
14461 325 NA
14462 310 NA
14463 294 NA
14464 284 NA
14465 286 NA
14466 294 NA
14467 309 NA
14468 312 NA
14469 321 NA
14470 317 NA
14471 325 NA
14472 320 NA
14473 320 NA
14474 326 NA
14475 327 NA
14476 327 NA
14477 315 NA
14478 315 NA
14479 325 NA
14480 331 NA
14481 314 NA
14482 314 NA
14483 326 NA
14484 326 NA
14485 331 NA
14486 347 NA
14487 350 NA
14488 360 NA
14489 358 NA
14490 360 NA
14491 360 NA
14492 360 NA
14493 360 NA
14494 360 NA
14495 360 NA
14496 360 NA
14497 360 NA
14498 360 NA
14499 360 NA
14500 360 NA
14501 360 NA
14502 360 NA
14503 360 NA
14504 360 NA
14505 360 NA
14506 360 NA
14507 360 NA
14508 360 NA
14509 360 NA
14510 360 NA
14511 360 NA
14512 360 NA
14513 360 NA
14514 360 NA
14515 360 NA
14516 360 NA
14517 360 NA
14518 360 NA
14519 360 NA
14520 360 NA
14521 360 NA
14522 360 NA
14523 360 NA
14524 360 NA
14525 360 NA
14526 360 NA
14527 360 NA
14528 360 NA
14529 360 NA
14530 360 NA
14531 360 NA
14532 360 NA
14533 360 NA
14534 360 NA
14535 360 NA
14536 360 NA
14537 360 NA
14538 360 NA
14539 360 NA
14540 360 NA
14541 360 NA
14542 360 NA
14543 360 NA
14544 360 NA
14545 360 NA
14546 360 NA
14547 360 NA
14548 360 NA
14549 360 NA
14550 360 NA
14551 360 NA
14552 360 NA
14553 360 NA
14554 360 NA
14555 360 NA
14556 360 NA
14557 360 NA
14558 360 NA
14559 360 NA
14560 360 NA
14561 360 NA
14562 360 NA
14563 360 NA
14564 360 NA
14565 360 NA
14566 360 NA
14567 360 NA
14568 360 NA
14569 360 NA
14570 360 NA
14571 360 NA
14572 360 NA
14573 360 NA
14574 360 NA
14575 360 NA
14576 360 NA
14577 360 NA
14578 360 NA
14579 360 NA
14580 360 NA
14581 360 NA
14582 360 NA
14583 360 NA
14584 360 NA
14585 360 NA
14586 360 NA
14587 360 NA
14588 360 NA
14589 360 NA
14590 360 NA
14591 360 NA
14592 360 NA
14593 360 NA
14594 360 NA
14595 360 NA
14596 360 NA
14597 360 NA
14598 360 NA
14599 360 NA
14600 360 NA
14601 360 NA
14602 360 NA
14603 360 NA
14604 360 NA
14605 360 NA
14606 360 NA
14607 360 NA
14608 360 NA
14609 360 NA
14610 360 NA
14611 360 NA
14612 360 NA
14613 360 NA
14614 360 NA
14615 360 NA
14616 360 NA
14617 360 NA
14618 360 NA
14619 360 NA
14620 360 NA
14621 360 NA
14622 360 NA
14623 360 NA
14624 360 NA
14625 360 NA
14626 360 NA
14627 360 NA
14628 360 NA
14629 360 NA
14630 360 NA
14631 360 NA
14632 360 NA
14633 360 NA
14634 360 NA
14635 360 NA
14636 360 NA
14637 360 NA
14638 360 NA
14639 360 NA
14640 360 NA
14641 360 NA
14642 360 NA
14643 360 NA
14644 360 NA
14645 360 NA
14646 360 NA
14647 360 NA
14648 360 NA
14649 360 NA
14650 360 NA
14651 360 NA
14652 360 NA
14653 360 NA
14654 360 NA
14655 360 NA
14656 360 NA
14657 360 NA
14658 360 NA
14659 360 NA
14660 360 NA
14661 360 NA
14662 360 NA
14663 360 NA
14664 360 NA
14665 360 NA
14666 360 NA
14667 360 NA
14668 360 NA
14669 360 NA
14670 360 NA
14671 360 NA
14672 360 NA
14673 360 NA
14674 360 NA
14675 360 NA
14676 360 NA
14677 360 NA
14678 360 NA
14679 360 NA
14680 360 NA
14681 360 NA
14682 360 NA
14683 360 NA
14684 360 NA
14685 360 NA
14686 360 NA
14687 360 NA
14688 360 NA
14689 360 NA
14690 360 NA
14691 360 NA
14692 360 NA
14693 360 NA
14694 360 NA
14695 360 NA
14696 360 NA
14697 360 NA
14698 360 NA
14699 360 NA
14700 360 NA
14701 360 NA
14702 360 NA
14703 360 NA
14704 360 NA
14705 360 NA
14706 360 NA
14707 360 NA
14708 360 NA
14709 360 NA
14710 360 NA
14711 360 NA
14712 360 NA
14713 360 NA
14714 360 NA
14715 360 NA
14716 360 NA
14717 360 NA
14718 360 NA
14719 360 NA
14720 360 NA
14721 360 NA
14722 360 NA
14723 360 NA
14724 360 NA
14725 360 NA
14726 360 NA
14727 360 NA
14728 360 NA
14729 360 NA
14730 360 NA
14731 360 NA
14732 360 NA
14733 360 NA
14734 360 NA
14735 360 NA
14736 360 NA
14737 360 NA
14738 360 NA
14739 360 NA
14740 360 NA
14741 360 NA
14742 360 NA
14743 360 NA
14744 360 NA
14745 360 NA
14746 360 NA
14747 360 NA
14748 360 NA
14749 360 NA
14750 360 NA
14751 360 NA
14752 360 NA
14753 360 NA
14754 360 NA
14755 360 NA
14756 360 NA
14757 360 NA
14758 360 NA
14759 360 NA
14760 360 NA
14761 360 NA
14762 360 NA
14763 360 NA
14764 360 NA
14765 360 NA
14766 360 NA
14767 360 NA
14768 360 NA
14769 360 NA
14770 360 NA
14771 360 NA
14772 360 NA
14773 360 NA
14774 360 NA
14775 360 NA
14776 360 NA
14777 360 NA
14778 360 NA
14779 360 NA
14780 360 NA
14781 360 NA
14782 360 NA
14783 360 NA
14784 360 NA
14785 360 NA
14786 360 NA
14787 360 NA
14788 360 NA
14789 360 NA
14790 360 NA
14791 360 NA
14792 360 NA
14793 360 NA
14794 360 NA
14795 360 NA
14796 360 NA
14797 360 NA
14798 360 NA
14799 360 NA
14800 360 NA
14801 360 NA
14802 360 NA
14803 360 NA
14804 360 NA
14805 360 NA
14806 360 NA
14807 360 NA
14808 360 NA
14809 360 NA
14810 360 NA
14811 360 NA
14812 360 NA
14813 360 NA
14814 360 NA
14815 360 NA
14816 360 NA
14817 360 NA
14818 360 NA
14819 360 NA
14820 360 NA
14821 360 NA
14822 360 NA
14823 360 NA
14824 360 NA
14825 360 NA
14826 360 NA
14827 360 NA
14828 360 NA
14829 360 NA
14830 360 NA
14831 360 NA
14832 360 NA
14833 360 NA
14834 360 NA
14835 360 NA
14836 360 NA
14837 360 NA
14838 360 NA
14839 360 NA
14840 360 NA
14841 360 NA
14842 360 NA
14843 360 NA
14844 360 NA
14845 360 NA
14846 360 NA
14847 360 NA
14848 360 NA
14849 360 NA
14850 360 NA
14851 360 NA
14852 360 NA
14853 360 NA
14854 360 NA
14855 360 NA
14856 360 NA
14857 360 NA
14858 360 NA
14859 360 NA
14860 360 NA
14861 360 NA
14862 360 NA
14863 360 NA
14864 360 NA
14865 360 NA
14866 360 NA
14867 360 NA
14868 360 NA
14869 360 NA
14870 360 NA
14871 360 NA
14872 360 NA
14873 360 NA
14874 360 NA
14875 360 NA
14876 360 NA
14877 360 NA
14878 360 NA
14879 360 NA
14880 360 NA
14881 360 NA
14882 360 NA
14883 360 NA
14884 360 NA
14885 360 NA
14886 360 NA
14887 360 NA
14888 360 NA
14889 360 NA
14890 360 NA
14891 360 NA
14892 360 NA
14893 360 NA
14894 360 NA
14895 360 NA
14896 360 NA
14897 360 NA
14898 360 NA
14899 360 NA
14900 360 NA
14901 360 NA
14902 360 NA
14903 360 NA
14904 360 NA
14905 360 NA
14906 360 NA
14907 360 NA
14908 360 NA
14909 360 NA
14910 360 NA
14911 360 NA
14912 360 NA
14913 360 NA
14914 360 NA
14915 360 NA
14916 360 NA
14917 360 NA
14918 360 NA
14920 360 NA
14921 360 NA
14922 360 NA
14923 360 NA
14924 360 NA
14925 360 NA
14926 360 NA
14927 360 NA
14928 360 NA
14929 360 NA
14930 360 NA
14931 360 NA
14932 360 NA
14933 360 NA
14934 360 NA
14935 360 NA
14936 360 NA
14937 360 NA
14938 360 NA
14939 360 NA
14940 360 NA
14941 360 NA
14942 360 NA
14943 360 NA
14944 360 NA
14945 360 NA
14946 360 NA
14947 360 NA
14948 360 NA
14949 360 NA
14950 360 NA
14951 360 NA
14952 360 NA
14953 360 NA
14954 360 NA
14955 360 NA
14956 360 NA
14957 360 NA
14958 360 NA
14959 360 NA
14960 360 NA
14961 360 NA
14962 360 NA
14963 360 NA
14964 360 NA
14965 360 NA
14966 360 NA
14967 360 NA
14968 360 NA
14969 360 NA
14970 360 NA
14971 360 NA
14972 360 NA
14973 360 NA
14974 360 NA
14981 360 NA
14988 360 NA
14995 360 NA
15002 360 NA
15009 360 NA
15016 360 NA
15018 376 NA
15019 395 NA
15020 436 NA
15021 436 NA
15023 481 NA
15025 559 NA
15026 587 NA
15028 646 NA
15029 692 NA
15031 716 NA
15032 752 NA
15033 813 NA
15035 889 NA
15036 969 NA
15037 969 NA
15038 1011 NA
15039 1062 NA
15040 1098 NA
15042 1170 NA
15044 1195 NA
15046 1257 NA
15047 1310 NA
15048 1370 NA
15049 1370 NA
15050 1480 NA
15052 1561 NA
15054 1545 NA
15055 1553 NA
15058 1526 NA
15060 1485 NA
15061 1488 NA
15063 1474 NA
15064 1510 NA
15066 1506 NA
15067 1496 NA
15068 1497 NA
15070 1494 NA
15072 1573 NA
15073 1599 NA
15076 1599 NA
15078 1627 NA
15080 1677 NA
15081 1751 NA
15082 1762 NA
15084 1761 NA
15085 1739 NA
15086 1705 NA
15087 1674 NA
15088 1635 NA
15089 1638 NA
15090 1623 NA
15091 1578 NA
15093 1567 NA
15094 1526 NA
15095 1525 NA
15096 1519 NA
15097 1493 NA
15098 1496 NA
15100 1517 NA
15101 1546 NA
15102 1547 NA
15103 1537 NA
15104 1560 NA
15106 1593 NA
15107 1598 NA
15109 1558 NA
15110 1567 NA
15112 1587 NA
15114 1521 NA
15115 1417 NA
15116 1394 NA
15119 1413 NA
15120 1406 NA
15121 1372 NA
15122 1316 NA
15123 1277 NA
15124 1241 NA
15125 1181 NA
15126 1121 NA
15128 1084 NA
15130 994 NA
15131 984 NA
15132 1004 NA
15133 993 NA
15135 1025 NA
15136 1016 NA
15137 1001 NA
15138 1025 NA
15140 1008 NA
15142 972 NA
15143 976 NA
15144 989 NA
15145 982 NA
15147 969 NA
15149 949 NA
15150 955 NA
15151 972 NA
15154 1007 NA
15156 985 NA
15157 958 NA
15158 925 NA
15159 926 NA
15161 949 NA
15163 1010 NA
15164 1057 NA
15165 1104 NA
15166 1112 NA
15168 1063 NA
15170 1011 NA
15172 1072 NA
15175 1070 NA
15177 1110 NA
15178 1129 NA
15179 1111 NA
15181 1092 NA
15184 1112 NA
15185 1083 NA
15186 1067 NA
15187 1021 NA
15189 1010 NA
15191 1041 NA
15193 1037 NA
15194 1037 NA
15196 994 NA
15197 1027 NA
15199 1022 NA
15204 1049 NA
15207 1085 NA
15208 1119 NA
15210 1154 NA
15212 1179 NA
15214 1191 NA
15215 1198 NA
15217 1178 NA
15219 1156 NA
15220 1147 NA
15221 1147 NA
15222 1143 NA
15224 1160 NA
15226 1141 NA
15227 1142 NA
15229 1144 NA
15231 1139 NA
15232 1145 NA
15233 1145 NA
15235 1114 NA
15238 1164 NA
15240 1201 NA
15242 1259 NA
15243 1318 NA
15244 1360 NA
15248 1289 NA
15249 1289 NA
15250 1286 NA
15252 1302 NA
15254 1311 NA
15256 1279 NA
15257 1269 NA
15258 1249 NA
15261 1261 NA
15263 1308 NA
15264 1324 NA
15266 1375 NA
15268 1428 NA
15270 1463 NA
15271 1438 NA
15273 1377 NA
15275 1338 NA
15277 1311 NA
15278 1279 NA
15280 1252 NA
15281 1239 NA
15283 1228 NA
15284 1240 NA
15287 1222 NA
15289 1220 NA
15291 1261 NA
15294 1281 NA
15295 1324 NA
15297 1391 NA
15299 1408 NA
15302 1344 NA
15303 1344 NA
15304 1331 NA
15306 1374 NA
15307 1374 NA
15308 1334 NA
15310 1314 NA
15312 1305 NA
15313 1280 NA
15314 1252 NA
15315 1252 NA
15316 1226 NA
15317 1226 NA
15318 1231 NA
15319 1214 NA
15320 1175 NA
15321 1175 NA
15322 1132 NA
15323 1132 NA
15324 1127 NA
15325 1127 NA
15326 1111 NA
15327 1096 NA
15328 1096 NA
15329 1082 NA
15330 1034 NA
15331 1034 NA
15332 1027 NA
15333 1013 NA
15334 1013 NA
15335 988 NA
15336 957 NA
15337 957 NA
15338 928 NA
15339 930 NA
15340 930 NA
15341 944 NA
15342 944 NA
15343 968 NA
15344 968 NA
15345 935 NA
15346 935 NA
15347 936 NA
15348 936 NA
15349 944 NA
15350 944 NA
15351 937 NA
15352 937 NA
15353 966 NA
15354 966 NA
15355 973 NA
15356 973 NA
15357 977 NA
15358 977 NA
15359 989 NA
15360 989 NA
15361 996 NA
15362 969 NA
15363 922 NA
15364 922 NA
15365 947 NA
15366 947 NA
15367 963 NA
15368 965 NA
15369 985 NA
15370 985 NA
15371 1023 NA
15372 1068 NA
15373 1068 NA
15374 1092 NA
15375 1089 NA
15376 1089 NA
15377 1079 NA
15378 1072 NA
15379 1072 NA
15380 1114 NA
15381 1114 NA
15382 1142 NA
15383 1104 NA
15384 1104 NA
15385 1102 NA
15386 1102 NA
15387 1101 NA
15388 1101 NA
15389 1101 NA
15390 1097 NA
15391 1097 NA
15392 1115 NA
15393 1135 NA
15394 1135 NA
15395 1117 NA
15396 1117 NA
15397 1128 NA
15398 1128 NA
15399 1121 NA
15400 1140 NA
15401 1140 NA
15402 1154 NA
15403 1154 NA
15404 1170 NA
15405 1170 NA
15406 1174 NA
15407 1174 NA
15408 1164 NA
15409 1140 NA
15410 1140 NA
15411 1089 NA
15412 1089 NA
15413 1094 NA
15414 1067 NA
15415 1067 NA
15416 1052 NA
15417 1059 NA
15418 1074 NA
15419 1097 NA
15420 1097 NA
15421 1143 NA
15422 1163 NA
15423 1184 NA
15424 1204 NA
15425 1225 NA
15426 1245 NA
15427 1245 NA
15428 1218 NA
15429 1218 NA
15430 1220 NA
15431 1220 NA
15432 1166 NA
15433 1140 NA
15434 1140 NA
15435 1115 NA
15436 1114 NA
15437 1114 NA
15438 1103 NA
15439 1072 NA
15440 1053 NA
15441 1053 NA
15442 1021 NA
15443 1021 NA
15444 969 NA
15445 940 NA
15446 926 NA
15447 926 NA
15448 928 NA
15449 928 NA
15450 935 NA
15451 927 NA
15452 927 NA
15453 938 NA
15454 938 NA
15455 953 NA
15456 953 NA
15457 970 NA
15458 970 NA
15459 940 NA
15460 920 NA
15461 920 NA
15462 949 NA
15463 949 NA
15464 970 NA
15465 989 NA
15466 989 NA
15467 1010 NA
15468 1043 NA
15469 1043 NA
15470 1053 NA
15471 1053 NA
15472 1042 NA
15473 1094 NA
15474 1111 NA
15475 1111 NA
15476 1096 NA
15477 1096 NA
15478 1057 NA
15479 1072 NA
15480 1073 NA
15481 1057 NA
15482 1057 NA
15483 1065 NA
15484 1062 NA
15485 1062 NA
15486 1044 NA
15487 1067 NA
15488 1069 NA
15489 1076 NA
15490 1076 NA
15491 1061 NA
15492 1051 NA
15493 1034 NA
15494 1016 NA
15495 1037 NA
15496 1075 NA
15497 1106 NA
15498 1106 NA
15499 1151 NA
15500 1181 NA
15501 1181 NA
15502 1210 NA
15503 1244 NA
15504 1244 NA
15505 1246 NA
15506 1229 NA
15507 1215 NA
15508 1215 NA
15509 1221 NA
15510 1236 NA
15511 1222 NA
15512 1239 NA
15513 1267 NA
15514 1302 NA
15515 1339 NA
15516 1382 NA
15517 1382 NA
15518 1359 NA
15519 1331 NA
15520 1331 NA
15521 1276 NA
15522 1266 NA
15523 1283 NA
15524 1288 NA
15525 1255 NA
15526 1255 NA
15527 1233 NA
15528 1233 NA
15529 1206 NA
15530 1206 NA
15531 1185 NA
15532 1201 NA
15533 1201 NA
15534 1201 NA
15535 1167 NA
15536 1167 NA
15537 1150 NA
15538 1150 NA
15539 1109 NA
15540 1109 NA
15541 1085 NA
15542 1097 NA
15543 1097 NA
15544 1117 NA
15545 1093 NA
15546 1062 NA
15547 1062 NA
15548 1052 NA
15549 1052 NA
15550 1038 NA
15551 1038 NA
15552 1052 NA
15553 1052 NA
15554 1032 NA
15555 1032 NA
15556 1024 NA
15557 1024 NA
15558 974 NA
15559 939 NA
15560 927 NA
15561 927 NA
15562 927 NA
15563 924 NA
15564 914 NA
15565 914 NA
15566 897 NA
15567 877 NA
15568 877 NA
15569 897 NA
15570 899 NA
15571 899 NA
15572 929 NA
15573 929 NA
15574 953 NA
15575 953 NA
15576 955 NA
15577 955 NA
15578 996 NA
15579 1026 NA
15580 1021 NA
15581 1021 NA
15582 1041 NA
15583 1041 NA
15584 1077 NA
15585 1055 NA
15586 1055 NA
15587 1010 NA
15588 992 NA
15589 992 NA
15590 987 NA
15591 960 NA
15592 960 NA
15593 942 NA
15594 942 NA
15595 916 NA
15596 916 NA
15597 883 NA
15598 899 NA
15599 899 NA
15600 897 NA
15601 897 NA
15602 883 NA
15603 883 NA
15604 874 NA
15605 874 NA
15606 868 NA
15607 868 NA
15608 868 NA
15609 884 NA
15610 884 NA
15611 895 NA
15612 895 NA
15613 906 NA
15614 906 NA
15615 885 NA
15616 885 NA
15617 878 NA
15618 878 NA
15619 885 NA
15620 885 NA
15621 885 NA
15622 885 NA
15623 856 NA
15624 856 NA
15625 832 NA
15626 832 NA
15627 813 NA
15628 813 NA
15629 795 NA
15630 795 NA
15631 795 NA
15632 795 NA
15633 795 NA
15634 771 NA
15635 771 NA
15636 760 NA
15637 760 NA
15638 756 NA
15639 756 NA
15640 736 NA
15641 736 NA
15642 736 NA
15643 724 NA
15644 741 NA
15645 741 NA
15646 741 NA
15647 749 NA
15648 749 NA
15649 778 NA
15650 773 NA
15651 769 NA
15652 764 NA
15653 760 NA
15654 755 NA
15655 750 NA
15656 746 NA
15657 741 NA
15658 741 NA
15659 744 NA
15660 744 NA
15661 744 NA
15662 717 NA
15663 717 NA
15664 691 NA
15665 691 NA
15666 691 NA
15667 691 NA
15668 691 NA
15669 678 NA
15670 678 NA
15671 678 NA
15672 678 NA
15673 678 NA
15674 678 NA
15675 678 NA
15676 650 NA
15677 650 NA
15678 650 NA
15679 650 NA
15680 650 NA
15681 650 NA
15682 650 NA
15683 620 NA
15684 620 NA
15685 620 NA
15686 620 NA
15687 620 NA
15688 620 NA
15689 620 NA
15690 620 NA
15691 598 NA
15692 598 NA
15693 598 NA
15694 598 NA
15695 598 NA
15696 598 NA
15697 598 NA
15698 598 NA
15699 571 NA
15700 571 NA
15701 571 NA
15702 571 NA
15703 571 NA
15704 571 NA
15705 571 NA
15706 571 NA
15707 546 NA
15708 546 NA
15709 546 NA
15710 546 NA
15711 546 NA
15712 546 NA
15713 546 NA
15714 546 NA
15715 546 NA
15716 546 NA
15717 521 NA
15718 521 NA
15719 521 NA
15720 521 NA
15721 521 NA
15722 521 NA
15723 521 NA
15724 521 NA
15725 521 NA
15726 510 NA
15727 510 NA
15728 510 NA
15729 510 NA
15730 510 NA
15731 510 NA
15732 510 NA
15733 510 NA
15734 510 NA
15735 510 NA
15736 512 NA
15737 512 NA
15738 512 NA
15739 512 NA
15740 512 NA
15741 512 NA
15742 512 NA
15743 512 NA
15744 512 NA
15745 512 NA
15746 512 NA
15747 515 NA
15748 515 NA
15749 515 NA
15750 515 NA
15751 515 NA
15752 515 NA
15753 515 NA
15754 515 NA
15755 515 NA
15756 515 NA
15757 515 NA
15758 518 NA
15759 518 NA
15760 518 NA
15761 518 NA
15762 518 NA
15763 518 NA
15764 518 NA
15765 518 NA
15766 518 NA
15767 518 NA
15768 518 NA
15769 518 NA
15770 494 NA
15771 494 NA
15772 494 NA
15773 494 NA
15774 494 NA
15775 494 NA
15776 494 NA
15777 494 NA
15778 494 NA
15779 494 NA
15780 494 NA
15781 494 NA
15782 494 NA
15783 494 NA
15784 494 NA
15785 494 NA
15786 470 NA
15787 470 NA
15788 470 NA
15789 470 NA
15790 470 NA
15791 470 NA
15792 470 NA
15793 470 NA
15794 470 NA
15795 470 NA
15796 470 NA
15797 470 NA
15798 467 NA
15799 464 NA
15800 461 NA
15801 458 NA
15802 455 NA
15803 452 NA
15804 449 NA
15805 449 NA
15806 449 NA
15807 449 NA
15808 449 NA
15809 449 NA
15810 449 NA
15811 449 NA
15812 449 NA
15813 449 NA
15814 449 NA
15815 437 NA
15816 437 NA
15817 437 NA
15818 437 NA
15819 437 NA
15820 437 NA
15821 437 NA
15822 437 NA
15823 437 NA
15824 437 NA
15825 437 NA
15826 437 NA
15827 437 NA
15828 437 NA
15829 437 NA
15830 437 NA
15831 437 NA
15832 437 NA
15833 437 NA
15834 437 NA
15835 437 NA
15836 416 NA
15837 416 NA
15838 416 NA
15839 416 NA
15840 416 NA
15841 416 NA
15842 416 NA
15843 416 NA
15844 416 NA
15845 416 NA
15846 416 NA
15847 416 NA
15848 416 NA
15849 416 NA
15850 416 NA
15851 416 NA
15852 416 NA
15853 406 NA
15854 406 NA
15855 406 NA
15856 406 NA
15857 406 NA
15858 406 NA
15859 406 NA
15860 406 NA
15861 406 NA
15862 406 NA
15863 406 NA
15864 406 NA
15865 406 NA
15866 406 NA
15867 406 NA
15868 406 NA
15869 406 NA
15870 406 NA
15871 388 NA
15872 388 NA
15873 388 NA
15874 388 NA
15875 388 NA
15876 388 NA
15877 388 NA
15878 388 NA
15879 388 NA
15880 388 NA
15881 388 NA
15882 388 NA
15883 388 NA
15884 388 NA
15885 388 NA
15886 388 NA
15887 376 NA
15888 376 NA
15889 376 NA
15890 376 NA
15891 376 NA
15892 376 NA
15893 376 NA
15894 376 NA
15895 376 NA
15896 376 NA
15897 376 NA
15898 376 NA
15899 376 NA
15900 376 NA
15901 376 NA
15902 376 NA
15903 376 NA
15904 376 NA
15905 377 NA
15906 377 NA
15907 377 NA
15908 377 NA
15909 377 NA
15910 377 NA
15911 377 NA
15912 377 NA
15913 377 NA
15914 377 NA
15915 377 NA
15916 377 NA
15917 377 NA
15918 377 NA
15919 377 NA
15920 377 NA
15921 377 NA
15922 361 NA
15923 361 NA
15924 361 NA
15925 361 NA
15926 361 NA
15927 361 NA
15928 361 NA
15929 361 NA
15930 361 NA
15931 361 NA
15932 361 NA
15933 361 NA
15934 361 NA
15935 361 NA
15936 361 NA
15937 361 NA
15938 361 NA
15939 361 NA
15940 361 NA
15941 361 NA
15942 361 NA
15943 361 NA
15944 361 NA
15945 361 NA
15946 361 NA
15947 361 NA
15948 348 NA
15949 348 NA
15950 348 NA
15951 348 NA
15952 348 NA
15953 348 NA
15954 348 NA
15955 348 NA
15956 348 NA
15957 348 NA
15958 348 NA
15959 348 NA
15960 348 NA
15961 348 NA
15962 348 NA
15963 348 NA
15964 348 NA
15965 348 NA
15966 348 NA
15967 348 NA
15968 348 NA
15969 348 NA
15970 348 NA
15971 348 NA
15972 348 NA
15973 348 NA
15974 348 NA
15975 348 NA
15976 348 NA
15977 348 NA
15978 348 NA
15979 348 NA
15980 335 NA
15981 335 NA
15982 335 NA
15983 335 NA
15984 335 NA
15985 335 NA
15986 335 NA
15987 335 NA
15988 335 NA
15989 335 NA
15990 335 NA
15991 335 NA
15992 335 NA
15993 335 NA
15994 335 NA
15995 335 NA
15996 335 NA
15997 335 NA
15998 335 NA
15999 335 NA
16000 335 NA
16001 335 NA
16002 335 NA
16003 335 NA
16004 335 NA
16005 335 NA
16006 335 NA
16007 335 NA
16008 335 NA
16009 335 NA
16010 335 NA
16011 335 NA
16012 335 NA
16013 327 NA
16014 327 NA
16015 327 NA
16016 327 NA
16017 327 NA
16018 327 NA
16019 327 NA
16020 327 NA
16021 327 NA
16022 327 NA
16023 327 NA
16024 327 NA
16025 327 NA
16026 327 NA
16027 327 NA
16028 327 NA
16029 327 NA
16030 327 NA
16031 327 NA
16032 327 NA
16033 327 NA
16034 327 NA
16035 327 NA
16036 327 NA
16037 327 NA
16038 327 NA
16039 327 NA
16040 327 NA
16041 327 NA
16042 327 NA
16043 327 NA
16044 327 NA
16045 327 NA
16046 327 NA
16047 314 NA
16048 314 NA
16049 314 NA
16050 314 NA
16051 314 NA
16052 314 NA
16053 314 NA
16054 314 NA
16055 314 NA
16056 314 NA
16057 314 NA
16058 314 NA
16059 314 NA
16060 314 NA
16061 314 NA
16062 314 NA
16063 314 NA
16064 314 NA
16065 314 NA
16066 314 NA
16067 314 NA
16068 314 NA
16069 314 NA
16070 314 NA
16071 314 NA
16072 314 NA
16073 314 NA
16074 314 NA
16075 314 NA
16076 314 NA
16077 314 NA
16078 314 NA
16079 314 NA
16080 299 NA
16081 299 NA
16082 299 NA
16083 299 NA
16084 299 NA
16085 299 NA
16086 299 NA
16087 299 NA
16088 299 NA
16089 299 NA
16090 299 NA
16091 299 NA
16092 299 NA
16093 299 NA
16094 299 NA
16095 299 NA
16096 299 NA
16097 299 NA
16098 299 NA
16099 299 NA
16100 299 NA
16101 299 NA
16102 299 NA
16103 299 NA
16104 299 NA
16105 299 NA
16106 299 NA
16107 299 NA
16108 299 NA
16109 286 NA
16110 286 NA
16111 286 NA
16112 286 NA
16113 286 NA
16114 286 NA
16115 286 NA
16116 286 NA
16117 286 NA
16118 286 NA
16119 286 NA
16120 286 NA
16121 286 NA
16122 286 NA
16123 286 NA
16124 286 NA
16125 286 NA
16126 286 NA
16127 286 NA
16128 286 NA
16129 286 NA
16130 286 NA
16131 286 NA
16132 286 NA
16133 286 NA
16134 286 NA
16135 286 NA
16136 292 NA
16137 292 NA
16138 292 NA
16139 292 NA
16140 292 NA
16141 292 NA
16142 292 NA
16143 292 NA
16144 292 NA
16145 292 NA
16146 292 NA
16147 292 NA
16148 292 NA
16149 292 NA
16150 292 NA
16151 292 NA
16152 292 NA
16153 292 NA
16154 292 NA
16155 292 NA
16156 292 NA
16157 292 NA
16158 292 NA
16159 292 NA
16160 292 NA
16161 292 NA
16162 292 NA
16163 292 NA
16164 292 NA
16165 292 NA
16166 292 NA
16167 302 NA
16168 302 NA
16169 302 NA
16170 302 NA
16171 302 NA
16172 302 NA
16173 302 NA
16174 302 NA
16175 302 NA
16176 302 NA
16177 302 NA
16178 302 NA
16179 302 NA
16180 302 NA
16181 302 NA
16182 302 NA
16183 302 NA
16184 302 NA
16185 302 NA
16186 302 NA
16187 302 NA
16188 302 NA
16189 302 NA
16190 302 NA
16191 302 NA
16192 302 NA
16193 302 NA
16194 302 NA
16195 302 NA
16196 302 NA
16197 302 NA
16198 302 NA
16199 302 NA
16200 302 NA
16201 302 NA
16202 302 NA
16203 302 NA
16204 304 NA
16205 304 NA
16206 304 NA
16207 304 NA
16208 304 NA
16209 304 NA
16210 304 NA
16211 304 NA
16212 304 NA
16213 304 NA
16214 304 NA
16215 304 NA
16216 304 NA
16217 304 NA
16218 304 NA
16219 304 NA
16220 304 NA
16221 304 NA
16222 304 NA
16223 304 NA
16224 304 NA
16225 304 NA
16226 304 NA
16227 304 NA
16228 304 NA
16229 304 NA
16230 304 NA
16231 304 NA
16232 304 NA
16233 304 NA
16234 304 NA
16235 304 NA
16236 304 NA
16237 304 NA
16238 297 NA
16239 297 NA
16240 297 NA
16241 297 NA
16242 297 NA
16243 297 NA
16244 297 NA
16245 297 NA
16246 297 NA
16247 297 NA
16248 297 NA
16249 297 NA
16250 297 NA
16251 297 NA
16252 297 NA
16253 297 NA
16254 297 NA
16255 297 NA
16256 297 NA
16257 297 NA
16258 297 NA
16259 297 NA
16260 297 NA
16261 297 NA
16262 297 NA
16263 297 NA
16264 297 NA
16265 297 NA
16266 295 NA
16267 295 NA
16268 295 NA
16269 295 NA
16270 295 NA
16271 295 NA
16272 295 NA
16273 295 NA
16274 295 NA
16275 295 NA
16276 295 NA
16277 295 NA
16278 295 NA
16279 295 NA
16280 295 NA
16281 294 NA
16282 294 NA
16283 294 NA
16284 294 NA
16285 294 NA
16286 294 NA
16287 294 NA
16288 294 NA
16289 294 NA
16290 294 NA
16291 294 NA
16292 294 NA
16293 294 NA
16294 294 NA
16295 294 NA
16296 309 NA
16297 309 NA
16298 309 NA
16299 309 NA
16300 309 NA
16301 309 NA
16302 309 NA
16303 309 NA
16304 309 NA
16305 309 NA
16306 309 NA
16307 309 NA
16308 309 NA
16309 309 NA
16310 309 NA
16311 309 NA
16312 324 NA
16313 324 NA
16314 324 NA
16315 324 NA
16316 324 NA
16317 324 NA
16318 324 NA
16319 324 NA
16320 324 NA
16321 324 NA
16322 324 NA
16323 324 NA
16324 324 NA
16325 324 NA
16326 324 NA
16327 324 NA
16328 324 NA
16329 324 NA
16330 324 NA
16331 324 NA
16332 324 NA
16333 324 NA
16334 340 NA
16335 340 NA
16336 340 NA
16337 340 NA
16338 340 NA
16339 340 NA
16340 340 NA
16341 340 NA
16342 340 NA
16343 340 NA
16344 340 NA
16345 340 NA
16346 340 NA
16347 340 NA
16348 340 NA
16349 340 NA
16350 340 NA
16351 340 NA
16352 340 NA
16353 357 NA
16354 357 NA
16355 357 NA
16356 357 NA
16357 357 NA
16358 357 NA
16359 357 NA
16360 357 NA
16361 357 NA
16362 357 NA
16363 357 NA
16364 357 NA
16365 357 NA
16366 357 NA
16367 357 NA
16368 357 NA
16369 357 NA
16370 357 NA
16371 357 NA
16372 357 NA
16373 357 NA
16374 357 NA
16375 357 NA
16376 357 NA
16377 357 NA
16378 369 NA
16379 369 NA
16380 369 NA
16381 369 NA
16382 369 NA
16383 369 NA
16384 369 NA
16385 369 NA
16386 369 NA
16387 369 NA
16388 369 NA
16389 369 NA
16390 369 NA
16391 369 NA
16392 369 NA
16393 369 NA
16394 369 NA
16395 369 NA
16396 369 NA
16397 369 NA
16398 369 NA
16399 369 NA
16400 369 NA
16401 369 NA
16402 369 NA
16403 375 NA
16404 375 NA
16405 375 NA
16406 375 NA
16407 375 NA
16408 375 NA
16409 375 NA
16410 375 NA
16411 375 NA
16412 375 NA
16413 375 NA
16414 375 NA
16415 375 NA
16416 375 NA
16417 375 NA
16418 375 NA
16419 375 NA
16420 375 NA
16421 375 NA
16422 375 NA
16423 375 NA
16424 375 NA
16425 375 NA
16426 375 NA
16427 390 NA
16428 390 NA
16429 390 NA
16430 390 NA
16431 390 NA
16432 390 NA
16433 390 NA
16434 390 NA
16435 390 NA
16436 390 NA
16437 390 NA
16438 390 NA
16439 390 NA
16440 390 NA
16441 390 NA
16442 390 NA
16443 390 NA
16444 390 NA
16445 390 NA
16446 390 NA
16447 390 NA
16448 403 NA
16449 403 NA
16450 403 NA
16451 403 NA
16452 403 NA
16453 403 NA
16454 403 NA
16455 403 NA
16456 403 NA
16457 403 NA
16458 403 NA
16459 403 NA
16460 403 NA
16461 403 NA
16462 403 NA
16463 403 NA
16464 403 NA
16465 403 NA
16466 403 NA
16467 403 NA
16468 403 NA
16469 403 NA
16470 403 NA
16471 403 NA
16472 419 NA
16473 419 NA
16474 419 NA
16475 419 NA
16476 419 NA
16477 419 NA
16478 419 NA
16479 419 NA
16480 419 NA
16481 419 NA
16482 419 NA
16483 419 NA
16484 419 NA
16485 419 NA
16486 419 NA
16487 419 NA
16488 419 NA
16489 419 NA
16490 419 NA
16491 419 NA
16492 419 NA
16493 419 NA
16494 419 NA
16495 435 NA
16496 435 NA
16497 435 NA
16498 435 NA
16499 435 NA
16500 435 NA
16501 435 NA
16502 435 NA
16503 435 NA
16504 435 NA
16505 435 NA
16506 435 NA
16507 435 NA
16508 435 NA
16509 435 NA
16510 435 NA
16511 435 NA
16512 435 NA
16513 435 NA
16514 435 NA
16515 435 NA
16516 435 NA
16517 431 NA
16518 431 NA
16519 431 NA
16520 431 NA
16521 431 NA
16522 431 NA
16523 431 NA
16524 431 NA
16525 431 NA
16526 431 NA
16527 431 NA
16528 431 NA
16529 431 NA
16530 431 NA
16531 431 NA
16532 431 NA
16533 431 NA
16534 431 NA
16535 431 NA
16536 431 NA
16537 431 NA
16538 431 NA
16539 431 NA
16540 431 NA
16541 431 NA
16542 431 NA
16543 434 NA
16544 434 NA
16545 434 NA
16546 434 NA
16547 434 NA
16548 434 NA
16549 434 NA
16550 434 NA
16551 434 NA
16552 434 NA
16553 434 NA
16554 434 NA
16555 434 NA
16556 434 NA
16557 434 NA
16558 434 NA
16559 434 NA
16560 434 NA
16561 434 NA
16562 434 NA
16563 434 NA
16564 434 NA
16565 434 NA
16566 434 NA
16567 434 NA
16568 434 NA
16569 434 NA
16570 434 NA
16571 434 NA
16572 434 NA
16573 434 NA
16574 434 NA
16575 438 NA
16576 438 NA
16577 438 NA
16578 438 NA
16579 438 NA
16580 438 NA
16581 438 NA
16582 438 NA
16583 438 NA
16584 438 NA
16585 438 NA
16586 438 NA
16587 438 NA
16588 438 NA
16589 438 NA
16590 438 NA
16591 438 NA
16592 438 NA
16593 438 NA
16594 438 NA
16595 438 NA
16596 438 NA
16597 438 NA
16598 438 NA
16599 438 NA
16600 438 NA
16601 438 NA
16602 438 NA
16603 438 NA
16604 438 NA
16605 446 NA
16606 446 NA
16607 446 NA
16608 446 NA
16609 446 NA
16610 446 NA
16611 446 NA
16612 446 NA
16613 446 NA
16614 446 NA
16615 446 NA
16616 446 NA
16617 446 NA
16618 446 NA
16619 446 NA
16620 446 NA
16621 446 NA
16622 446 NA
16623 446 NA
16624 446 NA
16625 446 NA
16626 446 NA
16627 446 NA
16628 446 NA
16629 446 NA
16630 446 NA
16631 446 NA
16632 446 NA
16633 438 NA
16634 438 NA
16635 438 NA
16636 438 NA
16637 438 NA
16638 438 NA
16639 438 NA
16640 438 NA
16641 438 NA
16642 438 NA
16643 438 NA
16644 438 NA
16645 438 NA
16646 438 NA
16647 438 NA
16648 438 NA
16649 438 NA
16650 438 NA
16651 438 NA
16652 438 NA
16653 438 NA
16654 438 NA
16655 438 NA
16656 438 NA
16657 438 NA
16658 438 NA
16659 438 NA
16660 438 NA
16661 440 NA
16662 440 NA
16663 440 NA
16664 440 NA
16665 440 NA
16666 440 NA
16668 440 NA
16669 440 NA
16670 440 NA
16671 440 NA
16672 440 NA
16673 440 NA
16674 440 NA
16675 440 NA
16676 440 NA
16677 440 NA
16678 440 NA
16679 440 NA
16680 440 NA
16681 440 NA
16682 440 NA
16683 440 NA
16684 440 NA
16685 440 NA
16686 440 NA
16687 440 NA
16688 440 NA
16689 440 NA
16690 440 NA
16691 440 NA
16692 452 NA
16693 452 NA
16694 452 NA
16695 452 NA
16696 452 NA
16697 452 NA
16698 452 NA
16699 452 NA
16700 452 NA
16701 452 NA
16702 452 NA
16703 452 NA
16704 452 NA
16705 452 NA
16706 452 NA
16707 452 NA
16708 452 NA
16709 452 NA
16710 452 NA
16711 452 NA
16712 452 NA
16715 452 NA
16717 452 NA
16719 452 NA
16720 452 NA
16721 452 NA
16722 452 NA
16723 452 NA
16724 447 NA
16725 447 NA
16726 447 NA
16727 447 NA
16728 447 NA
16729 447 NA
16730 447 NA
16731 447 NA
16732 447 NA
16733 447 NA
16734 447 NA
16735 447 NA
16736 447 NA
16737 447 NA
16738 447 NA
16739 447 NA
16740 447 NA
16741 447 NA
16742 447 NA
16743 447 NA
16744 447 NA
16745 447 NA
16746 447 NA
16747 447 NA
16748 447 NA
16749 447 NA
16750 447 NA
16751 447 NA
16752 447 NA
16753 447 NA
16754 447 NA
16755 447 NA
16756 450 NA
16757 450 NA
16759 450 NA
16760 450 NA
16761 450 NA
16762 450 NA
16763 450 NA
16764 450 NA
16765 450 NA
16766 450 NA
16767 450 NA
16768 450 NA
16769 450 NA
16770 450 NA
16771 450 NA
16772 450 NA
16773 450 NA
16774 450 NA
16775 450 NA
16776 450 NA
16777 450 NA
16778 450 NA
16779 450 NA
16780 450 NA
16781 450 NA
16782 450 NA
16783 450 NA
16784 450 NA
16785 450 NA
16786 450 NA
16787 450 NA
16788 450 NA
16789 450 NA
16790 453 NA
16791 453 NA
16792 453 NA
16793 453 NA
16794 453 NA
16795 453 NA
16796 453 NA
16797 453 NA
16798 453 NA
16799 453 NA
16800 453 NA
16801 453 NA
16802 453 NA
16803 453 NA
16804 453 NA
16805 453 NA
16807 453 NA
16808 453 NA
16809 453 NA
16810 453 NA
16811 453 NA
16812 453 NA
16813 453 NA
16814 453 NA
16815 453 NA
16816 453 NA
16817 453 NA
16818 453 NA
16820 448 NA
16821 448 NA
16822 448 NA
16823 448 NA
16824 448 NA
16825 448 NA
16826 448 NA
16827 448 NA
16828 448 NA
16829 448 NA
16830 448 NA
16831 448 NA
16832 448 NA
16833 448 NA
16834 448 NA
16835 448 NA
16836 448 NA
16837 448 NA
16838 448 NA
16839 448 NA
16840 448 NA
16841 448 NA
16842 448 NA
16843 448 NA
16844 448 NA
16845 448 NA
16847 448 NA
16849 442 NA
16850 442 NA
16851 442 NA
16852 442 NA
16853 442 NA
16854 442 NA
16855 442 NA
16856 442 NA
16857 442 NA
16858 442 NA
16859 442 NA
16860 442 NA
16861 442 NA
16862 442 NA
16863 442 NA
16864 442 NA
16865 442 NA
16866 442 NA
16867 442 NA
16869 442 NA
16870 442 NA
16871 442 NA
16872 442 NA
16873 442 NA
16874 442 NA
16875 442 NA
16876 442 NA
16878 442 NA
16879 442 NA
16880 442 NA
16881 447 NA
16882 447 NA
16883 447 NA
16884 447 NA
16885 447 NA
16886 447 NA
16887 447 NA
16888 447 NA
16889 447 NA
16890 447 NA
16891 447 NA
16892 447 NA
16893 447 NA
16894 447 NA
16895 447 NA
16896 447 NA
16897 447 NA
16898 447 NA
16899 447 NA
16900 447 NA
16901 447 NA
16902 447 NA
16903 447 NA
16904 447 NA
16905 447 NA
16906 447 NA
16907 447 NA
16908 447 NA
16909 447 NA
16910 447 NA
16911 447 NA
16912 451 NA
16913 451 NA
16914 451 NA
16915 451 NA
16916 451 NA
16917 451 NA
16918 451 NA
16919 451 NA
16920 451 NA
16921 451 NA
16922 451 NA
16923 451 NA
16924 451 NA
16925 451 NA
16926 451 NA
16927 451 NA
16928 451 NA
16929 451 NA
16930 451 NA
16931 451 NA
16932 451 NA
16933 451 NA
16934 451 NA
16935 451 NA
16937 451 NA
16938 451 NA
16939 451 NA
16940 451 NA
16941 451 NA
16942 451 NA
16943 451 NA
16944 451 NA
16945 451 NA
16946 451 NA
16949 439 NA
16950 439 NA
16951 439 NA
16952 439 NA
16953 439 NA
16954 439 NA
16955 439 NA
16956 439 NA
16957 439 NA
16958 439 NA
16959 439 NA
16960 439 NA
16966 439 NA
16968 439 NA
16969 439 NA
16970 439 NA
16971 439 NA
16972 439 NA
16974 439 NA
16975 439 NA
16976 439 NA
16977 439 NA
16978 423 NA
16979 423 NA
16980 423 NA
16981 423 NA
16982 423 NA
16984 423 NA
16985 423 NA
16986 423 NA
16987 423 NA
16988 423 NA
16989 423 NA
16990 423 NA
16991 423 NA
16992 423 NA
16993 423 NA
16994 423 NA
16999 423 NA
17000 423 NA
17001 423 NA
17006 423 NA
17007 423 NA
17014 413 NA
17015 413 NA
17016 413 NA
17017 413 NA
17018 413 NA
17019 413 NA
17020 413 NA
17021 413 NA
17022 413 NA
17023 413 NA
17024 413 NA
17025 413 NA
17026 413 NA
17027 413 NA
17028 413 NA
17029 413 NA
17031 413 NA
17032 413 NA
17033 413 NA
17034 413 NA
17035 413 NA
17036 413 NA
17037 413 NA
17038 413 NA
17039 413 NA
17040 413 NA
17042 413 NA
17044 413 NA
17045 413 NA
17046 413 NA
17047 413 NA
17048 413 NA
17049 413 NA
17050 413 NA
17051 413 NA
17052 413 NA
17053 413 NA
17054 413 NA
17055 413 NA
17056 408 NA
17057 408 NA
17058 408 NA
17059 408 NA
17060 408 NA
17061 408 NA
17062 408 NA
17063 408 NA
17064 408 NA
17069 408 NA
17070 408 NA
17071 408 NA
17072 408 NA
17073 408 NA
17075 408 NA
17076 408 NA
17077 408 NA
17078 408 NA
17079 408 NA
17080 408 NA
17081 408 NA
17083 408 NA
17084 408 NA
17085 408 NA
17086 408 NA
17087 408 NA
17088 408 NA
17089 408 NA
17091 408 NA
17092 408 NA
17093 408 NA
17094 408 NA
17095 408 NA
17096 408 NA
17097 408 NA
17098 408 NA
17099 408 NA
17100 408 NA
17101 408 NA
17102 408 NA
17103 408 NA
17104 408 NA
17105 408 NA
17106 403 NA
17107 403 NA
17108 403 NA
17109 403 NA
17110 403 NA
17111 403 NA
17112 403 NA
17113 403 NA
17114 403 NA
17115 403 NA
17117 403 NA
17118 403 NA
17119 403 NA
17123 403 NA
17124 403 NA
17125 403 NA
17126 403 NA
17127 403 NA
17129 403 NA
17130 403 NA
17131 403 NA
17132 403 NA
17133 403 NA
17134 403 NA
17135 403 NA
17136 403 NA
17138 403 NA
17139 403 NA
17140 403 NA
17141 403 NA
17142 403 NA
17143 403 NA
17144 403 NA
17145 403 NA
17146 403 NA
17147 403 NA
17148 403 NA
17149 403 NA
