"Index" "Price" "Volume"
16334 1e+06 NA
16335 1e+06 NA
16336 1e+06 NA
16337 960445 NA
16338 960445 NA
16339 960445 NA
16340 960445 NA
16341 915145 NA
16342 915145 NA
16343 915145 NA
16344 915145 NA
16345 915145 NA
16346 915145 NA
16347 872313 NA
16348 872313 NA
16349 872313 NA
16350 872313 NA
16351 872313 NA
16352 872313 NA
16353 872313 NA
16354 872313 NA
16355 872313 NA
16356 872313 NA
16357 830975 NA
16358 830975 NA
16359 830975 NA
16360 830975 NA
16361 830975 NA
16362 830975 NA
16363 830975 NA
16364 830975 NA
16365 830975 NA
16366 830975 NA
16367 830975 NA
16368 830975 NA
16369 830975 NA
16370 791733 NA
16371 791733 NA
16372 791733 NA
16373 791733 NA
16374 791733 NA
16375 791733 NA
16376 791733 NA
16377 791733 NA
16378 791733 NA
16379 791733 NA
16380 791733 NA
16381 791733 NA
16382 791733 NA
16383 791733 NA
16384 791733 NA
16385 755310 NA
16386 717544 NA
16387 683448 NA
16388 683448 NA
16389 649275 NA
16390 649275 NA
16391 649275 NA
16392 616811 NA
16393 616811 NA
16394 616811 NA
16395 587066 NA
16396 587066 NA
16397 587066 NA
16398 558777 NA
16399 558777 NA
16400 558777 NA
16401 558777 NA
16402 531825 NA
16403 531825 NA
16404 531825 NA
16405 531825 NA
16406 506293 NA
16407 506293 NA
16408 506293 NA
16409 506293 NA
16410 482236 NA
16411 482236 NA
16412 482236 NA
16413 459455 NA
16414 459455 NA
16415 459455 NA
16416 437696 NA
16417 437696 NA
16418 437696 NA
16419 416761 NA
16420 416761 NA
16421 416761 NA
16422 397422 NA
16423 397422 NA
16424 397422 NA
16425 397422 NA
16426 378812 NA
16427 378812 NA
16428 378812 NA
16429 378812 NA
16430 378812 NA
16431 360574 NA
16432 360574 NA
16433 360574 NA
16434 360574 NA
16435 343162 NA
16436 343162 NA
16437 343162 NA
16438 343162 NA
16439 343162 NA
16440 326905 NA
16441 326905 NA
16442 326905 NA
16443 326905 NA
16444 326905 NA
16445 311604 NA
16446 311604 NA
16447 311604 NA
16448 311604 NA
16449 311604 NA
16450 297012 NA
16451 297012 NA
16452 297012 NA
16453 297012 NA
16454 297012 NA
16455 282932 NA
16456 282932 NA
16457 282932 NA
16458 282932 NA
16459 282932 NA
16460 269541 NA
16461 269541 NA
16462 269541 NA
16463 269541 NA
16464 269541 NA
16465 256994 NA
16466 256994 NA
16467 256994 NA
16468 256994 NA
16469 244856 NA
16470 244856 NA
16471 244856 NA
16472 244856 NA
16473 244856 NA
16474 244856 NA
16475 233167 NA
16476 233167 NA
16477 233167 NA
16478 233167 NA
16479 233167 NA
16480 233167 NA
16481 222301 NA
16482 147475 NA
16483 147475 NA
16484 147475 NA
16485 147475 NA
16486 147475 NA
16487 147475 NA
16488 147475 NA
16489 141630 NA
16490 141630 NA
16491 141630 NA
16492 141630 NA
16493 141630 NA
16494 141630 NA
16495 134548 NA
16496 134548 NA
16497 134548 NA
16498 134548 NA
16499 134548 NA
16500 128135 NA
16501 128135 NA
16502 128135 NA
16503 128135 NA
16504 128135 NA
16505 128135 NA
16506 125415 NA
16507 125415 NA
16508 125415 NA
16509 125415 NA
16510 125415 NA
16511 125415 NA
16512 120487 NA
16513 120487 NA
16514 120487 NA
16515 120487 NA
16516 120487 NA
16517 120487 NA
16518 120487 NA
16519 114829 NA
16520 114829 NA
16521 114829 NA
16522 114829 NA
16523 114829 NA
16524 114829 NA
16525 114829 NA
16526 114829 NA
16527 114829 NA
16528 109198 NA
16529 109198 NA
16530 109198 NA
16531 109198 NA
16532 109198 NA
16533 109198 NA
16534 109198 NA
16535 103892 NA
16536 103892 NA
16537 103892 NA
16538 103892 NA
16539 103892 NA
16540 103892 NA
16541 103892 NA
16542 99005 NA
16543 99005 NA
16544 99005 NA
16545 99005 NA
16546 99005 NA
16547 99005 NA
16548 99005 NA
16549 99005 NA
16550 94343 NA
16551 94343 NA
16552 94343 NA
16553 94343 NA
16554 94343 NA
16555 94343 NA
16556 94343 NA
16557 89875 NA
16558 89875 NA
16559 89875 NA
16560 89875 NA
16561 89875 NA
16562 89875 NA
16563 89875 NA
16564 89875 NA
16565 85595 NA
16566 85595 NA
16567 85595 NA
16568 85595 NA
16569 85595 NA
16570 85595 NA
16571 85595 NA
16572 85595 NA
16573 81315 NA
16574 81315 NA
16575 81315 NA
16576 81315 NA
16577 81315 NA
16578 81315 NA
16579 81315 NA
16580 81315 NA
16581 78761 NA
16582 78761 NA
16583 78761 NA
16584 78761 NA
16585 78761 NA
16586 78761 NA
16587 78761 NA
16588 77347 NA
16589 77347 NA
16590 77347 NA
16591 77347 NA
16592 77347 NA
16593 77347 NA
16594 77347 NA
16595 77347 NA
16596 77347 NA
16597 78627 NA
16598 78627 NA
16599 78627 NA
16600 78627 NA
16601 78627 NA
16602 78627 NA
16603 78627 NA
16604 78627 NA
16605 78627 NA
16606 74695 NA
16607 74695 NA
16608 74695 NA
16609 74695 NA
16610 74695 NA
16611 74695 NA
16612 74695 NA
16613 74695 NA
16614 71046 NA
16615 71046 NA
16616 71046 NA
16617 71046 NA
16618 71046 NA
16619 71046 NA
16620 71046 NA
16621 71052 NA
16622 71052 NA
16623 71052 NA
16624 71052 NA
16625 71052 NA
16626 71052 NA
16627 71052 NA
16628 71052 NA
16629 68258 NA
16630 68258 NA
16631 68258 NA
16632 68258 NA
16633 68258 NA
16634 68258 NA
16635 68258 NA
16636 68258 NA
16637 65397 NA
16638 65397 NA
16639 65397 NA
16640 65397 NA
16641 65397 NA
16642 65397 NA
16643 65397 NA
16644 65397 NA
16645 65397 NA
16646 65738 NA
16647 65738 NA
16648 65738 NA
16649 65738 NA
16650 65738 NA
16651 65738 NA
16652 65738 NA
16653 65738 NA
16654 65738 NA
16655 66064 NA
16656 66064 NA
16657 66064 NA
16658 66064 NA
16659 66064 NA
16660 66064 NA
16661 66064 NA
16662 66064 NA
16663 66064 NA
16664 67329 NA
16665 67329 NA
16666 67329 NA
16668 67329 NA
16669 67329 NA
16670 67329 NA
16671 67329 NA
16672 69830 NA
16673 69830 NA
16674 69830 NA
16675 69830 NA
16676 69830 NA
16677 69830 NA
16678 69830 NA
16679 69830 NA
16680 69830 NA
16681 72386 NA
16682 72386 NA
16683 72386 NA
16684 72386 NA
16685 72386 NA
16686 72386 NA
16687 72386 NA
16688 72386 NA
16689 72386 NA
16690 72386 NA
16691 72386 NA
16692 70753 NA
16693 70753 NA
16694 70753 NA
16695 70753 NA
16696 70753 NA
16697 70753 NA
16698 70753 NA
16699 70753 NA
16700 70753 NA
16701 70753 NA
16702 70753 NA
16703 67326 NA
16704 67326 NA
16705 67326 NA
16706 67326 NA
16707 67326 NA
16708 67326 NA
16709 67326 NA
16710 67326 NA
16711 64074 NA
16712 64074 NA
16715 64074 NA
16717 64074 NA
16719 65007 NA
16720 65007 NA
16721 65007 NA
16722 65007 NA
16723 65007 NA
16724 65007 NA
16725 65007 NA
16726 65007 NA
16727 65007 NA
16728 66676 NA
16729 66676 NA
16730 66676 NA
16731 66676 NA
16732 66676 NA
16733 66676 NA
16734 66676 NA
16735 66676 NA
16736 66676 NA
16737 66938 NA
16738 66938 NA
16739 66938 NA
16740 66938 NA
16741 66938 NA
16742 66938 NA
16743 66938 NA
16744 66938 NA
16745 66938 NA
16746 66938 NA
16747 68493 NA
16748 68493 NA
16749 68493 NA
16750 68493 NA
16751 68493 NA
16752 68493 NA
16753 68493 NA
16754 68493 NA
16755 68493 NA
16756 68493 NA
16757 68493 NA
16759 69716 NA
16760 69716 NA
16761 69716 NA
16762 69716 NA
16763 69716 NA
16764 69716 NA
16765 69716 NA
16766 69716 NA
16767 69716 NA
16768 69716 NA
16769 72178 NA
16770 72178 NA
16771 72178 NA
16772 72178 NA
16773 72178 NA
16774 72178 NA
16775 72178 NA
16776 72178 NA
16777 72178 NA
16778 72178 NA
16779 72178 NA
16780 72369 NA
16781 72369 NA
16782 72369 NA
16783 72369 NA
16784 72369 NA
16785 72369 NA
16786 72369 NA
16787 72369 NA
16788 74309 NA
16789 74309 NA
16790 74309 NA
16791 74309 NA
16792 74309 NA
16793 74309 NA
16794 74309 NA
16795 74309 NA
16796 74309 NA
16797 76360 NA
16798 76360 NA
16799 76360 NA
16800 76360 NA
16801 76360 NA
16802 76360 NA
16803 76360 NA
16804 76360 NA
16805 76360 NA
16807 78308 NA
16808 78308 NA
16809 78308 NA
16810 78308 NA
16811 78308 NA
16812 78308 NA
16813 78308 NA
16814 78308 NA
16815 78308 NA
16816 78308 NA
16817 81656 NA
16818 81656 NA
16820 81656 NA
16821 81656 NA
16822 81656 NA
16823 81656 NA
16824 81656 NA
16825 81656 NA
16826 85504 NA
16827 85504 NA
16828 85504 NA
16829 89600 NA
16830 89600 NA
16831 89600 NA
16832 89600 NA
16833 93888 NA
16834 93888 NA
16835 93888 NA
16836 93888 NA
16837 98377 NA
16838 98377 NA
16839 98377 NA
16840 98377 NA
16841 98377 NA
16842 98377 NA
16843 98377 NA
16844 103056 NA
16845 103056 NA
16847 103056 NA
16849 103056 NA
16850 103056 NA
16851 103056 NA
16852 107964 NA
16853 107964 NA
16854 107964 NA
16855 107964 NA
16856 107964 NA
16857 107964 NA
16858 107964 NA
16859 112969 NA
16860 112969 NA
16861 112969 NA
16862 112969 NA
16863 112969 NA
16864 112969 NA
16865 112969 NA
16866 112969 NA
16867 118151 NA
16869 118151 NA
16870 118151 NA
16871 118151 NA
16872 118151 NA
16873 118151 NA
16874 118151 NA
16875 123880 NA
16876 123880 NA
16878 123880 NA
16879 879144 NA
16880 879144 NA
16881 879144 NA
16882 879144 NA
16883 879144 NA
16884 879144 NA
16885 879144 NA
16886 879144 NA
16887 879144 NA
16888 879144 NA
16889 879144 NA
16890 879144 NA
16891 879144 NA
16892 855324 NA
16893 855324 NA
16894 855324 NA
16895 855324 NA
16896 855324 NA
16897 855324 NA
16898 855324 NA
16899 855324 NA
16900 855324 NA
16901 855324 NA
16902 855324 NA
16903 855324 NA
16904 855324 NA
16905 855324 NA
16906 855324 NA
16907 823755 NA
16908 823755 NA
16909 823755 NA
16910 823755 NA
16911 823755 NA
16912 823755 NA
16913 823755 NA
16914 823755 NA
16915 823755 NA
16916 823755 NA
16917 823755 NA
16918 823755 NA
16919 823755 NA
16920 823755 NA
16921 823755 NA
16922 792953 NA
16923 792953 NA
16924 792953 NA
16925 792953 NA
16926 792953 NA
16927 792953 NA
16928 792953 NA
16929 792953 NA
16930 792953 NA
16931 792953 NA
16932 792953 NA
16933 792953 NA
16934 792953 NA
16935 792953 NA
16937 792953 NA
16938 761564 NA
16939 761564 NA
16940 761564 NA
16941 761564 NA
16942 761564 NA
16943 761564 NA
16944 761564 NA
16945 761564 NA
16946 761564 NA
16949 761564 NA
16950 725737 NA
16951 725737 NA
16952 725737 NA
16953 725737 NA
16954 725737 NA
16955 725737 NA
16956 725737 NA
16957 725737 NA
16958 725737 NA
16959 725737 NA
16960 725737 NA
16966 400397 NA
16968 400397 NA
16969 400397 NA
16970 400397 NA
16971 400397 NA
16972 400397 NA
16974 400397 NA
16975 399899 NA
16976 399899 NA
16977 399899 NA
16978 399899 NA
16979 399899 NA
16980 399899 NA
16981 399899 NA
16982 399899 NA
16984 399899 NA
16985 399899 NA
16986 399899 NA
16987 399899 NA
16988 399899 NA
16989 399899 NA
16990 403323 NA
16991 403323 NA
16992 403323 NA
16993 403323 NA
16994 403323 NA
16999 403323 NA
17000 403323 NA
17001 403323 NA
17006 414268 NA
17007 414268 NA
17014 414268 NA
17015 414268 NA
17016 414268 NA
17017 414268 NA
17018 414268 NA
17019 414268 NA
17020 414268 NA
17021 414268 NA
17022 414268 NA
17023 414268 NA
17024 416982 NA
17025 416982 NA
17026 416982 NA
17027 416982 NA
17028 416982 NA
17029 416982 NA
17031 416982 NA
17032 416982 NA
17033 416982 NA
17034 416982 NA
17035 416982 NA
17036 416982 NA
17037 416982 NA
17038 416982 NA
17039 416982 NA
17040 416982 NA
17042 414625 NA
17044 414625 NA
17045 414625 NA
17046 414625 NA
17047 414625 NA
17048 414625 NA
17049 414625 NA
17050 414625 NA
17051 414625 NA
17052 414625 NA
17053 414625 NA
17054 414625 NA
17055 414625 NA
17056 414625 NA
17057 420155 NA
17058 420155 NA
17059 420155 NA
17060 420155 NA
17061 420155 NA
17062 420155 NA
17063 420155 NA
17064 420155 NA
17069 420155 NA
17070 420155 NA
17071 420155 NA
17072 426694 NA
17073 426694 NA
17075 426694 NA
17076 426694 NA
17077 426694 NA
17078 426694 NA
17079 426694 NA
17080 426694 NA
17081 426694 NA
17083 426694 NA
17084 426694 NA
17085 426694 NA
17086 426694 NA
17087 419721 NA
17088 419721 NA
17089 419721 NA
17091 419721 NA
17092 419721 NA
17093 419721 NA
17094 419721 NA
17095 419721 NA
17096 419721 NA
17097 419721 NA
17098 419721 NA
17099 419721 NA
17100 419721 NA
17101 419721 NA
17102 419721 NA
17103 413580 NA
17104 413580 NA
17105 413580 NA
17106 413580 NA
17107 413580 NA
17108 413580 NA
17109 413580 NA
17110 413580 NA
17111 413580 NA
17112 413580 NA
17113 413580 NA
17114 413580 NA
17115 413580 NA
17117 413580 NA
17118 394569 NA
17119 394569 NA
17123 394569 NA
17124 394569 NA
17125 394569 NA
17126 394569 NA
17127 394569 NA
17129 394569 NA
17130 394569 NA
17131 394569 NA
17132 376003 NA
17133 376003 NA
17134 376003 NA
17135 376003 NA
17136 376003 NA
17138 376003 NA
17139 376003 NA
17140 376003 NA
17141 376003 NA
17142 376003 NA
17143 376003 NA
17144 358436 NA
17145 358436 NA
17146 358436 NA
17147 358436 NA
17148 358436 NA
17149 358436 NA
