"Index" "Price" "Volume"
14422 142400 NA
14423 141900 NA
14424 141900 NA
14425 141800 NA
14426 141500 NA
14427 141800 NA
14428 141000 NA
14429 141000 NA
14430 141000 NA
14431 141800 NA
14432 140800 NA
14433 141700 NA
14434 141700 NA
14435 141800 NA
14436 144200 NA
14437 144200 NA
14438 147200 NA
14439 147200 NA
14440 149400 NA
14441 147300 NA
14442 147300 NA
14443 148700 NA
14444 154300 NA
14445 154300 NA
14446 157700 NA
14447 163900 NA
14448 163900 NA
14449 163900 NA
14450 168400 NA
14451 168400 NA
14452 174300 NA
14453 178700 NA
14454 178700 NA
14455 178700 NA
14456 179600 NA
14457 179600 NA
14458 174400 NA
14459 166200 NA
14460 166200 NA
14461 161800 NA
14462 161800 NA
14463 160900 NA
14464 159600 NA
14465 160100 NA
14466 158900 NA
14467 158500 NA
14468 156500 NA
14469 156800 NA
14470 156500 NA
14471 154900 NA
14472 154400 NA
14473 154400 NA
14474 154800 NA
14475 154700 NA
14476 154700 NA
14477 149600 NA
14478 149600 NA
14479 146100 NA
14480 145800 NA
14481 141700 NA
14482 141700 NA
14483 139500 NA
14484 139500 NA
14485 140000 NA
14486 140300 NA
14487 141600 NA
14488 141800 NA
14489 145500 NA
14490 145000 NA
14491 145000 NA
14492 146000 NA
14493 143900 NA
14494 143900 NA
14495 143900 NA
14496 142000 NA
14497 142000 NA
14498 142000 NA
14499 144100 NA
14500 144100 NA
14501 147300 NA
14502 147300 NA
14503 146400 NA
14504 146400 NA
14505 146400 NA
14506 146900 NA
14507 146900 NA
14508 147800 NA
14509 147800 NA
14510 149100 NA
14511 149100 NA
14512 144500 NA
14513 144500 NA
14514 141300 NA
14515 140700 NA
14516 140700 NA
14517 137700 NA
14518 137700 NA
14519 139600 NA
14520 139600 NA
14521 143800 NA
14522 149000 NA
14523 149000 NA
14524 149000 NA
14525 150700 NA
14526 150700 NA
14527 146800 NA
14528 145100 NA
14529 145100 NA
14530 139700 NA
14531 139700 NA
14532 138800 NA
14533 140800 NA
14534 140800 NA
14535 142500 NA
14536 147400 NA
14537 147400 NA
14538 147400 NA
14539 147400 NA
14540 150400 NA
14541 150400 NA
14542 154600 NA
14543 157100 NA
14544 157100 NA
14545 159500 NA
14546 159500 NA
14547 159800 NA
14548 158600 NA
14549 156900 NA
14550 154200 NA
14551 153400 NA
14552 153800 NA
14553 157100 NA
14554 157100 NA
14555 162500 NA
14556 162500 NA
14557 166800 NA
14558 166800 NA
14559 168900 NA
14560 168900 NA
14561 172900 NA
14562 176100 NA
14563 180800 NA
14564 182800 NA
14565 183100 NA
14566 186500 NA
14567 186500 NA
14568 190500 NA
14569 197400 NA
14570 199600 NA
14571 199600 NA
14572 202900 NA
14573 205800 NA
14574 209200 NA
14575 209400 NA
14576 203500 NA
14577 203500 NA
14578 203100 NA
14579 203100 NA
14580 201800 NA
14581 200300 NA
14582 197500 NA
14583 197500 NA
14584 193400 NA
14585 193400 NA
14586 193400 NA
14587 186700 NA
14588 180200 NA
14589 180200 NA
14590 180500 NA
14591 177000 NA
14592 176500 NA
14593 178800 NA
14594 178800 NA
14595 182400 NA
14596 182400 NA
14597 187100 NA
14598 187100 NA
14599 183200 NA
14600 183200 NA
14601 177400 NA
14602 177400 NA
14603 173100 NA
14604 173100 NA
14605 172000 NA
14606 172000 NA
14607 172500 NA
14608 172500 NA
14609 172500 NA
14610 171800 NA
14611 171800 NA
14612 175100 NA
14613 175100 NA
14614 176500 NA
14615 176500 NA
14616 176500 NA
14617 181300 NA
14618 185400 NA
14619 185400 NA
14620 185400 NA
14621 187100 NA
14622 187100 NA
14623 188600 NA
14624 188600 NA
14625 190100 NA
14626 193500 NA
14627 193500 NA
14628 198100 NA
14629 198100 NA
14630 198100 NA
14631 200300 NA
14632 200300 NA
14633 202400 NA
14634 202400 NA
14635 208100 NA
14636 207400 NA
14637 209700 NA
14638 209800 NA
14639 212300 NA
14640 212600 NA
14641 218600 NA
14642 218600 NA
14643 223100 NA
14644 223100 NA
14645 222800 NA
14646 225100 NA
14647 230400 NA
14648 230400 NA
14649 230400 NA
14650 231200 NA
14651 232900 NA
14653 234000 NA
14654 237700 NA
14655 241100 NA
14656 241100 NA
14657 242400 NA
14658 243000 NA
14659 241200 NA
14660 241200 NA
14661 241200 NA
14662 238000 NA
14663 238000 NA
14664 229200 NA
14665 229200 NA
14666 224800 NA
14667 224800 NA
14668 224800 NA
14669 224200 NA
14670 224200 NA
14671 224200 NA
14672 215900 NA
14673 215900 NA
14674 213900 NA
14675 213900 NA
14676 215700 NA
14677 215700 NA
14678 215700 NA
14679 211300 NA
14680 211300 NA
14681 207400 NA
14682 208700 NA
14683 208700 NA
14684 208700 NA
14685 205100 NA
14686 205100 NA
14687 210100 NA
14688 210100 NA
14689 215400 NA
14690 222800 NA
14691 222800 NA
14692 222800 NA
14693 225100 NA
14694 230600 NA
14695 230600 NA
14696 230200 NA
14697 230200 NA
14698 225900 NA
14699 225900 NA
14700 224300 NA
14701 224300 NA
14702 220100 NA
14703 220100 NA
14704 212100 NA
14705 207800 NA
14706 207800 NA
14707 203200 NA
14708 197000 NA
14709 197000 NA
14710 194600 NA
14711 194500 NA
14712 196000 NA
14713 196000 NA
14714 196000 NA
14715 193600 NA
14716 193600 NA
14717 198400 NA
14718 198400 NA
14719 198400 NA
14720 201900 NA
14721 201900 NA
14722 204700 NA
14723 204700 NA
14724 208800 NA
14725 208800 NA
14726 217400 NA
14727 217400 NA
14728 217400 NA
14729 221300 NA
14730 221300 NA
14731 224600 NA
14732 229300 NA
14733 229300 NA
14734 229300 NA
14735 229300 NA
14736 232400 NA
14737 232400 NA
14738 230000 NA
14739 230000 NA
14740 230000 NA
14741 227600 NA
14742 227600 NA
14743 233800 NA
14744 238100 NA
14745 238100 NA
14746 238100 NA
14747 244200 NA
14748 244200 NA
14749 244200 NA
14750 245400 NA
14751 245400 NA
14752 249000 NA
14753 249000 NA
14754 249800 NA
14755 251400 NA
14756 251400 NA
14757 256700 NA
14758 264500 NA
14759 264500 NA
14760 272000 NA
14761 272000 NA
14762 280500 NA
14763 280500 NA
14764 280500 NA
14765 288800 NA
14766 288800 NA
14767 295800 NA
14768 302800 NA
14769 302800 NA
14770 302800 NA
14771 302200 NA
14772 302200 NA
14773 303200 NA
14774 303200 NA
14775 3e+05 NA
14776 298800 NA
14777 298800 NA
14778 297800 NA
14779 297800 NA
14780 295300 NA
14781 296000 NA
14782 298000 NA
14783 298000 NA
14784 305200 NA
14785 305200 NA
14786 309000 NA
14787 309000 NA
14788 309600 NA
14789 310400 NA
14790 310400 NA
14791 310400 NA
14792 312400 NA
14793 312400 NA
14794 320200 NA
14795 320200 NA
14796 320200 NA
14797 326400 NA
14798 336100 NA
14799 345500 NA
14800 345500 NA
14801 344800 NA
14802 344800 NA
14803 341500 NA
14804 341500 NA
14805 336000 NA
14806 336000 NA
14807 333300 NA
14808 333300 NA
14809 334000 NA
14810 336300 NA
14811 336300 NA
14812 332900 NA
14813 331400 NA
14814 331400 NA
14815 327100 NA
14816 327100 NA
14817 331900 NA
14818 334700 NA
14819 342400 NA
14820 342400 NA
14821 348300 NA
14822 348300 NA
14823 344500 NA
14824 344500 NA
14825 343400 NA
14826 346400 NA
14827 346400 NA
14828 357300 NA
14829 357300 NA
14830 367700 NA
14831 367700 NA
14832 372500 NA
14833 372500 NA
14834 375300 NA
14835 378000 NA
14836 381300 NA
14837 389600 NA
14838 391800 NA
14839 391800 NA
14840 381800 NA
14841 381800 NA
14842 369800 NA
14843 364800 NA
14844 364800 NA
14845 354700 NA
14846 352500 NA
14847 337800 NA
14848 331400 NA
14849 331400 NA
14850 326500 NA
14851 322200 NA
14852 321000 NA
14853 317300 NA
14854 317300 NA
14855 310500 NA
14856 305100 NA
14857 300500 NA
14858 300500 NA
14859 300800 NA
14860 300800 NA
14861 303700 NA
14862 304700 NA
14863 304000 NA
14864 305000 NA
14865 311300 NA
14866 316600 NA
14867 316600 NA
14868 313500 NA
14869 318800 NA
14870 317700 NA
14871 317700 NA
14872 319600 NA
14873 319600 NA
14874 320600 NA
14875 320600 NA
14876 327000 NA
14877 328100 NA
14878 334500 NA
14879 340800 NA
14880 340800 NA
14881 340800 NA
14882 345500 NA
14883 345500 NA
14884 352800 NA
14885 360000 NA
14886 361700 NA
14887 366900 NA
14888 366900 NA
14889 376600 NA
14890 382200 NA
14891 382200 NA
14892 396500 NA
14893 396500 NA
14894 396500 NA
14895 400200 NA
14896 402700 NA
14897 403700 NA
14898 403700 NA
14899 409400 NA
14900 415000 NA
14901 415000 NA
14902 415000 NA
14903 408500 NA
14904 408500 NA
14905 408500 NA
14906 396400 NA
14907 390400 NA
14908 390400 NA
14909 390400 NA
14910 390900 NA
14911 394100 NA
14912 394100 NA
14913 391800 NA
14914 391800 NA
14915 391800 NA
14916 388300 NA
14917 388300 NA
14918 379000 NA
14920 376900 NA
14921 373100 NA
14922 373100 NA
14923 373100 NA
14924 373300 NA
14925 373300 NA
14926 372600 NA
14927 376400 NA
14928 374800 NA
14929 374800 NA
14930 384100 NA
14931 384100 NA
14932 384100 NA
14933 402500 NA
14934 420300 NA
14935 420300 NA
14936 420300 NA
14937 439600 NA
14938 445900 NA
14939 445900 NA
14940 454300 NA
14941 450200 NA
14942 450200 NA
14943 444100 NA
14944 434600 NA
14945 434600 NA
14946 434600 NA
14947 428000 NA
14948 427200 NA
14949 427700 NA
14950 427700 NA
14951 418300 NA
14952 417200 NA
14953 417200 NA
14954 405500 NA
14955 398300 NA
14956 390400 NA
14957 390400 NA
14958 385600 NA
14959 385600 NA
14960 387900 NA
14961 387900 NA
14962 389200 NA
14963 389200 NA
14964 382500 NA
14965 371500 NA
14966 363000 NA
14967 365100 NA
14968 365100 NA
14969 360700 NA
14970 360700 NA
14971 362600 NA
14972 362600 NA
14973 361900 NA
14974 363800 NA
14975 361900 NA
14976 363800 NA
14979 368600 NA
14981 370800 NA
14983 366800 NA
14984 362600 NA
14985 362600 NA
14986 350800 NA
14987 342200 NA
14990 348500 NA
14991 362200 NA
14992 362200 NA
14993 370200 NA
14995 370200 NA
14996 379200 NA
14998 383200 NA
15000 386100 NA
15001 386100 NA
15003 380500 NA
15005 377300 NA
15007 381300 NA
15009 377200 NA
15011 376500 NA
15013 367700 NA
15014 367700 NA
15016 367100 NA
15018 361900 NA
15020 361700 NA
15021 361700 NA
15023 360500 NA
15025 353000 NA
15026 348200 NA
15028 340400 NA
15029 335800 NA
15031 335800 NA
15032 335500 NA
15033 334700 NA
15036 331800 NA
15037 331800 NA
15038 329300 NA
15039 335200 NA
15042 342000 NA
15044 349600 NA
15046 353700 NA
15047 361500 NA
15048 361500 NA
15050 372100 NA
15052 371200 NA
15054 364200 NA
15055 364200 NA
15058 360400 NA
15060 352000 NA
15061 344600 NA
15063 344600 NA
15064 337200 NA
15066 329900 NA
15067 329900 NA
15068 324200 NA
15070 323900 NA
15072 333600 NA
15073 335500 NA
15076 326300 NA
15078 316500 NA
15080 307800 NA
15082 304400 NA
15084 300500 NA
15085 300500 NA
15086 297100 NA
15087 297100 NA
15088 291900 NA
15089 291500 NA
15090 291500 NA
15091 291200 NA
15093 286900 NA
15094 272521 NA
15095 272520 NA
15096 270800 NA
15097 270800 NA
15098 268400 NA
15101 270400 NA
15103 262700 NA
15104 262000 NA
15106 262000 NA
15107 258000 NA
15109 250200 NA
15110 243700 NA
15114 240700 NA
15115 232900 NA
15116 229300 NA
15119 225600 NA
15120 225600 NA
15121 221700 NA
15122 221700 NA
15123 219500 NA
15125 216600 NA
15128 211800 NA
15130 207500 NA
15131 207500 NA
15132 202800 NA
15133 194600 NA
15136 194900 NA
15137 196500 NA
15140 196800 NA
15142 194800 NA
15143 196700 NA
15145 203300 NA
15147 204200 NA
15149 210700 NA
15150 208400 NA
15152 210100 NA
15154 215700 NA
15156 219800 NA
15157 219800 NA
15158 225400 NA
15159 225400 NA
15161 228000 NA
15163 231800 NA
15164 231800 NA
15165 230800 NA
15168 234500 NA
15170 239200 NA
15172 246200 NA
15173 244371 NA
15175 239500 NA
15177 228500 NA
15178 228500 NA
15179 220800 NA
15182 215500 NA
15184 208100 NA
15185 201400 NA
15186 201400 NA
15187 197200 NA
15189 202300 NA
15191 203900 NA
15193 202600 NA
15194 206200 NA
15196 209000 NA
15197 209200 NA
15199 212381 NA
15204 210800 NA
15207 213400 NA
15210 218500 NA
15212 227800 NA
15214 238300 NA
15215 249000 NA
15217 259800 NA
15219 271100 NA
15221 271100 NA
15222 273100 NA
15224 279200 NA
15226 285700 NA
15227 285700 NA
15229 287900 NA
15231 296900 NA
15232 296900 NA
15233 309800 NA
15235 318900 NA
15238 314000 NA
15240 302100 NA
15241 290600 NA
15242 290600 NA
15243 285000 NA
15244 285000 NA
15247 274200 NA
15248 264100 NA
15249 264100 NA
15250 256600 NA
15254 253900 NA
15256 244000 NA
15258 239900 NA
15261 236600 NA
15264 232300 NA
15266 230500 NA
15270 227500 NA
15271 224900 NA
15273 221500 NA
15275 220000 NA
15277 216000 NA
15280 214800 NA
15281 214800 NA
15282 219500 NA
15283 219500 NA
15284 217000 NA
15287 218000 NA
15291 217800 NA
15294 211500 NA
15295 207500 NA
15297 207500 NA
15299 2e+05 NA
15302 196900 NA
15303 196900 NA
15304 197300 NA
15306 201100 NA
15307 201100 NA
15310 206200 NA
15312 211668 NA
15313 218942 NA
15314 218942 NA
15315 222841 NA
15316 222841 NA
15317 223658 NA
15318 223658 NA
15319 225017 NA
15320 225017 NA
15321 226027 NA
15323 226027 NA
15324 225364 NA
15325 225364 NA
15326 231264 NA
15327 231264 NA
15328 236535 NA
15329 236535 NA
15330 237642 NA
15332 237642 NA
15333 233100 NA
15335 233100 NA
15336 228582 NA
15337 228582 NA
15338 229010 NA
15339 229010 NA
15340 231410 NA
15341 231410 NA
15342 232269 NA
15343 232269 NA
15344 233359 NA
15345 235900 NA
15346 235900 NA
15347 236058 NA
15348 236058 NA
15349 237411 NA
15350 237411 NA
15351 234337 NA
15352 234337 NA
15353 234337 NA
15354 232312 NA
15355 232312 NA
15356 227694 NA
15357 227694 NA
15358 227694 NA
15359 224514 NA
15360 224514 NA
15361 225485 NA
15362 225485 NA
15363 226103 NA
15364 226103 NA
15365 226103 NA
15366 222928 NA
15367 222928 NA
15368 218751 NA
15369 218751 NA
15370 218751 NA
15371 218041 NA
15372 218041 NA
15373 215108 NA
15374 215108 NA
15375 211182 NA
15376 211182 NA
15377 211182 NA
15378 207330 NA
15379 207330 NA
15380 208961 NA
15381 208961 NA
15382 207349 NA
15383 207349 NA
15384 210090 NA
15385 210090 NA
15386 210090 NA
15387 210307 NA
15388 210307 NA
15389 209951 NA
15390 209951 NA
15391 199707 NA
15392 199707 NA
15393 194455 NA
15394 194455 NA
15395 194112 NA
15396 194112 NA
15397 196436 NA
15398 196436 NA
15399 196436 NA
15400 194383 NA
15401 194383 NA
15402 194089 NA
15403 194089 NA
15404 195228 NA
15405 195228 NA
15406 201153 NA
15407 201153 NA
15408 201109 NA
15409 203468 NA
15410 203468 NA
15411 209878 NA
15412 209878 NA
15413 209878 NA
15414 210193 NA
15415 210193 NA
15416 210193 NA
15417 203734 NA
15418 203734 NA
15419 202912 NA
15420 202912 NA
15421 202967 NA
15422 203497 NA
15423 204027 NA
15424 204557 NA
15425 205087 NA
15426 205617 NA
15427 210066 NA
15428 210066 NA
15429 211933 NA
15430 211933 NA
15431 213709 NA
15432 213709 NA
15433 216532 NA
15434 216532 NA
15435 211593 NA
15436 211917 NA
15437 211917 NA
15438 212667 NA
15439 212667 NA
15440 212306 NA
15441 212306 NA
15442 210825 NA
15443 210825 NA
15444 210155 NA
15445 210155 NA
15446 211405 NA
15447 211405 NA
15448 215386 NA
15449 215386 NA
15450 219059 NA
15451 219302 NA
15452 219302 NA
15453 214508 NA
15454 214508 NA
15455 213331 NA
15456 213331 NA
15457 209204 NA
15458 209204 NA
15459 205987 NA
15460 205987 NA
15461 207307 NA
15462 207307 NA
15463 211649 NA
15464 211649 NA
15465 216121 NA
15466 216121 NA
15467 218474 NA
15468 218474 NA
15469 226738 NA
15470 226738 NA
15471 231497 NA
15472 231497 NA
15473 226596 NA
15474 226596 NA
15475 227370 NA
15476 227370 NA
15477 227370 NA
15478 227906 NA
15479 232520 NA
15480 232520 NA
15481 234509 NA
15482 234509 NA
15483 229545 NA
15484 229545 NA
15485 226184 NA
15486 226184 NA
15487 226928 NA
15488 226928 NA
15489 224982 NA
15490 224982 NA
15491 220763 NA
15492 220763 NA
15493 217937 NA
15494 217937 NA
15495 218488 NA
15496 218488 NA
15497 213801 NA
15498 213801 NA
15499 209354 NA
15500 205862 NA
15501 205862 NA
15502 205819 NA
15503 201234 NA
15504 201234 NA
15505 202211 NA
15506 202211 NA
15507 201673 NA
15508 201673 NA
15509 199941 NA
15510 199941 NA
15511 195197 NA
15512 195197 NA
15513 192544 NA
15514 192544 NA
15515 191944 NA
15516 191944 NA
15517 190449 NA
15518 190449 NA
15519 185769 NA
15520 185769 NA
15521 180605 NA
15522 180605 NA
15523 179042 NA
15524 179042 NA
15525 175431 NA
15526 175431 NA
15527 175006 NA
15528 175006 NA
15529 174975 NA
15530 174975 NA
15531 174331 NA
15532 176436 NA
15533 176436 NA
15534 176465 NA
15535 176465 NA
15536 175630 NA
15537 175630 NA
15538 175625 NA
15539 171371 NA
15540 171371 NA
15541 169020 NA
15542 165620 NA
15543 165620 NA
15544 166610 NA
15545 166610 NA
15546 167589 NA
15547 167589 NA
15548 170316 NA
15549 170316 NA
15550 172927 NA
15551 172927 NA
15552 172655 NA
15553 172655 NA
15554 172051 NA
15555 172051 NA
15556 171394 NA
15557 171394 NA
15558 171364 NA
15559 171364 NA
15560 174986 NA
15561 174986 NA
15562 178156 NA
15563 178156 NA
15564 179180 NA
15565 179180 NA
15566 180853 NA
15567 187386 NA
15568 187386 NA
15569 188753 NA
15570 192596 NA
15571 192596 NA
15572 195122 NA
15573 195122 NA
15574 199344 NA
15575 199344 NA
15576 200633 NA
15577 200633 NA
15578 200633 NA
15579 200007 NA
15580 200007 NA
15581 197289 NA
15582 197289 NA
15583 195352 NA
15584 195352 NA
15585 193498 NA
15586 193498 NA
15587 191186 NA
15588 191186 NA
15589 193126 NA
15590 193126 NA
15591 194456 NA
15592 194456 NA
15593 196775 NA
15594 196775 NA
15595 196775 NA
15596 192988 NA
15597 192988 NA
15598 189875 NA
15599 189875 NA
15600 188384 NA
15601 188384 NA
15602 188384 NA
15603 186323 NA
15604 186323 NA
15605 186323 NA
15606 187032 NA
15607 187032 NA
15608 187032 NA
15609 190270 NA
15610 190270 NA
15611 190270 NA
15612 190335 NA
15613 190335 NA
15614 192524 NA
15615 192524 NA
15616 192524 NA
15617 190650 NA
15618 190650 NA
15619 190937 NA
15620 190937 NA
15621 190937 NA
15622 190876 NA
15623 190876 NA
15624 190876 NA
15625 187663 NA
15626 187663 NA
15627 186315 NA
15628 186315 NA
15629 184399 NA
15630 184399 NA
15631 182564 NA
15632 182564 NA
15633 182564 NA
15634 180772 NA
15635 180772 NA
15636 179752 NA
15637 179752 NA
15638 179752 NA
15639 179531 NA
15640 179531 NA
15641 179531 NA
15642 177845 NA
15643 177845 NA
15644 181274 NA
15645 181274 NA
15646 181274 NA
15647 189198 NA
15648 189198 NA
15649 196994 NA
15650 196839 NA
15651 196685 NA
15652 196530 NA
15653 196375 NA
15654 196220 NA
15655 196066 NA
15656 195911 NA
15657 195756 NA
15658 190496 NA
15659 190496 NA
15660 184400 NA
15661 184400 NA
15662 184400 NA
15663 181429 NA
15664 181429 NA
15665 178669 NA
15666 178669 NA
15667 181131 NA
15668 181131 NA
15669 184116 NA
15670 184116 NA
15671 184116 NA
15672 177434 NA
15673 177434 NA
15674 177434 NA
15675 171231 NA
15676 171231 NA
15677 171231 NA
15678 175489 NA
15679 175489 NA
15680 175489 NA
15681 175489 NA
15682 177122 NA
15683 177122 NA
15684 177122 NA
15685 177122 NA
15686 177617 NA
15687 177617 NA
15688 177617 NA
15689 177617 NA
15690 177617 NA
15691 172903 NA
15692 172903 NA
15693 172903 NA
15694 172903 NA
15695 172903 NA
15696 169540 NA
15697 169540 NA
15698 169540 NA
15699 169540 NA
15700 166694 NA
15701 166694 NA
15702 166694 NA
15703 166694 NA
15704 166694 NA
15705 162878 NA
15706 162878 NA
15707 162878 NA
15708 162878 NA
15709 162878 NA
15710 158424 NA
15711 158424 NA
15712 158424 NA
15713 158424 NA
15714 158424 NA
15715 158424 NA
15716 160840 NA
15717 160840 NA
15718 160840 NA
15719 160840 NA
15720 160840 NA
15721 165996 NA
15722 165996 NA
15723 165996 NA
15724 165996 NA
15725 165996 NA
15726 172072 NA
15727 172072 NA
15728 172072 NA
15729 172072 NA
15730 172072 NA
15731 172072 NA
15732 173263 NA
15733 173263 NA
15734 173263 NA
15735 173263 NA
15736 173263 NA
15737 173263 NA
15738 165576 NA
15739 165576 NA
15740 165576 NA
15741 165576 NA
15742 165576 NA
15743 165576 NA
15744 158588 NA
15745 158588 NA
15746 158588 NA
15747 158588 NA
15748 158588 NA
15749 158588 NA
15750 153232 NA
15751 153232 NA
15752 153232 NA
15753 153232 NA
15754 153232 NA
15755 153232 NA
15756 149261 NA
15757 149261 NA
15758 149261 NA
15759 149261 NA
15760 149261 NA
15761 149261 NA
15762 149261 NA
15763 149261 NA
15764 150057 NA
15765 150057 NA
15766 150057 NA
15767 150057 NA
15768 150057 NA
15769 150057 NA
15770 150057 NA
15771 148019 NA
15772 148019 NA
15773 148019 NA
15774 148019 NA
15775 148019 NA
15776 148019 NA
15777 147627 NA
15778 147627 NA
15779 147627 NA
15780 147627 NA
15781 147627 NA
15782 147627 NA
15783 147627 NA
15784 148095 NA
15785 148095 NA
15786 148095 NA
15787 148095 NA
15788 148095 NA
15789 148095 NA
15790 148095 NA
15791 147637 NA
15792 147637 NA
15793 147637 NA
15794 147637 NA
15795 147637 NA
15796 147637 NA
15797 145365 NA
15798 145365 NA
15799 145365 NA
15800 145365 NA
15801 145365 NA
15802 145365 NA
15803 145365 NA
15804 145365 NA
15805 145872 NA
15806 145872 NA
15807 145872 NA
15808 145872 NA
15809 145872 NA
15810 145872 NA
15811 145872 NA
15812 145872 NA
15813 145872 NA
15814 146547 NA
15815 146547 NA
15816 146547 NA
15817 146547 NA
15818 146547 NA
15819 146547 NA
15820 146547 NA
15821 146547 NA
15822 146547 NA
15823 146547 NA
15824 145651 NA
15825 145651 NA
15826 145651 NA
15827 145651 NA
15828 145651 NA
15829 145651 NA
15830 145651 NA
15831 145651 NA
15832 145651 NA
15833 149829 NA
15834 149829 NA
15835 149829 NA
15836 149829 NA
15837 149829 NA
15838 149829 NA
15839 149829 NA
15840 149829 NA
15841 149829 NA
15842 151026 NA
15843 151026 NA
15844 151026 NA
15845 151026 NA
15846 151026 NA
15847 151026 NA
15848 151026 NA
15849 151026 NA
15850 151026 NA
15851 155717 NA
15852 155717 NA
15853 155717 NA
15854 155717 NA
15855 155717 NA
15856 155717 NA
15857 155717 NA
15858 155717 NA
15859 157461 NA
15860 157461 NA
15861 157461 NA
15862 157461 NA
15863 157461 NA
15864 157461 NA
15865 157461 NA
15866 157461 NA
15867 157461 NA
15868 156229 NA
15869 156229 NA
15870 156229 NA
15871 156229 NA
15872 156229 NA
15873 156229 NA
15874 156229 NA
15875 156229 NA
15876 157951 NA
15877 157951 NA
15878 157951 NA
15879 157951 NA
15880 157951 NA
15881 157951 NA
15882 157951 NA
15883 157951 NA
15884 161147 NA
15885 161147 NA
15886 161147 NA
15887 161147 NA
15888 161147 NA
15889 161147 NA
15890 161147 NA
15891 161147 NA
15892 160615 NA
15893 160615 NA
15894 160615 NA
15895 160615 NA
15896 160615 NA
15897 160615 NA
15898 160615 NA
15899 157611 NA
15900 157611 NA
15901 157611 NA
15902 157611 NA
15903 157504 NA
15904 157398 NA
15905 157291 NA
15906 157184 NA
15907 157078 NA
15908 156971 NA
15909 156971 NA
15910 156971 NA
15911 156971 NA
15912 156971 NA
15913 156971 NA
15914 156971 NA
15915 157222 NA
15916 157222 NA
15917 157222 NA
15918 157222 NA
15919 157222 NA
15920 157222 NA
15921 157222 NA
15922 157222 NA
15923 157222 NA
15924 157222 NA
15925 158825 NA
15926 158825 NA
15927 158825 NA
15928 158825 NA
15929 158825 NA
15930 158825 NA
15931 158825 NA
15932 158825 NA
15933 158825 NA
15934 158825 NA
15935 158429 NA
15936 158429 NA
15937 158429 NA
15938 158429 NA
15939 158429 NA
15940 158429 NA
15941 158429 NA
15942 158429 NA
15943 158429 NA
15944 158429 NA
15945 158429 NA
15946 158429 NA
15947 158429 NA
15948 155712 NA
15949 155712 NA
15950 155712 NA
15951 155712 NA
15952 155712 NA
15953 155712 NA
15954 155712 NA
15955 155712 NA
15956 155712 NA
15957 155712 NA
15958 155712 NA
15959 155712 NA
15960 155712 NA
15961 155712 NA
15962 155712 NA
15963 155712 NA
15964 155712 NA
15965 155712 NA
15966 156004 NA
15967 156004 NA
15968 156004 NA
15969 156004 NA
15970 156004 NA
15971 156004 NA
15972 156004 NA
15973 156004 NA
15974 156004 NA
15975 156004 NA
15976 156004 NA
15977 156004 NA
15978 156004 NA
15979 156004 NA
15980 156004 NA
15981 156004 NA
15982 157239 NA
15983 157239 NA
15984 157239 NA
15985 157239 NA
15986 157239 NA
15987 157239 NA
15988 157239 NA
15989 157239 NA
15990 157239 NA
15991 157239 NA
15992 157239 NA
15993 157239 NA
15994 157239 NA
15995 157239 NA
15996 157239 NA
15997 158792 NA
15998 158792 NA
15999 158792 NA
16000 158792 NA
16001 158792 NA
16002 158792 NA
16003 158792 NA
16004 158792 NA
16005 158792 NA
16006 158792 NA
16007 158792 NA
16008 158792 NA
16009 158792 NA
16010 158792 NA
16011 158792 NA
16012 158792 NA
16013 157027 NA
16014 157027 NA
16015 157027 NA
16016 157027 NA
16017 157027 NA
16018 157027 NA
16019 157027 NA
16020 157027 NA
16021 157027 NA
16022 157027 NA
16023 157027 NA
16024 157027 NA
16025 157027 NA
16026 157027 NA
16027 155602 NA
16028 155602 NA
16029 155602 NA
16030 155602 NA
16031 155602 NA
16032 155602 NA
16033 155602 NA
16034 155602 NA
16035 155781 NA
16036 155960 NA
16037 156139 NA
16038 156317 NA
16039 156496 NA
16040 156675 NA
16041 156854 NA
16042 156854 NA
16043 156854 NA
16044 156854 NA
16045 156854 NA
16046 156854 NA
16047 157369 NA
16048 157369 NA
16049 157369 NA
16050 157369 NA
16051 157369 NA
16052 157369 NA
16053 157369 NA
16054 157369 NA
16055 157369 NA
16056 159913 NA
16057 159913 NA
16058 159913 NA
16059 159913 NA
16060 159913 NA
16061 159913 NA
16062 159913 NA
16063 159913 NA
16064 159913 NA
16065 164492 NA
16066 164492 NA
16067 164492 NA
16068 164492 NA
16069 164492 NA
16070 164492 NA
16071 164492 NA
16072 169746 NA
16073 169746 NA
16074 169746 NA
16075 169746 NA
16076 169746 NA
16077 169746 NA
16078 169746 NA
16079 175971 NA
16080 175971 NA
16081 175971 NA
16082 175971 NA
16083 175971 NA
16084 175971 NA
16085 175971 NA
16086 179635 NA
16087 179635 NA
16088 179635 NA
16089 179635 NA
16090 179635 NA
16091 183668 NA
16092 183668 NA
16093 183668 NA
16094 183668 NA
16095 183668 NA
16096 187374 NA
16097 187374 NA
16098 187374 NA
16099 187374 NA
16100 187374 NA
16101 184330 NA
16102 184330 NA
16103 184330 NA
16104 184330 NA
16105 188134 NA
16106 188134 NA
16107 188134 NA
16108 188134 NA
16109 188134 NA
16110 191931 NA
16111 191931 NA
16112 191931 NA
16113 191931 NA
16114 191931 NA
16115 190007 NA
16116 190007 NA
16117 190007 NA
16118 190007 NA
16119 190007 NA
16120 189996 NA
16121 189996 NA
16122 189996 NA
16123 189996 NA
16124 189996 NA
16125 191709 NA
16126 191709 NA
16127 191709 NA
16128 191709 NA
16129 191709 NA
16130 196539 NA
16131 196539 NA
16132 196539 NA
16133 196539 NA
16134 204012 NA
16135 204012 NA
16136 204012 NA
16137 204012 NA
16138 204012 NA
16139 208117 NA
16140 208117 NA
16141 208117 NA
16142 208117 NA
16143 208117 NA
16144 210638 NA
16145 210638 NA
16146 210638 NA
16147 210638 NA
16148 210638 NA
16149 208394 NA
16150 208394 NA
16151 208394 NA
16152 208394 NA
16153 208394 NA
16154 201784 NA
16155 201784 NA
16156 201784 NA
16157 201784 NA
16158 201784 NA
16159 201784 NA
16160 193541 NA
16161 193541 NA
16162 193541 NA
16163 193541 NA
16164 193541 NA
16165 193541 NA
16166 188839 NA
16167 188839 NA
16168 188839 NA
16169 188839 NA
16170 188839 NA
16171 188839 NA
16172 187221 NA
16173 187221 NA
16174 187221 NA
16175 187221 NA
16176 187221 NA
16177 185998 NA
16178 185998 NA
16179 185998 NA
16180 185998 NA
16181 185998 NA
16182 185998 NA
16183 184200 NA
16184 184200 NA
16185 184200 NA
16186 184200 NA
16187 184200 NA
16188 184200 NA
16189 184121 NA
16190 184121 NA
16191 184121 NA
16192 184121 NA
16193 184121 NA
16194 184121 NA
16195 186370 NA
16196 186370 NA
16197 186370 NA
16198 186370 NA
16199 186370 NA
16200 186370 NA
16201 187471 NA
16202 187471 NA
16203 187471 NA
16204 187471 NA
16205 187471 NA
16206 187471 NA
16207 187454 NA
16208 187454 NA
16209 187454 NA
16210 187454 NA
16211 187454 NA
16212 187454 NA
16213 187042 NA
16214 187042 NA
16215 187042 NA
16216 187042 NA
16217 187042 NA
16218 187042 NA
16219 183108 NA
16220 183108 NA
16221 183108 NA
16222 183108 NA
16223 183108 NA
16224 183108 NA
16225 183108 NA
16226 176242 NA
16227 176242 NA
16228 176242 NA
16229 176242 NA
16230 176242 NA
16231 176242 NA
16232 171034 NA
16233 171034 NA
16234 171034 NA
16235 171034 NA
16236 171034 NA
16237 168288 NA
16238 168288 NA
16239 168288 NA
16240 168288 NA
16241 168288 NA
16242 165543 NA
16243 165543 NA
16244 165543 NA
16245 165543 NA
16246 165543 NA
16247 163023 NA
16248 163023 NA
16249 163023 NA
16250 163023 NA
16251 162130 NA
16252 162130 NA
16253 162130 NA
16254 162130 NA
16255 155643 NA
16256 155643 NA
16257 155643 NA
16258 155643 NA
16259 155643 NA
16260 152736 NA
16261 152736 NA
16262 152736 NA
16263 152736 NA
16264 150540 NA
16265 150540 NA
16266 150540 NA
16267 152602 NA
16268 152602 NA
16269 152602 NA
16270 158477 NA
16271 158477 NA
16272 158477 NA
16273 164961 NA
16274 164961 NA
16275 164961 NA
16276 163997 NA
16277 163997 NA
16278 163997 NA
16279 169091 NA
16280 169091 NA
16281 169091 NA
16282 169091 NA
16283 171266 NA
16284 171266 NA
16285 171266 NA
16286 168633 NA
16287 168633 NA
16288 168633 NA
16289 168633 NA
16290 173508 NA
16291 173508 NA
16292 173508 NA
16293 173508 NA
16294 174046 NA
16295 174046 NA
16296 174046 NA
16297 174046 NA
16298 172549 NA
16299 172549 NA
16300 172549 NA
16301 175941 NA
16302 175941 NA
16303 175941 NA
16304 175941 NA
16305 175744 NA
16306 175744 NA
16307 175744 NA
16308 175744 NA
16309 178019 NA
16310 178019 NA
16311 178019 NA
16312 178019 NA
16313 175569 NA
16314 175569 NA
16315 175569 NA
16316 175569 NA
16317 177747 NA
16318 177747 NA
16319 177747 NA
16320 177747 NA
16321 175722 NA
16322 175722 NA
16323 175722 NA
16324 175722 NA
16325 175722 NA
16326 174369 NA
16327 174369 NA
16328 174369 NA
16329 174369 NA
16330 173970 NA
16331 173970 NA
16332 173970 NA
16333 173970 NA
16334 173970 NA
16335 174260 NA
16336 174260 NA
16337 174260 NA
16338 174260 NA
16339 174260 NA
16340 174260 NA
16341 173931 NA
16342 173931 NA
16343 173931 NA
16344 173931 NA
16345 173931 NA
16346 170103 NA
16347 170103 NA
16348 170103 NA
16349 170103 NA
16350 170103 NA
16351 169789 NA
16352 169789 NA
16353 169789 NA
16354 169789 NA
16355 169789 NA
16356 169789 NA
16357 165456 NA
16358 165456 NA
16359 165456 NA
16360 165456 NA
16361 165456 NA
16362 167841 NA
16363 167841 NA
16364 167841 NA
16365 167841 NA
16366 167841 NA
16367 170370 NA
16368 170370 NA
16369 170370 NA
16370 170370 NA
16371 170370 NA
16372 168414 NA
16373 168414 NA
16374 168414 NA
16375 168414 NA
16376 168414 NA
16377 171194 NA
16378 171194 NA
16379 171194 NA
16380 171194 NA
16381 171194 NA
16382 178389 NA
16383 178389 NA
16384 178389 NA
16385 178389 NA
16386 178389 NA
16387 185997 NA
16388 185997 NA
16389 185997 NA
16390 185997 NA
16391 185997 NA
16392 190720 NA
16393 190720 NA
16394 190720 NA
16395 190720 NA
16396 190720 NA
16397 190720 NA
16398 193271 NA
16399 193271 NA
16400 193271 NA
16401 193271 NA
16402 193271 NA
16403 195283 NA
16404 195283 NA
16405 195283 NA
16406 195283 NA
16407 195283 NA
16408 195716 NA
16409 195716 NA
16410 195716 NA
16411 195716 NA
16412 195716 NA
16413 198387 NA
16414 198387 NA
16415 198387 NA
16416 198387 NA
16417 198387 NA
16418 198387 NA
16419 201016 NA
16420 201016 NA
16421 201016 NA
16422 201016 NA
16423 201016 NA
16424 200791 NA
16425 200791 NA
16426 200791 NA
16427 200791 NA
16428 200791 NA
16429 201441 NA
16430 201441 NA
16431 201441 NA
16432 201441 NA
16433 201441 NA
16434 199404 NA
16435 199404 NA
16436 199404 NA
16437 199404 NA
16438 200216 NA
16439 200216 NA
16440 200216 NA
16441 200216 NA
16442 199534 NA
16443 199534 NA
16444 199534 NA
16445 199534 NA
16446 199534 NA
16447 198343 NA
16448 198343 NA
16449 198343 NA
16450 198343 NA
16451 198343 NA
16452 201355 NA
16453 201355 NA
16454 201355 NA
16455 201355 NA
16456 205635 NA
16457 205635 NA
16458 205635 NA
16459 205635 NA
16460 205635 NA
16461 208737 NA
16462 208737 NA
16463 208737 NA
16464 208737 NA
16465 208737 NA
16466 212755 NA
16467 212755 NA
16468 212755 NA
16469 212755 NA
16470 212755 NA
16471 215174 NA
16472 215174 NA
16473 215174 NA
16474 215174 NA
16475 215174 NA
16476 219834 NA
16477 219834 NA
16478 219834 NA
16479 219834 NA
16480 219834 NA
16481 219834 NA
16482 218034 NA
16483 218034 NA
16484 218034 NA
16485 218034 NA
16486 218034 NA
16487 208858 NA
16488 208858 NA
16489 208858 NA
16490 208858 NA
16491 208858 NA
16492 205144 NA
16493 205144 NA
16494 205144 NA
16495 205144 NA
16496 199939 NA
16497 199939 NA
16498 199939 NA
16499 199939 NA
16500 196879 NA
16501 196879 NA
16502 196879 NA
16503 196879 NA
16504 196879 NA
16505 191585 NA
16506 191585 NA
16507 191585 NA
16508 191585 NA
16509 191585 NA
16510 182474 NA
16511 182474 NA
16512 182474 NA
16513 182474 NA
16514 182474 NA
16515 175381 NA
16516 175381 NA
16517 175381 NA
16518 175381 NA
16519 175381 NA
16520 167820 NA
16521 167820 NA
16522 167820 NA
16523 167820 NA
16524 167820 NA
16525 161266 NA
16526 161266 NA
16527 161266 NA
16528 161266 NA
16529 161266 NA
16530 161266 NA
16531 159172 NA
16532 159172 NA
16533 159172 NA
16534 159172 NA
16535 159172 NA
16536 157706 NA
16537 157706 NA
16538 157706 NA
16539 157706 NA
16540 157706 NA
16541 157706 NA
16542 157706 NA
16543 160174 NA
16544 160174 NA
16545 160174 NA
16546 160174 NA
16547 160174 NA
16548 160174 NA
16549 160174 NA
16550 160225 NA
16551 160225 NA
16552 160225 NA
16553 160225 NA
16554 160225 NA
16555 160225 NA
16556 160225 NA
16557 158488 NA
16558 158488 NA
16559 158488 NA
16560 158488 NA
16561 158488 NA
16562 158488 NA
16563 158488 NA
16564 162061 NA
16565 162061 NA
16566 162061 NA
16567 162061 NA
16568 162061 NA
16569 162061 NA
16570 162061 NA
16571 163753 NA
16572 163753 NA
16573 163753 NA
16574 163753 NA
16575 163753 NA
16576 163753 NA
16577 167529 NA
16578 167529 NA
16579 167529 NA
16580 167529 NA
16581 167529 NA
16582 167529 NA
16583 171907 NA
16584 171907 NA
16585 171907 NA
16586 171907 NA
16587 171907 NA
16588 171907 NA
16589 175527 NA
16590 175527 NA
16591 175527 NA
16592 175527 NA
16593 175527 NA
16594 175527 NA
16595 183367 NA
16596 183367 NA
16597 183367 NA
16598 183367 NA
16599 183367 NA
16600 183367 NA
16601 187091 NA
16602 187091 NA
16603 187091 NA
16604 187091 NA
16605 187091 NA
16606 187091 NA
16607 187091 NA
16608 189906 NA
16609 189906 NA
16610 189906 NA
16611 189906 NA
16612 189906 NA
16613 189906 NA
16614 189906 NA
16615 192524 NA
16616 192524 NA
16617 192524 NA
16618 192524 NA
16619 192524 NA
16620 192524 NA
16621 192524 NA
16622 191648 NA
16623 191648 NA
16624 191648 NA
16625 191648 NA
16626 191648 NA
16627 191648 NA
16628 191648 NA
16629 191648 NA
16630 191816 NA
16631 191816 NA
16632 191816 NA
16633 191816 NA
16634 191816 NA
16635 191816 NA
16636 191816 NA
16637 194156 NA
16638 194156 NA
16639 194156 NA
16640 194156 NA
16641 194156 NA
16642 194156 NA
16643 194156 NA
16644 198671 NA
16645 198671 NA
16646 198671 NA
16647 198671 NA
16648 198671 NA
16649 198671 NA
16650 198671 NA
16651 204051 NA
16652 204051 NA
16653 204051 NA
16654 204051 NA
16655 204051 NA
16656 204051 NA
16657 204051 NA
16658 204051 NA
16659 210464 NA
16660 210464 NA
16661 210464 NA
16662 210464 NA
16663 210464 NA
16664 210464 NA
16665 210464 NA
16666 201356 NA
16668 201356 NA
16669 201356 NA
16670 201356 NA
16671 201356 NA
16672 201356 NA
16673 192512 NA
16674 192512 NA
16675 192512 NA
16676 192512 NA
16677 192512 NA
16678 192512 NA
16679 192512 NA
16680 192512 NA
16681 188096 NA
16682 188096 NA
16683 188096 NA
16684 188096 NA
16685 188096 NA
16686 188096 NA
16687 188096 NA
16688 188096 NA
16689 194664 NA
16690 194664 NA
16691 194664 NA
16692 194664 NA
16693 194664 NA
16694 194664 NA
16695 194664 NA
16696 203516 NA
16697 203516 NA
16698 203516 NA
16699 203516 NA
16700 203516 NA
16701 203516 NA
16702 203516 NA
16703 203516 NA
16704 212180 NA
16705 212180 NA
16706 212180 NA
16707 212180 NA
16708 212180 NA
16709 212180 NA
16710 212180 NA
16711 220170 NA
16712 220170 NA
16715 220170 NA
16717 220170 NA
16719 226509 NA
16720 226509 NA
16721 226509 NA
16722 226509 NA
16723 226509 NA
16724 226509 NA
16725 226509 NA
16726 226509 NA
16727 226509 NA
16728 232886 NA
16729 232886 NA
16730 232886 NA
16731 232886 NA
16732 232886 NA
16733 232886 NA
16734 232886 NA
16735 241164 NA
16736 241164 NA
16737 241164 NA
16738 241164 NA
16739 241164 NA
16740 241164 NA
16741 241164 NA
16742 241164 NA
16743 244366 NA
16744 244366 NA
16745 244366 NA
16746 244366 NA
16747 244366 NA
16748 244366 NA
16749 244366 NA
16750 244366 NA
16751 250479 NA
16752 250479 NA
16753 250479 NA
16754 250479 NA
16755 250479 NA
16756 250479 NA
16757 250479 NA
16759 250479 NA
16760 249526 NA
16761 249526 NA
16762 249526 NA
16763 249526 NA
16764 249526 NA
16765 249526 NA
16766 249526 NA
16767 249526 NA
16768 249526 NA
16769 239331 NA
16770 239331 NA
16771 239331 NA
16772 239331 NA
16773 239331 NA
16774 239331 NA
16775 239331 NA
16776 239331 NA
16777 239331 NA
16778 234530 NA
16779 234530 NA
16780 234530 NA
16781 234530 NA
16782 234530 NA
16783 234530 NA
16784 234530 NA
16785 234530 NA
16786 239860 NA
16787 239860 NA
16788 239860 NA
16789 239860 NA
16790 239860 NA
16791 239860 NA
16792 239860 NA
16793 242206 NA
16794 242206 NA
16795 242206 NA
16796 242206 NA
16797 242206 NA
16798 242206 NA
16799 242206 NA
16800 241907 NA
16801 241907 NA
16802 241907 NA
16803 241907 NA
16804 241907 NA
16805 241907 NA
16807 245559 NA
16808 245559 NA
16809 245559 NA
16810 245559 NA
16811 245559 NA
16812 245559 NA
16813 245559 NA
16814 245070 NA
16815 245070 NA
16816 245070 NA
16817 245070 NA
16818 245070 NA
16820 245070 NA
16821 249193 NA
16822 249193 NA
16823 249193 NA
16824 249193 NA
16825 249193 NA
16826 248198 NA
16827 248198 NA
16828 248198 NA
16829 248198 NA
16830 252488 NA
16831 252488 NA
16832 252488 NA
16833 252488 NA
16834 252488 NA
16835 252488 NA
16836 252488 NA
16837 249964 NA
16838 249964 NA
16839 249964 NA
16840 249964 NA
16841 249964 NA
16842 249964 NA
16843 249964 NA
16844 248583 NA
16845 248583 NA
16847 248583 NA
16849 248583 NA
16850 248583 NA
16851 242453 NA
16852 242453 NA
16853 242453 NA
16854 242453 NA
16855 242453 NA
16856 242453 NA
16857 242453 NA
16858 239167 NA
16859 239167 NA
16860 239167 NA
16861 239167 NA
16862 239167 NA
16863 239167 NA
16864 239958 NA
16865 239958 NA
16866 239958 NA
16867 239958 NA
16869 239958 NA
16870 239958 NA
16871 243989 NA
16872 243989 NA
16873 243989 NA
16874 243989 NA
16875 243989 NA
16876 243989 NA
16878 240443 NA
16879 240443 NA
16880 240443 NA
16881 240443 NA
16882 240443 NA
16883 240443 NA
16884 240443 NA
16885 240443 NA
16886 233728 NA
16887 233728 NA
16888 233728 NA
16889 233728 NA
16890 233728 NA
16891 233728 NA
16892 233728 NA
16893 233728 NA
16894 230673 NA
16895 230673 NA
16896 230673 NA
16897 230673 NA
16898 230673 NA
16899 230673 NA
16900 230673 NA
16901 230673 NA
16902 225358 NA
16903 225358 NA
16904 225358 NA
16905 225358 NA
16906 225358 NA
16907 225358 NA
16908 225358 NA
16909 225358 NA
16910 225358 NA
16911 220176 NA
16912 220176 NA
16913 220176 NA
16914 220176 NA
16915 220176 NA
16916 220176 NA
16917 220176 NA
16918 220176 NA
16919 220986 NA
16920 220986 NA
16921 220986 NA
16922 220986 NA
16923 220986 NA
16924 220986 NA
16925 220986 NA
16926 220986 NA
16927 219990 NA
16928 219990 NA
16929 219990 NA
16930 219990 NA
16931 219990 NA
16932 219990 NA
16933 219990 NA
16934 219990 NA
16935 219990 NA
16937 218185 NA
16938 218185 NA
16939 218185 NA
16940 218185 NA
16941 218185 NA
16942 218185 NA
16943 218185 NA
16944 218185 NA
16945 218731 NA
16946 218731 NA
16949 218731 NA
16950 218731 NA
16951 218731 NA
16952 218731 NA
16953 220898 NA
16954 220898 NA
16955 220898 NA
16956 220898 NA
16957 220898 NA
16958 220898 NA
16959 220898 NA
16960 220898 NA
16966 224182 NA
16968 224182 NA
16969 224182 NA
16970 225312 NA
16971 225312 NA
16972 225312 NA
16974 225312 NA
16975 225312 NA
16976 225312 NA
16977 225312 NA
16978 225312 NA
16979 227122 NA
16980 227122 NA
16981 227122 NA
16982 227122 NA
16984 227122 NA
16985 227122 NA
16986 227122 NA
16987 227902 NA
16988 227902 NA
16989 227902 NA
16990 227902 NA
16991 227902 NA
16992 227902 NA
16993 227902 NA
16994 227902 NA
16999 222378 NA
17000 222378 NA
17001 222378 NA
17006 211493 NA
17007 211493 NA
17014 211493 NA
17015 211493 NA
17016 211493 NA
17017 211960 NA
17018 211960 NA
17019 211960 NA
17020 211960 NA
17021 211960 NA
17022 211960 NA
17023 211960 NA
17024 211960 NA
17025 211960 NA
17026 212579 NA
17027 212579 NA
17028 212579 NA
17029 212579 NA
17031 212579 NA
17032 212579 NA
17033 212579 NA
17034 212579 NA
17035 212579 NA
17036 212579 NA
17037 212579 NA
17038 211314 NA
17039 211314 NA
17040 211314 NA
17042 211314 NA
17044 211314 NA
17045 211314 NA
17046 211314 NA
17047 211314 NA
17048 211314 NA
17049 211314 NA
17050 211314 NA
17051 211808 NA
17052 211808 NA
17053 211808 NA
17054 211808 NA
17055 211808 NA
17056 211808 NA
17057 211808 NA
17058 211808 NA
17059 211808 NA
17060 211808 NA
17061 211808 NA
17062 211808 NA
17063 215110 NA
17064 215110 NA
17069 215110 NA
17070 215110 NA
17071 215110 NA
17072 215110 NA
17073 219592 NA
17075 219592 NA
17076 219592 NA
17077 219592 NA
17078 219592 NA
17079 219592 NA
17080 219592 NA
17081 219592 NA
17083 225081 NA
17084 225081 NA
17085 225081 NA
17086 225081 NA
17087 225081 NA
17088 225081 NA
17089 225081 NA
17091 225081 NA
17092 225081 NA
17093 225584 NA
17094 225584 NA
17095 225584 NA
17096 225584 NA
17097 225584 NA
17098 225584 NA
17099 225584 NA
17100 225584 NA
17101 225584 NA
17102 225584 NA
17103 225584 NA
17104 225584 NA
17105 225584 NA
17106 228657 NA
17107 228657 NA
17108 228657 NA
17109 228657 NA
17110 228657 NA
17111 228657 NA
17112 228657 NA
17113 228657 NA
17114 228657 NA
17115 228657 NA
17117 228657 NA
17118 228657 NA
17119 226260 NA
17123 226260 NA
17124 226260 NA
17125 226260 NA
17126 226260 NA
17127 226260 NA
17129 226260 NA
17130 226260 NA
17131 226260 NA
17132 221150 NA
17133 221150 NA
17134 221150 NA
17135 221150 NA
17136 221150 NA
17138 221150 NA
17139 221150 NA
17140 221150 NA
17141 221150 NA
17142 221150 NA
17143 221150 NA
17144 221150 NA
17145 212648 NA
17146 212648 NA
17147 212648 NA
