"Index" "Price" "Volume"
16301 4e+06 NA
16302 4e+06 NA
16303 4e+06 NA
16304 4e+06 NA
16305 4e+06 NA
16306 4e+06 NA
16307 4e+06 NA
16308 4e+06 NA
16309 4e+06 NA
16310 4e+06 NA
16311 4e+06 NA
16312 4e+06 NA
16313 4e+06 NA
16314 4e+06 NA
16315 4e+06 NA
16316 4145961 NA
16317 4145961 NA
16318 4145961 NA
16319 4145961 NA
16320 4145961 NA
16321 4145961 NA
16322 4145961 NA
16323 4145961 NA
16324 4332834 NA
16325 4332834 NA
16326 4332834 NA
16327 4332834 NA
16328 4332834 NA
16329 4332834 NA
16330 4332834 NA
16331 4532668 NA
16332 4532668 NA
16333 4532668 NA
16334 4532668 NA
16335 4532668 NA
16336 4532668 NA
16337 4532668 NA
16338 4736669 NA
16339 4736669 NA
16340 4736669 NA
16341 4736669 NA
16342 4736669 NA
16343 4736669 NA
16344 4736669 NA
16345 4736669 NA
16346 4947624 NA
16347 4947624 NA
16348 4947624 NA
16349 4947624 NA
16350 4947624 NA
16351 4947624 NA
16352 4947624 NA
16353 5167921 NA
16354 5167921 NA
16355 5167921 NA
16356 5167921 NA
16357 5167921 NA
16358 5167921 NA
16359 5167921 NA
16360 5167921 NA
16361 5167921 NA
16362 5167921 NA
16363 5398278 NA
16364 5398278 NA
16365 5398278 NA
16366 5398278 NA
16367 5398278 NA
16368 5398278 NA
16369 5398278 NA
16370 5398278 NA
16371 5398278 NA
16372 5398278 NA
16373 5398278 NA
16374 5636154 NA
16375 5636154 NA
16376 5636154 NA
16377 5636154 NA
16378 5636154 NA
16379 5636154 NA
16380 5636154 NA
16381 5636154 NA
16382 5636154 NA
16383 5636154 NA
16384 5636154 NA
16385 5636154 NA
16386 5636154 NA
16387 5883698 NA
16388 5883698 NA
16389 5883698 NA
16390 5883698 NA
16391 5883698 NA
16392 5883698 NA
16393 5883698 NA
16394 5883698 NA
16395 5883698 NA
16396 5883698 NA
16397 6147678 NA
16398 6147678 NA
16399 6147678 NA
16400 6147678 NA
16401 6147678 NA
16402 6147678 NA
16403 6147678 NA
16404 6147678 NA
16405 6147678 NA
16406 6428086 NA
16407 6428086 NA
16408 6428086 NA
16409 6428086 NA
16410 6428086 NA
16411 6428086 NA
16412 6428086 NA
16413 6428086 NA
16414 6428086 NA
16415 6428086 NA
16416 6722239 NA
16417 6722239 NA
16418 6722239 NA
16419 6722239 NA
16420 6722239 NA
16421 6722239 NA
16422 6722239 NA
16423 6722239 NA
16424 6722239 NA
16425 6722239 NA
16426 7031163 NA
16427 7031163 NA
16428 7031163 NA
16429 7031163 NA
16430 7031163 NA
16431 7031163 NA
16432 7031163 NA
16433 7031163 NA
16434 7031163 NA
16435 7031163 NA
16436 7344360 NA
16437 7344360 NA
16438 7344360 NA
16439 7344360 NA
16440 7344360 NA
16441 7344360 NA
16442 7344360 NA
16443 7344360 NA
16444 7686796 NA
16445 7686796 NA
16446 7686796 NA
16447 7686796 NA
16448 7686796 NA
16449 7686796 NA
16450 7686796 NA
16451 7686796 NA
16452 8039940 NA
16453 8039940 NA
16454 8039940 NA
16455 8039940 NA
16456 8039940 NA
16457 8039940 NA
16458 8039940 NA
16459 8039940 NA
16460 8039940 NA
16461 8404431 NA
16462 8404431 NA
16463 8404431 NA
16464 8404431 NA
16465 8404431 NA
16466 8404431 NA
16467 8404431 NA
16468 8404431 NA
16469 8404431 NA
16470 8404431 NA
16471 8404431 NA
16472 8789992 NA
16473 8789992 NA
16474 8789992 NA
16475 8789992 NA
16476 8789992 NA
16477 8789992 NA
16478 8789992 NA
16479 8789992 NA
16480 8789992 NA
16481 8789992 NA
16482 9192653 NA
16483 9192653 NA
16484 9192653 NA
16485 9192653 NA
16486 9192653 NA
16487 9192653 NA
16488 9192653 NA
16489 9192653 NA
16490 9192653 NA
16491 9192653 NA
16492 9192653 NA
16493 9192653 NA
16494 9600710 NA
16495 9600710 NA
16496 9600710 NA
16497 9600710 NA
16498 9600710 NA
16499 9600710 NA
16500 9600710 NA
16501 9600710 NA
16502 9600710 NA
16503 10046747 NA
16504 10046747 NA
16505 10046747 NA
16506 10046747 NA
16507 10046747 NA
16508 10046747 NA
16509 10046747 NA
16510 10046747 NA
16511 10046747 NA
16512 10046747 NA
16513 10046747 NA
16514 10046747 NA
16515 10510879 NA
16516 10510879 NA
16517 10510879 NA
16518 10510879 NA
16519 10510879 NA
16520 10510879 NA
16521 10510879 NA
16522 10510879 NA
16523 10510879 NA
16524 10510879 NA
16525 10510879 NA
16526 10995341 NA
16527 10995341 NA
16528 10995341 NA
16529 10995341 NA
16530 10995341 NA
16531 10995341 NA
16532 10995341 NA
16533 10995341 NA
16534 10995341 NA
16535 10995341 NA
16536 10995341 NA
16537 11508333 NA
16538 11508333 NA
16539 11508333 NA
16540 11508333 NA
16541 11508333 NA
16542 11508333 NA
16543 11508333 NA
16544 11508333 NA
16545 11508333 NA
16546 11508333 NA
16547 11508333 NA
16548 11508333 NA
16549 11508333 NA
16550 12047031 NA
16551 12047031 NA
16552 12047031 NA
16553 12047031 NA
16554 12047031 NA
16555 12047031 NA
16556 12047031 NA
16557 12047031 NA
16558 12047031 NA
16559 12047031 NA
16560 12047031 NA
16561 12619425 NA
16562 12619425 NA
16563 12619425 NA
16564 12619425 NA
16565 12619425 NA
16566 12619425 NA
16567 12619425 NA
16568 12619425 NA
16569 12619425 NA
16570 12619425 NA
16571 12619425 NA
16572 12619425 NA
16573 13210371 NA
16574 13210371 NA
16575 13210371 NA
16576 13210371 NA
16577 13210371 NA
16578 13210371 NA
16579 13210371 NA
16580 13210371 NA
16581 13210371 NA
16582 13210371 NA
16583 13210371 NA
16584 13210371 NA
16585 13210371 NA
16586 13839661 NA
16587 13839661 NA
16588 13839661 NA
16589 13839661 NA
16590 13839661 NA
16591 13839661 NA
16592 13839661 NA
16593 13839661 NA
16594 13839661 NA
16595 13839661 NA
16596 13839661 NA
16597 13839661 NA
16598 13839661 NA
16599 13839661 NA
16600 14472104 NA
16601 14472104 NA
16602 14472104 NA
16603 14472104 NA
16604 14472104 NA
16605 14472104 NA
16606 14472104 NA
16607 14472104 NA
16608 14472104 NA
16609 14472104 NA
16610 14472104 NA
16611 14472104 NA
16612 14472104 NA
16613 14472104 NA
16614 14472104 NA
16615 15146749 NA
16616 15146749 NA
16617 15146749 NA
16618 15146749 NA
16619 15146749 NA
16620 15146749 NA
16621 15146749 NA
16622 15146749 NA
16623 15146749 NA
16624 15146749 NA
16625 15146749 NA
16626 15146749 NA
16627 15146749 NA
16628 15146749 NA
16629 15838701 NA
16630 15838701 NA
16631 15838701 NA
16632 16575422 NA
16633 16575422 NA
16634 16575422 NA
16635 16575422 NA
16636 16575422 NA
16637 16575422 NA
16638 17320031 NA
16639 17320031 NA
16640 17320031 NA
16641 17320031 NA
16642 17320031 NA
16643 17320031 NA
16644 17320031 NA
16645 17320031 NA
16646 18120462 NA
16647 18120462 NA
16648 18120462 NA
16649 18120462 NA
16650 18120462 NA
16651 18120462 NA
16652 18120462 NA
16653 18120462 NA
16654 18120462 NA
16655 18120462 NA
16656 18948507 NA
16657 18948507 NA
16658 18948507 NA
16659 18948507 NA
16660 18948507 NA
16661 18948507 NA
16662 18948507 NA
16663 18948507 NA
16664 18948507 NA
16665 19807392 NA
16666 19807392 NA
16668 19807392 NA
16669 19807392 NA
16670 19807392 NA
16671 19807392 NA
16672 19807392 NA
16673 19807392 NA
16674 19807392 NA
16675 20681348 NA
16676 20681348 NA
16677 20681348 NA
16678 20681348 NA
16679 20681348 NA
16680 20681348 NA
16681 20681348 NA
16682 20681348 NA
16683 20681348 NA
16684 20681348 NA
16685 21608916 NA
16686 21608916 NA
16687 21608916 NA
16688 21608916 NA
16689 21608916 NA
16690 21608916 NA
16691 21608916 NA
16692 21608916 NA
16693 21608916 NA
16694 21608916 NA
16695 21608916 NA
16696 21608916 NA
16697 22572212 NA
16698 22572212 NA
16699 22572212 NA
16700 22572212 NA
16701 22572212 NA
16702 22572212 NA
16703 22572212 NA
16704 22572212 NA
16705 22572212 NA
16706 22572212 NA
16707 22572212 NA
16708 22572212 NA
16709 22572212 NA
16710 22572212 NA
16711 23601222 NA
16712 23601222 NA
16715 23601222 NA
16717 23601222 NA
16719 23601222 NA
16720 23601222 NA
16721 23601222 NA
16722 23601222 NA
16723 23601222 NA
16724 23601222 NA
16725 23601222 NA
16726 24641208 NA
16727 24641208 NA
16728 24641208 NA
16729 24641208 NA
16730 24641208 NA
16731 24641208 NA
16732 24641208 NA
16733 24641208 NA
16734 24641208 NA
16735 24641208 NA
16736 24641208 NA
16737 24641208 NA
16738 24641208 NA
16739 24641208 NA
16740 24641208 NA
16741 24641208 NA
16742 25685481 NA
16743 25685481 NA
16744 25685481 NA
16745 25685481 NA
16746 25685481 NA
16747 25685481 NA
16748 25685481 NA
16749 25685481 NA
16750 25685481 NA
16751 25685481 NA
16752 25685481 NA
16753 25685481 NA
16754 26645024 NA
16755 26645024 NA
16756 26645024 NA
16757 26645024 NA
16759 26645024 NA
16760 26645024 NA
16761 26645024 NA
16762 26645024 NA
16763 26645024 NA
16764 26645024 NA
16765 26645024 NA
16766 26645024 NA
16767 26645024 NA
16768 26645024 NA
16769 26319704 NA
16770 26319704 NA
16771 26319704 NA
16772 26319704 NA
16773 26319704 NA
16774 26319704 NA
16775 26319704 NA
16776 26319704 NA
16777 26319704 NA
16778 26319704 NA
16779 26319704 NA
16780 26319704 NA
16781 25051870 NA
16782 25051870 NA
16783 25051870 NA
16784 25051870 NA
16785 25051870 NA
16786 25051870 NA
16787 25051870 NA
16788 25051870 NA
16789 25051870 NA
16790 25051870 NA
16791 25051870 NA
16792 25051870 NA
16793 25051870 NA
16794 25802621 NA
16795 25802621 NA
16796 25802621 NA
16797 25802621 NA
16798 25802621 NA
16799 25802621 NA
16800 25802621 NA
16801 25802621 NA
16802 25802621 NA
16803 25802621 NA
16804 25802621 NA
16805 25802621 NA
16807 25802621 NA
16808 25802621 NA
16809 25802621 NA
16810 26950016 NA
16811 26950016 NA
16812 26950016 NA
16813 26950016 NA
16814 26950016 NA
16815 26950016 NA
16816 26950016 NA
16817 26950016 NA
16818 26950016 NA
16820 26950016 NA
16821 26950016 NA
16822 25911169 NA
16823 25911169 NA
16824 25911169 NA
16825 25911169 NA
16826 25911169 NA
16827 25911169 NA
16828 25911169 NA
16829 25911169 NA
16830 25911169 NA
16831 25911169 NA
16832 25911169 NA
16833 24615610 NA
16834 24615610 NA
16835 24615610 NA
16836 24615610 NA
16837 24615610 NA
16838 24615610 NA
16839 24615610 NA
16840 24615610 NA
16841 24615610 NA
16842 24615610 NA
16843 24615610 NA
16844 24615610 NA
16845 24615610 NA
16847 24708802 NA
16849 24708802 NA
16850 24708802 NA
16851 24708802 NA
16852 24708802 NA
16853 24708802 NA
16854 24708802 NA
16855 24708802 NA
16856 24708802 NA
16857 24708802 NA
16858 24708802 NA
16859 24708802 NA
16860 24708802 NA
16861 24708802 NA
16862 24708802 NA
16863 25756538 NA
16864 25756538 NA
16865 25756538 NA
16866 25756538 NA
16867 25756538 NA
16869 25756538 NA
16870 25756538 NA
16871 25756538 NA
16872 25756538 NA
16873 25756538 NA
16874 25756538 NA
16875 25756538 NA
16876 25756538 NA
16878 25756538 NA
16879 26863980 NA
16880 26863980 NA
16881 26863980 NA
16882 26863980 NA
16883 26863980 NA
16884 26863980 NA
16885 26863980 NA
16886 26863980 NA
16887 26863980 NA
16888 26863980 NA
16889 26863980 NA
16890 26863980 NA
16891 26863980 NA
16892 26863980 NA
16893 27750656 NA
16894 27750656 NA
16895 27750656 NA
16896 27750656 NA
16897 27750656 NA
16898 27750656 NA
16899 27750656 NA
16900 27750656 NA
16901 27750656 NA
16902 27750656 NA
16903 27750656 NA
16904 27750656 NA
16905 27378285 NA
16906 27378285 NA
16907 27378285 NA
16908 27378285 NA
16909 27378285 NA
16910 27378285 NA
16911 27378285 NA
16912 27378285 NA
16913 27378285 NA
16914 26044302 NA
16915 26044302 NA
16916 26044302 NA
16917 26044302 NA
16918 26044302 NA
16919 26044302 NA
16920 26044302 NA
16921 26044302 NA
16922 24803246 NA
16923 24803246 NA
16924 24803246 NA
16925 24803246 NA
16926 24803246 NA
16927 24803246 NA
16928 24803246 NA
16929 24803246 NA
16930 24803246 NA
16931 24803246 NA
16932 24803246 NA
16933 23616536 NA
16934 23616536 NA
16935 23616536 NA
16937 23616536 NA
16938 23616536 NA
16939 23616536 NA
16940 23616536 NA
16941 23616536 NA
16942 22435709 NA
16943 22435709 NA
16944 22435709 NA
16945 22435709 NA
16946 22435709 NA
16949 22435709 NA
16950 22435709 NA
16951 21361464 NA
16952 21361464 NA
16953 21361464 NA
16954 21361464 NA
16955 21361464 NA
16956 21361464 NA
16957 21361464 NA
16958 21361464 NA
16959 21361464 NA
16960 21361464 NA
16966 20728653 NA
16968 20728653 NA
16969 20728653 NA
16970 20728653 NA
16971 20728653 NA
16972 21387468 NA
16974 21387468 NA
16975 21387468 NA
16976 21387468 NA
16977 21387468 NA
16978 21387468 NA
16979 21387468 NA
16980 22321699 NA
16981 22321699 NA
16982 22321699 NA
16984 22321699 NA
16985 22321699 NA
16986 22321699 NA
16987 22321699 NA
16988 23321014 NA
16989 23321014 NA
16990 23321014 NA
16991 23321014 NA
16992 23321014 NA
16993 23321014 NA
16994 23321014 NA
16999 23321014 NA
17000 23321014 NA
17001 23856545 NA
17006 23856545 NA
17007 23856545 NA
17014 22850295 NA
17015 22850295 NA
17016 22850295 NA
17017 22850295 NA
17018 22850295 NA
17019 22850295 NA
17020 22850295 NA
17021 22850295 NA
17022 22850295 NA
17023 22850295 NA
17024 22850295 NA
17025 22850295 NA
17026 22850295 NA
17027 22850295 NA
17028 22850295 NA
17029 23669149 NA
17031 23669149 NA
17032 23669149 NA
17033 23669149 NA
17034 23669149 NA
17035 23669149 NA
17036 23669149 NA
17037 23669149 NA
17038 23669149 NA
17039 23669149 NA
17040 23669149 NA
17042 23669149 NA
17044 24413474 NA
17045 24413474 NA
17046 24413474 NA
17047 24413474 NA
17048 24413474 NA
17049 24413474 NA
17050 24413474 NA
17051 24413474 NA
17052 24413474 NA
17053 24413474 NA
17054 24413474 NA
17055 24413474 NA
17056 23518099 NA
17057 23518099 NA
17058 23518099 NA
17059 23518099 NA
17060 23518099 NA
17061 23518099 NA
17062 23518099 NA
17063 23518099 NA
17064 23518099 NA
17069 22791975 NA
17070 22791975 NA
17071 22791975 NA
17072 22791975 NA
17073 22791975 NA
17075 22791975 NA
17076 22791975 NA
17077 22791975 NA
17078 22791975 NA
17079 23374729 NA
17080 23374729 NA
17081 23374729 NA
17083 23374729 NA
17084 23374729 NA
17085 23374729 NA
17086 23374729 NA
17087 23374729 NA
17088 23374729 NA
17089 23374729 NA
17091 24414319 NA
17092 24414319 NA
17093 24414319 NA
17094 24414319 NA
17095 24414319 NA
17096 24414319 NA
17097 24414319 NA
17098 24414319 NA
17099 24414319 NA
17100 24414319 NA
17101 24414319 NA
17102 24414319 NA
17103 25471374 NA
17104 25471374 NA
17105 25471374 NA
17106 25471374 NA
17107 25471374 NA
17108 25471374 NA
17109 25471374 NA
17110 25471374 NA
17111 25471374 NA
17112 25471374 NA
17113 25471374 NA
17114 25471374 NA
17115 25471374 NA
17117 25243511 NA
17118 25243511 NA
17119 25243511 NA
17123 25243511 NA
17124 25243511 NA
17125 25243511 NA
17126 24522899 NA
17127 24522899 NA
17129 24522899 NA
17130 24522899 NA
17131 24522899 NA
17132 24522899 NA
17133 24522899 NA
17134 24522899 NA
17135 24522899 NA
17136 24522899 NA
17138 24522899 NA
17139 24522899 NA
17140 25440194 NA
17141 25440194 NA
17142 25440194 NA
17143 25440194 NA
17144 25440194 NA
17145 25440194 NA
17146 25440194 NA
17147 25440194 NA
17148 25440194 NA
17149 25440194 NA
