"Index" "Price" "Volume"
16468 5e+06 NA
16469 5e+06 NA
16470 5e+06 NA
16471 5e+06 NA
16472 5e+06 NA
16473 5e+06 NA
16474 5e+06 NA
16475 5e+06 NA
16476 5e+06 NA
16477 5e+06 NA
16478 5e+06 NA
16479 5e+06 NA
16480 5e+06 NA
16481 5e+06 NA
16482 5e+06 NA
16483 5e+06 NA
16484 5184846 NA
16485 5184846 NA
16486 5184846 NA
16487 5184846 NA
16488 5184846 NA
16489 5184846 NA
16490 5184846 NA
16491 5184846 NA
16492 5184846 NA
16493 5184846 NA
16494 5184846 NA
16495 5184846 NA
16496 5184846 NA
16497 5184846 NA
16498 5184846 NA
16499 5184846 NA
16500 5184846 NA
16501 5184846 NA
16502 5184846 NA
16503 5184846 NA
16504 5184846 NA
16505 5184846 NA
16506 5184846 NA
16507 5184846 NA
16508 5184846 NA
16509 5184846 NA
16510 5184846 NA
16511 5184846 NA
16512 5184846 NA
16513 5184846 NA
16514 5184846 NA
16515 5184846 NA
16516 5184846 NA
16517 5184846 NA
16518 5184846 NA
16519 5184846 NA
16520 5184846 NA
16521 5184846 NA
16522 5184846 NA
16523 5184846 NA
16524 5184846 NA
16525 5184846 NA
16526 5377739 NA
16527 5377739 NA
16528 5377739 NA
16529 5377739 NA
16530 5377739 NA
16531 5377739 NA
16532 5377739 NA
16533 5377739 NA
16534 5377739 NA
16535 5377739 NA
16536 5377739 NA
16537 5377739 NA
16538 5377739 NA
16539 5377739 NA
16540 5377739 NA
16541 5377739 NA
16542 5377739 NA
16543 5377739 NA
16544 5377739 NA
16545 5377739 NA
16546 5377739 NA
16547 5377739 NA
16548 5377739 NA
16549 5377739 NA
16550 5377739 NA
16551 5377739 NA
16552 5377739 NA
16553 5377739 NA
16554 5377739 NA
16555 5377739 NA
16556 5377739 NA
16557 5377739 NA
16558 5377739 NA
16559 5377739 NA
16560 5377739 NA
16561 5377739 NA
16562 5377739 NA
16563 5377739 NA
16564 5377739 NA
16565 5377739 NA
16566 5377739 NA
16567 5377739 NA
16568 5377739 NA
16569 5377739 NA
16570 5377739 NA
16571 5377739 NA
16572 5377739 NA
16573 5377739 NA
16574 5377739 NA
16575 5377739 NA
16576 5377739 NA
16577 5377739 NA
16578 5377739 NA
16579 5377739 NA
16580 5377739 NA
16581 5377739 NA
16582 5377739 NA
16583 5604512 NA
16584 5604512 NA
16585 5604512 NA
16586 5604512 NA
16587 5604512 NA
16588 5604512 NA
16589 5604512 NA
16590 5604512 NA
16591 5604512 NA
16592 5604512 NA
16593 5604512 NA
16594 5604512 NA
16595 5604512 NA
16596 5604512 NA
16597 5604512 NA
16598 5604512 NA
16599 5604512 NA
16600 5604512 NA
16601 5604512 NA
16602 5604512 NA
16603 5604512 NA
16604 5604512 NA
16605 5604512 NA
16606 5604512 NA
16607 5604512 NA
16608 5604512 NA
16609 5604512 NA
16610 5604512 NA
16611 5604512 NA
16612 5604512 NA
16613 5604512 NA
16614 5604512 NA
16615 5604512 NA
16616 5604512 NA
16617 5604512 NA
16618 5604512 NA
16619 5604512 NA
16620 5604512 NA
16621 5604512 NA
16622 5604512 NA
16623 5604512 NA
16624 5604512 NA
16625 5604512 NA
16626 5604512 NA
16627 5604512 NA
16628 5604512 NA
16629 5604512 NA
16630 5604512 NA
16631 5604512 NA
16632 5604512 NA
16633 5604512 NA
16634 5604512 NA
16635 5604512 NA
16636 5604512 NA
16637 5604512 NA
16638 5604512 NA
16639 5604512 NA
16640 5604512 NA
16641 5604512 NA
16642 5604512 NA
16643 5604512 NA
16644 5604512 NA
16645 5604512 NA
16646 5604512 NA
16647 5604512 NA
16648 5604512 NA
16649 5604512 NA
16650 5604512 NA
16651 5604512 NA
16652 5604512 NA
16653 5604512 NA
16654 5604512 NA
16655 5604512 NA
16656 5604512 NA
16657 5604512 NA
16658 5604512 NA
16659 5604512 NA
16660 5604512 NA
16661 5604512 NA
16662 5604512 NA
16663 5604512 NA
16664 5604512 NA
16665 5604512 NA
16666 5604512 NA
16668 5604512 NA
16669 5604512 NA
16670 5604512 NA
16671 5604512 NA
16672 5604512 NA
16673 5604512 NA
16674 5604512 NA
16675 5604512 NA
16676 5604512 NA
16677 5604512 NA
16678 5604512 NA
16679 5837157 NA
16680 5837157 NA
16681 5837157 NA
16682 5837157 NA
16683 5837157 NA
16684 5837157 NA
16685 5837157 NA
16686 5837157 NA
16687 5837157 NA
16688 5837157 NA
16689 5837157 NA
16690 5837157 NA
16691 5837157 NA
16692 5837157 NA
16693 5837157 NA
16694 5837157 NA
16695 5837157 NA
16696 5837157 NA
16697 5837157 NA
16698 5837157 NA
16699 5837157 NA
16700 5837157 NA
16701 5837157 NA
16702 5837157 NA
16703 5837157 NA
16704 5837157 NA
16705 5837157 NA
16706 5837157 NA
16707 5837157 NA
16708 5837157 NA
16709 5837157 NA
16710 5837157 NA
16711 5837157 NA
16712 5837157 NA
16715 5837157 NA
16717 5837157 NA
16719 5837157 NA
16720 5837157 NA
16721 5837157 NA
16722 5837157 NA
16723 5837157 NA
16724 5837157 NA
16725 5837157 NA
16726 5837157 NA
16727 5837157 NA
16728 5837157 NA
16729 5837157 NA
16730 5837157 NA
16731 5837157 NA
16732 5837157 NA
16733 5837157 NA
16734 5837157 NA
16735 5837157 NA
16736 5837157 NA
16737 5837157 NA
16738 5837157 NA
16739 5837157 NA
16740 5837157 NA
16741 5837157 NA
16742 5837157 NA
16743 5837157 NA
16744 5837157 NA
16745 5837157 NA
16746 5837157 NA
16747 5837157 NA
16748 5837157 NA
16749 5837157 NA
16750 5837157 NA
16751 5837157 NA
16752 5837157 NA
16753 5837157 NA
16754 5837157 NA
16755 5837157 NA
16756 5837157 NA
16757 5837157 NA
16759 5837157 NA
16760 5837157 NA
16761 5837157 NA
16762 5837157 NA
16763 5837157 NA
16764 5837157 NA
16765 5837157 NA
16766 5837157 NA
16767 5837157 NA
16768 5837157 NA
16769 5837157 NA
16770 5837157 NA
16771 5837157 NA
16772 5837157 NA
16773 5837157 NA
16774 5837157 NA
16775 5837157 NA
16776 5837157 NA
16777 5837157 NA
16778 5837157 NA
16779 5837157 NA
16780 5837157 NA
16781 5837157 NA
16782 5837157 NA
16783 5837157 NA
16784 5837157 NA
16785 5837157 NA
16786 5837157 NA
16787 5837157 NA
16788 5837157 NA
16789 5837157 NA
16790 5837157 NA
16791 5837157 NA
16792 5837157 NA
16793 5837157 NA
16794 5837157 NA
16795 5837157 NA
16796 5837157 NA
16797 5837157 NA
16798 5837157 NA
16799 5837157 NA
16800 5837157 NA
16801 5837157 NA
16802 6087645 NA
16803 6087645 NA
16804 6087645 NA
16805 6087645 NA
16807 6087645 NA
16808 6087645 NA
16809 6087645 NA
16810 6087645 NA
16811 6087645 NA
16812 6087645 NA
16813 6087645 NA
16814 6087645 NA
16815 6087645 NA
16816 6087645 NA
16817 6087645 NA
16818 6087645 NA
16820 6087645 NA
16821 6087645 NA
16822 6087645 NA
16823 6087645 NA
16824 6087645 NA
16825 6087645 NA
16826 6087645 NA
16827 6087645 NA
16828 6087645 NA
16829 6087645 NA
16830 6087645 NA
16831 6087645 NA
16832 6087645 NA
16833 6087645 NA
16834 6087645 NA
16835 6087645 NA
16836 6087645 NA
16837 6087645 NA
16838 6087645 NA
16839 6087645 NA
16840 6087645 NA
16841 6087645 NA
16842 6087645 NA
16843 6087645 NA
16844 6087645 NA
16845 6087645 NA
16847 6087645 NA
16849 6087645 NA
16850 6087645 NA
16851 6087645 NA
16852 6087645 NA
16853 6087645 NA
16854 6087645 NA
16855 6087645 NA
16856 6087645 NA
16857 6087645 NA
16858 6087645 NA
16859 6087645 NA
16860 6087645 NA
16861 6087645 NA
16862 6087645 NA
16863 6087645 NA
16864 6087645 NA
16865 6087645 NA
16866 6087645 NA
16867 6087645 NA
16869 6087645 NA
16870 6087645 NA
16871 6087645 NA
16872 6087645 NA
16873 6087645 NA
16874 6087645 NA
16875 6087645 NA
16876 6087645 NA
16878 12137153 NA
16879 12137153 NA
16880 12137153 NA
16881 12137153 NA
16882 12137153 NA
16883 12137153 NA
16884 12137153 NA
16885 12137153 NA
16886 12137153 NA
16887 12137153 NA
16888 12137153 NA
16889 12137153 NA
16890 12137153 NA
16891 12137153 NA
16892 12137153 NA
16893 12137153 NA
16894 12137153 NA
16895 12137153 NA
16896 12137153 NA
16897 12137153 NA
16898 12137153 NA
16899 12137153 NA
16900 12137153 NA
16901 12137153 NA
16902 12137153 NA
16903 12137153 NA
16904 12137153 NA
16905 12137153 NA
16906 12137153 NA
16907 12137153 NA
16908 12137153 NA
16909 12137153 NA
16910 12137153 NA
16911 12137153 NA
16912 12137153 NA
16913 12137153 NA
16914 12137153 NA
16915 12137153 NA
16916 12137153 NA
16917 12137153 NA
16918 12137153 NA
16919 12137153 NA
16920 12137153 NA
16921 12137153 NA
16922 12137153 NA
16923 12137153 NA
16924 12137153 NA
16925 12137153 NA
16926 12137153 NA
16927 12137153 NA
16928 12137153 NA
16929 12137153 NA
16930 12137153 NA
16931 12137153 NA
16932 12137153 NA
16933 12137153 NA
16934 12137153 NA
16935 12137153 NA
16937 12137153 NA
16938 12137153 NA
16939 12137153 NA
16940 12137153 NA
16941 12137153 NA
16942 12137153 NA
16943 12137153 NA
16944 12137153 NA
16945 12137153 NA
16946 12137153 NA
16949 12137153 NA
16950 12137153 NA
16951 12137153 NA
16952 12137153 NA
16953 12137153 NA
16954 12137153 NA
16955 12137153 NA
16956 12137153 NA
16957 12137153 NA
16958 12137153 NA
16959 12137153 NA
16960 12137153 NA
16966 12137153 NA
16968 12137153 NA
16969 12137153 NA
16970 12137153 NA
16971 12137153 NA
16972 12137153 NA
16974 12137153 NA
16975 12137153 NA
16976 12137153 NA
16977 12137153 NA
16978 12137153 NA
16979 12137153 NA
16980 12137153 NA
16981 12137153 NA
16982 12137153 NA
16984 12137153 NA
16985 12137153 NA
16986 12137153 NA
16987 12137153 NA
16988 12137153 NA
16989 12137153 NA
16990 12137153 NA
16991 12137153 NA
16992 12137153 NA
16993 12137153 NA
16994 12137153 NA
16999 12137153 NA
17000 12137153 NA
17001 12137153 NA
17006 12137153 NA
17007 12137153 NA
17014 12137153 NA
17015 12137153 NA
17016 12137153 NA
17017 12137153 NA
17018 12137153 NA
17019 12137153 NA
17020 12137153 NA
17021 12137153 NA
17022 12137153 NA
17023 12137153 NA
17024 12137153 NA
17025 12137153 NA
17026 12137153 NA
17027 12137153 NA
17028 12137153 NA
17029 12137153 NA
17031 12137153 NA
17032 12137153 NA
17033 12445117 NA
17034 12445117 NA
17035 12445117 NA
17036 12445117 NA
17037 12445117 NA
17038 12445117 NA
17039 12445117 NA
17040 12445117 NA
17042 12445117 NA
17044 12445117 NA
17045 12445117 NA
17046 12445117 NA
17047 12445117 NA
17048 12445117 NA
17049 12445117 NA
17050 12445117 NA
17051 12445117 NA
17052 12445117 NA
17053 12445117 NA
17054 12445117 NA
17055 12445117 NA
17056 12445117 NA
17057 12445117 NA
17058 12445117 NA
17059 12445117 NA
17060 12445117 NA
17061 12445117 NA
17062 12445117 NA
17063 12445117 NA
17064 12445117 NA
17069 12445117 NA
17070 12445117 NA
17071 12445117 NA
17072 12445117 NA
17073 12445117 NA
17075 12445117 NA
17076 12445117 NA
17077 12445117 NA
17078 12445117 NA
17079 12445117 NA
17080 12445117 NA
17081 12445117 NA
17083 12445117 NA
17084 12445117 NA
17085 12445117 NA
17086 12445117 NA
17087 12445117 NA
17088 12445117 NA
17089 12445117 NA
17091 12445117 NA
17092 12445117 NA
17093 12445117 NA
17094 12445117 NA
17095 12445117 NA
17096 12445117 NA
17097 12445117 NA
17098 12445117 NA
17099 12445117 NA
17100 12445117 NA
17101 12445117 NA
17102 12445117 NA
17103 12445117 NA
17104 12445117 NA
17105 12445117 NA
17106 12445117 NA
17107 12445117 NA
17108 12445117 NA
17109 12445117 NA
17110 12445117 NA
17111 12445117 NA
17112 12445117 NA
17113 12445117 NA
17114 12445117 NA
17115 12445117 NA
17117 12445117 NA
17118 12445117 NA
17119 12445117 NA
17123 12445117 NA
17124 12445117 NA
17125 12445117 NA
17126 12445117 NA
17127 12445117 NA
17129 12445117 NA
17130 12445117 NA
17131 12445117 NA
17132 12445117 NA
17133 12445117 NA
17134 12445117 NA
17135 12445117 NA
17136 12445117 NA
17138 12445117 NA
17139 12445117 NA
17140 12445117 NA
17141 12445117 NA
17142 12445117 NA
17143 12445117 NA
17144 12445117 NA
17145 12445117 NA
17146 12445117 NA
17147 12445117 NA
