"Index" "Price" "Volume"
15733 80000 NA
15734 83414 NA
15735 87321 NA
15736 91173 NA
15737 95273 NA
15738 99710 NA
15739 103356 NA
15740 108165 NA
15741 113242 NA
15742 118597 NA
15743 124135 NA
15744 129845 NA
15745 136052 NA
15746 142493 NA
15747 149282 NA
15748 155823 NA
15749 162971 NA
15750 170531 NA
15751 178301 NA
15752 186568 NA
15753 195112 NA
15754 203530 NA
15755 212670 NA
15756 222209 NA
15757 232333 NA
15758 242994 NA
15759 253707 NA
15760 265007 NA
15761 277130 NA
15762 289461 NA
15763 302269 NA
15764 315753 NA
15765 315753 NA
15766 329850 NA
15767 344230 NA
15768 359396 NA
15769 375708 NA
15770 392497 NA
15771 408600 NA
15772 426120 NA
15773 444635 NA
15774 463641 NA
15775 484190 NA
15776 505013 NA
15777 526593 NA
15778 526593 NA
15779 549163 NA
15780 549163 NA
15781 572556 NA
15782 572556 NA
15783 597572 NA
15784 597572 NA
15785 622403 NA
15786 622403 NA
15787 648665 NA
15788 648665 NA
15789 676576 NA
15790 676576 NA
15791 705312 NA
15792 705312 NA
15793 735263 NA
15794 735263 NA
15795 766055 NA
15796 766055 NA
15797 798730 NA
15798 813443 NA
15799 828156 NA
15800 842869 NA
15801 857581 NA
15802 872294 NA
15803 887007 NA
15804 901720 NA
15805 939923 NA
15806 939923 NA
15807 939923 NA
15808 980626 NA
15809 980626 NA
15810 1019700 NA
15811 1019700 NA
15812 1019700 NA
15813 1060820 NA
15814 1060820 NA
15815 1104370 NA
15816 1104370 NA
15817 1104370 NA
15818 1150591 NA
15819 1150591 NA
15820 1198653 NA
15821 1198653 NA
15822 1198653 NA
15823 1248042 NA
15824 1248042 NA
15825 1248042 NA
15826 1300850 NA
15827 1300850 NA
15828 1300850 NA
15829 1353621 NA
15830 1353621 NA
15831 1353621 NA
15832 1409887 NA
15833 1409887 NA
15834 1409887 NA
15835 1466977 NA
15836 1466977 NA
15837 1526137 NA
15838 1526137 NA
15839 1526137 NA
15840 1526137 NA
15841 1590458 NA
15842 1590458 NA
15843 1590458 NA
15844 1656923 NA
15845 1656923 NA
15846 1656923 NA
15847 1656923 NA
15848 1723794 NA
15849 1723794 NA
15850 1723794 NA
15851 1794040 NA
15852 1794040 NA
15853 1794040 NA
15854 1866977 NA
15855 1866977 NA
15856 1866977 NA
15857 1866977 NA
15858 1944903 NA
15859 1944903 NA
15860 1944903 NA
15861 2022556 NA
15862 2022556 NA
15863 2022556 NA
15864 2106108 NA
15865 2106108 NA
15866 2106108 NA
15867 2193618 NA
15868 2193618 NA
15869 2193618 NA
15870 2283012 NA
15871 2283012 NA
15872 2283012 NA
15873 2376832 NA
15874 2376832 NA
15875 2376832 NA
15876 2376832 NA
15877 2470825 NA
15878 2470825 NA
15879 2470825 NA
15880 2570342 NA
15881 2570342 NA
15882 2570342 NA
15883 2570342 NA
15884 2677998 NA
15885 2677998 NA
15886 2677998 NA
15887 2677998 NA
15888 2789994 NA
15889 2789994 NA
15890 2789994 NA
15891 2789994 NA
15892 2789994 NA
15893 2906031 NA
15894 2906031 NA
15895 2906031 NA
15896 2906031 NA
15897 3022442 NA
15898 3022442 NA
15899 3022442 NA
15900 3022442 NA
15901 3022442 NA
15902 3022442 NA
15903 3064829 NA
15904 3107217 NA
15905 3149604 NA
15906 3191991 NA
15907 3234379 NA
15908 3276766 NA
15909 3276766 NA
15910 3276766 NA
15911 3276766 NA
15912 3276766 NA
15913 3276766 NA
15914 3276766 NA
15915 3276766 NA
15916 3410923 NA
15917 3410923 NA
15918 3410923 NA
15919 3410923 NA
15920 3410923 NA
15921 3410923 NA
15922 3410923 NA
15923 3410923 NA
15924 3549253 NA
15925 3549253 NA
15926 3549253 NA
15927 3549253 NA
15928 3549253 NA
15929 3549253 NA
15930 3549253 NA
15931 3549253 NA
15932 3688903 NA
15933 3688903 NA
15934 3688903 NA
15935 3688903 NA
15936 3688903 NA
15937 3688903 NA
15938 3688903 NA
15939 3688903 NA
15940 3688903 NA
15941 3688903 NA
15942 3688903 NA
15943 3688903 NA
15944 3834516 NA
15945 3834516 NA
15946 3834516 NA
15947 3834516 NA
15948 3834516 NA
15949 3834516 NA
15950 3834516 NA
15951 3834516 NA
15952 3834516 NA
15953 3834516 NA
15954 3834516 NA
15955 3834516 NA
15956 3834516 NA
15957 3834516 NA
15958 3984855 NA
15959 3984855 NA
15960 3984855 NA
15961 3984855 NA
15962 3984855 NA
15963 3984855 NA
15964 3984855 NA
15965 3984855 NA
15966 3984855 NA
15967 3984855 NA
15968 3984855 NA
15969 3984855 NA
15970 3984855 NA
15971 3984855 NA
15972 3984855 NA
15973 4131053 NA
15974 4131053 NA
15975 4131053 NA
15976 4131053 NA
15977 4131053 NA
15978 4131053 NA
15979 4131053 NA
15980 4131053 NA
15981 4131053 NA
15982 4131053 NA
15983 4131053 NA
15984 4131053 NA
15985 4131053 NA
15986 4152181 NA
15987 4173309 NA
15988 4194436 NA
15989 4215564 NA
15990 4236692 NA
15991 4257820 NA
15992 4278947 NA
15993 4300075 NA
15994 4300075 NA
15995 4300075 NA
15996 4300075 NA
15997 4300075 NA
15998 4300075 NA
15999 4300075 NA
16000 4472549 NA
16001 4472549 NA
16002 4472549 NA
16003 4472549 NA
16004 4472549 NA
16005 4472549 NA
16006 4472549 NA
16007 4472549 NA
16008 4472549 NA
16009 4472549 NA
16010 4472549 NA
16011 4472549 NA
16012 4472549 NA
16013 4472549 NA
16014 4472549 NA
16015 4654885 NA
16016 4654885 NA
16017 4654885 NA
16018 4654885 NA
16019 4654885 NA
16020 4654885 NA
16021 4654885 NA
16022 4654885 NA
16023 4654885 NA
16024 4654885 NA
16025 4654885 NA
16026 4654885 NA
16027 4654885 NA
16028 4654885 NA
16029 4654885 NA
16030 4840958 NA
16031 4840958 NA
16032 4840958 NA
16033 4840958 NA
16034 4840958 NA
16035 4840958 NA
16036 4840958 NA
16037 4840958 NA
16038 4840958 NA
16039 4840958 NA
16040 4840958 NA
16041 4840958 NA
16042 4840958 NA
16043 4840958 NA
16044 4840958 NA
16045 4840958 NA
16046 4840958 NA
16047 5035794 NA
16048 5035794 NA
16049 5035794 NA
16050 5035794 NA
16051 5035794 NA
16052 5035794 NA
16053 5035794 NA
16054 5035794 NA
16055 5035794 NA
16056 5035794 NA
16057 5035794 NA
16058 5035794 NA
16059 5035794 NA
16060 5035794 NA
16061 5035794 NA
16062 5035794 NA
16063 5231460 NA
16064 5231460 NA
16065 5231460 NA
16066 5231460 NA
16067 5231460 NA
16068 5231460 NA
16069 5231460 NA
16070 5231460 NA
16071 5231460 NA
16072 5231460 NA
16073 5231460 NA
16074 5231460 NA
16075 5231460 NA
16076 5231460 NA
16077 5231460 NA
16078 5231460 NA
16079 5436449 NA
16080 5436449 NA
16081 5436449 NA
16082 5436449 NA
16083 5436449 NA
16084 5436449 NA
16085 5436449 NA
16086 5436449 NA
16087 5436449 NA
16088 5436449 NA
16089 5436449 NA
16090 5436449 NA
16091 5436449 NA
16092 5654102 NA
16093 5654102 NA
16094 5654102 NA
16095 5654102 NA
16096 5654102 NA
16097 5654102 NA
16098 5654102 NA
16099 5654102 NA
16100 5654102 NA
16101 5654102 NA
16102 5654102 NA
16103 5883418 NA
16104 5883418 NA
16105 5883418 NA
16106 5883418 NA
16107 5883418 NA
16108 5883418 NA
16109 5883418 NA
16110 5883418 NA
16111 5883418 NA
16112 5883418 NA
16113 5883418 NA
16114 5883418 NA
16115 6121908 NA
16116 6121908 NA
16117 6121908 NA
16118 6121908 NA
16119 6121908 NA
16120 6121908 NA
16121 6121908 NA
16122 6121908 NA
16123 6121908 NA
16124 6121908 NA
16125 6121908 NA
16126 6121908 NA
16127 6121908 NA
16128 6121908 NA
16129 6121908 NA
16130 6381884 NA
16131 6381884 NA
16132 6381884 NA
16133 6381884 NA
16134 6381884 NA
16135 6381884 NA
16136 6381884 NA
16137 6381884 NA
16138 6381884 NA
16139 6381884 NA
16140 6381884 NA
16141 6381884 NA
16142 6634005 NA
16143 6634005 NA
16144 6634005 NA
16145 6634005 NA
16146 6634005 NA
16147 6634005 NA
16148 6634005 NA
16149 6634005 NA
16150 6634005 NA
16151 6634005 NA
16152 6634005 NA
16153 6634005 NA
16154 6634005 NA
16155 6634005 NA
16156 6634005 NA
16157 6634005 NA
16158 6854190 NA
16159 6854190 NA
16160 6854190 NA
16161 6854190 NA
16162 6854190 NA
16163 6854190 NA
16164 6854190 NA
16165 6854190 NA
16166 6854190 NA
16167 6854190 NA
16168 6854190 NA
16169 6854190 NA
16170 6854190 NA
16171 6854190 NA
16172 6854190 NA
16173 6854190 NA
16174 6854190 NA
16175 6854190 NA
16176 6905801 NA
16177 6905801 NA
16178 6905801 NA
16179 6905801 NA
16180 6905801 NA
16181 6905801 NA
16182 6905801 NA
16183 6905801 NA
16184 6905801 NA
16185 6905801 NA
16186 6905801 NA
16187 6905801 NA
16188 6905801 NA
16189 6905801 NA
16190 6905801 NA
16191 6905801 NA
16192 6905801 NA
16193 6862954 NA
16194 6862954 NA
16195 6862954 NA
16196 6862954 NA
16197 6862954 NA
16198 6862954 NA
16199 6862954 NA
16200 6862954 NA
16201 6862954 NA
16202 6862954 NA
16203 6862954 NA
16204 6862954 NA
16205 6862954 NA
16206 6862954 NA
16207 6862954 NA
16208 6862954 NA
16209 6862954 NA
16210 6831334 NA
16211 6831334 NA
16212 6831334 NA
16213 6831334 NA
16214 6831334 NA
16215 6831334 NA
16216 6831334 NA
16217 6831334 NA
16218 6548377 NA
16219 6220958 NA
16220 5926126 NA
16221 5644500 NA
16222 5374175 NA
16223 1489044 NA
16224 1414591 NA
16225 1414591 NA
16226 1343861 NA
16227 1283101 NA
16228 1283101 NA
16229 1218945 NA
16230 1218945 NA
16231 1157997 NA
16232 1105710 NA
16233 1105710 NA
16234 1050664 NA
16235 1003237 NA
16236 959844 NA
16237 959844 NA
16238 911964 NA
16239 911964 NA
16240 869309 NA
16241 869309 NA
16242 828464 NA
16243 828464 NA
16244 795934 NA
16245 795934 NA
16246 774392 NA
16247 774392 NA
16248 750929 NA
16249 750929 NA
16250 733192 NA
16251 720441 NA
16252 720441 NA
16253 709211 NA
16254 709211 NA
16255 699840 NA
16256 699840 NA
16257 699222 NA
16258 699222 NA
16259 695089 NA
16260 695089 NA
16261 688819 NA
16262 688819 NA
16263 686685 NA
16264 686685 NA
16265 682153 NA
16266 682153 NA
16267 678528 NA
16268 678528 NA
16269 684571 NA
16270 702449 NA
16271 702449 NA
16272 725102 NA
16273 725102 NA
16274 751073 NA
16275 777033 NA
16276 777033 NA
16277 800611 NA
16278 800611 NA
16279 827572 NA
16280 827572 NA
16281 856695 NA
16282 856695 NA
16283 877361 NA
16284 905426 NA
16285 919095 NA
16286 919095 NA
16287 931526 NA
16288 931526 NA
16289 937368 NA
16290 937368 NA
16291 929943 NA
16292 927966 NA
16293 927966 NA
16294 921886 NA
16295 920661 NA
16296 920661 NA
16297 916548 NA
16298 916548 NA
16299 918919 NA
16300 918919 NA
16301 921168 NA
16302 921168 NA
16303 922594 NA
16304 922594 NA
16305 918152 NA
16306 918152 NA
16307 909958 NA
16308 909958 NA
16309 887190 NA
16310 887190 NA
16311 851751 NA
16312 851751 NA
16313 814361 NA
16314 814361 NA
16315 777085 NA
16316 777085 NA
16317 739467 NA
16318 739467 NA
16319 705493 NA
16320 705493 NA
16321 676479 NA
16322 676479 NA
16323 642655 NA
16324 642655 NA
16325 614191 NA
16326 614191 NA
16327 588604 NA
16328 588604 NA
16329 563165 NA
16330 563165 NA
16331 563165 NA
16332 544589 NA
16333 544589 NA
16334 526727 NA
16335 526727 NA
16336 508772 NA
16337 508772 NA
16338 486820 NA
16339 486820 NA
16340 486820 NA
16341 466992 NA
16342 448641 NA
16343 448641 NA
16344 448641 NA
16345 434054 NA
16346 434054 NA
16347 422403 NA
16348 422403 NA
16349 413917 NA
16350 413917 NA
16351 407634 NA
16352 407634 NA
16353 406851 NA
16354 406851 NA
16355 402894 NA
16356 402894 NA
16357 395575 NA
16358 395575 NA
16359 394524 NA
16360 394524 NA
16361 394524 NA
16362 392227 NA
16363 392227 NA
16364 389031 NA
16365 389031 NA
16366 389031 NA
16367 384753 NA
16368 384753 NA
16369 381291 NA
16370 381291 NA
16371 378257 NA
16372 378257 NA
16373 376703 NA
16374 376703 NA
16375 376703 NA
16376 373258 NA
16377 373258 NA
16378 369608 NA
16379 369608 NA
16380 369608 NA
16381 368716 NA
16382 368716 NA
16383 370738 NA
16384 370738 NA
16385 370738 NA
16386 372633 NA
16387 372633 NA
16388 376706 NA
16389 376706 NA
16390 380902 NA
16391 380902 NA
16392 385030 NA
16393 385030 NA
16394 393687 NA
16395 393687 NA
16396 395903 NA
16397 395903 NA
16398 395903 NA
16399 399317 NA
16400 399317 NA
16401 401757 NA
16402 401757 NA
16403 406323 NA
16404 406323 NA
16405 411161 NA
16406 411161 NA
16407 411161 NA
16408 413473 NA
16409 413473 NA
16410 413473 NA
16411 413044 NA
16412 413044 NA
16413 413829 NA
16414 413829 NA
16415 413829 NA
16416 412512 NA
16417 412512 NA
16418 412398 NA
16419 412398 NA
16420 412398 NA
16421 410691 NA
16422 410691 NA
16423 408361 NA
16424 408361 NA
16425 406857 NA
16426 406857 NA
16427 404743 NA
16428 404743 NA
16429 403317 NA
16430 403317 NA
16431 403346 NA
16432 403346 NA
16433 403498 NA
16434 403498 NA
16435 401157 NA
16436 401157 NA
16437 400769 NA
16438 400769 NA
16439 400989 NA
16440 400989 NA
16441 398733 NA
16442 398733 NA
16443 399548 NA
16444 399548 NA
16445 395411 NA
16446 395411 NA
16447 390704 NA
16448 390704 NA
16449 385278 NA
16450 385278 NA
16451 377376 NA
16452 377376 NA
16453 370672 NA
16454 370672 NA
16455 365689 NA
16456 365689 NA
16457 360305 NA
16458 360305 NA
16459 356024 NA
16460 356024 NA
16461 352560 NA
16462 352560 NA
16463 349811 NA
16464 349811 NA
16465 345630 NA
16466 346698 NA
16467 346698 NA
16468 344992 NA
16469 344992 NA
16470 343013 NA
16471 343013 NA
16472 339546 NA
16473 339546 NA
16474 340023 NA
16475 340023 NA
16476 334178 NA
16477 334178 NA
16478 329467 NA
16479 329467 NA
16480 324991 NA
16481 324991 NA
16482 320355 NA
16483 320355 NA
16484 317048 NA
16485 317048 NA
16486 312704 NA
16487 311715 NA
16488 311715 NA
16489 308855 NA
16490 308855 NA
16491 307291 NA
16492 307291 NA
16493 306423 NA
16494 306423 NA
16495 304720 NA
16496 304720 NA
16497 304289 NA
16498 304289 NA
16499 303124 NA
16500 303124 NA
16501 302376 NA
16502 302376 NA
16503 301509 NA
16504 301509 NA
16505 303746 NA
16506 303746 NA
16507 303746 NA
16508 303489 NA
16509 303489 NA
16510 301274 NA
16511 301274 NA
16512 300693 NA
16513 300693 NA
16514 300693 NA
16515 298315 NA
16516 299615 NA
16517 299615 NA
16518 301213 NA
16519 301213 NA
16520 301213 NA
16521 298101 NA
16522 298101 NA
16523 297749 NA
16524 297749 NA
16525 294902 NA
16526 294902 NA
16527 283240 NA
16528 270223 NA
16529 270223 NA
16530 256711 NA
16531 243875 NA
16532 243875 NA
16533 233133 NA
16534 223068 NA
16535 213014 NA
16536 203346 NA
16537 194331 NA
16538 186007 NA
16539 178170 NA
16540 169261 NA
16541 161908 NA
16542 154885 NA
16543 147839 NA
16544 141278 NA
16545 134963 NA
16546 129138 NA
16547 123382 NA
16548 117760 NA
16549 112589 NA
16550 107608 NA
16551 102727 NA
16552 98357 NA
16553 94426 NA
16554 94426 NA
16555 89704 NA
16556 89704 NA
16557 85670 NA
16558 85670 NA
16559 82049 NA
16560 82049 NA
16561 77946 NA
16562 77946 NA
16563 74571 NA
16564 74571 NA
16565 72312 NA
16566 72312 NA
16567 71066 NA
16568 71066 NA
16569 71066 NA
16570 69838 NA
16571 69838 NA
16572 70250 NA
16573 69611 NA
16574 69611 NA
16575 69646 NA
16576 69646 NA
16577 70572 NA
16578 70572 NA
16579 72450 NA
16580 72450 NA
16581 74302 NA
16582 74302 NA
16583 76730 NA
16584 76730 NA
16585 79030 NA
16586 79030 NA
16587 82074 NA
16588 82074 NA
16589 83669 NA
16590 83669 NA
16591 86534 NA
16592 86534 NA
16593 90172 NA
16594 90172 NA
16595 93711 NA
16596 93711 NA
16597 96848 NA
16598 96848 NA
16599 100835 NA
16600 100835 NA
16601 103482 NA
16602 103482 NA
16603 106278 NA
16604 106278 NA
16605 108804 NA
16606 108804 NA
16607 110924 NA
16608 110924 NA
16609 113524 NA
16610 113524 NA
16611 113524 NA
16612 117323 NA
16613 117323 NA
16614 117323 NA
16615 122623 NA
16616 122623 NA
16617 127080 NA
16618 127080 NA
16619 132137 NA
16620 132137 NA
16621 137793 NA
16622 137793 NA
16623 143447 NA
16624 143447 NA
16625 149710 NA
16626 149710 NA
16627 154651 NA
16628 154651 NA
16629 160191 NA
16630 160191 NA
16631 166662 NA
16632 166662 NA
16633 169192 NA
16634 169192 NA
16635 173722 NA
16636 173722 NA
16637 176071 NA
16638 176071 NA
16639 177732 NA
16640 177732 NA
16641 177732 NA
16642 181947 NA
16643 181947 NA
16644 187148 NA
16645 187148 NA
16646 192162 NA
16647 192162 NA
16648 192162 NA
16649 197586 NA
16650 197586 NA
16651 203314 NA
16652 203314 NA
16653 210093 NA
16654 210093 NA
16655 217143 NA
16656 217143 NA
16657 225853 NA
16658 225853 NA
16659 233728 NA
16660 233728 NA
16661 242012 NA
16662 242012 NA
16663 250292 NA
16664 250292 NA
16665 256745 NA
16666 256745 NA
16668 265394 NA
16669 273753 NA
16670 273753 NA
16671 281012 NA
16672 281012 NA
16673 291083 NA
16674 291083 NA
16675 301331 NA
16676 301331 NA
16677 301331 NA
16678 311637 NA
16679 311637 NA
16680 311637 NA
16681 320215 NA
16682 320215 NA
16683 320215 NA
16684 329211 NA
16685 329211 NA
16686 329211 NA
16687 329211 NA
16688 337758 NA
16689 337758 NA
16690 346005 NA
16691 346005 NA
16692 351440 NA
16693 351440 NA
16694 351440 NA
16695 359416 NA
16696 359416 NA
16697 359416 NA
16698 367980 NA
16699 367980 NA
16700 371713 NA
16701 371713 NA
16702 371713 NA
16703 371770 NA
16704 371770 NA
16705 367171 NA
16706 367171 NA
16707 364949 NA
16708 364949 NA
16709 368373 NA
16710 368373 NA
16711 369763 NA
16712 369763 NA
16715 369848 NA
16717 369848 NA
16719 370605 NA
16720 370605 NA
16721 373191 NA
16722 378973 NA
16723 378973 NA
16724 378973 NA
16725 381312 NA
16726 381312 NA
16727 381312 NA
16728 382333 NA
16729 382333 NA
16730 386204 NA
16731 386204 NA
16732 390988 NA
16733 390988 NA
16734 398198 NA
16735 398198 NA
16736 404449 NA
16737 404449 NA
16738 406183 NA
16739 406183 NA
16740 410717 NA
16741 410717 NA
16742 420985 NA
16743 420985 NA
16744 434333 NA
16745 434333 NA
16746 448099 NA
16747 448099 NA
16748 448099 NA
16749 462067 NA
16750 476253 NA
16751 476253 NA
16752 476253 NA
16753 488793 NA
16754 488793 NA
16755 498940 NA
16756 498940 NA
16757 516881 NA
16759 516881 NA
16760 529297 NA
16761 529297 NA
16762 529297 NA
16763 537373 NA
16764 537373 NA
16765 544798 NA
16766 544798 NA
16767 544798 NA
16768 544980 NA
16769 544980 NA
16770 537650 NA
16771 537650 NA
16772 537650 NA
16773 529567 NA
16774 529567 NA
16775 529567 NA
16776 529567 NA
16777 519973 NA
16778 519973 NA
16779 516439 NA
16780 516439 NA
16781 510270 NA
16782 507823 NA
16783 507823 NA
16784 500258 NA
16785 500258 NA
16786 490588 NA
16787 490588 NA
16788 486714 NA
16789 486714 NA
16790 486714 NA
16791 483884 NA
16792 483884 NA
16793 485009 NA
16794 485009 NA
16795 486785 NA
16796 486785 NA
16797 492398 NA
16798 492398 NA
16799 502558 NA
16800 502558 NA
16801 513601 NA
16802 513601 NA
16803 521061 NA
16804 521061 NA
16805 528977 NA
16807 528977 NA
16808 532522 NA
16809 532522 NA
16810 532522 NA
16811 542161 NA
16812 542161 NA
16813 552853 NA
16814 552853 NA
16815 552853 NA
16816 556846 NA
16817 556846 NA
16818 563576 NA
16820 578153 NA
16821 578153 NA
16822 600916 NA
16823 600916 NA
16824 600916 NA
16825 610442 NA
16826 610442 NA
16827 603204 NA
16828 603204 NA
16829 588232 NA
16830 588232 NA
16831 571238 NA
16832 571238 NA
16833 571238 NA
16834 547880 NA
16835 547880 NA
16836 520612 NA
16837 520612 NA
16838 496914 NA
16839 496914 NA
16840 476444 NA
16841 476444 NA
16842 464328 NA
16843 464328 NA
16844 448542 NA
16845 448542 NA
16847 435647 NA
16849 424642 NA
16850 424642 NA
16851 415735 NA
16852 415735 NA
16853 415735 NA
16854 412113 NA
16855 405825 NA
16856 405825 NA
16857 405825 NA
16858 403202 NA
16859 403667 NA
16860 403667 NA
16861 404891 NA
16862 404891 NA
16863 402997 NA
16864 402997 NA
16865 396798 NA
16866 396798 NA
16867 396798 NA
16869 397718 NA
16870 397718 NA
16871 394740 NA
16872 394740 NA
16873 390185 NA
16874 390185 NA
16875 386863 NA
16876 386863 NA
16878 381114 NA
16879 381114 NA
16880 381114 NA
16881 376331 NA
16882 376331 NA
16883 366677 NA
16884 366677 NA
16885 353781 NA
16886 353781 NA
16887 338237 NA
16888 338237 NA
16889 338237 NA
16890 321454 NA
16891 321454 NA
16892 307021 NA
16893 307021 NA
16894 307021 NA
16895 292863 NA
16896 292863 NA
16897 282872 NA
16898 282872 NA
16899 282872 NA
16900 273995 NA
16901 273995 NA
16902 266243 NA
16903 266243 NA
16904 263235 NA
16905 263235 NA
16906 263235 NA
16907 262825 NA
16908 262825 NA
16909 258604 NA
16910 258604 NA
16911 259407 NA
16912 259407 NA
16913 259407 NA
16914 261292 NA
16915 261292 NA
16916 261292 NA
16917 265090 NA
16918 265090 NA
16919 265815 NA
16920 265815 NA
16921 265815 NA
16922 267990 NA
16923 267990 NA
16924 267990 NA
16925 275993 NA
16926 275993 NA
16927 288347 NA
16928 288347 NA
16929 288347 NA
16930 299378 NA
16931 299378 NA
16932 299378 NA
16933 309759 NA
16934 309759 NA
16935 309759 NA
16937 313662 NA
16938 319284 NA
16939 319284 NA
16940 319284 NA
16941 325356 NA
16942 325356 NA
16943 330727 NA
16944 330727 NA
16945 339037 NA
16946 339037 NA
16949 345420 NA
16950 348670 NA
16951 348670 NA
16952 348670 NA
16953 351611 NA
16954 351611 NA
16955 351611 NA
16956 358179 NA
16957 358179 NA
16958 358179 NA
16959 362082 NA
16960 362082 NA
16966 375979 NA
16968 375979 NA
16969 381951 NA
16970 381951 NA
16971 381951 NA
16972 388483 NA
16974 388483 NA
16975 395011 NA
16976 395011 NA
16977 395011 NA
16978 402188 NA
16979 402188 NA
16980 402188 NA
16981 410829 NA
16982 410829 NA
16984 413988 NA
16985 413988 NA
16986 413988 NA
16987 415089 NA
16988 415089 NA
16989 415089 NA
16990 419076 NA
16991 419076 NA
16992 419076 NA
16993 417937 NA
16994 417937 NA
16999 421606 NA
17000 421606 NA
17001 421606 NA
17006 413536 NA
17007 413536 NA
17014 414914 NA
17015 414914 NA
17016 402976 NA
17017 402976 NA
17018 402976 NA
17019 393628 NA
17020 393628 NA
17021 393628 NA
17022 393628 NA
17023 388836 NA
17024 388836 NA
17025 388836 NA
17026 389460 NA
17027 389460 NA
17028 389460 NA
17029 389460 NA
17031 383932 NA
17032 383932 NA
17033 383932 NA
17034 382789 NA
17035 382789 NA
17036 382789 NA
17037 378220 NA
17038 378220 NA
17039 378220 NA
17040 378220 NA
17042 365965 NA
17044 365965 NA
17045 357408 NA
17046 357408 NA
17047 357408 NA
17048 357408 NA
17049 352125 NA
17050 352125 NA
17051 352125 NA
17052 339992 NA
17053 339992 NA
17054 339992 NA
17055 339992 NA
17056 324897 NA
17057 324897 NA
17058 324897 NA
17059 321332 NA
17060 321332 NA
17061 321332 NA
17062 321332 NA
17063 313005 NA
17064 313005 NA
17069 294626 NA
17070 294626 NA
17071 285618 NA
17072 285618 NA
17073 285618 NA
17075 281976 NA
17076 278942 NA
17077 278942 NA
17078 278942 NA
17079 280270 NA
17080 280270 NA
17081 280270 NA
17083 277088 NA
17084 277088 NA
17085 277088 NA
17086 277088 NA
17087 278777 NA
17088 278777 NA
17089 278777 NA
17091 289473 NA
17092 289473 NA
17093 297825 NA
17094 297825 NA
17095 297825 NA
17096 297825 NA
17097 301269 NA
17098 301269 NA
17099 301269 NA
17100 301269 NA
17101 304136 NA
17102 304136 NA
17103 304136 NA
17104 304136 NA
17105 300045 NA
17106 300045 NA
17107 300045 NA
17108 300045 NA
17109 291654 NA
17110 291654 NA
17111 291654 NA
17112 291654 NA
17113 283513 NA
17114 283513 NA
17115 283513 NA
17117 277834 NA
17118 277834 NA
17119 277834 NA
17123 271043 NA
17124 271043 NA
17125 264641 NA
17126 264641 NA
17127 264641 NA
17129 258202 NA
17130 258202 NA
17131 258202 NA
17132 253154 NA
17133 253154 NA
17134 253154 NA
17135 253154 NA
17136 248323 NA
17138 248323 NA
17139 243346 NA
17140 243346 NA
17141 243346 NA
17142 239416 NA
17143 239416 NA
17144 239416 NA
17145 237641 NA
17146 237641 NA
17147 237641 NA
17148 236089 NA
17149 236089 NA
