"Index" "Price" "Volume"
14019 3458 NA
14020 3459 NA
14021 3531 NA
14022 3531 NA
14023 3598 NA
14024 3598 NA
14025 3689 NA
14026 3689 NA
14027 3918 NA
14028 3918 NA
14029 4271 NA
14030 4271 NA
14031 4469 NA
14032 4690 NA
14033 4877 NA
14034 5014 NA
14035 5135 NA
14036 5213 NA
14037 5034 NA
14038 4782 NA
14039 4316 NA
14040 4316 NA
14041 4100 NA
14042 3927 NA
14043 3892 NA
14044 3950 NA
14045 3850 NA
14046 3850 NA
14047 3828 NA
14048 3817 NA
14049 3559 NA
14050 3406 NA
14051 3406 NA
14052 3314 NA
14053 3487 NA
14054 3487 NA
14055 3655 NA
14056 3789 NA
14057 3848 NA
14058 3790 NA
14059 3704 NA
14060 3591 NA
14061 3440 NA
14062 3242 NA
14063 3242 NA
14064 3164 NA
14065 3191 NA
14066 3313 NA
14067 3365 NA
14068 3333 NA
14069 3301 NA
14070 3301 NA
14071 3351 NA
14072 3311 NA
14073 3184 NA
14074 2898 NA
14075 2898 NA
14076 2833 NA
14077 2895 NA
14078 3001 NA
14079 3060 NA
14080 3025 NA
14081 2964 NA
14082 2972 NA
14083 2945 NA
14084 2852 NA
14085 2691 NA
14086 2691 NA
14087 2638 NA
14088 2728 NA
14089 2818 NA
14090 2818 NA
14091 3000 NA
14092 3000 NA
14093 3049 NA
14094 3011 NA
14095 2729 NA
14096 2717 NA
14097 2717 NA
14098 2755 NA
14099 2808 NA
14100 2820 NA
14101 2769 NA
14102 2700 NA
14103 2677 NA
14104 2640 NA
14105 2655 NA
14106 2709 NA
14107 2767 NA
14108 2822 NA
14109 2822 NA
14110 2785 NA
14111 2752 NA
14112 2752 NA
14113 2725 NA
14114 2612 NA
14115 2612 NA
14116 2630 NA
14117 2661 NA
14118 2666 NA
14119 2664 NA
14120 2651 NA
14121 2606 NA
14122 2600 NA
14123 2600 NA
14124 2581 NA
14125 2510 NA
14126 2376 NA
14127 2286 NA
14128 2286 NA
14129 2213 NA
14130 2251 NA
14131 2251 NA
14132 2349 NA
14133 2396 NA
14134 2342 NA
14135 2304 NA
14136 2370 NA
14137 2410 NA
14138 2410 NA
14139 2426 NA
14140 2479 NA
14141 2511 NA
14142 2539 NA
14143 2539 NA
14144 2555 NA
14145 2591 NA
14146 2562 NA
14147 2530 NA
14148 2458 NA
14149 2334 NA
14150 2334 NA
14151 2395 NA
14152 2446 NA
14153 2483 NA
14154 2409 NA
14155 2413 NA
14156 2447 NA
14157 2447 NA
14158 2573 NA
14159 2620 NA
14160 2657 NA
14161 2657 NA
14162 2607 NA
14163 2555 NA
14164 2440 NA
14165 2440 NA
14166 2434 NA
14167 2480 NA
14168 2548 NA
14169 2614 NA
14170 2698 NA
14171 2635 NA
14172 2635 NA
14173 2588 NA
14174 2548 NA
14175 2627 NA
14176 2627 NA
14177 2616 NA
14178 2616 NA
14179 2568 NA
14180 2531 NA
14181 2525 NA
14182 2545 NA
14183 2541 NA
14184 2534 NA
14185 2522 NA
14186 2472 NA
14187 2460 NA
14188 2460 NA
14189 2466 NA
14190 2481 NA
14191 2501 NA
14192 2514 NA
14193 2539 NA
14194 2527 NA
14195 2534 NA
14196 2502 NA
14197 2523 NA
14198 2551 NA
14199 2584 NA
14200 2603 NA
14201 2652 NA
14202 2652 NA
14203 2677 NA
14204 2568 NA
14205 2568 NA
14206 2592 NA
14207 2735 NA
14208 2783 NA
14209 2783 NA
14210 2819 NA
14211 2797 NA
14212 2797 NA
14213 2855 NA
14214 2940 NA
14215 3058 NA
14216 3058 NA
14217 2992 NA
14218 3015 NA
14219 3048 NA
14220 3088 NA
14221 3147 NA
14222 3147 NA
14223 3083 NA
14224 3033 NA
14225 3078 NA
14226 3098 NA
14227 3122 NA
14228 3063 NA
14229 3062 NA
14230 3024 NA
14231 3023 NA
14232 3099 NA
14233 3099 NA
14234 2998 NA
14235 2927 NA
14236 2916 NA
14237 2915 NA
14238 2915 NA
14239 3025 NA
14240 3025 NA
14241 3294 NA
14242 3449 NA
14243 3618 NA
14244 3569 NA
14245 3569 NA
14246 3400 NA
14247 3236 NA
14248 3083 NA
14249 2989 NA
14250 3061 NA
14251 3107 NA
14252 3166 NA
14253 3135 NA
14254 2951 NA
14255 2951 NA
14256 2943 NA
14257 2980 NA
14258 2980 NA
14259 2956 NA
14260 2978 NA
14261 2971 NA
14262 3125 NA
14263 3125 NA
14264 3267 NA
14265 3161 NA
14266 3161 NA
14267 3099 NA
14268 3099 NA
14269 3226 NA
14270 3226 NA
14271 3269 NA
14272 3413 NA
14273 3413 NA
14274 3625 NA
14275 3793 NA
14276 3911 NA
14277 3911 NA
14278 3912 NA
14279 3842 NA
14280 3578 NA
14281 3550 NA
14282 3615 NA
14283 3615 NA
14284 3626 NA
14285 3404 NA
14286 3404 NA
14287 3319 NA
14288 3282 NA
14289 3310 NA
14290 3403 NA
14291 3529 NA
14292 3688 NA
14293 3688 NA
14294 3701 NA
14295 3701 NA
14296 3834 NA
14297 3834 NA
14298 3814 NA
14299 3802 NA
14300 3751 NA
14301 3595 NA
14302 3476 NA
14303 3573 NA
14304 3683 NA
14305 3709 NA
14306 3745 NA
14307 3883 NA
14308 3883 NA
14309 4057 NA
14310 4242 NA
14311 4550 NA
14312 4707 NA
14313 4936 NA
14314 4936 NA
14315 5129 NA
14316 5617 NA
14317 5617 NA
14318 5878 NA
14319 6171 NA
14320 6450 NA
14321 6559 NA
14322 6316 NA
14323 6000 NA
14324 5701 NA
14325 5419 NA
14326 5160 NA
14327 5017 NA
14328 4785 NA
14329 4626 NA
14330 4600 NA
14331 4600 NA
14332 4817 NA
14333 5044 NA
14334 5238 NA
14335 5274 NA
14336 5301 NA
14337 5301 NA
14338 5228 NA
14339 5317 NA
14340 5317 NA
14341 5513 NA
14342 5754 NA
14343 5934 NA
14344 6203 NA
14345 6486 NA
14346 6436 NA
14347 6267 NA
14348 6267 NA
14349 5963 NA
14350 5819 NA
14351 5819 NA
14352 6076 NA
14353 6579 NA
14354 6579 NA
14355 6389 NA
14356 6193 NA
14357 6147 NA
14358 6420 NA
14359 6666 NA
14360 6844 NA
14361 6726 NA
14362 6626 NA
14363 6666 NA
14364 6852 NA
14365 6852 NA
14366 7177 NA
14367 7605 NA
14368 7605 NA
14369 7516 NA
14370 7576 NA
14371 7694 NA
14372 7993 NA
14373 7993 NA
14374 8000 NA
14375 7783 NA
14376 7494 NA
14377 7095 NA
14378 7042 NA
14379 6929 NA
14380 6929 NA
14381 7058 NA
14382 7239 NA
14383 7360 NA
14384 7560 NA
14385 7613 NA
14386 7556 NA
14387 7591 NA
14388 7748 NA
14389 7862 NA
14390 7714 NA
14391 7714 NA
14392 7522 NA
14393 7522 NA
14394 7668 NA
14395 7859 NA
14396 7818 NA
14397 7763 NA
14398 7763 NA
14399 7845 NA
14400 7687 NA
14401 7687 NA
14402 7419 NA
14403 7373 NA
14404 7338 NA
14405 7623 NA
14406 7596 NA
14407 7576 NA
14408 7576 NA
14409 7581 NA
14410 7693 NA
14411 7765 NA
14412 7539 NA
14413 7330 NA
14414 7330 NA
14415 7326 NA
14416 7394 NA
14417 7321 NA
14418 7123 NA
14419 6954 NA
14420 6954 NA
14421 6954 NA
14422 6855 NA
14423 6402 NA
14424 6402 NA
14425 6339 NA
14426 6104 NA
14427 5921 NA
14428 5216 NA
14429 5292 NA
14430 5292 NA
14431 5554 NA
14432 6070 NA
14433 6364 NA
14434 6364 NA
14435 6673 NA
14436 6235 NA
14437 6235 NA
14438 5801 NA
14439 5836 NA
14440 5822 NA
14441 6075 NA
14442 6254 NA
14443 6063 NA
14444 6409 NA
14445 6409 NA
14446 6651 NA
14447 7236 NA
14448 7236 NA
14449 6675 NA
14450 6350 NA
14451 6276 NA
14452 6584 NA
14453 6584 NA
14454 6662 NA
14455 6662 NA
14456 6821 NA
14457 6934 NA
14458 6884 NA
14459 6971 NA
14460 7068 NA
14461 7139 NA
14462 7210 NA
14463 7494 NA
14464 7370 NA
14465 7492 NA
14466 7530 NA
14467 7753 NA
14468 7988 NA
14469 8320 NA
14470 8583 NA
14471 8848 NA
14472 9397 NA
14473 9397 NA
14474 9958 NA
14475 10200 NA
14476 10200 NA
14477 9979 NA
14478 9979 NA
14479 9497 NA
14480 9025 NA
14481 8151 NA
14482 8151 NA
14483 7595 NA
14484 7595 NA
14485 7941 NA
14486 8318 NA
14487 8678 NA
14488 8537 NA
14489 8139 NA
14490 8132 NA
14491 7970 NA
14492 8013 NA
14493 8102 NA
14494 8364 NA
14495 8364 NA
14496 8343 NA
14497 8190 NA
14498 8078 NA
14499 8121 NA
14500 8007 NA
14501 7942 NA
14502 8028 NA
14503 7818 NA
14504 7781 NA
14505 7781 NA
14506 7782 NA
14507 7932 NA
14508 8323 NA
14509 8271 NA
14510 8107 NA
14511 8138 NA
14512 8220 NA
14513 8220 NA
14514 8362 NA
14515 8114 NA
14516 8114 NA
14517 8102 NA
14518 8102 NA
14519 7972 NA
14520 7972 NA
14521 8210 NA
14522 8237 NA
14523 8237 NA
14524 8070 NA
14525 7918 NA
14526 8118 NA
14527 8124 NA
14528 8242 NA
14529 8242 NA
14530 8561 NA
14531 8561 NA
14532 8203 NA
14533 8244 NA
14534 8244 NA
14535 8151 NA
14536 8463 NA
14537 8228 NA
14538 8738 NA
14539 8738 NA
14540 8860 NA
14541 8602 NA
14542 9122 NA
14543 9174 NA
14544 9174 NA
14545 8900 NA
14546 8900 NA
14547 8523 NA
14548 8575 NA
14549 8655 NA
14550 8961 NA
14551 9180 NA
14552 9111 NA
14553 9138 NA
14554 9138 NA
14555 9475 NA
14556 9475 NA
14557 9616 NA
14558 9706 NA
14559 9615 NA
14560 9615 NA
14561 9846 NA
14562 9843 NA
14563 9950 NA
14564 10000 NA
14565 10100 NA
14566 10200 NA
14567 10200 NA
14568 10300 NA
14569 10400 NA
14570 10500 NA
14571 10500 NA
14572 10400 NA
14573 10900 NA
14574 11500 NA
14575 11900 NA
14576 12200 NA
14577 12800 NA
14578 13900 NA
14579 13900 NA
14580 14600 NA
14581 15200 NA
14582 14600 NA
14583 14600 NA
14584 13800 NA
14585 14000 NA
14586 14000 NA
14587 14100 NA
14588 14700 NA
14589 14700 NA
14590 14400 NA
14591 14300 NA
14592 14500 NA
14593 14600 NA
14594 14300 NA
14595 14200 NA
14596 14200 NA
14597 14500 NA
14598 14400 NA
14599 14200 NA
14600 14200 NA
14601 14500 NA
14602 14400 NA
14603 14400 NA
14604 14700 NA
14605 14600 NA
14606 14600 NA
14607 14800 NA
14608 14800 NA
14609 14400 NA
14610 14300 NA
14611 14500 NA
14612 14800 NA
14613 14400 NA
14614 14400 NA
14615 14400 NA
14616 14800 NA
14617 15300 NA
14618 15200 NA
14619 15300 NA
14620 15300 NA
14621 16000 NA
14622 16000 NA
14623 15600 NA
14624 15600 NA
14625 16000 NA
14626 15900 NA
14627 15900 NA
14628 16000 NA
14629 16000 NA
14630 15900 NA
14631 16100 NA
14632 16100 NA
14633 16000 NA
14634 16000 NA
14635 16000 NA
14636 15700 NA
14637 15900 NA
14638 16000 NA
14639 16000 NA
14640 16000 NA
14641 15900 NA
14642 15900 NA
14643 15400 NA
14644 15400 NA
14645 15500 NA
14646 15300 NA
14647 15100 NA
14648 15100 NA
14649 15100 NA
14650 14900 NA
14651 14800 NA
14652 14700 NA
14653 14700 NA
14654 14600 NA
14655 14500 NA
14656 14500 NA
14657 14500 NA
14658 14500 NA
14659 14600 NA
14660 14600 NA
14661 14500 NA
14662 14600 NA
14663 14600 NA
14664 14200 NA
14665 13700 NA
14666 13100 NA
14667 13100 NA
14668 12600 NA
14669 12800 NA
14670 13300 NA
14671 13500 NA
14672 12300 NA
14673 12300 NA
14674 12400 NA
14675 12200 NA
14676 12500 NA
14677 12600 NA
14678 12700 NA
14679 12900 NA
14680 13100 NA
14681 12400 NA
14682 13000 NA
14683 13500 NA
14684 13500 NA
14685 14200 NA
14686 14900 NA
14687 15600 NA
14688 16400 NA
14689 17200 NA
14690 19000 NA
14691 19700 NA
14692 19700 NA
14693 18200 NA
14694 17300 NA
14695 17300 NA
14696 17400 NA
14697 18300 NA
14698 19200 NA
14699 18800 NA
14700 18800 NA
14701 19400 NA
14702 19300 NA
14703 19200 NA
14704 19200 NA
14705 19000 NA
14706 19000 NA
14707 19300 NA
14708 20800 NA
14709 20800 NA
14710 21700 NA
14711 22500 NA
14712 20600 NA
14713 20600 NA
14714 19600 NA
14715 17700 NA
14716 17700 NA
14717 16000 NA
14718 15200 NA
14719 15200 NA
14720 13800 NA
14721 13800 NA
14722 14700 NA
14723 14700 NA
14724 15100 NA
14725 14800 NA
14726 14100 NA
14727 13100 NA
14728 13100 NA
14729 12700 NA
14730 12200 NA
14731 12100 NA
14732 12700 NA
14733 12700 NA
14734 13600 NA
14735 13600 NA
14736 12800 NA
14737 12800 NA
14738 11600 NA
14739 11600 NA
14740 11100 NA
14741 10500 NA
14742 10300 NA
14743 10600 NA
14744 11000 NA
14745 10800 NA
14746 10500 NA
14747 10400 NA
14748 10200 NA
14749 10200 NA
14750 10300 NA
14751 10100 NA
14752 10100 NA
14753 10400 NA
14754 10900 NA
14755 10800 NA
14756 10800 NA
14757 10400 NA
14758 9827 NA
14759 9721 NA
14760 9764 NA
14761 9820 NA
14762 9939 NA
14763 9939 NA
14764 10100 NA
14765 10100 NA
14766 10000 NA
14767 9729 NA
14768 9655 NA
14769 9768 NA
14770 9932 NA
14771 9636 NA
14772 9636 NA
14773 9737 NA
14774 9779 NA
14775 9559 NA
14776 9312 NA
14777 9312 NA
14778 9152 NA
14779 9152 NA
14780 8814 NA
14781 8603 NA
14782 8443 NA
14783 8443 NA
14784 8733 NA
14785 8733 NA
14786 8956 NA
14787 8775 NA
14788 8504 NA
14789 8669 NA
14790 8454 NA
14791 8454 NA
14792 8187 NA
14793 8346 NA
14794 8463 NA
14795 8384 NA
14796 8384 NA
14797 8461 NA
14798 8505 NA
14799 8384 NA
14800 8384 NA
14801 8267 NA
14802 8263 NA
14803 8405 NA
14804 8405 NA
14805 7989 NA
14806 7989 NA
14807 7930 NA
14808 8131 NA
14809 7969 NA
14810 7932 NA
14811 7932 NA
14812 7223 NA
14816 6570 NA
14817 6767 NA
14818 6980 NA
14819 7089 NA
14820 7089 NA
14821 6992 NA
14822 6838 NA
14823 6977 NA
14824 6977 NA
14825 7045 NA
14826 6999 NA
14827 6812 NA
14828 6557 NA
14829 6357 NA
14830 6135 NA
14831 5989 NA
14832 6192 NA
14833 6192 NA
14834 6413 NA
14835 6335 NA
14836 6589 NA
14837 7264 NA
14838 7600 NA
14839 7600 NA
14840 8333 NA
14841 8333 NA
14842 8654 NA
14843 8586 NA
14844 8318 NA
14845 8035 NA
14846 7944 NA
14847 7364 NA
14848 7098 NA
14849 7098 NA
14850 6886 NA
14851 7142 NA
14852 7271 NA
14853 7271 NA
14854 7436 NA
14855 7520 NA
14856 7187 NA
14857 6491 NA
14858 6491 NA
14859 6333 NA
14860 6333 NA
14861 6554 NA
14862 6846 NA
14863 6680 NA
14864 6820 NA
14865 7015 NA
14866 7016 NA
14867 7016 NA
14868 6696 NA
14869 6615 NA
14870 6820 NA
14871 6820 NA
14872 6750 NA
14873 6750 NA
14874 6885 NA
14875 6885 NA
14876 6772 NA
14877 6779 NA
14878 6684 NA
14879 6815 NA
14880 6887 NA
14881 6887 NA
14882 7019 NA
14883 7019 NA
14884 6949 NA
14885 6738 NA
14886 6594 NA
14887 6689 NA
14888 6770 NA
14889 6768 NA
14890 6790 NA
14891 6790 NA
14892 6796 NA
14893 6880 NA
14894 6880 NA
14895 6848 NA
14896 6784 NA
14897 6746 NA
14898 6746 NA
14899 6717 NA
14900 6671 NA
14901 6518 NA
14902 6518 NA
14903 6506 NA
14904 6506 NA
14905 6517 NA
14906 6459 NA
14907 6611 NA
14908 6611 NA
14909 6667 NA
14910 6687 NA
14911 6672 NA
14912 6510 NA
14913 6378 NA
14914 6447 NA
14915 6447 NA
14916 6511 NA
14917 6563 NA
14918 6600 NA
14920 6463 NA
14921 6724 NA
14922 6519 NA
14923 6519 NA
14924 6511 NA
14925 6427 NA
14926 6491 NA
14927 6555 NA
14928 6420 NA
14929 6420 NA
14930 6310 NA
14931 6310 NA
14932 6306 NA
14933 6421 NA
14934 6241 NA
14935 6241 NA
14936 6200 NA
14937 6214 NA
14938 6099 NA
14939 6049 NA
14940 6038 NA
14941 6180 NA
14942 6180 NA
14943 6116 NA
14944 6243 NA
14945 6152 NA
14946 6152 NA
14947 6243 NA
14948 6089 NA
14949 5995 NA
14950 5995 NA
14951 6049 NA
14952 5920 NA
14953 5920 NA
14954 6118 NA
14955 6108 NA
14956 6071 NA
14957 6053 NA
14958 5878 NA
14959 5746 NA
14960 5995 NA
14961 5995 NA
14962 6009 NA
14963 6009 NA
14964 5902 NA
14965 5895 NA
14966 5910 NA
14967 5924 NA
14968 5924 NA
14969 5861 NA
14970 5580 NA
14971 5476 NA
14972 5556 NA
14973 5536 NA
14974 5660 NA
14975 5660 NA
14976 5575 NA
14977 5820 NA
14979 6246 NA
14981 6461 NA
14983 6657 NA
14984 6720 NA
14985 6432 NA
14986 6494 NA
14987 6741 NA
14988 6965 NA
14989 7236 NA
14991 7270 NA
14992 6994 NA
14993 6645 NA
14995 6388 NA
14996 6800 NA
14998 6984 NA
15000 7148 NA
15001 7246 NA
15002 7052 NA
15003 6836 NA
15005 6871 NA
15007 6728 NA
15008 6111 NA
15009 5904 NA
15011 5883 NA
15013 5893 NA
15014 5893 NA
15016 6108 NA
15018 6270 NA
15019 6346 NA
15020 6712 NA
15021 6712 NA
15022 6775 NA
15023 6896 NA
15025 7050 NA
15026 7166 NA
15029 7375 NA
15031 7578 NA
15032 7914 NA
15033 8564 NA
15035 8486 NA
15036 8555 NA
15037 8555 NA
15038 8657 NA
15039 8945 NA
15041 9468 NA
15042 9534 NA
15044 9912 NA
15046 9031 NA
15047 8579 NA
15048 8169 NA
15049 8169 NA
15050 8053 NA
15052 7943 NA
15054 7938 NA
15055 8241 NA
15058 8264 NA
15059 8050 NA
15060 8221 NA
15061 8301 NA
15063 8598 NA
15064 8921 NA
15066 8854 NA
15067 8823 NA
15068 8908 NA
15070 8962 NA
15072 8867 NA
15073 8566 NA
15075 8704 NA
15076 8613 NA
15078 8500 NA
15080 8495 NA
15081 8555 NA
15082 8497 NA
15084 8629 NA
15085 8338 NA
15086 8294 NA
15088 8512 NA
15089 8711 NA
15090 8830 NA
15093 8902 NA
15095 9029 NA
15096 9025 NA
15098 8916 NA
15100 9134 NA
15102 9040 NA
15103 8939 NA
15105 9013 NA
15106 9062 NA
15107 9110 NA
15108 8978 NA
15109 9073 NA
15111 9108 NA
15112 9096 NA
15114 8887 NA
15116 8991 NA
15117 9067 NA
15119 8879 NA
15120 8794 NA
15121 8909 NA
15122 8992 NA
15123 9054 NA
15124 9064 NA
15125 9187 NA
15126 9209 NA
15128 9313 NA
15130 9037 NA
15131 9053 NA
15132 9096 NA
15133 9114 NA
15134 8995 NA
15136 9010 NA
15137 9089 NA
15138 9067 NA
15139 9028 NA
15142 8950 NA
15143 8989 NA
15144 8776 NA
15145 8869 NA
15146 9053 NA
15147 9105 NA
15149 9151 NA
15150 9125 NA
15151 8935 NA
15154 8888 NA
15156 8854 NA
15157 8885 NA
15158 8816 NA
15159 8872 NA
15161 8738 NA
15163 8383 NA
15164 8187 NA
15165 8194 NA
15166 8260 NA
15168 7815 NA
15170 7721 NA
15172 7850 NA
15173 7947 NA
15175 7704 NA
15177 7506 NA
15178 7449 NA
15179 7482 NA
15182 7419 NA
15184 7311 NA
15185 7316 NA
15186 7379 NA
15187 7402 NA
15188 7444 NA
15191 7393 NA
15193 7447 NA
15194 7435 NA
15197 7611 NA
15198 7510 NA
15204 7343 NA
15207 7377 NA
15208 7378 NA
15209 7086 NA
15212 7032 NA
15214 6799 NA
15215 6853 NA
15216 6907 NA
15217 6949 NA
15219 7004 NA
15220 6990 NA
15221 6980 NA
15222 7009 NA
15224 6556 NA
15226 6346 NA
15227 6252 NA
15228 5939 NA
15229 5642 NA
15231 5582 NA
15232 5683 NA
15233 5821 NA
15235 5727 NA
15238 5831 NA
15240 5639 NA
15241 5226 NA
15242 5033 NA
15244 5153 NA
15247 5539 NA
15248 5614 NA
15249 5614 NA
15250 5733 NA
15252 5829 NA
15254 5669 NA
15256 5716 NA
15257 5653 NA
15258 5516 NA
15259 5423 NA
15261 5572 NA
15263 5809 NA
15264 5906 NA
15266 5881 NA
15268 5659 NA
15269 5648 NA
15270 5730 NA
15271 5565 NA
15273 5645 NA
15275 5500 NA
15277 5452 NA
15278 5620 NA
15280 6050 NA
15281 6218 NA
15282 6249 NA
15283 6251 NA
15284 6300 NA
15285 6342 NA
15286 6470 NA
15287 6463 NA
15289 6743 NA
15291 7252 NA
15294 7343 NA
15295 7551 NA
15297 8000 NA
15298 8315 NA
15302 9220 NA
15303 9220 NA
15304 9516 NA
15306 9659 NA
15307 9747 NA
15308 9746 NA
15310 9970 NA
15312 10100 NA
15313 10096 NA
15314 10078 NA
15315 9887 NA
15316 9994 NA
15317 10145 NA
15318 10414 NA
15319 10624 NA
15320 10962 NA
15321 11442 NA
15322 11843 NA
15323 12387 NA
15324 12800 NA
15325 13177 NA
15326 12987 NA
15327 12720 NA
15328 12614 NA
15329 12743 NA
15330 12924 NA
15331 13327 NA
15332 13619 NA
15333 13742 NA
15334 13686 NA
15335 13670 NA
15336 13424 NA
15337 13070 NA
15338 12899 NA
15339 12926 NA
15340 12707 NA
15341 12394 NA
15342 12556 NA
15343 12618 NA
15344 12635 NA
15345 12707 NA
15346 12981 NA
15347 12987 NA
15348 13011 NA
15349 13048 NA
15350 13222 NA
15351 13346 NA
15352 13468 NA
15353 13702 NA
15354 13687 NA
15355 13716 NA
15356 13735 NA
15357 13807 NA
15358 13609 NA
15359 13440 NA
15360 13533 NA
15361 13714 NA
15362 13802 NA
15363 13831 NA
15364 13831 NA
15365 13593 NA
15366 13458 NA
15367 13498 NA
15368 13493 NA
15369 13641 NA
15370 13768 NA
15371 13839 NA
15372 13918 NA
15373 13980 NA
15374 14192 NA
15375 14472 NA
15376 14589 NA
15377 14602 NA
15378 14865 NA
15379 14627 NA
15380 14657 NA
15381 14609 NA
15382 14762 NA
15383 14722 NA
15384 14768 NA
15385 14835 NA
15386 14976 NA
15387 15130 NA
15388 15297 NA
15389 14842 NA
15390 15280 NA
15391 15671 NA
15392 15912 NA
15393 16437 NA
15394 16545 NA
15395 16631 NA
15396 16870 NA
15397 17068 NA
15398 17011 NA
15399 16693 NA
15400 16257 NA
15401 15537 NA
15402 14922 NA
15403 14495 NA
15404 14551 NA
15405 14462 NA
15406 14114 NA
15407 13878 NA
15408 14149 NA
15409 14446 NA
15410 14583 NA
15411 14664 NA
15412 14628 NA
15413 14298 NA
15414 13899 NA
15415 13505 NA
15416 12852 NA
15417 12275 NA
15418 12086 NA
15419 11695 NA
15420 11853 NA
15421 12139 NA
15422 12179 NA
15423 12218 NA
15424 12258 NA
15425 12297 NA
15426 12337 NA
15427 11815 NA
15428 11576 NA
15429 11467 NA
15430 11346 NA
15431 11533 NA
15432 11631 NA
15433 11631 NA
15434 11418 NA
15435 11370 NA
15436 11466 NA
15437 11432 NA
15438 11415 NA
15439 11299 NA
15440 11038 NA
15441 10857 NA
15442 10679 NA
15443 10680 NA
15444 10563 NA
15445 10673 NA
15446 10855 NA
15447 10833 NA
15448 10614 NA
15449 10467 NA
15450 9975 NA
15451 9849 NA
15452 9909 NA
15453 9958 NA
15454 10049 NA
15455 9765 NA
15456 9734 NA
15457 9626 NA
15458 9639 NA
15459 9658 NA
15460 9662 NA
15461 9766 NA
15462 9775 NA
15463 9953 NA
15464 9888 NA
15465 9888 NA
15466 9683 NA
15467 9772 NA
15468 10148 NA
15469 10219 NA
15470 10161 NA
15471 10218 NA
15472 10156 NA
15473 10306 NA
15474 10191 NA
15475 9942 NA
15476 9930 NA
15477 9956 NA
15478 9845 NA
15479 9868 NA
15480 9909 NA
15481 10162 NA
15482 10339 NA
15483 10464 NA
15484 10509 NA
15485 10387 NA
15486 9985 NA
15487 9687 NA
15488 9874 NA
15489 10119 NA
15490 10017 NA
15491 9937 NA
15492 9933 NA
15493 9694 NA
15494 9683 NA
15495 9753 NA
15496 9779 NA
15497 9572 NA
15498 9249 NA
15499 9005 NA
15500 8867 NA
15501 8580 NA
15502 8243 NA
15503 7970 NA
15504 7733 NA
15505 7595 NA
15506 7498 NA
15507 7454 NA
15508 7484 NA
15509 7525 NA
15510 7606 NA
15511 7692 NA
15512 7570 NA
15513 7481 NA
15514 7472 NA
15515 7522 NA
15516 7553 NA
15517 7482 NA
15518 7253 NA
15519 6892 NA
15520 6550 NA
15521 6405 NA
15522 6213 NA
15523 6107 NA
15524 6107 NA
15525 6083 NA
15526 6179 NA
15527 6160 NA
15528 5967 NA
15529 5947 NA
15530 5841 NA
15531 5872 NA
15532 5995 NA
15533 6051 NA
15534 6011 NA
15535 5981 NA
15536 5951 NA
15537 5866 NA
15538 5830 NA
15539 5796 NA
15540 5728 NA
15541 5641 NA
15542 5612 NA
15543 5608 NA
15544 5647 NA
15545 5769 NA
15546 5835 NA
15547 5866 NA
15548 5837 NA
15549 5890 NA
15550 5822 NA
15551 5691 NA
15552 5715 NA
15553 5740 NA
15554 5683 NA
15555 5670 NA
15556 5660 NA
15557 5820 NA
15558 5766 NA
15559 5748 NA
15560 5832 NA
15561 5922 NA
15562 6005 NA
15563 6013 NA
15564 6007 NA
15565 5923 NA
15566 5997 NA
15567 6051 NA
15568 6081 NA
15569 6060 NA
15570 5885 NA
15571 5943 NA
15572 5962 NA
15573 5977 NA
15574 5899 NA
15575 5902 NA
15576 5944 NA
15577 5920 NA
15578 5936 NA
15579 6016 NA
15580 6050 NA
15581 6047 NA
15582 6018 NA
15583 6043 NA
15584 5987 NA
15585 6020 NA
15586 6095 NA
15587 6141 NA
15588 6235 NA
15589 6248 NA
15590 6313 NA
15591 6441 NA
15592 6522 NA
15593 6642 NA
15594 6767 NA
15595 6787 NA
15596 6586 NA
15597 6302 NA
15598 6096 NA
15599 6144 NA
15600 6234 NA
15601 6326 NA
15602 6494 NA
15603 6690 NA
15604 6826 NA
15605 6871 NA
15606 6740 NA
15607 6538 NA
15608 6399 NA
15609 6302 NA
15610 6382 NA
15611 6445 NA
15612 6518 NA
15613 6507 NA
15614 6455 NA
15615 6514 NA
15616 6625 NA
15617 6676 NA
15618 6674 NA
15619 6752 NA
15620 6934 NA
15621 7070 NA
15622 7126 NA
15623 7182 NA
15624 7002 NA
15625 6700 NA
15626 6581 NA
15627 6460 NA
15628 6411 NA
15629 6316 NA
15630 6387 NA
15631 6450 NA
15632 6466 NA
15633 6542 NA
15634 6606 NA
15635 6593 NA
15636 6673 NA
15637 6576 NA
15638 6532 NA
15639 6438 NA
15640 6347 NA
15641 6048 NA
15642 5755 NA
15643 5591 NA
15644 5580 NA
15645 5674 NA
15646 5844 NA
15647 5872 NA
15648 5934 NA
15649 6000 NA
15650 5979 NA
15651 5958 NA
15652 5937 NA
15653 5916 NA
15654 5895 NA
15655 5874 NA
15656 5853 NA
15657 5832 NA
15658 5859 NA
15659 5843 NA
15660 5811 NA
15661 5669 NA
15662 5665 NA
15663 5636 NA
15664 5591 NA
15665 5575 NA
15666 5421 NA
15667 5319 NA
15668 5210 NA
15669 5046 NA
15670 4865 NA
15671 4660 NA
15672 4431 NA
15673 4239 NA
15674 4083 NA
15675 3972 NA
15676 3774 NA
15677 3585 NA
15678 3422 NA
15679 3283 NA
15680 3216 NA
15681 3265 NA
15682 3285 NA
15683 3419 NA
15684 3479 NA
15685 3539 NA
15686 3431 NA
15687 3314 NA
15688 3208 NA
15689 3076 NA
15690 3023 NA
15691 3052 NA
15692 3163 NA
15693 3250 NA
15694 3261 NA
15695 3320 NA
15696 3360 NA
15697 3277 NA
15698 3122 NA
15699 3025 NA
15700 3017 NA
15701 3031 NA
15702 2969 NA
15703 2868 NA
15704 2768 NA
15705 2671 NA
15706 2625 NA
15707 2616 NA
15708 2660 NA
15709 2581 NA
15710 2588 NA
15711 2511 NA
15712 2522 NA
15713 2586 NA
15714 2701 NA
15715 2606 NA
15716 2540 NA
15717 2542 NA
15718 2527 NA
15719 2494 NA
15720 2415 NA
15721 2375 NA
15722 2399 NA
15723 2375 NA
15724 2338 NA
15725 2316 NA
15726 2333 NA
15727 2334 NA
15728 2390 NA
15729 2405 NA
15730 2423 NA
15731 2401 NA
15732 2415 NA
15733 2396 NA
15734 2370 NA
15735 2357 NA
15736 2346 NA
15737 2357 NA
15738 2319 NA
15739 2343 NA
15740 2261 NA
15741 2223 NA
15742 2167 NA
15743 2147 NA
15744 2147 NA
15745 2181 NA
15746 2160 NA
15747 2216 NA
15748 2216 NA
15749 2187 NA
15750 2194 NA
15751 2193 NA
15752 2153 NA
15753 2118 NA
15754 2085 NA
15755 2041 NA
15756 2042 NA
15757 2107 NA
15758 2154 NA
15759 2169 NA
15760 2203 NA
15761 2129 NA
15762 2105 NA
15763 2142 NA
15764 2097 NA
15765 2116 NA
15766 2070 NA
15767 2099 NA
15768 2074 NA
15769 2108 NA
15770 2123 NA
15771 2151 NA
15772 2150 NA
15773 2175 NA
15774 2201 NA
15775 2217 NA
15776 2217 NA
15777 2200 NA
15778 2199 NA
15779 2133 NA
15780 2081 NA
15781 2132 NA
15782 2125 NA
15783 2154 NA
15784 2136 NA
15785 2107 NA
15786 2017 NA
15787 2078 NA
15788 2069 NA
15789 2113 NA
15790 2137 NA
15791 2154 NA
15792 2146 NA
15793 2169 NA
15794 2184 NA
15795 2199 NA
15796 2231 NA
15797 2232 NA
15798 2254 NA
15799 2276 NA
15800 2298 NA
15801 2319 NA
15802 2341 NA
15803 2363 NA
15804 2385 NA
15805 2433 NA
15806 2393 NA
15807 2353 NA
15808 2328 NA
15809 2306 NA
15810 2315 NA
15811 2325 NA
15812 2287 NA
15813 2244 NA
15814 2308 NA
15815 2316 NA
15816 2308 NA
15817 2305 NA
15818 2279 NA
15819 2279 NA
15820 2259 NA
15821 2247 NA
15822 2231 NA
15823 2259 NA
15824 2277 NA
15825 2248 NA
15826 2292 NA
15827 2290 NA
15828 2316 NA
15829 2355 NA
15830 2339 NA
15831 2292 NA
15832 2263 NA
15833 2243 NA
15834 2217 NA
15835 2178 NA
15836 2188 NA
15837 2151 NA
15838 2141 NA
15839 2179 NA
15840 2231 NA
15841 2216 NA
15842 2195 NA
15843 2132 NA
15844 2157 NA
15845 2158 NA
15846 2152 NA
15847 2117 NA
15848 2104 NA
15849 2126 NA
15850 2054 NA
15851 2075 NA
15852 2086 NA
15853 2082 NA
15854 2172 NA
15855 2252 NA
15856 2319 NA
15857 2340 NA
15858 2326 NA
15859 2330 NA
15860 2245 NA
15861 2208 NA
15862 2161 NA
15863 2073 NA
15864 2119 NA
15865 2207 NA
15866 2275 NA
15867 2307 NA
15868 2263 NA
15869 2259 NA
15870 2285 NA
15871 2298 NA
15872 2279 NA
15873 2268 NA
15874 2256 NA
15875 2275 NA
15876 2246 NA
15877 2218 NA
15878 2261 NA
15879 2259 NA
15880 2260 NA
15881 2236 NA
15882 2255 NA
15883 2216 NA
15884 2249 NA
15885 2259 NA
15886 2275 NA
15887 2265 NA
15888 2220 NA
15889 2166 NA
15890 2222 NA
15891 2208 NA
15892 2238 NA
15893 2205 NA
15894 2210 NA
15895 2212 NA
15896 2280 NA
15897 2320 NA
15898 2301 NA
15899 2299 NA
15900 2260 NA
15901 2292 NA
15902 2328 NA
15903 2329 NA
15904 2330 NA
15905 2331 NA
15906 2331 NA
15907 2332 NA
15908 2333 NA
15909 2333 NA
15910 2359 NA
15911 2400 NA
15912 2461 NA
15913 2523 NA
15914 2465 NA
15915 2371 NA
15916 2338 NA
15917 2366 NA
15918 2403 NA
15919 2409 NA
15920 2446 NA
15921 2409 NA
15922 2363 NA
15923 2349 NA
15924 2317 NA
15925 2265 NA
15926 2294 NA
15927 2346 NA
15928 2364 NA
15929 2394 NA
15930 2400 NA
15931 2405 NA
15932 2422 NA
15933 2441 NA
15934 2441 NA
15935 2393 NA
15936 2383 NA
15937 2494 NA
15938 2619 NA
15939 2748 NA
15940 2886 NA
15941 3017 NA
15942 2958 NA
15943 2958 NA
15944 3104 NA
15945 3259 NA
15946 3358 NA
15947 3356 NA
15948 3204 NA
15949 3055 NA
15950 2902 NA
15951 2766 NA
15952 2637 NA
15953 2626 NA
15954 2694 NA
15955 2740 NA
15956 2713 NA
15957 2788 NA
15958 2838 NA
15959 2777 NA
15960 2738 NA
15961 2762 NA
15962 2887 NA
15963 2927 NA
15964 2892 NA
15965 2900 NA
15966 2860 NA
15967 2740 NA
15968 2621 NA
15969 2558 NA
15970 2563 NA
15971 2688 NA
15972 2682 NA
15973 2576 NA
15974 2666 NA
15975 2673 NA
15976 2655 NA
15977 2547 NA
15978 2501 NA
15979 2481 NA
15980 2481 NA
15981 2408 NA
15982 2361 NA
15983 2296 NA
15984 2296 NA
15985 2339 NA
15986 2356 NA
15987 2373 NA
15988 2389 NA
15989 2406 NA
15990 2423 NA
15991 2440 NA
15992 2456 NA
15993 2473 NA
15994 2435 NA
15995 2397 NA
15996 2377 NA
15997 2373 NA
15998 2373 NA
15999 2318 NA
16000 2400 NA
16001 2434 NA
16002 2476 NA
16003 2452 NA
16004 2454 NA
16005 2406 NA
16006 2377 NA
16007 2404 NA
16008 2430 NA
16009 2354 NA
16010 2354 NA
16011 2432 NA
16012 2441 NA
16013 2385 NA
16014 2388 NA
16015 2422 NA
16016 2432 NA
16017 2442 NA
16018 2513 NA
16019 2609 NA
16020 2653 NA
16021 2672 NA
16022 2681 NA
16023 2641 NA
16024 2636 NA
16025 2716 NA
16026 2843 NA
16027 2962 NA
16028 3033 NA
16029 3131 NA
16030 3277 NA
16031 3434 NA
16032 3522 NA
16033 3355 NA
16034 3248 NA
16035 3249 NA
16036 3250 NA
16037 3251 NA
16038 3251 NA
16039 3252 NA
16040 3253 NA
16041 3254 NA
16042 3362 NA
16043 3295 NA
16044 3258 NA
16045 3165 NA
16046 3078 NA
16047 3050 NA
16048 3087 NA
16049 3135 NA
16050 3219 NA
16051 3187 NA
16052 3151 NA
16053 3088 NA
16054 2972 NA
16055 2856 NA
16056 2834 NA
16057 2770 NA
16058 2762 NA
16059 2803 NA
16060 2868 NA
16061 2941 NA
16062 3013 NA
16063 3089 NA
16064 3153 NA
16065 3216 NA
16066 3173 NA
16067 3176 NA
16068 3191 NA
16069 3212 NA
16070 3190 NA
16071 3276 NA
16072 3316 NA
16073 3370 NA
16074 3447 NA
16075 3443 NA
16076 3509 NA
16077 3593 NA
16078 3691 NA
16079 3818 NA
16080 3937 NA
16081 3865 NA
16082 3787 NA
16083 3706 NA
16084 3750 NA
16085 3882 NA
16086 3864 NA
16087 3722 NA
16088 3695 NA
16089 3712 NA
16090 3754 NA
16091 3802 NA
16092 3849 NA
16093 3810 NA
16094 3747 NA
16095 3698 NA
16096 3796 NA
16097 3900 NA
16098 3998 NA
16099 4048 NA
16100 4186 NA
16101 4238 NA
16102 4336 NA
16103 4384 NA
16104 4433 NA
16105 4490 NA
16106 4519 NA
16107 4470 NA
16108 4545 NA
16109 4574 NA
16110 4543 NA
16111 4560 NA
16112 4661 NA
16113 4817 NA
16114 4894 NA
16115 4922 NA
16116 4885 NA
16117 4992 NA
16118 5107 NA
16119 5109 NA
16120 5016 NA
16121 5018 NA
16122 4938 NA
16123 4693 NA
16124 4458 NA
16125 4236 NA
16126 4024 NA
16127 3836 NA
16128 3649 NA
16129 3474 NA
16130 3389 NA
16131 3376 NA
16132 3510 NA
16133 3599 NA
16134 3715 NA
16135 3694 NA
16136 3727 NA
16137 3734 NA
16138 3696 NA
16139 3559 NA
16140 3562 NA
16141 3644 NA
16142 3674 NA
16143 3587 NA
16144 3443 NA
16145 3339 NA
16146 3178 NA
16147 3184 NA
16148 3263 NA
16149 3303 NA
16150 3373 NA
16151 3349 NA
16152 3244 NA
16153 3164 NA
16154 3069 NA
16155 3082 NA
16156 3085 NA
16157 3110 NA
16158 3085 NA
16159 3168 NA
16160 3173 NA
16161 3191 NA
16162 3248 NA
16163 3334 NA
16164 3366 NA
16165 3404 NA
16166 3322 NA
16167 3290 NA
16168 3194 NA
16169 3252 NA
16170 3290 NA
16171 3286 NA
16172 3250 NA
16173 3223 NA
16174 3121 NA
16175 3077 NA
16176 3137 NA
16177 3144 NA
16178 3000 NA
16179 2907 NA
16180 2824 NA
16181 2804 NA
16182 2815 NA
16183 2904 NA
16184 2960 NA
16185 3036 NA
16186 3071 NA
16187 3067 NA
16188 3040 NA
16189 3128 NA
16190 3180 NA
16191 3084 NA
16192 3110 NA
16193 3142 NA
16194 3118 NA
16195 3118 NA
16196 3066 NA
16197 3139 NA
16198 3187 NA
16199 3187 NA
16200 3178 NA
16201 3176 NA
16202 3124 NA
16203 3072 NA
16204 3007 NA
16205 3139 NA
16206 3170 NA
16207 3136 NA
16208 3103 NA
16209 3063 NA
16210 3157 NA
16211 3123 NA
16212 3157 NA
16213 3199 NA
16214 3139 NA
16215 3152 NA
16216 3192 NA
16217 3135 NA
16218 3071 NA
16219 3070 NA
16220 3130 NA
16221 3116 NA
16222 3122 NA
16223 3005 NA
16224 2931 NA
16225 2852 NA
16226 2748 NA
16227 2854 NA
16228 2865 NA
16229 2882 NA
16230 2827 NA
16231 2851 NA
16232 2792 NA
16233 2677 NA
16234 2625 NA
16235 2613 NA
16236 2654 NA
16237 2662 NA
16238 2663 NA
16239 2583 NA
16240 2542 NA
16241 2605 NA
16242 2659 NA
16243 2708 NA
16244 2754 NA
16245 2777 NA
16246 2760 NA
16247 2691 NA
16248 2580 NA
16249 2622 NA
16250 2632 NA
16251 2637 NA
16252 2655 NA
16253 2610 NA
16254 2551 NA
16255 2583 NA
16256 2549 NA
16257 2564 NA
16258 2516 NA
16259 2516 NA
16260 2518 NA
16261 2524 NA
16262 2523 NA
16263 2578 NA
16264 2599 NA
16265 2564 NA
16266 2497 NA
16267 2457 NA
16268 2414 NA
16269 2453 NA
16270 2430 NA
16271 2389 NA
16272 2445 NA
16273 2479 NA
16274 2508 NA
16275 2551 NA
16276 2511 NA
16277 2487 NA
16278 2559 NA
16279 2518 NA
16280 2490 NA
16281 2424 NA
16282 2369 NA
16283 2363 NA
16284 2426 NA
16285 2478 NA
16286 2514 NA
16287 2502 NA
16288 2491 NA
16289 2426 NA
16290 2381 NA
16291 2408 NA
16292 2411 NA
16293 2472 NA
16294 2448 NA
16295 2408 NA
16296 2396 NA
16297 2346 NA
16298 2339 NA
16299 2358 NA
16300 2310 NA
16301 2323 NA
16302 2305 NA
16303 2234 NA
16304 2160 NA
16305 2133 NA
16306 2143 NA
16307 2186 NA
16308 2227 NA
16309 2230 NA
16310 2255 NA
16311 2213 NA
16312 2230 NA
16313 2189 NA
16314 2163 NA
16315 2210 NA
16316 2099 NA
16317 2131 NA
16318 2034 NA
16319 2046 NA
16320 2055 NA
16321 2091 NA
16322 2123 NA
16323 2134 NA
16324 2117 NA
16325 2147 NA
16326 2141 NA
16327 2141 NA
16328 2176 NA
16329 2235 NA
16330 2297 NA
16331 2345 NA
16332 2381 NA
16333 2373 NA
16334 2360 NA
16335 2342 NA
16336 2255 NA
16337 2305 NA
16338 2359 NA
16339 2355 NA
16340 2376 NA
16341 2313 NA
16342 2267 NA
16343 2204 NA
16344 2184 NA
16345 2174 NA
16346 2173 NA
16347 2124 NA
16348 2121 NA
16349 2062 NA
16350 2029 NA
16351 2087 NA
16352 2115 NA
16353 2108 NA
16354 2115 NA
16355 2110 NA
16356 2120 NA
16357 2078 NA
16358 2080 NA
16359 2084 NA
16360 2067 NA
16361 2111 NA
16362 2091 NA
16363 2124 NA
16364 2139 NA
16365 2208 NA
16366 2197 NA
16367 2184 NA
16368 2156 NA
16369 2158 NA
16370 2139 NA
16371 2112 NA
16372 2057 NA
16373 2119 NA
16374 2134 NA
16375 2028 NA
16376 1926 NA
16377 1829 NA
16378 1737 NA
16379 1692 NA
16380 1717 NA
16381 1720 NA
16382 1743 NA
16383 1774 NA
16384 1836 NA
16385 1869 NA
16386 1869 NA
16387 1902 NA
16388 1911 NA
16389 1919 NA
16390 1909 NA
16391 1895 NA
16392 1945 NA
16393 1932 NA
16394 1912 NA
16395 1887 NA
16396 1911 NA
16397 1972 NA
16398 1967 NA
16399 2018 NA
16400 2013 NA
16401 1980 NA
16402 1982 NA
16403 1989 NA
16404 2029 NA
16405 2015 NA
16406 1991 NA
16407 2053 NA
16408 2065 NA
16409 2042 NA
16410 2037 NA
16411 2009 NA
16412 2013 NA
16413 2015 NA
16414 2049 NA
16415 2045 NA
16416 2063 NA
16417 2018 NA
16418 2018 NA
16419 2032 NA
16420 2013 NA
16421 2018 NA
16422 2053 NA
16423 2095 NA
16424 2116 NA
16425 2135 NA
16426 2098 NA
16427 2066 NA
16428 2057 NA
16429 2039 NA
16430 2079 NA
16431 2060 NA
16432 2044 NA
16433 2011 NA
16434 1966 NA
16435 1948 NA
16436 1955 NA
16437 1941 NA
16438 1919 NA
16439 1887 NA
16440 1913 NA
16441 1934 NA
16442 1916 NA
16443 1965 NA
16444 1928 NA
16445 1947 NA
16446 1869 NA
16447 1948 NA
16448 1966 NA
16449 1990 NA
16450 1977 NA
16451 1969 NA
16452 1982 NA
16453 1993 NA
16454 2005 NA
16455 2009 NA
16456 1989 NA
16457 1995 NA
16458 1995 NA
16459 1984 NA
16460 1978 NA
16461 2017 NA
16462 2057 NA
16463 2067 NA
16464 2121 NA
16465 2111 NA
16466 2154 NA
16467 2124 NA
16468 2152 NA
16469 2123 NA
16470 2119 NA
16471 2125 NA
16472 2155 NA
16473 2187 NA
16474 2146 NA
16475 2182 NA
16476 2119 NA
16477 2063 NA
16478 2121 NA
16479 2160 NA
16480 2092 NA
16481 2044 NA
16482 2014 NA
16483 1969 NA
16484 1975 NA
16485 1981 NA
16486 1938 NA
16487 1841 NA
16488 1750 NA
16489 1662 NA
16490 1578 NA
16491 1594 NA
16492 1616 NA
16493 1658 NA
16494 1741 NA
16495 1796 NA
16496 1871 NA
16497 1886 NA
16498 1904 NA
16499 1868 NA
16500 1865 NA
16501 1859 NA
16502 1868 NA
16503 1909 NA
16504 1864 NA
16505 1877 NA
16506 1898 NA
16507 1878 NA
16508 1883 NA
16509 1870 NA
16510 1857 NA
16511 1836 NA
16512 1885 NA
16513 1905 NA
16514 1886 NA
16515 1869 NA
16516 1897 NA
16517 1890 NA
16518 1938 NA
16519 1955 NA
16520 1934 NA
16521 1921 NA
16522 1893 NA
16523 1875 NA
16524 1916 NA
16525 1939 NA
16526 1966 NA
16527 1979 NA
16528 1972 NA
16529 1916 NA
16530 1907 NA
16531 1920 NA
16532 1927 NA
16533 1908 NA
16534 1940 NA
16535 1915 NA
16536 1897 NA
16537 1831 NA
16538 1834 NA
16539 1835 NA
16540 1889 NA
16541 1920 NA
16542 1935 NA
16543 1936 NA
16544 1903 NA
16545 1881 NA
16546 1876 NA
16547 1917 NA
16548 1915 NA
16549 1893 NA
16550 1852 NA
16551 1836 NA
16552 1846 NA
16553 1848 NA
16554 1838 NA
16555 1869 NA
16556 1897 NA
16557 1917 NA
16558 1936 NA
16559 1917 NA
16560 1915 NA
16561 1926 NA
16562 1990 NA
16563 1971 NA
16564 1946 NA
16565 1927 NA
16566 1947 NA
16567 1901 NA
16568 1900 NA
16569 1918 NA
16570 1936 NA
16571 1952 NA
16572 1953 NA
16573 1930 NA
16574 1891 NA
16575 1877 NA
16576 1889 NA
16577 1924 NA
16578 1933 NA
16579 1930 NA
16580 1923 NA
16581 1933 NA
16582 1937 NA
16583 1919 NA
16584 1925 NA
16585 1924 NA
16586 1912 NA
16587 1845 NA
16588 1815 NA
16589 1785 NA
16590 1834 NA
16591 1879 NA
16592 1907 NA
16593 1881 NA
16594 1876 NA
16595 1895 NA
16596 1894 NA
16597 1868 NA
16598 1856 NA
16599 1893 NA
16600 1885 NA
16601 1906 NA
16602 1912 NA
16603 1891 NA
16604 1875 NA
16605 1852 NA
16606 1876 NA
16607 1874 NA
16608 1908 NA
16609 1885 NA
16610 1832 NA
16611 1819 NA
16612 1784 NA
16613 1773 NA
16614 1780 NA
16615 1819 NA
16616 1823 NA
16617 1835 NA
16618 1828 NA
16619 1851 NA
16620 1837 NA
16621 1844 NA
16622 1869 NA
16623 1863 NA
16624 1842 NA
16625 1825 NA
16626 1818 NA
16627 1855 NA
16628 1850 NA
16629 1882 NA
16630 1845 NA
16631 1857 NA
16632 1879 NA
16633 1866 NA
16634 1879 NA
16635 1897 NA
16636 1899 NA
16637 1910 NA
16638 1869 NA
16639 1847 NA
16640 1841 NA
16641 1859 NA
16642 1858 NA
16643 1825 NA
16644 1843 NA
16645 1860 NA
16646 1850 NA
16647 1872 NA
16648 1877 NA
16649 1904 NA
16650 1917 NA
16651 1938 NA
16652 1915 NA
16653 1871 NA
16654 1892 NA
16655 1908 NA
16656 1909 NA
16657 1921 NA
16658 1930 NA
16659 1888 NA
16660 1898 NA
16661 1873 NA
16662 1917 NA
16663 1907 NA
16664 1876 NA
16665 1888 NA
16666 1853 NA
16668 1865 NA
16669 1907 NA
16670 1835 NA
16671 1868 NA
16672 1881 NA
16673 1900 NA
16674 1914 NA
16675 1934 NA
16676 1920 NA
16677 1910 NA
16678 1910 NA
16679 1912 NA
16680 1901 NA
16681 1942 NA
16682 1932 NA
16683 1957 NA
16684 1972 NA
16685 2001 NA
16686 1983 NA
16687 1983 NA
16688 1970 NA
16689 1984 NA
16690 2003 NA
16691 1965 NA
16692 1996 NA
16693 1995 NA
16694 1977 NA
16695 1970 NA
16696 1968 NA
16697 1973 NA
16698 2002 NA
16699 1974 NA
16700 2000 NA
16701 2010 NA
16702 2042 NA
16703 2041 NA
16704 1950 NA
16705 1852 NA
16706 1759 NA
16707 1671 NA
16708 1595 NA
16709 1562 NA
16710 1621 NA
16711 1669 NA
16712 1721 NA
16715 1813 NA
16717 1816 NA
16719 1828 NA
16720 1828 NA
16721 1834 NA
16722 1843 NA
16723 1841 NA
16724 1855 NA
16725 1844 NA
16726 1828 NA
16727 1828 NA
16728 1805 NA
16729 1842 NA
16730 1849 NA
16731 1858 NA
16732 1849 NA
16733 1821 NA
16734 1759 NA
16735 1765 NA
16736 1800 NA
16737 1825 NA
16738 1842 NA
16739 1870 NA
16740 1851 NA
16741 1851 NA
16742 1848 NA
16743 1832 NA
16744 1806 NA
16745 1818 NA
16746 1838 NA
16747 1844 NA
16748 1844 NA
16749 1847 NA
16750 1841 NA
16751 1857 NA
16752 1834 NA
16753 1857 NA
16754 1859 NA
16755 1863 NA
16756 1838 NA
16757 1827 NA
16759 1843 NA
16760 1861 NA
16761 1866 NA
16762 1866 NA
16763 1837 NA
16764 1855 NA
16765 1830 NA
16766 1835 NA
16767 1826 NA
16768 1825 NA
16769 1836 NA
16770 1823 NA
16771 1828 NA
16772 1805 NA
16773 1825 NA
16774 1859 NA
16775 1851 NA
16776 1851 NA
16777 1824 NA
16778 1830 NA
16779 1821 NA
16780 1800 NA
16781 1826 NA
16782 1824 NA
16783 1815 NA
16784 1820 NA
16785 1811 NA
16786 1818 NA
16787 1808 NA
16788 1817 NA
16789 1814 NA
16790 1813 NA
16791 1824 NA
16792 1806 NA
16793 1832 NA
16794 1843 NA
16795 1834 NA
16796 1837 NA
16797 1838 NA
16798 1856 NA
16799 1829 NA
16800 1847 NA
16801 1848 NA
16802 1829 NA
16803 1850 NA
16804 1827 NA
16805 1853 NA
16807 1860 NA
16808 1865 NA
16809 1886 NA
16810 1864 NA
16811 1829 NA
16812 1876 NA
16813 1846 NA
16814 1895 NA
16815 1868 NA
16816 1837 NA
16817 1831 NA
16818 1864 NA
16820 1834 NA
16821 1863 NA
16822 1836 NA
16823 1831 NA
16824 1817 NA
16825 1852 NA
16826 1931 NA
16827 1998 NA
16828 2087 NA
16829 2192 NA
16830 2302 NA
16831 2418 NA
16832 2418 NA
16833 2539 NA
16834 2800 NA
16835 2940 NA
16836 3087 NA
16837 3242 NA
16838 3327 NA
16839 3467 NA
16840 3596 NA
16841 3701 NA
16842 3820 NA
16843 3768 NA
16844 3837 NA
16845 3682 NA
16847 3665 NA
16849 3899 NA
16850 4005 NA
16851 4068 NA
16852 4005 NA
16853 4005 NA
16854 4004 NA
16855 4008 NA
16856 4008 NA
16857 4092 NA
16858 3907 NA
16859 3711 NA
16860 3525 NA
16861 3348 NA
16862 3180 NA
16863 3021 NA
16864 2869 NA
16865 2725 NA
16866 2625 NA
16867 2587 NA
16869 2621 NA
16870 2687 NA
16871 2636 NA
16872 2679 NA
16873 2706 NA
16874 2650 NA
16875 2690 NA
16876 2703 NA
16878 2766 NA
16879 2785 NA
16880 2830 NA
16881 2904 NA
16882 2876 NA
16883 2803 NA
16884 2756 NA
16885 2835 NA
16886 2828 NA
16887 2858 NA
16888 2855 NA
16889 2890 NA
16890 2791 NA
16891 2654 NA
16892 2521 NA
16893 2394 NA
16894 2274 NA
16895 2160 NA
16896 2052 NA
16897 1971 NA
16898 1963 NA
16899 1971 NA
16900 2030 NA
16901 2080 NA
16902 2114 NA
16903 2162 NA
16904 2113 NA
16905 2142 NA
16906 2120 NA
16907 2125 NA
16908 2109 NA
16909 2159 NA
16910 2155 NA
16911 2186 NA
16912 2164 NA
16913 2148 NA
16914 2103 NA
16915 2037 NA
16916 2037 NA
16917 2026 NA
16918 2047 NA
16919 2074 NA
16920 2103 NA
16921 2150 NA
16922 2138 NA
16923 2150 NA
16924 2177 NA
16925 2173 NA
16926 2188 NA
16927 2222 NA
16928 2238 NA
16929 2286 NA
16930 2302 NA
16931 2270 NA
16932 2193 NA
16933 2129 NA
16934 2044 NA
16935 2027 NA
16937 2041 NA
16938 2073 NA
16939 2140 NA
16940 2180 NA
16941 2224 NA
16942 2205 NA
16943 2214 NA
16944 2214 NA
16945 2258 NA
16946 2270 NA
16949 2339 NA
16950 2362 NA
16951 2389 NA
16952 2328 NA
16953 2283 NA
16954 2246 NA
16955 2206 NA
16956 2218 NA
16957 2194 NA
16958 2155 NA
16959 2182 NA
16960 2154 NA
16966 2143 NA
16968 2056 NA
16969 2108 NA
16970 2082 NA
16971 2104 NA
16972 2064 NA
16974 2019 NA
16975 1985 NA
16976 2055 NA
16977 2077 NA
16978 2084 NA
16979 2079 NA
16980 2116 NA
16981 2104 NA
16982 2066 NA
16984 2018 NA
16985 1954 NA
16986 1954 NA
16987 1985 NA
16988 2038 NA
16989 2074 NA
16990 2066 NA
16991 2049 NA
16992 2030 NA
16993 1965 NA
16994 1966 NA
16995 1910 NA
16996 1947 NA
16997 1962 NA
16999 1929 NA
17000 1927 NA
17001 1921 NA
17006 1931 NA
17007 1931 NA
17014 1956 NA
17015 1934 NA
17016 1964 NA
17017 1988 NA
17018 2027 NA
17019 2044 NA
17020 1971 NA
17021 1971 NA
17022 1959 NA
17023 1941 NA
17024 1932 NA
17025 1946 NA
17026 1964 NA
17027 1994 NA
17028 1994 NA
17029 2085 NA
17031 2156 NA
17032 2182 NA
17033 2214 NA
17034 2238 NA
17035 2238 NA
17036 2206 NA
17037 2233 NA
17038 2223 NA
17039 2293 NA
17040 2341 NA
17042 2386 NA
17044 2531 NA
17045 2550 NA
17046 2440 NA
17047 2353 NA
17048 2325 NA
17049 2367 NA
17050 2422 NA
17051 2474 NA
17052 2559 NA
17053 2565 NA
17054 2666 NA
17055 2747 NA
17056 2848 NA
17057 2956 NA
17058 3080 NA
17059 3215 NA
17060 3353 NA
17061 3386 NA
17062 3415 NA
17063 3380 NA
17064 3288 NA
17069 2769 NA
17070 2630 NA
17071 2498 NA
17072 2373 NA
17073 2254 NA
17075 2037 NA
17076 1940 NA
17077 1865 NA
17078 1855 NA
17079 1859 NA
17080 1910 NA
17081 1958 NA
17083 1969 NA
17084 1969 NA
17085 1994 NA
17086 1997 NA
17087 2034 NA
17088 2036 NA
17089 2031 NA
17091 2040 NA
17092 2028 NA
17093 2040 NA
17094 2040 NA
17095 2050 NA
17096 2047 NA
17097 2050 NA
17098 2050 NA
17099 2045 NA
17100 2074 NA
17101 2074 NA
17102 2092 NA
17103 2082 NA
17104 2058 NA
17105 2062 NA
17106 2062 NA
17107 2076 NA
17108 2110 NA
17109 2144 NA
17110 2175 NA
17111 2177 NA
17112 2152 NA
17113 2184 NA
17114 2190 NA
17115 2222 NA
17117 2210 NA
17118 2170 NA
17119 2170 NA
17123 2206 NA
17124 2222 NA
17125 2199 NA
17126 2203 NA
17127 2168 NA
17129 2200 NA
17130 2262 NA
17131 2262 NA
17132 2262 NA
17133 2284 NA
17134 2232 NA
17135 2185 NA
17136 2194 NA
17138 2185 NA
17139 2190 NA
17140 2204 NA
17141 2235 NA
17142 2277 NA
17143 2336 NA
17144 2362 NA
17145 2417 NA
17146 2427 NA
17147 2411 NA
17148 2391 NA
17149 2426 NA
