"Index" "Price" "Volume"
14019 335000 NA
14020 340400 NA
14021 342700 NA
14022 342700 NA
14023 335000 NA
14024 335000 NA
14025 334000 NA
14026 334000 NA
14027 339800 NA
14028 339800 NA
14029 337800 NA
14030 337800 NA
14031 336500 NA
14032 334900 NA
14033 331700 NA
14034 329000 NA
14035 326500 NA
14036 326400 NA
14037 331400 NA
14038 336800 NA
14039 342600 NA
14040 342600 NA
14041 344300 NA
14042 342900 NA
14043 341500 NA
14044 340100 NA
14045 336200 NA
14046 336200 NA
14047 334100 NA
14048 332100 NA
14049 335100 NA
14050 338800 NA
14051 338800 NA
14052 341400 NA
14053 337100 NA
14054 337100 NA
14055 334800 NA
14056 333400 NA
14057 333800 NA
14058 334600 NA
14059 333600 NA
14061 329700 NA
14062 332100 NA
14063 332100 NA
14064 334200 NA
14065 332700 NA
14066 329500 NA
14067 327200 NA
14068 325000 NA
14069 319000 NA
14070 319000 NA
14071 315100 NA
14072 312600 NA
14073 309600 NA
14074 302100 NA
14075 302100 NA
14076 297800 NA
14077 293200 NA
14078 288700 NA
14079 284800 NA
14080 281400 NA
14081 278800 NA
14082 275700 NA
14083 273100 NA
14084 272900 NA
14085 284300 NA
14086 284300 NA
14087 290300 NA
14088 297200 NA
14089 304100 NA
14090 304100 NA
14091 303600 NA
14092 303600 NA
14093 298700 NA
14094 295100 NA
14095 288100 NA
14096 284800 NA
14097 284800 NA
14098 281300 NA
14099 278800 NA
14100 276600 NA
14101 276700 NA
14102 282700 NA
14103 292100 NA
14104 294300 NA
14105 290300 NA
14106 286600 NA
14107 283400 NA
14108 280200 NA
14109 275600 NA
14110 274500 NA
14111 276400 NA
14112 276400 NA
14113 283100 NA
14114 281100 NA
14115 281100 NA
14116 277300 NA
14117 273900 NA
14118 269800 NA
14119 266200 NA
14120 262000 NA
14121 250500 NA
14122 241900 NA
14123 241900 NA
14124 230100 NA
14125 218900 NA
14126 201800 NA
14127 208000 NA
14128 208000 NA
14129 228600 NA
14130 239500 NA
14131 239500 NA
14132 246800 NA
14133 241900 NA
14134 233300 NA
14135 223500 NA
14136 228200 NA
14137 234100 NA
14138 234100 NA
14139 236400 NA
14140 245600 NA
14141 250300 NA
14142 242000 NA
14143 242000 NA
14144 235800 NA
14145 231400 NA
14146 229400 NA
14147 232800 NA
14148 237900 NA
14149 235400 NA
14150 235400 NA
14151 234500 NA
14152 228400 NA
14153 222300 NA
14154 216900 NA
14155 213900 NA
14156 217600 NA
14157 217600 NA
14158 225400 NA
14159 228800 NA
14160 231000 NA
14161 231000 NA
14162 233200 NA
14163 236400 NA
14164 242800 NA
14165 242800 NA
14166 245800 NA
14167 247700 NA
14168 249800 NA
14169 256300 NA
14170 278600 NA
14171 291700 NA
14172 291700 NA
14173 304600 NA
14174 317800 NA
14175 331300 NA
14176 331300 NA
14177 320700 NA
14178 320700 NA
14179 311400 NA
14180 302000 NA
14181 295700 NA
14182 292000 NA
14183 290600 NA
14184 293200 NA
14185 304400 NA
14186 315700 NA
14187 321000 NA
14188 321000 NA
14189 322300 NA
14190 319600 NA
14191 313800 NA
14192 306600 NA
14193 299100 NA
14194 293500 NA
14195 289000 NA
14196 286000 NA
14197 282900 NA
14198 282200 NA
14199 285100 NA
14200 288700 NA
14201 292300 NA
14202 292300 NA
14203 294600 NA
14204 293400 NA
14205 293400 NA
14206 291000 NA
14207 284400 NA
14208 280300 NA
14209 280300 NA
14210 276000 NA
14211 270200 NA
14212 270200 NA
14213 272000 NA
14214 277000 NA
14215 286200 NA
14216 286200 NA
14217 288600 NA
14218 290600 NA
14219 290400 NA
14220 288800 NA
14221 284400 NA
14222 284400 NA
14223 281700 NA
14224 278300 NA
14225 278300 NA
14226 278500 NA
14227 281200 NA
14228 284600 NA
14229 285500 NA
14230 285500 NA
14231 281000 NA
14232 278900 NA
14233 277400 NA
14234 277400 NA
14235 278000 NA
14236 279900 NA
14237 281200 NA
14238 281900 NA
14239 282000 NA
14240 282000 NA
14241 280700 NA
14242 279200 NA
14243 277400 NA
14244 276200 NA
14245 276200 NA
14246 274900 NA
14247 274000 NA
14248 273900 NA
14249 273300 NA
14250 272000 NA
14251 270000 NA
14252 267300 NA
14253 263500 NA
14254 254400 NA
14255 254400 NA
14256 253900 NA
14257 262000 NA
14258 262000 NA
14259 267300 NA
14260 271700 NA
14261 269000 NA
14262 255300 NA
14263 255300 NA
14264 244100 NA
14265 241000 NA
14266 241000 NA
14267 242200 NA
14268 242200 NA
14269 252600 NA
14270 252600 NA
14271 248600 NA
14272 237700 NA
14273 237700 NA
14274 232800 NA
14275 231500 NA
14276 232100 NA
14277 233300 NA
14278 234700 NA
14279 234700 NA
14280 238200 NA
14281 237900 NA
14282 236300 NA
14283 236300 NA
14284 234900 NA
14285 235700 NA
14286 236600 NA
14287 236600 NA
14288 237100 NA
14289 237700 NA
14290 240700 NA
14291 247700 NA
14292 248300 NA
14293 248300 NA
14294 246700 NA
14295 246700 NA
14296 244000 NA
14297 244000 NA
14298 243400 NA
14299 243100 NA
14300 242800 NA
14301 251200 NA
14302 275400 NA
14303 288700 NA
14304 300700 NA
14305 293400 NA
14306 279400 NA
14307 266200 NA
14308 266200 NA
14309 241000 NA
14310 233200 NA
14311 241400 NA
14312 248900 NA
14313 254000 NA
14314 252400 NA
14315 245500 NA
14316 234400 NA
14317 234400 NA
14318 245500 NA
14319 252100 NA
14320 249000 NA
14321 233400 NA
14322 230800 NA
14323 235000 NA
14324 238600 NA
14325 238200 NA
14326 232700 NA
14327 232700 NA
14328 230900 NA
14329 231600 NA
14330 233400 NA
14331 233400 NA
14332 235300 NA
14333 237000 NA
14334 238400 NA
14335 239800 NA
14336 241300 NA
14337 241300 NA
14338 240400 NA
14339 238100 NA
14340 238100 NA
14341 236700 NA
14342 236100 NA
14343 236700 NA
14344 238600 NA
14345 240400 NA
14346 240300 NA
14347 239300 NA
14348 239300 NA
14349 236900 NA
14350 235800 NA
14351 235800 NA
14352 235200 NA
14353 237600 NA
14354 237600 NA
14355 252200 NA
14356 257600 NA
14357 257100 NA
14358 244600 NA
14359 237800 NA
14360 234100 NA
14361 233800 NA
14362 235700 NA
14363 237200 NA
14364 238400 NA
14365 238400 NA
14366 239100 NA
14367 239900 NA
14368 239900 NA
14369 239700 NA
14370 239600 NA
14371 240000 NA
14372 241300 NA
14373 242400 NA
14374 242400 NA
14375 243100 NA
14376 244100 NA
14377 244700 NA
14378 244400 NA
14379 244100 NA
14380 244100 NA
14381 244100 NA
14382 245200 NA
14383 246800 NA
14384 254600 NA
14385 260100 NA
14386 266300 NA
14387 273000 NA
14388 277300 NA
14389 279800 NA
14390 280100 NA
14391 280100 NA
14392 279400 NA
14393 279400 NA
14394 279200 NA
14395 279200 NA
14396 279800 NA
14397 280900 NA
14398 280900 NA
14399 283100 NA
14400 285300 NA
14401 285300 NA
14402 288900 NA
14403 291500 NA
14404 296700 NA
14405 302600 NA
14406 305400 NA
14407 307700 NA
14408 307700 NA
14409 309000 NA
14410 307600 NA
14411 292400 NA
14412 277700 NA
14413 281400 NA
14414 281400 NA
14415 292300 NA
14416 304100 NA
14417 314600 NA
14418 341000 NA
14419 383700 NA
14420 396100 NA
14421 396100 NA
14422 405600 NA
14423 413100 NA
14424 408700 NA
14425 382100 NA
14426 370600 NA
14427 368500 NA
14428 378400 NA
14429 407700 NA
14430 407700 NA
14431 420600 NA
14432 434000 NA
14433 439500 NA
14434 439500 NA
14435 444800 NA
14436 453300 NA
14437 453300 NA
14438 454600 NA
14439 441700 NA
14440 417800 NA
14441 377900 NA
14442 359600 NA
14443 347200 NA
14444 373800 NA
14445 373800 NA
14446 403700 NA
14447 419100 NA
14448 419100 NA
14449 421700 NA
14450 422800 NA
14451 420900 NA
14452 398500 NA
14453 391300 NA
14454 396800 NA
14455 396800 NA
14456 412300 NA
14457 416300 NA
14458 415300 NA
14459 378700 NA
14460 378700 NA
14461 368800 NA
14462 367100 NA
14463 377400 NA
14464 391600 NA
14465 393500 NA
14466 389600 NA
14467 382100 NA
14468 381200 NA
14469 382300 NA
14470 384400 NA
14471 393400 NA
14472 396600 NA
14473 396600 NA
14474 396000 NA
14475 394300 NA
14476 391800 NA
14477 387100 NA
14478 387100 NA
14479 386000 NA
14480 385300 NA
14481 379900 NA
14482 379900 NA
14483 414500 NA
14484 414500 NA
14485 434900 NA
14486 451200 NA
14487 438100 NA
14488 399100 NA
14489 363200 NA
14490 354600 NA
14491 354600 NA
14492 365600 NA
14493 380600 NA
14494 382600 NA
14495 382600 NA
14496 370900 NA
14497 359500 NA
14498 357600 NA
14499 366000 NA
14500 374100 NA
14501 379300 NA
14502 378400 NA
14503 375300 NA
14504 376200 NA
14505 376200 NA
14506 378600 NA
14507 379500 NA
14508 392400 NA
14509 392100 NA
14510 399700 NA
14511 401400 NA
14512 403200 NA
14513 403200 NA
14514 412800 NA
14515 415600 NA
14516 415600 NA
14517 423200 NA
14518 423200 NA
14519 429000 NA
14520 429000 NA
14521 434300 NA
14522 441800 NA
14523 441800 NA
14524 446800 NA
14525 452500 NA
14526 455100 NA
14527 456300 NA
14528 462400 NA
14529 462400 NA
14530 470000 NA
14531 470000 NA
14532 479300 NA
14533 487300 NA
14534 487300 NA
14535 497200 NA
14536 503900 NA
14537 506500 NA
14538 507100 NA
14539 501400 NA
14540 488800 NA
14541 472100 NA
14542 445000 NA
14543 438600 NA
14544 419400 NA
14545 368400 NA
14546 368400 NA
14547 394200 NA
14548 420100 NA
14549 437900 NA
14550 447600 NA
14551 444800 NA
14552 448400 NA
14553 440600 NA
14554 440600 NA
14555 445300 NA
14556 445300 NA
14557 452900 NA
14558 460700 NA
14559 460000 NA
14560 460000 NA
14561 467900 NA
14562 469800 NA
14563 475700 NA
14564 480200 NA
14565 487500 NA
14566 488800 NA
14567 488800 NA
14568 486700 NA
14569 455500 NA
14570 450700 NA
14571 450700 NA
14572 438800 NA
14573 438400 NA
14574 442400 NA
14575 454200 NA
14576 465000 NA
14577 474400 NA
14578 470300 NA
14579 470300 NA
14580 454800 NA
14581 439800 NA
14582 438600 NA
14583 438600 NA
14584 460300 NA
14585 465400 NA
14586 465400 NA
14587 463400 NA
14588 445900 NA
14589 445900 NA
14590 441400 NA
14591 440600 NA
14592 441600 NA
14593 447700 NA
14594 447700 NA
14595 436600 NA
14596 436600 NA
14597 429200 NA
14598 427600 NA
14599 429900 NA
14600 429900 NA
14601 433300 NA
14602 435200 NA
14603 436000 NA
14604 435100 NA
14605 433100 NA
14606 433100 NA
14607 429000 NA
14608 429000 NA
14609 423800 NA
14610 414100 NA
14611 400400 NA
14612 386000 NA
14613 381100 NA
14614 395500 NA
14615 395500 NA
14616 409400 NA
14617 405900 NA
14618 394200 NA
14619 384400 NA
14620 384400 NA
14621 382300 NA
14622 382300 NA
14623 392200 NA
14624 392200 NA
14625 398300 NA
14626 398900 NA
14627 398900 NA
14628 386200 NA
14629 380400 NA
14630 380400 NA
14631 385200 NA
14632 385200 NA
14633 391700 NA
14634 391700 NA
14635 390300 NA
14636 386800 NA
14637 381900 NA
14638 378500 NA
14639 386600 NA
14640 389600 NA
14641 391300 NA
14642 391300 NA
14643 390400 NA
14644 390400 NA
14645 387200 NA
14646 384100 NA
14647 385500 NA
14648 387300 NA
14649 387300 NA
14650 387600 NA
14651 386100 NA
14653 385300 NA
14654 384300 NA
14655 383500 NA
14656 383500 NA
14657 381900 NA
14658 376300 NA
14659 373600 NA
14660 373600 NA
14661 371600 NA
14662 368600 NA
14663 368600 NA
14664 363900 NA
14665 361100 NA
14666 356800 NA
14667 351400 NA
14668 351400 NA
14669 334000 NA
14670 334000 NA
14671 321300 NA
14672 336500 NA
14673 336500 NA
14674 352600 NA
14675 366000 NA
14676 369200 NA
14677 360900 NA
14678 350200 NA
14679 333600 NA
14680 333600 NA
14681 346200 NA
14682 359600 NA
14683 365700 NA
14684 365700 NA
14685 365400 NA
14686 365300 NA
14687 365700 NA
14688 368200 NA
14689 377500 NA
14690 381800 NA
14691 385000 NA
14692 385000 NA
14693 385500 NA
14694 384600 NA
14695 384600 NA
14696 384700 NA
14697 386300 NA
14698 388800 NA
14699 392300 NA
14700 397600 NA
14701 403600 NA
14702 408000 NA
14703 412400 NA
14704 417400 NA
14705 429400 NA
14706 429400 NA
14707 436300 NA
14708 450600 NA
14709 450600 NA
14710 455100 NA
14711 457000 NA
14712 438800 NA
14713 438800 NA
14714 422200 NA
14715 398400 NA
14716 398400 NA
14717 426500 NA
14718 440000 NA
14719 440000 NA
14720 463600 NA
14721 463600 NA
14722 487100 NA
14723 487100 NA
14724 500700 NA
14725 511600 NA
14726 518800 NA
14727 498300 NA
14728 498300 NA
14729 478300 NA
14730 462300 NA
14731 450100 NA
14732 471700 NA
14733 471700 NA
14734 495400 NA
14735 495400 NA
14736 509900 NA
14737 509900 NA
14738 519300 NA
14739 519300 NA
14740 522900 NA
14741 525500 NA
14742 527700 NA
14743 528800 NA
14744 529400 NA
14745 529400 NA
14746 526700 NA
14747 517500 NA
14748 483300 NA
14749 483300 NA
14750 468200 NA
14751 470500 NA
14752 487900 NA
14753 504500 NA
14754 517900 NA
14755 524700 NA
14756 524700 NA
14757 525000 NA
14758 537800 NA
14759 544100 NA
14760 549900 NA
14761 553400 NA
14762 557200 NA
14763 557200 NA
14764 559700 NA
14765 560100 NA
14766 558500 NA
14767 552400 NA
14768 538100 NA
14769 538100 NA
14770 530100 NA
14771 513800 NA
14772 513800 NA
14773 508300 NA
14774 508300 NA
14775 516400 NA
14776 525700 NA
14777 525700 NA
14778 536200 NA
14779 536200 NA
14780 533400 NA
14781 524600 NA
14782 514300 NA
14783 514300 NA
14784 519900 NA
14785 519900 NA
14786 545300 NA
14787 564400 NA
14788 554500 NA
14789 504200 NA
14790 488000 NA
14791 488000 NA
14792 491000 NA
14793 506700 NA
14794 510100 NA
14795 498000 NA
14796 498000 NA
14797 489300 NA
14798 488000 NA
14799 492600 NA
14800 492600 NA
14801 494300 NA
14802 493200 NA
14803 486800 NA
14804 486800 NA
14805 487100 NA
14806 487100 NA
14807 486900 NA
14808 487200 NA
14809 486200 NA
14810 480300 NA
14811 480300 NA
14812 452700 NA
14813 445200 NA
14814 445200 NA
14815 451100 NA
14816 465500 NA
14817 477200 NA
14818 486300 NA
14819 494800 NA
14820 494800 NA
14821 498600 NA
14822 501100 NA
14823 501100 NA
14824 501100 NA
14825 497400 NA
14826 463200 NA
14827 463200 NA
14828 434200 NA
14829 434200 NA
14830 431800 NA
14831 440300 NA
14832 471300 NA
14833 471300 NA
14834 481000 NA
14835 482200 NA
14836 479200 NA
14837 464700 NA
14838 459900 NA
14839 459900 NA
14840 465300 NA
14841 465300 NA
14842 467600 NA
14843 460900 NA
14844 450500 NA
14845 439400 NA
14846 434500 NA
14847 455100 NA
14848 462900 NA
14849 462900 NA
14850 464400 NA
14851 465100 NA
14852 464700 NA
14853 463100 NA
14854 463100 NA
14855 460000 NA
14856 453700 NA
14857 472700 NA
14858 472700 NA
14859 496600 NA
14860 496600 NA
14861 507600 NA
14862 518600 NA
14863 532500 NA
14864 543600 NA
14865 548900 NA
14866 546200 NA
14867 546200 NA
14868 540400 NA
14869 536300 NA
14870 533300 NA
14871 533300 NA
14872 532100 NA
14873 532100 NA
14874 534300 NA
14875 534300 NA
14876 536900 NA
14877 539000 NA
14878 546500 NA
14879 554900 NA
14880 556300 NA
14881 556300 NA
14882 556900 NA
14883 556900 NA
14884 557500 NA
14885 562700 NA
14886 569700 NA
14887 575100 NA
14888 582800 NA
14889 595300 NA
14890 625300 NA
14891 625300 NA
14892 638200 NA
14893 641500 NA
14894 641500 NA
14895 622900 NA
14896 564600 NA
14897 536700 NA
14898 536700 NA
14899 514100 NA
14900 5e+05 NA
14901 521400 NA
14902 521400 NA
14903 551900 NA
14904 551900 NA
14905 551400 NA
14906 537000 NA
14907 533800 NA
14908 533800 NA
14909 532600 NA
14910 533900 NA
14911 543800 NA
14912 555000 NA
14913 565200 NA
14914 572000 NA
14915 572000 NA
14916 577400 NA
14917 580200 NA
14918 581200 NA
14920 582200 NA
14921 578500 NA
14922 571200 NA
14923 571200 NA
14924 560300 NA
14925 547700 NA
14926 533800 NA
14927 518900 NA
14928 502700 NA
14929 502700 NA
14930 522400 NA
14931 537100 NA
14932 537100 NA
14933 541600 NA
14934 542900 NA
14935 542900 NA
14936 539700 NA
14937 534400 NA
14938 533100 NA
14939 533100 NA
14940 540700 NA
14941 554600 NA
14942 554600 NA
14943 560600 NA
14944 582400 NA
14945 596800 NA
14946 596800 NA
14947 610300 NA
14948 618900 NA
14949 621300 NA
14950 621300 NA
14951 643800 NA
14952 661700 NA
14953 661700 NA
14954 676800 NA
14955 688600 NA
14956 693200 NA
14957 689500 NA
14958 623600 NA
14959 623600 NA
14960 563900 NA
14961 563900 NA
14962 542400 NA
14963 542400 NA
14964 560400 NA
14965 582700 NA
14966 581100 NA
14967 564800 NA
14968 564800 NA
14969 522600 NA
14970 522600 NA
14971 483900 NA
14972 483900 NA
14973 468700 NA
14974 502800 NA
14975 502750 NA
14976 502750 NA
14977 521232 NA
14979 531600 NA
14981 490700 NA
14983 448900 NA
14984 449100 NA
14985 477334 NA
14986 470100 NA
14987 459000 NA
14988 445000 NA
14989 445108 NA
14991 466700 NA
14992 477610 NA
14993 488600 NA
14995 496800 NA
14996 501400 NA
14997 501377 NA
14998 489100 NA
15000 474600 NA
15001 445400 NA
15003 436300 NA
15005 445200 NA
15007 411000 NA
15008 391000 NA
15009 391200 NA
15011 335367 NA
15013 302700 NA
15014 287589 NA
15015 276998 NA
15017 276226 NA
15018 294999 NA
15020 289300 NA
15021 289300 NA
15023 268300 NA
15025 253300 NA
15026 247900 NA
15028 229822 NA
15029 221700 NA
15030 211200 NA
15032 205900 NA
15033 199500 NA
15035 197200 NA
15036 211200 NA
15037 211200 NA
15038 228124 NA
15039 237400 NA
15040 242176 NA
15042 230155 NA
15044 207900 NA
15046 198300 NA
15047 201100 NA
15048 204900 NA
15049 204900 NA
15050 207000 NA
15051 209200 NA
15052 207500 NA
15053 201000 NA
15055 196000 NA
15056 190900 NA
15058 191400 NA
15060 196300 NA
15061 199700 NA
15063 200900 NA
15064 193073 NA
15066 192000 NA
15067 192800 NA
15068 195100 NA
15070 197400 NA
15072 193800 NA
15073 191400 NA
15075 190271 NA
15076 190083 NA
15078 188200 NA
15080 192200 NA
15081 195700 NA
15084 196400 NA
15085 193900 NA
15086 192600 NA
15087 191200 NA
15088 190700 NA
15089 190100 NA
15090 191612 NA
15093 197000 NA
15094 198000 NA
15096 212000 NA
15098 205900 NA
15100 194500 NA
15101 191000 NA
15102 187600 NA
15103 186000 NA
15104 180800 NA
15105 178800 NA
15106 178800 NA
15107 177030 NA
15108 175400 NA
15109 174300 NA
15110 176879 NA
15111 179105 NA
15113 179506 NA
15115 175000 NA
15116 174800 NA
15119 170200 NA
15120 168600 NA
15121 167000 NA
15122 164700 NA
15124 168700 NA
15125 169400 NA
15126 168700 NA
15128 164100 NA
15130 161700 NA
15131 161400 NA
15132 160900 NA
15133 163400 NA
15135 165700 NA
15136 167200 NA
15137 169600 NA
15138 170200 NA
15139 170577 NA
15142 171200 NA
15143 174000 NA
15144 177200 NA
15145 181168 NA
15149 180500 NA
15150 182200 NA
15151 183400 NA
15152 185200 NA
15154 183800 NA
15156 176100 NA
15157 172400 NA
15158 169100 NA
15159 167800 NA
15161 166200 NA
15163 175800 NA
15164 176200 NA
15165 175744 NA
15166 175300 NA
15167 177033 NA
15169 181113 NA
15170 183000 NA
15172 180200 NA
15173 178000 NA
15174 176192 NA
15175 175600 NA
15177 176300 NA
15178 177000 NA
15179 176600 NA
15180 177800 NA
15182 176800 NA
15184 174200 NA
15185 173300 NA
15186 172600 NA
15187 172400 NA
15189 173300 NA
15191 174900 NA
15193 181800 NA
15194 183100 NA
15196 190300 NA
15197 190000 NA
15199 185900 NA
15203 173800 NA
15204 169600 NA
15207 165700 NA
15208 164600 NA
15209 161938 NA
15212 156700 NA
15214 150600 NA
15215 149000 NA
15216 146000 NA
15217 146300 NA
15219 142700 NA
15220 141100 NA
15221 138500 NA
15222 138700 NA
15224 137400 NA
15226 132800 NA
15227 129100 NA
15228 126600 NA
15229 128200 NA
15231 138400 NA
15232 143800 NA
15233 139700 NA
15235 130900 NA
15238 128600 NA
15240 131300 NA
15242 134100 NA
15243 140300 NA
15244 143200 NA
15247 150700 NA
15248 162400 NA
15249 162400 NA
15250 168100 NA
15251 170600 NA
15254 163100 NA
15256 148500 NA
15257 147200 NA
15258 145800 NA
15259 144400 NA
15261 141300 NA
15263 140200 NA
15264 146000 NA
15265 162000 NA
15268 160500 NA
15270 170300 NA
15271 187800 NA
15272 197100 NA
15273 206806 NA
15275 215000 NA
15277 193167 NA
15279 183500 NA
15280 174300 NA
15281 165615 NA
15282 157300 NA
15283 149500 NA
15284 142800 NA
15285 137400 NA
15287 139200 NA
15289 143200 NA
15291 131900 NA
15292 131879 NA
15294 121900 NA
15295 115200 NA
15297 122318 NA
15299 126700 NA
15302 128800 NA
15303 128800 NA
15304 122400 NA
15306 119800 NA
15307 116100 NA
15308 110900 NA
15309 105932 NA
15310 101000 NA
15312 104989 NA
15313 105171 NA
15314 108372 NA
15315 112885 NA
15316 115317 NA
15317 111834 NA
15318 108807 NA
15319 106025 NA
15320 105368 NA
15321 105147 NA
15322 103415 NA
15323 102663 NA
15324 101541 NA
15325 101547 NA
15326 102668 NA
15327 102699 NA
15328 104028 NA
15329 103726 NA
15330 101904 NA
15331 101036 NA
15332 100636 NA
15333 101141 NA
15334 101495 NA
15335 101540 NA
15336 101015 NA
15337 100813 NA
15338 101409 NA
15339 101826 NA
15340 101581 NA
15341 100131 NA
15342 99167 NA
15343 98943 NA
15344 100270 NA
15345 102432 NA
15346 103175 NA
15347 104077 NA
15348 105292 NA
15349 107285 NA
15350 108123 NA
15351 108546 NA
15352 108021 NA
15353 106536 NA
15354 105049 NA
15355 104099 NA
15356 103881 NA
15357 103788 NA
15358 104458 NA
15359 104784 NA
15360 104747 NA
15361 105550 NA
15362 105478 NA
15363 104438 NA
15364 103552 NA
15365 102832 NA
15366 102434 NA
15367 102527 NA
15368 102382 NA
15369 102889 NA
15370 103568 NA
15371 108103 NA
15372 111159 NA
15373 116132 NA
15374 120261 NA
15375 124215 NA
15376 124314 NA
15377 122635 NA
15378 117051 NA
15379 112160 NA
15380 108809 NA
15381 106732 NA
15382 103701 NA
15383 100449 NA
15384 98197 NA
15385 95416 NA
15386 93907 NA
15387 93603 NA
15388 96429 NA
15389 98100 NA
15390 102679 NA
15391 107689 NA
15392 108455 NA
15393 106406 NA
15394 103666 NA
15395 101408 NA
15396 98830 NA
15397 97944 NA
15398 96920 NA
15399 95922 NA
15400 93638 NA
15401 91552 NA
15402 92929 NA
15403 96590 NA
15404 97431 NA
15405 102073 NA
15406 100770 NA
15407 95733 NA
15408 91006 NA
15409 86506 NA
15410 83911 NA
15411 80800 NA
15412 79532 NA
15413 78626 NA
15414 77432 NA
15415 74417 NA
15416 72703 NA
15417 75444 NA
15418 78643 NA
15419 80818 NA
15420 84375 NA
15421 86755 NA
15422 85227 NA
15423 83698 NA
15424 82170 NA
15425 80641 NA
15426 79113 NA
15427 79751 NA
15428 77489 NA
15429 76504 NA
15430 76685 NA
15431 78833 NA
15432 80041 NA
15433 81976 NA
15434 83777 NA
15435 84766 NA
15436 86758 NA
15437 88180 NA
15438 91878 NA
15439 94211 NA
15440 96197 NA
15441 98774 NA
15442 99397 NA
15443 99187 NA
15444 98413 NA
15445 97490 NA
15446 96443 NA
15447 95993 NA
15448 95962 NA
15449 96647 NA
15450 96963 NA
15451 97323 NA
15452 97699 NA
15453 97779 NA
15454 98314 NA
15455 97425 NA
15456 97580 NA
15457 97585 NA
15458 98486 NA
15459 100949 NA
15460 101588 NA
15461 102082 NA
15462 104049 NA
15463 106354 NA
15464 107851 NA
15465 109474 NA
15466 111025 NA
15467 113236 NA
15468 116384 NA
15469 118344 NA
15470 120061 NA
15471 120432 NA
15472 119832 NA
15473 117286 NA
15474 113282 NA
15475 109162 NA
15476 105503 NA
15477 101973 NA
15478 99073 NA
15479 96913 NA
15480 96077 NA
15481 94183 NA
15482 92164 NA
15483 91525 NA
15484 93547 NA
15485 95778 NA
15486 99634 NA
15487 102568 NA
15488 104222 NA
15489 105280 NA
15490 104352 NA
15491 103246 NA
15492 103711 NA
15493 104764 NA
15494 106454 NA
15495 109296 NA
15496 112707 NA
15497 116338 NA
15498 119305 NA
15499 123133 NA
15500 127069 NA
15501 131231 NA
15502 136135 NA
15503 140786 NA
15504 143671 NA
15505 147682 NA
15506 151289 NA
15507 153559 NA
15508 154770 NA
15509 153405 NA
15510 150248 NA
15511 150349 NA
15512 146511 NA
15513 141322 NA
15514 137726 NA
15515 133178 NA
15516 128636 NA
15517 124302 NA
15518 120588 NA
15519 116833 NA
15520 112397 NA
15521 108866 NA
15522 105268 NA
15523 102426 NA
15524 100131 NA
15525 102008 NA
15526 103125 NA
15527 106723 NA
15528 108974 NA
15529 113085 NA
15530 117235 NA
15531 120445 NA
15532 123049 NA
15533 123889 NA
15534 123712 NA
15535 124316 NA
15536 126644 NA
15537 128497 NA
15538 130197 NA
15539 131882 NA
15540 131663 NA
15541 131678 NA
15542 130519 NA
15543 128863 NA
15544 127124 NA
15545 126546 NA
15546 125628 NA
15547 124052 NA
15548 122902 NA
15549 121946 NA
15550 122415 NA
15551 126081 NA
15552 130852 NA
15553 136101 NA
15554 142240 NA
15555 147407 NA
15556 153457 NA
15557 159805 NA
15558 165369 NA
15559 165717 NA
15560 165223 NA
15561 163555 NA
15562 161712 NA
15563 159285 NA
15564 156778 NA
15565 154492 NA
15566 152436 NA
15567 151220 NA
15568 151740 NA
15569 149888 NA
15570 147564 NA
15571 145315 NA
15572 143531 NA
15573 141303 NA
15574 140132 NA
15575 139335 NA
15576 139003 NA
15577 139560 NA
15578 141067 NA
15579 144137 NA
15580 144217 NA
15581 146254 NA
15582 149162 NA
15583 150094 NA
15584 152443 NA
15585 156562 NA
15586 159762 NA
15587 164023 NA
15588 167367 NA
15589 167142 NA
15590 163779 NA
15591 157270 NA
15592 151254 NA
15593 144914 NA
15594 139457 NA
15595 134299 NA
15596 129652 NA
15597 125867 NA
15598 121817 NA
15599 118299 NA
15600 114588 NA
15601 111265 NA
15602 108931 NA
15603 108778 NA
15604 111174 NA
15605 114920 NA
15606 117823 NA
15607 118568 NA
15608 119839 NA
15609 122036 NA
15610 124123 NA
15611 126369 NA
15612 128297 NA
15613 129417 NA
15614 129393 NA
15615 128638 NA
15616 126730 NA
15617 124626 NA
15618 123366 NA
15619 122807 NA
15620 121878 NA
15621 118739 NA
15622 115567 NA
15623 112230 NA
15624 109761 NA
15625 107311 NA
15626 105699 NA
15627 106817 NA
15628 107769 NA
15629 108890 NA
15630 113003 NA
15631 116357 NA
15632 119298 NA
15633 121922 NA
15634 122283 NA
15635 120342 NA
15636 116843 NA
15637 112940 NA
15638 110938 NA
15639 109031 NA
15640 105858 NA
15641 103049 NA
15642 101939 NA
15643 105130 NA
15644 108817 NA
15645 112738 NA
15646 117435 NA
15647 122305 NA
15648 125927 NA
15649 125844 NA
15650 121977 NA
15651 118110 NA
15652 114243 NA
15653 110376 NA
15654 106508 NA
15655 102641 NA
15656 98774 NA
15657 94907 NA
15658 90781 NA
15659 87306 NA
15660 83571 NA
15661 80513 NA
15662 78306 NA
15663 76172 NA
15664 73051 NA
15665 69413 NA
15666 65953 NA
15667 62655 NA
15668 59522 NA
15669 56588 NA
15670 53758 NA
15671 51070 NA
15672 48516 NA
15673 46130 NA
15674 43823 NA
15675 41681 NA
15676 39750 NA
15677 37767 NA
15678 35921 NA
15679 34212 NA
15680 32558 NA
15681 31033 NA
15682 29847 NA
15683 28702 NA
15684 27842 NA
15685 26922 NA
15686 26203 NA
15687 25710 NA
15688 25682 NA
15689 25897 NA
15690 26925 NA
15691 28178 NA
15692 29447 NA
15693 30684 NA
15694 31823 NA
15695 33082 NA
15696 34324 NA
15697 35380 NA
15698 36593 NA
15699 38024 NA
15700 39700 NA
15701 41494 NA
15702 43227 NA
15703 45331 NA
15704 47167 NA
15705 49257 NA
15706 51637 NA
15707 54032 NA
15708 56597 NA
15709 59419 NA
15710 62288 NA
15711 65392 NA
15712 68190 NA
15713 71005 NA
15714 72201 NA
15715 69002 NA
15716 65562 NA
15717 62283 NA
15718 59170 NA
15719 56211 NA
15720 53429 NA
15721 50757 NA
15722 49137 NA
15723 47939 NA
15724 47662 NA
15725 47503 NA
15726 47877 NA
15727 47945 NA
15728 46926 NA
15729 45042 NA
15730 43437 NA
15731 41806 NA
15732 40069 NA
15733 38250 NA
15734 36915 NA
15735 35938 NA
15736 36418 NA
15737 36469 NA
15738 37350 NA
15739 38871 NA
15740 40651 NA
15741 42301 NA
15742 44050 NA
15743 45585 NA
15744 45867 NA
15745 45772 NA
15746 44207 NA
15747 43960 NA
15748 43111 NA
15749 42681 NA
15750 41585 NA
15751 41462 NA
15752 40914 NA
15753 40785 NA
15754 41315 NA
15755 41201 NA
15756 41487 NA
15757 41765 NA
15758 40122 NA
15759 39659 NA
15760 38948 NA
15761 38363 NA
15762 38237 NA
15763 37292 NA
15764 36046 NA
15765 34811 NA
15766 33618 NA
15767 32526 NA
15768 31049 NA
15769 30127 NA
15770 29541 NA
15771 28331 NA
15772 27954 NA
15773 27581 NA
15774 27595 NA
15775 27707 NA
15776 27796 NA
15777 28313 NA
15778 28804 NA
15779 28867 NA
15780 28964 NA
15781 29048 NA
15782 28462 NA
15783 28430 NA
15784 28245 NA
15785 27797 NA
15786 26737 NA
15787 26150 NA
15788 25912 NA
15789 25451 NA
15790 25294 NA
15791 25319 NA
15792 25462 NA
15793 25845 NA
15794 25972 NA
15795 26426 NA
15796 25915 NA
15797 26317 NA
15798 26464 NA
15799 26611 NA
15800 26758 NA
15801 26906 NA
15802 27053 NA
15803 27200 NA
15804 27347 NA
15805 26960 NA
15806 26779 NA
15807 26494 NA
15808 26195 NA
15809 26229 NA
15810 26259 NA
15811 26497 NA
15812 26923 NA
15813 27026 NA
15814 27429 NA
15815 27476 NA
15816 27681 NA
15817 28014 NA
15818 27981 NA
15819 28207 NA
15820 28302 NA
15821 28170 NA
15822 28488 NA
15823 29071 NA
15824 29346 NA
15825 29524 NA
15826 28634 NA
15827 27770 NA
15828 27568 NA
15829 27422 NA
15830 27239 NA
15831 27197 NA
15832 26962 NA
15833 27258 NA
15834 27270 NA
15835 27082 NA
15836 27320 NA
15837 26997 NA
15838 26636 NA
15839 27073 NA
15840 27036 NA
15841 26917 NA
15842 26458 NA
15843 26587 NA
15844 26915 NA
15845 27144 NA
15846 27078 NA
15847 27263 NA
15848 27222 NA
15849 27268 NA
15850 27114 NA
15851 26459 NA
15852 25814 NA
15853 25076 NA
15854 24795 NA
15855 24721 NA
15856 24711 NA
15857 24700 NA
15858 25008 NA
15859 24874 NA
15860 24693 NA
15861 24752 NA
15862 24926 NA
15863 24906 NA
15864 25153 NA
15865 25373 NA
15866 25485 NA
15867 25379 NA
15868 25445 NA
15869 25198 NA
15870 24817 NA
15871 24817 NA
15872 24767 NA
15873 24665 NA
15874 24590 NA
15875 24563 NA
15876 24528 NA
15877 24587 NA
15878 24896 NA
15879 25457 NA
15880 25895 NA
15881 26438 NA
15882 27154 NA
15883 27873 NA
15884 28537 NA
15885 29885 NA
15886 30894 NA
15887 32438 NA
15888 34060 NA
15889 35763 NA
15890 37552 NA
15891 39300 NA
15892 40562 NA
15893 39633 NA
15894 37958 NA
15895 36208 NA
15896 34417 NA
15897 32714 NA
15898 31357 NA
15899 29916 NA
15900 28635 NA
15901 27524 NA
15902 26494 NA
15903 26109 NA
15904 25723 NA
15905 25338 NA
15906 24953 NA
15907 24567 NA
15908 24182 NA
15909 23804 NA
15910 24284 NA
15911 24611 NA
15912 24924 NA
15913 24576 NA
15914 24895 NA
15915 25271 NA
15916 25446 NA
15917 25626 NA
15918 25280 NA
15919 25118 NA
15920 24941 NA
15921 24795 NA
15922 24755 NA
15923 24674 NA
15924 24519 NA
15925 24339 NA
15926 24313 NA
15927 24450 NA
15928 24274 NA
15929 24140 NA
15930 23681 NA
15931 23447 NA
15932 23367 NA
15933 22963 NA
15934 23004 NA
15935 22890 NA
15936 22675 NA
15937 22955 NA
15938 23353 NA
15939 23177 NA
15940 23129 NA
15941 22965 NA
15942 22857 NA
15943 22422 NA
15944 22418 NA
15945 22638 NA
15946 22839 NA
15947 22866 NA
15948 22937 NA
15949 22924 NA
15950 23235 NA
15951 23331 NA
15952 23514 NA
15953 23427 NA
15954 23528 NA
15955 23366 NA
15956 22562 NA
15957 22146 NA
15958 21565 NA
15959 21319 NA
15960 21393 NA
15961 21552 NA
15962 21882 NA
15963 21766 NA
15964 22173 NA
15965 22895 NA
15966 23224 NA
15967 23700 NA
15968 24088 NA
15969 24238 NA
15970 23973 NA
15971 23863 NA
15972 24343 NA
15973 24459 NA
15974 23788 NA
15975 23997 NA
15976 24668 NA
15977 24869 NA
15978 24775 NA
15979 24952 NA
15980 24331 NA
15981 23920 NA
15982 23398 NA
15983 23222 NA
15984 22366 NA
15985 22079 NA
15986 22178 NA
15987 22277 NA
15988 22376 NA
15989 22475 NA
15990 22574 NA
15991 23292 NA
15992 24009 NA
15993 24727 NA
15994 24915 NA
15995 25189 NA
15996 25692 NA
15997 26271 NA
15998 26908 NA
15999 27515 NA
16000 27422 NA
16001 26628 NA
16002 26100 NA
16003 25612 NA
16004 25098 NA
16005 24911 NA
16006 24383 NA
16007 23613 NA
16008 23017 NA
16009 22751 NA
16010 22940 NA
16011 23296 NA
16012 23648 NA
16013 23442 NA
16014 23379 NA
16015 23749 NA
16016 23856 NA
16017 24114 NA
16018 24000 NA
16019 24236 NA
16020 24096 NA
16021 24346 NA
16022 24673 NA
16023 25510 NA
16024 25968 NA
16025 26319 NA
16026 26258 NA
16027 25842 NA
16028 25491 NA
16029 25414 NA
16030 25423 NA
16031 25223 NA
16032 25001 NA
16033 24838 NA
16034 24771 NA
16035 24639 NA
16036 24508 NA
16037 24376 NA
16038 24245 NA
16039 24113 NA
16040 23982 NA
16041 23850 NA
16042 23877 NA
16043 22966 NA
16044 22241 NA
16045 21642 NA
16046 20741 NA
16047 19783 NA
16048 18974 NA
16049 18106 NA
16050 17503 NA
16051 16815 NA
16052 16279 NA
16053 15660 NA
16054 15392 NA
16055 15082 NA
16056 15340 NA
16057 15435 NA
16058 15585 NA
16059 15481 NA
16060 15593 NA
16061 15782 NA
16062 15940 NA
16063 16349 NA
16064 16307 NA
16065 16703 NA
16066 16920 NA
16067 17209 NA
16068 17176 NA
16069 16925 NA
16070 17010 NA
16071 17161 NA
16072 17413 NA
16073 17348 NA
16074 17356 NA
16075 17146 NA
16076 16727 NA
16077 16701 NA
16078 16584 NA
16079 16854 NA
16080 16661 NA
16081 16815 NA
16082 16796 NA
16083 16641 NA
16084 16616 NA
16085 16820 NA
16086 16799 NA
16087 17033 NA
16088 17185 NA
16089 17152 NA
16090 17268 NA
16091 17316 NA
16092 17387 NA
16093 17464 NA
16094 17371 NA
16095 17046 NA
16096 17131 NA
16097 16984 NA
16098 16935 NA
16099 17213 NA
16100 17312 NA
16101 17407 NA
16102 18137 NA
16103 19012 NA
16104 19634 NA
16105 20368 NA
16106 20944 NA
16107 21893 NA
16108 22971 NA
16109 24093 NA
16110 25239 NA
16111 26471 NA
16112 27795 NA
16113 29181 NA
16114 30640 NA
16115 32043 NA
16116 33467 NA
16117 34607 NA
16118 35981 NA
16119 37448 NA
16120 38538 NA
16121 37664 NA
16122 37097 NA
16123 35878 NA
16124 34601 NA
16125 34152 NA
16126 33944 NA
16127 32970 NA
16128 31862 NA
16129 30591 NA
16130 29125 NA
16131 27668 NA
16132 26409 NA
16133 25113 NA
16134 24028 NA
16135 23396 NA
16136 22925 NA
16137 22450 NA
16138 21813 NA
16139 21609 NA
16140 20951 NA
16141 20721 NA
16142 20629 NA
16143 20862 NA
16144 20560 NA
16145 20239 NA
16146 19597 NA
16147 19159 NA
16148 18870 NA
16149 18483 NA
16150 17823 NA
16151 17631 NA
16152 17429 NA
16153 17567 NA
16154 18024 NA
16155 18303 NA
16156 18039 NA
16157 18325 NA
16158 18439 NA
16159 17798 NA
16160 17336 NA
16161 16796 NA
16162 16648 NA
16163 16506 NA
16164 16352 NA
16165 16285 NA
16166 16089 NA
16167 15964 NA
16168 15515 NA
16169 15497 NA
16170 15538 NA
16171 15577 NA
16172 15688 NA
16173 15533 NA
16174 15460 NA
16175 15502 NA
16176 15683 NA
16177 15726 NA
16178 15725 NA
16179 15586 NA
16180 15624 NA
16181 15558 NA
16182 15656 NA
16183 15629 NA
16184 15788 NA
16185 15383 NA
16186 15343 NA
16187 15399 NA
16188 15334 NA
16189 15305 NA
16190 15137 NA
16191 14600 NA
16192 14399 NA
16193 14334 NA
16194 14131 NA
16195 13844 NA
16196 13597 NA
16197 13547 NA
16198 13811 NA
16199 14037 NA
16200 14393 NA
16201 14516 NA
16202 14629 NA
16203 14741 NA
16204 15017 NA
16205 15208 NA
16206 15523 NA
16207 15969 NA
16208 15965 NA
16209 16375 NA
16210 16820 NA
16211 17341 NA
16212 17877 NA
16213 17964 NA
16214 18487 NA
16215 19041 NA
16216 19947 NA
16217 20666 NA
16218 21483 NA
16219 21784 NA
16220 21624 NA
16221 21834 NA
16222 22361 NA
16223 22387 NA
16224 22944 NA
16225 22853 NA
16226 22782 NA
16227 22167 NA
16228 21543 NA
16229 21344 NA
16230 21382 NA
16231 21103 NA
16232 21340 NA
16233 20644 NA
16234 20875 NA
16235 21266 NA
16236 21315 NA
16237 21475 NA
16238 21330 NA
16239 21344 NA
16240 21309 NA
16241 21143 NA
16242 20995 NA
16243 21349 NA
16244 21593 NA
16245 22336 NA
16246 22342 NA
16247 22536 NA
16248 21947 NA
16249 21675 NA
16250 21484 NA
16251 21584 NA
16252 21079 NA
16253 20814 NA
16254 20136 NA
16255 19583 NA
16256 19007 NA
16257 18741 NA
16258 18178 NA
16259 17908 NA
16260 17443 NA
16261 17664 NA
16262 17733 NA
16263 18030 NA
16264 18288 NA
16265 19067 NA
16266 19979 NA
16267 20820 NA
16268 21786 NA
16269 22680 NA
16270 23468 NA
16271 24418 NA
16272 25357 NA
16273 25780 NA
16274 26077 NA
16275 25951 NA
16276 25449 NA
16277 25040 NA
16278 24419 NA
16279 23781 NA
16280 23005 NA
16281 22665 NA
16282 22464 NA
16283 22087 NA
16284 22452 NA
16285 22980 NA
16286 22785 NA
16287 23163 NA
16288 23399 NA
16289 23587 NA
16290 23819 NA
16291 23896 NA
16292 23631 NA
16293 23037 NA
16294 22341 NA
16295 21767 NA
16296 21241 NA
16297 20390 NA
16298 19849 NA
16299 19070 NA
16300 18244 NA
16301 17497 NA
16302 16716 NA
16303 16100 NA
16304 15401 NA
16305 14819 NA
16306 14281 NA
16307 13731 NA
16308 13360 NA
16309 13249 NA
16310 13077 NA
16311 13131 NA
16312 13197 NA
16313 13359 NA
16314 13330 NA
16315 13347 NA
16316 13503 NA
16317 13513 NA
16318 13382 NA
16319 13477 NA
16320 13529 NA
16321 13386 NA
16322 13199 NA
16323 13120 NA
16324 12950 NA
16325 12741 NA
16326 12774 NA
16327 12796 NA
16328 12773 NA
16329 12704 NA
16330 12812 NA
16331 12921 NA
16332 12984 NA
16333 13190 NA
16334 13314 NA
16335 13078 NA
16336 13381 NA
16337 13370 NA
16338 13349 NA
16339 13430 NA
16340 13545 NA
16341 13509 NA
16342 13567 NA
16343 13622 NA
16344 13743 NA
16345 13768 NA
16346 13699 NA
16347 13679 NA
16348 13527 NA
16349 13611 NA
16350 13540 NA
16351 13697 NA
16352 13821 NA
16353 13915 NA
16354 13964 NA
16355 14059 NA
16356 13775 NA
16357 13689 NA
16358 13441 NA
16359 13193 NA
16360 12774 NA
16361 12389 NA
16362 12100 NA
16363 12025 NA
16364 11973 NA
16365 11614 NA
16366 11476 NA
16367 11225 NA
16368 11321 NA
16369 11288 NA
16370 11183 NA
16371 11181 NA
16372 11158 NA
16373 10833 NA
16374 10837 NA
16375 10682 NA
16376 10640 NA
16377 10416 NA
16378 10544 NA
16379 10594 NA
16380 10682 NA
16381 10843 NA
16382 11018 NA
16383 11202 NA
16384 11295 NA
16385 11402 NA
16386 11565 NA
16387 11644 NA
16388 11785 NA
16389 11860 NA
16390 11879 NA
16391 11776 NA
16392 11754 NA
16393 11754 NA
16394 11690 NA
16395 11525 NA
16396 11201 NA
16397 10857 NA
16398 10593 NA
16399 10682 NA
16400 10720 NA
16401 10912 NA
16402 11054 NA
16403 11123 NA
16404 11212 NA
16405 11161 NA
16406 10948 NA
16407 10945 NA
16408 10905 NA
16409 10937 NA
16410 11059 NA
16411 11164 NA
16412 11153 NA
16413 11126 NA
16414 10967 NA
16415 11048 NA
16416 11016 NA
16417 11214 NA
16418 11207 NA
16419 11157 NA
16420 11074 NA
16421 11129 NA
16422 11077 NA
16423 11162 NA
16424 11363 NA
16425 11200 NA
16426 11248 NA
16427 11233 NA
16428 11323 NA
16429 11343 NA
16430 11380 NA
16431 11479 NA
16432 11351 NA
16433 11283 NA
16434 11058 NA
16435 11020 NA
16436 11109 NA
16437 11090 NA
16438 11021 NA
16439 11047 NA
16440 10997 NA
16441 11029 NA
16442 11185 NA
16443 11203 NA
16444 11191 NA
16445 11092 NA
16446 11064 NA
16447 10987 NA
16448 10972 NA
16449 10995 NA
16450 10918 NA
16451 10752 NA
16452 10795 NA
16453 10373 NA
16454 10025 NA
16455 10136 NA
16456 10140 NA
16457 9798 NA
16458 10225 NA
16459 10480 NA
16460 10736 NA
16461 10965 NA
16462 11085 NA
16463 11158 NA
16464 11143 NA
16465 11112 NA
16466 11173 NA
16467 11382 NA
16468 11479 NA
16469 11442 NA
16470 11333 NA
16471 11269 NA
16472 11095 NA
16473 10807 NA
16474 10967 NA
16475 10951 NA
16476 10976 NA
16477 11132 NA
16478 11124 NA
16479 11188 NA
16480 11257 NA
16481 11224 NA
16482 11224 NA
16483 11145 NA
16484 11273 NA
16485 11257 NA
16486 11219 NA
16487 11211 NA
16488 11084 NA
16489 10952 NA
16490 11000 NA
16491 10991 NA
16492 10826 NA
16493 10806 NA
16494 10988 NA
16495 10977 NA
16496 11129 NA
16497 11070 NA
16498 11238 NA
16499 11294 NA
16500 11247 NA
16501 11186 NA
16502 11106 NA
16503 11214 NA
16504 11305 NA
16505 11346 NA
16506 11277 NA
16507 11237 NA
16508 11100 NA
16509 10978 NA
16510 10958 NA
16511 10889 NA
16512 10986 NA
16513 11065 NA
16514 11342 NA
16515 11297 NA
16516 11333 NA
16517 11130 NA
16518 11260 NA
16519 11362 NA
16520 11142 NA
16521 11412 NA
16522 11655 NA
16523 11608 NA
16524 11473 NA
16525 11612 NA
16526 11760 NA
16527 11693 NA
16528 11592 NA
16529 11604 NA
16530 11707 NA
16531 11704 NA
16532 11665 NA
16533 11310 NA
16534 11290 NA
16535 11251 NA
16536 11502 NA
16537 11840 NA
16538 12119 NA
16539 12392 NA
16540 12522 NA
16541 12125 NA
16542 11976 NA
16543 11981 NA
16544 11678 NA
16545 11453 NA
16546 11390 NA
16547 11535 NA
16548 11554 NA
16549 11331 NA
16550 11341 NA
16551 11359 NA
16552 11444 NA
16553 11397 NA
16554 11505 NA
16555 11535 NA
16556 11561 NA
16557 11509 NA
16558 11417 NA
16559 11394 NA
16560 11499 NA
16561 11284 NA
16562 11221 NA
16563 11300 NA
16564 11328 NA
16565 11362 NA
16566 11242 NA
16567 11438 NA
16568 11532 NA
16569 11626 NA
16570 11597 NA
16571 11620 NA
16572 11538 NA
16573 11532 NA
16574 11535 NA
16575 11606 NA
16576 11557 NA
16577 11381 NA
16578 11304 NA
16579 11439 NA
16580 11519 NA
16581 11688 NA
16582 11719 NA
16583 11733 NA
16584 11639 NA
16585 11656 NA
16586 11403 NA
16587 11374 NA
16588 11387 NA
16589 11407 NA
16590 11486 NA
16591 11706 NA
16592 11817 NA
16593 11966 NA
16594 11943 NA
16595 12042 NA
16596 12178 NA
16597 12353 NA
16598 12482 NA
16599 12596 NA
16600 12378 NA
16601 12097 NA
16602 12054 NA
16603 11916 NA
16604 11780 NA
16605 11802 NA
16606 11675 NA
16607 11581 NA
16608 11655 NA
16609 11809 NA
16610 11572 NA
16611 11558 NA
16612 11561 NA
16613 10993 NA
16614 11009 NA
16615 10928 NA
16616 10926 NA
16617 11029 NA
16618 10953 NA
16619 10919 NA
16620 11020 NA
16621 11007 NA
16622 11045 NA
16623 11075 NA
16624 11208 NA
16625 11181 NA
16626 11117 NA
16627 11297 NA
16628 11362 NA
16629 11535 NA
16630 11705 NA
16631 11602 NA
16632 11683 NA
16633 11639 NA
16634 11382 NA
16635 11352 NA
16636 11374 NA
16637 11593 NA
16638 11522 NA
16639 11593 NA
16640 11775 NA
16641 11883 NA
16642 11811 NA
16643 11784 NA
16644 11479 NA
16645 11403 NA
16646 11516 NA
16647 11676 NA
16648 11744 NA
16649 11787 NA
16650 11717 NA
16651 11454 NA
16652 11406 NA
16653 11510 NA
16654 11436 NA
16655 11257 NA
16656 10977 NA
16657 10922 NA
16658 10983 NA
16659 11081 NA
16660 11200 NA
16661 11295 NA
16662 11413 NA
16663 11068 NA
16664 10885 NA
16665 11048 NA
16666 10882 NA
16668 11056 NA
16669 11153 NA
16670 11213 NA
16671 11372 NA
16672 11560 NA
16673 11729 NA
16674 11579 NA
16675 11558 NA
16676 11327 NA
16677 11310 NA
16678 11618 NA
16679 11973 NA
16680 11760 NA
16681 12092 NA
16682 12010 NA
16683 11918 NA
16684 12296 NA
16685 12545 NA
16686 12448 NA
16687 12448 NA
16688 12241 NA
16689 12402 NA
16690 12302 NA
16691 12042 NA
16692 11861 NA
16693 12092 NA
16694 12212 NA
16695 12297 NA
16696 12255 NA
16697 12414 NA
16698 12232 NA
16699 12342 NA
16700 12426 NA
16701 12530 NA
16702 12567 NA
16703 12567 NA
16704 12624 NA
16705 12652 NA
16706 12754 NA
16707 12813 NA
16708 12372 NA
16709 12606 NA
16710 12776 NA
16711 12958 NA
16712 13253 NA
16715 13849 NA
16717 13958 NA
16719 13917 NA
16720 13917 NA
16721 13272 NA
16722 13225 NA
16723 13276 NA
16724 13094 NA
16725 13127 NA
16726 12926 NA
16727 12926 NA
16728 13108 NA
16729 13139 NA
16730 13230 NA
16731 13421 NA
16732 13455 NA
16733 13327 NA
16734 13119 NA
16735 13383 NA
16736 13459 NA
16737 13606 NA
16738 13807 NA
16739 13965 NA
16740 14023 NA
16741 14023 NA
16742 13991 NA
16743 14306 NA
16744 14728 NA
16745 14948 NA
16746 15355 NA
16747 15466 NA
16748 15466 NA
16749 15993 NA
16750 16160 NA
16751 16254 NA
16752 16012 NA
16753 15861 NA
16754 15969 NA
16755 16280 NA
16756 16090 NA
16757 15761 NA
16759 15551 NA
16760 15431 NA
16761 15017 NA
16762 15017 NA
16763 14842 NA
16764 14722 NA
16765 14765 NA
16766 14666 NA
16767 14769 NA
16768 14883 NA
16769 14610 NA
16770 14015 NA
16771 13627 NA
16772 13461 NA
16773 13581 NA
16774 13321 NA
16775 12931 NA
16776 12931 NA
16777 12820 NA
16778 12707 NA
16779 12666 NA
16780 12681 NA
16781 12765 NA
16782 13119 NA
16783 13272 NA
16784 13726 NA
16785 14127 NA
16786 14411 NA
16787 14661 NA
16788 15346 NA
16789 16024 NA
16790 16693 NA
16791 17402 NA
16792 18271 NA
16793 19088 NA
16794 19513 NA
16795 19938 NA
16796 20673 NA
16797 21304 NA
16798 21772 NA
16799 22724 NA
16800 23422 NA
16801 24513 NA
16802 24940 NA
16803 25094 NA
16804 24832 NA
16805 24921 NA
16807 23825 NA
16808 23760 NA
16809 23593 NA
16810 23738 NA
16811 24187 NA
16812 24996 NA
16813 25363 NA
16814 25731 NA
16815 26211 NA
16816 26238 NA
16817 25524 NA
16818 24651 NA
16820 23860 NA
16821 23732 NA
16822 24064 NA
16823 24777 NA
16824 25408 NA
16825 26381 NA
16826 25668 NA
16827 24384 NA
16828 23164 NA
16829 22005 NA
16830 20904 NA
16831 19858 NA
16832 19858 NA
16833 18865 NA
16834 17024 NA
16835 16172 NA
16836 15389 NA
16837 14754 NA
16838 14179 NA
16839 13597 NA
16840 13266 NA
16841 12874 NA
16842 12381 NA
16843 12360 NA
16844 12622 NA
16845 12659 NA
16847 12562 NA
16849 12579 NA
16850 12505 NA
16851 12076 NA
16852 12150 NA
16853 12150 NA
16854 11296 NA
16855 11473 NA
16856 11473 NA
16857 11680 NA
16858 11974 NA
16859 12053 NA
16860 12080 NA
16861 12235 NA
16862 11980 NA
16863 11935 NA
16864 12093 NA
16865 12298 NA
16866 12481 NA
16867 12553 NA
16869 12321 NA
16870 12228 NA
16871 12312 NA
16872 12301 NA
16873 12253 NA
16874 12055 NA
16875 12262 NA
16876 12428 NA
16878 12483 NA
16879 12606 NA
16880 12754 NA
16881 12755 NA
16882 12406 NA
16883 12677 NA
16884 12831 NA
16885 12856 NA
16886 12744 NA
16887 12747 NA
16888 12845 NA
16889 12788 NA
16890 12481 NA
16891 12388 NA
16892 12420 NA
16893 12361 NA
16894 12527 NA
16895 12576 NA
16896 12254 NA
16897 12229 NA
16898 12014 NA
16899 12037 NA
16900 12092 NA
16901 12050 NA
16902 12104 NA
16903 11758 NA
16904 11828 NA
16905 11998 NA
16906 12172 NA
16907 12165 NA
16908 12046 NA
16909 11875 NA
16910 11639 NA
16911 11776 NA
16912 12102 NA
16913 12374 NA
16914 12386 NA
16915 11900 NA
16916 11900 NA
16917 12322 NA
16918 12514 NA
16919 12465 NA
16920 12292 NA
16921 12502 NA
16922 12716 NA
16923 12964 NA
16924 12990 NA
16925 13159 NA
16926 13177 NA
16927 13138 NA
16928 12898 NA
16929 12447 NA
16930 12543 NA
16931 12798 NA
16932 12435 NA
16933 12399 NA
16934 12513 NA
16935 12567 NA
16937 12571 NA
16938 12551 NA
16939 12494 NA
16940 12402 NA
16941 12180 NA
16942 12214 NA
16943 12087 NA
16944 12087 NA
16945 11366 NA
16946 11555 NA
16949 11294 NA
16950 11205 NA
16951 11336 NA
16952 11268 NA
16953 11432 NA
16954 11749 NA
16955 11981 NA
16956 12142 NA
16957 12235 NA
16958 12090 NA
16959 12304 NA
16960 12233 NA
16966 12356 NA
16968 12190 NA
16969 12115 NA
16970 12127 NA
16971 11982 NA
16972 11791 NA
16974 11820 NA
16975 11564 NA
16976 11339 NA
16977 11151 NA
16978 11024 NA
16979 10795 NA
16980 10557 NA
16981 10424 NA
16982 10557 NA
16984 10809 NA
16985 11184 NA
16986 11184 NA
16987 11559 NA
16988 11569 NA
16989 11465 NA
16990 11351 NA
16991 11461 NA
16992 11701 NA
16993 11851 NA
16994 11886 NA
16999 12292 NA
17000 12122 NA
17001 12086 NA
17006 11738 NA
17007 11738 NA
17014 13105 NA
17015 13005 NA
17016 13041 NA
17017 13330 NA
17018 13032 NA
17019 13129 NA
17020 13167 NA
17021 13167 NA
17022 12298 NA
17023 12247 NA
17024 12468 NA
17025 12592 NA
17026 12524 NA
17027 12739 NA
17028 12739 NA
17029 13080 NA
17031 13600 NA
17032 13631 NA
17033 13963 NA
17034 14104 NA
17035 14104 NA
17036 14065 NA
17037 13848 NA
17038 13421 NA
17039 13386 NA
17040 13405 NA
17042 13276 NA
17044 12890 NA
17045 13290 NA
17046 13290 NA
17047 13682 NA
17048 13702 NA
17049 13016 NA
17050 12653 NA
17051 12283 NA
17052 12404 NA
17053 12404 NA
17054 12720 NA
17055 12585 NA
17056 12873 NA
17057 13099 NA
17058 13317 NA
17059 13378 NA
17060 13271 NA
17061 13148 NA
17062 13056 NA
17063 13392 NA
17064 13008 NA
17069 12876 NA
17070 12690 NA
17071 12432 NA
17072 12497 NA
17073 12780 NA
17075 12809 NA
17076 12469 NA
17077 12469 NA
17078 12307 NA
17079 12126 NA
17080 12236 NA
17081 12306 NA
17083 12119 NA
17084 12119 NA
17085 11757 NA
17086 11784 NA
17087 11751 NA
17088 11566 NA
17089 11350 NA
17091 11154 NA
17092 11499 NA
17093 11980 NA
17094 11952 NA
17095 11952 NA
17096 12149 NA
17097 12114 NA
17098 12114 NA
17099 12261 NA
17100 12350 NA
17101 12378 NA
17102 12378 NA
17103 12455 NA
17104 12730 NA
17105 12740 NA
17106 12877 NA
17107 12911 NA
17108 12911 NA
17109 12935 NA
17110 12935 NA
17111 12921 NA
17112 13001 NA
17113 13014 NA
17114 13063 NA
17115 13063 NA
17117 13049 NA
17118 12825 NA
17119 12857 NA
17123 13233 NA
17124 12729 NA
17125 12776 NA
17126 12578 NA
17127 12540 NA
17129 12588 NA
17130 12302 NA
17131 12302 NA
17132 12197 NA
17133 12197 NA
17134 12041 NA
17135 12301 NA
17136 12465 NA
17138 12303 NA
17139 12064 NA
17140 11959 NA
17141 11656 NA
17142 11414 NA
17143 11356 NA
17144 11364 NA
17145 11210 NA
17146 11210 NA
17147 11189 NA
