"Index" "Price" "Volume"
14019 5000 NA
14020 5000 NA
14021 5000 NA
14022 5000 NA
14023 5000 NA
14024 5000 NA
14025 5000 NA
14026 5000 NA
14027 5000 NA
14028 5000 NA
14029 5000 NA
14030 5000 NA
14031 5000 NA
14032 5000 NA
14033 5000 NA
14034 5000 NA
14035 5000 NA
14036 5000 NA
14037 5000 NA
14038 5000 NA
14039 5000 NA
14040 5000 NA
14041 5000 NA
14042 5000 NA
14043 5000 NA
14044 5000 NA
14045 5000 NA
14046 5000 NA
14047 5000 NA
14048 5000 NA
14049 5000 NA
14050 5000 NA
14051 5000 NA
14052 5000 NA
14053 5000 NA
14054 5000 NA
14055 5000 NA
14056 5000 NA
14057 5000 NA
14058 5000 NA
14059 5000 NA
14060 5000 NA
14061 5000 NA
14062 5000 NA
14063 5000 NA
14064 5000 NA
14065 5000 NA
14066 5000 NA
14067 5000 NA
14068 5000 NA
14069 5000 NA
14070 5000 NA
14071 5000 NA
14072 5000 NA
14073 5000 NA
14074 5000 NA
14075 5000 NA
14076 5000 NA
14077 5000 NA
14078 5000 NA
14079 5000 NA
14080 5000 NA
14081 5000 NA
14082 5000 NA
14083 5000 NA
14084 5000 NA
14085 5000 NA
14086 5000 NA
14087 5000 NA
14088 5000 NA
14089 5000 NA
14090 5000 NA
14091 5000 NA
14092 5000 NA
14093 5000 NA
14094 5000 NA
14095 5000 NA
14096 5000 NA
14097 5000 NA
14098 5000 NA
14099 5000 NA
14100 5000 NA
14101 5000 NA
14102 5000 NA
14103 5000 NA
14104 5000 NA
14105 5000 NA
14106 5000 NA
14107 5000 NA
14108 5000 NA
14109 5000 NA
14110 5000 NA
14111 5000 NA
14112 5000 NA
14113 5000 NA
14114 5000 NA
14115 5000 NA
14116 5000 NA
14117 5000 NA
14118 5000 NA
14119 5000 NA
14120 5000 NA
14121 5000 NA
14122 5000 NA
14123 5000 NA
14124 5000 NA
14125 5000 NA
14126 5000 NA
14127 5000 NA
14128 5000 NA
14129 5000 NA
14130 5000 NA
14131 5000 NA
14132 5000 NA
14133 5000 NA
14134 5000 NA
14135 5000 NA
14136 5000 NA
14137 5000 NA
14138 5000 NA
14139 5000 NA
14140 5000 NA
14141 5000 NA
14142 5000 NA
14143 5000 NA
14144 5000 NA
14145 5000 NA
14146 5000 NA
14147 5000 NA
14148 5000 NA
14149 5000 NA
14150 5000 NA
14151 5000 NA
14152 5000 NA
14153 5000 NA
14154 5000 NA
14155 5000 NA
14156 5000 NA
14157 5000 NA
14158 5000 NA
14159 5000 NA
14160 5000 NA
14161 5000 NA
14162 5000 NA
14163 5000 NA
14164 5000 NA
14165 5000 NA
14166 5000 NA
14167 5000 NA
14168 5000 NA
14169 5000 NA
14170 5000 NA
14171 5000 NA
14172 5000 NA
14173 5000 NA
14174 5000 NA
14175 5000 NA
14176 5000 NA
14177 5000 NA
14178 5000 NA
14179 5000 NA
14180 5000 NA
14181 5000 NA
14182 5000 NA
14183 5000 NA
14184 5000 NA
14185 5000 NA
14186 5000 NA
14187 5000 NA
14188 5000 NA
14189 5000 NA
14190 5000 NA
14191 5000 NA
14192 5000 NA
14193 5000 NA
14194 5000 NA
14195 5000 NA
14196 5000 NA
14197 5000 NA
14198 5000 NA
14199 5000 NA
14200 5000 NA
14201 5000 NA
14202 5000 NA
14203 5000 NA
14204 5000 NA
14205 5000 NA
14206 5000 NA
14207 5000 NA
14208 5000 NA
14209 5000 NA
14210 5000 NA
14211 5000 NA
14212 5000 NA
14213 5000 NA
14214 5000 NA
14215 5000 NA
14216 5000 NA
14217 5000 NA
14218 5000 NA
14219 5000 NA
14220 5000 NA
14221 5000 NA
14222 5000 NA
14223 5000 NA
14224 5000 NA
14225 5000 NA
14226 5000 NA
14227 5000 NA
14228 5000 NA
14229 5000 NA
14230 5000 NA
14231 5000 NA
14232 5000 NA
14233 5000 NA
14234 5000 NA
14235 5000 NA
14236 5000 NA
14237 5000 NA
14238 5000 NA
14239 5000 NA
14240 5000 NA
14241 5000 NA
14242 5000 NA
14243 5000 NA
14244 5000 NA
14245 5000 NA
14246 5000 NA
14247 5000 NA
14248 5000 NA
14249 5000 NA
14250 5000 NA
14251 5000 NA
14252 5000 NA
14253 5000 NA
14254 5000 NA
14255 5000 NA
14256 5000 NA
14257 5000 NA
14258 5000 NA
14259 5000 NA
14260 5000 NA
14261 5000 NA
14262 5235 NA
14263 5235 NA
14264 5235 NA
14265 5235 NA
14266 5235 NA
14267 5235 NA
14268 5235 NA
14269 5235 NA
14270 5235 NA
14271 5235 NA
14272 5235 NA
14273 5235 NA
14274 5235 NA
14275 5235 NA
14276 5235 NA
14277 5235 NA
14278 5235 NA
14279 5235 NA
14280 5235 NA
14281 5235 NA
14282 5235 NA
14283 5235 NA
14284 5235 NA
14285 5235 NA
14286 5235 NA
14287 5235 NA
14288 5235 NA
14289 5235 NA
14290 5235 NA
14291 5235 NA
14292 5235 NA
14293 5235 NA
14294 5235 NA
14295 5235 NA
14296 5235 NA
14297 5235 NA
14298 5235 NA
14299 5235 NA
14300 5235 NA
14301 5235 NA
14302 5235 NA
14303 5235 NA
14304 5235 NA
14305 5235 NA
14306 5235 NA
14307 5235 NA
14308 5235 NA
14309 5235 NA
14310 5235 NA
14311 5235 NA
14312 5235 NA
14313 5235 NA
14314 5235 NA
14315 5235 NA
14316 5235 NA
14317 5235 NA
14318 5235 NA
14319 5235 NA
14320 5235 NA
14321 5235 NA
14322 5235 NA
14323 5235 NA
14324 5235 NA
14325 5235 NA
14326 5235 NA
14327 5235 NA
14328 5235 NA
14329 5235 NA
14330 5235 NA
14331 5235 NA
14332 5235 NA
14333 5235 NA
14334 5235 NA
14335 5235 NA
14336 5235 NA
14337 5235 NA
14338 5235 NA
14339 5235 NA
14340 5235 NA
14341 5235 NA
14342 5235 NA
14343 5235 NA
14344 5235 NA
14345 5235 NA
14346 5235 NA
14347 5235 NA
14348 5235 NA
14349 5235 NA
14350 5235 NA
14351 5235 NA
14352 5235 NA
14353 5235 NA
14354 5235 NA
14355 5235 NA
14356 5235 NA
14357 5235 NA
14358 5235 NA
14359 5235 NA
14360 5235 NA
14361 5235 NA
14362 5235 NA
14363 5235 NA
14364 5235 NA
14365 5235 NA
14366 5235 NA
14367 5235 NA
14368 5235 NA
14369 5235 NA
14370 5235 NA
14371 5235 NA
14372 5235 NA
14373 5235 NA
14374 5235 NA
14375 5235 NA
14376 5235 NA
14377 5235 NA
14378 5235 NA
14379 5235 NA
14380 5235 NA
14381 5235 NA
14382 5235 NA
14383 5235 NA
14384 5235 NA
14385 5235 NA
14386 5235 NA
14387 5235 NA
14388 5235 NA
14389 5235 NA
14390 5235 NA
14391 5235 NA
14392 5235 NA
14393 5235 NA
14394 5235 NA
14395 5235 NA
14396 5235 NA
14397 5235 NA
14398 5235 NA
14399 5235 NA
14400 5235 NA
14401 5235 NA
14402 5235 NA
14403 5235 NA
14404 5235 NA
14405 5235 NA
14406 5235 NA
14407 5235 NA
14408 5235 NA
14409 5235 NA
14410 5235 NA
14411 5235 NA
14412 5235 NA
14413 5235 NA
14414 5235 NA
14415 5235 NA
14416 5235 NA
14417 5235 NA
14418 5235 NA
14419 5235 NA
14420 5235 NA
14421 5235 NA
14422 5235 NA
14423 5235 NA
14424 5235 NA
14425 5235 NA
14426 5235 NA
14428 5235 NA
14429 5235 NA
14430 5235 NA
14431 5235 NA
14432 5235 NA
14433 5235 NA
14434 5235 NA
14435 5235 NA
14436 5235 NA
14437 5235 NA
14438 5235 NA
14439 5235 NA
14440 5235 NA
14441 5235 NA
14442 5235 NA
14443 5235 NA
14444 5235 NA
14445 5235 NA
14446 5235 NA
14447 5235 NA
14448 5235 NA
14449 5235 NA
14450 5235 NA
14451 5235 NA
14452 5235 NA
14453 5235 NA
14454 5447 NA
14455 5447 NA
14456 5447 NA
14457 5447 NA
14458 5447 NA
14459 5447 NA
14460 5447 NA
14461 5447 NA
14462 5447 NA
14463 5447 NA
14464 5447 NA
14465 5447 NA
14466 5447 NA
14467 5447 NA
14468 5447 NA
14469 5447 NA
14470 5447 NA
14471 5447 NA
14472 5447 NA
14473 5447 NA
14474 5447 NA
14475 5447 NA
14476 5447 NA
14477 5447 NA
14478 5447 NA
14479 5447 NA
14480 5447 NA
14481 5447 NA
14482 5447 NA
14483 5447 NA
14484 5447 NA
14485 5447 NA
14486 5447 NA
14487 5447 NA
14488 5447 NA
14489 5447 NA
14490 5447 NA
14491 5447 NA
14492 5447 NA
14493 5447 NA
14494 5447 NA
14495 5447 NA
14496 5447 NA
14497 5447 NA
14498 5447 NA
14499 5447 NA
14500 5447 NA
14501 5447 NA
14502 5447 NA
14503 5447 NA
14504 5447 NA
14505 5447 NA
14506 5447 NA
14507 5447 NA
14508 5447 NA
14509 5447 NA
14510 5447 NA
14511 5447 NA
14512 5447 NA
14513 5447 NA
14514 5447 NA
14515 5447 NA
14516 5447 NA
14517 5447 NA
14518 5447 NA
14519 5447 NA
14520 5447 NA
14521 5447 NA
14522 5447 NA
14523 5447 NA
14524 5447 NA
14525 5447 NA
14526 5447 NA
14527 5447 NA
14528 5447 NA
14529 5447 NA
14530 5447 NA
14531 5447 NA
14532 5447 NA
14533 5447 NA
14534 5447 NA
14535 5447 NA
14536 5447 NA
14537 5447 NA
14538 5447 NA
14539 5447 NA
14540 5447 NA
14541 5447 NA
14542 5447 NA
14543 5447 NA
14544 5447 NA
14545 5447 NA
14546 5447 NA
14547 5447 NA
14548 5447 NA
14549 5447 NA
14550 5447 NA
14551 5447 NA
14552 5447 NA
14553 5447 NA
14554 5447 NA
14555 5447 NA
14556 5447 NA
14557 5447 NA
14558 5447 NA
14559 5447 NA
14560 5447 NA
14561 5447 NA
14562 5447 NA
14563 5447 NA
14564 5447 NA
14565 5447 NA
14566 5447 NA
14567 5447 NA
14568 5447 NA
14569 5447 NA
14570 5447 NA
14571 5447 NA
14572 5447 NA
14573 5447 NA
14574 5447 NA
14575 5447 NA
14576 5447 NA
14577 5447 NA
14578 5447 NA
14579 5447 NA
14580 5447 NA
14581 5447 NA
14582 5447 NA
14583 5447 NA
14584 5447 NA
14585 5447 NA
14586 5447 NA
14587 5447 NA
14588 5447 NA
14589 5447 NA
14590 5447 NA
14591 5447 NA
14592 5447 NA
14593 5447 NA
14594 5447 NA
14595 5447 NA
14596 5447 NA
14597 5447 NA
14598 5447 NA
14599 5447 NA
14600 5447 NA
14601 5447 NA
14602 5447 NA
14603 5447 NA
14604 5447 NA
14605 5447 NA
14606 5447 NA
14607 5447 NA
14608 5447 NA
14609 5447 NA
14610 5447 NA
14611 5447 NA
14612 5447 NA
14613 5447 NA
14614 5447 NA
14615 5447 NA
14616 5447 NA
14617 5447 NA
14618 5447 NA
14619 5447 NA
14620 5447 NA
14621 5447 NA
14622 5447 NA
14623 5447 NA
14624 5447 NA
14625 5447 NA
14626 5447 NA
14627 5447 NA
14628 5447 NA
14629 5447 NA
14630 5447 NA
14631 5447 NA
14632 5447 NA
14633 5447 NA
14634 5447 NA
14635 5447 NA
14636 5447 NA
14637 5447 NA
14638 5447 NA
14639 5447 NA
14640 5447 NA
14641 1606 NA
14642 1606 NA
14643 1606 NA
14644 1606 NA
14645 1606 NA
14646 1606 NA
14647 1606 NA
14648 1606 NA
14649 1606 NA
14650 1607 NA
14651 1607 NA
14653 1607 NA
14654 1607 NA
14655 1607 NA
14656 1607 NA
14657 1607 NA
14658 1607 NA
14659 1607 NA
14660 1607 NA
14661 1607 NA
14662 1607 NA
14663 1607 NA
14664 1607 NA
14665 1606 NA
14666 1606 NA
14667 1606 NA
14668 1606 NA
14669 1606 NA
14670 1606 NA
14671 1607 NA
14672 1607 NA
14673 1607 NA
14674 1607 NA
14675 1607 NA
14676 1607 NA
14677 1607 NA
14678 1607 NA
14679 1607 NA
14680 1607 NA
14681 1607 NA
14682 1607 NA
14683 1607 NA
14684 1607 NA
14685 1607 NA
14686 1606 NA
14687 1606 NA
14688 1606 NA
14689 1606 NA
14690 1606 NA
14691 1606 NA
14692 1606 NA
14693 1606 NA
14694 1606 NA
14695 1606 NA
14696 1606 NA
14697 1606 NA
14698 1612 NA
14699 1612 NA
14700 1612 NA
14701 1612 NA
14702 1612 NA
14703 1611 NA
14704 1611 NA
14705 1611 NA
14706 1611 NA
14707 1611 NA
14708 1611 NA
14709 1611 NA
14710 1611 NA
14711 1611 NA
14712 1611 NA
14713 1611 NA
14714 1611 NA
14715 1610 NA
14716 1610 NA
14717 1610 NA
14718 1610 NA
14719 1610 NA
14720 1610 NA
14721 1610 NA
14722 1610 NA
14723 1610 NA
14724 1609 NA
14725 1609 NA
14726 1609 NA
14727 1609 NA
14728 1609 NA
14729 1609 NA
14730 1609 NA
14731 1609 NA
14732 1609 NA
14733 1609 NA
14734 1609 NA
14735 1609 NA
14736 1609 NA
14737 1609 NA
14738 1609 NA
14739 1609 NA
14740 1608 NA
14741 1608 NA
14742 1608 NA
14743 1608 NA
14744 1608 NA
14745 1608 NA
14746 1608 NA
14747 1607 NA
14748 1607 NA
14749 1607 NA
14750 1607 NA
14751 1607 NA
14752 1607 NA
14753 1607 NA
14754 1606 NA
14755 1606 NA
14756 1606 NA
14757 1606 NA
14758 1610 NA
14759 1610 NA
14760 1610 NA
14761 1610 NA
14762 1610 NA
14763 1610 NA
14764 1610 NA
14765 1610 NA
14766 1610 NA
14767 1610 NA
14768 1609 NA
14769 1609 NA
14770 1609 NA
14771 1609 NA
14772 1609 NA
14773 1609 NA
14774 1608 NA
14775 1608 NA
14776 1608 NA
14777 1608 NA
14778 1608 NA
14779 1608 NA
14780 1607 NA
14781 1607 NA
14782 1607 NA
14783 1607 NA
14784 1607 NA
14785 1607 NA
14786 1606 NA
14787 1606 NA
14788 1606 NA
14789 1606 NA
14790 1606 NA
14791 1606 NA
14792 1606 NA
14793 1606 NA
14794 1606 NA
14795 1606 NA
14796 1606 NA
14797 1606 NA
14798 1606 NA
14799 1606 NA
14800 1606 NA
14801 1606 NA
14802 1606 NA
14803 1606 NA
14804 1606 NA
14805 1605 NA
14806 1605 NA
14807 1605 NA
14808 1605 NA
14809 1605 NA
14810 1604 NA
14811 1604 NA
14812 1604 NA
14813 1604 NA
14814 1604 NA
14815 1604 NA
14816 1603 NA
14817 1603 NA
14818 1603 NA
14819 1603 NA
14820 1603 NA
14821 1603 NA
14822 1602 NA
14823 1602 NA
14824 1602 NA
14825 1602 NA
14826 1602 NA
14827 1602 NA
14828 1600 NA
14829 1600 NA
14830 1600 NA
14831 1600 NA
14832 1600 NA
14833 1600 NA
14834 1599 NA
14835 1599 NA
14836 1599 NA
14837 1599 NA
14838 1599 NA
14839 1599 NA
14840 1598 NA
14841 1598 NA
14842 1598 NA
14843 1598 NA
14844 1598 NA
14845 1598 NA
14846 1597 NA
14847 1597 NA
14848 1597 NA
14849 1597 NA
14850 1594 NA
14851 1594 NA
14852 1594 NA
14853 1594 NA
14854 1594 NA
14855 1594 NA
14856 1594 NA
14857 1594 NA
14858 1594 NA
14859 1593 NA
14860 1593 NA
14861 1593 NA
14862 1593 NA
14863 1593 NA
14864 1593 NA
14865 1591 NA
14866 1591 NA
14867 1591 NA
14868 1591 NA
14869 1591 NA
14870 1591 NA
14871 1591 NA
14872 1590 NA
14873 1590 NA
14874 1590 NA
14875 1590 NA
14876 1590 NA
14877 1590 NA
14878 1590 NA
14879 1591 NA
14880 1591 NA
14881 1591 NA
14882 1591 NA
14883 1591 NA
14884 1591 NA
14885 1592 NA
14886 1592 NA
14887 1592 NA
14888 1592 NA
14889 1592 NA
14890 1592 NA
14891 1592 NA
14892 1592 NA
14893 1592 NA
14894 1592 NA
14895 1592 NA
14896 1593 NA
14897 1593 NA
14898 1593 NA
14899 1593 NA
14900 1593 NA
14901 1594 NA
14902 1594 NA
14903 1594 NA
14904 1594 NA
14905 1594 NA
14906 1594 NA
14907 1594 NA
14908 1594 NA
14909 1593 NA
14910 1593 NA
14911 1593 NA
14912 1593 NA
14913 1593 NA
14914 1593 NA
14915 1593 NA
14916 1591 NA
14917 1591 NA
14918 1591 NA
14920 1591 NA
14921 1591 NA
14922 1589 NA
14923 1589 NA
14924 1589 NA
14925 1589 NA
14926 1589 NA
14927 1589 NA
14928 1588 NA
14929 1588 NA
14930 1588 NA
14931 1588 NA
14932 1588 NA
14933 1588 NA
14934 1587 NA
14935 1587 NA
14936 1587 NA
14937 1587 NA
14938 1573 NA
14939 1573 NA
14940 1571 NA
14941 1571 NA
14942 1571 NA
14943 1571 NA
14944 1722 NA
14945 1722 NA
14946 1722 NA
14947 1722 NA
14948 1722 NA
14949 1727 NA
14950 1727 NA
14951 1727 NA
14952 1727 NA
14953 1727 NA
14954 1725 NA
14955 1725 NA
14956 1725 NA
14957 1725 NA
14958 1719 NA
14959 1719 NA
14960 1719 NA
14961 1719 NA
14962 1715 NA
14963 1715 NA
14964 1715 NA
14965 1715 NA
14966 1710 NA
14967 1710 NA
14968 1710 NA
14969 1710 NA
14970 1710 NA
14971 1707 NA
14972 1707 NA
14973 1707 NA
14974 1703 NA
14975 1703 NA
14979 1699 NA
14981 1695 NA
14984 1692 NA
14986 1692 NA
14987 1689 NA
14990 1686 NA
14991 1686 NA
14992 1683 NA
14995 1683 NA
14996 1680 NA
14998 1678 NA
15001 1676 NA
15003 1673 NA
15010 1673 NA
15017 1673 NA
15024 1673 NA
15031 1673 NA
15038 1673 NA
15045 1673 NA
15052 1673 NA
15059 1673 NA
15066 1673 NA
15073 1673 NA
15080 1673 NA
15087 1673 NA
15094 1673 NA
15101 1673 NA
15108 1673 NA
15115 1673 NA
15122 1673 NA
15129 1673 NA
15136 1673 NA
15143 1673 NA
15150 1673 NA
15157 1673 NA
15164 1673 NA
15171 1673 NA
15178 1673 NA
15185 1673 NA
15192 1673 NA
15199 1673 NA
15206 1673 NA
15213 1673 NA
15220 1673 NA
15227 1673 NA
15234 1673 NA
15241 1673 NA
15248 1673 NA
15255 1673 NA
15262 1673 NA
15269 1673 NA
15276 1673 NA
15283 1673 NA
15290 1673 NA
15297 1673 NA
15304 1673 NA
15311 1673 NA
15318 1673 NA
15325 1673 NA
15332 1673 NA
15339 1673 NA
15340 1673 NA
15341 1673 NA
15342 1673 NA
15343 1673 NA
15344 1673 NA
15345 1673 NA
15346 1673 NA
15347 1673 NA
15348 1673 NA
15349 1673 NA
15350 1673 NA
15351 1673 NA
15352 1673 NA
15353 1673 NA
15354 1673 NA
15355 1673 NA
15356 1673 NA
15357 1673 NA
15358 1673 NA
15359 1673 NA
15360 1673 NA
15361 1673 NA
15362 1673 NA
15363 1673 NA
15364 1673 NA
15365 1673 NA
15366 1673 NA
15367 1673 NA
15368 1673 NA
15369 1673 NA
15370 1673 NA
15371 1673 NA
15372 1673 NA
15373 1673 NA
15374 1673 NA
15375 1673 NA
15376 1673 NA
15377 1673 NA
15378 1673 NA
15379 1673 NA
15380 1673 NA
15381 1673 NA
15382 1673 NA
15383 1673 NA
15384 1673 NA
15385 1673 NA
15386 1673 NA
15387 1673 NA
15388 1673 NA
15389 1673 NA
15390 1673 NA
15391 1673 NA
15392 1673 NA
15393 1673 NA
15394 1673 NA
15395 1673 NA
15396 1673 NA
15397 1673 NA
15398 1673 NA
15399 1673 NA
15400 1673 NA
15401 1673 NA
15402 1673 NA
15403 1673 NA
15404 1673 NA
15405 1673 NA
15406 1673 NA
15407 1673 NA
15408 1673 NA
15409 1673 NA
15410 1673 NA
15411 1673 NA
15412 1673 NA
15413 1673 NA
15414 1673 NA
15415 1673 NA
15416 1673 NA
15417 1673 NA
15418 1673 NA
15419 1673 NA
15420 1673 NA
15421 1673 NA
15422 1673 NA
15423 1673 NA
15424 1673 NA
15425 1673 NA
15426 1673 NA
15427 1673 NA
15428 1673 NA
15429 1673 NA
15430 1673 NA
15431 1673 NA
15432 1673 NA
15433 1673 NA
15434 1673 NA
15435 1673 NA
15436 1673 NA
15437 1673 NA
15438 1673 NA
15439 1673 NA
15440 1673 NA
15441 1673 NA
15442 1673 NA
15443 1673 NA
15444 1673 NA
15445 1673 NA
15446 1673 NA
15447 1673 NA
15448 1673 NA
15449 1673 NA
15450 1673 NA
15451 1673 NA
15452 1673 NA
15453 1673 NA
15454 1673 NA
15455 1673 NA
15456 1673 NA
15457 1673 NA
15458 1673 NA
15459 1673 NA
15460 1673 NA
15461 1673 NA
15462 1673 NA
15463 1673 NA
15464 1673 NA
15465 1673 NA
15466 1673 NA
15467 1673 NA
15468 1673 NA
15469 1673 NA
15470 1673 NA
15471 1673 NA
15472 1673 NA
15473 1673 NA
15474 1673 NA
15475 1673 NA
15476 1673 NA
15477 1673 NA
15478 1673 NA
15479 1673 NA
15480 1673 NA
15481 1673 NA
15482 1673 NA
15483 1673 NA
15484 1673 NA
15485 1673 NA
15486 1673 NA
15487 1673 NA
15488 1673 NA
15489 1673 NA
15490 1673 NA
15491 1673 NA
15492 1673 NA
15493 1673 NA
15494 1673 NA
15495 1673 NA
15496 1673 NA
15497 1673 NA
15498 1673 NA
15499 1673 NA
15500 1673 NA
15501 1673 NA
15502 1673 NA
15503 1673 NA
15504 1673 NA
15505 1673 NA
15506 1673 NA
15507 1673 NA
15508 1673 NA
15509 1673 NA
15510 1673 NA
15511 1673 NA
15512 1673 NA
15513 1673 NA
15514 1673 NA
15515 1673 NA
15516 1673 NA
15517 1673 NA
15518 1673 NA
15519 1673 NA
15520 1673 NA
15521 1673 NA
15522 1673 NA
15523 1673 NA
15524 1673 NA
15525 1673 NA
15526 1673 NA
15527 1673 NA
15528 1673 NA
15529 1673 NA
15530 1673 NA
15531 1673 NA
15532 1673 NA
15533 1673 NA
15534 1673 NA
15535 1673 NA
15536 1673 NA
15537 1673 NA
15538 1673 NA
15539 1673 NA
15540 1673 NA
15541 1673 NA
15542 1673 NA
15543 1673 NA
15544 1673 NA
15545 1673 NA
15546 1673 NA
15547 1673 NA
15548 1673 NA
15549 1673 NA
15550 1673 NA
15551 1673 NA
15552 1673 NA
15553 1673 NA
15554 1673 NA
15555 1673 NA
15556 1673 NA
15557 1673 NA
15558 1735 NA
15559 1735 NA
15560 1735 NA
15561 1735 NA
15562 1735 NA
15563 1735 NA
15564 1735 NA
15565 1735 NA
15566 1735 NA
15567 1735 NA
15568 1735 NA
15569 1735 NA
15570 1735 NA
15571 1735 NA
15572 1735 NA
15573 1735 NA
15574 1735 NA
15575 1735 NA
15576 1735 NA
15577 1735 NA
15578 1735 NA
15579 1735 NA
15580 1735 NA
15581 1735 NA
15582 1735 NA
15583 1735 NA
15584 1735 NA
15585 1735 NA
15586 1735 NA
15587 1735 NA
15588 1735 NA
15589 1735 NA
15590 1735 NA
15591 1735 NA
15592 1735 NA
15593 1735 NA
15594 1735 NA
15595 1735 NA
15596 1735 NA
15597 1735 NA
15598 1735 NA
15599 1735 NA
15600 1735 NA
15601 1735 NA
15602 1735 NA
15603 1735 NA
15604 1735 NA
15605 1735 NA
15606 1735 NA
15607 1735 NA
15608 1735 NA
15609 1735 NA
15610 1735 NA
15611 1735 NA
15612 1735 NA
15613 1735 NA
15614 1735 NA
15615 1735 NA
15616 1735 NA
15617 1735 NA
15618 1735 NA
15619 1735 NA
15620 1735 NA
15621 1735 NA
15622 1735 NA
15623 1735 NA
15624 1735 NA
15625 1735 NA
15626 1735 NA
15627 1735 NA
15628 1735 NA
15629 1735 NA
15630 1735 NA
15631 1735 NA
15632 1735 NA
15633 1735 NA
15634 1735 NA
15635 1735 NA
15636 1735 NA
15637 1735 NA
15638 1735 NA
15639 1735 NA
15640 1735 NA
15641 1735 NA
15642 1735 NA
15643 1735 NA
15644 1735 NA
15645 1735 NA
15646 1735 NA
15647 1735 NA
15648 1735 NA
15649 1735 NA
15650 1735 NA
15651 1735 NA
15652 1735 NA
15653 1735 NA
15654 1735 NA
15655 1735 NA
15656 1735 NA
15657 1735 NA
15658 1735 NA
15659 1735 NA
15660 1735 NA
15661 1735 NA
15662 1735 NA
15663 1735 NA
15664 1735 NA
15665 1735 NA
15666 1735 NA
15667 1735 NA
15668 1735 NA
15669 1735 NA
15670 1735 NA
15671 1735 NA
15672 1735 NA
15673 1735 NA
15674 1735 NA
15675 1735 NA
15676 1735 NA
15677 1735 NA
15678 1735 NA
15679 1735 NA
15680 1735 NA
15681 1735 NA
15682 1735 NA
15683 1735 NA
15684 1735 NA
15685 1735 NA
15686 1735 NA
15687 1735 NA
15688 1735 NA
15689 1735 NA
15690 1735 NA
15691 1735 NA
15692 1735 NA
15693 1735 NA
15694 1735 NA
15695 1735 NA
15696 1735 NA
15697 1735 NA
15698 1735 NA
15699 1735 NA
15700 1735 NA
15701 1735 NA
15702 1735 NA
15703 1735 NA
15704 1735 NA
15705 1735 NA
15706 1735 NA
15707 1735 NA
15708 1735 NA
15709 1735 NA
15710 1735 NA
15711 1735 NA
15712 1735 NA
15713 1735 NA
15714 1735 NA
15715 1735 NA
15716 1735 NA
15717 1735 NA
15718 1735 NA
15719 1735 NA
15720 1735 NA
15721 1735 NA
15722 1735 NA
15723 1735 NA
15724 1735 NA
15725 1735 NA
15726 1735 NA
15727 1735 NA
15728 1735 NA
15729 1735 NA
15730 1735 NA
15731 1735 NA
15732 1735 NA
15733 1735 NA
15734 1735 NA
15735 1735 NA
15736 1735 NA
15737 1735 NA
15738 1735 NA
15739 1735 NA
15740 1735 NA
15741 1735 NA
15742 1735 NA
15743 1735 NA
15744 1735 NA
15745 1735 NA
15746 1735 NA
15747 1735 NA
15748 1735 NA
15749 1735 NA
15750 1735 NA
15751 1735 NA
15752 1735 NA
15753 1735 NA
15754 1735 NA
15755 1735 NA
15756 1735 NA
15757 1735 NA
15758 1735 NA
15759 1735 NA
15760 1735 NA
15761 1735 NA
15762 1735 NA
15763 1735 NA
15764 1735 NA
15765 1735 NA
15766 1735 NA
15767 1735 NA
15768 1735 NA
15769 1735 NA
15770 1735 NA
15771 1735 NA
15772 1735 NA
15773 1735 NA
15774 1735 NA
15775 1735 NA
15776 1735 NA
15777 1735 NA
15778 1735 NA
15779 1735 NA
15780 1735 NA
15781 1735 NA
15782 1735 NA
15783 1735 NA
15784 1735 NA
15785 1735 NA
15786 1735 NA
15787 1735 NA
15788 1735 NA
15789 1735 NA
15790 1735 NA
15791 1735 NA
15792 1735 NA
15793 1735 NA
15794 1735 NA
15795 1735 NA
15796 1735 NA
15797 1735 NA
15798 1735 NA
15799 1735 NA
15800 1735 NA
15801 1735 NA
15802 1735 NA
15803 1735 NA
15804 1735 NA
15805 1735 NA
15806 1735 NA
15807 1735 NA
15808 1735 NA
15809 1735 NA
15810 1735 NA
15811 1735 NA
15812 1735 NA
15813 1735 NA
15814 1735 NA
15815 1735 NA
15816 1735 NA
15817 1735 NA
15818 1735 NA
15819 1735 NA
15820 1735 NA
15821 1735 NA
15822 1735 NA
15823 1735 NA
15824 1735 NA
15825 1735 NA
15826 1735 NA
15827 1735 NA
15828 1735 NA
15829 1735 NA
15830 1735 NA
15831 1735 NA
15832 1735 NA
15833 1735 NA
15834 1735 NA
15835 1735 NA
15836 1735 NA
15837 1735 NA
15838 1735 NA
15839 1735 NA
15840 1735 NA
15841 1735 NA
15842 1735 NA
15843 1735 NA
15844 1735 NA
15845 1735 NA
15846 1735 NA
15847 1735 NA
15848 1735 NA
15849 1735 NA
15850 1735 NA
15851 1735 NA
15852 1735 NA
15853 1735 NA
15854 1735 NA
15855 1735 NA
15856 1735 NA
15857 1735 NA
15858 1735 NA
15859 1735 NA
15860 1735 NA
15861 1735 NA
15862 1735 NA
15863 1735 NA
15864 1735 NA
15865 1735 NA
15866 1735 NA
15867 1735 NA
15868 1735 NA
15869 1735 NA
15870 1735 NA
15871 1735 NA
15872 1735 NA
15873 1735 NA
15874 1735 NA
15875 1735 NA
15876 1735 NA
15877 1735 NA
15878 1735 NA
15879 1735 NA
15880 1735 NA
15881 1735 NA
15882 1735 NA
15883 1735 NA
15884 1735 NA
15885 1735 NA
15886 1735 NA
15887 1735 NA
15888 1735 NA
15889 1735 NA
15890 1735 NA
15891 1735 NA
15892 1735 NA
15893 1735 NA
15894 1735 NA
15895 1735 NA
15896 1735 NA
15897 1735 NA
15898 1735 NA
15899 1735 NA
15900 1735 NA
15901 1735 NA
15902 1735 NA
15903 1735 NA
15904 1735 NA
15905 1735 NA
15906 1735 NA
15907 1735 NA
15908 1735 NA
15909 1735 NA
15910 1735 NA
15911 1735 NA
15912 1735 NA
15913 1735 NA
15914 1735 NA
15915 1735 NA
15916 1735 NA
15917 1735 NA
15918 1735 NA
15919 1735 NA
15920 1735 NA
15921 1735 NA
15922 1735 NA
15923 1735 NA
15924 1735 NA
15925 1735 NA
15926 1735 NA
15927 1735 NA
15928 1735 NA
15929 1735 NA
15930 1735 NA
15931 1735 NA
15932 1735 NA
15933 1735 NA
15934 1735 NA
15935 1735 NA
15936 1735 NA
15937 1735 NA
15938 1735 NA
15939 1735 NA
15940 1735 NA
15941 1735 NA
15942 1735 NA
15943 1735 NA
15944 1735 NA
15945 1735 NA
15946 1735 NA
15947 1735 NA
15948 1735 NA
15949 1735 NA
15950 1735 NA
15951 1735 NA
15952 1735 NA
15953 1735 NA
15954 1735 NA
15955 1735 NA
15956 1735 NA
15957 1735 NA
15958 1735 NA
15959 1735 NA
15960 1735 NA
15961 1735 NA
15962 1735 NA
15963 1735 NA
15964 1735 NA
15965 1735 NA
15966 1735 NA
15967 1735 NA
15968 1735 NA
15969 1735 NA
15970 1735 NA
15971 1735 NA
15972 1735 NA
15973 1735 NA
15974 1735 NA
15975 1735 NA
15976 1735 NA
15977 1735 NA
15978 1735 NA
15979 1735 NA
15980 1735 NA
15981 1735 NA
15982 1735 NA
15983 1735 NA
15984 1735 NA
15985 1735 NA
15986 1735 NA
15987 1735 NA
15988 1735 NA
15989 1735 NA
15990 1735 NA
15991 1735 NA
15992 1735 NA
15993 1735 NA
15994 1735 NA
15995 1735 NA
15996 1735 NA
15997 1735 NA
15998 1735 NA
15999 1735 NA
16000 1735 NA
16001 1735 NA
16002 1735 NA
16003 1735 NA
16004 1735 NA
16005 1735 NA
16006 1735 NA
16007 1735 NA
16008 1735 NA
16009 1735 NA
16010 1735 NA
16011 1735 NA
16012 1735 NA
16013 1735 NA
16014 1735 NA
16015 1735 NA
16016 1735 NA
16017 1735 NA
16018 1735 NA
16019 1735 NA
16020 1735 NA
16021 1735 NA
16022 1735 NA
16023 1735 NA
16024 1735 NA
16025 1735 NA
16026 1735 NA
16027 1735 NA
16028 1735 NA
16029 1735 NA
16030 1735 NA
16031 1735 NA
16032 1735 NA
16033 1735 NA
16034 1735 NA
16035 1735 NA
16036 1735 NA
16037 1735 NA
16038 1735 NA
16039 1735 NA
16040 1735 NA
16041 1735 NA
16042 1735 NA
16043 1735 NA
16044 1735 NA
16045 1735 NA
16046 1735 NA
16047 1735 NA
16048 1735 NA
16049 1735 NA
16050 1735 NA
16051 1735 NA
16052 1735 NA
16053 1735 NA
16054 1735 NA
16055 1735 NA
16056 1735 NA
16057 1735 NA
16058 1735 NA
16059 1735 NA
16060 1735 NA
16061 1735 NA
16062 1735 NA
16063 1735 NA
16064 1735 NA
16065 1735 NA
16066 1735 NA
16067 1735 NA
16068 1735 NA
16069 1735 NA
16070 1735 NA
16071 1735 NA
16072 1735 NA
16073 1735 NA
16074 1735 NA
16075 1735 NA
16076 1735 NA
16077 1735 NA
16078 1735 NA
16079 1735 NA
16080 1735 NA
16081 1735 NA
16082 1735 NA
16083 1735 NA
16084 1735 NA
16085 1735 NA
16086 1735 NA
16087 1735 NA
16088 1735 NA
16089 1735 NA
16090 1735 NA
16091 1735 NA
16092 1735 NA
16093 1735 NA
16094 1735 NA
16095 1735 NA
16096 1735 NA
16097 1735 NA
16098 1735 NA
16099 1735 NA
16100 1735 NA
16101 1735 NA
16102 1735 NA
16103 1735 NA
16104 1735 NA
16105 1735 NA
16106 1735 NA
16107 1735 NA
16108 1735 NA
16109 1735 NA
16110 1735 NA
16111 1735 NA
16112 1735 NA
16113 1735 NA
16114 1735 NA
16115 1735 NA
16116 1735 NA
16117 1735 NA
16118 1735 NA
16119 1735 NA
16120 1735 NA
16121 1735 NA
16122 1735 NA
16123 1735 NA
16124 1735 NA
16125 1735 NA
16126 1735 NA
16127 1735 NA
16128 1735 NA
16129 1735 NA
16130 1735 NA
16131 1735 NA
16132 1735 NA
16133 1735 NA
16134 1735 NA
16135 1735 NA
16136 1735 NA
16137 1735 NA
16138 1735 NA
16139 1735 NA
16140 1735 NA
16141 1735 NA
16142 1735 NA
16143 1735 NA
16144 1735 NA
16145 1735 NA
16146 1735 NA
16147 1735 NA
16148 1735 NA
16149 1735 NA
16150 1735 NA
16151 1735 NA
16152 1735 NA
16153 1735 NA
16154 1735 NA
16155 1735 NA
16156 1735 NA
16157 1735 NA
16158 1735 NA
16159 1735 NA
16160 1735 NA
16161 1735 NA
16162 1735 NA
16163 1735 NA
16164 1735 NA
16165 1735 NA
16166 1735 NA
16167 1735 NA
16168 1735 NA
16169 1735 NA
16170 1735 NA
16171 1735 NA
16172 1735 NA
16173 1735 NA
16174 1735 NA
16175 1735 NA
16176 1735 NA
16177 1735 NA
16178 1735 NA
16179 1735 NA
16180 1735 NA
16181 1735 NA
16182 1735 NA
16183 1735 NA
16184 1735 NA
16185 1735 NA
16186 1735 NA
16187 1735 NA
16188 1735 NA
16189 1735 NA
16190 1735 NA
16191 1735 NA
16192 1735 NA
16193 1735 NA
16194 1735 NA
16195 1735 NA
16196 1735 NA
16197 1735 NA
16198 1735 NA
16199 1735 NA
16200 1735 NA
16201 1735 NA
16202 1735 NA
16203 1735 NA
16204 1735 NA
16205 1735 NA
16206 1735 NA
16207 1735 NA
16208 1735 NA
16209 1735 NA
16210 1735 NA
16211 1735 NA
16212 1735 NA
16213 1735 NA
16214 1735 NA
16215 1735 NA
16216 1735 NA
16217 1735 NA
16218 1735 NA
16219 1735 NA
16220 1735 NA
16221 1735 NA
16222 1735 NA
16223 1735 NA
16224 1735 NA
16225 1735 NA
16226 1735 NA
16227 1735 NA
16228 1735 NA
16229 1735 NA
16230 1735 NA
16231 1735 NA
16232 1735 NA
16233 1735 NA
16234 1735 NA
16235 1735 NA
16236 1735 NA
16237 1735 NA
16238 1735 NA
16239 1735 NA
16240 1735 NA
16241 1735 NA
16242 1735 NA
16243 1735 NA
16244 1735 NA
16245 1735 NA
16246 1735 NA
16247 1735 NA
16248 1735 NA
16249 1735 NA
16250 1735 NA
16251 1735 NA
16252 1735 NA
16253 1735 NA
16254 1735 NA
16255 1735 NA
16256 1735 NA
16257 1735 NA
16258 1735 NA
16259 1735 NA
16260 1735 NA
16261 1735 NA
16262 1735 NA
16263 1735 NA
16264 1735 NA
16265 1735 NA
16266 1735 NA
16267 1735 NA
16268 1735 NA
16269 1735 NA
16270 1735 NA
16271 1735 NA
16272 1735 NA
16273 1735 NA
16274 1735 NA
16275 1735 NA
16276 1735 NA
16277 1735 NA
16278 1735 NA
16279 1735 NA
16280 1735 NA
16281 1735 NA
16282 1735 NA
16283 1735 NA
16284 1735 NA
16285 1735 NA
16286 1735 NA
16287 1735 NA
16288 1735 NA
16289 1735 NA
16290 1735 NA
16291 1735 NA
16292 1735 NA
16293 1735 NA
16294 1735 NA
16295 1735 NA
16296 1735 NA
16297 1735 NA
16298 1735 NA
16299 1735 NA
16300 1735 NA
16301 1735 NA
16302 1735 NA
16303 1735 NA
16304 1735 NA
16305 1735 NA
16306 1735 NA
16307 1735 NA
16308 1735 NA
16309 1735 NA
16310 1735 NA
16311 1735 NA
16312 1735 NA
16313 1735 NA
16314 1735 NA
16315 1735 NA
16316 1735 NA
16317 1735 NA
16318 1735 NA
16319 1735 NA
16320 1735 NA
16321 1735 NA
16322 1735 NA
16323 1735 NA
16324 1735 NA
16325 1735 NA
16326 1735 NA
16327 1735 NA
16328 1735 NA
16329 1735 NA
16330 1735 NA
16331 1735 NA
16332 1735 NA
16333 1735 NA
16334 1735 NA
16335 1735 NA
16336 1735 NA
16337 1735 NA
16338 1735 NA
16339 1735 NA
16340 1735 NA
16341 1735 NA
16342 1735 NA
16343 1735 NA
16344 1735 NA
16345 1735 NA
16346 1735 NA
16347 1735 NA
16348 1735 NA
16349 1735 NA
16350 1735 NA
16351 1735 NA
16352 1735 NA
16353 1735 NA
16354 1735 NA
16355 1735 NA
16356 1735 NA
16357 1735 NA
16358 1735 NA
16359 1735 NA
16360 1735 NA
16361 1735 NA
16362 1735 NA
16363 1735 NA
16364 1735 NA
16365 1735 NA
16366 1735 NA
16367 1735 NA
16368 1735 NA
16369 1735 NA
16370 1735 NA
16371 1735 NA
16372 1735 NA
16373 1735 NA
16374 1735 NA
16375 1735 NA
16376 1735 NA
16377 1735 NA
16378 1735 NA
16379 1735 NA
16380 1735 NA
16381 1735 NA
16382 1735 NA
16383 1735 NA
16384 1735 NA
16385 1735 NA
16386 1735 NA
16387 1735 NA
16388 1735 NA
16389 1735 NA
16390 1735 NA
16391 1735 NA
16392 1735 NA
16393 1735 NA
16394 1735 NA
16395 1735 NA
16396 1735 NA
16397 1735 NA
16398 1735 NA
16399 1735 NA
16400 1735 NA
16401 1735 NA
16402 1735 NA
16403 1735 NA
16404 1735 NA
16405 1735 NA
16406 1735 NA
16407 1735 NA
16408 1735 NA
16409 1735 NA
16410 1735 NA
16411 1735 NA
16412 1735 NA
16413 1735 NA
16414 1735 NA
16415 1735 NA
16416 1735 NA
16417 1735 NA
16418 1735 NA
16419 1735 NA
16420 1735 NA
16421 1735 NA
16422 1735 NA
16423 1735 NA
16424 1735 NA
16425 1735 NA
16426 1735 NA
16427 1735 NA
16428 1735 NA
16429 1735 NA
16430 1735 NA
16431 1735 NA
16432 1735 NA
16433 1735 NA
16434 1735 NA
16435 1735 NA
16436 1735 NA
16437 1735 NA
16438 1735 NA
16439 1735 NA
16440 1735 NA
16441 1735 NA
16442 1735 NA
16443 1735 NA
16444 1735 NA
16445 1735 NA
16446 1735 NA
16447 1735 NA
16448 1735 NA
16449 1735 NA
16450 1735 NA
16451 1735 NA
16452 1735 NA
16453 1735 NA
16454 1735 NA
16455 1735 NA
16456 1735 NA
16457 1735 NA
16458 1735 NA
16459 1735 NA
16460 1735 NA
16461 1735 NA
16462 1735 NA
16463 1735 NA
16464 1735 NA
16465 1735 NA
16466 1735 NA
16467 1735 NA
16468 1735 NA
16469 1735 NA
16470 1735 NA
16471 1735 NA
16472 1735 NA
16473 1735 NA
16474 1735 NA
16475 1735 NA
16476 1735 NA
16477 1735 NA
16478 1735 NA
16479 1735 NA
16480 1735 NA
16481 1735 NA
16482 1735 NA
16483 1735 NA
16484 1735 NA
16485 1735 NA
16486 1735 NA
16487 1735 NA
16488 1735 NA
16489 1735 NA
16490 1735 NA
16491 1735 NA
16492 1735 NA
16493 1735 NA
16494 1735 NA
16495 1735 NA
16496 1735 NA
16497 1735 NA
16498 1735 NA
16499 1735 NA
16500 1735 NA
16501 1735 NA
16502 1735 NA
16503 1735 NA
16504 1735 NA
16505 1735 NA
16506 1735 NA
16507 1735 NA
16508 1735 NA
16509 1735 NA
16510 1735 NA
16511 1735 NA
16512 1735 NA
16513 1735 NA
16514 1735 NA
16515 1735 NA
16516 1735 NA
16517 1735 NA
16518 1735 NA
16519 1735 NA
16520 1735 NA
16521 1735 NA
16522 1735 NA
16523 1735 NA
16524 1735 NA
16525 1735 NA
16526 1735 NA
16527 1735 NA
16528 1735 NA
16529 1735 NA
16530 1735 NA
16531 1735 NA
16532 1735 NA
16533 1735 NA
16534 1735 NA
16535 1735 NA
16536 1735 NA
16537 1735 NA
16538 1735 NA
16539 1735 NA
16540 1735 NA
16541 1735 NA
16542 1735 NA
16543 1735 NA
16544 1735 NA
16545 1735 NA
16546 1735 NA
16547 1735 NA
16548 1735 NA
16549 1735 NA
16550 1735 NA
16551 1735 NA
16552 1735 NA
16553 1735 NA
16554 1735 NA
16555 1735 NA
16556 1735 NA
16557 1735 NA
16558 1735 NA
16559 1735 NA
16560 1735 NA
16561 1735 NA
16562 1735 NA
16563 1735 NA
16564 1735 NA
16565 1735 NA
16566 1735 NA
16567 1735 NA
16568 1735 NA
16569 1735 NA
16570 1735 NA
16571 1735 NA
16572 1735 NA
16573 1735 NA
16574 1735 NA
16575 1735 NA
16576 1735 NA
16577 1735 NA
16578 1735 NA
16579 1735 NA
16580 1735 NA
16581 1735 NA
16582 1735 NA
16583 1735 NA
16584 1735 NA
16585 1735 NA
16586 1735 NA
16587 1735 NA
16588 1735 NA
16589 1735 NA
16590 1735 NA
16591 1735 NA
16592 1735 NA
16593 1735 NA
16594 1735 NA
16595 1735 NA
16596 1735 NA
16597 1735 NA
16598 1735 NA
16599 1735 NA
16600 1735 NA
16601 1735 NA
16602 1735 NA
16603 1735 NA
16604 1735 NA
16605 1735 NA
16606 1735 NA
16607 1735 NA
16608 1735 NA
16609 1735 NA
16610 1735 NA
16611 1735 NA
16612 1735 NA
16613 1735 NA
16614 1735 NA
16615 1735 NA
16616 1735 NA
16617 1735 NA
16618 1735 NA
16619 1735 NA
16620 1735 NA
16621 1735 NA
16622 1735 NA
16623 1735 NA
16624 1735 NA
16625 1735 NA
16626 1735 NA
16627 1735 NA
16628 1735 NA
16629 1735 NA
16630 1735 NA
16631 1735 NA
16632 1735 NA
16633 1735 NA
16634 1735 NA
16635 1735 NA
16636 1735 NA
16637 1735 NA
16638 1735 NA
16639 1735 NA
16640 1735 NA
16641 1735 NA
16642 1735 NA
16643 1735 NA
16644 1735 NA
16645 1735 NA
16646 1735 NA
16647 1735 NA
16648 1735 NA
16649 1735 NA
16650 1735 NA
16651 1735 NA
16652 1735 NA
16653 1735 NA
16654 1735 NA
16655 1735 NA
16656 1735 NA
16657 1735 NA
16658 1735 NA
16659 1735 NA
16660 1735 NA
16661 1735 NA
16662 1735 NA
16663 1735 NA
16664 1735 NA
16665 1735 NA
16666 1735 NA
16668 1735 NA
16669 1735 NA
16670 1735 NA
16671 1735 NA
16672 1735 NA
16673 1735 NA
16674 1735 NA
16675 1735 NA
16676 1735 NA
16677 1735 NA
16678 1735 NA
16679 1735 NA
16680 1735 NA
16681 1735 NA
16682 1735 NA
16683 1735 NA
16684 1735 NA
16685 1735 NA
16686 1735 NA
16687 1735 NA
16688 1735 NA
16689 1735 NA
16690 1735 NA
16691 1735 NA
16692 1735 NA
16693 1735 NA
16694 1735 NA
16695 1735 NA
16696 1735 NA
16697 1735 NA
16698 1735 NA
16699 1735 NA
16700 1735 NA
16701 1735 NA
16702 1735 NA
16703 1735 NA
16704 1735 NA
16705 1735 NA
16706 1735 NA
16707 1735 NA
16708 1735 NA
16709 1735 NA
16710 1735 NA
16711 1735 NA
16712 1735 NA
16715 1735 NA
16717 1735 NA
16719 1735 NA
16720 1735 NA
16721 1735 NA
16722 1735 NA
16723 1735 NA
16724 1735 NA
16725 1735 NA
16726 1735 NA
16727 1735 NA
16728 1735 NA
16729 1735 NA
16730 1735 NA
16731 1735 NA
16732 1735 NA
16733 1735 NA
16734 1735 NA
16735 1735 NA
16736 1735 NA
16737 1735 NA
16738 1735 NA
16739 1735 NA
16740 1735 NA
16741 1735 NA
16742 1735 NA
16743 1735 NA
16744 1735 NA
16745 1735 NA
16746 1735 NA
16747 1735 NA
16748 1735 NA
16749 1735 NA
16750 1735 NA
16751 1735 NA
16752 1735 NA
16753 1735 NA
16754 1735 NA
16755 1735 NA
16756 1735 NA
16757 1735 NA
16759 1735 NA
16760 1735 NA
16761 1735 NA
16762 1735 NA
16763 1735 NA
16764 1735 NA
16765 1735 NA
16766 1735 NA
16767 1735 NA
16768 1735 NA
16769 1735 NA
16770 1735 NA
16771 1735 NA
16772 1735 NA
16773 1735 NA
16774 1735 NA
16775 1735 NA
16776 1735 NA
16777 1735 NA
16778 1735 NA
16779 1735 NA
16780 1735 NA
16781 1735 NA
16782 1735 NA
16783 1735 NA
16784 1735 NA
16785 1735 NA
16786 1735 NA
16787 1735 NA
16788 1735 NA
16789 1735 NA
16790 1735 NA
16791 1735 NA
16792 1735 NA
16793 1735 NA
16794 1735 NA
16795 1735 NA
16796 1735 NA
16797 1735 NA
16798 1735 NA
16799 1735 NA
16800 1735 NA
16801 1735 NA
16802 1735 NA
16803 1735 NA
16804 1735 NA
16805 1735 NA
16807 1735 NA
16808 1735 NA
16809 1735 NA
16810 1735 NA
16811 1735 NA
16812 1735 NA
16813 1735 NA
16814 1735 NA
16815 1735 NA
16816 1735 NA
16817 1735 NA
16818 1735 NA
16820 1735 NA
16821 1735 NA
16822 1735 NA
16823 1735 NA
16824 1735 NA
16825 1735 NA
16826 1735 NA
16827 1735 NA
16828 1735 NA
16829 1735 NA
16830 1735 NA
16831 1735 NA
16832 1735 NA
16833 1735 NA
16834 1735 NA
16835 1735 NA
16836 1735 NA
16837 1735 NA
16838 1735 NA
16839 1735 NA
16840 1735 NA
16841 1735 NA
16842 1735 NA
16843 1735 NA
16844 1735 NA
16845 1735 NA
16847 1735 NA
16849 1735 NA
16850 1735 NA
16851 1735 NA
16852 1735 NA
16853 1735 NA
16854 1735 NA
16855 1735 NA
16856 1735 NA
16857 1735 NA
16858 1735 NA
16859 1735 NA
16860 1735 NA
16861 1735 NA
16862 1735 NA
16863 1735 NA
16864 1735 NA
16865 1735 NA
16866 1735 NA
16867 1735 NA
16869 1735 NA
16870 1735 NA
16871 1735 NA
16872 1735 NA
16873 1735 NA
16874 1735 NA
16875 1735 NA
16876 1735 NA
16878 1735 NA
16879 1735 NA
16880 1735 NA
16881 1735 NA
16882 1735 NA
16883 1735 NA
16884 1735 NA
16885 1735 NA
16886 1735 NA
16887 1735 NA
16888 1735 NA
16889 1735 NA
16890 1735 NA
16891 1735 NA
16892 1735 NA
16893 1735 NA
16894 1735 NA
16895 1735 NA
16896 1735 NA
16897 1735 NA
16898 1735 NA
16899 1735 NA
16900 1735 NA
16901 1735 NA
16902 1735 NA
16903 1735 NA
16904 1735 NA
16905 1735 NA
16906 1735 NA
16907 1735 NA
16908 1735 NA
16909 1735 NA
16910 1735 NA
16911 1735 NA
16912 1735 NA
16913 1735 NA
16914 1735 NA
16915 1735 NA
16916 1735 NA
16917 1735 NA
16918 1735 NA
16919 1735 NA
16920 1735 NA
16921 1735 NA
16922 1735 NA
16923 1735 NA
16924 1735 NA
16925 1735 NA
16926 1735 NA
16927 1735 NA
16928 1735 NA
16929 1735 NA
16930 1735 NA
16931 1735 NA
16932 1735 NA
16933 1735 NA
16934 1735 NA
16935 1735 NA
16937 1735 NA
16938 1735 NA
16939 1735 NA
16940 1735 NA
16941 1735 NA
16942 1735 NA
16943 1735 NA
16944 1735 NA
16945 1735 NA
16946 1735 NA
16949 1735 NA
16950 1735 NA
16951 1735 NA
16952 1735 NA
16953 1735 NA
16954 1735 NA
16955 1735 NA
16956 1735 NA
16957 1735 NA
16958 1735 NA
16959 1735 NA
16960 1735 NA
16966 1735 NA
16968 1735 NA
16969 1735 NA
16970 1735 NA
16971 1735 NA
16972 1735 NA
16974 1735 NA
16975 1735 NA
16976 1735 NA
16977 1735 NA
16978 1735 NA
16979 1735 NA
16980 1735 NA
16981 1735 NA
16982 1735 NA
16984 1735 NA
16985 1735 NA
16986 1735 NA
16987 1735 NA
16988 1735 NA
16989 1735 NA
16990 1735 NA
16991 1735 NA
16992 1735 NA
16993 1735 NA
16994 1735 NA
16999 1735 NA
17000 1735 NA
17001 1735 NA
17006 1735 NA
17007 1735 NA
17014 1735 NA
17015 1735 NA
17016 1735 NA
17017 1735 NA
17018 1735 NA
17019 1735 NA
17020 1735 NA
17021 1735 NA
17022 1735 NA
17023 1735 NA
17024 1735 NA
17025 1735 NA
17026 1735 NA
17027 1735 NA
17028 1735 NA
17029 1735 NA
17031 1735 NA
17032 1735 NA
17033 1735 NA
17034 1735 NA
17035 1735 NA
17036 1735 NA
17037 1735 NA
17038 1735 NA
17039 1735 NA
17040 1735 NA
17042 1735 NA
17044 1735 NA
17045 1735 NA
17046 1735 NA
17047 1735 NA
17048 1735 NA
17049 1735 NA
17050 1735 NA
17051 1735 NA
17052 1735 NA
17053 1735 NA
17054 1735 NA
17055 1735 NA
17056 1735 NA
17057 1735 NA
17058 1735 NA
17059 1735 NA
17060 1735 NA
17061 1735 NA
17062 1735 NA
17063 1735 NA
17064 1735 NA
17069 1735 NA
17070 1735 NA
17071 1735 NA
17072 1735 NA
17073 1735 NA
17075 1735 NA
17076 1735 NA
17077 1735 NA
17078 1735 NA
17079 1735 NA
17080 1735 NA
17081 1735 NA
17083 1735 NA
17084 1735 NA
17085 1735 NA
17086 1735 NA
17087 1735 NA
17088 1735 NA
17089 1735 NA
17091 1735 NA
17092 1735 NA
17093 1735 NA
17094 1735 NA
17095 1735 NA
17096 1735 NA
17097 1735 NA
17098 1735 NA
17099 1735 NA
17100 1735 NA
17101 1735 NA
17102 1735 NA
17103 1735 NA
17104 1735 NA
17105 1735 NA
17106 1735 NA
17107 1735 NA
17108 1735 NA
17109 1735 NA
17110 1735 NA
17111 1735 NA
17112 1735 NA
17113 1735 NA
17114 1735 NA
17115 1735 NA
17117 1735 NA
17118 1735 NA
17119 1735 NA
17123 1735 NA
17124 1735 NA
17125 1735 NA
17126 1735 NA
17127 1735 NA
17129 1735 NA
17130 1735 NA
17131 1735 NA
17132 1735 NA
17133 1735 NA
17134 1735 NA
17135 1735 NA
17136 1735 NA
17138 1735 NA
17139 1735 NA
17140 1735 NA
17141 1735 NA
17142 1735 NA
17143 1735 NA
17144 1735 NA
17145 1735 NA
17146 1735 NA
17147 1735 NA
