"Index" "Price" "Volume"
14019 5550 NA
14020 5550 NA
14021 5550 NA
14022 5550 NA
14023 5550 NA
14024 5550 NA
14025 5550 NA
14026 5550 NA
14027 5550 NA
14028 5550 NA
14029 5550 NA
14030 5550 NA
14031 5550 NA
14032 5550 NA
14033 5550 NA
14034 5550 NA
14035 5550 NA
14036 5550 NA
14037 5550 NA
14038 5550 NA
14039 5550 NA
14040 5550 NA
14041 5550 NA
14042 5550 NA
14043 5550 NA
14044 5550 NA
14045 5550 NA
14046 5550 NA
14047 5550 NA
14048 5550 NA
14049 5550 NA
14050 5550 NA
14051 5550 NA
14052 5550 NA
14053 5550 NA
14054 5550 NA
14055 5550 NA
14056 5550 NA
14057 5550 NA
14058 5550 NA
14059 5550 NA
14060 5550 NA
14061 5550 NA
14062 5550 NA
14063 5550 NA
14064 5550 NA
14065 5550 NA
14066 5550 NA
14067 5550 NA
14068 5550 NA
14069 5550 NA
14070 5550 NA
14071 5550 NA
14072 5550 NA
14073 5550 NA
14074 5550 NA
14075 5550 NA
14076 5550 NA
14077 5550 NA
14078 5550 NA
14079 5550 NA
14080 5550 NA
14081 5550 NA
14082 5550 NA
14083 5550 NA
14084 5550 NA
14085 5550 NA
14086 5550 NA
14087 5550 NA
14088 5550 NA
14089 5550 NA
14090 5550 NA
14091 5550 NA
14092 5550 NA
14093 5550 NA
14094 5550 NA
14095 5550 NA
14096 5550 NA
14097 5550 NA
14098 5550 NA
14099 5550 NA
14100 5550 NA
14101 5550 NA
14102 5550 NA
14103 5550 NA
14104 5550 NA
14105 5550 NA
14106 5550 NA
14107 5550 NA
14108 5550 NA
14109 5550 NA
14110 5550 NA
14111 5550 NA
14112 5550 NA
14113 5550 NA
14114 5550 NA
14115 5550 NA
14116 5550 NA
14117 5550 NA
14118 5550 NA
14119 5550 NA
14120 5550 NA
14121 5550 NA
14122 5550 NA
14123 5550 NA
14124 5550 NA
14125 5550 NA
14126 5550 NA
14127 5550 NA
14128 5550 NA
14129 5550 NA
14130 5550 NA
14131 5550 NA
14132 5550 NA
14133 5550 NA
14134 5550 NA
14135 5550 NA
14136 5550 NA
14137 5550 NA
14138 5550 NA
14139 5550 NA
14140 5550 NA
14141 5550 NA
14142 5550 NA
14143 5550 NA
14144 5550 NA
14145 5550 NA
14146 5550 NA
14147 5550 NA
14148 5550 NA
14149 5550 NA
14150 5550 NA
14151 5550 NA
14152 5550 NA
14153 5550 NA
14154 5550 NA
14155 5550 NA
14156 5550 NA
14157 5550 NA
14158 5550 NA
14159 5550 NA
14160 5828 NA
14161 5828 NA
14162 5828 NA
14163 5828 NA
14164 5828 NA
14165 5828 NA
14166 5828 NA
14167 5828 NA
14168 5828 NA
14169 5828 NA
14170 5828 NA
14171 5828 NA
14172 5828 NA
14173 5828 NA
14174 5828 NA
14175 5828 NA
14176 5828 NA
14177 5828 NA
14178 5828 NA
14179 5828 NA
14180 5828 NA
14181 5828 NA
14182 5828 NA
14183 5828 NA
14184 5828 NA
14185 5828 NA
14186 5828 NA
14187 5828 NA
14188 5828 NA
14189 5828 NA
14190 5828 NA
14191 5828 NA
14192 5828 NA
14193 5828 NA
14194 5828 NA
14195 5828 NA
14196 5828 NA
14197 5828 NA
14198 5828 NA
14199 5828 NA
14200 5828 NA
14201 5828 NA
14202 5828 NA
14203 5828 NA
14204 5828 NA
14205 5828 NA
14206 5828 NA
14207 5828 NA
14208 5828 NA
14209 5828 NA
14210 5828 NA
14211 5828 NA
14212 5828 NA
14213 5828 NA
14214 5828 NA
14215 5828 NA
14216 5828 NA
14217 5828 NA
14218 5828 NA
14219 5828 NA
14220 6116 NA
14221 6116 NA
14222 6116 NA
14223 6116 NA
14224 6116 NA
14225 6116 NA
14226 6116 NA
14227 6116 NA
14228 6116 NA
14229 6116 NA
14230 6116 NA
14231 6116 NA
14232 6116 NA
14233 6116 NA
14234 6116 NA
14235 6116 NA
14236 6116 NA
14237 6116 NA
14238 6116 NA
14239 6116 NA
14240 6116 NA
14241 6116 NA
14242 6116 NA
14243 6116 NA
14244 6116 NA
14245 6116 NA
14246 6116 NA
14247 6116 NA
14248 6116 NA
14249 6116 NA
14250 6116 NA
14251 6116 NA
14252 6116 NA
14253 6116 NA
14254 6116 NA
14255 6116 NA
14256 6116 NA
14257 6116 NA
14258 6116 NA
14259 6116 NA
14260 6116 NA
14261 6116 NA
14262 6116 NA
14263 6116 NA
14264 6116 NA
14265 6116 NA
14266 6116 NA
14267 6116 NA
14268 6116 NA
14269 6116 NA
14270 6116 NA
14271 6116 NA
14272 6420 NA
14273 6420 NA
14274 6420 NA
14275 6420 NA
14276 6420 NA
14277 6420 NA
14278 6420 NA
14279 6420 NA
14280 6420 NA
14281 6420 NA
14282 6420 NA
14283 6420 NA
14284 6420 NA
14285 6420 NA
14286 6420 NA
14287 6420 NA
14288 6420 NA
14289 6420 NA
14290 6420 NA
14291 6420 NA
14292 6420 NA
14293 6420 NA
14294 6420 NA
14295 6420 NA
14296 6420 NA
14297 6420 NA
14298 6420 NA
14299 6420 NA
14300 6420 NA
14301 6420 NA
14302 6420 NA
14303 6420 NA
14304 6420 NA
14305 6420 NA
14306 6420 NA
14307 6420 NA
14308 6420 NA
14309 6420 NA
14310 6420 NA
14311 6420 NA
14312 6420 NA
14313 6420 NA
14314 6420 NA
14315 6420 NA
14316 6420 NA
14317 6420 NA
14318 6420 NA
14319 6420 NA
14320 6420 NA
14321 6420 NA
14322 6420 NA
14323 6420 NA
14324 6420 NA
14325 6420 NA
14326 6420 NA
14327 6420 NA
14328 6420 NA
14329 6420 NA
14330 6420 NA
14331 6420 NA
14332 6420 NA
14333 6420 NA
14334 6420 NA
14335 6420 NA
14336 6420 NA
14337 6420 NA
14338 6420 NA
14339 6740 NA
14340 6740 NA
14341 6740 NA
14342 6740 NA
14343 6740 NA
14344 6740 NA
14345 6740 NA
14346 6740 NA
14347 6740 NA
14348 6740 NA
14349 6740 NA
14350 6740 NA
14351 6740 NA
14352 6740 NA
14353 6740 NA
14354 6740 NA
14355 6740 NA
14356 6740 NA
14357 6740 NA
14358 6740 NA
14359 6740 NA
14360 6740 NA
14361 6740 NA
14362 6740 NA
14363 6740 NA
14364 6740 NA
14365 6740 NA
14366 6740 NA
14367 6740 NA
14368 6740 NA
14369 6740 NA
14370 6740 NA
14371 6740 NA
14372 6740 NA
14373 6740 NA
14374 6740 NA
14375 6740 NA
14376 6740 NA
14377 6740 NA
14378 6740 NA
14379 6740 NA
14380 6740 NA
14381 6740 NA
14382 6740 NA
14383 6740 NA
14384 6740 NA
14385 6740 NA
14386 6740 NA
14387 6740 NA
14388 6740 NA
14389 6740 NA
14390 6740 NA
14391 6740 NA
14392 6740 NA
14393 6740 NA
14394 6740 NA
14395 6740 NA
14396 6740 NA
14397 6740 NA
14398 6740 NA
14399 6740 NA
14400 6740 NA
14401 6740 NA
14402 6740 NA
14403 6740 NA
14404 6740 NA
14405 6740 NA
14406 6740 NA
14407 6740 NA
14408 6740 NA
14409 6740 NA
14410 7075 NA
14411 7075 NA
14412 7075 NA
14413 7075 NA
14414 7075 NA
14415 7075 NA
14416 7075 NA
14417 7075 NA
14418 7075 NA
14419 7075 NA
14420 7075 NA
14421 7075 NA
14422 7075 NA
14423 7075 NA
14424 7075 NA
14425 7075 NA
14426 7075 NA
14428 7075 NA
14429 7075 NA
14430 7075 NA
14431 7075 NA
14432 7075 NA
14433 7075 NA
14434 7075 NA
14435 7075 NA
14436 7075 NA
14437 7075 NA
14438 7075 NA
14439 7075 NA
14440 7075 NA
14441 7075 NA
14442 7075 NA
14443 7075 NA
14444 7075 NA
14445 7075 NA
14446 7075 NA
14447 7428 NA
14448 7428 NA
14449 7428 NA
14450 7428 NA
14451 7428 NA
14452 7428 NA
14453 7428 NA
14454 7428 NA
14455 7428 NA
14456 7428 NA
14457 7428 NA
14458 7428 NA
14459 7428 NA
14460 7428 NA
14461 7428 NA
14462 7428 NA
14463 7428 NA
14464 7428 NA
14465 7428 NA
14466 7428 NA
14467 7428 NA
14468 7428 NA
14469 7428 NA
14470 7428 NA
14471 7800 NA
14472 7800 NA
14473 7800 NA
14474 7800 NA
14475 7800 NA
14476 7800 NA
14477 7800 NA
14478 7800 NA
14479 7800 NA
14480 7800 NA
14481 7800 NA
14482 7800 NA
14483 7800 NA
14484 7800 NA
14485 7800 NA
14486 7800 NA
14487 7800 NA
14488 7800 NA
14489 7800 NA
14490 7800 NA
14491 7800 NA
14492 7800 NA
14493 7800 NA
14494 7800 NA
14495 7800 NA
14496 7800 NA
14497 7800 NA
14498 7800 NA
14499 7800 NA
14500 7800 NA
14501 7800 NA
14502 7800 NA
14503 7800 NA
14504 7800 NA
14505 7800 NA
14506 7800 NA
14507 7800 NA
14508 7800 NA
14509 7800 NA
14510 7800 NA
14511 7800 NA
14512 7800 NA
14513 7800 NA
14514 7800 NA
14515 7800 NA
14516 7800 NA
14517 7800 NA
14518 7800 NA
14519 7800 NA
14520 7800 NA
14521 7800 NA
14522 7800 NA
14523 7800 NA
14524 7800 NA
14525 7800 NA
14526 7800 NA
14527 7800 NA
14528 8185 NA
14529 8185 NA
14530 8185 NA
14531 8185 NA
14532 8185 NA
14533 8185 NA
14534 8185 NA
14535 8185 NA
14536 8185 NA
14537 8185 NA
14538 8185 NA
14539 8185 NA
14540 8185 NA
14541 8185 NA
14542 8185 NA
14543 8185 NA
14544 8185 NA
14545 8185 NA
14546 8185 NA
14547 8185 NA
14548 8185 NA
14549 8185 NA
14550 8185 NA
14551 8185 NA
14552 8185 NA
14553 8185 NA
14554 8185 NA
14555 8185 NA
14556 8185 NA
14557 8185 NA
14558 8185 NA
14559 8185 NA
14560 8185 NA
14561 8185 NA
14562 8185 NA
14563 8185 NA
14564 8185 NA
14565 8185 NA
14566 8185 NA
14567 8185 NA
14568 8185 NA
14569 8185 NA
14570 8185 NA
14571 8185 NA
14572 8185 NA
14573 8185 NA
14574 8185 NA
14575 8185 NA
14576 8185 NA
14577 8185 NA
14578 8185 NA
14579 8185 NA
14580 8185 NA
14581 8185 NA
14582 8575 NA
14583 8575 NA
14584 8575 NA
14585 8575 NA
14586 8575 NA
14587 8575 NA
14588 8575 NA
14589 8575 NA
14590 8575 NA
14591 8575 NA
14592 8575 NA
14593 8575 NA
14594 8575 NA
14595 8575 NA
14596 8575 NA
14597 8575 NA
14598 8575 NA
14599 8575 NA
14600 8575 NA
14601 8575 NA
14602 8575 NA
14603 8575 NA
14604 8575 NA
14605 8575 NA
14606 8575 NA
14607 8982 NA
14608 8982 NA
14609 8982 NA
14610 8982 NA
14611 8982 NA
14612 8982 NA
14613 8982 NA
14614 8982 NA
14615 8982 NA
14616 8982 NA
14617 8982 NA
14618 8982 NA
14619 8982 NA
14620 8982 NA
14621 8982 NA
14622 8982 NA
14623 8982 NA
14624 8982 NA
14625 8982 NA
14626 8982 NA
14627 8982 NA
14628 8982 NA
14629 8982 NA
14630 8982 NA
14631 8982 NA
14632 8982 NA
14633 8982 NA
14634 8982 NA
14635 8982 NA
14636 8982 NA
14637 9427 NA
14638 9427 NA
14639 9427 NA
14640 9427 NA
14641 14600 NA
14642 14600 NA
14643 14600 NA
14644 14600 NA
14645 14600 NA
14646 14600 NA
14647 14600 NA
14648 14600 NA
14649 14600 NA
14650 15300 NA
14651 15300 NA
14653 15300 NA
14654 15300 NA
14655 15300 NA
14656 15300 NA
14657 15300 NA
14658 15300 NA
14659 15300 NA
14660 15300 NA
14661 15300 NA
14662 15300 NA
14663 15300 NA
14664 15300 NA
14665 15300 NA
14666 16000 NA
14667 16000 NA
14668 16000 NA
14669 16000 NA
14670 16000 NA
14671 16000 NA
14672 16000 NA
14673 16000 NA
14674 16000 NA
14675 16000 NA
14676 16000 NA
14677 16000 NA
14678 16000 NA
14679 16000 NA
14680 16000 NA
14681 16000 NA
14682 16000 NA
14683 16000 NA
14684 16000 NA
14685 16700 NA
14686 16700 NA
14687 16700 NA
14688 16700 NA
14689 16700 NA
14690 16700 NA
14691 16700 NA
14692 16700 NA
14693 16700 NA
14694 16700 NA
14695 16700 NA
14696 16700 NA
14697 16700 NA
14698 16700 NA
14699 16700 NA
14700 16700 NA
14701 17400 NA
14702 17400 NA
14703 17400 NA
14704 17400 NA
14705 17400 NA
14706 17400 NA
14707 17400 NA
14708 17400 NA
14709 17400 NA
14710 17400 NA
14711 17400 NA
14712 17400 NA
14713 17400 NA
14714 17400 NA
14715 17400 NA
14716 17400 NA
14717 17400 NA
14718 18200 NA
14719 18200 NA
14720 18200 NA
14721 18200 NA
14722 18200 NA
14723 18200 NA
14724 18200 NA
14725 18200 NA
14726 18200 NA
14727 18200 NA
14728 18200 NA
14729 18200 NA
14730 18200 NA
14731 18200 NA
14732 18200 NA
14733 18200 NA
14734 19100 NA
14735 19100 NA
14736 19100 NA
14737 19100 NA
14738 19100 NA
14739 19100 NA
14740 19100 NA
14741 19100 NA
14742 19100 NA
14743 19100 NA
14744 19100 NA
14745 19100 NA
14746 19100 NA
14747 19100 NA
14748 19100 NA
14749 19100 NA
14750 19100 NA
14751 19100 NA
14752 20000 NA
14753 20000 NA
14754 20000 NA
14755 20000 NA
14756 20000 NA
14757 20000 NA
14758 20000 NA
14759 20000 NA
14760 20000 NA
14761 20000 NA
14762 20000 NA
14763 20000 NA
14764 20000 NA
14765 20000 NA
14766 20000 NA
14767 20000 NA
14768 20000 NA
14769 20000 NA
14770 20000 NA
14771 20000 NA
14772 20000 NA
14773 20900 NA
14774 20900 NA
14775 20900 NA
14776 20900 NA
14777 20900 NA
14778 20900 NA
14779 20900 NA
14780 20900 NA
14781 20900 NA
14782 20900 NA
14783 20900 NA
14784 21800 NA
14785 21800 NA
14786 21800 NA
14787 21800 NA
14788 21800 NA
14789 21800 NA
14790 21800 NA
14791 21800 NA
14792 21800 NA
14793 21800 NA
14794 22600 NA
14795 22600 NA
14796 22600 NA
14797 22600 NA
14798 22600 NA
14799 22600 NA
14800 22600 NA
14801 22600 NA
14802 23700 NA
14803 23700 NA
14804 23700 NA
14805 23700 NA
14806 23700 NA
14807 23700 NA
14808 23700 NA
14809 23700 NA
14810 24800 NA
14811 24800 NA
14812 24800 NA
14813 24800 NA
14814 24800 NA
14815 24800 NA
14816 24800 NA
14817 24800 NA
14818 24800 NA
14819 25900 NA
14820 25900 NA
14821 25900 NA
14822 25900 NA
14823 25900 NA
14824 25900 NA
14825 25900 NA
14826 27000 NA
14827 27000 NA
14828 27000 NA
14829 27000 NA
14830 27000 NA
14831 27000 NA
14832 27000 NA
14833 27000 NA
14834 27000 NA
14835 27000 NA
14836 28300 NA
14837 28300 NA
14838 28300 NA
14839 28300 NA
14840 28300 NA
14841 28300 NA
14842 28300 NA
14843 28300 NA
14844 28300 NA
14845 28300 NA
14846 29600 NA
14847 29600 NA
14848 29600 NA
14849 29600 NA
14850 29600 NA
14851 29600 NA
14852 29600 NA
14853 29600 NA
14854 29600 NA
14855 29600 NA
14856 29600 NA
14857 29600 NA
14858 29600 NA
14859 30900 NA
14860 30900 NA
14861 30900 NA
14862 30900 NA
14863 30900 NA
14864 30900 NA
14865 32300 NA
14866 32300 NA
14867 32300 NA
14868 32300 NA
14869 32300 NA
14870 32300 NA
14871 32300 NA
14872 32300 NA
14873 32300 NA
14874 33700 NA
14875 33700 NA
14876 33700 NA
14877 33700 NA
14878 33700 NA
14879 33700 NA
14880 33700 NA
14881 33700 NA
14882 33700 NA
14883 33700 NA
14884 35200 NA
14885 35200 NA
14886 35200 NA
14887 35200 NA
14888 35200 NA
14889 35200 NA
14890 35200 NA
14891 35200 NA
14892 35200 NA
14893 35200 NA
14894 35200 NA
14895 35200 NA
14896 35200 NA
14897 36800 NA
14898 36800 NA
14899 36800 NA
14900 36800 NA
14901 36800 NA
14902 36800 NA
14903 36800 NA
14904 36800 NA
14905 36800 NA
14906 36800 NA
14907 36800 NA
14908 36800 NA
14909 36800 NA
14910 36800 NA
14911 36800 NA
14912 36800 NA
14913 36800 NA
14914 36800 NA
14915 36800 NA
14916 38600 NA
14917 38600 NA
14918 38600 NA
14920 38600 NA
14921 38600 NA
14922 38600 NA
14923 38600 NA
14924 38600 NA
14925 38600 NA
14926 38600 NA
14927 38600 NA
14928 40400 NA
14929 40400 NA
14930 40400 NA
14931 40400 NA
14932 40400 NA
14933 40400 NA
14934 40400 NA
14935 40400 NA
14936 40400 NA
14937 40400 NA
14938 40400 NA
14939 40400 NA
14940 42300 NA
14941 42300 NA
14942 42300 NA
14943 42300 NA
14944 42400 NA
14945 42400 NA
14946 42400 NA
14947 42400 NA
14948 42400 NA
14949 42400 NA
14950 42400 NA
14951 42400 NA
14952 42400 NA
14953 42400 NA
14954 42400 NA
14955 42400 NA
14956 42400 NA
14957 44200 NA
14958 44200 NA
14959 44200 NA
14960 44200 NA
14961 44200 NA
14962 44200 NA
14963 44200 NA
14964 44200 NA
14965 44200 NA
14966 46000 NA
14967 46000 NA
14968 46000 NA
14969 46000 NA
14970 46000 NA
14971 46000 NA
14972 46000 NA
14973 46000 NA
14974 46000 NA
14975 46000 NA
14979 48000 NA
14986 48000 NA
14993 48000 NA
14995 49900 NA
15002 49900 NA
15003 49900 NA
15005 52300 NA
15012 52300 NA
15019 52300 NA
15026 52300 NA
15033 52300 NA
15040 52300 NA
15047 52300 NA
15052 52300 NA
15054 54400 NA
15061 54400 NA
15068 54400 NA
15075 54400 NA
15082 54400 NA
15089 54400 NA
15096 54400 NA
15097 54400 NA
15098 56600 NA
15105 56600 NA
15112 56600 NA
15119 56600 NA
15126 56600 NA
15133 56600 NA
15140 56600 NA
15147 56600 NA
15150 56600 NA
15156 59000 NA
15163 59000 NA
15170 59000 NA
15177 59000 NA
15184 59000 NA
15191 59000 NA
15198 59000 NA
15199 59000 NA
15204 61300 NA
15211 61300 NA
15218 61300 NA
15225 61300 NA
15232 61300 NA
15239 61300 NA
15242 61300 NA
15243 63800 NA
15250 63800 NA
15257 63800 NA
15264 63800 NA
15271 63800 NA
15278 63800 NA
15285 63800 NA
15292 63800 NA
15295 66200 NA
15313 66172 NA
15320 66172 NA
15327 66172 NA
15334 66172 NA
15340 66172 NA
15341 66172 NA
15342 68885 NA
15343 68885 NA
15344 68885 NA
15345 68885 NA
15346 68885 NA
15347 68885 NA
15348 68885 NA
15349 68885 NA
15350 68885 NA
15351 68885 NA
15352 68885 NA
15353 68885 NA
15354 68885 NA
15355 68885 NA
15356 68885 NA
15357 68885 NA
15358 68885 NA
15359 68885 NA
15360 68885 NA
15361 68885 NA
15362 68885 NA
15363 68885 NA
15364 68885 NA
15365 68885 NA
15366 68885 NA
15367 68885 NA
15368 68885 NA
15369 68885 NA
15370 68885 NA
15371 68885 NA
15372 68885 NA
15373 68885 NA
15374 68885 NA
15375 68885 NA
15376 68885 NA
15377 68885 NA
15378 68885 NA
15379 68885 NA
15380 68885 NA
15381 68885 NA
15382 68885 NA
15383 68885 NA
15384 68885 NA
15385 68885 NA
15386 68885 NA
15387 68885 NA
15388 68885 NA
15389 68885 NA
15390 68885 NA
15391 68885 NA
15392 68885 NA
15393 68885 NA
15394 68885 NA
15395 68885 NA
15396 71642 NA
15397 71642 NA
15398 71642 NA
15399 71642 NA
15400 71642 NA
15401 71642 NA
15402 71642 NA
15403 71642 NA
15404 71642 NA
15405 71642 NA
15406 71642 NA
15407 71642 NA
15408 71642 NA
15409 71642 NA
15410 71642 NA
15411 71642 NA
15412 71642 NA
15413 71642 NA
15414 71642 NA
15415 71642 NA
15416 71642 NA
15417 71642 NA
15418 71642 NA
15419 71642 NA
15420 71642 NA
15421 71642 NA
15422 71642 NA
15423 71642 NA
15424 71642 NA
15425 71642 NA
15426 71642 NA
15427 71642 NA
15428 71642 NA
15429 71642 NA
15430 71642 NA
15431 71642 NA
15432 71642 NA
15433 71642 NA
15434 71642 NA
15435 71642 NA
15436 71642 NA
15437 71642 NA
15438 71642 NA
15439 71642 NA
15440 71642 NA
15441 71642 NA
15442 71642 NA
15443 71642 NA
15444 71642 NA
15445 71642 NA
15446 71642 NA
15447 71642 NA
15448 71642 NA
15449 71642 NA
15450 71642 NA
15451 71642 NA
15452 71642 NA
15453 71642 NA
15454 71642 NA
15455 71642 NA
15456 71642 NA
15457 71642 NA
15458 71642 NA
15459 71642 NA
15460 71642 NA
15461 71642 NA
15462 71642 NA
15463 73188 NA
15464 73188 NA
15465 73188 NA
15466 73188 NA
15467 73188 NA
15468 73188 NA
15469 73188 NA
15470 73188 NA
15471 73188 NA
15472 73188 NA
15473 73188 NA
15474 73188 NA
15475 73188 NA
15476 73188 NA
15477 73188 NA
15478 73188 NA
15479 73188 NA
15480 73188 NA
15481 73188 NA
15482 73188 NA
15483 73188 NA
15484 73188 NA
15485 73188 NA
15486 73188 NA
15487 73188 NA
15488 73188 NA
15489 73188 NA
15490 73188 NA
15491 73188 NA
15492 73188 NA
15493 73188 NA
15494 73188 NA
15495 73188 NA
15496 73188 NA
15497 73188 NA
15498 73188 NA
15499 73188 NA
15500 73188 NA
15501 73188 NA
15502 73188 NA
15503 73188 NA
15504 73188 NA
15505 73188 NA
15506 73188 NA
15507 73188 NA
15508 73188 NA
15509 73188 NA
15510 74224 NA
15511 74224 NA
15512 74224 NA
15513 74224 NA
15514 74224 NA
15515 74224 NA
15516 74224 NA
15517 74224 NA
15518 74224 NA
15519 74224 NA
15520 74224 NA
15521 74224 NA
15522 74224 NA
15523 74224 NA
15524 74224 NA
15525 74224 NA
15526 74224 NA
15527 74224 NA
15528 74224 NA
15529 74224 NA
15530 74224 NA
15531 74224 NA
15532 74224 NA
15533 74224 NA
15534 74224 NA
15535 74224 NA
15536 74224 NA
15537 74224 NA
15538 74224 NA
15539 74224 NA
15540 74224 NA
15541 74224 NA
15542 74224 NA
15543 74224 NA
15544 74224 NA
15545 74224 NA
15546 74224 NA
15547 74224 NA
15548 74224 NA
15549 74224 NA
15550 74224 NA
15551 74224 NA
15552 74224 NA
15553 74224 NA
15554 74224 NA
15555 74224 NA
15556 74224 NA
15557 74224 NA
15558 74224 NA
15559 74224 NA
15560 74224 NA
15561 74224 NA
15562 74224 NA
15563 74224 NA
15564 74224 NA
15565 74224 NA
15566 74224 NA
15567 74224 NA
15568 74224 NA
15569 74224 NA
15570 75498 NA
15571 75498 NA
15572 75498 NA
15573 75498 NA
15574 75498 NA
15575 75498 NA
15576 75498 NA
15577 75498 NA
15578 75498 NA
15579 75498 NA
15580 75498 NA
15581 75498 NA
15582 75498 NA
15583 75498 NA
15584 75498 NA
15585 75498 NA
15586 75498 NA
15587 75498 NA
15588 75498 NA
15589 75498 NA
15590 75498 NA
15591 75498 NA
15592 75498 NA
15593 75498 NA
15594 75498 NA
15595 75498 NA
15596 75498 NA
15597 75498 NA
15598 75498 NA
15599 75498 NA
15600 75498 NA
15601 75498 NA
15602 75498 NA
15603 75498 NA
15604 75498 NA
15605 75498 NA
15606 75498 NA
15607 75498 NA
15608 75498 NA
15609 75498 NA
15610 75498 NA
15611 75498 NA
15612 75498 NA
15613 75498 NA
15614 75498 NA
15615 75498 NA
15616 75498 NA
15617 75498 NA
15618 75498 NA
15619 75498 NA
15620 75498 NA
15621 75498 NA
15622 75498 NA
15623 75498 NA
15624 75498 NA
15625 75498 NA
15626 75498 NA
15627 75498 NA
15628 75498 NA
15629 75498 NA
15630 75498 NA
15631 75498 NA
15632 75498 NA
15633 75498 NA
15634 75498 NA
15635 75498 NA
15636 75498 NA
15637 75498 NA
15638 75498 NA
15639 75498 NA
15640 75498 NA
15641 75498 NA
15642 75498 NA
15643 75498 NA
15644 75498 NA
15645 75498 NA
15646 75498 NA
15647 75188 NA
15648 75188 NA
15649 75188 NA
15650 75188 NA
15651 75188 NA
15652 75188 NA
15653 75188 NA
15654 75188 NA
15655 75188 NA
15656 75188 NA
15657 75188 NA
15658 75188 NA
15659 75188 NA
15660 75188 NA
15661 75188 NA
15662 75188 NA
15663 75188 NA
15664 75188 NA
15665 75188 NA
15666 75188 NA
15667 75188 NA
15668 75188 NA
15669 75188 NA
15670 75188 NA
15671 75188 NA
15672 75188 NA
15673 75188 NA
15674 75188 NA
15675 75188 NA
15676 75188 NA
15677 75188 NA
15678 75188 NA
15679 75188 NA
15680 75188 NA
15681 75188 NA
15682 75188 NA
15683 75188 NA
15684 75188 NA
15685 75188 NA
15686 75188 NA
15687 75188 NA
15688 75188 NA
15689 75188 NA
15690 75188 NA
15691 75188 NA
15692 75188 NA
15693 75188 NA
15694 75188 NA
15695 75188 NA
15696 75188 NA
15697 75188 NA
15698 75188 NA
15699 75188 NA
15700 75188 NA
15701 75188 NA
15702 75188 NA
15703 75188 NA
15704 75188 NA
15705 75188 NA
15706 75188 NA
15707 75188 NA
15708 75188 NA
15709 75188 NA
15710 75188 NA
15711 75188 NA
15712 75188 NA
15713 75188 NA
15714 75188 NA
15715 75188 NA
15716 75188 NA
15717 75188 NA
15718 75188 NA
15719 75188 NA
15720 75188 NA
15721 75188 NA
15722 75188 NA
15723 75188 NA
15724 75188 NA
15725 75188 NA
15726 75188 NA
15727 75188 NA
15728 75987 NA
15729 75987 NA
15730 75987 NA
15731 75987 NA
15732 75987 NA
15733 75987 NA
15734 75987 NA
15735 75987 NA
15736 75987 NA
15737 75987 NA
15738 75987 NA
15739 75987 NA
15740 75987 NA
15741 75987 NA
15742 75987 NA
15743 75987 NA
15744 75987 NA
15745 75987 NA
15746 75987 NA
15747 75987 NA
15748 75987 NA
15749 75987 NA
15750 75987 NA
15751 75987 NA
15752 75987 NA
15753 75987 NA
15754 75987 NA
15755 75987 NA
15756 75987 NA
15757 75987 NA
15758 75987 NA
15759 75987 NA
15760 75987 NA
15761 75987 NA
15762 75987 NA
15763 75987 NA
15764 75987 NA
15765 75987 NA
15766 75987 NA
15767 75987 NA
15768 75987 NA
15769 75987 NA
15770 75987 NA
15771 75987 NA
15772 75987 NA
15773 75987 NA
15774 75987 NA
15775 75987 NA
15776 75987 NA
15777 75987 NA
15778 75987 NA
15779 75987 NA
15780 75987 NA
15781 75987 NA
15782 75987 NA
15783 75987 NA
15784 75987 NA
15785 75987 NA
15786 75987 NA
15787 75987 NA
15788 75987 NA
15789 75987 NA
15790 75987 NA
15791 75987 NA
15792 75987 NA
15793 75987 NA
15794 75987 NA
15795 75987 NA
15796 75987 NA
15797 75987 NA
15798 75987 NA
15799 75987 NA
15800 75987 NA
15801 75987 NA
15802 75987 NA
15803 75987 NA
15804 75987 NA
15805 75987 NA
15806 75987 NA
15807 75987 NA
15808 75987 NA
15809 75987 NA
15810 75987 NA
15811 75987 NA
15812 75987 NA
15813 75987 NA
15814 75987 NA
15815 75987 NA
15816 77051 NA
15817 77051 NA
15818 77051 NA
15819 77051 NA
15820 77051 NA
15821 77051 NA
15822 77051 NA
15823 77051 NA
15824 77051 NA
15825 77051 NA
15826 77051 NA
15827 77051 NA
15828 77051 NA
15829 77051 NA
15830 77051 NA
15831 77051 NA
15832 77051 NA
15833 77051 NA
15834 77051 NA
15835 77051 NA
15836 77051 NA
15837 77051 NA
15838 77051 NA
15839 77051 NA
15840 77051 NA
15841 77051 NA
15842 77051 NA
15843 77051 NA
15844 77051 NA
15845 77051 NA
15846 77051 NA
15847 77051 NA
15848 77051 NA
15849 77051 NA
15850 77051 NA
15851 77051 NA
15852 77051 NA
15853 77051 NA
15854 77051 NA
15855 77051 NA
15856 77051 NA
15857 77051 NA
15858 77051 NA
15859 77051 NA
15860 77051 NA
15861 77051 NA
15862 77051 NA
15863 77051 NA
15864 77051 NA
15865 77051 NA
15866 77051 NA
15867 77051 NA
15868 77051 NA
15869 77051 NA
15870 77051 NA
15871 77051 NA
15872 77051 NA
15873 77051 NA
15874 77051 NA
15875 77051 NA
15876 77051 NA
15877 77051 NA
15878 77051 NA
15879 77051 NA
15880 77051 NA
15881 77051 NA
15882 77051 NA
15883 77051 NA
15884 77051 NA
15885 77051 NA
15886 77051 NA
15887 77051 NA
15888 77051 NA
15889 77051 NA
15890 77051 NA
15891 77051 NA
15892 77051 NA
15893 77051 NA
15894 77051 NA
15895 77051 NA
15896 77051 NA
15897 79106 NA
15898 79106 NA
15899 79106 NA
15900 79106 NA
15901 79106 NA
15902 79106 NA
15903 79106 NA
15904 79106 NA
15905 79106 NA
15906 79106 NA
15907 79106 NA
15908 79106 NA
15909 79106 NA
15910 79106 NA
15911 79106 NA
15912 79106 NA
15913 79106 NA
15914 79106 NA
15915 79106 NA
15916 79106 NA
15917 79106 NA
15918 79106 NA
15919 79106 NA
15920 79106 NA
15921 79106 NA
15922 79106 NA
15923 79106 NA
15924 79106 NA
15925 79106 NA
15926 79106 NA
15927 79106 NA
15928 79106 NA
15929 79106 NA
15930 79106 NA
15931 79106 NA
15932 79106 NA
15933 79106 NA
15934 79106 NA
15935 79106 NA
15936 79106 NA
15937 79106 NA
15938 79106 NA
15939 79106 NA
15940 79106 NA
15941 79106 NA
15942 79106 NA
15943 79106 NA
15944 79106 NA
15945 79106 NA
15946 79106 NA
15947 79106 NA
15948 79106 NA
15949 79106 NA
15950 79106 NA
15951 79106 NA
15952 79106 NA
15953 79106 NA
15954 79106 NA
15955 79106 NA
15956 79106 NA
15957 79106 NA
15958 79106 NA
15959 79106 NA
15960 79106 NA
15961 79106 NA
15962 79106 NA
15963 79106 NA
15964 79106 NA
15965 79106 NA
15966 79106 NA
15967 79106 NA
15968 79106 NA
15969 79106 NA
15970 79106 NA
15971 79106 NA
15972 79106 NA
15973 79106 NA
15974 79106 NA
15975 79106 NA
15976 79106 NA
15977 79106 NA
15978 79106 NA
15979 79106 NA
15980 79106 NA
15981 79106 NA
15982 79106 NA
15983 79106 NA
15984 79106 NA
15985 79106 NA
15986 79106 NA
15987 79106 NA
15988 79106 NA
15989 79106 NA
15990 79106 NA
15991 79106 NA
15992 79106 NA
15993 79106 NA
15994 79106 NA
15995 79106 NA
15996 79106 NA
15997 79106 NA
15998 79106 NA
15999 79106 NA
16000 79106 NA
16001 79106 NA
16002 79106 NA
16003 79106 NA
16004 79106 NA
16005 79106 NA
16006 79106 NA
16007 79106 NA
16008 79106 NA
16009 79106 NA
16010 81648 NA
16011 81648 NA
16012 81648 NA
16013 81648 NA
16014 81648 NA
16015 81648 NA
16016 81648 NA
16017 81648 NA
16018 81648 NA
16019 81648 NA
16020 81648 NA
16021 81648 NA
16022 81648 NA
16023 81648 NA
16024 81648 NA
16025 81648 NA
16026 81648 NA
16027 81648 NA
16028 81648 NA
16029 81648 NA
16030 81648 NA
16031 81648 NA
16032 81648 NA
16033 81648 NA
16034 81648 NA
16035 81648 NA
16036 81648 NA
16037 81648 NA
16038 81648 NA
16039 81648 NA
16040 81648 NA
16041 81648 NA
16042 81648 NA
16043 81648 NA
16044 81648 NA
16045 81648 NA
16046 81648 NA
16047 81648 NA
16048 81648 NA
16049 81648 NA
16050 81648 NA
16051 81648 NA
16052 81648 NA
16053 81648 NA
16054 81648 NA
16055 81648 NA
16056 81648 NA
16057 81648 NA
16058 81648 NA
16059 81648 NA
16060 81648 NA
16061 81648 NA
16062 81648 NA
16063 81648 NA
16064 81648 NA
16065 81648 NA
16066 81648 NA
16067 81648 NA
16068 81648 NA
16069 81648 NA
16070 81648 NA
16071 81648 NA
16072 81648 NA
16073 81648 NA
16074 81648 NA
16075 81648 NA
16076 81648 NA
16077 81648 NA
16078 81648 NA
16079 81648 NA
16080 81648 NA
16081 81648 NA
16082 81648 NA
16083 81648 NA
16084 81648 NA
16085 81648 NA
16086 81648 NA
16087 81648 NA
16088 81648 NA
16089 81648 NA
16090 81648 NA
16091 81648 NA
16092 81648 NA
16093 81648 NA
16094 81648 NA
16095 81648 NA
16096 81648 NA
16097 81648 NA
16098 81648 NA
16099 81648 NA
16100 81648 NA
16101 81648 NA
16102 81648 NA
16103 81648 NA
16104 81648 NA
16105 81648 NA
16106 81648 NA
16107 81648 NA
16108 81648 NA
16109 81648 NA
16110 81648 NA
16111 81648 NA
16112 81648 NA
16113 81648 NA
16114 81648 NA
16115 81648 NA
16116 81648 NA
16117 81648 NA
16118 81648 NA
16119 81648 NA
16120 84259 NA
16121 84259 NA
16122 84259 NA
16123 84259 NA
16124 84259 NA
16125 84259 NA
16126 84259 NA
16127 84259 NA
16128 84259 NA
16129 84259 NA
16130 84259 NA
16131 84259 NA
16132 84259 NA
16133 84259 NA
16134 84259 NA
16135 84259 NA
16136 84259 NA
16137 84259 NA
16138 84259 NA
16139 84259 NA
16140 84259 NA
16141 84259 NA
16142 84259 NA
16143 84259 NA
16144 84259 NA
16145 84259 NA
16146 84259 NA
16147 84259 NA
16148 84259 NA
16149 84259 NA
16150 84259 NA
16151 84259 NA
16152 84259 NA
16153 84259 NA
16154 84259 NA
16155 84259 NA
16156 84259 NA
16157 84259 NA
16158 84259 NA
16159 84259 NA
16160 84259 NA
16161 84259 NA
16162 84259 NA
16163 84259 NA
16164 84259 NA
16165 84259 NA
16166 84259 NA
16167 84259 NA
16168 84259 NA
16169 84259 NA
16170 84259 NA
16171 84259 NA
16172 84259 NA
16173 84259 NA
16174 84259 NA
16175 84259 NA
16176 84259 NA
16177 84259 NA
16178 84259 NA
16179 84259 NA
16180 84259 NA
16181 84259 NA
16182 84259 NA
16183 84259 NA
16184 84259 NA
16185 84259 NA
16186 84259 NA
16187 84259 NA
16188 84259 NA
16189 84259 NA
16190 84259 NA
16191 84259 NA
16192 84259 NA
16193 84259 NA
16194 84259 NA
16195 84259 NA
16196 84259 NA
16197 84259 NA
16198 84259 NA
16199 84259 NA
16200 84259 NA
16201 84259 NA
16202 84259 NA
16203 84259 NA
16204 84259 NA
16205 84259 NA
16206 84259 NA
16207 84259 NA
16208 84259 NA
16209 84259 NA
16210 84259 NA
16211 84259 NA
16212 84259 NA
16213 84259 NA
16214 84259 NA
16215 84259 NA
16216 84259 NA
16217 84259 NA
16218 84259 NA
16219 84259 NA
16220 84259 NA
16221 84259 NA
16222 84259 NA
16223 84259 NA
16224 84259 NA
16225 84259 NA
16226 84259 NA
16227 84259 NA
16228 84259 NA
16229 84259 NA
16230 84259 NA
16231 84259 NA
16232 84259 NA
16233 84259 NA
16234 84259 NA
16235 84259 NA
16236 84259 NA
16237 84259 NA
16238 84259 NA
16239 84259 NA
16240 86978 NA
16241 86978 NA
16242 86978 NA
16243 86978 NA
16244 86978 NA
16245 86978 NA
16246 86978 NA
16247 86978 NA
16248 86978 NA
16249 86978 NA
16250 86978 NA
16251 86978 NA
16252 86978 NA
16253 86978 NA
16254 86978 NA
16255 86978 NA
16256 86978 NA
16257 86978 NA
16258 86978 NA
16259 86978 NA
16260 86978 NA
16261 86978 NA
16262 86978 NA
16263 86978 NA
16264 86978 NA
16265 86978 NA
16266 86978 NA
16267 86978 NA
16268 86978 NA
16269 86978 NA
16270 86978 NA
16271 86978 NA
16272 86978 NA
16273 86978 NA
16274 86978 NA
16275 86978 NA
16276 86978 NA
16277 86978 NA
16278 86978 NA
16279 86978 NA
16280 86978 NA
16281 86978 NA
16282 86978 NA
16283 86978 NA
16284 86978 NA
16285 86978 NA
16286 86978 NA
16287 86978 NA
16288 86978 NA
16289 86978 NA
16290 86978 NA
16291 86978 NA
16292 86978 NA
16293 86978 NA
16294 86978 NA
16295 86978 NA
16296 86978 NA
16297 86978 NA
16298 86978 NA
16299 86978 NA
16300 86978 NA
16301 86978 NA
16302 86978 NA
16303 86978 NA
16304 86978 NA
16305 86978 NA
16306 86978 NA
16307 86978 NA
16308 86978 NA
16309 86978 NA
16310 86978 NA
16311 86978 NA
16312 86978 NA
16313 86978 NA
16314 86978 NA
16315 86978 NA
16316 86978 NA
16317 86978 NA
16318 86978 NA
16319 86978 NA
16320 86978 NA
16321 86978 NA
16322 86978 NA
16323 86978 NA
16324 86978 NA
16325 86978 NA
16326 86978 NA
16327 86978 NA
16328 86978 NA
16329 86978 NA
16330 86978 NA
16331 86978 NA
16332 86978 NA
16333 86978 NA
16334 86978 NA
16335 89711 NA
16336 89711 NA
16337 89711 NA
16338 89711 NA
16339 89711 NA
16340 89711 NA
16341 89711 NA
16342 89711 NA
16343 89711 NA
16344 89711 NA
16345 89711 NA
16346 89711 NA
16347 89711 NA
16348 89711 NA
16349 89711 NA
16350 89711 NA
16351 89711 NA
16352 89711 NA
16353 89711 NA
16354 89711 NA
16355 89711 NA
16356 89711 NA
16357 89711 NA
16358 89711 NA
16359 89711 NA
16360 89711 NA
16361 89711 NA
16362 89711 NA
16363 89711 NA
16364 89711 NA
16365 89711 NA
16366 89711 NA
16367 89711 NA
16368 89711 NA
16369 89711 NA
16370 89711 NA
16371 89711 NA
16372 89711 NA
16373 89711 NA
16374 89711 NA
16375 89711 NA
16376 89711 NA
16377 89711 NA
16378 89711 NA
16379 89711 NA
16380 89711 NA
16381 89711 NA
16382 89711 NA
16383 89711 NA
16384 89711 NA
16385 89711 NA
16386 89711 NA
16387 89711 NA
16388 89711 NA
16389 89711 NA
16390 89711 NA
16391 89711 NA
16392 89711 NA
16393 89711 NA
16394 89711 NA
16395 89711 NA
16396 89711 NA
16397 89711 NA
16398 89711 NA
16399 89711 NA
16400 89711 NA
16401 89711 NA
16402 89711 NA
16403 89711 NA
16404 89711 NA
16405 89711 NA
16406 89711 NA
16407 89711 NA
16408 89711 NA
16409 89711 NA
16410 89711 NA
16411 89711 NA
16412 89711 NA
16413 89711 NA
16414 89711 NA
16415 89711 NA
16416 89711 NA
16417 89711 NA
16418 89711 NA
16419 89711 NA
16420 89711 NA
16421 89711 NA
16422 89711 NA
16423 89711 NA
16424 89711 NA
16425 89711 NA
16426 89711 NA
16427 89711 NA
16428 89711 NA
16429 89711 NA
16430 89711 NA
16431 89711 NA
16432 89711 NA
16433 89711 NA
16434 89711 NA
16435 89711 NA
16436 89711 NA
16437 89711 NA
16438 89711 NA
16439 89711 NA
16440 89711 NA
16441 89711 NA
16442 89711 NA
16443 89711 NA
16444 89711 NA
16445 89711 NA
16446 89711 NA
16447 89711 NA
16448 89711 NA
16449 89711 NA
16450 89711 NA
16451 89711 NA
16452 89711 NA
16453 89711 NA
16454 89711 NA
16455 89711 NA
16456 89711 NA
16457 89711 NA
16458 89711 NA
16459 89711 NA
16460 89711 NA
16461 89711 NA
16462 89711 NA
16463 89711 NA
16464 89711 NA
16465 89711 NA
16466 89711 NA
16467 89711 NA
16468 89711 NA
16469 89711 NA
16470 89711 NA
16471 89711 NA
16472 89711 NA
16473 89711 NA
16474 89711 NA
16475 89711 NA
16476 89711 NA
16477 89711 NA
16478 89711 NA
16479 89711 NA
16480 89711 NA
16481 89711 NA
16482 89711 NA
16483 89711 NA
16484 89711 NA
16485 89711 NA
16486 89711 NA
16487 89711 NA
16488 92356 NA
16489 92356 NA
16490 92356 NA
16491 92356 NA
16492 92356 NA
16493 92356 NA
16494 92356 NA
16495 92356 NA
16496 92356 NA
16497 92356 NA
16498 92356 NA
16499 92356 NA
16500 92356 NA
16501 92356 NA
16502 92356 NA
16503 92356 NA
16504 92356 NA
16505 92356 NA
16506 92356 NA
16507 92356 NA
16508 92356 NA
16509 92356 NA
16510 92356 NA
16511 92356 NA
16512 92356 NA
16513 92356 NA
16514 92356 NA
16515 92356 NA
16516 92356 NA
16517 92356 NA
16518 92356 NA
16519 92356 NA
16520 92356 NA
16521 92356 NA
16522 92356 NA
16523 92356 NA
16524 92356 NA
16525 92356 NA
16526 92356 NA
16527 92356 NA
16528 92356 NA
16529 92356 NA
16530 92356 NA
16531 92356 NA
16532 92356 NA
16533 92356 NA
16534 92356 NA
16535 92356 NA
16536 92356 NA
16537 92356 NA
16538 92356 NA
16539 92356 NA
16540 92356 NA
16541 92356 NA
16542 92356 NA
16543 92356 NA
16544 92356 NA
16545 92356 NA
16546 92356 NA
16547 92356 NA
16548 92356 NA
16549 92356 NA
16550 92356 NA
16551 92356 NA
16552 92356 NA
16553 92356 NA
16554 92356 NA
16555 92356 NA
16556 92356 NA
16557 92356 NA
16558 92356 NA
16559 92356 NA
16560 92356 NA
16561 92356 NA
16562 92356 NA
16563 92356 NA
16564 92356 NA
16565 92356 NA
16566 92356 NA
16567 92356 NA
16568 92356 NA
16569 92356 NA
16570 92356 NA
16571 92356 NA
16572 92356 NA
16573 92356 NA
16574 92356 NA
16575 92356 NA
16576 92356 NA
16577 92356 NA
16578 92356 NA
16579 92356 NA
16580 92356 NA
16581 92356 NA
16582 92356 NA
16583 92356 NA
16584 92356 NA
16585 92356 NA
16586 92356 NA
16587 92356 NA
16588 92356 NA
16589 92356 NA
16590 92356 NA
16591 92356 NA
16592 92356 NA
16593 92356 NA
16594 92356 NA
16595 92356 NA
16596 92356 NA
16597 92356 NA
16598 92356 NA
16599 92356 NA
16600 92356 NA
16601 92356 NA
16602 92356 NA
16603 92356 NA
16604 92356 NA
16605 92356 NA
16606 92356 NA
16607 92356 NA
16608 92356 NA
16609 92356 NA
16610 92356 NA
16611 92356 NA
16612 92356 NA
16613 92356 NA
16614 92356 NA
16615 92356 NA
16616 92356 NA
16617 92356 NA
16618 92356 NA
16619 92356 NA
16620 92356 NA
16621 92356 NA
16622 92356 NA
16623 92356 NA
16624 92356 NA
16625 92356 NA
16626 92356 NA
16627 92356 NA
16628 92356 NA
16629 92356 NA
16630 92356 NA
16631 92356 NA
16632 92356 NA
16633 92356 NA
16634 92356 NA
16635 92356 NA
16636 92356 NA
16637 92356 NA
16638 92356 NA
16639 92356 NA
16640 92356 NA
16641 92356 NA
16642 92356 NA
16643 92356 NA
16644 92356 NA
16645 92356 NA
16646 92356 NA
16647 92356 NA
16648 92356 NA
16649 92356 NA
16650 92356 NA
16651 92356 NA
16652 92356 NA
16653 92356 NA
16654 92356 NA
16655 92356 NA
16656 92356 NA
16657 92356 NA
16658 96033 NA
16659 96033 NA
16660 96033 NA
16661 96033 NA
16662 96033 NA
16663 96033 NA
16664 96033 NA
16665 96033 NA
16666 96033 NA
16668 96033 NA
16669 96033 NA
16670 96033 NA
16671 96033 NA
16672 96033 NA
16673 96033 NA
16674 96033 NA
16675 96033 NA
16676 96033 NA
16677 96033 NA
16678 96033 NA
16679 96033 NA
16680 96033 NA
16681 96033 NA
16682 96033 NA
16683 96033 NA
16684 96033 NA
16685 96033 NA
16686 96033 NA
16687 96033 NA
16688 96033 NA
16689 96033 NA
16690 96033 NA
16691 96033 NA
16692 96033 NA
16693 96033 NA
16694 96033 NA
16695 96033 NA
16696 96033 NA
16697 96033 NA
16698 96033 NA
16699 96033 NA
16700 96033 NA
16701 96033 NA
16702 96033 NA
16703 96033 NA
16704 96033 NA
16705 96033 NA
16706 96033 NA
16707 96033 NA
16708 96033 NA
16709 96033 NA
16710 96033 NA
16711 96033 NA
16712 96033 NA
16715 96033 NA
16717 96033 NA
16719 96033 NA
16720 96033 NA
16721 96033 NA
16722 96033 NA
16723 96033 NA
16724 96033 NA
16725 96033 NA
16726 96033 NA
16727 96033 NA
16728 96033 NA
16729 96033 NA
16730 96033 NA
16731 96033 NA
16732 96033 NA
16733 96033 NA
16734 96033 NA
16735 96033 NA
16736 96033 NA
16737 96033 NA
16738 96033 NA
16739 96033 NA
16740 96033 NA
16741 96033 NA
16742 96033 NA
16743 96033 NA
16744 96033 NA
16745 96033 NA
16746 96033 NA
16747 96033 NA
16748 96033 NA
16749 96033 NA
16750 96033 NA
16751 96033 NA
16752 96033 NA
16753 96033 NA
16754 96033 NA
16755 96033 NA
16756 96033 NA
16757 96033 NA
16759 96033 NA
16760 96033 NA
16761 96033 NA
16762 96033 NA
16763 96033 NA
16764 96033 NA
16765 96033 NA
16766 96033 NA
16767 96033 NA
16768 96033 NA
16769 96033 NA
16770 96033 NA
16771 96033 NA
16772 96033 NA
16773 96033 NA
16774 96033 NA
16775 96033 NA
16776 96033 NA
16777 96033 NA
16778 96033 NA
16779 96033 NA
16780 96033 NA
16781 96033 NA
16782 96033 NA
16783 96033 NA
16784 96033 NA
16785 96033 NA
16786 96033 NA
16787 96033 NA
16788 96033 NA
16789 96033 NA
16790 96033 NA
16791 96033 NA
16792 96033 NA
16793 96033 NA
16794 96033 NA
16795 96033 NA
16796 96033 NA
16797 96033 NA
16798 96033 NA
16799 96033 NA
16800 96033 NA
16801 96033 NA
16802 96033 NA
16803 96033 NA
16804 96033 NA
16805 96033 NA
16807 96033 NA
16808 96033 NA
16809 96033 NA
16810 96033 NA
16811 96033 NA
16812 96033 NA
16813 96033 NA
16814 96033 NA
16815 96033 NA
16816 96033 NA
16817 96033 NA
16820 96033 NA
16821 96033 NA
16822 96033 NA
16823 96033 NA
16824 96033 NA
16825 96033 NA
16826 96033 NA
16827 96033 NA
16828 96033 NA
16829 96033 NA
16830 96033 NA
16831 96033 NA
16832 96033 NA
16833 96033 NA
16834 96033 NA
16835 96033 NA
16836 96033 NA
16837 96033 NA
16838 96033 NA
16839 96033 NA
16840 96033 NA
16841 96033 NA
16842 96033 NA
16843 96033 NA
16844 96033 NA
16845 96033 NA
16847 96033 NA
16849 96033 NA
16850 96033 NA
16851 96033 NA
16852 96033 NA
16853 96033 NA
16854 96033 NA
16855 96033 NA
16856 96033 NA
16857 85952 NA
16858 85952 NA
16859 85952 NA
16860 85952 NA
16861 85952 NA
16862 85952 NA
16863 85952 NA
16864 85952 NA
16865 85952 NA
16866 85952 NA
16867 85952 NA
16869 85952 NA
16870 85952 NA
16871 85952 NA
16872 85952 NA
16873 85952 NA
16874 85952 NA
16875 85952 NA
16876 85952 NA
16878 85952 NA
16879 85952 NA
16880 85952 NA
16881 85952 NA
16882 85952 NA
16883 85952 NA
16884 85952 NA
16885 85952 NA
16886 85952 NA
16887 85952 NA
16888 85952 NA
16889 85952 NA
16890 85952 NA
16891 85952 NA
16892 85952 NA
16893 85952 NA
16894 85952 NA
16895 85952 NA
16896 85952 NA
16897 85952 NA
16898 85952 NA
16899 85952 NA
16900 85952 NA
16901 85952 NA
16902 85952 NA
16903 85952 NA
16904 85952 NA
16905 85952 NA
16906 85952 NA
16907 85952 NA
16908 85952 NA
16909 85952 NA
16910 85952 NA
16911 85952 NA
16912 85952 NA
16913 85952 NA
16914 85952 NA
16915 85952 NA
16916 85952 NA
16917 85952 NA
16918 85952 NA
16919 85952 NA
16920 85952 NA
16921 85952 NA
16922 85952 NA
16923 85952 NA
16924 85952 NA
16925 85952 NA
16926 85952 NA
16927 85952 NA
16928 85952 NA
16929 85952 NA
16930 85952 NA
16931 85952 NA
16932 85952 NA
16933 85952 NA
16934 85952 NA
16935 85952 NA
16937 85952 NA
16938 85952 NA
16939 85952 NA
16940 85952 NA
16941 85952 NA
16942 85952 NA
16943 85952 NA
16944 85952 NA
16945 85952 NA
16946 85952 NA
16949 85952 NA
16950 85952 NA
16951 85952 NA
16952 85952 NA
16953 85952 NA
16954 85952 NA
16955 85952 NA
16956 85952 NA
16957 85952 NA
16958 85952 NA
16959 85952 NA
16960 85952 NA
16966 66030 NA
16968 66030 NA
16969 66030 NA
16970 66030 NA
16971 66030 NA
16972 66030 NA
16974 66030 NA
16975 66030 NA
16976 66030 NA
16977 66030 NA
16978 66030 NA
16979 66030 NA
16980 66030 NA
16981 66030 NA
16982 66030 NA
16984 66030 NA
16985 66030 NA
16986 66030 NA
16987 66030 NA
16988 66030 NA
16989 66030 NA
16990 66030 NA
16991 66030 NA
16992 66030 NA
16993 66030 NA
16994 66030 NA
16999 66030 NA
17000 66030 NA
17001 66030 NA
17006 66030 NA
17007 66030 NA
17014 66030 NA
17015 66030 NA
17016 66030 NA
17017 66030 NA
17018 66030 NA
17019 66030 NA
17020 66030 NA
17021 66030 NA
17022 66030 NA
17023 66030 NA
17024 66030 NA
17025 66030 NA
17026 66030 NA
17027 66030 NA
17028 66030 NA
17029 66030 NA
17031 66030 NA
17032 66030 NA
17033 66030 NA
17034 66030 NA
17035 66030 NA
17036 66030 NA
17037 66030 NA
17038 66030 NA
17039 66030 NA
17040 66030 NA
17042 66030 NA
17044 66030 NA
17045 66030 NA
17046 66030 NA
17047 66030 NA
17048 66030 NA
17049 66030 NA
17050 66030 NA
17051 66030 NA
17052 66030 NA
17053 66030 NA
17054 66030 NA
17055 66030 NA
17056 66030 NA
17057 66030 NA
17058 66030 NA
17059 66030 NA
17060 66030 NA
17061 66030 NA
17062 66030 NA
17063 66030 NA
17064 66030 NA
17069 66030 NA
17070 66030 NA
17071 66030 NA
17072 66030 NA
17073 66030 NA
17075 66030 NA
17076 66030 NA
17077 66030 NA
17078 66030 NA
17079 66030 NA
17080 66030 NA
17081 66030 NA
17083 66030 NA
17084 66030 NA
17085 66030 NA
17086 11298 NA
17087 11298 NA
17088 11298 NA
17089 11298 NA
17091 11298 NA
17092 11298 NA
17093 11298 NA
17094 11298 NA
17095 11298 NA
17096 11298 NA
17097 11298 NA
17098 11298 NA
17099 11298 NA
17100 11298 NA
17101 11298 NA
17102 11298 NA
17103 11298 NA
17104 11298 NA
17105 11298 NA
17106 11298 NA
17107 11298 NA
17108 11298 NA
17109 11298 NA
17110 11298 NA
17111 11298 NA
17112 11298 NA
17113 11298 NA
17114 11298 NA
17115 11298 NA
17117 11298 NA
17118 11298 NA
17119 11298 NA
17123 11298 NA
17124 11298 NA
17125 11298 NA
17126 11298 NA
17127 11298 NA
17129 11298 NA
17130 11298 NA
17131 11298 NA
17132 11298 NA
17133 11298 NA
17134 11298 NA
17135 11298 NA
17136 11298 NA
17138 11298 NA
17139 11298 NA
17140 11298 NA
17141 11298 NA
17142 11298 NA
17143 11298 NA
17144 11298 NA
17145 11298 NA
17146 11298 NA
17147 11298 NA
17148 11298 NA
17149 11298 NA
