"Index" "Price" "Volume"
14019 1045 NA
14020 1045 NA
14021 1045 NA
14022 1045 NA
14023 1051 NA
14024 1051 NA
14025 1051 NA
14026 1051 NA
14027 1051 NA
14028 1051 NA
14029 1051 NA
14030 1051 NA
14031 1069 NA
14032 1069 NA
14033 1069 NA
14034 1069 NA
14035 1069 NA
14036 1069 NA
14037 1069 NA
14038 1065 NA
14039 1065 NA
14040 1065 NA
14041 1065 NA
14042 1065 NA
14043 1065 NA
14044 1043 NA
14045 1043 NA
14046 1043 NA
14047 1043 NA
14048 1043 NA
14049 1024 NA
14050 1024 NA
14051 1024 NA
14052 1024 NA
14053 1024 NA
14054 1024 NA
14055 1009 NA
14056 1009 NA
14057 1009 NA
14058 1009 NA
14059 1009 NA
14060 966 NA
14061 966 NA
14062 966 NA
14063 966 NA
14064 966 NA
14065 966 NA
14066 939 NA
14067 939 NA
14068 939 NA
14069 939 NA
14070 939 NA
14071 903 NA
14072 903 NA
14073 903 NA
14074 903 NA
14075 903 NA
14076 903 NA
14077 880 NA
14078 880 NA
14079 880 NA
14080 880 NA
14081 880 NA
14082 880 NA
14083 864 NA
14084 864 NA
14085 864 NA
14086 864 NA
14087 864 NA
14088 856 NA
14089 847 NA
14090 847 NA
14091 847 NA
14092 847 NA
14093 847 NA
14094 847 NA
14095 834 NA
14096 834 NA
14097 834 NA
14098 834 NA
14099 834 NA
14100 814 NA
14101 814 NA
14102 814 NA
14103 814 NA
14104 814 NA
14105 832 NA
14106 832 NA
14107 832 NA
14108 832 NA
14109 843 NA
14110 843 NA
14111 843 NA
14112 843 NA
14113 856 NA
14114 856 NA
14115 856 NA
14116 856 NA
14117 856 NA
14118 869 NA
14119 869 NA
14120 869 NA
14121 869 NA
14122 863 NA
14123 863 NA
14124 863 NA
14125 863 NA
14126 863 NA
14127 867 NA
14128 867 NA
14129 867 NA
14130 867 NA
14131 867 NA
14132 893 NA
14133 893 NA
14134 893 NA
14135 893 NA
14136 934 NA
14137 934 NA
14138 934 NA
14139 934 NA
14140 934 NA
14141 934 NA
14142 972 NA
14143 972 NA
14144 972 NA
14145 972 NA
14146 972 NA
14147 1005 NA
14148 1005 NA
14149 1005 NA
14150 1005 NA
14151 1005 NA
14152 1005 NA
14153 1011 NA
14154 1011 NA
14155 1011 NA
14156 1011 NA
14157 1011 NA
14158 997 NA
14159 997 NA
14160 997 NA
14161 997 NA
14162 997 NA
14163 997 NA
14164 975 NA
14165 975 NA
14166 975 NA
14167 975 NA
14168 975 NA
14169 975 NA
14170 957 NA
14171 957 NA
14172 957 NA
14173 957 NA
14174 957 NA
14175 968 NA
14176 968 NA
14177 968 NA
14178 968 NA
14179 968 NA
14180 968 NA
14181 971 NA
14182 971 NA
14183 971 NA
14184 971 NA
14185 961 NA
14186 961 NA
14187 961 NA
14188 961 NA
14189 961 NA
14190 961 NA
14191 986 NA
14192 986 NA
14193 986 NA
14194 986 NA
14195 986 NA
14196 1001 NA
14197 1001 NA
14198 1001 NA
14199 1001 NA
14200 1026 NA
14201 1026 NA
14202 1026 NA
14203 1026 NA
14204 1026 NA
14205 1026 NA
14206 1023 NA
14207 1023 NA
14208 1023 NA
14209 1023 NA
14210 986 NA
14211 980 NA
14212 980 NA
14213 980 NA
14214 980 NA
14215 1000 NA
14216 1000 NA
14217 1000 NA
14218 1000 NA
14219 1000 NA
14220 1004 NA
14221 1004 NA
14222 1004 NA
14223 1004 NA
14224 1004 NA
14225 1004 NA
14226 973 NA
14227 973 NA
14228 973 NA
14229 973 NA
14230 973 NA
14231 998 NA
14232 998 NA
14233 998 NA
14234 998 NA
14235 979 NA
14236 979 NA
14237 979 NA
14238 979 NA
14239 972 NA
14240 972 NA
14241 972 NA
14242 972 NA
14243 972 NA
14244 972 NA
14245 972 NA
14246 944 NA
14247 944 NA
14248 944 NA
14249 944 NA
14250 953 NA
14251 953 NA
14252 953 NA
14253 953 NA
14254 950 NA
14255 950 NA
14256 950 NA
14257 966 NA
14258 966 NA
14259 966 NA
14260 966 NA
14261 966 NA
14262 985 NA
14263 985 NA
14264 985 NA
14265 985 NA
14266 985 NA
14267 993 NA
14268 993 NA
14269 993 NA
14270 993 NA
14271 981 NA
14272 981 NA
14273 981 NA
14274 1002 NA
14275 1002 NA
14276 1002 NA
14277 1002 NA
14278 1002 NA
14279 977 NA
14280 977 NA
14281 977 NA
14282 977 NA
14283 977 NA
14284 974 NA
14285 974 NA
14286 974 NA
14287 974 NA
14288 974 NA
14289 1009 NA
14290 1009 NA
14291 1009 NA
14292 1010 NA
14293 1010 NA
14294 1010 NA
14295 1010 NA
14296 1010 NA
14297 1010 NA
14298 1010 NA
14299 1010 NA
14300 1010 NA
14301 1010 NA
14302 1011 NA
14303 1011 NA
14304 1011 NA
14305 1011 NA
14306 999 NA
14307 999 NA
14308 999 NA
14309 999 NA
14310 999 NA
14311 1023 NA
14312 1023 NA
14313 1023 NA
14314 1023 NA
14315 1023 NA
14316 1031 NA
14317 1031 NA
14318 1031 NA
14319 1031 NA
14320 1031 NA
14321 1031 NA
14322 1048 NA
14323 1048 NA
14324 1048 NA
14325 1048 NA
14326 1048 NA
14327 1069 NA
14328 1069 NA
14329 1069 NA
14330 1069 NA
14331 1069 NA
14332 1093 NA
14333 1093 NA
14334 1093 NA
14335 1093 NA
14336 1093 NA
14337 1093 NA
14338 1140 NA
14339 1140 NA
14340 1140 NA
14341 1140 NA
14342 1140 NA
14343 1161 NA
14344 1161 NA
14345 1161 NA
14346 1161 NA
14347 1156 NA
14348 1156 NA
14349 1156 NA
14350 1156 NA
14351 1156 NA
14352 1156 NA
14353 1121 NA
14354 1121 NA
14355 1121 NA
14356 1121 NA
14357 1121 NA
14358 1121 NA
14359 1099 NA
14360 1099 NA
14361 1099 NA
14362 1099 NA
14363 1109 NA
14364 1109 NA
14365 1109 NA
14366 1109 NA
14367 1109 NA
14368 1109 NA
14369 1147 NA
14370 1147 NA
14371 1147 NA
14372 1147 NA
14373 1147 NA
14374 1147 NA
14375 1152 NA
14376 1152 NA
14377 1152 NA
14378 1152 NA
14379 1152 NA
14380 1152 NA
14381 1151 NA
14382 1151 NA
14383 1151 NA
14384 1151 NA
14385 1151 NA
14386 1162 NA
14387 1162 NA
14388 1162 NA
14389 1162 NA
14390 1141 NA
14391 1141 NA
14392 1141 NA
14393 1141 NA
14394 1141 NA
14395 1136 NA
14396 1136 NA
14397 1136 NA
14398 1136 NA
14399 1136 NA
14400 1132 NA
14401 1132 NA
14402 1132 NA
14403 1132 NA
14404 1132 NA
14405 1126 NA
14406 1126 NA
14407 1126 NA
14408 1126 NA
14409 1126 NA
14410 1086 NA
14411 1086 NA
14412 1086 NA
14413 1086 NA
14414 1086 NA
14415 1067 NA
14416 1067 NA
14417 1067 NA
14418 1067 NA
14419 1034 NA
14420 1034 NA
14421 1034 NA
14422 1034 NA
14423 1021 NA
14424 1021 NA
14425 1021 NA
14426 1021 NA
14428 1028 NA
14429 1028 NA
14430 1028 NA
14431 1028 NA
14432 1020 NA
14433 1020 NA
14434 1020 NA
14435 1020 NA
14436 1016 NA
14437 1016 NA
14438 1016 NA
14439 1016 NA
14440 1034 NA
14441 1034 NA
14442 1034 NA
14443 1034 NA
14444 1020 NA
14445 1020 NA
14446 1020 NA
14447 1041 NA
14448 1041 NA
14449 1041 NA
14450 1041 NA
14451 1041 NA
14452 1061 NA
14453 1061 NA
14454 1061 NA
14455 1061 NA
14456 1061 NA
14457 1049 NA
14458 1049 NA
14459 1049 NA
14460 1049 NA
14461 1041 NA
14462 1041 NA
14463 1041 NA
14464 1041 NA
14465 1030 NA
14466 1030 NA
14467 1030 NA
14468 1030 NA
14469 1042 NA
14470 1042 NA
14471 1042 NA
14472 1042 NA
14473 1042 NA
14474 1062 NA
14475 1062 NA
14476 1062 NA
14477 1062 NA
14478 1062 NA
14479 1083 NA
14480 1083 NA
14481 1083 NA
14482 1083 NA
14483 1083 NA
14484 1083 NA
14485 1103 NA
14486 1103 NA
14487 1103 NA
14488 1103 NA
14489 1125 NA
14490 1125 NA
14491 1125 NA
14492 1125 NA
14493 1153 NA
14494 1153 NA
14495 1153 NA
14496 1153 NA
14497 1153 NA
14498 1202 NA
14499 1202 NA
14500 1202 NA
14501 1202 NA
14502 1202 NA
14503 1256 NA
14504 1256 NA
14505 1256 NA
14506 1256 NA
14507 1301 NA
14508 1301 NA
14509 1301 NA
14510 1301 NA
14511 1301 NA
14512 1337 NA
14513 1337 NA
14514 1337 NA
14515 1337 NA
14516 1337 NA
14517 1386 NA
14518 1386 NA
14519 1386 NA
14520 1386 NA
14521 1386 NA
14522 1417 NA
14523 1417 NA
14524 1417 NA
14525 1417 NA
14526 1417 NA
14527 1417 NA
14528 1408 NA
14529 1408 NA
14530 1408 NA
14531 1408 NA
14532 1408 NA
14533 1408 NA
14534 1408 NA
14535 1447 NA
14536 1447 NA
14537 1447 NA
14538 1447 NA
14539 1447 NA
14540 1447 NA
14541 1447 NA
14542 1467 NA
14543 1467 NA
14544 1467 NA
14545 1467 NA
14546 1467 NA
14547 1467 NA
14548 1484 NA
14549 1484 NA
14550 1484 NA
14551 1484 NA
14552 1484 NA
14553 1484 NA
14554 1484 NA
14555 1508 NA
14556 1508 NA
14557 1508 NA
14558 1508 NA
14559 1508 NA
14560 1508 NA
14561 1482 NA
14562 1482 NA
14563 1482 NA
14564 1482 NA
14565 1482 NA
14566 1482 NA
14567 1482 NA
14568 1491 NA
14569 1491 NA
14570 1491 NA
14571 1491 NA
14572 1491 NA
14573 1491 NA
14574 1491 NA
14575 1497 NA
14576 1497 NA
14577 1497 NA
14578 1497 NA
14579 1497 NA
14580 1497 NA
14581 1497 NA
14582 1443 NA
14583 1443 NA
14584 1443 NA
14585 1443 NA
14586 1443 NA
14587 1443 NA
14588 1375 NA
14589 1375 NA
14590 1375 NA
14591 1375 NA
14592 1375 NA
14593 1375 NA
14594 1375 NA
14595 1357 NA
14596 1357 NA
14597 1357 NA
14598 1357 NA
14599 1357 NA
14600 1357 NA
14601 1357 NA
14602 1313 NA
14603 1313 NA
14604 1313 NA
14605 1313 NA
14606 1313 NA
14607 1308 NA
14608 1308 NA
14609 1308 NA
14610 1308 NA
14611 1308 NA
14612 1308 NA
14613 1266 NA
14614 1266 NA
14615 1266 NA
14616 1266 NA
14617 1266 NA
14618 1266 NA
14619 1265 NA
14620 1265 NA
14621 1265 NA
14622 1265 NA
14623 1265 NA
14624 1265 NA
14625 1265 NA
14626 1244 NA
14627 1244 NA
14628 1244 NA
14629 1244 NA
14630 1244 NA
14631 1244 NA
14632 1244 NA
14633 1230 NA
14634 1230 NA
14635 1230 NA
14636 1230 NA
14637 1230 NA
14638 1230 NA
14639 1230 NA
14640 1184 NA
14641 1184 NA
14642 1184 NA
14643 1184 NA
14644 1184 NA
14645 1184 NA
14646 1184 NA
14647 1160 NA
14648 1160 NA
14649 1160 NA
14650 1160 NA
14651 1160 NA
14652 1160 NA
14653 1160 NA
14654 1153 NA
14655 1153 NA
14656 1153 NA
14657 1153 NA
14658 1153 NA
14659 1153 NA
14660 1153 NA
14661 1143 NA
14662 1143 NA
14663 1143 NA
14664 1143 NA
14665 1143 NA
14666 1143 NA
14667 1143 NA
14668 1163 NA
14669 1163 NA
14670 1163 NA
14671 1163 NA
14672 1163 NA
14673 1163 NA
14674 1185 NA
14675 1185 NA
14676 1185 NA
14677 1185 NA
14678 1185 NA
14679 1185 NA
14680 1185 NA
14681 1217 NA
14682 1217 NA
14683 1217 NA
14684 1217 NA
14685 1217 NA
14686 1217 NA
14687 1221 NA
14688 1221 NA
14689 1221 NA
14690 1221 NA
14691 1221 NA
14692 1221 NA
14693 1180 NA
14694 1180 NA
14695 1180 NA
14696 1180 NA
14697 1180 NA
14698 1180 NA
14699 1180 NA
14700 1137 NA
14701 1137 NA
14702 1137 NA
14703 1137 NA
14704 1137 NA
14705 1137 NA
14706 1137 NA
14707 1086 NA
14708 1086 NA
14709 1086 NA
14710 1086 NA
14711 1086 NA
14712 1086 NA
14713 1086 NA
14714 1086 NA
14715 1086 NA
14716 1086 NA
14717 1072 NA
14718 1072 NA
14719 1072 NA
14720 1072 NA
14721 1072 NA
14722 1072 NA
14723 1072 NA
14724 1072 NA
14725 1051 NA
14726 1051 NA
14727 1051 NA
14728 1051 NA
14729 1051 NA
14730 1051 NA
14731 1051 NA
14732 1051 NA
14733 1051 NA
14734 1068 NA
14735 1068 NA
14736 1068 NA
14737 1068 NA
14738 1068 NA
14739 1068 NA
14740 1068 NA
14741 1068 NA
14742 1032 NA
14743 1032 NA
14744 1032 NA
14745 1032 NA
14746 1032 NA
14747 1032 NA
14748 1032 NA
14749 1032 NA
14750 1018 NA
14751 1018 NA
14752 1018 NA
14753 1018 NA
14754 1018 NA
14755 1018 NA
14756 1018 NA
14757 1018 NA
14758 1060 NA
14759 1060 NA
14760 1060 NA
14761 1060 NA
14762 1060 NA
14763 1060 NA
14764 1060 NA
14765 1060 NA
14766 1066 NA
14767 1066 NA
14768 1066 NA
14769 1066 NA
14770 1066 NA
14771 1066 NA
14772 1066 NA
14773 1066 NA
14774 1060 NA
14775 1060 NA
14776 1060 NA
14777 1060 NA
14778 1060 NA
14779 1060 NA
14780 1094 NA
14781 1094 NA
14782 1094 NA
14783 1094 NA
14784 1094 NA
14785 1094 NA
14786 1094 NA
14787 1094 NA
14788 1091 NA
14789 1091 NA
14790 1091 NA
14791 1091 NA
14792 1091 NA
14793 1091 NA
14794 1091 NA
14795 1091 NA
14796 1091 NA
14797 1091 NA
14798 1091 NA
14799 1091 NA
14800 1091 NA
14801 1131 NA
14802 1131 NA
14803 1131 NA
14804 1131 NA
14805 1131 NA
14806 1131 NA
14807 1131 NA
14808 1131 NA
14809 1118 NA
14810 1118 NA
14811 1118 NA
14812 1118 NA
14813 1118 NA
14814 1118 NA
14815 1118 NA
14816 1112 NA
14817 1112 NA
14818 1112 NA
14819 1112 NA
14820 1112 NA
14821 1112 NA
14822 1112 NA
14823 1104 NA
14824 1104 NA
14825 1104 NA
14826 1104 NA
14827 1104 NA
14828 1104 NA
14829 1104 NA
14830 1051 NA
14831 1051 NA
14832 1051 NA
14833 1051 NA
14834 1051 NA
14835 1051 NA
14836 1073 NA
14837 1073 NA
14838 1073 NA
14839 1073 NA
14840 1073 NA
14841 1073 NA
14842 1073 NA
14843 1085 NA
14844 1085 NA
14845 1085 NA
14846 1085 NA
14847 1085 NA
14848 1085 NA
14849 1085 NA
14850 1133 NA
14851 1133 NA
14852 1133 NA
14853 1133 NA
14854 1133 NA
14855 1133 NA
14856 1133 NA
14857 1153 NA
14858 1153 NA
14859 1153 NA
14860 1153 NA
14861 1153 NA
14862 1164 NA
14863 1164 NA
14864 1164 NA
14865 1164 NA
14866 1164 NA
14867 1164 NA
14868 1164 NA
14869 1164 NA
14870 1187 NA
14871 1187 NA
14872 1187 NA
14873 1187 NA
14874 1187 NA
14875 1187 NA
14876 1187 NA
14877 1187 NA
14878 1214 NA
14879 1214 NA
14880 1214 NA
14881 1214 NA
14882 1214 NA
14883 1214 NA
14884 1214 NA
14885 1214 NA
14886 1214 NA
14887 1246 NA
14888 1246 NA
14889 1246 NA
14890 1246 NA
14891 1246 NA
14892 1246 NA
14893 1272 NA
14894 1272 NA
14895 1272 NA
14896 1272 NA
14897 1272 NA
14898 1272 NA
14899 1272 NA
14900 1324 NA
14901 1324 NA
14902 1324 NA
14903 1324 NA
14904 1324 NA
14905 1324 NA
14906 1324 NA
14907 1324 NA
14908 1324 NA
14909 1371 NA
14910 1371 NA
14911 1371 NA
14912 1371 NA
14913 1371 NA
14914 1371 NA
14915 1371 NA
14916 1371 NA
14917 1414 NA
14918 1414 NA
14920 1414 NA
14921 1414 NA
14922 1414 NA
14923 1414 NA
14924 1414 NA
14925 1414 NA
14926 1429 NA
14927 1429 NA
14928 1429 NA
14929 1429 NA
14930 1429 NA
14931 1429 NA
14932 1429 NA
14933 1429 NA
14934 1424 NA
14935 1424 NA
14936 1424 NA
14937 1424 NA
14938 1424 NA
14939 1424 NA
14940 1424 NA
14941 1433 NA
14942 1433 NA
14943 1433 NA
14944 1433 NA
14945 1433 NA
14946 1433 NA
14947 1433 NA
14948 1485 NA
14949 1485 NA
14950 1485 NA
14951 1485 NA
14952 1485 NA
14953 1485 NA
14954 1485 NA
14955 1540 NA
14956 1540 NA
14957 1540 NA
14958 1540 NA
14959 1540 NA
14960 1540 NA
14961 1540 NA
14962 1540 NA
14963 1540 NA
14964 1592 NA
14965 1592 NA
14966 1592 NA
14967 1592 NA
14968 1592 NA
14969 1592 NA
14970 1592 NA
14971 1592 NA
14972 1592 NA
14973 1578 NA
14974 1578 NA
14981 1578 NA
14983 1573 NA
14987 1573 NA
14991 1537 NA
14996 1537 NA
14998 1494 NA
15003 1494 NA
15005 1554 NA
15009 1554 NA
15013 1601 NA
15019 1651 NA
15025 1651 NA
15026 1663 NA
15031 1663 NA
15032 1651 NA
15038 1651 NA
15039 1671 NA
15044 1671 NA
15046 1664 NA
15052 1664 NA
15054 1614 NA
15060 1614 NA
15061 1545 NA
15067 1545 NA
15070 1471 NA
15076 1471 NA
15078 1438 NA
15085 1438 NA
15087 1438 NA
15088 1415 NA
15094 1415 NA
15096 1364 NA
15103 1364 NA
15106 1364 NA
15107 1316 NA
15114 1316 NA
15116 1316 NA
15119 1305 NA
15125 1305 NA
15128 1308 NA
15135 1308 NA
15136 1308 NA
15137 1347 NA
15144 1347 NA
15145 1347 NA
15147 1394 NA
15154 1394 NA
15157 1394 NA
15158 1417 NA
15165 1417 NA
15168 1441 NA
15175 1441 NA
15177 1407 NA
15184 1407 NA
15185 1407 NA
15186 1403 NA
15193 1403 NA
15194 1403 NA
15196 1373 NA
15199 1373 NA
15204 1369 NA
15212 1360 NA
15219 1360 NA
15221 1360 NA
15222 1372 NA
15227 1372 NA
15231 1362 NA
15235 1362 NA
15242 1342 NA
15249 1342 NA
15250 1342 NA
15252 1292 NA
15258 1292 NA
15263 1251 NA
15270 1251 NA
15271 1251 NA
15273 1197 NA
15277 1197 NA
15280 1138 NA
15283 1138 NA
15284 1107 NA
15289 1142 NA
15294 1182 NA
15295 1182 NA
15297 1222 NA
15302 1263 NA
15304 1314 NA
15307 1363 NA
15308 1363 NA
15310 1410 NA
15312 1410 NA
15313 1462 NA
15316 1462 NA
15317 1514 NA
15319 1514 NA
15320 1577 NA
15324 1577 NA
15325 1632 NA
15328 1632 NA
15329 1691 NA
15333 1691 NA
15334 1746 NA
15338 1746 NA
15339 1795 NA
15340 1795 NA
15341 1795 NA
15342 1795 NA
15343 1795 NA
15344 1852 NA
15345 1852 NA
15346 1852 NA
15347 1852 NA
15348 1852 NA
15349 1909 NA
15350 1909 NA
15351 1909 NA
15352 1909 NA
15353 1909 NA
15354 1909 NA
15355 1979 NA
15356 1979 NA
15357 1979 NA
15358 1979 NA
15359 1979 NA
15360 1979 NA
15361 1979 NA
15362 1979 NA
15363 2042 NA
15364 2042 NA
15365 2042 NA
15366 2042 NA
15367 2042 NA
15368 2042 NA
15369 2042 NA
15370 2042 NA
15371 2042 NA
15372 2135 NA
15373 2135 NA
15374 2135 NA
15375 2135 NA
15376 2135 NA
15377 2135 NA
15378 2154 NA
15379 2154 NA
15380 2154 NA
15381 2154 NA
15382 2154 NA
15383 2154 NA
15384 2154 NA
15385 2208 NA
15386 2208 NA
15387 2208 NA
15388 2208 NA
15389 2208 NA
15390 2215 NA
15391 2215 NA
15392 2215 NA
15393 2215 NA
15394 2215 NA
15395 2215 NA
15396 2215 NA
15397 2215 NA
15398 2215 NA
15399 2148 NA
15400 2148 NA
15401 2148 NA
15402 2148 NA
15403 2148 NA
15404 2148 NA
15405 2148 NA
15406 2148 NA
15407 2148 NA
15408 2113 NA
15409 2113 NA
15410 2113 NA
15411 2113 NA
15412 2113 NA
15413 2113 NA
15414 2113 NA
15415 2113 NA
15416 2135 NA
15417 2135 NA
15418 2135 NA
15419 2135 NA
15420 2195 NA
15421 2195 NA
15422 2195 NA
15423 2195 NA
15424 2195 NA
15425 2195 NA
15426 2195 NA
15427 2195 NA
15428 2195 NA
15429 2173 NA
15430 2173 NA
15431 2173 NA
15432 2173 NA
15433 2173 NA
15434 2173 NA
15435 2173 NA
15436 2115 NA
15437 2115 NA
15438 2115 NA
15439 2115 NA
15440 2115 NA
15441 2115 NA
15442 2115 NA
15443 2085 NA
15444 2085 NA
15445 2085 NA
15446 2085 NA
15447 2085 NA
15448 2085 NA
15449 2085 NA
15450 2085 NA
15451 2057 NA
15452 2057 NA
15453 2057 NA
15454 2057 NA
15455 2057 NA
15456 2057 NA
15457 2057 NA
15458 2057 NA
15459 2057 NA
15460 2011 NA
15461 2011 NA
15462 2011 NA
15463 2011 NA
15464 2011 NA
15465 2011 NA
15466 2011 NA
15467 2011 NA
15468 2011 NA
15469 2011 NA
15470 1991 NA
15471 1991 NA
15472 1991 NA
15473 1991 NA
15474 1991 NA
15475 1991 NA
15476 1991 NA
15477 1991 NA
15478 1991 NA
15479 1965 NA
15480 1965 NA
15481 1965 NA
15482 1965 NA
15483 1965 NA
15484 1965 NA
15485 1965 NA
15486 1916 NA
15487 1916 NA
15488 1916 NA
15489 1916 NA
15490 1916 NA
15491 1916 NA
15492 1916 NA
15493 1887 NA
15494 1887 NA
15495 1887 NA
15496 1887 NA
15497 1887 NA
15498 1887 NA
15499 1887 NA
15500 1887 NA
15501 1887 NA
15502 1887 NA
15503 1887 NA
15504 1887 NA
15505 1887 NA
15506 1861 NA
15507 1861 NA
15508 1861 NA
15509 1861 NA
15510 1861 NA
15511 1861 NA
15512 1860 NA
15513 1860 NA
15514 1860 NA
15515 1860 NA
15516 1860 NA
15517 1860 NA
15518 1841 NA
15519 1841 NA
15520 1841 NA
15521 1841 NA
15522 1841 NA
15523 1841 NA
15524 1841 NA
15525 1824 NA
15526 1824 NA
15527 1824 NA
15528 1824 NA
15529 1824 NA
15530 1824 NA
15531 1824 NA
15532 1774 NA
15533 1774 NA
15534 1774 NA
15535 1774 NA
15536 1774 NA
15537 1774 NA
15538 1774 NA
15539 1774 NA
15540 1774 NA
15541 1772 NA
15542 1772 NA
15543 1772 NA
15544 1772 NA
15545 1772 NA
15546 1772 NA
15547 1772 NA
15548 1772 NA
15549 1758 NA
15550 1758 NA
15551 1758 NA
15552 1758 NA
15553 1758 NA
15554 1758 NA
15555 1758 NA
15556 1739 NA
15557 1739 NA
15558 1739 NA
15559 1739 NA
15560 1739 NA
15561 1739 NA
15562 1739 NA
15563 1681 NA
15564 1681 NA
15565 1681 NA
15566 1681 NA
15567 1681 NA
15568 1681 NA
15569 1705 NA
15570 1705 NA
15571 1705 NA
15572 1705 NA
15573 1705 NA
15574 1705 NA
15575 1705 NA
15576 1699 NA
15577 1699 NA
15578 1699 NA
15579 1699 NA
15580 1699 NA
15581 1699 NA
15582 1699 NA
15583 1699 NA
15584 1696 NA
15585 1696 NA
15586 1696 NA
15587 1696 NA
15588 1696 NA
15589 1696 NA
15590 1696 NA
15591 1696 NA
15592 1675 NA
15593 1675 NA
15594 1675 NA
15595 1675 NA
15596 1675 NA
15597 1675 NA
15598 1675 NA
15599 1675 NA
15600 1681 NA
15601 1681 NA
15602 1681 NA
15603 1681 NA
15604 1681 NA
15605 1681 NA
15606 1681 NA
15607 1681 NA
15608 1681 NA
15609 1710 NA
15610 1710 NA
15611 1710 NA
15612 1710 NA
15613 1710 NA
15614 1710 NA
15615 1710 NA
15616 1710 NA
15617 1736 NA
15618 1736 NA
15619 1736 NA
15620 1736 NA
15621 1736 NA
15622 1736 NA
15623 1736 NA
15624 1736 NA
15625 1736 NA
15626 1761 NA
15627 1761 NA
15628 1761 NA
15629 1761 NA
15630 1761 NA
15631 1761 NA
15632 1761 NA
15633 1761 NA
15634 1761 NA
15635 1761 NA
15636 1793 NA
15637 1793 NA
15638 1793 NA
15639 1793 NA
15640 1793 NA
15641 1793 NA
15642 1833 NA
15643 1833 NA
15644 1833 NA
15645 1833 NA
15646 1833 NA
15647 1833 NA
15648 1833 NA
15649 1833 NA
15650 1832 NA
15651 1831 NA
15652 1830 NA
15653 1829 NA
15654 1827 NA
15655 1826 NA
15656 1825 NA
15657 1824 NA
15658 1824 NA
15659 1824 NA
15660 1773 NA
15661 1773 NA
15662 1773 NA
15663 1773 NA
15664 1773 NA
15665 1773 NA
15666 1773 NA
15667 1773 NA
15668 1773 NA
15669 1744 NA
15670 1744 NA
15671 1744 NA
15672 1744 NA
15673 1744 NA
15674 1744 NA
15675 1744 NA
15676 1744 NA
15677 1744 NA
15678 1744 NA
15679 1766 NA
15680 1766 NA
15681 1766 NA
15682 1766 NA
15683 1766 NA
15684 1766 NA
15685 1766 NA
15686 1766 NA
15687 1766 NA
15688 1766 NA
15689 1766 NA
15690 1780 NA
15691 1780 NA
15692 1780 NA
15693 1780 NA
15694 1780 NA
15695 1780 NA
15696 1780 NA
15697 1780 NA
15698 1780 NA
15699 1780 NA
15700 1780 NA
15701 1780 NA
15702 1780 NA
15703 1762 NA
15704 1762 NA
15705 1762 NA
15706 1762 NA
15707 1762 NA
15708 1762 NA
15709 1762 NA
15710 1762 NA
15711 1762 NA
15712 1762 NA
15713 1762 NA
15714 1762 NA
15715 1762 NA
15716 1755 NA
15717 1755 NA
15718 1755 NA
15719 1755 NA
15720 1755 NA
15721 1755 NA
15722 1755 NA
15723 1755 NA
15724 1755 NA
15725 1755 NA
15726 1755 NA
15727 1755 NA
15728 1682 NA
15729 1682 NA
15730 1682 NA
15731 1682 NA
15732 1682 NA
15733 1682 NA
15734 1682 NA
15735 1682 NA
15736 1682 NA
15737 1682 NA
15738 1682 NA
15739 1602 NA
15740 1602 NA
15741 1602 NA
15742 1602 NA
15743 1602 NA
15744 1602 NA
15745 1602 NA
15746 1602 NA
15747 1602 NA
15748 1602 NA
15749 1602 NA
15750 1523 NA
15751 1523 NA
15752 1523 NA
15753 1523 NA
15754 1523 NA
15755 1523 NA
15756 1523 NA
15757 1523 NA
15758 1523 NA
15759 1523 NA
15760 1523 NA
15761 1447 NA
15762 1447 NA
15763 1447 NA
15764 1447 NA
15765 1447 NA
15766 1447 NA
15767 1447 NA
15768 1447 NA
15769 1447 NA
15770 1447 NA
15771 1447 NA
15772 1447 NA
15773 1447 NA
15774 1399 NA
15775 1399 NA
15776 1399 NA
15777 1399 NA
15778 1399 NA
15779 1399 NA
15780 1399 NA
15781 1399 NA
15782 1399 NA
15783 1399 NA
15784 1399 NA
15785 1378 NA
15786 1378 NA
15787 1378 NA
15788 1378 NA
15789 1378 NA
15790 1378 NA
15791 1378 NA
15792 1378 NA
15793 1378 NA
15794 1409 NA
15795 1409 NA
15796 1409 NA
15797 1409 NA
15798 1408 NA
15799 1408 NA
15800 1407 NA
15801 1406 NA
15802 1405 NA
15803 1405 NA
15804 1404 NA
15805 1404 NA
15806 1404 NA
15807 1404 NA
15808 1404 NA
15809 1404 NA
15810 1404 NA
15811 1404 NA
15812 1404 NA
15813 1404 NA
15814 1404 NA
15815 1404 NA
15816 1404 NA
15817 1404 NA
15818 1357 NA
15819 1357 NA
15820 1357 NA
15821 1357 NA
15822 1357 NA
15823 1357 NA
15824 1357 NA
15825 1357 NA
15826 1357 NA
15827 1357 NA
15828 1357 NA
15829 1357 NA
15830 1357 NA
15831 1357 NA
15832 1347 NA
15833 1347 NA
15834 1347 NA
15835 1347 NA
15836 1347 NA
15837 1347 NA
15838 1347 NA
15839 1347 NA
15840 1347 NA
15841 1347 NA
15842 1347 NA
15843 1347 NA
15844 1347 NA
15845 1327 NA
15846 1327 NA
15847 1327 NA
15848 1327 NA
15849 1327 NA
15850 1327 NA
15851 1327 NA
15852 1327 NA
15853 1327 NA
15854 1327 NA
15855 1327 NA
15856 1327 NA
15857 1295 NA
15858 1295 NA
15859 1295 NA
15860 1295 NA
15861 1295 NA
15862 1295 NA
15863 1295 NA
15864 1295 NA
15865 1295 NA
15866 1295 NA
15867 1295 NA
15868 1295 NA
15869 1295 NA
15870 1337 NA
15871 1337 NA
15872 1337 NA
15873 1337 NA
15874 1337 NA
15875 1337 NA
15876 1337 NA
15877 1337 NA
15878 1337 NA
15879 1337 NA
15880 1337 NA
15881 1337 NA
15882 1380 NA
15883 1380 NA
15884 1380 NA
15885 1380 NA
15886 1380 NA
15887 1380 NA
15888 1380 NA
15889 1380 NA
15890 1380 NA
15891 1380 NA
15892 1380 NA
15893 1380 NA
15894 1377 NA
15895 1377 NA
15896 1377 NA
15897 1377 NA
15898 1377 NA
15899 1377 NA
15900 1377 NA
15901 1429 NA
15902 1429 NA
15903 1436 NA
15904 1442 NA
15905 1449 NA
15906 1455 NA
15907 1462 NA
15908 1468 NA
15909 1468 NA
15910 1468 NA
15911 1468 NA
15912 1468 NA
15913 1468 NA
15914 1519 NA
15915 1519 NA
15916 1519 NA
15917 1519 NA
15918 1519 NA
15919 1570 NA
15920 1570 NA
15921 1570 NA
15922 1570 NA
15923 1624 NA
15924 1624 NA
15925 1624 NA
15926 1624 NA
15927 1683 NA
15928 1683 NA
15929 1683 NA
15930 1683 NA
15931 1752 NA
15932 1752 NA
15933 1752 NA
15934 1752 NA
15935 1752 NA
15936 1812 NA
15937 1812 NA
15938 1812 NA
15939 1812 NA
15940 1812 NA
15941 1812 NA
15942 1812 NA
15943 1812 NA
15944 1879 NA
15945 1879 NA
15946 1879 NA
15947 1879 NA
15948 1879 NA
15949 1879 NA
15950 1938 NA
15951 1938 NA
15952 1938 NA
15953 1938 NA
15954 1938 NA
15955 1938 NA
15956 2006 NA
15957 2006 NA
15958 2006 NA
15959 2006 NA
15960 2006 NA
15961 2006 NA
15962 2006 NA
15963 2072 NA
15964 2072 NA
15965 2072 NA
15966 2072 NA
15967 2072 NA
15968 2072 NA
15969 2072 NA
15970 2072 NA
15971 2072 NA
15972 2148 NA
15973 2148 NA
15974 2148 NA
15975 2148 NA
15976 2148 NA
15977 2148 NA
15978 2148 NA
15979 2223 NA
15980 2223 NA
15981 2223 NA
15982 2223 NA
15983 2223 NA
15984 2223 NA
15985 2223 NA
15986 2241 NA
15987 2260 NA
15988 2278 NA
15989 2297 NA
15990 2315 NA
15991 2333 NA
15992 2352 NA
15993 2370 NA
15994 2370 NA
15995 2370 NA
15996 2370 NA
15997 2370 NA
15998 2370 NA
15999 2370 NA
16000 2370 NA
16001 2370 NA
16002 2458 NA
16003 2458 NA
16004 2458 NA
16005 2458 NA
16006 2458 NA
16007 2458 NA
16008 2458 NA
16009 2458 NA
16010 2458 NA
16011 2458 NA
16012 2458 NA
16013 2536 NA
16014 2536 NA
16015 2536 NA
16016 2536 NA
16017 2536 NA
16018 2536 NA
16019 2536 NA
16020 2536 NA
16021 2536 NA
16022 2536 NA
16023 2536 NA
16024 2536 NA
16025 2536 NA
16026 2536 NA
16027 2536 NA
16028 2607 NA
16029 2607 NA
16030 2607 NA
16031 2607 NA
16032 2607 NA
16033 2607 NA
16034 2607 NA
16035 2607 NA
16036 2607 NA
16037 2607 NA
16038 2607 NA
16039 2607 NA
16040 2607 NA
16041 2607 NA
16042 2694 NA
16043 2694 NA
16044 2694 NA
16045 2694 NA
16046 2694 NA
16047 2694 NA
16048 2694 NA
16049 2694 NA
16050 2777 NA
16051 2777 NA
16052 2777 NA
16053 2777 NA
16054 2777 NA
16055 2777 NA
16056 2777 NA
16057 2777 NA
16058 2777 NA
16059 2777 NA
16060 2777 NA
16061 2777 NA
16062 2777 NA
16063 2777 NA
16064 2871 NA
16065 2871 NA
16066 2871 NA
16067 2871 NA
16068 2871 NA
16069 2871 NA
16070 2871 NA
16071 2871 NA
16072 2871 NA
16073 2871 NA
16074 2871 NA
16075 2871 NA
16076 2871 NA
16077 2871 NA
16078 2871 NA
16079 2871 NA
16080 2871 NA
16081 2871 NA
16082 2961 NA
16083 2961 NA
16084 2961 NA
16085 2961 NA
16086 2961 NA
16087 2961 NA
16088 2961 NA
16089 2961 NA
16090 2961 NA
16091 2961 NA
16092 2961 NA
16093 2961 NA
16094 2961 NA
16095 2961 NA
16096 3012 NA
16097 3012 NA
16098 3012 NA
16099 3012 NA
16100 3012 NA
16101 3012 NA
16102 3012 NA
16103 3012 NA
16104 3012 NA
16105 3012 NA
16106 3012 NA
16107 3012 NA
16108 3012 NA
16109 3101 NA
16110 3101 NA
16111 3101 NA
16112 3101 NA
16113 3101 NA
16114 3101 NA
16115 3101 NA
16116 3101 NA
16117 3101 NA
16118 3101 NA
16119 3101 NA
16120 3101 NA
16121 3101 NA
16122 3101 NA
16123 3183 NA
16124 3183 NA
16125 3183 NA
16126 3183 NA
16127 3183 NA
16128 3183 NA
16129 3183 NA
16130 3183 NA
16131 3152 NA
16132 3152 NA
16133 3152 NA
16134 3152 NA
16135 3152 NA
16136 3152 NA
16137 3152 NA
16138 3152 NA
16139 3152 NA
16140 3152 NA
16141 3152 NA
16142 3152 NA
16143 3152 NA
16144 3032 NA
16145 3032 NA
16146 3032 NA
16147 3032 NA
16148 3032 NA
16149 3032 NA
16150 3032 NA
16151 3032 NA
16152 3032 NA
16153 3032 NA
16154 3032 NA
16155 3032 NA
16156 2930 NA
16157 2930 NA
16158 2930 NA
16159 2930 NA
16160 2930 NA
16161 2930 NA
16162 2930 NA
16163 2930 NA
16164 2930 NA
16165 2930 NA
16166 2930 NA
16167 2930 NA
16168 2930 NA
16169 2930 NA
16170 2930 NA
16171 2843 NA
16172 2843 NA
16173 2843 NA
16174 2843 NA
16175 2843 NA
16176 2843 NA
16177 2843 NA
16178 2843 NA
16179 2843 NA
16180 2843 NA
16181 2843 NA
16182 2843 NA
16183 2843 NA
16184 2843 NA
16185 2843 NA
16186 2843 NA
16187 2843 NA
16188 2871 NA
16189 2871 NA
16190 2871 NA
16191 2871 NA
16192 2871 NA
16193 2871 NA
16194 2871 NA
16195 2871 NA
16196 2871 NA
16197 2871 NA
16198 2871 NA
16199 2871 NA
16200 2871 NA
16201 2871 NA
16202 2871 NA
16203 2871 NA
16204 2871 NA
16205 2871 NA
16206 2923 NA
16207 2923 NA
16208 2923 NA
16209 2923 NA
16210 2923 NA
16211 2923 NA
16212 2923 NA
16213 2923 NA
16214 2923 NA
16215 2923 NA
16216 2923 NA
16217 2923 NA
16218 2923 NA
16219 2923 NA
16220 2923 NA
16221 2923 NA
16222 2923 NA
16223 2923 NA
16224 2977 NA
16225 2977 NA
16226 2977 NA
16227 2977 NA
16228 2977 NA
16229 2977 NA
16230 2977 NA
16231 2977 NA
16232 2977 NA
16233 2977 NA
16234 2977 NA
16235 2977 NA
16236 2977 NA
16237 2977 NA
16238 3068 NA
16239 3068 NA
16240 3068 NA
16241 3068 NA
16242 3068 NA
16243 3068 NA
16244 3068 NA
16245 3068 NA
16246 3068 NA
16247 3068 NA
16248 3068 NA
16249 3068 NA
16250 3068 NA
16251 3148 NA
16252 3148 NA
16253 3148 NA
16254 3148 NA
16255 3148 NA
16256 3148 NA
16257 3148 NA
16258 3148 NA
16259 3192 NA
16260 3192 NA
16261 3192 NA
16262 3192 NA
16263 3192 NA
16264 3192 NA
16265 3192 NA
16266 3192 NA
16267 3106 NA
16268 3106 NA
16269 3106 NA
16270 3106 NA
16271 3106 NA
16272 3106 NA
16273 3106 NA
16274 2958 NA
16275 2958 NA
16276 2958 NA
16277 2958 NA
16278 2958 NA
16279 2958 NA
16280 2958 NA
16281 2958 NA
16282 2823 NA
16283 2823 NA
16284 2823 NA
16285 2823 NA
16286 2823 NA
16287 2823 NA
16288 2823 NA
16289 2823 NA
16290 2823 NA
16291 2740 NA
16292 2740 NA
16293 2740 NA
16294 2740 NA
16295 2740 NA
16296 2740 NA
16297 2740 NA
16298 2740 NA
16299 2740 NA
16300 2723 NA
16301 2723 NA
16302 2723 NA
16303 2723 NA
16304 2723 NA
16305 2723 NA
16306 2723 NA
16307 2723 NA
16308 2723 NA
16309 2723 NA
16310 2723 NA
16311 2662 NA
16312 2662 NA
16313 2662 NA
16314 2662 NA
16315 2662 NA
16316 2662 NA
16317 2662 NA
16318 2662 NA
16319 2662 NA
16320 2662 NA
16321 2662 NA
16322 2662 NA
16323 2653 NA
16324 2653 NA
16325 2653 NA
16326 2653 NA
16327 2653 NA
16328 2653 NA
16329 2653 NA
16330 2653 NA
16331 2653 NA
16332 2653 NA
16333 2653 NA
16334 2653 NA
16335 2653 NA
16336 2653 NA
16337 2653 NA
16338 2664 NA
16339 2664 NA
16340 2664 NA
16341 2664 NA
16342 2664 NA
16343 2664 NA
16344 2664 NA
16345 2664 NA
16346 2664 NA
16347 2664 NA
16348 2664 NA
16349 2664 NA
16350 2664 NA
16351 2664 NA
16352 2664 NA
16353 2664 NA
16354 2664 NA
16355 2723 NA
16356 2723 NA
16357 2723 NA
16358 2723 NA
16359 2723 NA
16360 2723 NA
16361 2723 NA
16362 2723 NA
16363 2723 NA
16364 2723 NA
16365 2723 NA
16366 2723 NA
16367 2723 NA
16368 2723 NA
16369 2723 NA
16370 2723 NA
16371 2723 NA
16372 2723 NA
16373 2766 NA
16374 2766 NA
16375 2766 NA
16376 2766 NA
16377 2766 NA
16378 2766 NA
16379 2766 NA
16380 2766 NA
16381 2766 NA
16382 2827 NA
16383 2827 NA
16384 2827 NA
16385 2827 NA
16386 2827 NA
16387 2827 NA
16388 2827 NA
16389 2827 NA
16390 2827 NA
16391 2827 NA
16392 2787 NA
16393 2787 NA
16394 2787 NA
16395 2787 NA
16396 2787 NA
16397 2787 NA
16398 2787 NA
16399 2787 NA
16400 2787 NA
16401 2787 NA
16402 2787 NA
16403 2663 NA
16404 2663 NA
16405 2663 NA
16406 2663 NA
16407 2663 NA
16408 2663 NA
16409 2663 NA
16410 2663 NA
16411 2663 NA
16412 2663 NA
16413 2663 NA
16414 2663 NA
16415 2663 NA
16416 2553 NA
16417 2553 NA
16418 2553 NA
16419 2553 NA
16420 2553 NA
16421 2553 NA
16422 2553 NA
16423 2553 NA
16424 2553 NA
16425 2553 NA
16426 2553 NA
16427 2553 NA
16428 2553 NA
16429 2477 NA
16430 2477 NA
16431 2477 NA
16432 2477 NA
16433 2477 NA
16434 2477 NA
16435 2477 NA
16436 2477 NA
16437 2477 NA
16438 2477 NA
16439 2415 NA
16440 2415 NA
16441 2415 NA
16442 2415 NA
16443 2415 NA
16444 2415 NA
16445 2415 NA
16446 2415 NA
16447 2415 NA
16448 2415 NA
16449 2317 NA
16450 2317 NA
16451 2317 NA
16452 2317 NA
16453 2317 NA
16454 2317 NA
16455 2317 NA
16456 2317 NA
16457 2317 NA
16458 2317 NA
16459 2317 NA
16460 2291 NA
16461 2291 NA
16462 2291 NA
16463 2291 NA
16464 2291 NA
16465 2291 NA
16466 2291 NA
16467 2291 NA
16468 2291 NA
16469 2291 NA
16470 2291 NA
16471 2291 NA
16472 2291 NA
16473 2259 NA
16474 2259 NA
16475 2259 NA
16476 2259 NA
16477 2259 NA
16478 2259 NA
16479 2259 NA
16480 2259 NA
16481 2259 NA
16482 2259 NA
16483 2259 NA
16484 2259 NA
16485 2314 NA
16486 2314 NA
16487 2314 NA
16488 2314 NA
16489 2401 NA
16490 2401 NA
16491 2401 NA
16492 2401 NA
16493 2401 NA
16494 2401 NA
16495 2401 NA
16496 2401 NA
16497 2401 NA
16498 2489 NA
16499 2489 NA
16500 2489 NA
16501 2489 NA
16502 2489 NA
16503 2489 NA
16504 2489 NA
16505 2489 NA
16506 2489 NA
16507 2489 NA
16508 2443 NA
16509 2443 NA
16510 2443 NA
16511 2443 NA
16512 2443 NA
16513 2443 NA
16514 2443 NA
16515 2443 NA
16516 2443 NA
16517 2443 NA
16518 2400 NA
16519 2400 NA
16520 2400 NA
16521 2400 NA
16522 2400 NA
16523 2400 NA
16524 2400 NA
16525 2400 NA
16526 2400 NA
16527 2400 NA
16528 2400 NA
16529 2400 NA
16530 2321 NA
16531 2321 NA
16532 2321 NA
16533 2321 NA
16534 2321 NA
16535 2321 NA
16536 2321 NA
16537 2370 NA
16538 2370 NA
16539 2370 NA
16540 2370 NA
16541 2370 NA
16542 2370 NA
16543 2370 NA
16544 2370 NA
16545 2370 NA
16546 2370 NA
16547 2370 NA
16548 2435 NA
16549 2435 NA
16550 2435 NA
16551 2435 NA
16552 2435 NA
16553 2435 NA
16554 2435 NA
16555 2435 NA
16556 2435 NA
16557 2435 NA
16558 2435 NA
16559 2435 NA
16560 2435 NA
16561 2435 NA
16562 2435 NA
16563 2445 NA
16564 2445 NA
16565 2445 NA
16566 2445 NA
16567 2445 NA
16568 2445 NA
16569 2445 NA
16570 2445 NA
16571 2445 NA
16572 2445 NA
16573 2445 NA
16574 2445 NA
16575 2445 NA
16576 2445 NA
16577 2433 NA
16578 2433 NA
16579 2433 NA
16580 2433 NA
16581 2433 NA
16582 2433 NA
16583 2433 NA
16584 2433 NA
16585 2433 NA
16586 2433 NA
16587 2433 NA
16588 2436 NA
16589 2436 NA
16590 2436 NA
16591 2436 NA
16592 2436 NA
16593 2436 NA
16594 2436 NA
16595 2436 NA
16596 2436 NA
16597 2436 NA
16598 2436 NA
16599 2436 NA
16600 2436 NA
16601 2386 NA
16602 2386 NA
16603 2386 NA
16604 2386 NA
16605 2386 NA
16606 2386 NA
16607 2386 NA
16608 2386 NA
16609 2386 NA
16610 2386 NA
16611 2386 NA
16612 2386 NA
16613 2349 NA
16614 2349 NA
16615 2349 NA
16616 2349 NA
16617 2349 NA
16618 2349 NA
16619 2349 NA
16620 2349 NA
16621 2349 NA
16622 2349 NA
16623 2349 NA
16624 2349 NA
16625 2349 NA
16626 2361 NA
16627 2361 NA
16628 2361 NA
16629 2361 NA
16630 2361 NA
16631 2361 NA
16632 2361 NA
16633 2361 NA
16634 2361 NA
16635 2361 NA
16636 2361 NA
16637 2361 NA
16638 2361 NA
16639 2370 NA
16640 2370 NA
16641 2370 NA
16642 2370 NA
16643 2370 NA
16644 2370 NA
16645 2370 NA
16646 2370 NA
16647 2370 NA
16648 2370 NA
16649 2370 NA
16650 2370 NA
16651 2362 NA
16652 2362 NA
16653 2362 NA
16654 2362 NA
16655 2362 NA
16656 2362 NA
16657 2362 NA
16658 2362 NA
16659 2362 NA
16660 2362 NA
16661 2362 NA
16662 2362 NA
16663 2362 NA
16664 2362 NA
16665 2443 NA
16666 2443 NA
16668 2443 NA
16669 2443 NA
16670 2443 NA
16671 2443 NA
16672 2443 NA
16673 2443 NA
16674 2443 NA
16675 2443 NA
16676 2443 NA
16677 2443 NA
16678 2443 NA
16679 2477 NA
16680 2477 NA
16681 2477 NA
16682 2477 NA
16683 2477 NA
16684 2477 NA
16685 2477 NA
16686 2477 NA
16687 2477 NA
16688 2477 NA
16689 2477 NA
16690 2477 NA
16691 2477 NA
16692 2477 NA
16693 2477 NA
16694 2477 NA
16695 2477 NA
16696 2465 NA
16697 2465 NA
16698 2465 NA
16699 2465 NA
16700 2465 NA
16701 2465 NA
16702 2465 NA
16703 2465 NA
16704 2465 NA
16705 2465 NA
16706 2465 NA
16707 2410 NA
16708 2410 NA
16709 2410 NA
16710 2410 NA
16711 2410 NA
16712 2410 NA
16715 2410 NA
16717 2410 NA
16719 2410 NA
16720 2410 NA
16721 2410 NA
16722 2413 NA
16723 2413 NA
16724 2413 NA
16725 2413 NA
16726 2413 NA
16727 2413 NA
16728 2413 NA
16729 2413 NA
16730 2413 NA
16731 2413 NA
16732 2413 NA
16733 2413 NA
16734 2413 NA
16735 2413 NA
16736 2423 NA
16737 2423 NA
16738 2423 NA
16739 2423 NA
16740 2423 NA
16741 2423 NA
16742 2423 NA
16743 2423 NA
16744 2423 NA
16745 2423 NA
16746 2423 NA
16747 2423 NA
16748 2423 NA
16749 2423 NA
16750 2423 NA
16751 2478 NA
16752 2478 NA
16753 2478 NA
16754 2478 NA
16755 2478 NA
16756 2478 NA
16757 2478 NA
16759 2478 NA
16760 2478 NA
16761 2478 NA
16762 2478 NA
16763 2478 NA
16764 2478 NA
16765 2478 NA
16766 2478 NA
16767 2478 NA
16768 2574 NA
16769 2574 NA
16770 2574 NA
16771 2574 NA
16772 2574 NA
16773 2574 NA
16774 2574 NA
16775 2574 NA
16776 2574 NA
16777 2574 NA
16778 2574 NA
16779 2574 NA
16780 2574 NA
16781 2675 NA
16782 2675 NA
16783 2675 NA
16784 2675 NA
16785 2675 NA
16786 2675 NA
16787 2675 NA
16788 2675 NA
16789 2675 NA
16790 2675 NA
16791 2675 NA
16792 2675 NA
16793 2675 NA
16794 2675 NA
16795 2675 NA
16796 2675 NA
16797 2786 NA
16798 2786 NA
16799 2786 NA
16800 2786 NA
16801 2786 NA
16802 2786 NA
16803 2786 NA
16804 2786 NA
16805 2786 NA
16807 2786 NA
16808 2786 NA
16809 2786 NA
16810 2912 NA
16811 2912 NA
16812 2912 NA
16813 2912 NA
16814 2912 NA
16815 2912 NA
16816 2912 NA
16817 2912 NA
16820 2912 NA
16821 2912 NA
16822 2912 NA
16823 3039 NA
16824 3039 NA
16825 3039 NA
16826 3039 NA
16827 3039 NA
16828 3155 NA
16829 3155 NA
16830 3155 NA
16831 3155 NA
16832 3155 NA
16833 3155 NA
16834 3298 NA
16835 3298 NA
16836 3298 NA
16837 3298 NA
16838 3298 NA
16839 3298 NA
16840 3298 NA
16841 3298 NA
16842 3298 NA
16843 3298 NA
16844 3298 NA
16845 3441 NA
16847 3441 NA
16849 3441 NA
16850 3441 NA
16851 3441 NA
16852 3441 NA
16853 3441 NA
16854 3441 NA
16855 3441 NA
16856 3593 NA
16857 3593 NA
16858 3593 NA
16859 3593 NA
16860 3593 NA
16861 3753 NA
16862 3753 NA
16863 3753 NA
16864 3753 NA
16865 3753 NA
16866 3753 NA
16867 3753 NA
16869 3753 NA
16870 3753 NA
16871 3753 NA
16872 3753 NA
16873 3753 NA
16874 3758 NA
16875 3758 NA
16876 3758 NA
16878 3758 NA
16879 3758 NA
16880 3758 NA
16881 3758 NA
16882 3758 NA
16883 3758 NA
16884 3758 NA
16885 3758 NA
16886 3758 NA
16887 3571 NA
16888 3571 NA
16889 3571 NA
16890 3571 NA
16891 3571 NA
16892 3571 NA
16893 3571 NA
16894 3571 NA
16895 3571 NA
16896 3571 NA
16897 3571 NA
16898 3571 NA
16899 3571 NA
16900 3418 NA
16901 3418 NA
16902 3418 NA
16903 3418 NA
16904 3418 NA
16905 3418 NA
16906 3418 NA
16907 3418 NA
16908 3418 NA
16909 3418 NA
16910 3418 NA
16911 3418 NA
16912 3418 NA
16913 3418 NA
16914 3324 NA
16915 3324 NA
16916 3324 NA
16917 3324 NA
16918 3324 NA
16919 3324 NA
16920 3324 NA
16921 3324 NA
16922 3324 NA
16923 3324 NA
16924 3324 NA
16925 3324 NA
16926 3324 NA
16927 3195 NA
16928 3195 NA
16929 3195 NA
16930 3195 NA
16931 3195 NA
16932 3195 NA
16933 3195 NA
16934 3195 NA
16935 3195 NA
16937 3195 NA
16938 3195 NA
16939 3195 NA
16940 3195 NA
16941 3195 NA
16942 3195 NA
16943 3195 NA
16944 3195 NA
16945 3140 NA
16946 3140 NA
16949 3140 NA
16950 3140 NA
16951 3140 NA
16952 3140 NA
16953 3140 NA
16954 3140 NA
16955 3140 NA
16956 3140 NA
16957 3140 NA
16958 3140 NA
16959 3140 NA
16960 3156 NA
16966 3156 NA
16968 3156 NA
16969 3156 NA
16970 3156 NA
16971 3156 NA
16972 3156 NA
16974 3156 NA
16975 3156 NA
16976 3146 NA
16977 3146 NA
16978 3146 NA
16979 3146 NA
16980 3146 NA
16981 3146 NA
16982 3146 NA
16984 3146 NA
16985 3146 NA
16986 3146 NA
16987 3146 NA
16988 3146 NA
16989 3146 NA
16990 3146 NA
16991 3146 NA
16992 3248 NA
16993 3248 NA
16994 3248 NA
16999 3248 NA
17000 3248 NA
17001 3248 NA
17006 3248 NA
17007 3248 NA
17014 3334 NA
17015 3334 NA
17016 3334 NA
17017 3334 NA
17018 3334 NA
17019 3334 NA
17020 3334 NA
17021 3334 NA
17022 3334 NA
17023 3334 NA
17024 3334 NA
17025 3334 NA
17026 3334 NA
17027 3334 NA
17028 3334 NA
17029 3334 NA
17031 3351 NA
17032 3351 NA
17033 3351 NA
17034 3351 NA
17035 3351 NA
17036 3351 NA
17037 3351 NA
17038 3351 NA
17039 3351 NA
17040 3351 NA
17042 3351 NA
17044 3351 NA
17045 3351 NA
17046 3351 NA
17047 3351 NA
17048 3351 NA
17049 3351 NA
17050 3351 NA
17051 3351 NA
17052 3351 NA
17053 3351 NA
17054 3351 NA
17055 3438 NA
17056 3438 NA
17057 3438 NA
17058 3438 NA
17059 3438 NA
17060 3438 NA
17061 3438 NA
17062 3438 NA
17063 3438 NA
17064 3438 NA
17069 3438 NA
17070 3438 NA
17071 3438 NA
17072 3438 NA
17073 3438 NA
17075 3493 NA
17076 3493 NA
17077 3493 NA
17078 3493 NA
17079 3493 NA
17080 3493 NA
17081 3493 NA
17083 3493 NA
17084 3493 NA
17085 3493 NA
17086 3493 NA
17087 3493 NA
17088 3493 NA
17089 3493 NA
17091 3493 NA
17092 3493 NA
17093 3493 NA
17094 3493 NA
17095 3493 NA
17096 3493 NA
17097 3493 NA
17098 3493 NA
17099 3475 NA
17100 3475 NA
17101 3475 NA
17102 3475 NA
17103 3475 NA
17104 3475 NA
17105 3475 NA
17106 3475 NA
17107 3475 NA
17108 3475 NA
17109 3475 NA
17110 3475 NA
17111 3475 NA
17112 3475 NA
17113 3475 NA
17114 3475 NA
17115 3475 NA
17117 3475 NA
17118 3475 NA
17119 3475 NA
17123 3475 NA
17124 3475 NA
17125 3384 NA
17126 3384 NA
17127 3384 NA
17129 3384 NA
17130 3384 NA
17131 3384 NA
17132 3384 NA
17133 3384 NA
17134 3384 NA
17135 3384 NA
17136 3384 NA
17138 3384 NA
17139 3384 NA
17140 3384 NA
17141 3384 NA
17142 3384 NA
17143 3384 NA
17144 3384 NA
17145 3384 NA
17146 3384 NA
17147 3384 NA
17148 3360 NA
17149 3360 NA
