"Index" "Price" "Volume"
14422 288800000 NA
14423 288800000 NA
14424 288800000 NA
14425 288800000 NA
14426 288800000 NA
14428 296700000 NA
14429 296700000 NA
14430 296700000 NA
14431 296700000 NA
14432 296700000 NA
14433 296700000 NA
14434 296700000 NA
14435 311300000 NA
14436 311300000 NA
14437 311300000 NA
14438 326800000 NA
14439 326800000 NA
14440 343200000 NA
14441 343200000 NA
14442 343200000 NA
14443 343200000 NA
14444 343200000 NA
14445 343200000 NA
14446 343200000 NA
14447 343200000 NA
14448 343200000 NA
14449 343200000 NA
14450 343200000 NA
14451 343200000 NA
14452 343200000 NA
14453 343200000 NA
14454 343200000 NA
14455 343200000 NA
14456 343200000 NA
14457 343200000 NA
14458 343200000 NA
14459 343200000 NA
14460 352900000 NA
14461 352900000 NA
14462 352900000 NA
14463 352900000 NA
14464 352900000 NA
14465 352900000 NA
14466 352900000 NA
14467 352900000 NA
14468 352900000 NA
14469 352900000 NA
14470 352900000 NA
14471 352900000 NA
14472 352900000 NA
14473 352900000 NA
14474 352900000 NA
14475 352900000 NA
14476 368400000 NA
14477 368400000 NA
14478 368400000 NA
14479 368400000 NA
14480 368400000 NA
14481 368400000 NA
14482 368400000 NA
14483 368400000 NA
14484 368400000 NA
14485 368400000 NA
14486 368400000 NA
14487 368400000 NA
14488 368400000 NA
14489 368400000 NA
14490 368400000 NA
14491 368400000 NA
14492 368400000 NA
14493 368400000 NA
14494 368400000 NA
14495 368400000 NA
14496 368400000 NA
14497 368400000 NA
14498 368400000 NA
14499 368400000 NA
14500 368400000 NA
14501 368400000 NA
14502 368400000 NA
14503 368400000 NA
14504 368400000 NA
14505 368400000 NA
14506 368400000 NA
14507 368400000 NA
14508 368400000 NA
14509 368400000 NA
14510 368400000 NA
14511 368400000 NA
14512 368400000 NA
14513 368400000 NA
14514 368400000 NA
14515 368400000 NA
14516 368400000 NA
14517 368400000 NA
14518 368400000 NA
14519 368400000 NA
14520 368400000 NA
14521 368400000 NA
14522 368400000 NA
14523 368400000 NA
14524 3.85e+08 NA
14525 3.85e+08 NA
14526 3.85e+08 NA
14527 3.85e+08 NA
14528 3.85e+08 NA
14529 3.85e+08 NA
14530 3.85e+08 NA
14531 3.85e+08 NA
14532 3.85e+08 NA
14533 3.85e+08 NA
14534 3.85e+08 NA
14535 3.85e+08 NA
14536 404300000 NA
14537 404300000 NA
14538 404300000 NA
14539 404300000 NA
14540 404300000 NA
14541 404300000 NA
14542 404300000 NA
14543 424500000 NA
14544 424500000 NA
14545 424500000 NA
14546 424500000 NA
14547 424500000 NA
14548 424500000 NA
14549 424500000 NA
14550 424500000 NA
14551 424500000 NA
14552 424500000 NA
14553 424500000 NA
14554 424500000 NA
14555 424500000 NA
14556 424500000 NA
14557 424500000 NA
14558 424500000 NA
14559 424500000 NA
14560 424500000 NA
14561 424500000 NA
14562 424500000 NA
14563 424500000 NA
14564 424500000 NA
14565 424500000 NA
14566 424500000 NA
14567 424500000 NA
14568 424500000 NA
14569 424500000 NA
14570 424500000 NA
14571 424500000 NA
14572 424500000 NA
14573 424500000 NA
14574 424500000 NA
14575 424500000 NA
14576 424500000 NA
14577 424500000 NA
14578 424500000 NA
14579 424500000 NA
14580 424500000 NA
14581 424500000 NA
14582 424500000 NA
14583 424500000 NA
14584 424500000 NA
14585 424500000 NA
14586 424500000 NA
14587 424500000 NA
14588 424500000 NA
14589 424500000 NA
14590 424500000 NA
14591 424500000 NA
14592 424500000 NA
14593 424500000 NA
14594 424500000 NA
14595 424500000 NA
14596 424500000 NA
14597 424500000 NA
14598 424500000 NA
14599 424500000 NA
14600 424500000 NA
14601 424500000 NA
14602 4.43e+08 NA
14603 4.43e+08 NA
14604 4.43e+08 NA
14605 4.43e+08 NA
14606 4.43e+08 NA
14607 4.43e+08 NA
14608 4.43e+08 NA
14609 4.43e+08 NA
14610 4.43e+08 NA
14611 4.43e+08 NA
14612 4.43e+08 NA
14613 4.43e+08 NA
14614 4.43e+08 NA
14615 4.43e+08 NA
14616 4.43e+08 NA
14617 4.43e+08 NA
14618 4.43e+08 NA
14619 4.43e+08 NA
14620 4.43e+08 NA
14621 4.43e+08 NA
14622 4.43e+08 NA
14623 4.43e+08 NA
14624 4.43e+08 NA
14625 4.43e+08 NA
14626 4.43e+08 NA
14627 4.43e+08 NA
14628 4.43e+08 NA
14629 4.43e+08 NA
14630 4.43e+08 NA
14631 4.43e+08 NA
14632 4.43e+08 NA
14633 4.43e+08 NA
14634 4.43e+08 NA
14635 4.43e+08 NA
14636 4.43e+08 NA
14637 4.43e+08 NA
14638 4.43e+08 NA
14639 4.43e+08 NA
14640 4.43e+08 NA
14641 4.43e+08 NA
14642 4.43e+08 NA
14643 4.43e+08 NA
14644 4.43e+08 NA
14645 4.43e+08 NA
14646 4.43e+08 NA
14647 4.43e+08 NA
14648 4.43e+08 NA
14649 4.43e+08 NA
14650 4.43e+08 NA
14651 4.43e+08 NA
14653 4.43e+08 NA
14654 4.43e+08 NA
14655 4.43e+08 NA
14656 4.43e+08 NA
14657 4.43e+08 NA
14658 4.43e+08 NA
14659 4.43e+08 NA
14660 4.43e+08 NA
14661 4.43e+08 NA
14662 4.43e+08 NA
14663 4.43e+08 NA
14664 4.43e+08 NA
14665 463300000 NA
14666 463300000 NA
14667 463300000 NA
14668 463300000 NA
14669 463300000 NA
14670 463300000 NA
14671 463300000 NA
14672 463300000 NA
14673 463300000 NA
14674 463300000 NA
14675 463300000 NA
14676 463300000 NA
14677 463300000 NA
14678 463300000 NA
14679 463300000 NA
14680 463300000 NA
14681 463300000 NA
14682 463300000 NA
14683 463300000 NA
14684 463300000 NA
14685 463300000 NA
14686 463300000 NA
14687 463300000 NA
14688 463300000 NA
14689 463300000 NA
14690 463300000 NA
14691 463300000 NA
14692 463300000 NA
14693 463300000 NA
14694 463300000 NA
14695 463300000 NA
14696 463300000 NA
14697 463300000 NA
14698 463300000 NA
14699 463300000 NA
14700 463300000 NA
14701 463300000 NA
14702 463300000 NA
14703 463300000 NA
14704 463300000 NA
14705 463300000 NA
14706 463300000 NA
14707 463300000 NA
14708 463300000 NA
14709 463300000 NA
14710 463300000 NA
14711 463300000 NA
14712 463300000 NA
14713 463300000 NA
14714 463300000 NA
14715 463300000 NA
14716 463300000 NA
14717 463300000 NA
14718 463300000 NA
14719 463300000 NA
14720 463300000 NA
14721 463300000 NA
14722 463300000 NA
14723 463300000 NA
14724 463300000 NA
14725 463300000 NA
14726 463300000 NA
14727 463300000 NA
14728 463300000 NA
14729 463300000 NA
14730 463300000 NA
14731 463300000 NA
14732 463300000 NA
14733 463300000 NA
14734 484300000 NA
14735 484300000 NA
14736 484300000 NA
14737 484300000 NA
14738 484300000 NA
14739 484300000 NA
14740 484300000 NA
14741 484300000 NA
14742 484300000 NA
14743 484300000 NA
14744 484300000 NA
14745 484300000 NA
14746 484300000 NA
14747 484300000 NA
14748 484300000 NA
14749 484300000 NA
14750 484300000 NA
14751 484300000 NA
14752 484300000 NA
14753 484300000 NA
14754 484300000 NA
14755 484300000 NA
14756 484300000 NA
14757 484300000 NA
14758 484300000 NA
14759 484300000 NA
14760 484300000 NA
14761 484300000 NA
14762 484300000 NA
14763 484300000 NA
14764 484300000 NA
14765 484300000 NA
14766 484300000 NA
14767 484300000 NA
14768 484300000 NA
14769 484300000 NA
14770 484300000 NA
14771 484300000 NA
14772 484300000 NA
14773 484300000 NA
14774 484300000 NA
14775 484300000 NA
14776 484300000 NA
14777 484300000 NA
14778 484300000 NA
14779 484300000 NA
14780 484300000 NA
14781 484300000 NA
14782 484300000 NA
14783 484300000 NA
14784 506700000 NA
14785 506700000 NA
14786 506700000 NA
14787 506700000 NA
14788 506700000 NA
14789 506700000 NA
14790 506700000 NA
14791 506700000 NA
14792 506700000 NA
14793 506700000 NA
14794 506700000 NA
14795 506700000 NA
14796 506700000 NA
14797 506700000 NA
14798 506700000 NA
14799 506700000 NA
14800 506700000 NA
14801 506700000 NA
14802 506700000 NA
14803 506700000 NA
14804 506700000 NA
14805 506700000 NA
14806 506700000 NA
14807 506700000 NA
14808 506700000 NA
14809 506700000 NA
14810 506700000 NA
14811 506700000 NA
14812 506700000 NA
14813 506700000 NA
14814 506700000 NA
14815 506700000 NA
14816 506700000 NA
14817 506700000 NA
14818 506700000 NA
14819 506700000 NA
14820 506700000 NA
14821 506700000 NA
14822 506700000 NA
14823 506700000 NA
14824 506700000 NA
14825 506700000 NA
14826 506700000 NA
14827 506700000 NA
14828 506700000 NA
14829 506700000 NA
14830 506700000 NA
14831 506700000 NA
14832 506700000 NA
14833 506700000 NA
14834 506700000 NA
14835 506700000 NA
14836 506700000 NA
14837 506700000 NA
14838 506700000 NA
14839 506700000 NA
14840 506700000 NA
14841 506700000 NA
14842 506700000 NA
14843 506700000 NA
14844 506700000 NA
14845 506700000 NA
14846 506700000 NA
14847 506700000 NA
14848 506700000 NA
14849 506700000 NA
14850 529900000 NA
14851 529900000 NA
14852 529900000 NA
14853 529900000 NA
14854 529900000 NA
14855 529900000 NA
14856 529900000 NA
14857 529900000 NA
14858 529900000 NA
14859 529900000 NA
14860 529900000 NA
14861 529900000 NA
14862 529900000 NA
14863 529900000 NA
14864 529900000 NA
14865 529900000 NA
14866 529900000 NA
14867 529900000 NA
14868 529900000 NA
14869 529900000 NA
14870 529900000 NA
14871 529900000 NA
14872 529900000 NA
14873 529900000 NA
14874 529900000 NA
14875 529900000 NA
14876 529900000 NA
14877 529900000 NA
14878 529900000 NA
14879 529900000 NA
14880 529900000 NA
14881 529900000 NA
14882 529900000 NA
14883 529900000 NA
14884 529900000 NA
14885 529900000 NA
14886 529900000 NA
14887 529900000 NA
14888 529900000 NA
14889 529900000 NA
14890 529900000 NA
14891 529900000 NA
14892 529900000 NA
14893 529900000 NA
14894 529900000 NA
14895 529900000 NA
14896 529900000 NA
14897 529900000 NA
14898 529900000 NA
14899 529900000 NA
14900 529900000 NA
14901 529900000 NA
14902 529900000 NA
14903 529900000 NA
14904 529900000 NA
14905 529900000 NA
14906 553900000 NA
14907 553900000 NA
14908 553900000 NA
14909 553900000 NA
14910 553900000 NA
14911 553900000 NA
14912 553900000 NA
14913 553900000 NA
14914 553900000 NA
14915 553900000 NA
14916 553900000 NA
14917 553900000 NA
14918 553900000 NA
14920 553900000 NA
14921 553900000 NA
14922 553900000 NA
14923 553900000 NA
14924 553900000 NA
14925 553900000 NA
14926 553900000 NA
14927 553900000 NA
14928 553900000 NA
14929 553900000 NA
14930 553900000 NA
14931 553900000 NA
14932 553900000 NA
14933 553900000 NA
14934 553900000 NA
14935 553900000 NA
14936 553900000 NA
14937 553900000 NA
14938 579200000 NA
14939 579200000 NA
14940 579200000 NA
14941 579200000 NA
14942 579200000 NA
14943 579200000 NA
14944 579200000 NA
14945 579200000 NA
14946 579200000 NA
14947 579200000 NA
14948 577900000 NA
14949 577900000 NA
14950 577900000 NA
14951 577900000 NA
14952 577900000 NA
14953 577900000 NA
14954 577900000 NA
14955 577900000 NA
14956 577900000 NA
14957 577900000 NA
14958 577900000 NA
14959 577900000 NA
14960 577900000 NA
14961 577900000 NA
14962 577900000 NA
14963 577900000 NA
14964 577900000 NA
14965 565200000 NA
14966 565200000 NA
14967 565200000 NA
14968 565200000 NA
14969 565200000 NA
14970 565200000 NA
14971 565200000 NA
14972 565200000 NA
14973 565200000 NA
14974 565200000 NA
14981 565200000 NA
14985 565200000 NA
14986 539500000 NA
14987 539500000 NA
14990 539525487 NA
14991 539500000 NA
14996 539500000 NA
14997 539525487 NA
14998 539500000 NA
15000 513700000 NA
15005 513700000 NA
15007 481700000 NA
15009 481700000 NA
15011 468900000 NA
15013 489600000 NA
15014 489600000 NA
15016 512800000 NA
15019 5.37e+08 NA
15020 5.37e+08 NA
15023 562400000 NA
15025 562400000 NA
15027 5.86e+08 NA
15028 586200000 NA
15029 586200000 NA
15031 614300000 NA
15033 614300000 NA
15036 642500000 NA
15037 642499968 NA
15038 642500000 NA
15039 642500000 NA
15042 630099968 NA
15044 607400000 NA
15047 607400000 NA
15048 583800000 NA
15049 583800000 NA
15050 5.6e+08 NA
15052 5.6e+08 NA
15054 575200000 NA
15055 575200000 NA
15059 590300000 NA
15061 590300000 NA
15063 588800000 NA
15066 588800000 NA
15067 566900032 NA
15072 566800000 NA
15073 566800000 NA
15076 564900000 NA
15078 564900000 NA
15080 538800000 NA
15082 4.9e+08 NA
15084 513900032 NA
15085 513900000 NA
15086 522700000 NA
15087 522700000 NA
15089 5.32e+08 NA
15094 534600000 NA
15096 534600000 NA
15097 530200000 NA
15098 530200000 NA
15101 5.06e+08 NA
15104 495100000 NA
15106 495100000 NA
15107 479900000 NA
15109 473200000 NA
15112 486300000 NA
15115 486700000 NA
15116 486700000 NA
15119 489900000 NA
15120 489900000 NA
15121 494100000 NA
15125 503900000 NA
15128 500900000 NA
15131 4.92e+08 NA
15133 4.92e+08 NA
15134 482700000 NA
15136 482700000 NA
15138 473800000 NA
15141 481500000 NA
15143 481500000 NA
15144 484200000 NA
15145 484200000 NA
15147 486400000 NA
15150 490800000 NA
15154 498200000 NA
15156 492200000 NA
15157 492200000 NA
15158 484400000 NA
15159 484400000 NA
15161 486533872 NA
15164 485000900 NA
15165 480600000 NA
15168 483300000 NA
15169 483279305 NA
15172 483800000 NA
15178 4.82e+08 NA
15179 4.82e+08 NA
15182 478916089 NA
15184 464700000 NA
15185 464700000 NA
15186 447300000 NA
15187 447300000 NA
15189 458400000 NA
15193 460500000 NA
15194 460500000 NA
15195 457476709 NA
15196 457500000 NA
15197 439700000 NA
15199 423300000 NA
15202 406850342 NA
15204 414500000 NA
15207 430100000 NA
15209 4.18e+08 NA
15211 412200000 NA
15215 400500000 NA
15216 400500000 NA
15218 398722942 NA
15220 407700000 NA
15221 407700000 NA
15223 415900000 NA
15224 415900000 NA
15226 410200000 NA
15227 410200000 NA
15229 409100000 NA
15232 407764486 NA
15235 414200000 NA
15238 424800000 NA
15240 420100000 NA
15242 420100000 NA
15243 4.17e+08 NA
15244 4.17e+08 NA
15247 416200000 NA
15248 421200000 NA
15249 421200000 NA
15250 4.25e+08 NA
15254 425500000 NA
15256 425600000 NA
15258 4.29e+08 NA
15260 434848665 NA
15263 434848665 NA
15264 441900000 NA
15266 4.41e+08 NA
15270 441600000 NA
15271 441600000 NA
15273 439300000 NA
15275 434600000 NA
15277 444600000 NA
15280 448200000 NA
15281 448200000 NA
15282 447300000 NA
15283 447300250 NA
15284 4.5e+08 NA
15287 460200000 NA
15289 4.56e+08 NA
15291 449500000 NA
15294 450600000 NA
15295 452679996 NA
15297 453749544 NA
15300 461032389 NA
15302 467500000 NA
15304 449500000 NA
15306 429300000 NA
15307 429300000 NA
15310 427300000 NA
15312 426200000 NA
15313 426203501 NA
15314 424556958 NA
15316 424556958 NA
15317 411709682 NA
15318 411709682 NA
15319 404192812 NA
15320 404192812 NA
15321 404415958 NA
15323 404415958 NA
15324 406355052 NA
15326 406355052 NA
15327 387565153 NA
15328 387565153 NA
15329 368214892 NA
15330 368214892 NA
15331 352846041 NA
15332 352846041 NA
15333 338915603 NA
15334 338915603 NA
15335 354270616 NA
15336 370560160 NA
15337 370560160 NA
15338 376591492 NA
15340 376591492 NA
15341 368498502 NA
15342 368498502 NA
15343 368498502 NA
15344 368598160 NA
15345 368598160 NA
15346 368598160 NA
15347 370701086 NA
15348 370701086 NA
15349 368938515 NA
15350 368938515 NA
15351 368938515 NA
15352 362000172 NA
15353 362000172 NA
15354 357853287 NA
15355 357853287 NA
15356 351108194 NA
15357 351108194 NA
15358 351108194 NA
15359 342367052 NA
15360 342367052 NA
15361 344253955 NA
15362 344253955 NA
15363 348328419 NA
15364 348328419 NA
15365 348328419 NA
15366 345388692 NA
15367 345388692 NA
15368 343116421 NA
15369 343116421 NA
15370 343116421 NA
15371 343280279 NA
15372 343280279 NA
15373 354348456 NA
15374 354348456 NA
15375 358247261 NA
15376 358247261 NA
15377 358247261 NA
15378 358929337 NA
15379 358929337 NA
15380 358929337 NA
15381 357059512 NA
15382 357059512 NA
15383 359713920 NA
15384 359713920 NA
15385 363105733 NA
15386 363105733 NA
15387 364217403 NA
15388 364217403 NA
15389 364217403 NA
15390 357937312 NA
15391 357937312 NA
15392 348550625 NA
15393 348550625 NA
15394 337060474 NA
15395 337060474 NA
15396 325903422 NA
15397 325903422 NA
15398 325434414 NA
15399 311717531 NA
15400 296471652 NA
15401 296471652 NA
15402 294689215 NA
15403 294689215 NA
15404 297080338 NA
15405 297080338 NA
15406 297472531 NA
15407 297472531 NA
15408 300322772 NA
15409 312447464 NA
15410 312447464 NA
15411 314305466 NA
15412 314305466 NA
15413 301273025 NA
15414 301273025 NA
15415 287924334 NA
15416 287924334 NA
15417 287924334 NA
15418 299388230 NA
15419 299388230 NA
15420 299929521 NA
15421 299929521 NA
15422 296640985 NA
15423 293352448 NA
15424 290063912 NA
15425 286775375 NA
15426 283486839 NA
15427 283486839 NA
15428 283486839 NA
15429 284892684 NA
15430 284892684 NA
15431 284939434 NA
15432 284939434 NA
15433 275722986 NA
15434 275722986 NA
15435 266713028 NA
15436 254290083 NA
15437 254290083 NA
15438 241743422 NA
15439 241743422 NA
15440 236299102 NA
15441 236299102 NA
15442 239368753 NA
15443 250002289 NA
15444 250002289 NA
15445 261671867 NA
15446 269407829 NA
15447 269407829 NA
15448 257320314 NA
15449 257320314 NA
15450 244827616 NA
15451 244827616 NA
15452 244129698 NA
15453 252360236 NA
15454 252360236 NA
15455 250890542 NA
15456 250890542 NA
15457 249900379 NA
15458 249900379 NA
15459 252448878 NA
15460 255862053 NA
15461 255862053 NA
15462 252913418 NA
15463 252913418 NA
15464 255879054 NA
15465 255879054 NA
15466 258921007 NA
15467 258921007 NA
15468 262400431 NA
15469 262400431 NA
15470 266045189 NA
15471 266045189 NA
15472 266045189 NA
15473 267279001 NA
15474 272933382 NA
15475 272933382 NA
15476 272265453 NA
15477 272265453 NA
15478 266217782 NA
15479 259361180 NA
15480 259361180 NA
15481 263250463 NA
15482 263250463 NA
15483 270505586 NA
15484 270505586 NA
15485 274868554 NA
15486 274868554 NA
15487 273146570 NA
15488 273146570 NA
15489 271264769 NA
15490 271781558 NA
15491 271781558 NA
15492 266836122 NA
15493 266836122 NA
15494 259140434 NA
15495 259043732 NA
15496 259043732 NA
15497 257643743 NA
15498 257643743 NA
15499 256534946 NA
15500 243974516 NA
15501 243974516 NA
15502 231775790 NA
15503 222545322 NA
15504 222545322 NA
15505 226934647 NA
15506 237083475 NA
15507 246569305 NA
15508 246569305 NA
15509 245003192 NA
15510 237595670 NA
15511 237595670 NA
15512 232281728 NA
15513 234268352 NA
15514 235203380 NA
15515 235912338 NA
15516 235912338 NA
15517 241089981 NA
15518 233930784 NA
15519 222234244 NA
15520 211122531 NA
15521 200930922 NA
15522 190884375 NA
15523 189553394 NA
15524 191679169 NA
15525 196076243 NA
15526 196076243 NA
15527 203556406 NA
15528 203556406 NA
15529 204337393 NA
15530 204337393 NA
15531 198131012 NA
15532 188224502 NA
15533 188224502 NA
15534 179197321 NA
15535 175511945 NA
15536 175511945 NA
15537 178412430 NA
15538 178412430 NA
15539 185247763 NA
15540 185247763 NA
15541 181112438 NA
15542 178108869 NA
15543 178108869 NA
15544 178109257 NA
15545 184199635 NA
15546 183260879 NA
15547 185522483 NA
15548 185522483 NA
15549 191832912 NA
15550 198927849 NA
15551 202437854 NA
15552 202180317 NA
15553 194250412 NA
15554 192239123 NA
15555 194487633 NA
15556 198391851 NA
15557 198391851 NA
15558 207096036 NA
15559 205392456 NA
15560 205187429 NA
15561 205187429 NA
15562 209974111 NA
15563 219817063 NA
15564 224945373 NA
15565 224945373 NA
15566 219642904 NA
15567 218463547 NA
15568 222575526 NA
15569 231125508 NA
15570 242387061 NA
15571 236634280 NA
15572 236634280 NA
15573 225519399 NA
15574 214442378 NA
15575 204579147 NA
15576 213878480 NA
15577 213878480 NA
15578 220505623 NA
15579 221847822 NA
15580 220779820 NA
15581 220779820 NA
15582 219513340 NA
15583 219513340 NA
15584 220320409 NA
15585 230216127 NA
15586 230216127 NA
15587 237282081 NA
15588 233282113 NA
15589 222424630 NA
15590 221832063 NA
15591 227887023 NA
15592 233349662 NA
15593 235656608 NA
15594 236149990 NA
15595 236149990 NA
15596 233616175 NA
15597 232615862 NA
15598 234232290 NA
15599 234232290 NA
15600 242188650 NA
15601 242162557 NA
15602 242162557 NA
15603 244737617 NA
15604 246338644 NA
15605 248536882 NA
15606 256791251 NA
15607 256791251 NA
15608 251900899 NA
15609 239327315 NA
15610 237377992 NA
15611 237377992 NA
15612 245479268 NA
15613 250050082 NA
15614 249356633 NA
15615 245241399 NA
15616 248442839 NA
15617 254238348 NA
15618 254238348 NA
15619 256797407 NA
15620 259741756 NA
15621 259741756 NA
15622 256612231 NA
15623 256612231 NA
15624 253191004 NA
15625 248003301 NA
15626 242615226 NA
15627 247458804 NA
15628 251799132 NA
15629 251799132 NA
15630 255031181 NA
15631 255396696 NA
15632 255396696 NA
15633 253846982 NA
15634 255229991 NA
15635 255229991 NA
15636 253764746 NA
15637 255116739 NA
15638 255116739 NA
15639 255410402 NA
15640 255863905 NA
15641 255863905 NA
15642 255088071 NA
15643 255088071 NA
15644 258841190 NA
15645 258841190 NA
15646 260298298 NA
15647 260298298 NA
15648 261453221 NA
15649 263044335 NA
15650 254954563 NA
15651 246864792 NA
15652 238775020 NA
15653 230685249 NA
15654 222595477 NA
15655 214505705 NA
15656 206415934 NA
15657 198326162 NA
15658 188794670 NA
15659 179354936 NA
15660 170709853 NA
15661 170709853 NA
15662 162215375 NA
15663 163644644 NA
15664 166081296 NA
15665 166081296 NA
15666 157777231 NA
15667 157777231 NA
15668 149888369 NA
15669 142690298 NA
15670 135839984 NA
15671 129047984 NA
15672 129047984 NA
15673 122595584 NA
15674 122595584 NA
15675 116484900 NA
15676 110660655 NA
15677 110660655 NA
15678 105127622 NA
15679 100038214 NA
15680 100038214 NA
15681 95036303 NA
15682 95036303 NA
15683 90284487 NA
15684 90284487 NA
15685 86720909 NA
15686 86720909 NA
15687 86509850 NA
15688 86509850 NA
15689 82238281 NA
15690 82238281 NA
15691 79611065 NA
15692 79611065 NA
15693 77156432 NA
15694 77156432 NA
15695 80485709 NA
15696 80485709 NA
15697 84257843 NA
15698 88260747 NA
15699 92356855 NA
15700 92356855 NA
15701 96963290 NA
15702 96963290 NA
15703 101811455 NA
15704 101811455 NA
15705 106349094 NA
15706 106349094 NA
15707 111666549 NA
15708 111666549 NA
15709 116960760 NA
15710 121669835 NA
15711 121669835 NA
15712 127264905 NA
15713 127264905 NA
15714 133425400 NA
15715 133425400 NA
15716 133425400 NA
15717 140046576 NA
15718 140046576 NA
15719 146553583 NA
15720 139964237 NA
15721 133377388 NA
15722 127158218 NA
15723 120800307 NA
15724 120800307 NA
15725 114760291 NA
15726 114760291 NA
15727 109022276 NA
15728 109022276 NA
15729 103571162 NA
15730 103571162 NA
15731 98514028 NA
15732 95262311 NA
15733 95262311 NA
15734 93256973 NA
15735 95868690 NA
15736 99918458 NA
15737 104106981 NA
15738 103443385 NA
15739 103443385 NA
15740 101398770 NA
15741 101398770 NA
15742 100217528 NA
15743 100217528 NA
15744 97897028 NA
15745 93902422 NA
15746 93902422 NA
15747 92103878 NA
15748 92103878 NA
15749 93000778 NA
15750 93000778 NA
15751 91215560 NA
15752 86802771 NA
15753 86802771 NA
15754 83196787 NA
15755 83196787 NA
15756 79968575 NA
15757 79968575 NA
15758 76635684 NA
15759 76635684 NA
15760 72904223 NA
15761 72904223 NA
15762 69440089 NA
15763 69440089 NA
15764 66568052 NA
15765 66568052 NA
15766 67061384 NA
15767 67061384 NA
15768 70120331 NA
15769 72965309 NA
15770 72965309 NA
15771 75358753 NA
15772 75358753 NA
15773 77303479 NA
15774 77303479 NA
15775 74931512 NA
15776 74931512 NA
15777 71275240 NA
15778 71275240 NA
15779 67715616 NA
15780 67715616 NA
15781 67715616 NA
15782 64332358 NA
15783 64332358 NA
15784 61121049 NA
15785 61121049 NA
15786 61121049 NA
15787 59510267 NA
15788 59510267 NA
15789 59818167 NA
15790 59818167 NA
15791 59818167 NA
15792 59685461 NA
15793 59685461 NA
15794 59702545 NA
15795 59702545 NA
15796 61903814 NA
15797 61903814 NA
15798 61844650 NA
15799 61785486 NA
15800 61726322 NA
15801 61667159 NA
15802 61607995 NA
15803 61548831 NA
15804 61489667 NA
15805 61489667 NA
15806 61313923 NA
15807 61313923 NA
15808 60210214 NA
15809 60210214 NA
15810 57548620 NA
15811 57548620 NA
15812 57548620 NA
15813 56056045 NA
15814 56056045 NA
15815 53831915 NA
15816 53831915 NA
15817 51251442 NA
15818 51251442 NA
15819 51251442 NA
15820 50675258 NA
15821 50675258 NA
15822 50675258 NA
15823 52875862 NA
15824 52875862 NA
15825 54916307 NA
15826 54916307 NA
15827 56492370 NA
15828 56492370 NA
15829 57742042 NA
15830 57742042 NA
15831 58369847 NA
15832 58369847 NA
15833 58369847 NA
15834 57339184 NA
15835 57339184 NA
15836 57339184 NA
15837 54856333 NA
15838 54856333 NA
15839 54856333 NA
15840 53778126 NA
15841 53778126 NA
15842 52503429 NA
15843 52503429 NA
15844 52503429 NA
15845 53647310 NA
15846 53647310 NA
15847 53647310 NA
15848 53647310 NA
15849 53445969 NA
15850 53445969 NA
15851 53445969 NA
15852 53855053 NA
15853 53855053 NA
15854 53855053 NA
15855 53762219 NA
15856 53762219 NA
15857 55780192 NA
15858 55780192 NA
15859 58347730 NA
15860 58347730 NA
15861 59090473 NA
15862 59090473 NA
15863 59090473 NA
15864 57748432 NA
15865 57748432 NA
15866 57748432 NA
15867 56058483 NA
15868 56058483 NA
15869 56058483 NA
15870 55424217 NA
15871 55424217 NA
15872 57174876 NA
15873 57174876 NA
15874 58987399 NA
15875 58987399 NA
15876 59373585 NA
15877 59373585 NA
15878 59373585 NA
15879 58639506 NA
15880 58639506 NA
15881 58639506 NA
15882 58020724 NA
15883 58020724 NA
15884 57732707 NA
15885 57732707 NA
15886 57732707 NA
15887 57830263 NA
15888 57830263 NA
15889 57830263 NA
15890 59144165 NA
15891 61163088 NA
15892 61163088 NA
15893 64221243 NA
15894 64221243 NA
15895 66559229 NA
15896 66559229 NA
15897 67662164 NA
15898 67662164 NA
15899 67662164 NA
15900 69449402 NA
15901 69449402 NA
15902 70879258 NA
15903 70199012 NA
15904 69518767 NA
15905 68838521 NA
15906 68158275 NA
15907 67478030 NA
15908 66797784 NA
15909 66797784 NA
15910 66797784 NA
15911 66797784 NA
15912 63472533 NA
15913 63472533 NA
15914 63472533 NA
15915 63472533 NA
15916 60476910 NA
15917 60476910 NA
15918 60476910 NA
15919 58379996 NA
15920 58379996 NA
15921 58379996 NA
15922 57693300 NA
15923 57693300 NA
15924 57693300 NA
15925 57693300 NA
15926 57253045 NA
15927 57253045 NA
15928 57253045 NA
15929 57253045 NA
15930 56859653 NA
15931 56859653 NA
15932 56859653 NA
15933 56859653 NA
15934 56219405 NA
15935 56219405 NA
15936 56219405 NA
15937 54271282 NA
15938 54271282 NA
15939 54271282 NA
15940 54271282 NA
15941 54271282 NA
15942 51625650 NA
15943 51625650 NA
15944 51625650 NA
15945 51625650 NA
15946 50746883 NA
15947 50746883 NA
15948 50746883 NA
15949 50746883 NA
15950 49547062 NA
15951 49547062 NA
15952 49547062 NA
15953 49547062 NA
15954 49547062 NA
15955 49118878 NA
15956 49118878 NA
15957 49118878 NA
15958 49118878 NA
15959 49805607 NA
15960 49805607 NA
15961 49805607 NA
15962 49805607 NA
15963 49805607 NA
15964 48007261 NA
15965 48007261 NA
15966 48007261 NA
15967 48007261 NA
15968 48007261 NA
15969 45805876 NA
15970 45805876 NA
15971 45805876 NA
15972 45805876 NA
15973 45805876 NA
15974 43823960 NA
15975 43823960 NA
15976 43823960 NA
15977 43823960 NA
15978 42043490 NA
15979 42043490 NA
15980 42043490 NA
15981 42043490 NA
15982 42414807 NA
15983 42414807 NA
15984 42414807 NA
15985 42414807 NA
15986 42194063 NA
15987 41973320 NA
15988 41752576 NA
15989 41531833 NA
15990 41311089 NA
15991 41090345 NA
15992 40869602 NA
15993 40648858 NA
15994 40455647 NA
15995 40455647 NA
15996 40455647 NA
15997 40455647 NA
15998 40508535 NA
15999 40508535 NA
16000 40508535 NA
16001 41651716 NA
16002 41651716 NA
16003 41651716 NA
16004 41651716 NA
16005 40359380 NA
16006 40359380 NA
16007 40359380 NA
16008 39651693 NA
16009 39651693 NA
16010 39651693 NA
16011 39651693 NA
16012 39150391 NA
16013 39150391 NA
16014 39150391 NA
16015 39150391 NA
16016 38788258 NA
16017 38788258 NA
16018 38788258 NA
16019 38788258 NA
16020 39622544 NA
16021 39622544 NA
16022 39622544 NA
16023 41271421 NA
16024 41271421 NA
16025 41271421 NA
16026 39861734 NA
16027 39861734 NA
16028 39861734 NA
16029 38585976 NA
16030 38585976 NA
16031 38585976 NA
16032 38585976 NA
16033 38146614 NA
16034 38146614 NA
16035 37939931 NA
16036 37733249 NA
16037 37526566 NA
16038 37319884 NA
16039 37113201 NA
16040 36906519 NA
16041 36699836 NA
16042 36699836 NA
16043 36699836 NA
16044 36699836 NA
16045 36378399 NA
16046 36378399 NA
16047 36378399 NA
16048 35880278 NA
16049 35880278 NA
16050 35880278 NA
16051 35349064 NA
16052 35349064 NA
16053 35349064 NA
16054 34514041 NA
16055 34514041 NA
16056 34514041 NA
16057 34514041 NA
16058 34148381 NA
16059 34148381 NA
16060 34148381 NA
16061 34148381 NA
16062 33822380 NA
16063 33822380 NA
16064 33822380 NA
16065 33678272 NA
16066 33678272 NA
16067 33678272 NA
16068 33950161 NA
16069 33950161 NA
16070 33950161 NA
16071 34417099 NA
16072 34417099 NA
16073 34417099 NA
16074 35245888 NA
16075 35245888 NA
16076 35245888 NA
16077 35792309 NA
16078 35792309 NA
16079 35792309 NA
16080 35423089 NA
16081 35423089 NA
16082 35423089 NA
16083 34787223 NA
16084 34787223 NA
16085 34787223 NA
16086 34787223 NA
16087 34581937 NA
16088 34581937 NA
16089 34581937 NA
16090 34581937 NA
16091 34330386 NA
16092 34330386 NA
16093 34330386 NA
16094 35084620 NA
16095 35084620 NA
16096 36313503 NA
16097 36313503 NA
16098 36313503 NA
16099 37124039 NA
16100 37124039 NA
16101 37124039 NA
16102 37515941 NA
16103 38466084 NA
16104 38466084 NA
16105 39082813 NA
16106 39082813 NA
16107 39082813 NA
16108 38503375 NA
16109 38503375 NA
16110 37757143 NA
16111 37757143 NA
16112 37757143 NA
16113 37230364 NA
16114 37230364 NA
16115 37230364 NA
16116 36420079 NA
16117 36420079 NA
16118 36420079 NA
16119 36420079 NA
16120 35521447 NA
16121 35521447 NA
16122 35521447 NA
16123 35521447 NA
16124 34077470 NA
16125 34077470 NA
16126 34077470 NA
16127 33038083 NA
16128 33038083 NA
16129 33038083 NA
16130 32150824 NA
16131 32150824 NA
16132 32150824 NA
16133 31992802 NA
16134 31992802 NA
16135 31992802 NA
16136 32239803 NA
16137 32239803 NA
16138 32239803 NA
16139 31967610 NA
16140 31967610 NA
16141 31967610 NA
16142 31967610 NA
16143 31539349 NA
16144 31539349 NA
16145 31539349 NA
16146 31539349 NA
16147 31027141 NA
16148 31027141 NA
16149 31027141 NA
16150 31027141 NA
16151 29867059 NA
16152 29867059 NA
16153 29867059 NA
16154 29123780 NA
16155 29123780 NA
16156 29123780 NA
16157 29123780 NA
16158 28420591 NA
16159 28420591 NA
16160 28420591 NA
16161 28420591 NA
16162 27631967 NA
16163 27631967 NA
16164 27631967 NA
16165 27631967 NA
16166 27211531 NA
16167 27211531 NA
16168 27211531 NA
16169 27211531 NA
16170 26570498 NA
16171 26570498 NA
16172 26570498 NA
16173 26570498 NA
16174 27132383 NA
16175 27132383 NA
16176 27132383 NA
16177 28288395 NA
16178 28288395 NA
16179 28288395 NA
16180 29569023 NA
16181 29569023 NA
16182 29569023 NA
16183 30889255 NA
16184 30889255 NA
16185 30889255 NA
16186 30889255 NA
16187 32088470 NA
16188 32088470 NA
16189 32088470 NA
16190 32088470 NA
16191 31639767 NA
16192 31639767 NA
16193 31639767 NA
16194 31639767 NA
16195 31639767 NA
16196 30548316 NA
16197 30548316 NA
16198 30548316 NA
16199 30548316 NA
16200 29528296 NA
16201 29528296 NA
16202 29528296 NA
16203 29528296 NA
16204 29574515 NA
16205 29574515 NA
16206 29574515 NA
16207 29574515 NA
16208 30367413 NA
16209 30367413 NA
16210 30367413 NA
16211 31722208 NA
16212 31722208 NA
16213 31722208 NA
16214 31722208 NA
16215 33180195 NA
16216 33180195 NA
16217 33180195 NA
16218 33180195 NA
16219 34624954 NA
16220 34624954 NA
16221 34624954 NA
16222 34624954 NA
16223 33682684 NA
16224 33682684 NA
16225 33682684 NA
16226 33682684 NA
16227 32024342 NA
16228 32024342 NA
16229 32024342 NA
16230 32024342 NA
16231 32024342 NA
16232 30727358 NA
16233 30727358 NA
16234 30727358 NA
16235 30727358 NA
16236 31061773 NA
16237 31061773 NA
16238 31061773 NA
16239 32495702 NA
16240 32495702 NA
16241 32495702 NA
16242 32495702 NA
16243 33973801 NA
16244 33973801 NA
16245 33973801 NA
16246 33973801 NA
16247 34482050 NA
16248 34482050 NA
16249 34482050 NA
16250 35087443 NA
16251 35087443 NA
16252 35087443 NA
16253 35087443 NA
16254 35271013 NA
16255 35271013 NA
16256 35271013 NA
16257 35271013 NA
16258 34554458 NA
16259 34554458 NA
16260 34554458 NA
16261 34554458 NA
16262 34428125 NA
16263 34428125 NA
16264 34428125 NA
16265 34846294 NA
16266 34846294 NA
16267 36036107 NA
16268 36036107 NA
16269 34733605 NA
16270 34733605 NA
16271 34733605 NA
16272 33742315 NA
16273 33742315 NA
16274 32110745 NA
16275 32110745 NA
16276 32110745 NA
16277 30527167 NA
16278 30527167 NA
16279 29839774 NA
16280 29839774 NA
16281 30025002 NA
16282 30025002 NA
16283 31297002 NA
16284 31297002 NA
16285 32110040 NA
16286 32110040 NA
16287 32110040 NA
16288 30695721 NA
16289 30695721 NA
16290 30695721 NA
16291 29163280 NA
16292 29163280 NA
16293 29163280 NA
16294 27705116 NA
16295 27705116 NA
16296 27705116 NA
16297 26362331 NA
16298 26362331 NA
16299 26362331 NA
16300 25044214 NA
16301 25044214 NA
16302 25044214 NA
16303 23792003 NA
16304 23792003 NA
16305 23792003 NA
16306 22793504 NA
16307 22793504 NA
16308 22793504 NA
16309 22322451 NA
16310 22322451 NA
16311 21498915 NA
16312 21498915 NA
16313 21498915 NA
16314 21197030 NA
16315 21197030 NA
16316 21197030 NA
16317 20880841 NA
16318 20880841 NA
16319 20880841 NA
16320 20967611 NA
16321 20967611 NA
16322 20967611 NA
16323 21305884 NA
16324 21305884 NA
16325 21305884 NA
16326 21305884 NA
16327 20864068 NA
16328 20864068 NA
16329 20864068 NA
16330 19970574 NA
16331 19970574 NA
16332 19970574 NA
16333 19970574 NA
16334 19970574 NA
16335 19113769 NA
16336 19113769 NA
16337 19113769 NA
16338 19113769 NA
16339 18581014 NA
16340 18581014 NA
16341 18581014 NA
16342 18581014 NA
16343 18066759 NA
16344 18066759 NA
16345 18066759 NA
16346 18066759 NA
16347 17502080 NA
16348 17502080 NA
16349 17502080 NA
16350 17502080 NA
16351 17280878 NA
16352 17280878 NA
16353 17280878 NA
16354 17280878 NA
16355 16719628 NA
16356 16719628 NA
16357 16719628 NA
16358 16719628 NA
16359 17172833 NA
16360 17172833 NA
16361 17172833 NA
16362 17172833 NA
16363 17627478 NA
16364 17627478 NA
16365 17627478 NA
16366 17627478 NA
16367 17627478 NA
16368 18086203 NA
16369 18086203 NA
16370 18086203 NA
16371 18779851 NA
16372 18779851 NA
16373 18779851 NA
16374 18779851 NA
16375 18779851 NA
16376 19019285 NA
16377 19019285 NA
16378 19019285 NA
16379 19019285 NA
16380 18725519 NA
16381 18725519 NA
16382 18725519 NA
16383 19401670 NA
16384 19401670 NA
16385 19401670 NA
16386 19401670 NA
16387 19825022 NA
16388 19825022 NA
16389 19825022 NA
16390 19825022 NA
16391 20546337 NA
16392 20546337 NA
16393 20546337 NA
16394 20546337 NA
16395 20546337 NA
16396 20942269 NA
16397 20942269 NA
16398 20942269 NA
16399 20942269 NA
16400 20942269 NA
16401 21134641 NA
16402 21134641 NA
16403 21134641 NA
16404 21134641 NA
16405 20677215 NA
16406 20677215 NA
16407 20677215 NA
16408 20677215 NA
16409 20677215 NA
16410 19743305 NA
16411 19743305 NA
16412 19743305 NA
16413 18818540 NA
16414 18818540 NA
16415 18818540 NA
16416 18818540 NA
16417 18818540 NA
16418 18315718 NA
16419 18315718 NA
16420 18315718 NA
16421 18315718 NA
16422 18228356 NA
16423 18228356 NA
16424 18228356 NA
16425 18228356 NA
16426 18335381 NA
16427 18335381 NA
16428 18335381 NA
16429 18335381 NA
16430 18880989 NA
16431 18880989 NA
16432 18880989 NA
16433 18880989 NA
16434 19344974 NA
16435 19344974 NA
16436 19344974 NA
16437 19344974 NA
16438 19393821 NA
16439 19393821 NA
16440 19393821 NA
16441 19393821 NA
16442 19322312 NA
16443 19322312 NA
16444 19322312 NA
16445 18454086 NA
16446 18454086 NA
16447 18454086 NA
16448 17595343 NA
16449 17595343 NA
16450 17595343 NA
16451 17595343 NA
16452 16746833 NA
16453 16746833 NA
16454 16746833 NA
16455 15918103 NA
16456 15918103 NA
16457 15918103 NA
16458 15918103 NA
16459 15251191 NA
16460 15251191 NA
16461 15251191 NA
16462 15251191 NA
16463 14853509 NA
16464 14853509 NA
16465 14853509 NA
16466 14490815 NA
16467 14490815 NA
16468 14490815 NA
16469 14490815 NA
16470 14072914 NA
16471 14072914 NA
16472 14072914 NA
16473 14072914 NA
16474 13657084 NA
16475 13657084 NA
16476 13657084 NA
16477 13657084 NA
16478 13523573 NA
16479 13523573 NA
16480 13523573 NA
16481 13523573 NA
16482 13545801 NA
16483 13545801 NA
16484 13545801 NA
16485 13545801 NA
16486 13631170 NA
16487 13631170 NA
16488 13631170 NA
16489 13631170 NA
16490 13478368 NA
16491 13478368 NA
16492 13478368 NA
16493 13721160 NA
16494 13721160 NA
16495 13721160 NA
16496 14211247 NA
16497 14211247 NA
16498 14211247 NA
16499 14680483 NA
16500 14680483 NA
16501 14680483 NA
16502 15078878 NA
16503 15078878 NA
16504 15078878 NA
16505 15656100 NA
16506 15656100 NA
16507 15656100 NA
16508 15656100 NA
16509 15705082 NA
16510 15705082 NA
16511 15705082 NA
16512 15705082 NA
16513 15669735 NA
16514 15669735 NA
16515 15669735 NA
16516 15571710 NA
16517 15571710 NA
16518 15571710 NA
16519 15571710 NA
16520 15571710 NA
16521 15319111 NA
16522 15319111 NA
16523 15319111 NA
16524 14729089 NA
16525 14729089 NA
16526 14729089 NA
16527 14729089 NA
16528 14396723 NA
16529 14396723 NA
16530 14396723 NA
16531 14189025 NA
16532 14189025 NA
16533 14189025 NA
16534 14189025 NA
16535 14046763 NA
16536 14046763 NA
16537 14046763 NA
16538 14046763 NA
16539 13816925 NA
16540 13816925 NA
16541 13816925 NA
16542 13816925 NA
16543 13365552 NA
16544 13365552 NA
16545 13365552 NA
16546 13365552 NA
16547 13365552 NA
16548 12860576 NA
16549 12860576 NA
16550 12860576 NA
16551 12860576 NA
16552 12840166 NA
16553 12840166 NA
16554 12840166 NA
16555 12840166 NA
16556 12840166 NA
16557 12485551 NA
16558 12485551 NA
16559 12485551 NA
16560 12485551 NA
16561 12309919 NA
16562 12309919 NA
16563 12309919 NA
16564 12309919 NA
16565 12177173 NA
16566 12177173 NA
16567 12177173 NA
16568 12177173 NA
16569 12042306 NA
16570 12042306 NA
16571 12042306 NA
16572 12042306 NA
16573 12130196 NA
16574 12130196 NA
16575 12130196 NA
16576 12130196 NA
16577 12500372 NA
16578 12500372 NA
16579 12500372 NA
16580 12885346 NA
16581 12885346 NA
16582 12885346 NA
16583 13373731 NA
16584 13373731 NA
16585 13373731 NA
16586 13373731 NA
16587 13816163 NA
16588 13816163 NA
16589 13816163 NA
16590 13816163 NA
16591 13782136 NA
16592 13782136 NA
16593 13782136 NA
16594 13782136 NA
16595 13716076 NA
16596 13716076 NA
16597 13716076 NA
16598 13716076 NA
16599 13716076 NA
16600 14024325 NA
16601 14024325 NA
16602 14024325 NA
16603 14024325 NA
16604 14024325 NA
16605 14126526 NA
16606 14126526 NA
16607 14126526 NA
16608 14126526 NA
16609 14279397 NA
16610 14279397 NA
16611 14279397 NA
16612 14279397 NA
16613 14661167 NA
16614 14661167 NA
16615 14661167 NA
16616 15127961 NA
16617 15127961 NA
16618 15127961 NA
16619 15127961 NA
16620 15473374 NA
16621 15473374 NA
16622 15473374 NA
16623 15473374 NA
16624 15964804 NA
16625 15964804 NA
16626 15964804 NA
16627 16684511 NA
16628 16684511 NA
16629 16684511 NA
16630 17425224 NA
16631 17425224 NA
16632 18225497 NA
16633 18225497 NA
16634 19059054 NA
16635 19059054 NA
16636 19059054 NA
16637 19914247 NA
16638 19914247 NA
16639 19914247 NA
16640 20648447 NA
16641 20648447 NA
16642 20648447 NA
16643 20615678 NA
16644 20615678 NA
16645 20615678 NA
16646 21105972 NA
16647 21105972 NA
16648 21105972 NA
16649 21105972 NA
16650 21345421 NA
16651 21345421 NA
16652 21345421 NA
16653 21345421 NA
16654 20439906 NA
16655 20439906 NA
16656 20439906 NA
16657 20439906 NA
16658 19485141 NA
16659 19485141 NA
16660 19485141 NA
16661 19485141 NA
16662 18517330 NA
16663 18517330 NA
16664 18517330 NA
16665 18106363 NA
16666 18106363 NA
16668 18106363 NA
16669 18106363 NA
16670 17718775 NA
16671 17718775 NA
16672 17718775 NA
16673 17718775 NA
16674 17382616 NA
16675 17382616 NA
16676 17382616 NA
16677 17382616 NA
16678 17111793 NA
16679 17111793 NA
16680 17111793 NA
16681 17111793 NA
16682 17111793 NA
16683 16885265 NA
16684 16885265 NA
16685 16885265 NA
16686 16885265 NA
16687 16885265 NA
16688 17372430 NA
16689 17372430 NA
16690 17372430 NA
16691 17372430 NA
16692 17948234 NA
16693 17948234 NA
16694 17948234 NA
16695 17948234 NA
16696 17948234 NA
16697 18551467 NA
16698 18551467 NA
16699 18551467 NA
16700 18551467 NA
16701 18551467 NA
16702 19212741 NA
16703 19212741 NA
16704 19212741 NA
16705 19212741 NA
16706 19212741 NA
16707 18888517 NA
16708 18888517 NA
16709 18888517 NA
16710 18888517 NA
16711 18888517 NA
16712 18409979 NA
16715 18409979 NA
16717 18583610 NA
16719 18583610 NA
16720 18583610 NA
16721 19158445 NA
16722 19158445 NA
16723 19158445 NA
16724 19158445 NA
16725 19158445 NA
16726 19900407 NA
16727 19900407 NA
16728 19900407 NA
16729 19900407 NA
16730 20649278 NA
16731 20649278 NA
16732 20649278 NA
16733 20649278 NA
16734 21552111 NA
16735 21552111 NA
16736 21552111 NA
16737 21552111 NA
16738 21552111 NA
16739 22556182 NA
16740 22556182 NA
16741 22556182 NA
16742 22556182 NA
16743 23372816 NA
16744 23372816 NA
16745 23372816 NA
16746 23372816 NA
16747 23372816 NA
16748 23372816 NA
16749 23613529 NA
16750 23613529 NA
16751 23613529 NA
16752 23613529 NA
16753 23613529 NA
16754 24399250 NA
16755 24399250 NA
16756 24399250 NA
16757 24399250 NA
16759 25055279 NA
16760 25055279 NA
16761 25055279 NA
16762 25055279 NA
16763 25055279 NA
16764 25429799 NA
16765 25429799 NA
16766 25429799 NA
16767 25429799 NA
16768 25429799 NA
16769 24599893 NA
16770 24599893 NA
16771 24599893 NA
16772 24599893 NA
16773 24599893 NA
16774 23388959 NA
16775 23388959 NA
16776 23388959 NA
16777 23388959 NA
16778 23388959 NA
16779 22269735 NA
16780 22269735 NA
16781 22269735 NA
16782 22269735 NA
16783 21348354 NA
16784 21348354 NA
16785 21348354 NA
16786 21348354 NA
16787 21348354 NA
16788 21739843 NA
16789 21739843 NA
16790 21739843 NA
16791 21739843 NA
16792 22248811 NA
16793 22248811 NA
16794 22248811 NA
16795 22248811 NA
16796 22619117 NA
16797 22619117 NA
16798 22619117 NA
16799 22619117 NA
16800 22619117 NA
16801 22775517 NA
16802 22775517 NA
16803 22775517 NA
16804 22986984 NA
16805 22986984 NA
16807 22986984 NA
16808 23179183 NA
16809 23179183 NA
16810 23179183 NA
16811 23179183 NA
16812 23329317 NA
16813 23329317 NA
16814 23329317 NA
16815 23329317 NA
16816 23334926 NA
16817 23334926 NA
16818 23334926 NA
16820 22995017 NA
16821 22995017 NA
16822 22995017 NA
16823 22995017 NA
16824 22096711 NA
16825 22096711 NA
16826 22096711 NA
16827 21645361 NA
16828 21645361 NA
16829 21645361 NA
16830 20624868 NA
16831 20624868 NA
16832 20624868 NA
16833 20624868 NA
16834 19649933 NA
16835 19649933 NA
16836 19649933 NA
16837 19649933 NA
16838 18719140 NA
16839 18719140 NA
16840 18719140 NA
16841 18719140 NA
16842 17831511 NA
16843 17831511 NA
16844 17831511 NA
16845 17831511 NA
16847 16970948 NA
16849 16970948 NA
16850 16156074 NA
16851 16156074 NA
16852 16156074 NA
16853 16156074 NA
16854 16156074 NA
16855 15768091 NA
16856 15768091 NA
16857 15768091 NA
16858 15768091 NA
16859 15768091 NA
16860 15482801 NA
16861 15482801 NA
16862 15482801 NA
16863 15482801 NA
16864 15482801 NA
16865 15204567 NA
16866 15204567 NA
16867 15204567 NA
16869 15204567 NA
16870 15204567 NA
16871 15268767 NA
16872 15268767 NA
16873 15268767 NA
16874 15268767 NA
16875 15419140 NA
16876 15419140 NA
16878 15419140 NA
16879 15419140 NA
16880 15684974 NA
16881 15684974 NA
16882 15684974 NA
16883 15684974 NA
16884 16228433 NA
16885 16228433 NA
16886 16228433 NA
16887 16228433 NA
16888 16228433 NA
16889 16835511 NA
16890 16835511 NA
16891 16835511 NA
16892 17026512 NA
16893 17026512 NA
16894 17026512 NA
16895 17026512 NA
16896 17026512 NA
16897 16824989 NA
16898 16824989 NA
16899 16824989 NA
16900 16824989 NA
16901 16824989 NA
16902 17016172 NA
16903 17016172 NA
16904 17016172 NA
16905 17016172 NA
16906 17016172 NA
16907 17016172 NA
16908 16770701 NA
16909 16770701 NA
16910 16770701 NA
16911 16770701 NA
16912 16770701 NA
16913 16067100 NA
16914 16067100 NA
16915 16067100 NA
16916 16067100 NA
16917 15903861 NA
16918 15903861 NA
16919 15903861 NA
16920 15903861 NA
16921 15903861 NA
16922 15835449 NA
16923 15835449 NA
16924 15835449 NA
16925 15835449 NA
16926 15835449 NA
16927 15724350 NA
16928 15724350 NA
16929 15724350 NA
16930 15724350 NA
16931 15724350 NA
16932 15672802 NA
16933 15672802 NA
16934 15672802 NA
16935 15672802 NA
16937 15672802 NA
16938 15568242 NA
16939 15568242 NA
16940 15568242 NA
16941 15568242 NA
16942 15301622 NA
16943 15301622 NA
16944 15301622 NA
16945 15301622 NA
16946 15301622 NA
16949 15031963 NA
16950 15031963 NA
16951 15031963 NA
16952 14791951 NA
16953 14791951 NA
16954 14791951 NA
16955 14791951 NA
16956 14791951 NA
16957 14626041 NA
16958 14626041 NA
16959 14626041 NA
16960 14626041 NA
16966 14365449 NA
16968 14365449 NA
16969 14365449 NA
16970 14062930 NA
16971 14062930 NA
16972 14062930 NA
16974 14062930 NA
16975 14036290 NA
16976 14036290 NA
16977 14036290 NA
16978 14036290 NA
16979 14036290 NA
16980 14382003 NA
16981 14382003 NA
16982 14382003 NA
16984 14390427 NA
16985 14390427 NA
16986 14390427 NA
16987 14390427 NA
16988 14390427 NA
16989 14337719 NA
16990 14337719 NA
16991 14337719 NA
16992 14337719 NA
16993 14337719 NA
16994 14337719 NA
16995 14253358 NA
16996 14253358 NA
16999 14253358 NA
17000 14253358 NA
17001 14253358 NA
17006 14098807 NA
17007 14098807 NA
17014 13996189 NA
17015 14004011 NA
17016 14004011 NA
17017 14004011 NA
17018 14004011 NA
17019 14004011 NA
17020 14004011 NA
17021 14004011 NA
17022 14038393 NA
17023 14038393 NA
17024 14038393 NA
17025 14038393 NA
17026 14038393 NA
17027 14038393 NA
17028 14038393 NA
17029 14081662 NA
17031 14081662 NA
17032 14081662 NA
17033 14081662 NA
17034 14081662 NA
17035 14081662 NA
17036 14005600 NA
17037 14005600 NA
17038 14005600 NA
17039 14005600 NA
17040 14005600 NA
17042 13365801 NA
17044 13365801 NA
17045 13365801 NA
17046 13365801 NA
17047 12697510 NA
17048 12697510 NA
17049 12697510 NA
17050 12697510 NA
17051 12697510 NA
17052 12062634 NA
17053 12062634 NA
17054 12062634 NA
17055 12062634 NA
17056 12062634 NA
17057 12062634 NA
17058 11513280 NA
17059 11513280 NA
17060 11513280 NA
17061 11513280 NA
17062 11513280 NA
17063 11513280 NA
17064 11203099 NA
17069 11203099 NA
17070 10775378 NA
17071 10775378 NA
17072 10775378 NA
17073 10775378 NA
17075 10775378 NA
17076 10410197 NA
17077 10410197 NA
17078 10410197 NA
17079 10410197 NA
17080 10410197 NA
17081 10410197 NA
17083 10529339 NA
17084 10529339 NA
17085 10529339 NA
17086 10529339 NA
17087 10529339 NA
17088 10529339 NA
17089 10529339 NA
17091 10697107 NA
17092 10697107 NA
17093 10697107 NA
17094 10697107 NA
17095 10697107 NA
17096 10697107 NA
17097 10697107 NA
17098 10697107 NA
17099 10765654 NA
17100 10765654 NA
17101 10765654 NA
17102 10765654 NA
17103 10765654 NA
17104 10765654 NA
17105 10922621 NA
17106 10922621 NA
17107 10922621 NA
17108 10922621 NA
17109 10922621 NA
17110 10922621 NA
17111 10922621 NA
17112 11093070 NA
17113 11093070 NA
17114 11093070 NA
17115 11093070 NA
17117 11093070 NA
17118 11093070 NA
17119 11189932 NA
17123 11189932 NA
17124 11189932 NA
17125 11189932 NA
17126 10770413 NA
17127 10770413 NA
17129 10770413 NA
17130 10770413 NA
17131 10770413 NA
17132 10236653 NA
17133 10236653 NA
17134 10236653 NA
17135 10236653 NA
17136 10236653 NA
17138 10236653 NA
17139 10236653 NA
17140 9764767 NA
17141 9764767 NA
17142 9764767 NA
17143 9764767 NA
17144 9764767 NA
17145 9764767 NA
17146 9457021 NA
17147 9457021 NA
17148 9457021 NA
17149 9457021 NA
