"Index" "Price" "Volume"
14019 9869 NA
14020 9857 NA
14021 10000 NA
14022 10000 NA
14023 10200 NA
14024 10200 NA
14025 10600 NA
14026 10600 NA
14027 10600 NA
14028 10600 NA
14029 10800 NA
14030 10800 NA
14031 10900 NA
14032 11200 NA
14033 11300 NA
14034 11300 NA
14035 11300 NA
14036 11300 NA
14037 11300 NA
14038 11300 NA
14039 11300 NA
14040 11300 NA
14041 11300 NA
14042 11200 NA
14043 11100 NA
14044 11000 NA
14045 10900 NA
14046 10900 NA
14047 10800 NA
14048 10800 NA
14049 10700 NA
14050 10600 NA
14051 10600 NA
14052 10500 NA
14053 10300 NA
14054 10300 NA
14055 10200 NA
14056 10100 NA
14057 10100 NA
14058 10400 NA
14059 10600 NA
14060 10700 NA
14061 10700 NA
14062 10800 NA
14063 10800 NA
14064 11000 NA
14065 11000 NA
14066 11300 NA
14067 11800 NA
14068 11800 NA
14069 12300 NA
14070 12300 NA
14071 12400 NA
14072 12700 NA
14073 12700 NA
14074 12500 NA
14075 12500 NA
14076 12200 NA
14077 12000 NA
14078 11800 NA
14079 11700 NA
14080 11700 NA
14081 11800 NA
14082 11900 NA
14083 11900 NA
14084 11700 NA
14085 11300 NA
14086 11300 NA
14087 11100 NA
14088 11250 NA
14089 11400 NA
14090 11400 NA
14091 12100 NA
14092 12100 NA
14093 12000 NA
14094 12000 NA
14095 12400 NA
14096 12800 NA
14097 12800 NA
14098 13300 NA
14099 13800 NA
14100 14400 NA
14101 15000 NA
14102 15000 NA
14103 15700 NA
14104 15700 NA
14105 16300 NA
14106 16300 NA
14107 17000 NA
14108 17800 NA
14109 17300 NA
14110 16700 NA
14111 16100 NA
14112 16100 NA
14113 15400 NA
14114 15000 NA
14115 15000 NA
14116 14500 NA
14117 14200 NA
14118 13700 NA
14119 13900 NA
14120 13600 NA
14121 13100 NA
14122 12900 NA
14123 12900 NA
14124 12800 NA
14125 12500 NA
14126 12400 NA
14127 12000 NA
14128 12000 NA
14129 11600 NA
14130 11700 NA
14131 11700 NA
14132 11500 NA
14133 11400 NA
14134 11400 NA
14135 11400 NA
14136 11200 NA
14137 11200 NA
14138 11200 NA
14139 11300 NA
14140 11100 NA
14141 11100 NA
14142 11100 NA
14143 11000 NA
14144 11000 NA
14145 11000 NA
14146 10800 NA
14147 10600 NA
14148 10600 NA
14149 10500 NA
14150 10500 NA
14151 10400 NA
14152 10100 NA
14153 10100 NA
14154 9959 NA
14155 9760 NA
14156 9529 NA
14157 9529 NA
14158 9398 NA
14159 9306 NA
14160 9451 NA
14161 9451 NA
14162 9506 NA
14163 9756 NA
14164 9822 NA
14165 9822 NA
14166 9874 NA
14167 9874 NA
14168 9762 NA
14169 9762 NA
14170 9924 NA
14171 10200 NA
14172 10200 NA
14173 10300 NA
14174 10300 NA
14175 10300 NA
14176 10300 NA
14177 10000 NA
14178 10000 NA
14179 9682 NA
14180 9621 NA
14181 9821 NA
14182 9955 NA
14183 9955 NA
14184 9922 NA
14185 9914 NA
14186 9871 NA
14187 9926 NA
14188 9926 NA
14189 9924 NA
14190 9924 NA
14191 9935 NA
14192 9863 NA
14193 9831 NA
14194 9831 NA
14195 9730 NA
14196 9730 NA
14197 9567 NA
14198 9583 NA
14199 9690 NA
14200 9690 NA
14201 9498 NA
14202 9498 NA
14203 9292 NA
14204 9161 NA
14205 9161 NA
14206 8963 NA
14207 8989 NA
14208 8996 NA
14209 8996 NA
14210 8885 NA
14211 8861 NA
14212 8861 NA
14213 8861 NA
14214 8868 NA
14215 8947 NA
14216 8947 NA
14217 8947 NA
14218 9049 NA
14219 9161 NA
14220 9127 NA
14221 9012 NA
14222 9012 NA
14223 9057 NA
14224 9041 NA
14225 9041 NA
14226 9027 NA
14227 9067 NA
14228 9141 NA
14229 9141 NA
14230 9025 NA
14231 9110 NA
14232 9055 NA
14233 9055 NA
14234 9008 NA
14235 9159 NA
14236 9028 NA
14237 9037 NA
14238 9037 NA
14239 9170 NA
14240 9170 NA
14241 9277 NA
14242 9341 NA
14243 9342 NA
14244 9429 NA
14245 9429 NA
14246 9374 NA
14247 9374 NA
14248 9227 NA
14249 9227 NA
14250 9049 NA
14251 8977 NA
14252 8977 NA
14253 8923 NA
14254 8925 NA
14255 8925 NA
14256 8907 NA
14257 8863 NA
14258 8863 NA
14259 8953 NA
14260 9028 NA
14261 9019 NA
14262 8989 NA
14263 8989 NA
14264 8983 NA
14265 9016 NA
14266 9016 NA
14267 9236 NA
14268 9236 NA
14269 9004 NA
14270 9004 NA
14271 8862 NA
14272 8910 NA
14273 8910 NA
14274 8911 NA
14275 8970 NA
14276 8982 NA
14277 8982 NA
14278 8982 NA
14279 8979 NA
14280 9073 NA
14281 9073 NA
14282 8969 NA
14283 8969 NA
14284 8954 NA
14285 8918 NA
14286 8918 NA
14287 8916 NA
14288 8930 NA
14289 8930 NA
14290 8916 NA
14291 8907 NA
14292 8883 NA
14293 8883 NA
14294 8905 NA
14295 8905 NA
14296 8987 NA
14297 8987 NA
14298 8976 NA
14299 8976 NA
14300 8947 NA
14301 8947 NA
14302 8826 NA
14303 8911 NA
14304 8968 NA
14305 8933 NA
14306 8933 NA
14307 8924 NA
14308 8924 NA
14309 8917 NA
14310 8919 NA
14311 8943 NA
14312 8862 NA
14313 8862 NA
14314 8862 NA
14315 8965 NA
14316 8993 NA
14317 8993 NA
14318 8937 NA
14319 9025 NA
14320 9025 NA
14321 8982 NA
14322 8982 NA
14323 8959 NA
14324 8959 NA
14325 8968 NA
14326 8938 NA
14327 8938 NA
14328 8913 NA
14329 8913 NA
14330 8882 NA
14331 8882 NA
14332 8887 NA
14333 8887 NA
14334 8817 NA
14335 8817 NA
14336 8855 NA
14337 8855 NA
14338 8891 NA
14339 8921 NA
14340 8921 NA
14341 8895 NA
14342 8907 NA
14343 8907 NA
14344 8921 NA
14345 8880 NA
14346 8867 NA
14347 8867 NA
14348 8867 NA
14349 8886 NA
14350 8937 NA
14351 8937 NA
14352 8937 NA
14353 9036 NA
14354 9036 NA
14355 9130 NA
14356 9130 NA
14357 9187 NA
14358 9187 NA
14359 9214 NA
14360 9214 NA
14361 9187 NA
14362 9233 NA
14363 9233 NA
14364 9233 NA
14365 9440 NA
14366 9373 NA
14367 9391 NA
14368 9391 NA
14369 9293 NA
14370 9293 NA
14371 9085 NA
14372 8923 NA
14373 8923 NA
14374 8954 NA
14375 8991 NA
14376 8991 NA
14377 8926 NA
14378 8920 NA
14379 8920 NA
14380 8920 NA
14381 8861 NA
14382 8938 NA
14383 8938 NA
14384 8917 NA
14385 8917 NA
14386 8925 NA
14387 9077 NA
14388 9077 NA
14389 9080 NA
14390 8977 NA
14391 8977 NA
14392 9114 NA
14393 9114 NA
14394 9173 NA
14395 9133 NA
14396 9133 NA
14397 9258 NA
14398 9258 NA
14399 9382 NA
14400 9252 NA
14401 9252 NA
14402 9068 NA
14403 9068 NA
14404 8982 NA
14405 9099 NA
14406 8959 NA
14407 8928 NA
14408 8928 NA
14409 8912 NA
14410 8884 NA
14411 8884 NA
14412 8909 NA
14413 8921 NA
14414 8921 NA
14415 8865 NA
14416 8867 NA
14417 8867 NA
14418 8853 NA
14419 8908 NA
14420 8935 NA
14421 8935 NA
14422 8948 NA
14423 8872 NA
14424 8872 NA
14425 8967 NA
14426 9015 NA
14428 8953 NA
14429 9057 NA
14430 9057 NA
14431 9029 NA
14432 9003 NA
14433 9244 NA
14434 9244 NA
14435 9252 NA
14436 9251 NA
14437 9251 NA
14438 9192 NA
14439 9217 NA
14440 9217 NA
14441 9161 NA
14442 9161 NA
14443 9152 NA
14444 9344 NA
14445 9344 NA
14446 9259 NA
14447 9093 NA
14448 9093 NA
14449 9073 NA
14450 9328 NA
14451 9328 NA
14452 9296 NA
14453 9253 NA
14454 9493 NA
14455 9493 NA
14456 9428 NA
14457 9428 NA
14458 9322 NA
14459 9289 NA
14460 9289 NA
14461 9382 NA
14462 9382 NA
14463 9431 NA
14464 9411 NA
14465 9411 NA
14466 9384 NA
14467 9324 NA
14468 9175 NA
14469 9242 NA
14470 9242 NA
14471 9271 NA
14472 9183 NA
14473 9183 NA
14474 8913 NA
14475 9055 NA
14476 9055 NA
14477 9055 NA
14478 9055 NA
14479 9080 NA
14480 9197 NA
14481 9177 NA
14482 9177 NA
14483 9306 NA
14484 9306 NA
14485 9438 NA
14486 9675 NA
14487 9861 NA
14488 9861 NA
14489 9879 NA
14490 9927 NA
14491 9927 NA
14492 9856 NA
14493 9856 NA
14494 9527 NA
14495 9527 NA
14496 9388 NA
14497 9388 NA
14498 9342 NA
14499 9426 NA
14500 9426 NA
14501 9334 NA
14502 9334 NA
14503 9424 NA
14504 9207 NA
14505 9207 NA
14506 9207 NA
14507 9207 NA
14508 9102 NA
14509 9102 NA
14510 9009 NA
14511 9009 NA
14512 9163 NA
14513 9163 NA
14514 9091 NA
14515 9162 NA
14516 9162 NA
14517 9061 NA
14518 9061 NA
14519 9113 NA
14520 9113 NA
14521 9122 NA
14522 9232 NA
14523 9232 NA
14524 9232 NA
14525 9257 NA
14526 9313 NA
14527 9313 NA
14528 9367 NA
14529 9367 NA
14530 9510 NA
14531 9510 NA
14532 9593 NA
14533 9412 NA
14534 9412 NA
14535 9440 NA
14536 9288 NA
14537 9288 NA
14538 9128 NA
14539 9128 NA
14540 9128 NA
14541 9136 NA
14542 9280 NA
14543 9492 NA
14544 9492 NA
14545 9632 NA
14546 9632 NA
14547 9632 NA
14548 9556 NA
14549 9549 NA
14550 9549 NA
14551 9365 NA
14552 9365 NA
14553 9169 NA
14554 9169 NA
14555 9251 NA
14556 9251 NA
14557 9222 NA
14558 9222 NA
14559 9283 NA
14560 9283 NA
14561 9283 NA
14562 9409 NA
14563 9704 NA
14564 9704 NA
14565 9960 NA
14566 10200 NA
14567 10200 NA
14568 10200 NA
14569 10300 NA
14570 10200 NA
14571 10200 NA
14572 10200 NA
14573 10200 NA
14574 10200 NA
14575 10100 NA
14576 9979 NA
14577 9979 NA
14578 10000 NA
14579 10000 NA
14580 10200 NA
14581 10200 NA
14582 10500 NA
14583 10500 NA
14584 10500 NA
14585 10700 NA
14586 10700 NA
14587 10700 NA
14588 10500 NA
14589 10500 NA
14590 10500 NA
14591 10300 NA
14592 10300 NA
14593 10200 NA
14594 10200 NA
14595 10200 NA
14596 10200 NA
14597 10100 NA
14598 10100 NA
14599 10300 NA
14600 10300 NA
14601 10300 NA
14602 10300 NA
14603 10100 NA
14604 9973 NA
14605 9973 NA
14606 9973 NA
14607 9873 NA
14608 9873 NA
14609 9774 NA
14610 9774 NA
14611 9676 NA
14612 9676 NA
14613 9778 NA
14614 9946 NA
14615 9946 NA
14616 9816 NA
14617 9625 NA
14618 9641 NA
14619 9641 NA
14620 9641 NA
14621 9464 NA
14622 9464 NA
14623 9278 NA
14624 9278 NA
14625 9340 NA
14626 9495 NA
14627 9495 NA
14628 9882 NA
14629 10300 NA
14630 10300 NA
14631 10700 NA
14632 10700 NA
14633 11000 NA
14634 11000 NA
14635 11500 NA
14636 11500 NA
14637 11900 NA
14638 12400 NA
14639 12900 NA
14640 12900 NA
14641 13200 NA
14642 13200 NA
14643 13400 NA
14644 13400 NA
14645 13400 NA
14646 13200 NA
14647 13000 NA
14648 12800 NA
14649 12800 NA
14650 12800 NA
14651 12800 NA
14653 12500 NA
14654 12100 NA
14655 11900 NA
14656 11900 NA
14657 11500 NA
14658 11100 NA
14659 11100 NA
14660 11100 NA
14661 10800 NA
14662 10500 NA
14663 10500 NA
14664 10100 NA
14665 9774 NA
14666 9414 NA
14667 9408 NA
14668 9408 NA
14669 9166 NA
14670 9166 NA
14671 8979 NA
14672 9176 NA
14673 9176 NA
14674 9475 NA
14675 9475 NA
14676 9738 NA
14677 9738 NA
14678 9918 NA
14679 9918 NA
14680 10300 NA
14681 10700 NA
14682 11100 NA
14683 11100 NA
14684 11100 NA
14685 11600 NA
14686 11600 NA
14687 12100 NA
14688 12100 NA
14689 12600 NA
14690 13200 NA
14691 13200 NA
14692 13200 NA
14693 13800 NA
14694 14300 NA
14695 14300 NA
14696 14900 NA
14697 14900 NA
14698 15600 NA
14699 15600 NA
14700 16300 NA
14701 16300 NA
14702 17000 NA
14703 17000 NA
14704 17800 NA
14705 18500 NA
14706 18500 NA
14707 18500 NA
14708 19200 NA
14709 19200 NA
14710 20100 NA
14711 20100 NA
14712 20900 NA
14713 20900 NA
14714 20900 NA
14715 21800 NA
14716 21800 NA
14717 22600 NA
14718 22600 NA
14719 22600 NA
14720 23400 NA
14721 23400 NA
14722 24300 NA
14723 24300 NA
14724 25300 NA
14725 25300 NA
14726 26400 NA
14727 26400 NA
14728 26400 NA
14729 27200 NA
14730 27200 NA
14731 27700 NA
14732 28500 NA
14733 28500 NA
14734 28500 NA
14735 28500 NA
14736 29600 NA
14737 29600 NA
14738 29200 NA
14739 29200 NA
14740 29200 NA
14741 28000 NA
14742 28000 NA
14743 26800 NA
14744 26800 NA
14745 25500 NA
14746 24500 NA
14747 24500 NA
14748 23500 NA
14749 23500 NA
14750 22600 NA
14751 22600 NA
14752 21600 NA
14753 21600 NA
14754 20700 NA
14755 20700 NA
14756 20700 NA
14757 19800 NA
14758 19000 NA
14759 18300 NA
14760 18300 NA
14761 17400 NA
14762 17400 NA
14763 17400 NA
14764 16500 NA
14765 16500 NA
14766 15800 NA
14767 15200 NA
14768 14400 NA
14769 14400 NA
14770 14400 NA
14771 13800 NA
14772 13800 NA
14773 13200 NA
14774 13200 NA
14775 12700 NA
14776 12600 NA
14777 12600 NA
14778 12600 NA
14779 12600 NA
14780 12400 NA
14781 12400 NA
14782 12200 NA
14783 12200 NA
14784 12100 NA
14785 12100 NA
14786 11500 NA
14787 11500 NA
14788 11500 NA
14789 11800 NA
14790 12300 NA
14791 12300 NA
14792 12800 NA
14793 12800 NA
14794 13000 NA
14795 13000 NA
14796 13000 NA
14797 13500 NA
14798 14000 NA
14799 14200 NA
14800 14200 NA
14801 14500 NA
14802 14500 NA
14803 14900 NA
14804 14900 NA
14805 14800 NA
14806 14800 NA
14807 14600 NA
14808 14600 NA
14809 14200 NA
14810 13900 NA
14811 13900 NA
14812 14100 NA
14813 14200 NA
14814 14200 NA
14815 14300 NA
14816 14300 NA
14817 14600 NA
14818 14600 NA
14819 15000 NA
14820 15000 NA
14821 15700 NA
14822 15700 NA
14823 16300 NA
14824 16300 NA
14825 16500 NA
14826 16000 NA
14827 16000 NA
14828 15200 NA
14829 15200 NA
14830 14400 NA
14831 14000 NA
14832 13500 NA
14833 13500 NA
14834 12800 NA
14835 12400 NA
14836 11800 NA
14837 11300 NA
14838 10800 NA
14839 10800 NA
14840 10400 NA
14841 10400 NA
14842 9937 NA
14843 9549 NA
14844 9549 NA
14845 9231 NA
14846 9231 NA
14847 8982 NA
14848 8919 NA
14849 8919 NA
14850 8920 NA
14851 8920 NA
14852 8865 NA
14853 8865 NA
14854 8865 NA
14855 8795 NA
14856 9028 NA
14857 9334 NA
14858 9334 NA
14859 9585 NA
14860 9585 NA
14861 9585 NA
14862 9810 NA
14863 9810 NA
14864 9943 NA
14865 9943 NA
14866 9673 NA
14867 9673 NA
14868 9569 NA
14869 9569 NA
14870 9249 NA
14871 9249 NA
14872 9295 NA
14873 9295 NA
14874 9248 NA
14875 9248 NA
14876 9248 NA
14877 9592 NA
14878 9592 NA
14879 9946 NA
14880 9946 NA
14881 9946 NA
14882 10200 NA
14883 10200 NA
14884 10000 NA
14885 10000 NA
14886 9848 NA
14887 9848 NA
14888 9848 NA
14889 9896 NA
14890 9896 NA
14891 9896 NA
14892 10200 NA
14893 10200 NA
14894 10200 NA
14895 10200 NA
14896 10200 NA
14897 10100 NA
14898 10100 NA
14899 10100 NA
14900 9810 NA
14901 9810 NA
14902 9810 NA
14903 9849 NA
14904 9849 NA
14905 9849 NA
14906 9525 NA
14907 9516 NA
14908 9516 NA
14909 9516 NA
14910 9602 NA
14911 10100 NA
14912 10100 NA
14913 10500 NA
14914 10500 NA
14915 10500 NA
14916 10800 NA
14917 10800 NA
14918 10800 NA
14920 11200 NA
14921 11700 NA
14922 11700 NA
14923 11700 NA
14924 12300 NA
14925 12300 NA
14926 12300 NA
14927 12700 NA
14928 12700 NA
14929 12700 NA
14930 13300 NA
14931 13300 NA
14932 13300 NA
14933 13900 NA
14934 13900 NA
14935 13900 NA
14936 14400 NA
14937 14400 NA
14938 15000 NA
14939 15000 NA
14940 15000 NA
14941 15200 NA
14942 15200 NA
14943 15200 NA
14944 15600 NA
14945 15600 NA
14946 15600 NA
14947 15900 NA
14948 15900 NA
14949 16300 NA
14950 16300 NA
14951 16300 NA
14952 16300 NA
14953 16300 NA
14954 16300 NA
14955 15900 NA
14956 15900 NA
14957 15900 NA
14958 16200 NA
14959 16200 NA
14960 16800 NA
14961 16800 NA
14962 17400 NA
14963 17400 NA
14964 17400 NA
14965 17600 NA
14966 17600 NA
14967 17200 NA
14968 17200 NA
14969 17200 NA
14970 17000 NA
14971 17000 NA
14972 16800 NA
14973 16800 NA
14974 16300 NA
14975 16300 NA
14979 15900 NA
14981 15300 NA
14984 14700 NA
14985 14700 NA
14986 14100 NA
14987 14100 NA
14988 13400 NA
14990 13400 NA
14991 12800 NA
14992 12300 NA
14995 11700 NA
14996 11200 NA
14998 10800 NA
15000 10400 NA
15001 10400 NA
15003 9960 NA
15005 9787 NA
15007 9940 NA
15009 9668 NA
15011 9316 NA
15012 9404 NA
15013 9144 NA
15014 9144 NA
15016 8813 NA
15018 8785 NA
15019 8933 NA
15020 9096 NA
15021 9096 NA
15023 9112 NA
15025 9331 NA
15026 9479 NA
15028 9419 NA
15029 9652 NA
15031 9674 NA
15032 9596 NA
15033 9671 NA
15036 9889 NA
15037 9889 NA
15038 10200 NA
15039 10400 NA
15042 10600 NA
15044 10700 NA
15046 11200 NA
15047 11200 NA
15048 11500 NA
15049 11500 NA
15050 11600 NA
15052 11600 NA
15054 11400 NA
15055 11600 NA
15058 11900 NA
15060 12200 NA
15061 12400 NA
15063 12500 NA
15067 12500 NA
15070 12400 NA
15072 12500 NA
15073 12500 NA
15076 12000 NA
15080 12000 NA
15085 11900 NA
15087 12000 NA
15089 12100 NA
15090 12100 NA
15091 12000 NA
15093 11600 NA
15094 11600 NA
15095 11300 NA
15096 11000 NA
15097 11000 NA
15098 10800 NA
15101 10900 NA
15103 11000 NA
15106 11000 NA
15107 11200 NA
15109 11400 NA
15110 11600 NA
15114 11900 NA
15115 12100 NA
15116 12100 NA
15119 12000 NA
15120 12000 NA
15121 12100 NA
15122 12100 NA
15123 12000 NA
15125 12100 NA
15128 12200 NA
15130 12100 NA
15132 11800 NA
15133 11500 NA
15136 11300 NA
15140 11400 NA
15143 11500 NA
15145 11900 NA
15147 12100 NA
15149 12300 NA
15150 12500 NA
15154 12200 NA
15156 12100 NA
15157 12100 NA
15158 11800 NA
15159 11300 NA
15161 10800 NA
15163 10400 NA
15164 10400 NA
15165 10100 NA
15168 9426 NA
15170 9165 NA
15172 8923 NA
15175 8716 NA
15177 8771 NA
15178 8771 NA
15179 8839 NA
15182 8779 NA
15184 8822 NA
15185 8822 NA
15186 8879 NA
15187 8868 NA
15189 8805 NA
15191 8930 NA
15193 8978 NA
15194 9015 NA
15196 9059 NA
15197 9193 NA
15199 9267 NA
15204 9043 NA
15207 9121 NA
15208 8995 NA
15210 8891 NA
15212 8956 NA
15214 9135 NA
15217 9331 NA
15219 9574 NA
15221 9574 NA
15222 9749 NA
15224 9842 NA
15227 9730 NA
15231 9722 NA
15232 9728 NA
15233 9728 NA
15235 9656 NA
15238 9562 NA
15240 9756 NA
15242 9756 NA
15243 9975 NA
15244 9975 NA
15247 10100 NA
15248 10300 NA
15250 10300 NA
15254 10600 NA
15256 10800 NA
15258 10800 NA
15261 11200 NA
15264 11400 NA
15268 11800 NA
15270 12300 NA
15271 12300 NA
15273 12400 NA
15275 12500 NA
15277 12500 NA
15280 12200 NA
15283 12200 NA
15284 11700 NA
15287 11400 NA
15291 11300 NA
15294 11100 NA
15295 11100 NA
15297 10900 NA
15302 11100 NA
15304 11100 NA
15306 11000 NA
15307 11000 NA
15310 10900 NA
15312 10900 NA
15313 10813 NA
15315 10813 NA
15316 10950 NA
15318 10950 NA
15319 10752 NA
15321 10752 NA
15322 10877 NA
15324 10877 NA
15325 10955 NA
15326 10955 NA
15327 10895 NA
15328 10895 NA
15329 11075 NA
15331 11075 NA
15332 11034 NA
15333 11034 NA
15334 10962 NA
15335 10962 NA
15336 10755 NA
15337 10755 NA
15338 10655 NA
15340 10655 NA
15341 10675 NA
15342 10675 NA
15343 10675 NA
15344 10480 NA
15345 10480 NA
15346 10480 NA
15347 10388 NA
15348 10388 NA
15349 10438 NA
15350 10438 NA
15351 10438 NA
15352 10514 NA
15353 10514 NA
15354 10428 NA
15355 10428 NA
15356 10273 NA
15357 10273 NA
15358 10273 NA
15359 10098 NA
15360 10098 NA
15361 10098 NA
15362 9875 NA
15363 9875 NA
15364 9875 NA
15365 9752 NA
15366 9752 NA
15367 9496 NA
15368 9496 NA
15369 9143 NA
15370 9143 NA
15371 9143 NA
15372 9017 NA
15373 9017 NA
15374 9005 NA
15375 9005 NA
15376 9005 NA
15377 8703 NA
15378 8703 NA
15379 8762 NA
15380 8762 NA
15381 8762 NA
15382 8665 NA
15383 8845 NA
15384 8845 NA
15385 8845 NA
15386 8845 NA
15387 8959 NA
15388 8959 NA
15389 8959 NA
15390 8959 NA
15391 9065 NA
15392 9065 NA
15393 9065 NA
15394 9254 NA
15395 9254 NA
15396 9254 NA
15397 9397 NA
15398 9397 NA
15399 9397 NA
15400 9677 NA
15401 9677 NA
15402 9677 NA
15403 9898 NA
15404 9898 NA
15405 9898 NA
15406 10164 NA
15407 10520 NA
15408 10520 NA
15409 10818 NA
15410 10818 NA
15411 10742 NA
15412 10742 NA
15413 10815 NA
15414 10815 NA
15415 10974 NA
15416 10974 NA
15417 11220 NA
15418 11220 NA
15419 11533 NA
15420 11533 NA
15421 11940 NA
15422 12111 NA
15423 12282 NA
15424 12454 NA
15425 12625 NA
15426 12796 NA
15427 13207 NA
15428 13207 NA
15429 13207 NA
15430 13488 NA
15431 13488 NA
15432 13496 NA
15433 13496 NA
15434 13939 NA
15435 13939 NA
15436 14055 NA
15437 14055 NA
15438 14084 NA
15439 14084 NA
15440 14074 NA
15441 14074 NA
15442 14003 NA
15443 14003 NA
15444 14003 NA
15445 13670 NA
15446 13670 NA
15447 13642 NA
15448 13642 NA
15449 13642 NA
15450 13553 NA
15451 13553 NA
15452 13390 NA
15453 13390 NA
15454 13390 NA
15455 13290 NA
15456 13290 NA
15457 13290 NA
15458 12868 NA
15459 12868 NA
15460 12377 NA
15461 12377 NA
15462 12036 NA
15463 12036 NA
15464 12036 NA
15465 11492 NA
15466 11492 NA
15467 11112 NA
15468 11112 NA
15469 10635 NA
15470 10635 NA
15471 10277 NA
15472 10277 NA
15473 10072 NA
15474 10072 NA
15475 9818 NA
15476 9818 NA
15477 9818 NA
15478 9405 NA
15479 9405 NA
15480 9150 NA
15481 9150 NA
15482 8930 NA
15483 8930 NA
15484 8755 NA
15485 8755 NA
15486 8693 NA
15487 8693 NA
15488 8700 NA
15489 8700 NA
15490 8686 NA
15491 8686 NA
15492 8859 NA
15493 8859 NA
15494 8969 NA
15495 9180 NA
15496 9180 NA
15497 9095 NA
15498 9095 NA
15499 9299 NA
15500 9299 NA
15501 9432 NA
15502 9432 NA
15503 9390 NA
15504 9390 NA
15505 9553 NA
15506 9553 NA
15507 9583 NA
15508 9583 NA
15509 9756 NA
15510 9756 NA
15511 9776 NA
15512 9776 NA
15513 9797 NA
15514 9797 NA
15515 9751 NA
15516 9751 NA
15517 9912 NA
15518 9912 NA
15519 9772 NA
15520 9772 NA
15521 9619 NA
15522 9619 NA
15523 9573 NA
15524 9573 NA
15525 9626 NA
15526 9626 NA
15527 9647 NA
15528 9647 NA
15529 9747 NA
15530 9747 NA
15531 9852 NA
15532 9852 NA
15533 9937 NA
15534 9937 NA
15535 9893 NA
15536 9893 NA
15537 9830 NA
15538 9830 NA
15539 9650 NA
15540 9650 NA
15541 9650 NA
15542 9455 NA
15543 9455 NA
15544 9455 NA
15545 9239 NA
15546 9239 NA
15547 9234 NA
15548 9234 NA
15549 9074 NA
15550 9074 NA
15551 8863 NA
15552 8863 NA
15553 8656 NA
15554 8800 NA
15555 8800 NA
15556 8975 NA
15557 8975 NA
15558 9270 NA
15559 9270 NA
15560 9317 NA
15561 9317 NA
15562 9317 NA
15563 9272 NA
15564 9272 NA
15565 9272 NA
15566 9395 NA
15567 9395 NA
15568 9640 NA
15569 9640 NA
15570 9753 NA
15571 9753 NA
15572 9753 NA
15573 9920 NA
15574 9920 NA
15575 9696 NA
15576 9696 NA
15577 9696 NA
15578 9600 NA
15579 9600 NA
15580 9465 NA
15581 9465 NA
15582 9538 NA
15583 9538 NA
15584 9538 NA
15585 9554 NA
15586 9554 NA
15587 9663 NA
15588 9663 NA
15589 9757 NA
15590 9757 NA
15591 9723 NA
15592 9723 NA
15593 9582 NA
15594 9582 NA
15595 9582 NA
15596 9449 NA
15597 9449 NA
15598 9487 NA
15599 9487 NA
15600 9487 NA
15601 9483 NA
15602 9483 NA
15603 9483 NA
15604 9483 NA
15605 9624 NA
15606 9624 NA
15607 9624 NA
15608 9704 NA
15609 9704 NA
15610 9704 NA
15611 9704 NA
15612 9463 NA
15613 9463 NA
15614 9463 NA
15615 9207 NA
15616 9207 NA
15617 9207 NA
15618 8982 NA
15619 8982 NA
15620 8982 NA
15621 8817 NA
15622 8817 NA
15623 8817 NA
15624 8796 NA
15625 8796 NA
15626 8796 NA
15627 8810 NA
15628 8810 NA
15629 8810 NA
15630 8885 NA
15631 8885 NA
15632 8885 NA
15633 8885 NA
15634 8912 NA
15635 8912 NA
15636 8912 NA
15637 9151 NA
15638 9151 NA
15639 9151 NA
15640 9151 NA
15641 9389 NA
15642 9389 NA
15643 9389 NA
15644 9467 NA
15645 9467 NA
15646 9467 NA
15647 9467 NA
15648 9541 NA
15649 9541 NA
15650 9553 NA
15651 9564 NA
15652 9576 NA
15653 9588 NA
15654 9599 NA
15655 9611 NA
15656 9622 NA
15657 9634 NA
15658 9634 NA
15659 9634 NA
15660 9743 NA
15661 9743 NA
15662 9743 NA
15663 9743 NA
15664 10004 NA
15665 10004 NA
15666 10004 NA
15667 10004 NA
15668 10135 NA
15669 10135 NA
15670 10135 NA
15671 10152 NA
15672 10152 NA
15673 10152 NA
15674 10152 NA
15675 10152 NA
15676 9957 NA
15677 9957 NA
15678 9957 NA
15679 9957 NA
15680 9826 NA
15681 9826 NA
15682 9826 NA
15683 9826 NA
15684 9826 NA
15685 9727 NA
15686 9727 NA
15687 9727 NA
15688 9727 NA
15689 9727 NA
15690 9434 NA
15691 9434 NA
15692 9434 NA
15693 9434 NA
15694 9434 NA
15695 9434 NA
15696 9447 NA
15697 9447 NA
15698 9447 NA
15699 9447 NA
15700 9447 NA
15701 9650 NA
15702 9650 NA
15703 9650 NA
15704 9650 NA
15705 9650 NA
15706 9571 NA
15707 9571 NA
15708 9571 NA
15709 9571 NA
15710 9571 NA
15711 9593 NA
15712 9593 NA
15713 9593 NA
15714 9593 NA
15715 9593 NA
15716 9593 NA
15717 9630 NA
15718 9630 NA
15719 9630 NA
15720 9630 NA
15721 9630 NA
15722 9630 NA
15723 9674 NA
15724 9674 NA
15725 9674 NA
15726 9674 NA
15727 9674 NA
15728 9674 NA
15729 9673 NA
15730 9673 NA
15731 9673 NA
15732 9673 NA
15733 9673 NA
15734 9673 NA
15735 9901 NA
15736 9901 NA
15737 9901 NA
15738 9901 NA
15739 9901 NA
15740 9901 NA
15741 9530 NA
15742 9530 NA
15743 9530 NA
15744 9530 NA
15745 9530 NA
15746 9530 NA
15747 9530 NA
15748 9727 NA
15749 9727 NA
15750 9727 NA
15751 9727 NA
15752 9727 NA
15753 9727 NA
15754 10008 NA
15755 10008 NA
15756 10008 NA
15757 10008 NA
15758 10008 NA
15759 10008 NA
15760 10008 NA
15761 10352 NA
15762 10352 NA
15763 10352 NA
15764 10352 NA
15765 10352 NA
15766 10352 NA
15767 10352 NA
15768 10787 NA
15769 10787 NA
15770 10787 NA
15771 10787 NA
15772 10787 NA
15773 10787 NA
15774 11131 NA
15775 11131 NA
15776 11131 NA
15777 11131 NA
15778 11131 NA
15779 11131 NA
15780 11131 NA
15781 11428 NA
15782 11428 NA
15783 11428 NA
15784 11428 NA
15785 11428 NA
15786 11428 NA
15787 11617 NA
15788 11617 NA
15789 11617 NA
15790 11617 NA
15791 11617 NA
15792 11617 NA
15793 11617 NA
15794 11617 NA
15795 11617 NA
15796 11617 NA
15797 11617 NA
15798 11540 NA
15799 11463 NA
15800 11386 NA
15801 11310 NA
15802 11233 NA
15803 11156 NA
15804 11079 NA
15805 11079 NA
15806 11079 NA
15807 11079 NA
15808 11079 NA
15809 11079 NA
15810 10775 NA
15811 10775 NA
15812 10775 NA
15813 10775 NA
15814 10775 NA
15815 10775 NA
15816 10775 NA
15817 10675 NA
15818 10675 NA
15819 10675 NA
15820 10675 NA
15821 10675 NA
15822 10675 NA
15823 10675 NA
15824 10713 NA
15825 10713 NA
15826 10713 NA
15827 10713 NA
15828 10713 NA
15829 10713 NA
15830 10713 NA
15831 10713 NA
15832 11115 NA
15833 11115 NA
15834 11115 NA
15835 11115 NA
15836 11115 NA
15837 11115 NA
15838 11115 NA
15839 11115 NA
15840 11582 NA
15841 11582 NA
15842 11582 NA
15843 11582 NA
15844 11582 NA
15845 11582 NA
15846 11582 NA
15847 11894 NA
15848 11894 NA
15849 11894 NA
15850 11894 NA
15851 11894 NA
15852 11894 NA
15853 11894 NA
15854 11894 NA
15855 12097 NA
15856 12097 NA
15857 12097 NA
15858 12097 NA
15859 12097 NA
15860 12097 NA
15861 12097 NA
15862 12533 NA
15863 12533 NA
15864 12533 NA
15865 12533 NA
15866 12533 NA
15867 12533 NA
15868 12533 NA
15869 12829 NA
15870 12829 NA
15871 12829 NA
15872 12829 NA
15873 12829 NA
15874 12829 NA
15875 13245 NA
15876 13245 NA
15877 13245 NA
15878 13245 NA
15879 13245 NA
15880 13245 NA
15881 13245 NA
15882 13770 NA
15883 13770 NA
15884 13770 NA
15885 13770 NA
15886 13770 NA
15887 13770 NA
15888 14270 NA
15889 14270 NA
15890 14270 NA
15891 14270 NA
15892 14270 NA
15893 14270 NA
15894 14716 NA
15895 14716 NA
15896 14716 NA
15897 14716 NA
15898 14716 NA
15899 14716 NA
15900 14716 NA
15901 15103 NA
15902 15103 NA
15903 15066 NA
15904 15029 NA
15905 14992 NA
15906 14955 NA
15907 14918 NA
15908 14881 NA
15909 14881 NA
15910 14881 NA
15911 14881 NA
15912 14881 NA
15913 14881 NA
15914 14881 NA
15915 15007 NA
15916 15007 NA
15917 15007 NA
15918 15007 NA
15919 15007 NA
15920 15007 NA
15921 15007 NA
15922 15209 NA
15923 15209 NA
15924 15209 NA
15925 15209 NA
15926 15209 NA
15927 15209 NA
15928 15209 NA
15929 15209 NA
15930 14936 NA
15931 14936 NA
15932 14936 NA
15933 14936 NA
15934 14936 NA
15935 14936 NA
15936 14936 NA
15937 14936 NA
15938 14936 NA
15939 14758 NA
15940 14758 NA
15941 14758 NA
15942 14758 NA
15943 14758 NA
15944 14758 NA
15945 14758 NA
15946 14758 NA
15947 14758 NA
15948 14758 NA
15949 14932 NA
15950 14932 NA
15951 14932 NA
15952 14932 NA
15953 14932 NA
15954 14932 NA
15955 14932 NA
15956 14932 NA
15957 14932 NA
15958 14932 NA
15959 14932 NA
15960 14932 NA
15961 14932 NA
15962 15208 NA
15963 15208 NA
15964 15208 NA
15965 15208 NA
15966 15208 NA
15967 15208 NA
15968 15208 NA
15969 15208 NA
15970 15208 NA
15971 15208 NA
15972 15208 NA
15973 15208 NA
15974 15208 NA
15975 15208 NA
15976 15690 NA
15977 15690 NA
15978 15690 NA
15979 15690 NA
15980 15690 NA
15981 15690 NA
15982 15690 NA
15983 15690 NA
15984 15690 NA
15985 15690 NA
15986 15676 NA
15987 15661 NA
15988 15647 NA
15989 15633 NA
15990 15618 NA
15991 15604 NA
15992 15589 NA
15993 15575 NA
15994 15575 NA
15995 15575 NA
15996 15575 NA
15997 15575 NA
15998 15575 NA
15999 15575 NA
16000 15363 NA
16001 15363 NA
16002 15363 NA
16003 15363 NA
16004 15363 NA
16005 15363 NA
16006 15363 NA
16007 15363 NA
16008 15363 NA
16009 15363 NA
16010 15363 NA
16011 15363 NA
16012 15363 NA
16013 15608 NA
16014 15608 NA
16015 15608 NA
16016 15608 NA
16017 15608 NA
16018 15608 NA
16019 15608 NA
16020 15608 NA
16021 15608 NA
16022 15608 NA
16023 15608 NA
16024 15608 NA
16025 15540 NA
16026 15540 NA
16027 15540 NA
16028 15540 NA
16029 15540 NA
16030 15540 NA
16031 15540 NA
16032 15540 NA
16033 15540 NA
16034 15540 NA
16035 15604 NA
16036 15668 NA
16037 15732 NA
16038 15795 NA
16039 15859 NA
16040 15923 NA
16041 15987 NA
16042 15987 NA
16043 15987 NA
16044 15987 NA
16045 15987 NA
16046 15987 NA
16047 16438 NA
16048 16438 NA
16049 16438 NA
16050 16438 NA
16051 16438 NA
16052 16438 NA
16053 16438 NA
16054 16438 NA
16055 16438 NA
16056 16438 NA
16057 16438 NA
16058 17082 NA
16059 17082 NA
16060 17082 NA
16061 17082 NA
16062 17082 NA
16063 17082 NA
16064 17082 NA
16065 17082 NA
16066 17082 NA
16067 17082 NA
16068 17632 NA
16069 17632 NA
16070 17632 NA
16071 17632 NA
16072 17632 NA
16073 17632 NA
16074 17632 NA
16075 17632 NA
16076 17632 NA
16077 18427 NA
16078 18427 NA
16079 18427 NA
16080 18427 NA
16081 18427 NA
16082 18427 NA
16083 18427 NA
16084 18427 NA
16085 18427 NA
16086 18427 NA
16087 19260 NA
16088 19260 NA
16089 19260 NA
16090 19260 NA
16091 19260 NA
16092 19260 NA
16093 19260 NA
16094 19260 NA
16095 19260 NA
16096 20141 NA
16097 20141 NA
16098 20141 NA
16099 20141 NA
16100 20141 NA
16101 20141 NA
16102 20141 NA
16103 20141 NA
16104 21038 NA
16105 21038 NA
16106 21038 NA
16107 21038 NA
16108 21038 NA
16109 21038 NA
16110 21038 NA
16111 21038 NA
16112 21957 NA
16113 21957 NA
16114 21957 NA
16115 21957 NA
16116 21957 NA
16117 21957 NA
16118 21957 NA
16119 21957 NA
16120 21957 NA
16121 22662 NA
16122 22662 NA
16123 22662 NA
16124 22662 NA
16125 22662 NA
16126 22662 NA
16127 22662 NA
16128 22662 NA
16129 23162 NA
16130 23162 NA
16131 23162 NA
16132 23162 NA
16133 23162 NA
16134 23162 NA
16135 23162 NA
16136 23162 NA
16137 24182 NA
16138 24182 NA
16139 24182 NA
16140 24182 NA
16141 24182 NA
16142 24182 NA
16143 24182 NA
16144 24182 NA
16145 24182 NA
16146 25202 NA
16147 25202 NA
16148 25202 NA
16149 25202 NA
16150 25202 NA
16151 25202 NA
16152 25202 NA
16153 25202 NA
16154 25202 NA
16155 26123 NA
16156 26123 NA
16157 26123 NA
16158 26123 NA
16159 26123 NA
16160 26123 NA
16161 26123 NA
16162 26123 NA
16163 26123 NA
16164 26123 NA
16165 26704 NA
16166 26704 NA
16167 26704 NA
16168 26704 NA
16169 26704 NA
16170 26704 NA
16171 26704 NA
16172 26704 NA
16173 26704 NA
16174 27083 NA
16175 27083 NA
16176 27083 NA
16177 27083 NA
16178 27083 NA
16179 27083 NA
16180 27083 NA
16181 27083 NA
16182 27083 NA
16183 26600 NA
16184 26600 NA
16185 26600 NA
16186 26600 NA
16187 26600 NA
16188 26600 NA
16189 26600 NA
16190 26600 NA
16191 26600 NA
16192 26600 NA
16193 25614 NA
16194 25614 NA
16195 25614 NA
16196 25614 NA
16197 25614 NA
16198 25614 NA
16199 25614 NA
16200 25614 NA
16201 25040 NA
16202 25040 NA
16203 25040 NA
16204 25040 NA
16205 25040 NA
16206 25040 NA
16207 25040 NA
16208 25040 NA
16209 25040 NA
16210 25040 NA
16211 24372 NA
16212 24372 NA
16213 24372 NA
16214 24372 NA
16215 24372 NA
16216 24372 NA
16217 24372 NA
16218 24372 NA
16219 24372 NA
16220 24372 NA
16221 23427 NA
16222 23427 NA
16223 23427 NA
16224 23427 NA
16225 23427 NA
16226 23427 NA
16227 23427 NA
16228 23427 NA
16229 23427 NA
16230 22667 NA
16231 22667 NA
16232 22667 NA
16233 22667 NA
16234 22667 NA
16235 22667 NA
16236 22667 NA
16237 22667 NA
16238 22667 NA
16239 22268 NA
16240 22268 NA
16241 22268 NA
16242 22268 NA
16243 22268 NA
16244 22268 NA
16245 22268 NA
16246 22268 NA
16247 22268 NA
16248 21586 NA
16249 21586 NA
16250 21586 NA
16251 21586 NA
16252 21586 NA
16253 21586 NA
16254 21586 NA
16255 21586 NA
16256 21086 NA
16257 21086 NA
16258 21086 NA
16259 21086 NA
16260 21086 NA
16261 21086 NA
16262 21086 NA
16263 21086 NA
16264 20769 NA
16265 20769 NA
16266 20769 NA
16267 20769 NA
16268 20769 NA
16269 20769 NA
16270 20338 NA
16271 20338 NA
16272 20338 NA
16273 20338 NA
16274 20338 NA
16275 20338 NA
16276 20338 NA
16277 19688 NA
16278 19688 NA
16279 19688 NA
16280 19688 NA
16281 19688 NA
16282 19065 NA
16283 19065 NA
16284 19065 NA
16285 19065 NA
16286 19065 NA
16287 19065 NA
16288 18493 NA
16289 18493 NA
16290 18493 NA
16291 18493 NA
16292 18493 NA
16293 18493 NA
16294 17832 NA
16295 17832 NA
16296 17832 NA
16297 17832 NA
16298 17832 NA
16299 17832 NA
16300 17160 NA
16301 17160 NA
16302 17160 NA
16303 17160 NA
16304 17160 NA
16305 17160 NA
16306 17160 NA
16307 16471 NA
16308 16471 NA
16309 16471 NA
16310 16471 NA
16311 16471 NA
16312 16471 NA
16313 16471 NA
16314 15813 NA
16315 15813 NA
16316 15813 NA
16317 15813 NA
16318 15813 NA
16319 15813 NA
16320 15813 NA
16321 15813 NA
16322 15195 NA
16323 15195 NA
16324 15195 NA
16325 15195 NA
16326 15195 NA
16327 15195 NA
16328 15195 NA
16329 15195 NA
16330 15195 NA
16331 14639 NA
16332 14639 NA
16333 14639 NA
16334 14639 NA
16335 14639 NA
16336 14639 NA
16337 14639 NA
16338 14639 NA
16339 14130 NA
16340 14130 NA
16341 14130 NA
16342 14130 NA
16343 14130 NA
16344 14130 NA
16345 14130 NA
16346 14130 NA
16347 14130 NA
16348 13757 NA
16349 13757 NA
16350 13757 NA
16351 13757 NA
16352 13757 NA
16353 13757 NA
16354 13757 NA
16355 13757 NA
16356 13757 NA
16357 13581 NA
16358 13581 NA
16359 13581 NA
16360 13581 NA
16361 13581 NA
16362 13581 NA
16363 13581 NA
16364 13581 NA
16365 13581 NA
16366 13581 NA
16367 13337 NA
16368 13337 NA
16369 13337 NA
16370 13337 NA
16371 13337 NA
16372 13337 NA
16373 13337 NA
16374 13337 NA
16375 13337 NA
16376 13337 NA
16377 13091 NA
16378 13091 NA
16379 13091 NA
16380 13091 NA
16381 13091 NA
16382 13091 NA
16383 13091 NA
16384 13091 NA
16385 13091 NA
16386 12866 NA
16387 12866 NA
16388 12866 NA
16389 12866 NA
16390 12866 NA
16391 12866 NA
16392 12866 NA
16393 12866 NA
16394 12519 NA
16395 12519 NA
16396 12519 NA
16397 12519 NA
16398 12519 NA
16399 12519 NA
16400 11991 NA
16401 11991 NA
16402 11991 NA
16403 11991 NA
16404 11991 NA
16405 11991 NA
16406 11497 NA
16407 11497 NA
16408 11497 NA
16409 11497 NA
16410 11497 NA
16411 11497 NA
16412 11497 NA
16413 11040 NA
16414 11040 NA
16415 11040 NA
16416 11040 NA
16417 11040 NA
16418 11040 NA
16419 11040 NA
16420 11040 NA
16421 10630 NA
16422 10630 NA
16423 10630 NA
16424 10630 NA
16425 10630 NA
16426 10630 NA
16427 10630 NA
16428 10239 NA
16429 10239 NA
16430 10239 NA
16431 10239 NA
16432 10239 NA
16433 10239 NA
16434 10239 NA
16435 9851 NA
16436 9851 NA
16437 9851 NA
16438 9851 NA
16439 9851 NA
16440 9851 NA
16441 9851 NA
16442 9851 NA
16443 9532 NA
16444 9532 NA
16445 9532 NA
16446 9532 NA
16447 9532 NA
16448 9532 NA
16449 9532 NA
16450 9171 NA
16451 9171 NA
16452 9171 NA
16453 9171 NA
16454 9171 NA
16455 9171 NA
16456 9171 NA
16457 8886 NA
16458 8886 NA
16459 8886 NA
16460 8886 NA
16461 8886 NA
16462 8886 NA
16463 8886 NA
16464 8886 NA
16465 8549 NA
16466 8549 NA
16467 8549 NA
16468 8549 NA
16469 8549 NA
16470 8549 NA
16471 8549 NA
16472 8210 NA
16473 8210 NA
16474 8210 NA
16475 8210 NA
16476 8210 NA
16477 8210 NA
16478 8210 NA
16479 8210 NA
16480 8032 NA
16481 8032 NA
16482 8032 NA
16483 8032 NA
16484 8032 NA
16485 8032 NA
16486 7986 NA
16487 7986 NA
16488 7986 NA
16489 7986 NA
16490 7986 NA
16491 7986 NA
16492 7986 NA
16493 7986 NA
16494 7941 NA
16495 7941 NA
16496 7941 NA
16497 7941 NA
16498 7941 NA
16499 7941 NA
16500 7941 NA
16501 7902 NA
16502 7902 NA
16503 7902 NA
16504 7902 NA
16505 7902 NA
16506 7902 NA
16507 7902 NA
16508 7902 NA
16509 7898 NA
16510 7898 NA
16511 7898 NA
16512 7898 NA
16513 7898 NA
16514 7898 NA
16515 7898 NA
16516 7898 NA
16517 8033 NA
16518 8033 NA
16519 8033 NA
16520 8033 NA
16521 8033 NA
16522 8033 NA
16523 8033 NA
16524 8033 NA
16525 8033 NA
16526 8149 NA
16527 8149 NA
16528 8149 NA
16529 8149 NA
16530 8149 NA
16531 8149 NA
16532 8149 NA
16533 8149 NA
16534 8149 NA
16535 8100 NA
16536 8100 NA
16537 8100 NA
16538 8100 NA
16539 8100 NA
16540 8100 NA
16541 8100 NA
16542 8100 NA
16543 8100 NA
16544 8089 NA
16545 8089 NA
16546 8089 NA
16547 8089 NA
16548 8089 NA
16549 8089 NA
16550 8089 NA
16551 8089 NA
16552 8089 NA
16553 8089 NA
16554 8089 NA
16555 8077 NA
16556 8077 NA
16557 8077 NA
16558 8077 NA
16559 8077 NA
16560 8077 NA
16561 8077 NA
16562 8077 NA
16563 8077 NA
16564 8077 NA
16565 8077 NA
16566 8151 NA
16567 8151 NA
16568 8151 NA
16569 8151 NA
16570 8151 NA
16571 8151 NA
16572 8151 NA
16573 8151 NA
16574 8151 NA
16575 8140 NA
16576 8140 NA
16577 8140 NA
16578 8140 NA
16579 8140 NA
16580 8140 NA
16581 8140 NA
16582 8140 NA
16583 8140 NA
16584 8140 NA
16585 8137 NA
16586 8137 NA
16587 8137 NA
16588 8137 NA
16589 8137 NA
16590 8137 NA
16591 8137 NA
16592 8137 NA
16593 8137 NA
16594 8137 NA
16595 8322 NA
16596 8322 NA
16597 8322 NA
16598 8322 NA
16599 8322 NA
16600 8322 NA
16601 8322 NA
16602 8322 NA
16603 8322 NA
16604 8322 NA
16605 8322 NA
16606 8581 NA
16607 8581 NA
16608 8581 NA
16609 8581 NA
16610 8581 NA
16611 8581 NA
16612 8581 NA
16613 8581 NA
16614 8581 NA
16615 8581 NA
16616 8581 NA
16617 8581 NA
16618 8581 NA
16619 8581 NA
16620 8914 NA
16621 8914 NA
16622 8914 NA
16623 8914 NA
16624 8914 NA
16625 8914 NA
16626 8914 NA
16627 8914 NA
16628 8914 NA
16629 8914 NA
16630 8914 NA
16631 8914 NA
16632 8914 NA
16633 9134 NA
16634 9134 NA
16635 9134 NA
16636 9134 NA
16637 9134 NA
16638 9134 NA
16639 9134 NA
16640 9134 NA
16641 9134 NA
16642 9134 NA
16643 9134 NA
16644 9134 NA
16645 9359 NA
16646 9359 NA
16647 9359 NA
16648 9359 NA
16649 9359 NA
16650 9359 NA
16651 9359 NA
16652 9359 NA
16653 9359 NA
16654 9359 NA
16655 9359 NA
16656 9616 NA
16657 9616 NA
16658 9616 NA
16659 9616 NA
16660 9616 NA
16661 9616 NA
16662 9616 NA
16663 9616 NA
16664 9616 NA
16665 9616 NA
16666 9616 NA
16668 9260 NA
16669 9260 NA
16670 9260 NA
16671 9260 NA
16672 9260 NA
16673 9260 NA
16674 9260 NA
16675 9260 NA
16676 9260 NA
16677 9260 NA
16678 9260 NA
16679 9260 NA
16680 9260 NA
16681 9002 NA
16682 9002 NA
16683 9002 NA
16684 9002 NA
16685 9002 NA
16686 9002 NA
16687 9002 NA
16688 9002 NA
16689 9002 NA
16690 9002 NA
16691 9002 NA
16692 9002 NA
16693 8782 NA
16694 8782 NA
16695 8782 NA
16696 8782 NA
16697 8782 NA
16698 8782 NA
16699 8782 NA
16700 8782 NA
16701 8782 NA
16702 8782 NA
16703 8782 NA
16704 8782 NA
16705 8782 NA
16706 8782 NA
16707 8525 NA
16708 8525 NA
16709 8525 NA
16710 8525 NA
16711 8525 NA
16712 8525 NA
16715 8525 NA
16717 8525 NA
16719 8288 NA
16720 8288 NA
16721 8288 NA
16722 8288 NA
16723 8288 NA
16724 8288 NA
16725 8288 NA
16726 8288 NA
16727 8288 NA
16728 8288 NA
16729 8288 NA
16730 8288 NA
16731 8277 NA
16732 8277 NA
16733 8277 NA
16734 8277 NA
16735 8277 NA
16736 8277 NA
16737 8277 NA
16738 8277 NA
16739 8277 NA
16740 8277 NA
16741 8277 NA
16742 8277 NA
16743 8127 NA
16744 8127 NA
16745 8127 NA
16746 8127 NA
16747 8127 NA
16748 8127 NA
16749 8127 NA
16750 8127 NA
16751 8127 NA
16752 8127 NA
16753 8127 NA
16754 8127 NA
16755 8127 NA
16756 8127 NA
16757 8215 NA
16759 8215 NA
16760 8215 NA
16761 8215 NA
16762 8215 NA
16763 8215 NA
16764 8215 NA
16765 8215 NA
16766 8215 NA
16767 8215 NA
16768 8215 NA
16769 8215 NA
16770 8215 NA
16771 8485 NA
16772 8485 NA
16773 8485 NA
16774 8485 NA
16775 8485 NA
16776 8485 NA
16777 8485 NA
16778 8485 NA
16779 8485 NA
16780 8485 NA
16781 8485 NA
16782 8485 NA
16783 8369 NA
16784 8369 NA
16785 8369 NA
16786 8369 NA
16787 8369 NA
16788 8369 NA
16789 8369 NA
16790 8369 NA
16791 8369 NA
16792 8369 NA
16793 8369 NA
16794 8369 NA
16795 8378 NA
16796 8378 NA
16797 8378 NA
16798 8378 NA
16799 8378 NA
16800 8378 NA
16801 8378 NA
16802 8378 NA
16803 8378 NA
16804 8702 NA
16805 8702 NA
16807 8702 NA
16808 8702 NA
16809 8702 NA
16810 8702 NA
16811 8702 NA
16812 8702 NA
16813 8702 NA
16814 8702 NA
16815 8702 NA
16816 8702 NA
16817 9106 NA
16818 9106 NA
16820 9106 NA
16821 9106 NA
16822 9106 NA
16823 9106 NA
16824 9106 NA
16825 9106 NA
16826 9106 NA
16827 9418 NA
16828 9418 NA
16829 9418 NA
16830 9418 NA
16831 9418 NA
16832 9418 NA
16833 9418 NA
16834 9418 NA
16835 9418 NA
16836 9820 NA
16837 9820 NA
16838 9820 NA
16839 9820 NA
16840 9820 NA
16841 9820 NA
16842 9820 NA
16843 9820 NA
16844 9820 NA
16845 9820 NA
16847 9820 NA
16849 10206 NA
16850 10206 NA
16851 10206 NA
16852 10206 NA
16853 10206 NA
16854 10206 NA
16855 10206 NA
16856 10206 NA
16857 10206 NA
16858 10206 NA
16859 10206 NA
16860 10581 NA
16861 10581 NA
16862 10581 NA
16863 10581 NA
16864 10581 NA
16865 10581 NA
16866 10581 NA
16867 10581 NA
16869 10581 NA
16870 10581 NA
16871 10581 NA
16872 10778 NA
16873 10778 NA
16874 10778 NA
16875 10778 NA
16876 10778 NA
16878 10778 NA
16879 10778 NA
16880 10778 NA
16881 10778 NA
16882 10778 NA
16883 10778 NA
16884 10874 NA
16885 10874 NA
16886 10874 NA
16887 10874 NA
16888 10874 NA
16889 10874 NA
16890 10874 NA
16891 10874 NA
16892 10874 NA
16893 10874 NA
16894 10874 NA
16895 10998 NA
16896 10998 NA
16897 10998 NA
16898 10998 NA
16899 10998 NA
16900 10998 NA
16901 10998 NA
16902 10998 NA
16903 10998 NA
16904 10998 NA
16905 10998 NA
16906 10998 NA
16907 11259 NA
16908 11259 NA
16909 11259 NA
16910 11259 NA
16911 11259 NA
16912 11259 NA
16913 11259 NA
16914 11259 NA
16915 11259 NA
16916 11259 NA
16917 11259 NA
16918 11259 NA
16919 11556 NA
16920 11556 NA
16921 11556 NA
16922 11556 NA
16923 11556 NA
16924 11556 NA
16925 11556 NA
16926 11556 NA
16927 11556 NA
16928 11556 NA
16929 11556 NA
16930 11578 NA
16931 11578 NA
16932 11578 NA
16933 11578 NA
16934 11578 NA
16935 11578 NA
16937 11578 NA
16938 11578 NA
16939 11578 NA
16940 11578 NA
16941 11578 NA
16942 11578 NA
16943 12111 NA
16944 12111 NA
16945 12111 NA
16946 12111 NA
16949 12111 NA
16950 12111 NA
16951 12111 NA
16952 12111 NA
16953 12111 NA
16954 12621 NA
16955 12621 NA
16956 12621 NA
16957 12621 NA
16958 12621 NA
16959 12621 NA
16960 12621 NA
16966 13016 NA
16968 13016 NA
16969 13016 NA
16970 13016 NA
16971 13016 NA
16972 13016 NA
16974 13016 NA
16975 13016 NA
16976 13016 NA
16977 13016 NA
16978 13349 NA
16979 13349 NA
16980 13349 NA
16981 13349 NA
16982 13349 NA
16984 13349 NA
16985 13349 NA
16986 13349 NA
16987 13349 NA
16988 13349 NA
16989 13349 NA
16990 13789 NA
16991 13789 NA
16992 13789 NA
16993 13789 NA
16994 13789 NA
16999 13789 NA
17000 13789 NA
17001 13789 NA
17006 14254 NA
17007 14254 NA
17014 14254 NA
17015 14254 NA
17016 14254 NA
17017 14254 NA
17018 14254 NA
17019 14911 NA
17020 14911 NA
17021 14911 NA
17022 14911 NA
17023 14911 NA
17024 14911 NA
17025 14911 NA
17026 14911 NA
17027 14911 NA
17028 14911 NA
17029 14911 NA
17031 14911 NA
17032 14911 NA
17033 14911 NA
17034 15260 NA
17035 15260 NA
17036 15260 NA
17037 15260 NA
17038 15260 NA
17039 15260 NA
17040 15260 NA
17042 15260 NA
17044 15260 NA
17045 15260 NA
17046 15260 NA
17047 15260 NA
17048 15260 NA
17049 15260 NA
17050 15685 NA
17051 15685 NA
17052 15685 NA
17053 15685 NA
17054 15685 NA
17055 15685 NA
17056 15685 NA
17057 15685 NA
17058 15685 NA
17059 15685 NA
17060 15685 NA
17061 15685 NA
17062 15685 NA
17063 15685 NA
17064 15685 NA
17069 16037 NA
17070 16037 NA
17071 16037 NA
17072 16037 NA
17073 16037 NA
17075 16037 NA
17076 16037 NA
17077 16037 NA
17078 16037 NA
17079 15810 NA
17080 15810 NA
17081 15810 NA
17083 15183 NA
17084 15183 NA
17085 15183 NA
17086 15183 NA
17087 15183 NA
17088 15183 NA
17089 14592 NA
17091 14592 NA
17092 14592 NA
17093 14592 NA
17094 14592 NA
17095 14592 NA
17096 14592 NA
17097 14592 NA
17098 14592 NA
17099 14592 NA
17100 14592 NA
17101 14592 NA
17102 14592 NA
17103 14592 NA
17104 13983 NA
17105 13983 NA
17106 13983 NA
17107 13983 NA
17108 13983 NA
17109 13983 NA
17110 13983 NA
17111 13983 NA
17112 13983 NA
17113 13983 NA
17114 13983 NA
17115 13983 NA
17117 13983 NA
17118 13983 NA
17119 13438 NA
17123 13438 NA
17124 13438 NA
17125 13438 NA
17126 13438 NA
17127 13438 NA
17129 13438 NA
17130 13438 NA
17131 13438 NA
17132 13438 NA
17133 13438 NA
17134 13438 NA
17135 12922 NA
17136 12922 NA
17138 12922 NA
17139 12922 NA
17140 12922 NA
17141 12922 NA
17142 12922 NA
17143 12922 NA
17144 12922 NA
17145 12922 NA
17146 12922 NA
17147 12922 NA
17148 12425 NA
17149 12425 NA
