"Index" "Price" "Volume"
14019 27 NA
14020 27 NA
14021 27 NA
14022 27 NA
14023 29 NA
14024 29 NA
14025 29 NA
14026 29 NA
14027 28 NA
14028 28 NA
14029 28 NA
14030 28 NA
14031 29 NA
14032 29 NA
14033 29 NA
14034 29 NA
14035 30 NA
14036 30 NA
14037 30 NA
14038 30 NA
14039 31 NA
14040 31 NA
14041 31 NA
14042 33 NA
14043 33 NA
14044 33 NA
14045 33 NA
14046 33 NA
14047 33 NA
14048 33 NA
14049 34 NA
14050 34 NA
14051 34 NA
14052 35 NA
14053 35 NA
14054 35 NA
14055 36 NA
14056 36 NA
14057 36 NA
14058 36 NA
14059 36 NA
14060 36 NA
14061 37 NA
14062 37 NA
14063 37 NA
14064 37 NA
14065 37 NA
14066 37 NA
14067 37 NA
14068 37 NA
14069 36 NA
14070 36 NA
14071 36 NA
14072 37 NA
14073 37 NA
14074 37 NA
14075 37 NA
14076 38 NA
14077 38 NA
14078 38 NA
14079 38 NA
14080 39 NA
14081 39 NA
14082 39 NA
14083 40 NA
14084 40 NA
14085 40 NA
14086 40 NA
14087 42 NA
14088 42 NA
14089 42 NA
14090 42 NA
14091 42 NA
14092 42 NA
14093 42 NA
14094 44 NA
14095 44 NA
14096 44 NA
14097 44 NA
14098 45 NA
14099 45 NA
14100 45 NA
14101 46 NA
14102 46 NA
14103 46 NA
14104 49 NA
14105 49 NA
14106 49 NA
14107 51 NA
14108 51 NA
14109 52 NA
14110 52 NA
14111 52 NA
14112 52 NA
14113 54 NA
14114 54 NA
14115 54 NA
14116 56 NA
14117 56 NA
14118 56 NA
14119 56 NA
14120 56 NA
14121 56 NA
14122 58 NA
14123 58 NA
14124 58 NA
14125 58 NA
14126 60 NA
14127 60 NA
14128 60 NA
14129 61 NA
14130 61 NA
14131 61 NA
14132 61 NA
14133 61 NA
14134 61 NA
14135 64 NA
14136 64 NA
14137 64 NA
14138 64 NA
14139 66 NA
14140 66 NA
14141 66 NA
14142 68 NA
14143 68 NA
14144 68 NA
14145 68 NA
14146 68 NA
14147 69 NA
14148 69 NA
14149 69 NA
14150 69 NA
14151 69 NA
14152 69 NA
14153 69 NA
14154 69 NA
14155 68 NA
14156 68 NA
14157 68 NA
14158 70 NA
14159 70 NA
14160 70 NA
14161 70 NA
14162 70 NA
14163 69 NA
14164 69 NA
14165 69 NA
14166 70 NA
14167 70 NA
14168 70 NA
14169 70 NA
14170 69 NA
14171 69 NA
14172 69 NA
14173 69 NA
14174 69 NA
14175 71 NA
14176 71 NA
14177 71 NA
14178 71 NA
14179 72 NA
14180 72 NA
14181 72 NA
14182 72 NA
14183 72 NA
14184 71 NA
14185 71 NA
14186 71 NA
14187 68 NA
14188 68 NA
14189 68 NA
14190 68 NA
14191 68 NA
14192 66 NA
14193 66 NA
14194 66 NA
14195 66 NA
14196 67 NA
14197 67 NA
14198 67 NA
14199 67 NA
14200 67 NA
14201 67 NA
14202 67 NA
14203 67 NA
14204 67 NA
14205 67 NA
14206 67 NA
14207 65 NA
14208 65 NA
14209 65 NA
14210 65 NA
14211 61 NA
14212 61 NA
14213 61 NA
14214 61 NA
14215 60 NA
14216 60 NA
14217 60 NA
14218 60 NA
14219 58 NA
14220 58 NA
14221 59 NA
14222 59 NA
14223 59 NA
14224 59 NA
14225 59 NA
14226 58 NA
14227 58 NA
14228 58 NA
14229 58 NA
14230 58 NA
14231 58 NA
14232 58 NA
14233 58 NA
14234 59 NA
14235 59 NA
14236 60 NA
14237 60 NA
14238 60 NA
14239 60 NA
14240 60 NA
14241 61 NA
14242 61 NA
14243 57 NA
14244 57 NA
14245 57 NA
14246 55 NA
14247 55 NA
14248 55 NA
14249 53 NA
14250 53 NA
14251 53 NA
14252 53 NA
14253 51 NA
14254 51 NA
14255 51 NA
14256 50 NA
14257 50 NA
14258 50 NA
14259 50 NA
14260 48 NA
14261 48 NA
14262 45 NA
14263 45 NA
14264 45 NA
14265 45 NA
14266 45 NA
14267 45 NA
14268 45 NA
14269 45 NA
14270 45 NA
14271 45 NA
14272 43 NA
14273 43 NA
14274 43 NA
14275 45 NA
14276 45 NA
14277 45 NA
14278 45 NA
14279 44 NA
14280 44 NA
14281 44 NA
14282 43 NA
14283 43 NA
14284 43 NA
14285 44 NA
14286 44 NA
14287 44 NA
14288 44 NA
14289 42 NA
14290 42 NA
14291 40 NA
14292 40 NA
14293 40 NA
14294 38 NA
14295 38 NA
14296 38 NA
14297 38 NA
14298 37 NA
14299 37 NA
14300 37 NA
14301 37 NA
14302 37 NA
14303 37 NA
14304 37 NA
14305 37 NA
14306 37 NA
14307 37 NA
14308 37 NA
14309 37 NA
14310 37 NA
14311 37 NA
14312 37 NA
14313 37 NA
14314 37 NA
14315 37 NA
14316 36 NA
14317 36 NA
14318 36 NA
14319 37 NA
14320 37 NA
14321 37 NA
14322 38 NA
14323 38 NA
14324 38 NA
14325 38 NA
14326 38 NA
14327 39 NA
14328 39 NA
14329 37 NA
14330 37 NA
14331 37 NA
14332 36 NA
14333 36 NA
14334 36 NA
14335 37 NA
14336 37 NA
14337 37 NA
14338 39 NA
14339 41 NA
14340 41 NA
14341 42 NA
14342 42 NA
14343 43 NA
14344 43 NA
14345 43 NA
14346 44 NA
14347 44 NA
14348 44 NA
14349 46 NA
14350 47 NA
14351 47 NA
14352 48 NA
14353 49 NA
14354 49 NA
14355 49 NA
14356 49 NA
14357 49 NA
14358 48 NA
14359 48 NA
14360 46 NA
14361 46 NA
14362 44 NA
14363 44 NA
14364 44 NA
14365 44 NA
14366 45 NA
14367 47 NA
14368 47 NA
14369 47 NA
14370 47 NA
14371 47 NA
14372 49 NA
14373 49 NA
14374 49 NA
14375 52 NA
14376 52 NA
14377 51 NA
14378 51 NA
14379 53 NA
14380 53 NA
14381 53 NA
14382 55 NA
14383 55 NA
14384 58 NA
14385 58 NA
14386 58 NA
14387 61 NA
14388 61 NA
14389 64 NA
14390 64 NA
14391 64 NA
14392 67 NA
14393 67 NA
14394 71 NA
14395 71 NA
14396 73 NA
14397 73 NA
14398 73 NA
14399 74 NA
14400 76 NA
14401 76 NA
14402 80 NA
14403 80 NA
14404 80 NA
14405 84 NA
14406 84 NA
14407 88 NA
14408 88 NA
14409 88 NA
14410 88 NA
14411 88 NA
14412 92 NA
14413 95 NA
14414 95 NA
14415 95 NA
14416 98 NA
14417 98 NA
14418 97 NA
14419 95 NA
14420 94 NA
14421 94 NA
14422 94 NA
14423 93 NA
14424 93 NA
14425 97 NA
14426 99 NA
14428 96 NA
14429 93 NA
14430 93 NA
14431 92 NA
14432 94 NA
14433 94 NA
14434 94 NA
14435 98 NA
14436 101 NA
14437 101 NA
14438 98 NA
14439 98 NA
14440 96 NA
14441 96 NA
14442 91 NA
14443 87 NA
14444 82 NA
14445 82 NA
14446 79 NA
14447 75 NA
14448 75 NA
14449 75 NA
14450 75 NA
14451 75 NA
14452 74 NA
14453 74 NA
14454 72 NA
14455 72 NA
14456 72 NA
14457 72 NA
14458 75 NA
14459 75 NA
14460 78 NA
14461 82 NA
14462 82 NA
14463 87 NA
14464 88 NA
14465 88 NA
14466 88 NA
14467 88 NA
14468 87 NA
14469 87 NA
14470 86 NA
14471 83 NA
14472 83 NA
14473 83 NA
14474 84 NA
14475 84 NA
14476 84 NA
14477 89 NA
14478 89 NA
14479 89 NA
14480 85 NA
14481 85 NA
14482 85 NA
14483 81 NA
14484 81 NA
14485 81 NA
14486 79 NA
14487 79 NA
14488 81 NA
14489 84 NA
14490 84 NA
14491 84 NA
14492 89 NA
14493 89 NA
14494 92 NA
14495 92 NA
14496 92 NA
14497 95 NA
14498 95 NA
14499 99 NA
14500 99 NA
14501 104 NA
14502 104 NA
14503 110 NA
14504 110 NA
14505 110 NA
14506 114 NA
14507 114 NA
14508 120 NA
14509 120 NA
14510 125 NA
14511 125 NA
14512 132 NA
14513 132 NA
14514 138 NA
14515 138 NA
14516 138 NA
14517 145 NA
14518 145 NA
14519 151 NA
14520 151 NA
14521 150 NA
14522 150 NA
14523 150 NA
14524 145 NA
14525 145 NA
14526 138 NA
14527 138 NA
14528 134 NA
14529 134 NA
14530 131 NA
14531 131 NA
14532 125 NA
14533 125 NA
14534 125 NA
14535 120 NA
14536 123 NA
14537 123 NA
14538 123 NA
14539 123 NA
14540 123 NA
14541 123 NA
14542 129 NA
14543 129 NA
14544 129 NA
14545 136 NA
14546 136 NA
14547 136 NA
14548 143 NA
14549 143 NA
14550 151 NA
14551 151 NA
14552 151 NA
14553 157 NA
14554 157 NA
14555 163 NA
14556 163 NA
14557 163 NA
14558 168 NA
14559 168 NA
14560 168 NA
14561 177 NA
14562 177 NA
14563 186 NA
14564 186 NA
14565 193 NA
14566 200 NA
14567 200 NA
14568 200 NA
14569 209 NA
14570 218 NA
14571 218 NA
14572 218 NA
14573 229 NA
14574 229 NA
14575 237 NA
14576 237 NA
14577 241 NA
14578 241 NA
14579 241 NA
14580 249 NA
14581 249 NA
14582 252 NA
14583 252 NA
14584 255 NA
14585 255 NA
14586 255 NA
14587 261 NA
14588 261 NA
14589 261 NA
14590 275 NA
14591 289 NA
14592 289 NA
14593 289 NA
14594 304 NA
14595 313 NA
14596 313 NA
14597 313 NA
14598 329 NA
14599 339 NA
14600 339 NA
14601 349 NA
14602 349 NA
14603 362 NA
14604 363 NA
14605 363 NA
14606 363 NA
14607 369 NA
14608 369 NA
14609 362 NA
14610 362 NA
14611 369 NA
14612 369 NA
14613 357 NA
14614 357 NA
14615 357 NA
14616 343 NA
14617 342 NA
14618 342 NA
14619 351 NA
14620 351 NA
14621 364 NA
14622 364 NA
14623 375 NA
14624 375 NA
14625 362 NA
14626 366 NA
14627 366 NA
14628 366 NA
14629 366 NA
14630 366 NA
14631 349 NA
14632 349 NA
14633 332 NA
14634 332 NA
14635 332 NA
14636 329 NA
14637 329 NA
14638 343 NA
14639 343 NA
14640 344 NA
14641 344 NA
14642 344 NA
14643 358 NA
14644 358 NA
14645 357 NA
14646 357 NA
14647 350 NA
14648 335 NA
14649 335 NA
14650 320 NA
14651 320 NA
14653 307 NA
14654 295 NA
14655 282 NA
14656 282 NA
14657 282 NA
14658 276 NA
14659 270 NA
14660 270 NA
14661 264 NA
14662 267 NA
14663 267 NA
14664 267 NA
14665 272 NA
14666 272 NA
14667 272 NA
14668 286 NA
14669 286 NA
14670 296 NA
14671 296 NA
14672 298 NA
14673 298 NA
14674 298 NA
14675 296 NA
14676 296 NA
14677 292 NA
14678 292 NA
14679 292 NA
14680 298 NA
14681 285 NA
14682 285 NA
14683 287 NA
14684 287 NA
14685 287 NA
14686 287 NA
14687 293 NA
14688 293 NA
14689 291 NA
14690 305 NA
14691 305 NA
14692 305 NA
14693 316 NA
14694 316 NA
14695 316 NA
14696 332 NA
14697 332 NA
14698 348 NA
14699 348 NA
14700 365 NA
14701 365 NA
14702 383 NA
14703 383 NA
14704 403 NA
14705 403 NA
14706 403 NA
14707 420 NA
14708 420 NA
14709 420 NA
14710 439 NA
14711 439 NA
14712 460 NA
14713 460 NA
14714 460 NA
14715 478 NA
14716 478 NA
14717 498 NA
14718 498 NA
14719 498 NA
14720 501 NA
14721 501 NA
14722 501 NA
14723 501 NA
14724 524 NA
14725 524 NA
14726 539 NA
14727 539 NA
14728 539 NA
14729 523 NA
14730 523 NA
14731 504 NA
14732 504 NA
14733 504 NA
14734 483 NA
14735 483 NA
14736 466 NA
14737 466 NA
14738 451 NA
14739 451 NA
14740 451 NA
14741 438 NA
14742 438 NA
14743 438 NA
14744 421 NA
14745 421 NA
14746 421 NA
14747 434 NA
14748 434 NA
14749 434 NA
14750 449 NA
14751 449 NA
14752 438 NA
14753 438 NA
14754 438 NA
14755 436 NA
14756 436 NA
14757 436 NA
14758 415 NA
14759 415 NA
14760 397 NA
14761 397 NA
14762 397 NA
14763 397 NA
14764 378 NA
14765 378 NA
14766 362 NA
14767 362 NA
14768 362 NA
14769 344 NA
14770 344 NA
14771 329 NA
14772 329 NA
14773 316 NA
14774 316 NA
14775 305 NA
14776 305 NA
14777 305 NA
14778 294 NA
14779 294 NA
14780 285 NA
14781 274 NA
14782 274 NA
14783 274 NA
14784 263 NA
14785 263 NA
14786 250 NA
14787 250 NA
14788 246 NA
14789 250 NA
14790 250 NA
14791 250 NA
14792 260 NA
14793 260 NA
14794 260 NA
14795 273 NA
14796 273 NA
14797 280 NA
14798 293 NA
14799 293 NA
14800 293 NA
14801 305 NA
14802 305 NA
14803 312 NA
14804 312 NA
14805 315 NA
14806 315 NA
14807 315 NA
14808 305 NA
14809 305 NA
14810 292 NA
14811 292 NA
14812 302 NA
14813 302 NA
14814 302 NA
14815 302 NA
14816 291 NA
14817 291 NA
14818 278 NA
14819 278 NA
14820 278 NA
14821 268 NA
14822 268 NA
14823 258 NA
14824 258 NA
14825 249 NA
14826 249 NA
14827 249 NA
14828 238 NA
14829 238 NA
14830 238 NA
14831 228 NA
14832 228 NA
14833 228 NA
14834 219 NA
14835 219 NA
14836 217 NA
14837 217 NA
14838 207 NA
14839 207 NA
14840 207 NA
14841 207 NA
14842 201 NA
14843 201 NA
14844 201 NA
14845 193 NA
14846 193 NA
14847 193 NA
14848 191 NA
14849 191 NA
14850 191 NA
14851 200 NA
14852 200 NA
14853 200 NA
14854 200 NA
14855 200 NA
14856 206 NA
14857 206 NA
14858 206 NA
14859 206 NA
14860 206 NA
14861 205 NA
14862 205 NA
14863 205 NA
14864 204 NA
14865 204 NA
14866 204 NA
14867 204 NA
14868 205 NA
14869 205 NA
14870 205 NA
14871 205 NA
14872 216 NA
14873 216 NA
14874 216 NA
14875 216 NA
14876 216 NA
14877 227 NA
14878 227 NA
14879 227 NA
14880 238 NA
14881 238 NA
14882 238 NA
14883 238 NA
14884 238 NA
14885 249 NA
14886 249 NA
14887 249 NA
14888 249 NA
14889 260 NA
14890 260 NA
14891 260 NA
14892 260 NA
14893 273 NA
14894 273 NA
14895 273 NA
14896 273 NA
14897 274 NA
14898 274 NA
14899 274 NA
14900 264 NA
14901 264 NA
14902 264 NA
14903 264 NA
14904 264 NA
14905 253 NA
14906 253 NA
14907 246 NA
14908 246 NA
14909 246 NA
14910 246 NA
14911 235 NA
14912 235 NA
14913 235 NA
14914 224 NA
14915 224 NA
14916 224 NA
14917 224 NA
14918 224 NA
14920 215 NA
14921 215 NA
14922 206 NA
14923 206 NA
14924 206 NA
14925 206 NA
14926 198 NA
14927 198 NA
14928 192 NA
14929 192 NA
14930 192 NA
14931 192 NA
14932 192 NA
14933 201 NA
14934 201 NA
14935 201 NA
14936 201 NA
14937 211 NA
14938 211 NA
14939 211 NA
14940 211 NA
14941 222 NA
14942 222 NA
14943 222 NA
14944 222 NA
14945 233 NA
14946 233 NA
14947 233 NA
14948 233 NA
14949 242 NA
14950 242 NA
14951 242 NA
14952 242 NA
14953 242 NA
14954 255 NA
14955 255 NA
14956 255 NA
14957 267 NA
14958 267 NA
14959 267 NA
14960 277 NA
14961 277 NA
14962 277 NA
14963 277 NA
14964 289 NA
14965 289 NA
14966 304 NA
14967 304 NA
14968 304 NA
14969 304 NA
14970 304 NA
14971 318 NA
14972 318 NA
14973 318 NA
14974 332 NA
14975 332 NA
14976 332 NA
14978 343 NA
14984 343 NA
14985 328 NA
14987 328 NA
14988 314 NA
14990 314 NA
14991 303 NA
14993 303 NA
14995 290 NA
14996 290 NA
14998 276 NA
15001 263 NA
15003 263 NA
15005 251 NA
15009 218 NA
15013 223 NA
15014 223 NA
15018 214 NA
15019 205 NA
15020 205 NA
15023 195 NA
15025 186 NA
15028 182 NA
15029 177 NA
15031 177 NA
15032 173 NA
15033 173 NA
15035 169 NA
15036 169 NA
15038 162 NA
15039 162 NA
15042 158 NA
15044 159 NA
15046 159 NA
15047 160 NA
15050 160 NA
15052 155 NA
15054 148 NA
15055 148 NA
15058 142 NA
15060 135 NA
15061 135 NA
15063 129 NA
15066 129 NA
15067 123 NA
15070 119 NA
15073 114 NA
15076 111 NA
15080 111 NA
15082 112 NA
15085 112 NA
15086 109 NA
15087 109 NA
15089 103 NA
15094 103 NA
15096 99 NA
15101 99 NA
15102 100 NA
15104 100 NA
15106 96 NA
15110 94 NA
15115 96 NA
15116 96 NA
15119 94 NA
15122 94 NA
15124 90 NA
15125 90 NA
15128 86 NA
15130 86 NA
15132 81 NA
15133 81 NA
15135 76 NA
15136 76 NA
15140 73 NA
15143 70 NA
15145 70 NA
15149 68 NA
15150 68 NA
15156 72 NA
15159 72 NA
15161 75 NA
15164 75 NA
15165 78 NA
15170 81 NA
15172 81 NA
15173 86 NA
15177 89 NA
15179 89 NA
15185 86 NA
15187 86 NA
15189 89 NA
15193 93 NA
15196 93 NA
15197 98 NA
15199 98 NA
15204 101 NA
15207 102 NA
15210 104 NA
15215 101 NA
15221 101 NA
15224 99 NA
15227 99 NA
15231 98 NA
15232 98 NA
15235 101 NA
15242 106 NA
15244 106 NA
15248 105 NA
15250 105 NA
15254 108 NA
15258 112 NA
15264 118 NA
15270 123 NA
15271 123 NA
15275 128 NA
15280 128 NA
15281 129 NA
15284 129 NA
15287 123 NA
15294 128 NA
15297 128 NA
15302 133 NA
15304 133 NA
15306 135 NA
15310 135 NA
15313 140 NA
15318 140 NA
15319 147 NA
15324 147 NA
15325 154 NA
15329 154 NA
15330 162 NA
15334 162 NA
15335 170 NA
15338 170 NA
15339 178 NA
15340 178 NA
15341 178 NA
15342 178 NA
15343 178 NA
15344 184 NA
15345 184 NA
15346 184 NA
15347 184 NA
15348 193 NA
15349 193 NA
15350 193 NA
15351 193 NA
15352 193 NA
15353 202 NA
15354 202 NA
15355 202 NA
15356 202 NA
15357 212 NA
15358 212 NA
15359 212 NA
15360 212 NA
15361 212 NA
15362 223 NA
15363 223 NA
15364 223 NA
15365 223 NA
15366 223 NA
15367 235 NA
15368 235 NA
15369 235 NA
15370 235 NA
15371 245 NA
15372 245 NA
15373 245 NA
15374 245 NA
15375 258 NA
15376 258 NA
15377 258 NA
15378 258 NA
15379 258 NA
15380 271 NA
15381 271 NA
15382 271 NA
15383 271 NA
15384 275 NA
15385 275 NA
15386 275 NA
15387 275 NA
15388 275 NA
15389 275 NA
15390 275 NA
15391 275 NA
15392 275 NA
15393 275 NA
15394 285 NA
15395 285 NA
15396 285 NA
15397 285 NA
15398 285 NA
15399 297 NA
15400 297 NA
15401 297 NA
15402 297 NA
15403 297 NA
15404 305 NA
15405 305 NA
15406 305 NA
15407 305 NA
15408 305 NA
15409 319 NA
15410 319 NA
15411 319 NA
15412 319 NA
15413 319 NA
15414 332 NA
15415 332 NA
15416 332 NA
15417 332 NA
15418 332 NA
15419 332 NA
15420 332 NA
15421 324 NA
15422 323 NA
15423 322 NA
15424 322 NA
15425 321 NA
15426 320 NA
15427 320 NA
15428 320 NA
15429 320 NA
15430 320 NA
15431 328 NA
15432 328 NA
15433 328 NA
15434 328 NA
15435 334 NA
15436 334 NA
15437 334 NA
15438 334 NA
15439 327 NA
15440 327 NA
15441 327 NA
15442 327 NA
15443 330 NA
15444 330 NA
15445 330 NA
15446 330 NA
15447 335 NA
15448 335 NA
15449 335 NA
15450 335 NA
15451 335 NA
15452 351 NA
15453 351 NA
15454 351 NA
15455 351 NA
15456 359 NA
15457 359 NA
15458 359 NA
15459 359 NA
15460 371 NA
15461 371 NA
15462 371 NA
15463 371 NA
15464 371 NA
15465 371 NA
15466 371 NA
15467 371 NA
15468 368 NA
15469 368 NA
15470 368 NA
15471 368 NA
15472 376 NA
15473 376 NA
15474 376 NA
15475 394 NA
15476 394 NA
15477 394 NA
15478 394 NA
15479 394 NA
15480 394 NA
15481 394 NA
15482 394 NA
15483 382 NA
15484 382 NA
15485 382 NA
15486 365 NA
15487 365 NA
15488 365 NA
15489 348 NA
15490 348 NA
15491 348 NA
15492 334 NA
15493 334 NA
15494 334 NA
15495 330 NA
15496 330 NA
15497 330 NA
15498 314 NA
15499 314 NA
15500 309 NA
15501 309 NA
15502 309 NA
15503 314 NA
15504 314 NA
15505 314 NA
15506 325 NA
15507 325 NA
15508 325 NA
15509 317 NA
15510 317 NA
15511 317 NA
15512 305 NA
15513 305 NA
15514 298 NA
15515 298 NA
15516 298 NA
15517 285 NA
15518 285 NA
15519 285 NA
15520 277 NA
15521 277 NA
15522 277 NA
15523 263 NA
15524 263 NA
15525 254 NA
15526 254 NA
15527 254 NA
15528 254 NA
15529 248 NA
15530 248 NA
15531 248 NA
15532 237 NA
15533 237 NA
15534 237 NA
15535 227 NA
15536 227 NA
15537 227 NA
15538 227 NA
15539 228 NA
15540 228 NA
15541 228 NA
15542 231 NA
15543 231 NA
15544 231 NA
15545 231 NA
15546 229 NA
15547 229 NA
15548 229 NA
15549 229 NA
15550 223 NA
15551 223 NA
15552 223 NA
15553 223 NA
15554 223 NA
15555 223 NA
15556 226 NA
15557 226 NA
15558 226 NA
15559 226 NA
15560 226 NA
15561 226 NA
15562 234 NA
15563 234 NA
15564 234 NA
15565 234 NA
15566 238 NA
15567 238 NA
15568 238 NA
15569 245 NA
15570 245 NA
15571 245 NA
15572 245 NA
15573 249 NA
15574 249 NA
15575 249 NA
15576 262 NA
15577 262 NA
15578 262 NA
15579 262 NA
15580 275 NA
15581 275 NA
15582 275 NA
15583 275 NA
15584 268 NA
15585 268 NA
15586 268 NA
15587 278 NA
15588 278 NA
15589 278 NA
15590 278 NA
15591 280 NA
15592 280 NA
15593 280 NA
15594 279 NA
15595 279 NA
15596 279 NA
15597 279 NA
15598 272 NA
15599 272 NA
15600 272 NA
15601 272 NA
15602 272 NA
15603 276 NA
15604 276 NA
15605 276 NA
15606 276 NA
15607 284 NA
15608 284 NA
15609 284 NA
15610 284 NA
15611 284 NA
15612 274 NA
15613 274 NA
15614 274 NA
15615 274 NA
15616 274 NA
15617 267 NA
15618 267 NA
15619 267 NA
15620 267 NA
15621 267 NA
15622 268 NA
15623 268 NA
15624 268 NA
15625 268 NA
15626 268 NA
15627 268 NA
15628 281 NA
15629 281 NA
15630 281 NA
15631 281 NA
15632 281 NA
15633 281 NA
15634 284 NA
15635 284 NA
15636 284 NA
15637 284 NA
15638 284 NA
15639 284 NA
15640 281 NA
15641 281 NA
15642 281 NA
15643 281 NA
15644 281 NA
15645 281 NA
15646 281 NA
15647 273 NA
15648 273 NA
15649 273 NA
15650 273 NA
15651 273 NA
15652 272 NA
15653 272 NA
15654 272 NA
15655 272 NA
15656 271 NA
15657 271 NA
15658 271 NA
15659 260 NA
15660 260 NA
15661 260 NA
15662 260 NA
15663 260 NA
15664 260 NA
15665 260 NA
15666 253 NA
15667 253 NA
15668 253 NA
15669 253 NA
15670 253 NA
15671 253 NA
15672 253 NA
15673 253 NA
15674 253 NA
15675 253 NA
15676 253 NA
15677 253 NA
15678 248 NA
15679 248 NA
15680 248 NA
15681 248 NA
15682 248 NA
15683 248 NA
15684 248 NA
15685 248 NA
15686 248 NA
15687 248 NA
15688 242 NA
15689 242 NA
15690 242 NA
15691 242 NA
15692 242 NA
15693 242 NA
15694 242 NA
15695 242 NA
15696 242 NA
15697 242 NA
15698 242 NA
15699 242 NA
15700 242 NA
15701 242 NA
15702 242 NA
15703 242 NA
15704 252 NA
15705 252 NA
15706 252 NA
15707 252 NA
15708 252 NA
15709 252 NA
15710 252 NA
15711 252 NA
15712 252 NA
15713 252 NA
15714 252 NA
15715 252 NA
15716 252 NA
15717 252 NA
15718 252 NA
15719 252 NA
15720 252 NA
15721 252 NA
15722 242 NA
15723 242 NA
15724 242 NA
15725 242 NA
15726 242 NA
15727 242 NA
15728 242 NA
15729 242 NA
15730 242 NA
15731 242 NA
15732 239 NA
15733 239 NA
15734 239 NA
15735 239 NA
15736 239 NA
15737 239 NA
15738 239 NA
15739 239 NA
15740 239 NA
15741 239 NA
15742 239 NA
15743 247 NA
15744 247 NA
15745 247 NA
15746 247 NA
15747 247 NA
15748 247 NA
15749 247 NA
15750 247 NA
15751 247 NA
15752 247 NA
15753 247 NA
15754 247 NA
15755 257 NA
15756 257 NA
15757 257 NA
15758 257 NA
15759 257 NA
15760 257 NA
15761 257 NA
15762 257 NA
15763 257 NA
15764 266 NA
15765 266 NA
15766 266 NA
15767 266 NA
15768 266 NA
15769 266 NA
15770 266 NA
15771 266 NA
15772 266 NA
15773 266 NA
15774 272 NA
15775 272 NA
15776 272 NA
15777 272 NA
15778 272 NA
15779 272 NA
15780 272 NA
15781 272 NA
15782 272 NA
15783 272 NA
15784 266 NA
15785 266 NA
15786 266 NA
15787 266 NA
15788 266 NA
15789 266 NA
15790 266 NA
15791 266 NA
15792 266 NA
15793 266 NA
15794 260 NA
15795 260 NA
15796 260 NA
15797 260 NA
15798 259 NA
15799 258 NA
15800 257 NA
15801 257 NA
15802 256 NA
15803 255 NA
15804 254 NA
15805 254 NA
15806 254 NA
15807 254 NA
15808 254 NA
15809 254 NA
15810 254 NA
15811 254 NA
15812 254 NA
15813 254 NA
15814 254 NA
15815 254 NA
15816 254 NA
15817 249 NA
15818 249 NA
15819 249 NA
15820 249 NA
15821 249 NA
15822 249 NA
15823 249 NA
15824 249 NA
15825 249 NA
15826 249 NA
15827 249 NA
15828 249 NA
15829 249 NA
15830 244 NA
15831 244 NA
15832 244 NA
15833 244 NA
15834 244 NA
15835 244 NA
15836 244 NA
15837 244 NA
15838 244 NA
15839 244 NA
15840 244 NA
15841 244 NA
15842 244 NA
15843 244 NA
15844 237 NA
15845 237 NA
15846 237 NA
15847 237 NA
15848 237 NA
15849 237 NA
15850 237 NA
15851 237 NA
15852 237 NA
15853 237 NA
15854 237 NA
15855 237 NA
15856 237 NA
15857 236 NA
15858 236 NA
15859 236 NA
15860 236 NA
15861 236 NA
15862 236 NA
15863 236 NA
15864 236 NA
15865 236 NA
15866 236 NA
15867 236 NA
15868 236 NA
15869 236 NA
15870 236 NA
15871 238 NA
15872 238 NA
15873 238 NA
15874 238 NA
15875 238 NA
15876 238 NA
15877 238 NA
15878 238 NA
15879 238 NA
15880 238 NA
15881 238 NA
15882 238 NA
15883 238 NA
15884 234 NA
15885 234 NA
15886 234 NA
15887 234 NA
15888 234 NA
15889 234 NA
15890 234 NA
15891 234 NA
15892 234 NA
15893 234 NA
15894 234 NA
15895 234 NA
15896 243 NA
15897 243 NA
15898 243 NA
15899 243 NA
15900 243 NA
15901 243 NA
15902 243 NA
15903 244 NA
15904 246 NA
15905 247 NA
15906 248 NA
15907 250 NA
15908 251 NA
15909 251 NA
15910 251 NA
15911 251 NA
15912 251 NA
15913 251 NA
15914 251 NA
15915 251 NA
15916 251 NA
15917 251 NA
15918 251 NA
15919 251 NA
15920 251 NA
15921 251 NA
15922 251 NA
15923 251 NA
15924 252 NA
15925 252 NA
15926 252 NA
15927 252 NA
15928 252 NA
15929 252 NA
15930 252 NA
15931 252 NA
15932 252 NA
15933 252 NA
15934 252 NA
15935 252 NA
15936 252 NA
15937 252 NA
15938 252 NA
15939 252 NA
15940 252 NA
15941 252 NA
15942 252 NA
15943 252 NA
15944 252 NA
15945 252 NA
15946 252 NA
15947 252 NA
15948 252 NA
15949 252 NA
15950 252 NA
15951 252 NA
15952 252 NA
15953 252 NA
15954 252 NA
15955 252 NA
15956 246 NA
15957 246 NA
15958 246 NA
15959 246 NA
15960 246 NA
15961 246 NA
15962 246 NA
15963 248 NA
15964 248 NA
15965 248 NA
15966 248 NA
15967 248 NA
15968 248 NA
15969 248 NA
15970 248 NA
15971 248 NA
15972 248 NA
15973 248 NA
15974 248 NA
15975 248 NA
15976 248 NA
15977 248 NA
15978 248 NA
15979 248 NA
15980 248 NA
15981 248 NA
15982 248 NA
15983 258 NA
15984 258 NA
15985 258 NA
15986 258 NA
15987 258 NA
15988 258 NA
15989 258 NA
15990 258 NA
15991 258 NA
15992 258 NA
15993 258 NA
15994 258 NA
15995 258 NA
15996 258 NA
15997 258 NA
15998 258 NA
15999 258 NA
16000 261 NA
16001 261 NA
16002 261 NA
16003 261 NA
16004 261 NA
16005 261 NA
16006 261 NA
16007 261 NA
16008 261 NA
16009 261 NA
16010 261 NA
16011 261 NA
16012 261 NA
16013 261 NA
16014 261 NA
16015 261 NA
16016 261 NA
16017 261 NA
16018 261 NA
16019 259 NA
16020 259 NA
16021 259 NA
16022 259 NA
16023 259 NA
16024 259 NA
16025 259 NA
16026 259 NA
16027 259 NA
16028 259 NA
16029 259 NA
16030 259 NA
16031 259 NA
16032 259 NA
16033 259 NA
16034 259 NA
16035 259 NA
16036 258 NA
16037 258 NA
16038 257 NA
16039 257 NA
16040 256 NA
16041 256 NA
16042 256 NA
16043 256 NA
16044 256 NA
16045 256 NA
16046 256 NA
16047 256 NA
16048 256 NA
16049 256 NA
16050 256 NA
16051 256 NA
16052 256 NA
16053 256 NA
16054 256 NA
16055 256 NA
16056 256 NA
16057 256 NA
16058 256 NA
16059 256 NA
16060 256 NA
16061 256 NA
16062 256 NA
16063 256 NA
16064 256 NA
16065 256 NA
16066 256 NA
16067 256 NA
16068 256 NA
16069 256 NA
16070 256 NA
16071 256 NA
16072 256 NA
16073 256 NA
16074 256 NA
16075 256 NA
16076 248 NA
16077 248 NA
16078 248 NA
16079 248 NA
16080 248 NA
16081 248 NA
16082 248 NA
16083 248 NA
16084 248 NA
16085 248 NA
16086 248 NA
16087 248 NA
16088 248 NA
16089 248 NA
16090 248 NA
16091 248 NA
16092 248 NA
16093 240 NA
16094 240 NA
16095 240 NA
16096 240 NA
16097 240 NA
16098 240 NA
16099 240 NA
16100 240 NA
16101 240 NA
16102 240 NA
16103 240 NA
16104 240 NA
16105 240 NA
16106 231 NA
16107 231 NA
16108 231 NA
16109 231 NA
16110 231 NA
16111 231 NA
16112 231 NA
16113 231 NA
16114 231 NA
16115 231 NA
16116 231 NA
16117 231 NA
16118 231 NA
16119 231 NA
16120 224 NA
16121 224 NA
16122 224 NA
16123 224 NA
16124 224 NA
16125 224 NA
16126 224 NA
16127 224 NA
16128 224 NA
16129 224 NA
16130 224 NA
16131 224 NA
16132 224 NA
16133 224 NA
16134 224 NA
16135 224 NA
16136 219 NA
16137 219 NA
16138 219 NA
16139 219 NA
16140 219 NA
16141 219 NA
16142 219 NA
16143 219 NA
16144 219 NA
16145 219 NA
16146 219 NA
16147 219 NA
16148 219 NA
16149 219 NA
16150 217 NA
16151 217 NA
16152 217 NA
16153 217 NA
16154 217 NA
16155 217 NA
16156 217 NA
16157 217 NA
16158 217 NA
16159 217 NA
16160 217 NA
16161 217 NA
16162 217 NA
16163 217 NA
16164 217 NA
16165 228 NA
16166 228 NA
16167 228 NA
16168 228 NA
16169 228 NA
16170 228 NA
16171 228 NA
16172 228 NA
16173 228 NA
16174 228 NA
16175 228 NA
16176 228 NA
16177 228 NA
16178 228 NA
16179 228 NA
16180 228 NA
16181 228 NA
16182 228 NA
16183 228 NA
16184 228 NA
16185 228 NA
16186 228 NA
16187 228 NA
16188 228 NA
16189 228 NA
16190 228 NA
16191 228 NA
16192 228 NA
16193 228 NA
16194 228 NA
16195 228 NA
16196 228 NA
16197 221 NA
16198 221 NA
16199 221 NA
16200 221 NA
16201 221 NA
16202 221 NA
16203 221 NA
16204 221 NA
16205 221 NA
16206 221 NA
16207 221 NA
16208 221 NA
16209 221 NA
16210 221 NA
16211 221 NA
16212 221 NA
16213 221 NA
16214 216 NA
16215 216 NA
16216 216 NA
16217 216 NA
16218 216 NA
16219 216 NA
16220 216 NA
16221 216 NA
16222 216 NA
16223 216 NA
16224 216 NA
16225 216 NA
16226 216 NA
16227 216 NA
16228 216 NA
16229 216 NA
16230 211 NA
16231 211 NA
16232 211 NA
16233 211 NA
16234 211 NA
16235 211 NA
16236 211 NA
16237 211 NA
16238 211 NA
16239 211 NA
16240 211 NA
16241 211 NA
16242 211 NA
16243 211 NA
16244 211 NA
16245 210 NA
16246 210 NA
16247 210 NA
16248 210 NA
16249 210 NA
16250 210 NA
16251 210 NA
16252 210 NA
16253 210 NA
16254 210 NA
16255 210 NA
16256 210 NA
16257 210 NA
16258 210 NA
16259 210 NA
16260 201 NA
16261 201 NA
16262 201 NA
16263 201 NA
16264 201 NA
16265 201 NA
16266 201 NA
16267 201 NA
16268 201 NA
16269 201 NA
16270 201 NA
16271 201 NA
16272 201 NA
16273 201 NA
16274 200 NA
16275 200 NA
16276 200 NA
16277 200 NA
16278 200 NA
16279 200 NA
16280 200 NA
16281 200 NA
16282 200 NA
16283 200 NA
16284 200 NA
16285 200 NA
16286 200 NA
16287 199 NA
16288 199 NA
16289 199 NA
16290 199 NA
16291 199 NA
16292 199 NA
16293 199 NA
16294 199 NA
16295 199 NA
16296 199 NA
16297 199 NA
16298 206 NA
16299 206 NA
16300 206 NA
16301 206 NA
16302 206 NA
16303 206 NA
16304 206 NA
16305 206 NA
16306 206 NA
16307 206 NA
16308 206 NA
16309 206 NA
16310 214 NA
16311 214 NA
16312 214 NA
16313 214 NA
16314 214 NA
16315 214 NA
16316 214 NA
16317 214 NA
16318 214 NA
16319 214 NA
16320 214 NA
16321 214 NA
16322 214 NA
16323 214 NA
16324 214 NA
16325 217 NA
16326 217 NA
16327 217 NA
16328 217 NA
16329 217 NA
16330 217 NA
16331 217 NA
16332 217 NA
16333 217 NA
16334 217 NA
16335 217 NA
16336 217 NA
16337 217 NA
16338 214 NA
16339 214 NA
16340 214 NA
16341 214 NA
16342 214 NA
16343 214 NA
16344 214 NA
16345 214 NA
16346 214 NA
16347 214 NA
16348 214 NA
16349 214 NA
16350 214 NA
16351 214 NA
16352 214 NA
16353 214 NA
16354 212 NA
16355 212 NA
16356 212 NA
16357 212 NA
16358 212 NA
16359 212 NA
16360 212 NA
16361 212 NA
16362 212 NA
16363 212 NA
16364 212 NA
16365 212 NA
16366 212 NA
16367 212 NA
16368 212 NA
16369 212 NA
16370 207 NA
16371 207 NA
16372 207 NA
16373 207 NA
16374 207 NA
16375 207 NA
16376 207 NA
16377 207 NA
16378 207 NA
16379 207 NA
16380 207 NA
16381 207 NA
16382 207 NA
16383 207 NA
16384 207 NA
16385 204 NA
16386 204 NA
16387 204 NA
16388 204 NA
16389 204 NA
16390 204 NA
16391 204 NA
16392 204 NA
16393 204 NA
16394 213 NA
16395 213 NA
16396 213 NA
16397 213 NA
16398 213 NA
16399 213 NA
16400 213 NA
16401 213 NA
16402 213 NA
16403 213 NA
16404 213 NA
16405 213 NA
16406 213 NA
16407 223 NA
16408 223 NA
16409 223 NA
16410 223 NA
16411 223 NA
16412 223 NA
16413 223 NA
16414 223 NA
16415 223 NA
16416 223 NA
16417 223 NA
16418 223 NA
16419 223 NA
16420 223 NA
16421 234 NA
16422 234 NA
16423 234 NA
16424 234 NA
16425 234 NA
16426 234 NA
16427 234 NA
16428 234 NA
16429 234 NA
16430 234 NA
16431 234 NA
16432 234 NA
16433 234 NA
16434 234 NA
16435 239 NA
16436 239 NA
16437 239 NA
16438 239 NA
16439 239 NA
16440 239 NA
16441 239 NA
16442 239 NA
16443 239 NA
16444 239 NA
16445 239 NA
16446 239 NA
16447 239 NA
16448 239 NA
16449 239 NA
16450 246 NA
16451 246 NA
16452 246 NA
16453 246 NA
16454 246 NA
16455 246 NA
16456 246 NA
16457 246 NA
16458 246 NA
16459 246 NA
16460 246 NA
16461 246 NA
16462 246 NA
16463 246 NA
16464 256 NA
16465 256 NA
16466 256 NA
16467 256 NA
16468 256 NA
16469 256 NA
16470 256 NA
16471 256 NA
16472 256 NA
16473 256 NA
16474 256 NA
16475 256 NA
16476 256 NA
16477 256 NA
16478 257 NA
16479 257 NA
16480 257 NA
16481 257 NA
16482 257 NA
16483 257 NA
16484 257 NA
16485 257 NA
16486 257 NA
16487 257 NA
16488 257 NA
16489 257 NA
16490 257 NA
16491 257 NA
16492 265 NA
16493 265 NA
16494 265 NA
16495 265 NA
16496 265 NA
16497 265 NA
16498 265 NA
16499 265 NA
16500 265 NA
16501 265 NA
16502 265 NA
16503 265 NA
16504 265 NA
16505 278 NA
16506 278 NA
16507 278 NA
16508 278 NA
16509 278 NA
16510 278 NA
16511 278 NA
16512 278 NA
16513 278 NA
16514 278 NA
16515 278 NA
16516 278 NA
16517 278 NA
16518 278 NA
16519 278 NA
16520 278 NA
16521 289 NA
16522 289 NA
16523 289 NA
16524 289 NA
16525 289 NA
16526 289 NA
16527 289 NA
16528 289 NA
16529 289 NA
16530 289 NA
16531 289 NA
16532 289 NA
16533 289 NA
16534 289 NA
16535 289 NA
16536 300 NA
16537 300 NA
16538 300 NA
16539 300 NA
16540 300 NA
16541 300 NA
16542 300 NA
16543 300 NA
16544 300 NA
16545 300 NA
16546 300 NA
16547 300 NA
16548 300 NA
16549 300 NA
16550 300 NA
16551 300 NA
16552 300 NA
16553 300 NA
16554 305 NA
16555 305 NA
16556 305 NA
16557 305 NA
16558 305 NA
16559 305 NA
16560 305 NA
16561 305 NA
16562 305 NA
16563 305 NA
16564 305 NA
16565 305 NA
16566 305 NA
16567 305 NA
16568 305 NA
16569 305 NA
16570 305 NA
16571 305 NA
16572 312 NA
16573 312 NA
16574 312 NA
16575 312 NA
16576 312 NA
16577 312 NA
16578 312 NA
16579 312 NA
16580 312 NA
16581 312 NA
16582 312 NA
16583 312 NA
16584 312 NA
16585 312 NA
16586 312 NA
16587 312 NA
16588 312 NA
16589 312 NA
16590 312 NA
16591 327 NA
16592 327 NA
16593 327 NA
16594 327 NA
16595 327 NA
16596 327 NA
16597 327 NA
16598 327 NA
16599 327 NA
16600 327 NA
16601 327 NA
16602 327 NA
16603 327 NA
16604 327 NA
16605 327 NA
16606 327 NA
16607 327 NA
16608 327 NA
16609 327 NA
16610 342 NA
16611 342 NA
16612 342 NA
16613 342 NA
16614 342 NA
16615 342 NA
16616 342 NA
16617 342 NA
16618 342 NA
16619 342 NA
16620 342 NA
16621 342 NA
16622 342 NA
16623 342 NA
16624 342 NA
16625 342 NA
16626 342 NA
16627 342 NA
16628 342 NA
16629 356 NA
16630 356 NA
16631 356 NA
16632 356 NA
16633 356 NA
16634 356 NA
16635 356 NA
16636 356 NA
16637 356 NA
16638 356 NA
16639 356 NA
16640 356 NA
16641 356 NA
16642 356 NA
16643 356 NA
16644 356 NA
16645 356 NA
16646 356 NA
16647 356 NA
16648 365 NA
16649 365 NA
16650 365 NA
16651 365 NA
16652 365 NA
16653 365 NA
16654 365 NA
16655 365 NA
16656 365 NA
16657 365 NA
16658 365 NA
16659 365 NA
16660 365 NA
16661 365 NA
16662 365 NA
16663 365 NA
16664 365 NA
16665 361 NA
16666 361 NA
16668 361 NA
16669 361 NA
16670 361 NA
16671 361 NA
16672 361 NA
16673 361 NA
16674 361 NA
16675 361 NA
16676 361 NA
16677 361 NA
16678 361 NA
16679 361 NA
16680 361 NA
16681 361 NA
16682 361 NA
16683 361 NA
16684 361 NA
16685 361 NA
16686 364 NA
16687 364 NA
16688 364 NA
16689 364 NA
16690 364 NA
16691 364 NA
16692 364 NA
16693 364 NA
16694 364 NA
16695 364 NA
16696 364 NA
16697 364 NA
16698 364 NA
16699 364 NA
16700 364 NA
16701 364 NA
16702 364 NA
16703 364 NA
16704 364 NA
16705 364 NA
16706 364 NA
16707 359 NA
16708 359 NA
16709 359 NA
16710 359 NA
16711 359 NA
16712 359 NA
16715 359 NA
16717 359 NA
16719 359 NA
16720 359 NA
16721 359 NA
16722 359 NA
16723 359 NA
16724 359 NA
16725 359 NA
16726 352 NA
16727 352 NA
16728 352 NA
16729 352 NA
16730 352 NA
16731 352 NA
16732 352 NA
16733 352 NA
16734 352 NA
16735 352 NA
16736 352 NA
16737 352 NA
16738 352 NA
16739 352 NA
16740 352 NA
16741 352 NA
16742 352 NA
16743 352 NA
16744 352 NA
16745 365 NA
16746 365 NA
16747 365 NA
16748 365 NA
16749 365 NA
16750 365 NA
16751 365 NA
16752 365 NA
16753 365 NA
16754 365 NA
16755 365 NA
16756 365 NA
16757 365 NA
16759 365 NA
16760 365 NA
16761 365 NA
16762 365 NA
16763 365 NA
16764 373 NA
16765 373 NA
16766 373 NA
16767 373 NA
16768 373 NA
16769 373 NA
16770 373 NA
16771 373 NA
16772 373 NA
16773 373 NA
16774 373 NA
16775 373 NA
16776 373 NA
16777 373 NA
16778 373 NA
16779 373 NA
16780 373 NA
16781 373 NA
16782 373 NA
16783 373 NA
16784 373 NA
16785 373 NA
16786 371 NA
16787 371 NA
16788 371 NA
16789 371 NA
16790 371 NA
16791 371 NA
16792 371 NA
16793 371 NA
16794 371 NA
16795 371 NA
16796 371 NA
16797 371 NA
16798 371 NA
16799 371 NA
16800 371 NA
16801 371 NA
16802 371 NA
16803 376 NA
16804 376 NA
16805 376 NA
16807 376 NA
16808 376 NA
16809 376 NA
16810 376 NA
16811 376 NA
16812 376 NA
16813 376 NA
16814 376 NA
16815 376 NA
16816 376 NA
16817 376 NA
16818 376 NA
16820 366 NA
16821 366 NA
16822 366 NA
16823 366 NA
16824 366 NA
16825 366 NA
16826 366 NA
16827 366 NA
16828 366 NA
16829 366 NA
16830 366 NA
16831 366 NA
16832 366 NA
16833 366 NA
16834 366 NA
16835 366 NA
16836 362 NA
16837 362 NA
16838 362 NA
16839 362 NA
16840 362 NA
16841 362 NA
16842 362 NA
16843 362 NA
16844 362 NA
16845 362 NA
16847 362 NA
16849 362 NA
16850 362 NA
16851 362 NA
16852 362 NA
16853 362 NA
16854 346 NA
16855 346 NA
16856 346 NA
16857 346 NA
16858 346 NA
16859 346 NA
16860 346 NA
16861 346 NA
16862 346 NA
16863 346 NA
16864 346 NA
16865 346 NA
16866 346 NA
16867 346 NA
16869 346 NA
16870 346 NA
16871 346 NA
16872 346 NA
16873 346 NA
16874 346 NA
16875 346 NA
16876 346 NA
16878 346 NA
16879 346 NA
16880 346 NA
16881 346 NA
16882 346 NA
16883 346 NA
16884 346 NA
16885 346 NA
16886 346 NA
16887 346 NA
16888 346 NA
16889 346 NA
16890 359 NA
16891 359 NA
16892 359 NA
16893 359 NA
16894 359 NA
16895 359 NA
16896 359 NA
16897 359 NA
16898 359 NA
16899 359 NA
16900 359 NA
16901 359 NA
16902 359 NA
16903 359 NA
16904 359 NA
16905 359 NA
16906 359 NA
16907 359 NA
16908 365 NA
16909 365 NA
16910 365 NA
16911 365 NA
16912 365 NA
16913 365 NA
16914 365 NA
16915 365 NA
16916 365 NA
16917 365 NA
16918 365 NA
16919 365 NA
16920 365 NA
16921 365 NA
16922 365 NA
16923 365 NA
16924 365 NA
16925 365 NA
16926 365 NA
16927 360 NA
16928 360 NA
16929 360 NA
16930 360 NA
16931 360 NA
16932 360 NA
16933 360 NA
16934 360 NA
16935 360 NA
16937 360 NA
16938 360 NA
16939 360 NA
16940 360 NA
16941 360 NA
16942 360 NA
16943 360 NA
16944 360 NA
16945 360 NA
16946 360 NA
16949 375 NA
16950 375 NA
16951 375 NA
16952 375 NA
16953 375 NA
16954 375 NA
16955 375 NA
16956 375 NA
16957 375 NA
16958 375 NA
16959 375 NA
16960 375 NA
16966 394 NA
16968 394 NA
16969 394 NA
16970 394 NA
16971 394 NA
16972 394 NA
16974 394 NA
16975 394 NA
16976 394 NA
16977 394 NA
16978 394 NA
16979 394 NA
16980 394 NA
16981 394 NA
16982 394 NA
16984 412 NA
16985 412 NA
16986 412 NA
16987 412 NA
16988 412 NA
16989 412 NA
16990 412 NA
16991 412 NA
16992 412 NA
16993 412 NA
16994 412 NA
16999 412 NA
17000 412 NA
17001 412 NA
17006 412 NA
17007 412 NA
17014 430 NA
17015 430 NA
17016 430 NA
17017 430 NA
17018 430 NA
17019 430 NA
17020 430 NA
17021 430 NA
17022 430 NA
17023 430 NA
17024 430 NA
17025 430 NA
17026 430 NA
17027 430 NA
17028 430 NA
17029 430 NA
17031 430 NA
17032 450 NA
17033 450 NA
17034 450 NA
17035 450 NA
17036 450 NA
17037 450 NA
17038 450 NA
17039 450 NA
17040 450 NA
17042 450 NA
17044 450 NA
17045 450 NA
17046 450 NA
17047 450 NA
17048 450 NA
17049 450 NA
17050 450 NA
17051 450 NA
17052 450 NA
17053 450 NA
17054 450 NA
17055 450 NA
17056 450 NA
17057 450 NA
17058 450 NA
17059 471 NA
17060 471 NA
17061 471 NA
17062 471 NA
17063 471 NA
17064 471 NA
17069 471 NA
17070 471 NA
17071 471 NA
17072 471 NA
17073 471 NA
17075 471 NA
17076 471 NA
17077 471 NA
17078 471 NA
17079 471 NA
17080 471 NA
17081 471 NA
17083 471 NA
17084 471 NA
17085 471 NA
17086 493 NA
17087 493 NA
17088 493 NA
17089 493 NA
17091 493 NA
17092 493 NA
17093 493 NA
17094 493 NA
17095 493 NA
17096 493 NA
17097 493 NA
17098 493 NA
17099 493 NA
17100 493 NA
17101 493 NA
17102 493 NA
17103 493 NA
17104 493 NA
17105 493 NA
17106 493 NA
17107 493 NA
17108 493 NA
17109 493 NA
17110 493 NA
17111 493 NA
17112 515 NA
17113 515 NA
17114 515 NA
17115 515 NA
17117 515 NA
17118 515 NA
17119 515 NA
17123 515 NA
17124 515 NA
17125 515 NA
17126 515 NA
17127 515 NA
17129 515 NA
17130 515 NA
17131 515 NA
17132 515 NA
17133 515 NA
17134 515 NA
17135 515 NA
17136 515 NA
17138 527 NA
17139 527 NA
17140 527 NA
17141 527 NA
17142 527 NA
17143 527 NA
17144 527 NA
17145 527 NA
17146 527 NA
17147 527 NA
17148 527 NA
17149 527 NA
