"Index" "Price" "Volume"
14019 4 134
14020 4 134
14021 4 134
14022 4 134
14023 4 134
14024 4 134
14025 4 134
14026 4 134
14027 4 134
14028 4 134
14029 4 134
14030 4 134
14031 4 134
14032 4 134
14033 4 134
14034 4 134
14035 4 134
14036 4 134
14037 4 134
14038 4 134
14039 4 134
14040 4 134
14041 4 134
14042 4 134
14043 4 134
14044 4 134
14045 4 134
14046 4 134
14047 4 134
14048 4 134
14049 4 134
14050 4 134
14051 4 134
14052 4 134
14053 4 134
14054 4 134
14055 4 134
14056 4 134
14057 4 134
14058 4 134
14059 4 134
14060 4 134
14061 4 134
14062 4 134
14063 4 134
14064 4 134
14065 4 134
14066 4 134
14067 4 134
14068 4 134
14069 4 134
14070 4 134
14071 4 134
14072 4 134
14073 4 134
14074 4 134
14075 4 134
14076 4 134
14077 4 134
14078 4 134
14079 4 134
14080 4 134
14081 4 134
14082 4 134
14083 4 134
14084 4 134
14085 4 134
14086 4 134
14087 4 134
14088 4 134
14089 4 134
14090 4 134
14091 4 134
14092 4 134
14093 4 134
14094 4 134
14095 4 134
14096 4 134
14097 4 134
14098 4 134
14099 4 134
14100 4 134
14101 4 134
14102 4 134
14103 4 134
14104 4 134
14105 4 134
14106 4 134
14107 4 134
14108 4 134
14109 4 134
14110 4 134
14111 4 134
14112 4 134
14113 4 134
14114 4 134
14115 4 134
14116 4 134
14117 4 134
14118 4 134
14119 4 134
14120 4 134
14121 4 134
14122 4 134
14123 4 134
14124 4 134
14125 4 134
14126 4 134
14127 4 134
14128 4 134
14129 4 134
14130 4 134
14131 4 134
14132 4 134
14133 4 134
14134 4 134
14135 4 134
14136 4 134
14137 4 134
14138 4 134
14139 4 134
14140 4 134
14141 4 134
14142 4 134
14143 4 134
14144 4 134
14145 4 134
14146 4 134
14147 4 134
14148 4 134
14149 4 134
14150 4 134
14151 4 134
14152 4 134
14153 4 134
14154 4 134
14155 4 134
14156 4 134
14157 4 134
14158 4 134
14159 4 134
14160 4 134
14161 4 134
14162 4 134
14163 4 134
14164 4 134
14165 4 134
14166 4 134
14167 4 134
14168 4 134
14169 4 134
14170 4 134
14171 4 134
14172 4 134
14173 5 134
14174 5 134
14175 5 134
14176 5 134
14177 5 134
14178 5 134
14179 5 134
14180 5 134
14181 5 134
14182 5 134
14183 5 134
14184 5 134
14185 5 134
14186 5 134
14187 5 134
14188 5 134
14189 5 134
14190 5 134
14191 5 134
14192 5 134
14193 5 134
14194 5 134
14195 5 134
14196 5 134
14197 5 134
14198 5 134
14199 5 134
14200 5 134
14201 5 134
14202 5 134
14203 5 134
14204 5 134
14205 5 134
14206 5 134
14207 5 134
14208 5 134
14209 5 134
14210 5 134
14211 5 134
14212 5 134
14213 5 134
14214 5 134
14215 5 134
14216 5 134
14217 5 134
14218 5 134
14219 5 134
14220 5 134
14221 5 134
14222 5 134
14223 5 134
14224 5 134
14225 5 134
14226 5 134
14227 5 134
14228 5 134
14229 5 134
14230 5 134
14231 5 134
14232 5 134
14233 5 134
14234 5 134
14235 5 134
14236 5 134
14237 5 134
14238 5 134
14239 5 134
14240 5 134
14241 5 134
14242 5 134
14243 5 134
14244 5 134
14245 5 134
14246 5 134
14247 5 134
14248 5 134
14249 5 134
14250 6 134
14251 6 134
14252 6 134
14253 6 134
14254 6 134
14255 6 134
14256 6 134
14257 6 134
14258 6 134
14259 6 134
14260 6 134
14261 6 134
14262 6 134
14263 6 134
14264 6 134
14265 6 134
14266 6 134
14267 6 134
14268 6 134
14269 6 134
14270 6 134
14271 6 134
14272 6 134
14273 6 134
14274 6 134
14275 6 134
14276 6 134
14277 6 134
14278 6 134
14279 6 134
14280 6 134
14281 6 134
14282 6 134
14283 6 134
14284 6 134
14285 6 134
14286 6 134
14287 6 134
14288 6 134
14289 6 134
14290 6 134
14291 6 134
14292 6 134
14293 6 134
14294 6 134
14295 6 134
14296 6 134
14297 6 134
14298 6 134
14299 6 134
14300 6 134
14301 6 134
14302 6 134
14303 6 134
14304 6 134
14305 6 134
14306 6 134
14307 6 134
14308 6 134
14309 6 134
14310 6 134
14311 6 134
14312 6 134
14313 6 134
14314 6 134
14315 6 134
14316 6 134
14317 6 134
14318 6 134
14319 6 134
14320 6 134
14321 6 134
14322 6 134
14323 6 134
14324 6 134
14325 6 134
14326 6 134
14327 6 134
14328 6 134
14329 6 134
14330 6 134
14331 6 134
14332 6 134
14333 6 134
14334 6 134
14335 6 134
14336 6 134
14337 6 134
14338 6 134
14339 6 134
14340 6 134
14341 6 134
14342 6 134
14343 6 134
14344 6 134
14345 6 134
14346 6 134
14347 6 134
14348 6 134
14349 6 134
14350 6 134
14351 6 134
14352 6 134
14353 6 134
14354 6 134
14355 6 134
14356 6 134
14357 6 134
14358 6 134
14359 6 134
14360 6 134
14361 6 134
14362 6 134
14363 6 134
14364 6 134
14365 6 134
14366 6 134
14367 6 134
14368 6 134
14369 6 134
14370 6 134
14371 6 134
14372 6 134
14373 6 134
14374 6 134
14375 6 134
14376 6 134
14377 6 134
14378 6 134
14379 6 134
14380 6 134
14381 6 134
14382 6 134
14383 6 134
14384 6 134
14385 6 134
14386 6 134
14387 6 134
14388 6 134
14389 6 134
14390 6 134
14391 6 134
14392 6 134
14393 6 134
14394 6 134
14395 6 134
14396 6 134
14397 6 134
14398 6 134
14399 6 134
14400 6 134
14401 6 134
14402 6 134
14403 6 134
14404 6 134
14405 6 134
14406 6 134
14407 6 134
14408 6 134
14409 6 134
14410 6 134
14411 6 134
14412 6 134
14413 6 134
14414 6 134
14415 6 134
14416 6 134
14417 6 134
14418 6 134
14419 6 134
14420 6 134
14421 6 134
14422 6 134
14423 6 134
14424 6 134
14425 6 134
14426 6 134
14428 6 134
14429 6 134
14430 6 134
14431 6 134
14432 6 134
14433 6 134
14434 6 134
14435 6 134
14436 6 134
14437 6 134
14438 6 134
14439 6 134
14440 6 134
14441 6 134
14442 6 134
14443 6 134
14444 6 134
14445 6 134
14446 6 134
14447 6 134
14448 6 134
14449 6 134
14450 6 134
14451 6 134
14452 6 134
14453 6 134
14454 6 134
14455 6 134
14456 6 134
14457 6 134
14458 6 134
14459 6 134
14460 6 134
14461 6 134
14462 6 134
14463 6 134
14464 6 134
14465 6 134
14466 6 134
14467 6 134
14468 6 134
14469 5 134
14470 5 134
14471 5 134
14472 6 134
14473 6 134
14474 6 134
14475 6 134
14476 6 134
14477 6 134
14478 6 134
14479 6 134
14480 6 134
14481 6 134
14482 6 134
14483 6 134
14484 6 134
14485 6 134
14486 6 134
14487 6 134
14488 6 134
14489 6 134
14490 6 134
14491 6 134
14492 6 134
14493 6 134
14494 7 134
14495 7 134
14496 7 134
14497 7 134
14498 7 134
14499 7 134
14500 7 134
14501 8 134
14502 8 134
14503 10 134
14504 10 134
14505 11 134
14506 11 134
14507 12 134
14508 13 134
14509 13 134
14510 14 134
14511 14 134
14512 16 134
14513 16 134
14514 16 134
14515 15 134
14516 15 134
14517 14 134
14518 14 134
14519 14 134
14520 14 134
14521 14 134
14522 15 134
14523 15 134
14524 16 134
14525 16 134
14526 16 134
14527 16 134
14528 15 134
14529 15 134
14530 16 134
14531 16 134
14532 16 134
14533 16 134
14534 16 134
14535 15 134
14536 16 134
14537 16 134
14538 15 134
14539 15 134
14540 15 134
14541 15 134
14542 15 134
14543 16 134
14544 15 134
14545 15 134
14546 15 134
14547 15 134
14548 15 134
14549 15 134
14550 15 134
14551 15 134
14552 15 134
14553 15 134
14554 15 134
14555 16 134
14556 16 134
14557 16 134
14558 16 134
14559 16 134
14560 16 134
14561 16 134
14562 16 134
14563 16 134
14564 16 134
14565 16 134
14566 16 134
14567 16 134
14568 16 134
14569 16 134
14570 16 134
14571 16 134
14572 16 134
14573 16 134
14574 16 134
14575 16 134
14576 16 134
14577 16 134
14578 16 134
14579 16 142
14580 16 150
14581 16 158
14582 16 166
14583 16 173
14584 16 181
14585 16 189
14586 16 197
14587 16 205
14588 16 213
14589 16 221
14590 16 229
14591 16 237
14592 16 245
14593 16 245
14594 16 248
14595 16 251
14596 16 253
14597 16 256
14598 16 256
14599 16 256
14600 16 256
14601 16 255
14602 16 255
14603 16 255
14604 16 255
14605 16 255
14606 16 254
14607 16 254
14608 16 254
14609 16 254
14610 16 253
14611 16 253
14612 16 253
14613 16 253
14614 16 253
14615 16 252
14616 16 252
14617 16 252
14618 16 252
14619 16 252
14620 16 251
14621 16 251
14622 16 251
14623 16 251
14624 16 251
14625 16 250
14626 16 250
14627 16 251
14628 16 252
14629 16 252
14630 16 253
14631 15 254
14632 15 255
14633 15 255
14634 15 256
14635 15 257
14636 15 257
14637 15 258
14638 14 259
14639 13 260
14640 12 260
14641 11 261
14642 11 262
14643 11 263
14644 11 263
14645 11 266
14646 11 268
14647 12 270
14648 13 273
14649 13 275
14650 14 277
14651 14 279
14652 14 282
14653 14 284
14654 14 286
14655 15 289
14656 15 291
14657 15 293
14658 15 296
14659 15 298
14660 15 300
14661 15 303
14662 15 305
14663 15 307
14664 15 305
14665 15 302
14666 15 299
14667 15 297
14668 15 294
14669 15 291
14670 15 289.122448979592
14671 15 287.244897959184
14672 14 285.367346938775
14673 14 283.489795918367
14674 14 281.612244897959
14675 14 279.734693877551
14676 14 277.857142857143
14677 14 275.979591836735
14678 14 274.102040816327
14679 14 272.224489795918
14680 14 270.34693877551
14681 14 268.469387755102
14682 14 266.591836734694
14683 14 264.714285714286
14684 14 262.836734693878
14685 14 260.959183673469
14686 14 259.081632653061
14687 14 257.204081632653
14688 14 255.326530612245
14689 14 253.448979591837
14690 14 251.571428571429
14691 14 249.69387755102
14692 14 247.816326530612
14693 14 245.938775510204
14694 14 244.061224489796
14695 14 242.183673469388
14696 14 240.30612244898
14697 14 238.428571428571
14698 14 236.551020408163
14699 14 234.673469387755
14700 15 232.795918367347
14701 15 230.918367346939
14702 15 229.040816326531
14703 15 227.163265306122
14704 15 225.285714285714
14705 15 223.408163265306
14706 15 221.530612244898
14707 15 219.65306122449
14708 15 217.775510204082
14709 15 215.897959183673
14710 15 214.020408163265
14711 15 212.142857142857
14712 15 210.265306122449
14713 15 208.387755102041
14714 15 206.510204081633
14715 15 204.632653061224
14716 15 202.755102040816
14717 15 200.877551020408
14718 15 199
14719 15 201.438356164384
14720 15 203.876712328767
14721 15 206.315068493151
14722 15 208.753424657534
14723 15 211.191780821918
14724 15 213.630136986301
14725 15 216.068493150685
14726 15 218.506849315069
14727 15 220.945205479452
14728 15 223.383561643836
14729 15 225.821917808219
14730 15 228.260273972603
14731 15 230.698630136986
14732 15 233.13698630137
14733 15 235.575342465753
14734 15 238.013698630137
14735 15 240.452054794521
14736 15 242.890410958904
14737 15 245.328767123288
14738 15 247.767123287671
14739 15 250.205479452055
14740 15 252.643835616438
14741 15 255.082191780822
14742 15 257.520547945205
14743 15 259.958904109589
14744 15 262.397260273973
14745 15 264.835616438356
14746 15 267.27397260274
14747 15 269.712328767123
14748 15 272.150684931507
14749 15 274.58904109589
14750 15 277.027397260274
14751 15 279.465753424658
14752 15 281.904109589041
14753 15 284.342465753425
14754 15 286.780821917808
14755 15 289.219178082192
14756 15 291.657534246575
14757 15 294.095890410959
14758 13 296.534246575342
14759 12 298.972602739726
14760 12 301.41095890411
14761 12 303.849315068493
14762 12 306.287671232877
14763 12 308.72602739726
14764 12 311.164383561644
14765 12 313.602739726027
14766 12 316.041095890411
14767 12 318.479452054795
14768 12 320.917808219178
14769 12 323.356164383562
14770 13 325.794520547945
14771 13 328.232876712329
14772 13 330.671232876712
14773 13 333.109589041096
14774 14 335.547945205479
14775 14 337.986301369863
14776 14 340.424657534247
14777 14 342.86301369863
14778 14 345.301369863014
14779 14 347.739726027397
14780 14 350.178082191781
14781 14 352.616438356164
14782 14 355.054794520548
14783 14 357.493150684931
14784 14 359.931506849315
14785 14 362.369863013699
14786 14 364.808219178082
14787 14 367.246575342466
14788 14 369.684931506849
14789 14 372.123287671233
14790 14 374.561643835616
14791 14 377
14792 14 374
14793 14 371
14794 15 368
14795 14 365
14796 14 362
14797 14 359
14798 15 356
14799 15 353
14800 15 350
14801 15 347
14802 15 344
14803 15 341
14804 15 338
14805 15 335
14806 15 332
14807 16 329
14808 15 326
14809 15 323
14810 15 320
14811 15 317
14812 16 314
14813 15 311
14814 15 308
14815 16 305
14816 15 302
14817 15 299
14818 15 296
14819 16 293
14820 16 290
14821 16 288
14822 16 285
14823 16 282
14824 16 279
14825 16 276
14826 16 273
14827 16 274
14828 16 276
14829 16 278
14830 16 279
14831 16 281
14832 16 283
14833 16 285
14834 16 286
14835 16 288
14836 16 290
14837 16 291
14838 16 293
14839 16 295
14840 16 296
14841 16 298
14842 16 300
14843 16 302
14844 16 303
14845 16 305
14846 16 307
14847 16 308
14848 16 310
14849 16 312
14850 16 314
14851 16 315
14852 16 317
14853 16 319
14854 16 320
14855 16 322
14856 16 324
14857 15 325
14858 15 327
14859 16 328
14860 16 330
14861 16 331
14862 16 333
14863 16 334
14864 15 336
14865 15 337
14866 16 339
14867 16 340
14868 16 342
14869 16 343
14870 16 345
14871 16 347
14872 16 348
14873 16 350
14874 16 351
14875 16 353
14876 16 354
14877 16 356
14878 15 357
14879 15 359
14880 15 360
14881 15 362
14882 15 363
14883 15 365
14884 15 365
14885 15 365
14886 15 366
14887 15 366
14888 15 366
14889 15 367
14890 15 367
14891 15 367
14892 15 367
14893 15 368
14894 15 368
14895 15 368
14896 15 369
14897 15 369
14898 15 369
14899 15 370
14900 15 370
14901 15 370
14902 15 371
14903 15 371
14904 15 371
14905 15 372
14906 15 372
14907 15 372
14908 15 373
14909 15 373
14910 15 373
14911 15 374
14912 15 374
14913 15 374
14914 15 375
14915 15 376
14916 14 377
14917 13 379
14918 12 380
14919 11 381
14920 10 383
14921 9 384
14922 10 385
14923 10 386
14924 10 388
14925 10 389
14926 11 390
14927 11 392
14928 11 393
14929 11 394
14930 11 396
14931 11 397
14932 11 398
14933 11 400
14934 10 401
14935 10 402
14936 10 404
14937 10 405
14938 10 406
14939 10 407
14940 10 409
14941 10 400
14942 10 390
14943 10 381
14944 10 372
14945 10 363
14946 10 354
14947 10 345
14948 10 341
14949 10 336
14950 10 332
14951 11 328
14952 11 324
14953 11 320
14954 11 316
14955 11 324
14956 11 333
14957 11 341
14958 11 350
14959 11 358
14960 11 367
14961 11 375
14962 11 384
14963 11 393
14964 11 403
14965 11 412
14966 11 421
14967 11 430
14968 11 439
14969 11 448
14970 11 458
14971 11 456
14972 11 454
14973 11 453
14974 11 451
14975 11 449
14976 11 448
14977 11 446
14978 11 444
14979 11 443
14980 11 441
14981 11 439
14982 11 445
14983 11 450
14984 11 456
14985 11 461
14986 11 467
14987 11 472
14988 11 477
14989 11 483
14990 11 488
14991 11 494
14992 11 499
14993 11 505
14994 11 510
14995 12 517
14996 12 524
14997 12 532
14998 12 539
14999 12 546
15000 13 553
15001 13 560
15002 13 567
15003 13 574
15004 13 582
15005 13 589
15006 13 596
15007 13 603
15008 12 610
15009 12 617
15010 12 624
15011 8 632
15012 7 639
15013 7 646
15014 7 653
15015 7 662
15016 8 671
15017 8 680
15018 8 689
15019 10 698
15020 10 707
15021 11 716
15022 11 725
15023 11 734
15024 11 743
15025 12 752
15026 12 761
15027 12 769
15028 12 745
15029 13 765
15030 12 785
15031 13 772
15032 13 705
15033 12 699
15034 12 703
15035 12 754
15036 12 727
15037 12 704
15038 12 682
15039 12 659
15040 12 636
15041 11 693
15042 11 648
15043 11 605
15044 11 640
15045 11 602
15046 10 689
15047 9 672
15048 8 635
15049 8 667
15050 6 634
15051 7 658
15052 8 583
15053 8 682
15054 9 652
15055 9 623
15056 9 679
15057 9 685
15058 9 640
15059 9 691
15060 9 741
15061 9 780
15062 9 837
15063 10 744
15064 10 754
15065 10 761
15066 10 769
15067 10 660
15068 10 674
15069 11 688
15070 12 638
15071 12 680
15072 12 685
15073 12 634
15074 12 664
15075 13 631
15076 13 634
15077 13 617
15078 13 600
15079 13 584
15080 13 567
15081 13 550
15082 13 554
15083 13 578
15084 13 588
15085 13 620
15086 12 651
15087 12 676
15088 12 701
15089 12 692
15090 12 683
15091 12 673
15092 12 681
15093 11 690
15094 11 684
15095 10 678
15096 10 672
15097 10 674
15098 10 675
15099 10 664
15100 10 654
15101 10 643
15102 11 633
15103 11 622
15104 12 626
15105 12 630
15106 12 634
15107 13 627
15108 13 610
15109 13 609
15110 13 619
15111 13 607
15112 13 578
15113 13 558
15114 14 538
15115 14 518
15116 14 531
15117 15 537
15118 15 544
15119 15 532
15120 15 568
15121 16 564
15122 16 559
15123 16 545
15124 16 531
15125 16 537
15126 16 543
15127 17 507
15128 17 517
15129 17 530
15130 17 542
15131 17 529
15132 17 516
15133 17 513
15134 17 500
15135 17 489
15136 17 478
15137 17 479
15138 18 490
15139 18 479
15140 18 469
15141 19 459
15142 19 492
15143 19 525
15144 19 489
15145 19 534
15146 19 512
15147 19 585
15148 19 657
15149 19 646
15150 19 636
15151 19 623
15152 19 611
15153 19 610
15154 19 663
15155 19 591
15156 19 518
15157 19 526
15158 19 533
15159 19 530
15160 19 509
15161 19 487
15162 19 494
15163 19 501
15164 19 533
15165 19 486
15166 19 472
15167 19 505
15168 19 538
15169 18 570
15170 18 582
15171 18 551
15172 18 567
15173 16 563
15174 16 558
15175 15 554
15176 15 488
15177 15 477
15178 15 466
15179 15 494
15180 15 491
15181 15 482
15182 16 479
15183 15 477
15184 15 475
15185 16 458
15186 16 498
15187 17 478
15188 17 443
15189 17 478
15190 18 458
15191 18 478
15192 18 499
15193 18 490
15194 18 486
15195 18 481
15196 18 497
15197 18 519
15198 18 497
15199 18 474
15200 18 528
15201 18 517
15202 18 506
15203 18 471
15204 18 435
15205 18 413
15206 18 449
15207 18 442
15208 18 434
15209 18 432
15210 18 429
15211 18 453
15212 18 477
15213 18 488
15214 18 499
15215 18 510
15216 18 469
15217 18 429
15218 18 466
15219 18 503
15220 18 458
15221 18 460
15222 18 462
15223 18 464
15224 18 495
15225 18 481
15226 18 468
15227 18 514
15228 18 491
15229 18 507
15230 18 505
15231 18 503
15232 18 531
15233 18 502
15234 17 472
15235 17 470
15236 17 461
15237 17 487
15238 17 452
15239 17 484
15240 16 473
15241 16 478
15242 15 483
15243 14 462
15244 13 476
15245 12 490
15246 12 495
15247 12 501
15248 12 465
15249 12 467
15250 12 468
15251 12 464
15252 13 458
15253 13 451
15254 14 474
15255 14 468
15256 14 462
15257 14 486
15258 14 509
15259 15 506
15260 15 477
15261 15 447
15262 15 442
15263 15 487
15264 15 455
15265 15 422
15266 15 482
15267 15 472
15268 15 480
15269 15 488
15270 14 472
15271 13 456
15272 13 465
15273 10 453
15274 10 441
15275 10 429
15276 11 364
15277 11 327
15278 11 292
15279 11 257
15280 12 245
15281 12 244
15282 12 242
15283 12 243
15284 13 235
15285 13 220
15286 13 205
15287 13 190
15288 13 183
15289 13 187
15290 13 190
15291 13 166
15292 13 168
15293 13 169
15294 13 176
15295 13 183
15296 13 164
15297 13 161
15298 13 184
15299 13 179
15300 13 179
15301 13 180
15302 13 180
15303 13 189
15304 13 199
15305 13 198
15306 14 197
15307 14 195
15308 15 194
15309 15 193
15310 15 199
15311 15 201
15312 15 202
15313 15 204
15314 15 205
15315 15 207
15316 15 209
15317 15 206
15318 15 204
15319 15 202
15320 16 206
15321 16 201
15322 16 196
15323 16 196
15324 17 196
15325 17 187
15326 17 178
15327 17 181
15328 17 191
15329 17 212
15330 17 233
15331 17 233
15332 17 233
15333 17 233
15334 17 254
15335 17 254
15336 17 254
15337 17 254
15338 17 254
15339 18 254
15340 18 228
15341 18 240
15342 18 251
15343 19 243
15344 19 236
15345 19 240
15346 19 244
15347 19 220
15348 20 196
15349 20 203
15350 20 204
15351 21 205
15352 22 177
15353 22 193
15354 22 216
15355 22 240
15356 22 236
15357 22 233
15358 22 229
15359 22 228
15360 22 228
15361 22 227
15362 23 222
15363 23 217
15364 24 223
15365 24 230
15366 24 241
15367 24 252
15368 24 252
15369 24 251
15370 24 251
15371 24 251
15372 24 259
15373 24 267
15374 24 261
15375 24 254
15376 24 249
15377 24 243
15378 24 237
15379 24 230
15380 24 223
15381 24 217
15382 24 227
15383 24 238
15384 24 248
15385 24 243
15386 23 237
15387 23 231
15388 23 223
15389 24 239
15390 24 235
15391 23 230
15392 23 226
15393 23 228
15394 23 229
15395 23 231
15396 23 247
15397 23 268
15398 24 264
15399 25 260
15400 25 264
15401 25 260
15402 25 266
15403 25 285
15404 25 315
15405 26 316
15406 26 316
15407 26 323
15408 26 330
15409 26 324
15410 26 319
15411 26 331
15412 26 343
15413 26 332
15414 26 351
15415 26 371
15416 27 323
15417 28 364
15418 29 356
15419 29 349
15420 30 363
15421 30 365
15422 29 353
15423 28 347
15424 28 341
15425 27 334
15426 26 328
15427 25 322
15428 25 316
15429 25 310
15430 24 304
15431 24 298
15432 24 350
15433 24 350
15434 25 349
15435 25 348
15436 25 355
15437 25 362
15438 25 369
15439 24 376
15440 23 359
15441 22 368
15442 21 377
15443 20 374
15444 20 371
15445 19 351
15446 19 359
15447 19 367
15448 19 375
15449 19 341
15450 19 345
15451 19 348
15452 19 362
15453 20 347
15454 20 327
15455 20 306
15456 21 307
15457 22 309
15458 22 310
15459 22 312
15460 22 313
15461 22 315
15462 22 343
15463 22 346
15464 22 328
15465 21 319
15466 20 310
15467 19 300
15468 19 289
15469 19 288
15470 19 287
15471 19 303
15472 19 321
15473 19 338
15474 19 337
15475 19 335
15476 19 334
15477 19 346
15478 19 358
15479 19 369
15480 19 381
15481 19 368
15482 19 355
15483 19 354
15484 19 352
15485 19 351
15486 19 358
15487 19 338
15488 19 327
15489 19 346
15490 19 364
15491 19 333
15492 19 367
15493 19 339
15494 19 344
15495 19 349
15496 19 379
15497 19 408
15498 19 430
15499 19 443
15500 19 455
15501 19 469
15502 19 484
15503 19 476
15504 18 486
15505 18 497
15506 18 484
15507 17 472
15508 17 476
15509 17 480
15510 17 477
15511 17 473
15512 17 474
15513 17 483
15514 16 492
15515 16 503
15516 15 514
15517 15 498
15518 15 483
15519 14 467
15520 13 452
15521 12 437
15522 12 438
15523 12 438
15524 12 439
15525 13 440
15526 14 421
15527 14 401
15528 14 382
15529 14 371
15530 14 359
15531 14 348
15532 14 365
15533 14 382
15534 14 399
15535 14 395
15536 15 374
15537 15 383
15538 15 391
15539 15 400
15540 15 408
15541 15 419
15542 15 429
15543 15 439
15544 15 444
15545 15 450
15546 15 439
15547 15 428
15548 15 416
15549 15 377
15550 15 399
15551 16 421
15552 16 406
15553 16 392
15554 16 397
15555 16 403
15556 16 408
15557 16 399
15558 16 389
15559 16 379
15560 16 369
15561 16 331
15562 16 342
15563 15 354
15564 14 366
15565 13 380
15566 12 390
15567 11 400
15568 11 410
15569 12 474
15570 12 471
15571 13 468
15572 13 464
15573 13 459
15574 13 431
15575 13 422
15576 13 414
15577 13 405
15578 13 353
15579 13 374
15580 13 395
15581 14 401
15582 14 407
15583 14 413
15584 14 389
15585 14 418
15586 14 468
15587 14 446
15588 14 424
15589 14 414
15590 14 396
15591 14 379
15592 14 361
15593 14 355
15594 14 349
15595 14 343
15596 13 362
15597 13 382
15598 12 383
15599 11 384
15600 11 385
15601 11 386
15602 11 388
15603 11 389
15604 12 367
15605 12 344
15606 12 351
15607 12 358
15608 12 334
15609 12 346
15610 12 358
15611 12 351
15612 12 337
15613 11 323
15614 10 383
15615 10 385
15616 10 366
15617 10 375
15618 11 384
15619 11 387
15620 11 387
15621 11 382
15622 11 360
15623 11 337
15624 11 328
15625 11 291
15626 11 302
15627 11 309
15628 11 316
15629 11 384
15630 11 356
15631 12 368
15632 13 401
15633 13 398
15634 13 372
15635 13 356
15636 13 340
15637 13 365
15638 13 400
15639 13 416
15640 13 431
15641 13 460
15642 13 458
15643 13 473
15644 13 487
15645 13 500
15646 13 436
15647 13 430
15648 13 425
15649 14 433
15650 14 403
15651 14 392
15652 14 381
15653 15 370
15654 15 359
15655 15 347
15656 15 336
15657 15 325
15658 15 314
15659 15 303
15660 15 291
15661 16 280
15662 16 290
15663 16 299
15664 16 309
15665 16 340
15666 16 322
15667 17 334
15668 17 345
15669 17 357
15670 18 360
15671 19 328
15672 19 349
15673 19 327
15674 19 339
15675 19 313
15676 19 322
15677 19 322
15678 19 312
15679 19 324
15680 19 327
15681 20 333
15682 21 319
15683 22 352
15684 22 344
15685 22 372
15686 22 349
15687 23 359
15688 23 358
15689 23 428
15690 24 373
15691 24 400
15692 25 379
15693 25 426
15694 25 393
15695 25 449
15696 26 408
15697 27 477
15698 28 507
15699 28 532
15700 28 475
15701 28 523
15702 28 457
15703 28 486
15704 27 430
15705 26 377
15706 25 364
15707 25 408
15708 26 376
15709 26 367
15710 26 356
15711 26 345
15712 24 346
15713 23 334
15714 22 332
15715 21 306
15716 19 328
15717 18 318
15718 17 344
15719 16 349
15720 16 341
15721 16 305
15722 16 331
15723 17 338
15724 17 306
15725 18 281
15726 18 275
15727 18 301
15728 18 287
15729 18 289
15730 18 281
15731 17 299
15732 16 343
15733 15 338
15734 14 309
15735 13 354
15736 12 366
15737 12 388
15738 13 399
15739 14 350
15740 15 343
15741 15 332
15742 14 320
15743 14 304
15744 14 275
15745 13 279
15746 13 282
15747 14 296
15748 15 295
15749 15 275
15750 15 272
15751 14 271
15752 13 301
15753 13 358
15754 13 398
15755 13 410
15756 13 455
15757 13 489
15758 13 535
15759 13 528
15760 13 467
15761 13 441
15762 13 435
15763 13 392
15764 13 366
15765 13 306
15766 13 294
15767 12 296
15768 11 271
15769 11 299
15770 11 302
15771 12 271
15772 12 300
15773 12 260
15774 12 273
15775 12 271
15776 12 256
15777 12 263
15778 12 279
15779 12 281
15780 12 280
15781 12 286
15782 12 287
15783 13 285
15784 13 270
15785 13 258
15786 14 234
15787 14 242
15788 15 217
15789 16 202
15790 16 180
15791 16 179
15792 16 174
15793 17 177
15794 18 174
15795 19 192
15796 19 186
15797 19 220
15798 19 216
15799 19 213
15800 19 209
15801 19 206
15802 19 202
15803 19 199
15804 19 197
15805 18 198
15806 17 186
15807 17 209
15808 17 229
15809 17 235
15810 16 280
15811 15 296
15812 14 297
15813 13 308
15814 13 327
15815 13 340
15816 14 332
15817 14 302
15818 14 278
15819 14 304
15820 14 324
15821 14 271
15822 14 264
15823 14 291
15824 14 293
15825 14 300
15826 14 276
15827 14 274
15828 14 317
15829 14 295
15830 14 297
15831 14 307
15832 14 316
15833 14 325
15834 14 326
15835 14 291
15836 15 293
15837 15 285
15838 15 259
15839 15 248
15840 15 238
15841 15 246
15842 15 251
15843 15 229
15844 15 240
15845 15 239
15846 15 252
15847 15 259
15848 15 227
15849 15 249
15850 16 255
15851 16 234
15852 16 242
15853 16 255
15854 16 242
15855 16 266
15856 16 241
15857 16 280
15858 16 291
15859 15 323
15860 15 286
15861 15 318
15862 15 315
15863 15 317
15864 15 328
15865 15 317
15866 15 300
15867 15 338
15868 15 337
15869 15 327
15870 15 338
15871 15 325
15872 15 321
15873 15 357
15874 16 318
15875 16 312
15876 17 303
15877 18 279
15878 18 259
15879 18 255
15880 18 209
15881 18 220
15882 18 193
15883 18 195
15884 18 216
15885 18 217
15886 17 221
15887 16 238
15888 15 238
15889 14 241
15890 14 250
15891 14 270
15892 14 290
15893 14 334
15894 14 312
15895 14 316
15896 14 318
15897 14 349
15898 15 306
15899 15 290
15900 15 244
15901 14 259
15902 14 261
15903 14 252
15904 14 243
15905 14 234
15906 14 225
15907 14 217
15908 14 208
15909 15 219
15910 16 188
15911 16 172
15912 16 163
15913 16 159
15914 16 154
15915 16 114
15916 16 129
15917 16 130
15918 16 131
15919 16 145
15920 16 137
15921 16 146
15922 16 164
15923 16 152
15924 16 161
15925 16 169
15926 16 162
15927 16 174
15928 16 182
15929 16 179
15930 17 192
15931 17 190
15932 17 192
15933 16 214
15934 16 202
15935 16 178
15936 16 174
15937 16 207
15938 16 212
15939 16 216
15940 16 188
15941 16 212
15942 16 232
15943 16 215
15944 16 200
15945 16 207
15946 16 185
15947 16 195
15948 16 178
15949 16 171
15950 16 161
15951 17 151
15952 18 131
15953 18 125
15954 18 113
15955 18 116
15956 18 120
15957 18 118
15958 18 120
15959 18 126
15960 18 133
15961 18 127
15962 18 122
15963 18 115
15964 18 121
15965 18 114
15966 18 116
15967 18 109
15968 18 111
15969 18 119
15970 18 114
15971 18 111
15972 17 146
15973 16 141
15974 16 145
15975 16 153
15976 15 147
15977 15 155
15978 15 164
15979 15 139
15980 15 130
15981 15 125
15982 15 120
15983 15 117
15984 16 108
15985 17 97
15986 17 99
15987 18 101
15988 18 103
15989 19 105
15990 19 107
15991 19 109
15992 19 111
15993 19 114
15994 19 106
15995 19 108
15996 20 99
15997 20 102
15998 20 111
15999 20 117
16000 20 120
16001 20 108
16002 20 119
16003 20 127
16004 20 116
16005 20 107
16006 20 113
16007 20 110
16008 20 121
16009 20 114
16010 20 104
16011 20 111
16012 20 117
16013 19 101
16014 19 105
16015 20 100
16016 20 94
16017 20 104
16018 20 94
16019 20 95
16020 20 95
16021 20 93
16022 20 93
16023 20 96
16024 20 91
16025 20 96
16026 20 98
16027 20 103
16028 20 96
16029 20 92
16030 20 93
16031 20 97
16032 20 93
16033 20 95
16034 20 89
16035 20 90
16036 21 91
16037 21 92
16038 22 93
16039 22 94
16040 23 95
16041 23 96
16042 23 97
16043 24 91
16044 24 90
16045 24 89
16046 24 86
16047 24 93
16048 24 94
16049 24 102
16050 24 101
16051 23 105
16052 22 105
16053 22 107
16054 22 109
16055 22 104
16056 22 106
16057 21 102
16058 22 106
16059 22 104
16060 22 110
16061 23 110
16062 24 115
16063 24 126
16064 25 127
16065 24 124
16066 25 123
16067 25 123
16068 24 139
16069 23 138
16070 23 124
16071 24 133
16072 24 141
16073 24 144
16074 24 136
16075 24 127
16076 23 136
16077 22 142
16078 21 138
16079 20 128
16080 20 129
16081 19 124
16082 19 137
16083 19 134
16084 19 136
16085 19 142
16086 20 136
16087 21 141
16088 22 131
16089 23 135
16090 24 120
16091 25 116
16092 25 111
16093 25 114
16094 26 107
16095 26 119
16096 26 118
16097 26 122
16098 27 129
16099 28 122
16100 29 122
16101 30 124
16102 31 121
16103 32 123
16104 33 137
16105 34 127
16106 35 139
16107 36 141
16108 37 146
16109 38 160
16110 38 146
16111 37 134
16112 36 138
16113 35 132
16114 34 145
16115 33 150
16116 32 146
16117 32 140
16118 32 145
16119 32 150
16120 32 165
16121 32 155
16122 32 147
16123 32 165
16124 32 190
16125 32 193
16126 32 199
16127 32 196
16128 31 200
16129 31 197
16130 31 186
16131 31 165
16132 31 162
16133 31 167
16134 31 164
16135 30 161
16136 31 177
16137 31 159
16138 31 167
16139 30 162
16140 29 155
16141 28 147
16142 26 149
16143 26 154
16144 26 167
16145 26 176
16146 26 165
16147 26 170
16148 26 179
16149 26 188
16150 27 165
16151 27 151
16152 27 149
16153 27 148
16154 27 146
16155 28 134
16156 29 122
16157 29 131
16158 29 129
16159 29 125
16160 29 129
16161 30 134
16162 30 130
16163 30 135
16164 29 141
16165 28 145
16166 27 139
16167 26 146
16168 26 139
16169 27 143
16170 28 158
16171 29 139
16172 30 143
16173 31 142
16174 31 134
16175 32 141
16176 33 132
16177 33 130
16178 34 147
16179 34 134
16180 34 146
16181 34 135
16182 34 133
16183 35 144
16184 35 145
16185 35 130
16186 36 140
16187 37 131
16188 37 137
16189 36 151
16190 36 148
16191 37 137
16192 36 154
16193 36 154
16194 36 150
16195 36 141
16196 36 133
16197 36 137
16198 35 130
16199 34 124
16200 33 128
16201 33 139
16202 34 145
16203 34 151
16204 34 155
16205 35 137
16206 35 140
16207 36 145
16208 36 120
16209 36 138
16210 37 130
16211 37 128
16212 37 123
16213 37 117
16214 36 128
16215 35 128
16216 35 125
16217 35 121
16218 35 117
16219 35 123
16220 35 130
16221 34 127
16222 34 118
16223 34 122
16224 34 137
16225 34 139
16226 34 133
16227 34 147
16228 35 149
16229 36 156
16230 37 158
16231 38 144
16232 38 150
16233 39 156
16234 40 147
16235 40 157
16236 40 155
16237 40 153
16238 39 160
16239 39 160
16240 39 161
16241 39 161
16242 39 149
16243 39 154
16244 39 162
16245 40 152
16246 40 149
16247 41 166
16248 42 167
16249 42 168
16250 43 160
16251 43 166
16252 42 175
16253 42 179
16254 42 183
16255 42 186
16256 42 190
16257 42 199
16258 42 192
16259 42 196
16260 43 200
16261 42 203
16262 41 191
16263 40 178
16264 39 196
16265 38 211
16266 38 183
16267 38 200
16268 38 185
16269 39 199
16270 40 189
16271 41 178
16272 41 174
16273 40 185
16274 39 186
16275 38 187
16276 38 188
16277 37 189
16278 36 217
16279 35 222
16280 34 211
16281 33 199
16282 32 186
16283 31 197
16284 30 198
16285 29 196
16286 29 195
16287 29 194
16288 30 193
16289 31 192
16290 31 201
16291 32 191
16292 32 190
16293 32 171
16294 32 181
16295 32 184
16296 33 172
16297 34 160
16298 34 159
16299 35 144
16300 36 155
16301 36 151
16302 37 150
16303 37 149
16304 37 147
16305 37 146
16306 36 147
16307 35 149
16308 35 151
16309 35 162
16310 35 174
16311 35 183
16312 34 187
16313 33 177
16314 32 184
16315 32 191
16316 32 181
16317 31 170
16318 30 169
16319 29 170
16320 29 178
16321 29 177
16322 30 173
16323 30 174
16324 30 174
16325 30 175
16326 30 168
16327 30 182
16328 30 187
16329 31 194
16330 32 197
16331 33 190
16332 33 183
16333 32 194
16334 31 197
16335 31 197
16336 30 184
16337 29 180
16338 29 211
16339 28 218
16340 27 207
16341 26 195
16342 25 208
16343 26 203
16344 27 197
16345 27 192
16346 27 187
16347 27 201
16348 27 215
16349 28 191
16350 28 205
16351 28 207
16352 28 195
16353 28 201
16354 28 189
16355 28 185
16356 28 187
16357 28 186
16358 28 185
16359 28 198
16360 28 184
16361 28 184
16362 29 179
16363 29 180
16364 30 173
16365 31 173
16366 31 168
16367 31 163
16368 31 164
16369 30 167
16370 29 176
16371 28 168
16372 27 174
16373 27 187
16374 27 190
16375 26 198
16376 26 213
16377 26 208
16378 26 226
16379 26 217
16380 27 209
16381 28 204
16382 27 208
16383 27 194
16384 27 180
16385 28 157
16386 28 171
16387 28 176
16388 28 185
16389 28 177
16390 28 167
16391 28 172
16392 29 178
16393 29 173
16394 28 160
16395 27 154
16396 26 148
16397 25 138
16398 24 136
16399 24 139
16400 24 131
16401 24 142
16402 24 134
16403 24 139
16404 25 155
16405 25 156
16406 25 153
16407 26 161
16408 26 146
16409 27 151
16410 27 145
16411 27 156
16412 27 159
16413 27 158
16414 27 150
16415 27 151
16416 27 167
16417 26 168
16418 26 158
16419 26 154
16420 26 153
16421 26 153
16422 26 169
16423 26 154
16424 26 151
16425 26 148
16426 26 159
16427 27 156
16428 27 162
16429 27 169
16430 27 172
16431 26 181
16432 26 166
16433 26 158
16434 26 176
16435 26 189
16436 26 175
16437 26 176
16438 26 181
16439 26 193
16440 26 211
16441 26 200
16442 26 189
16443 26 194
16444 26 187
16445 26 192
16446 26 192
16447 26 186
16448 26 191
16449 26 190
16450 26 204
16451 26 206
16452 26 214
16453 26 230
16454 27 247
16455 28 261
16456 29 268
16457 29 260
16458 29 270
16459 29 280
16460 29 278
16461 29 274
16462 29 260
16463 29 250
16464 29 262
16465 29 244
16466 28 259
16467 28 254
16468 28 256
16469 28 253
16470 27 275
16471 26 264
16472 25 303
16473 24 264
16474 23 273
16475 23 263
16476 23 277
16477 23 271
16478 23 262
16479 23 231
16480 23 252
16481 23 250
16482 23 265
16483 23 275
16484 24 268
16485 24 297
16486 23 315
16487 23 340
16488 23 330
16489 23 330
16490 23 327
16491 23 328
16492 23 316
16493 24 296
16494 24 283
16495 24 286
16496 24 282
16497 24 266
16498 24 289
16499 24 272
16500 24 293
16501 24 288
16502 24 285
16503 24 280
16504 24 276
16505 24 271
16506 24 271
16507 24 249
16508 24 252
16509 24 272
16510 23 259
16511 22 254
16512 21 262
16513 20 263
16514 19 280
16515 19 249
16516 19 268
16517 19 274
16518 19 292
16519 19 260
16520 19 267
16521 20 259
16522 21 285
16523 21 282
16524 22 281
16525 23 280
16526 24 302
16527 24 285
16528 24 299
16529 23 285
16530 23 275
16531 22 324
16532 22 323
16533 22 306
16534 22 338
16535 21 346
16536 21 371
16537 20 369
16538 20 305
16539 19 298
16540 18 331
16541 17 316
16542 16 287
16543 15 294
16544 15 290
16545 15 317
16546 15 338
16547 15 354
16548 15 383
16549 15 413
16550 15 390
16551 15 419
16552 15 407
16553 15 399
16554 15 352
16555 15 354
16556 16 303
16557 16 327
16558 16 284
16559 16 276
16560 16 278
16561 16 297
16562 16 256
16563 16 295
16564 16 260
16565 17 266
16566 17 282
16567 17 280
16568 17 272
16569 17 268
16570 17 253
16571 17 267
16572 17 261
16573 16 276
16574 15 257
16575 15 273
16576 15 287
16577 15 307
16578 15 286
16579 15 312
16580 15 287
16581 15 321
16582 15 305
16583 15 334
16584 16 296
16585 16 320
16586 16 291
16587 16 290
16588 16 283
16589 16 270
16590 16 249
16591 16 266
16592 16 267
16593 16 267
16594 16 275
16595 16 287
16596 16 279
16597 16 286
16598 16 294
16599 16 263
16600 16 280
16601 16 282
16602 17 242
16603 17 247
16604 17 221
16605 17 211
16606 17 241
16607 17 228
16608 17 208
16609 18 223
16610 19 225
16611 19 223
16612 19 230
16613 19 198
16614 19 181
16615 19 185
16616 19 186
16617 19 180
16618 19 207
16619 19 184
16620 19 208
16621 19 214
16622 20 219
16623 20 203
16624 20 203
16625 20 196
16626 20 220
16627 20 206
16628 20 212
16629 20 218
16630 20 221
16631 20 248
16632 20 239
16633 20 257
16634 20 250
16635 20 252
16636 20 245
16637 20 247
16638 20 247
16639 20 249
16640 20 218
16641 20 233
16642 20 254
16643 20 255
16644 20 256
16645 20 209
16646 20 217
16647 20 198
16648 19 164
16649 19 166
16650 19 126
16651 20 128
16652 21 106
16653 21 119
16654 22 143
16655 22 131
16656 23 134
16657 23 148
16658 24 131
16659 24 165
16660 24 164
16661 24 168
16662 25 175
16663 26 144
16664 26 164
16665 26 166
16666 26 179
16668 27 163
16669 27 150
16670 27 166
16671 27 115
16672 27 142
16673 27 127
16674 27 135
16675 27 138
16676 27 130
16677 27 123
16678 27 147
16679 26 123
16680 25 129
16681 25 128
16682 25 120
16683 25 129
16684 25 143
16685 26 126
16686 26 128
16687 26 151
16688 26 143
16689 27 145
16690 28 136
16691 28 132
16692 27 93
16693 27 106
16694 27 125
16695 27 153
16696 27 153
16697 27 174
16698 27 173
16699 28 203
16700 29 162
16701 28 167
16702 28 155
16703 28 172
16704 28 170
16705 27 175
16706 26 202
16707 26 200
16708 27 187
16709 28 180
16710 28 157
16711 29 149
16712 29 118
16715 30 105
16717 31 93
16719 32 132
16720 32 136
16721 34 135
16722 35 125
16723 36 133
16724 37 125
16725 39 122
16726 40 125
16727 40 139
16728 40 139
16729 41 136
16730 42 132
16731 42 135
16732 41 139
16733 40 136
16734 40 120
16735 40 126
16736 41 127
16737 42 136
16738 42 133
16739 43 140
16740 44 126
16741 44 140
16742 43 136
16743 44 135
16744 44 130
16745 44 134
16746 44 134
16747 44 140
16748 44 133
16749 46 133
16750 46 132
16751 47 137
16752 47 128
16753 47 116
16754 47 126
16755 47 130
16756 47 138
16757 48 139
16759 47 102
16760 47 133
16761 47 124
16762 47 151
16763 47 139
16764 46 120
16765 45 132
16766 44 143
16767 43 122
16768 42 126
16769 41 156
16770 41 169
16771 41 171
16772 41 124
16773 42 126
16774 44 134
16775 45 136
16776 45 162
16777 46 141
16778 47 132
16779 48 136
16780 48 126
16781 48 136
16782 48 149
16783 47 162
16784 47 161
16785 47 168
16786 46 179
16787 46 174
16788 45 178
16789 44 156
16790 43 179
16791 42 187
16792 44 187
16793 44 189
16794 44 206
16795 43 186
16796 43 198
16797 42 199
16798 42 191
16799 42 200
16800 43 204
16801 44 191
16802 44 211
16803 44 221
16804 45 190
16805 46 182
16807 47 159
16808 48 172
16809 48 152
16810 48 148
16811 48 175
16812 48 176
16813 49 202
16814 50 190
16815 51 176
16816 51 189
16817 51 199
16818 52 180
16820 53 150
16821 51 188
16822 50 198
16823 48 192
16824 47 177
16825 46 192
16826 45 199
16827 44 196
16828 45 185
16829 46 185
16830 48 189
16831 50 180
16832 50 191
16833 51 183
16834 54 149
16835 57 111
16836 60 123
16837 61 171
16838 63 172
16839 65 197
16840 67 193
16841 69 233
16842 68 229
16843 66 235
16844 64 213
16845 62 239
16847 62 219
16849 61 197
16850 60 184
16851 60 194
16852 60 178
16853 60 226
16854 61 166
16855 62 200
16856 63 226
16857 63 235
16858 64 195
16859 64 224
16860 64 255
16861 61 265
16862 57 225
16863 54 216
16864 51 233
16865 48 247
16866 45 212
16867 44 202
16869 44 218
16870 46 203
16871 47 204
16872 49 190
16873 51 193
16874 52 198
16875 53 195
16876 53 176
16878 55 194
16879 54 184
16880 53 181
16881 51 167
16882 50 181
16883 48 158
16884 47 173
16885 46 178
16886 45 191
16887 44 200
16888 43 216
16889 43 225
16890 42 223
16891 42 219
16892 42 210
16893 41 194
16894 39 185
16895 38 200
16896 38 182
16897 39 187
16898 40 225
16899 41 210
16900 42 219
16901 42 216
16902 42 206
16903 42 186
16904 42 175
16905 42 164
16906 41 167
16907 40 165
16908 40 165
16909 39 163
16910 39 160
16911 39 170
16912 39 167
16913 40 181
16914 41 166
16915 42 157
16916 42 159
16917 43 161
16918 44 150
16919 45 149
16920 45 144
16921 46 144
16922 46 159
16923 47 157
16924 47 150
16925 47 144
16926 47 143
16927 48 152
16928 49 157
16929 48 135
16930 47 143
16931 46 145
16932 44 165
16933 42 162
16934 42 158
16935 42 173
16937 43 186
16938 43 189
16939 42 175
16940 42 177
16941 42 186
16942 44 176
16943 45 171
16944 45 166
16945 44 161
16946 44 171
16949 44 156
16950 46 160
16951 46 156
16952 45 167
16953 45 148
16954 44 171
16955 45 178
16956 47 176
16957 48 171
16958 48 165
16959 49 162
16960 49 166
16966 48 170
16968 46 172
16969 47 180
16970 48 186
16971 48 174
16972 48 168
16974 46 173
16975 46 175
16976 47 179
16977 46 159
16978 46 196
16979 45 188
16980 44 178
16981 43 215
16982 43 204
16984 42 236
16985 42 202
16986 42 228
16987 41 225
16988 42 195
16989 43 207
16990 43 194
16991 43 185
16992 42 195
16993 42 180
16994 43 170
16995 44 159
16996 44 148
16997 43 139
16999 43 152
17000 44 143
17001 45 152
17006 47 139
17007 47 150
17008 47 150.333333333333
17009 47 150.666666666667
17010 48 151
17011 48 151.333333333333
17012 46 151.666666666667
17013 46 152
17014 47 159
17015 47 157
17016 48 164
17017 48 160
17018 48 167
17019 48 180
17020 48 154
17021 48 160
17022 49 156
17023 50 154
17024 50 136
17025 50 130
17026 51 134
17027 51 130
17028 51 151
17029 52 150
17031 54 120
17032 54 119
17033 55 106
17034 56 114
17035 56 137
17036 57 136
17037 57 151
17038 57 156
17039 58 175
17040 58 173
17042 58 195
17044 59 196
17045 60 218
17046 61 195
17047 60 227
17048 60 231
17049 59 237
17050 61 243
17051 62 256
17052 62 245
17053 60 251
17054 60 245
17055 59 251
17056 59 207
17057 59 192
17058 60 204
17059 60 214
17060 61 222
17061 60 214
17062 59 218
17063 58 266
17064 57 303
17069 53 291
17070 54 242
17071 54 199
17072 54 190
17073 54 182
17075 55 104
17076 55 134
17077 55 141
17078 56 151
17079 56 156
17080 57 152
17081 57 149
17083 56 161
17084 56 165
17085 57 138
17086 57 147
17087 57 152
17088 55 164
17089 54 172
17091 55 150
17092 54 158
17093 55 174
17094 56 159
17095 56 143
17096 57 149
17097 57 151
17098 57 154
17099 56 150
17100 56 153
17101 57 158
17102 57 160
17103 56 132
17104 56 139
17105 55 151
17106 54 160
17107 54 148
17108 53 138
17109 52 162
17110 53 149
17111 54 157
17112 54 158
17113 55 145
17114 56 151
17115 56 148
17117 56 149
17118 56 141
17119 56 145
17123 57 138
17124 57 142
17125 57 140
17126 57 139
17127 57 147
17129 57 155
17130 57 164
17131 57 145
17132 57 158
17133 57 151
17134 57 146
17135 56 156
17136 54 157
17138 53 164
17139 53 149
17140 52 172
17141 53 176
17142 54 161
17143 54 155
17144 53 164
17145 53 179
17146 53 168
17147 52 166
17148 53 170
17149 54 181
