"Index" "Price" "Volume"
14019 237 NA
14020 237 NA
14021 237 NA
14022 237 NA
14023 230 NA
14024 230 NA
14025 230 NA
14026 230 NA
14027 230 NA
14028 230 NA
14029 230 NA
14030 230 NA
14031 230 NA
14032 224 NA
14033 224 NA
14034 224 NA
14035 224 NA
14036 224 NA
14037 224 NA
14038 224 NA
14039 224 NA
14040 224 NA
14041 221 NA
14042 221 NA
14043 221 NA
14044 221 NA
14045 221 NA
14046 221 NA
14047 221 NA
14048 221 NA
14049 218 NA
14050 218 NA
14051 218 NA
14052 218 NA
14053 218 NA
14054 218 NA
14055 218 NA
14056 218 NA
14057 218 NA
14058 212 NA
14059 212 NA
14060 212 NA
14061 212 NA
14062 212 NA
14063 212 NA
14064 212 NA
14065 212 NA
14066 212 NA
14067 213 NA
14068 213 NA
14069 213 NA
14070 213 NA
14071 213 NA
14072 213 NA
14073 213 NA
14074 213 NA
14075 213 NA
14076 213 NA
14077 213 NA
14078 213 NA
14079 209 NA
14080 209 NA
14081 209 NA
14082 209 NA
14083 209 NA
14084 209 NA
14085 209 NA
14086 209 NA
14087 209 NA
14088 209 NA
14089 209 NA
14090 209 NA
14091 206 NA
14092 206 NA
14093 206 NA
14094 206 NA
14095 206 NA
14096 206 NA
14097 206 NA
14098 206 NA
14099 206 NA
14100 206 NA
14101 206 NA
14102 206 NA
14103 205 NA
14104 205 NA
14105 205 NA
14106 205 NA
14107 205 NA
14108 205 NA
14109 205 NA
14110 205 NA
14111 205 NA
14112 205 NA
14113 200 NA
14114 200 NA
14115 200 NA
14116 200 NA
14117 200 NA
14118 200 NA
14119 200 NA
14120 200 NA
14121 200 NA
14122 200 NA
14123 200 NA
14124 200 NA
14125 200 NA
14126 200 NA
14127 200 NA
14128 200 NA
14129 200 NA
14130 200 NA
14131 200 NA
14132 200 NA
14133 200 NA
14134 200 NA
14135 196 NA
14136 196 NA
14137 196 NA
14138 196 NA
14139 196 NA
14140 196 NA
14141 196 NA
14142 196 NA
14143 196 NA
14144 196 NA
14145 196 NA
14146 195 NA
14147 195 NA
14148 195 NA
14149 195 NA
14150 195 NA
14151 195 NA
14152 195 NA
14153 195 NA
14154 195 NA
14155 195 NA
14156 195 NA
14157 195 NA
14158 191 NA
14159 191 NA
14160 191 NA
14161 191 NA
14162 191 NA
14163 191 NA
14164 191 NA
14165 191 NA
14166 191 NA
14167 191 NA
14168 191 NA
14169 191 NA
14170 191 NA
14171 191 NA
14172 191 NA
14173 191 NA
14174 191 NA
14175 191 NA
14176 191 NA
14177 191 NA
14178 191 NA
14179 191 NA
14180 191 NA
14181 191 NA
14182 191 NA
14183 191 NA
14184 195 NA
14185 195 NA
14186 195 NA
14187 195 NA
14188 195 NA
14189 195 NA
14190 195 NA
14191 195 NA
14192 195 NA
14193 195 NA
14194 195 NA
14195 195 NA
14196 195 NA
14197 195 NA
14198 195 NA
14199 195 NA
14200 195 NA
14201 195 NA
14202 195 NA
14203 195 NA
14204 195 NA
14205 195 NA
14206 195 NA
14207 195 NA
14208 195 NA
14209 195 NA
14210 195 NA
14211 195 NA
14212 195 NA
14213 190 NA
14214 190 NA
14215 190 NA
14216 190 NA
14217 190 NA
14218 190 NA
14219 190 NA
14220 190 NA
14221 190 NA
14222 190 NA
14223 190 NA
14224 190 NA
14225 190 NA
14226 190 NA
14227 191 NA
14228 191 NA
14229 191 NA
14230 191 NA
14231 191 NA
14232 191 NA
14233 191 NA
14234 191 NA
14235 191 NA
14236 191 NA
14237 191 NA
14238 191 NA
14239 191 NA
14240 191 NA
14241 191 NA
14242 191 NA
14243 191 NA
14244 191 NA
14245 191 NA
14246 191 NA
14247 191 NA
14248 191 NA
14249 191 NA
14250 191 NA
14251 191 NA
14252 191 NA
14253 191 NA
14254 186 NA
14255 186 NA
14256 186 NA
14257 186 NA
14258 186 NA
14259 186 NA
14260 186 NA
14261 186 NA
14262 186 NA
14263 186 NA
14264 186 NA
14265 186 NA
14266 186 NA
14267 186 NA
14268 186 NA
14269 181 NA
14270 181 NA
14271 181 NA
14272 181 NA
14273 181 NA
14274 181 NA
14275 181 NA
14276 181 NA
14277 181 NA
14278 181 NA
14279 181 NA
14280 181 NA
14281 181 NA
14282 179 NA
14283 179 NA
14284 179 NA
14285 179 NA
14286 179 NA
14287 179 NA
14288 179 NA
14289 179 NA
14290 179 NA
14291 179 NA
14292 179 NA
14293 179 NA
14294 179 NA
14295 179 NA
14296 176 NA
14297 176 NA
14298 176 NA
14299 176 NA
14300 176 NA
14301 176 NA
14302 176 NA
14303 176 NA
14304 176 NA
14305 176 NA
14306 176 NA
14307 176 NA
14308 176 NA
14309 176 NA
14310 179 NA
14311 179 NA
14312 179 NA
14313 179 NA
14314 179 NA
14315 179 NA
14316 179 NA
14317 179 NA
14318 179 NA
14319 179 NA
14320 179 NA
14321 179 NA
14322 179 NA
14323 179 NA
14324 179 NA
14325 177 NA
14326 177 NA
14327 177 NA
14328 177 NA
14329 177 NA
14330 177 NA
14331 177 NA
14332 177 NA
14333 177 NA
14334 177 NA
14335 177 NA
14336 177 NA
14337 177 NA
14338 177 NA
14339 177 NA
14340 177 NA
14341 177 NA
14342 180 NA
14343 180 NA
14344 180 NA
14345 180 NA
14346 180 NA
14347 180 NA
14348 180 NA
14349 180 NA
14350 180 NA
14351 180 NA
14352 180 NA
14353 180 NA
14354 180 NA
14355 180 NA
14356 180 NA
14357 181 NA
14358 181 NA
14359 181 NA
14360 181 NA
14361 181 NA
14362 181 NA
14363 181 NA
14364 181 NA
14365 181 NA
14366 181 NA
14367 181 NA
14368 181 NA
14369 181 NA
14370 181 NA
14371 181 NA
14372 181 NA
14373 180 NA
14374 180 NA
14375 180 NA
14376 180 NA
14377 180 NA
14378 180 NA
14379 180 NA
14380 180 NA
14381 180 NA
14382 180 NA
14383 180 NA
14384 180 NA
14385 180 NA
14386 180 NA
14387 180 NA
14388 180 NA
14389 180 NA
14390 181 NA
14391 181 NA
14392 181 NA
14393 181 NA
14394 181 NA
14395 181 NA
14396 181 NA
14397 181 NA
14398 181 NA
14399 181 NA
14400 181 NA
14401 181 NA
14402 181 NA
14403 181 NA
14404 181 NA
14405 181 NA
14406 181 NA
14407 181 NA
14408 181 NA
14409 183 NA
14410 183 NA
14411 183 NA
14412 183 NA
14413 183 NA
14414 183 NA
14415 183 NA
14416 183 NA
14417 183 NA
14418 183 NA
14419 183 NA
14420 183 NA
14421 183 NA
14422 183 NA
14423 183 NA
14424 183 NA
14425 183 NA
14426 183 NA
14428 183 NA
14429 183 NA
14430 183 NA
14431 183 NA
14432 183 NA
14433 183 NA
14434 183 NA
14435 183 NA
14436 181 NA
14437 181 NA
14438 181 NA
14439 181 NA
14440 181 NA
14441 181 NA
14442 181 NA
14443 181 NA
14444 181 NA
14445 181 NA
14446 181 NA
14447 181 NA
14448 181 NA
14449 181 NA
14450 181 NA
14451 183 NA
14452 183 NA
14453 183 NA
14454 183 NA
14455 183 NA
14456 183 NA
14457 183 NA
14458 183 NA
14459 183 NA
14460 183 NA
14461 183 NA
14462 183 NA
14463 183 NA
14464 183 NA
14465 183 NA
14466 184 NA
14467 184 NA
14468 184 NA
14469 184 NA
14470 184 NA
14471 184 NA
14472 184 NA
14473 184 NA
14474 184 NA
14475 184 NA
14476 184 NA
14477 184 NA
14478 184 NA
14479 184 NA
14480 186 NA
14481 186 NA
14482 186 NA
14483 186 NA
14484 186 NA
14485 186 NA
14486 186 NA
14487 186 NA
14488 186 NA
14489 186 NA
14490 186 NA
14491 186 NA
14492 186 NA
14493 186 NA
14494 186 NA
14495 186 NA
14496 186 NA
14497 186 NA
14498 186 NA
14499 182 NA
14500 182 NA
14501 182 NA
14502 182 NA
14503 182 NA
14504 182 NA
14505 182 NA
14506 182 NA
14507 182 NA
14508 182 NA
14509 182 NA
14510 182 NA
14511 182 NA
14512 182 NA
14513 182 NA
14514 182 NA
14515 182 NA
14516 182 NA
14517 182 NA
14518 182 NA
14519 181 NA
14520 181 NA
14521 181 NA
14522 181 NA
14523 181 NA
14524 181 NA
14525 181 NA
14526 181 NA
14527 181 NA
14528 181 NA
14529 181 NA
14530 181 NA
14531 181 NA
14532 181 NA
14533 181 NA
14534 181 NA
14535 181 NA
14536 181 NA
14537 181 NA
14538 181 NA
14539 181 NA
14540 181 NA
14541 181 NA
14542 181 NA
14543 181 NA
14544 181 NA
14545 181 NA
14546 181 NA
14547 181 NA
14548 181 NA
14549 181 NA
14550 181 NA
14551 181 NA
14552 181 NA
14553 181 NA
14554 181 NA
14555 178 NA
14556 178 NA
14557 178 NA
14558 178 NA
14559 178 NA
14560 178 NA
14561 178 NA
14562 178 NA
14563 178 NA
14564 178 NA
14565 178 NA
14566 178 NA
14567 178 NA
14568 178 NA
14569 178 NA
14570 178 NA
14571 178 NA
14572 178 NA
14573 178 NA
14574 178 NA
14575 178 NA
14576 178 NA
14577 178 NA
14578 178 NA
14579 178 NA
14580 178 NA
14581 178 NA
14582 178 NA
14583 178 NA
14584 178 NA
14585 178 NA
14586 178 NA
14587 178 NA
14588 178 NA
14589 178 NA
14590 178 NA
14591 180 NA
14592 180 NA
14593 180 NA
14594 180 NA
14595 180 NA
14596 180 NA
14597 180 NA
14598 180 NA
14599 180 NA
14600 180 NA
14601 180 NA
14602 180 NA
14603 180 NA
14604 180 NA
14605 180 NA
14606 180 NA
14607 180 NA
14608 180 NA
14609 180 NA
14610 180 NA
14611 180 NA
14612 180 NA
14613 180 NA
14614 180 NA
14615 180 NA
14616 180 NA
14617 180 NA
14618 180 NA
14619 180 NA
14620 180 NA
14621 180 NA
14622 180 NA
14623 180 NA
14624 180 NA
14625 180 NA
14626 180 NA
14627 180 NA
14628 180 NA
14629 180 NA
14630 180 NA
14631 180 NA
14632 180 NA
14633 180 NA
14634 180 NA
14635 180 NA
14636 180 NA
14637 180 NA
14638 180 NA
14639 180 NA
14640 180 NA
14641 180 NA
14642 180 NA
14643 180 NA
14644 180 NA
14645 178 NA
14646 178 NA
14647 178 NA
14648 178 NA
14649 178 NA
14650 178 NA
14651 178 NA
14653 178 NA
14654 178 NA
14655 178 NA
14656 178 NA
14657 178 NA
14658 178 NA
14659 178 NA
14660 178 NA
14661 178 NA
14662 178 NA
14663 178 NA
14664 178 NA
14665 178 NA
14666 178 NA
14667 178 NA
14668 178 NA
14669 178 NA
14670 178 NA
14671 178 NA
14672 178 NA
14673 178 NA
14674 178 NA
14675 178 NA
14676 178 NA
14677 178 NA
14678 178 NA
14679 178 NA
14680 178 NA
14681 180 NA
14682 180 NA
14683 180 NA
14684 180 NA
14685 180 NA
14686 180 NA
14687 180 NA
14688 180 NA
14689 180 NA
14690 180 NA
14691 180 NA
14692 180 NA
14693 180 NA
14694 180 NA
14695 180 NA
14696 180 NA
14697 180 NA
14698 180 NA
14699 180 NA
14700 180 NA
14701 180 NA
14702 182 NA
14703 182 NA
14704 182 NA
14705 182 NA
14706 182 NA
14707 182 NA
14708 182 NA
14709 182 NA
14710 182 NA
14711 182 NA
14712 182 NA
14713 182 NA
14714 182 NA
14715 182 NA
14716 182 NA
14717 182 NA
14718 182 NA
14719 182 NA
14720 182 NA
14721 182 NA
14722 182 NA
14723 182 NA
14724 182 NA
14725 182 NA
14726 186 NA
14727 186 NA
14728 186 NA
14729 186 NA
14730 186 NA
14731 186 NA
14732 186 NA
14733 186 NA
14734 186 NA
14735 186 NA
14736 186 NA
14737 186 NA
14738 186 NA
14739 186 NA
14740 186 NA
14741 186 NA
14742 186 NA
14743 186 NA
14744 186 NA
14745 186 NA
14746 186 NA
14747 186 NA
14748 186 NA
14749 186 NA
14750 186 NA
14751 186 NA
14752 191 NA
14753 191 NA
14754 191 NA
14755 191 NA
14756 191 NA
14757 191 NA
14758 191 NA
14759 191 NA
14760 191 NA
14761 191 NA
14762 191 NA
14763 191 NA
14764 191 NA
14765 191 NA
14766 191 NA
14767 191 NA
14768 191 NA
14769 191 NA
14770 191 NA
14771 191 NA
14772 191 NA
14773 191 NA
14774 191 NA
14775 191 NA
14776 191 NA
14777 191 NA
14778 191 NA
14779 191 NA
14780 186 NA
14781 186 NA
14782 186 NA
14783 186 NA
14784 186 NA
14785 186 NA
14786 186 NA
14787 186 NA
14788 186 NA
14789 186 NA
14790 186 NA
14791 186 NA
14792 186 NA
14793 186 NA
14794 186 NA
14795 186 NA
14796 186 NA
14797 186 NA
14798 186 NA
14799 186 NA
14800 186 NA
14801 186 NA
14802 186 NA
14803 186 NA
14804 186 NA
14805 186 NA
14806 186 NA
14807 186 NA
14808 186 NA
14809 186 NA
14810 186 NA
14811 186 NA
14812 186 NA
14813 186 NA
14814 186 NA
14815 186 NA
14816 186 NA
14817 186 NA
14818 186 NA
14819 186 NA
14820 186 NA
14821 185 NA
14822 185 NA
14823 185 NA
14824 185 NA
14825 185 NA
14826 185 NA
14827 185 NA
14828 185 NA
14829 185 NA
14830 185 NA
14831 185 NA
14832 185 NA
14833 185 NA
14834 185 NA
14835 185 NA
14836 185 NA
14837 185 NA
14838 185 NA
14839 185 NA
14840 185 NA
14841 185 NA
14842 185 NA
14843 185 NA
14844 185 NA
14845 185 NA
14846 185 NA
14847 185 NA
14848 185 NA
14849 185 NA
14850 185 NA
14851 185 NA
14852 185 NA
14853 185 NA
14854 185 NA
14855 185 NA
14856 185 NA
14857 185 NA
14858 185 NA
14859 185 NA
14860 185 NA
14861 185 NA
14862 185 NA
14863 185 NA
14864 185 NA
14865 185 NA
14866 185 NA
14867 185 NA
14868 185 NA
14869 185 NA
14870 185 NA
14871 185 NA
14872 185 NA
14873 185 NA
14874 185 NA
14875 185 NA
14876 185 NA
14877 185 NA
14878 185 NA
14879 185 NA
14880 185 NA
14881 185 NA
14882 185 NA
14883 185 NA
14884 186 NA
14885 186 NA
14886 186 NA
14887 186 NA
14888 186 NA
14889 186 NA
14890 186 NA
14891 186 NA
14892 186 NA
14893 186 NA
14894 186 NA
14895 186 NA
14896 186 NA
14897 186 NA
14898 186 NA
14899 186 NA
14900 186 NA
14901 186 NA
14902 186 NA
14903 186 NA
14904 186 NA
14905 186 NA
14906 186 NA
14907 186 NA
14908 186 NA
14909 186 NA
14910 186 NA
14911 186 NA
14912 186 NA
14913 186 NA
14914 186 NA
14915 186 NA
14916 186 NA
14917 186 NA
14918 186 NA
14920 186 NA
14921 186 NA
14922 186 NA
14923 186 NA
14924 194 NA
14925 194 NA
14926 194 NA
14927 194 NA
14928 194 NA
14929 194 NA
14930 194 NA
14931 194 NA
14932 194 NA
14933 194 NA
14934 194 NA
14935 194 NA
14936 194 NA
14937 194 NA
14938 194 NA
14939 194 NA
14940 194 NA
14941 194 NA
14942 194 NA
14943 194 NA
14944 194 NA
14945 194 NA
14946 194 NA
14947 194 NA
14948 194 NA
14949 194 NA
14950 194 NA
14951 194 NA
14952 194 NA
14953 194 NA
14954 194 NA
14955 194 NA
14956 194 NA
14957 194 NA
14958 194 NA
14959 194 NA
14960 194 NA
14961 194 NA
14962 194 NA
14963 194 NA
14964 194 NA
14965 194 NA
14966 194 NA
14967 194 NA
14968 194 NA
14969 194 NA
14970 194 NA
14971 194 NA
14972 194 NA
14973 194 NA
14974 194 NA
14981 194 NA
14988 194 NA
14995 194 NA
15002 194 NA
15009 194 NA
15013 190 NA
15020 190 NA
15027 190 NA
15034 190 NA
15039 190 NA
15042 186 NA
15049 186 NA
15056 186 NA
15063 186 NA
15070 186 NA
15077 186 NA
15080 186 NA
15084 181 NA
15091 181 NA
15098 181 NA
15105 181 NA
15112 181 NA
15119 181 NA
15126 181 NA
15133 181 NA
15136 181 NA
15137 178 NA
15144 178 NA
15151 178 NA
15158 178 NA
15165 178 NA
15172 178 NA
15179 178 NA
15182 176 NA
15189 176 NA
15196 176 NA
15203 176 NA
15210 176 NA
15217 176 NA
15224 176 NA
15227 176 NA
15232 174 NA
15239 174 NA
15246 174 NA
15253 174 NA
15260 174 NA
15267 174 NA
15274 174 NA
15281 174 NA
15288 174 NA
15295 174 NA
15302 174 NA
15309 174 NA
15316 174 NA
15318 174 NA
15319 170 NA
15326 170 NA
15333 170 NA
15340 170 NA
15341 170 NA
15342 170 NA
15343 170 NA
15344 170 NA
15345 170 NA
15346 170 NA
15347 170 NA
15348 170 NA
15349 170 NA
15350 170 NA
15351 170 NA
15352 170 NA
15353 170 NA
15354 170 NA
15355 170 NA
15356 170 NA
15357 170 NA
15358 170 NA
15359 170 NA
15360 170 NA
15361 170 NA
15362 170 NA
15363 170 NA
15364 170 NA
15365 170 NA
15366 170 NA
15367 170 NA
15368 170 NA
15369 170 NA
15370 170 NA
15371 170 NA
15372 170 NA
15373 170 NA
15374 170 NA
15375 170 NA
15376 170 NA
15377 170 NA
15378 170 NA
15379 170 NA
15380 170 NA
15381 170 NA
15382 171 NA
15383 171 NA
15384 171 NA
15385 171 NA
15386 171 NA
15387 171 NA
15388 171 NA
15389 171 NA
15390 171 NA
15391 171 NA
15392 171 NA
15393 171 NA
15394 171 NA
15395 171 NA
15396 171 NA
15397 171 NA
15398 171 NA
15399 171 NA
15400 171 NA
15401 171 NA
15402 171 NA
15403 171 NA
15404 171 NA
15405 171 NA
15406 171 NA
15407 171 NA
15408 171 NA
15409 171 NA
15410 171 NA
15411 171 NA
15412 171 NA
15413 171 NA
15414 171 NA
15415 171 NA
15416 171 NA
15417 171 NA
15418 171 NA
15419 171 NA
15420 171 NA
15421 171 NA
15422 171 NA
15423 171 NA
15424 171 NA
15425 171 NA
15426 171 NA
15427 171 NA
15428 171 NA
15429 171 NA
15430 171 NA
15431 171 NA
15432 171 NA
15433 171 NA
15434 171 NA
15435 171 NA
15436 171 NA
15437 171 NA
15438 171 NA
15439 171 NA
15440 171 NA
15441 171 NA
15442 171 NA
15443 171 NA
15444 171 NA
15445 171 NA
15446 171 NA
15447 171 NA
15448 171 NA
15449 171 NA
15450 171 NA
15451 171 NA
15452 171 NA
15453 171 NA
15454 171 NA
15455 171 NA
15456 171 NA
15457 171 NA
15458 171 NA
15459 171 NA
15460 171 NA
15461 171 NA
15462 171 NA
15463 171 NA
15464 170 NA
15465 170 NA
15466 170 NA
15467 170 NA
15468 170 NA
15469 170 NA
15470 170 NA
15471 170 NA
15472 170 NA
15473 170 NA
15474 170 NA
15475 170 NA
15476 170 NA
15477 170 NA
15478 170 NA
15479 170 NA
15480 170 NA
15481 170 NA
15482 170 NA
15483 170 NA
15484 170 NA
15485 170 NA
15486 170 NA
15487 170 NA
15488 170 NA
15489 170 NA
15490 170 NA
15491 170 NA
15492 170 NA
15493 170 NA
15494 170 NA
15495 170 NA
15496 170 NA
15497 170 NA
15498 170 NA
15499 170 NA
15500 170 NA
15501 170 NA
15502 170 NA
15503 170 NA
15504 170 NA
15505 170 NA
15506 170 NA
15507 170 NA
15508 170 NA
15509 170 NA
15510 170 NA
15511 170 NA
15512 170 NA
15513 170 NA
15514 170 NA
15515 170 NA
15516 170 NA
15517 170 NA
15518 170 NA
15519 170 NA
15520 170 NA
15521 170 NA
15522 170 NA
15523 170 NA
15524 170 NA
15525 170 NA
15526 170 NA
15527 170 NA
15528 170 NA
15529 170 NA
15530 170 NA
15531 170 NA
15532 170 NA
15533 170 NA
15534 170 NA
15535 169 NA
15536 169 NA
15537 169 NA
15538 169 NA
15539 169 NA
15540 169 NA
15541 169 NA
15542 169 NA
15543 169 NA
15544 169 NA
15545 169 NA
15546 169 NA
15547 169 NA
15548 169 NA
15549 169 NA
15550 169 NA
15551 169 NA
15552 169 NA
15553 169 NA
15554 169 NA
15555 169 NA
15556 169 NA
15557 169 NA
15558 169 NA
15559 169 NA
15560 169 NA
15561 169 NA
15562 169 NA
15563 169 NA
15564 169 NA
15565 169 NA
15566 169 NA
15567 169 NA
15568 169 NA
15569 169 NA
15570 169 NA
15571 169 NA
15572 169 NA
15573 169 NA
15574 169 NA
15575 169 NA
15576 169 NA
15577 169 NA
15578 169 NA
15579 169 NA
15580 169 NA
15581 169 NA
15582 169 NA
15583 169 NA
15584 169 NA
15585 169 NA
15586 169 NA
15587 169 NA
15588 169 NA
15589 169 NA
15590 169 NA
15591 169 NA
15592 169 NA
15593 169 NA
15594 169 NA
15595 169 NA
15596 169 NA
15597 169 NA
15598 169 NA
15599 169 NA
15600 169 NA
15601 169 NA
15602 169 NA
15603 169 NA
15604 169 NA
15605 169 NA
15606 169 NA
15607 169 NA
15608 169 NA
15609 169 NA
15610 169 NA
15611 169 NA
15612 169 NA
15613 169 NA
15614 172 NA
15615 172 NA
15616 172 NA
15617 172 NA
15618 172 NA
15619 172 NA
15620 172 NA
15621 172 NA
15622 172 NA
15623 172 NA
15624 172 NA
15625 172 NA
15626 172 NA
15627 172 NA
15628 172 NA
15629 172 NA
15630 172 NA
15631 172 NA
15632 172 NA
15633 172 NA
15634 172 NA
15635 172 NA
15636 172 NA
15637 172 NA
15638 172 NA
15639 172 NA
15640 172 NA
15641 172 NA
15642 172 NA
15643 172 NA
15644 172 NA
15645 172 NA
15646 172 NA
15647 172 NA
15648 172 NA
15649 172 NA
15650 172 NA
15651 172 NA
15652 172 NA
15653 172 NA
15654 172 NA
15655 172 NA
15656 172 NA
15657 172 NA
15658 172 NA
15659 172 NA
15660 172 NA
15661 172 NA
15662 172 NA
15663 172 NA
15664 172 NA
15665 172 NA
15666 172 NA
15667 172 NA
15668 172 NA
15669 172 NA
15670 172 NA
15671 172 NA
15672 172 NA
15673 172 NA
15674 172 NA
15675 172 NA
15676 172 NA
15677 172 NA
15678 172 NA
15679 172 NA
15680 172 NA
15681 172 NA
15682 172 NA
15683 172 NA
15684 172 NA
15685 172 NA
15686 172 NA
15687 172 NA
15688 172 NA
15689 172 NA
15690 172 NA
15691 172 NA
15692 172 NA
15693 172 NA
15694 172 NA
15695 172 NA
15696 172 NA
15697 172 NA
15698 172 NA
15699 172 NA
15700 172 NA
15701 172 NA
15702 172 NA
15703 172 NA
15704 172 NA
15705 172 NA
15706 172 NA
15707 172 NA
15708 172 NA
15709 172 NA
15710 172 NA
15711 172 NA
15712 172 NA
15713 172 NA
15714 172 NA
15715 172 NA
15716 172 NA
15717 172 NA
15718 172 NA
15719 172 NA
15720 172 NA
15721 172 NA
15722 172 NA
15723 172 NA
15724 172 NA
15725 172 NA
15726 170 NA
15727 170 NA
15728 170 NA
15729 170 NA
15730 170 NA
15731 170 NA
15732 170 NA
15733 170 NA
15734 170 NA
15735 170 NA
15736 170 NA
15737 170 NA
15738 170 NA
15739 170 NA
15740 170 NA
15741 170 NA
15742 170 NA
15743 170 NA
15744 170 NA
15745 170 NA
15746 170 NA
15747 170 NA
15748 170 NA
15749 170 NA
15750 170 NA
15751 170 NA
15752 170 NA
15753 170 NA
15754 170 NA
15755 170 NA
15756 170 NA
15757 170 NA
15758 170 NA
15759 170 NA
15760 170 NA
15761 170 NA
15762 170 NA
15763 170 NA
15764 170 NA
15765 170 NA
15766 170 NA
15767 170 NA
15768 170 NA
15769 170 NA
15770 170 NA
15771 170 NA
15772 170 NA
15773 170 NA
15774 170 NA
15775 170 NA
15776 170 NA
15777 170 NA
15778 170 NA
15779 170 NA
15780 170 NA
15781 170 NA
15782 170 NA
15783 170 NA
15784 170 NA
15785 170 NA
15786 170 NA
15787 170 NA
15788 170 NA
15789 170 NA
15790 170 NA
15791 170 NA
15792 170 NA
15793 170 NA
15794 170 NA
15795 170 NA
15796 170 NA
15797 170 NA
15798 170 NA
15799 170 NA
15800 170 NA
15801 170 NA
15802 170 NA
15803 170 NA
15804 170 NA
15805 170 NA
15806 170 NA
15807 170 NA
15808 170 NA
15809 170 NA
15810 170 NA
15811 170 NA
15812 170 NA
15813 170 NA
15814 170 NA
15815 170 NA
15816 170 NA
15817 170 NA
15818 170 NA
15819 170 NA
15820 170 NA
15821 170 NA
15822 170 NA
15823 170 NA
15824 170 NA
15825 170 NA
15826 170 NA
15827 170 NA
15828 170 NA
15829 170 NA
15830 170 NA
15831 170 NA
15832 170 NA
15833 170 NA
15834 170 NA
15835 170 NA
15836 170 NA
15837 170 NA
15838 170 NA
15839 170 NA
15840 170 NA
15841 170 NA
15842 170 NA
15843 170 NA
15844 170 NA
15845 170 NA
15846 170 NA
15847 170 NA
15848 170 NA
15849 170 NA
15850 170 NA
15851 170 NA
15852 170 NA
15853 170 NA
15854 170 NA
15855 170 NA
15856 170 NA
15857 170 NA
15858 170 NA
15859 170 NA
15860 170 NA
15861 170 NA
15862 170 NA
15863 170 NA
15864 170 NA
15865 170 NA
15866 170 NA
15867 170 NA
15868 170 NA
15869 170 NA
15870 170 NA
15871 170 NA
15872 170 NA
15873 170 NA
15874 170 NA
15875 170 NA
15876 170 NA
15877 170 NA
15878 170 NA
15879 170 NA
15880 170 NA
15881 170 NA
15882 170 NA
15883 170 NA
15884 170 NA
15885 170 NA
15886 170 NA
15887 170 NA
15888 170 NA
15889 170 NA
15890 170 NA
15891 170 NA
15892 170 NA
15893 170 NA
15894 170 NA
15895 170 NA
15896 170 NA
15897 170 NA
15898 170 NA
15899 170 NA
15900 170 NA
15901 170 NA
15902 170 NA
15903 170 NA
15904 170 NA
15905 170 NA
15906 170 NA
15907 170 NA
15908 170 NA
15909 170 NA
15910 170 NA
15911 170 NA
15912 170 NA
15913 170 NA
15914 170 NA
15915 170 NA
15916 170 NA
15917 170 NA
15918 170 NA
15919 170 NA
15920 170 NA
15921 170 NA
15922 170 NA
15923 170 NA
15924 170 NA
15925 170 NA
15926 170 NA
15927 170 NA
15928 170 NA
15929 170 NA
15930 170 NA
15931 170 NA
15932 170 NA
15933 170 NA
15934 170 NA
15935 170 NA
15936 170 NA
15937 170 NA
15938 170 NA
15939 170 NA
15940 170 NA
15941 170 NA
15942 170 NA
15943 170 NA
15944 168 NA
15945 168 NA
15946 168 NA
15947 168 NA
15948 168 NA
15949 168 NA
15950 168 NA
15951 168 NA
15952 168 NA
15953 168 NA
15954 168 NA
15955 168 NA
15956 168 NA
15957 168 NA
15958 168 NA
15959 168 NA
15960 168 NA
15961 168 NA
15962 168 NA
15963 168 NA
15964 168 NA
15965 168 NA
15966 168 NA
15967 168 NA
15968 168 NA
15969 168 NA
15970 168 NA
15971 168 NA
15972 168 NA
15973 168 NA
15974 168 NA
15975 168 NA
15976 168 NA
15977 168 NA
15978 168 NA
15979 168 NA
15980 168 NA
15981 168 NA
15982 168 NA
15983 168 NA
15984 168 NA
15985 168 NA
15986 168 NA
15987 168 NA
15988 168 NA
15989 168 NA
15990 168 NA
15991 168 NA
15992 168 NA
15993 168 NA
15994 168 NA
15995 168 NA
15996 168 NA
15997 168 NA
15998 168 NA
15999 168 NA
16000 168 NA
16001 168 NA
16002 168 NA
16003 168 NA
16004 168 NA
16005 168 NA
16006 168 NA
16007 168 NA
16008 168 NA
16009 168 NA
16010 168 NA
16011 168 NA
16012 168 NA
16013 168 NA
16014 168 NA
16015 168 NA
16016 168 NA
16017 168 NA
16018 168 NA
16019 168 NA
16020 168 NA
16021 168 NA
16022 168 NA
16023 168 NA
16024 168 NA
16025 168 NA
16026 168 NA
16027 168 NA
16028 168 NA
16029 168 NA
16030 168 NA
16031 168 NA
16032 168 NA
16033 168 NA
16034 168 NA
16035 168 NA
16036 168 NA
16037 168 NA
16038 168 NA
16039 168 NA
16040 168 NA
16041 168 NA
16042 168 NA
16043 168 NA
16044 168 NA
16045 168 NA
16046 168 NA
16047 168 NA
16048 168 NA
16049 168 NA
16050 168 NA
16051 168 NA
16052 168 NA
16053 168 NA
16054 168 NA
16055 168 NA
16056 168 NA
16057 168 NA
16058 168 NA
16059 168 NA
16060 168 NA
16061 168 NA
16062 168 NA
16063 168 NA
16064 168 NA
16065 168 NA
16066 168 NA
16067 168 NA
16068 168 NA
16069 168 NA
16070 168 NA
16071 168 NA
16072 168 NA
16073 168 NA
16074 168 NA
16075 168 NA
16076 168 NA
16077 168 NA
16078 168 NA
16079 168 NA
16080 168 NA
16081 168 NA
16082 168 NA
16083 168 NA
16084 168 NA
16085 168 NA
16086 168 NA
16087 168 NA
16088 168 NA
16089 168 NA
16090 168 NA
16091 168 NA
16092 168 NA
16093 168 NA
16094 168 NA
16095 168 NA
16096 168 NA
16097 168 NA
16098 168 NA
16099 168 NA
16100 168 NA
16101 168 NA
16102 168 NA
16103 168 NA
16104 168 NA
16105 168 NA
16106 168 NA
16107 168 NA
16108 168 NA
16109 168 NA
16110 168 NA
16111 168 NA
16112 168 NA
16113 168 NA
16114 168 NA
16115 168 NA
16116 168 NA
16117 168 NA
16118 168 NA
16119 168 NA
16120 168 NA
16121 168 NA
16122 168 NA
16123 168 NA
16124 168 NA
16125 168 NA
16126 168 NA
16127 168 NA
16128 168 NA
16129 168 NA
16130 168 NA
16131 168 NA
16132 168 NA
16133 168 NA
16134 168 NA
16135 168 NA
16136 168 NA
16137 168 NA
16138 168 NA
16139 168 NA
16140 168 NA
16141 168 NA
16142 168 NA
16143 168 NA
16144 168 NA
16145 168 NA
16146 168 NA
16147 168 NA
16148 168 NA
16149 168 NA
16150 168 NA
16151 168 NA
16152 168 NA
16153 168 NA
16154 168 NA
16155 168 NA
16156 168 NA
16157 168 NA
16158 168 NA
16159 168 NA
16160 168 NA
16161 168 NA
16162 168 NA
16163 168 NA
16164 168 NA
16165 168 NA
16166 168 NA
16167 168 NA
16168 168 NA
16169 168 NA
16170 168 NA
16171 168 NA
16172 168 NA
16173 168 NA
16174 168 NA
16175 168 NA
16176 168 NA
16177 168 NA
16178 168 NA
16179 168 NA
16180 168 NA
16181 168 NA
16182 168 NA
16183 168 NA
16184 168 NA
16185 168 NA
16186 168 NA
16187 168 NA
16188 168 NA
16189 168 NA
16190 168 NA
16191 168 NA
16192 168 NA
16193 168 NA
16194 168 NA
16195 168 NA
16196 168 NA
16197 168 NA
16198 168 NA
16199 168 NA
16200 168 NA
16201 168 NA
16202 168 NA
16203 168 NA
16204 168 NA
16205 168 NA
16206 168 NA
16207 168 NA
16208 168 NA
16209 168 NA
16210 168 NA
16211 168 NA
16212 168 NA
16213 168 NA
16214 168 NA
16215 168 NA
16216 168 NA
16217 168 NA
16218 168 NA
16219 168 NA
16220 168 NA
16221 168 NA
16222 168 NA
16223 168 NA
16224 168 NA
16225 168 NA
16226 168 NA
16227 168 NA
16228 168 NA
16229 168 NA
16230 168 NA
16231 168 NA
16232 168 NA
16233 168 NA
16234 168 NA
16235 168 NA
16236 168 NA
16237 168 NA
16238 168 NA
16239 168 NA
16240 168 NA
16241 168 NA
16242 168 NA
16243 168 NA
16244 168 NA
16245 168 NA
16246 168 NA
16247 168 NA
16248 168 NA
16249 168 NA
16250 168 NA
16251 168 NA
16252 168 NA
16253 168 NA
16254 168 NA
16255 168 NA
16256 168 NA
16257 168 NA
16258 168 NA
16259 168 NA
16260 168 NA
16261 168 NA
16262 168 NA
16263 168 NA
16264 168 NA
16265 168 NA
16266 168 NA
16267 168 NA
16268 168 NA
16269 168 NA
16270 168 NA
16271 168 NA
16272 168 NA
16273 168 NA
16274 168 NA
16275 168 NA
16276 168 NA
16277 168 NA
16278 168 NA
16279 168 NA
16280 168 NA
16281 168 NA
16282 168 NA
16283 168 NA
16284 168 NA
16285 168 NA
16286 168 NA
16287 168 NA
16288 168 NA
16289 168 NA
16290 168 NA
16291 168 NA
16292 168 NA
16293 168 NA
16294 168 NA
16295 168 NA
16296 173 NA
16297 173 NA
16298 173 NA
16299 173 NA
16300 173 NA
16301 173 NA
16302 173 NA
16303 173 NA
16304 173 NA
16305 173 NA
16306 173 NA
16307 173 NA
16308 173 NA
16309 173 NA
16310 173 NA
16311 173 NA
16312 173 NA
16313 173 NA
16314 173 NA
16315 173 NA
16316 173 NA
16317 173 NA
16318 173 NA
16319 173 NA
16320 173 NA
16321 173 NA
16322 173 NA
16323 173 NA
16324 173 NA
16325 173 NA
16326 173 NA
16327 173 NA
16328 173 NA
16329 173 NA
16330 173 NA
16331 173 NA
16332 173 NA
16333 173 NA
16334 173 NA
16335 173 NA
16336 173 NA
16337 173 NA
16338 173 NA
16339 173 NA
16340 173 NA
16341 173 NA
16342 173 NA
16343 173 NA
16344 173 NA
16345 173 NA
16346 173 NA
16347 173 NA
16348 173 NA
16349 173 NA
16350 173 NA
16351 173 NA
16352 173 NA
16353 173 NA
16354 173 NA
16355 173 NA
16356 173 NA
16357 173 NA
16358 173 NA
16359 173 NA
16360 173 NA
16361 173 NA
16362 173 NA
16363 173 NA
16364 173 NA
16365 173 NA
16366 173 NA
16367 173 NA
16368 173 NA
16369 173 NA
16370 173 NA
16371 173 NA
16372 173 NA
16373 173 NA
16374 173 NA
16375 173 NA
16376 173 NA
16377 173 NA
16378 173 NA
16379 173 NA
16380 173 NA
16381 173 NA
16382 173 NA
16383 173 NA
16384 173 NA
16385 173 NA
16386 173 NA
16387 173 NA
16388 173 NA
16389 173 NA
16390 173 NA
16391 173 NA
16392 173 NA
16393 173 NA
16394 173 NA
16395 173 NA
16396 173 NA
16397 173 NA
16398 173 NA
16399 173 NA
16400 173 NA
16401 173 NA
16402 173 NA
16403 173 NA
16404 173 NA
16405 173 NA
16406 173 NA
16407 173 NA
16408 173 NA
16409 173 NA
16410 173 NA
16411 173 NA
16412 173 NA
16413 173 NA
16414 173 NA
16415 173 NA
16416 173 NA
16417 173 NA
16418 173 NA
16419 173 NA
16420 173 NA
16421 173 NA
16422 173 NA
16423 173 NA
16424 173 NA
16425 173 NA
16426 173 NA
16427 173 NA
16428 173 NA
16429 173 NA
16430 173 NA
16431 173 NA
16432 173 NA
16433 173 NA
16434 173 NA
16435 173 NA
16436 173 NA
16437 173 NA
16438 173 NA
16439 173 NA
16440 173 NA
16441 173 NA
16442 173 NA
16443 173 NA
16444 173 NA
16445 173 NA
16446 173 NA
16447 173 NA
16448 173 NA
16449 173 NA
16450 173 NA
16451 173 NA
16452 173 NA
16453 173 NA
16454 173 NA
16455 173 NA
16456 173 NA
16457 173 NA
16458 173 NA
16459 173 NA
16460 173 NA
16461 173 NA
16462 173 NA
16463 173 NA
16464 173 NA
16465 173 NA
16466 173 NA
16467 173 NA
16468 173 NA
16469 173 NA
16470 173 NA
16471 173 NA
16472 173 NA
16473 173 NA
16474 173 NA
16475 173 NA
16476 173 NA
16477 173 NA
16478 173 NA
16479 173 NA
16480 173 NA
16481 173 NA
16482 173 NA
16483 173 NA
16484 173 NA
16485 173 NA
16486 173 NA
16487 173 NA
16488 173 NA
16489 173 NA
16490 173 NA
16491 173 NA
16492 173 NA
16493 173 NA
16494 173 NA
16495 173 NA
16496 173 NA
16497 173 NA
16498 173 NA
16499 173 NA
16500 173 NA
16501 173 NA
16502 173 NA
16503 173 NA
16504 173 NA
16505 173 NA
16506 173 NA
16507 173 NA
16508 173 NA
16509 173 NA
16510 173 NA
16511 173 NA
16512 173 NA
16513 173 NA
16514 173 NA
16515 173 NA
16516 173 NA
16517 173 NA
16518 173 NA
16519 173 NA
16520 173 NA
16521 173 NA
16522 173 NA
16523 173 NA
16524 173 NA
16525 173 NA
16526 173 NA
16527 173 NA
16528 173 NA
16529 173 NA
16530 173 NA
16531 173 NA
16532 173 NA
16533 173 NA
16534 173 NA
16535 173 NA
16536 173 NA
16537 173 NA
16538 173 NA
16539 173 NA
16540 173 NA
16541 173 NA
16542 173 NA
16543 173 NA
16544 173 NA
16545 173 NA
16546 173 NA
16547 173 NA
16548 173 NA
16549 173 NA
16550 173 NA
16551 173 NA
16552 173 NA
16553 173 NA
16554 173 NA
16555 173 NA
16556 173 NA
16557 173 NA
16558 173 NA
16559 173 NA
16560 173 NA
16561 173 NA
16562 173 NA
16563 173 NA
16564 173 NA
16565 173 NA
16566 173 NA
16567 173 NA
16568 173 NA
16569 173 NA
16570 173 NA
16571 173 NA
16572 173 NA
16573 173 NA
16574 173 NA
16575 173 NA
16576 173 NA
16577 173 NA
16578 173 NA
16579 173 NA
16580 173 NA
16581 173 NA
16582 173 NA
16583 173 NA
16584 173 NA
16585 173 NA
16586 173 NA
16587 173 NA
16588 173 NA
16589 173 NA
16590 173 NA
16591 173 NA
16592 173 NA
16593 173 NA
16594 173 NA
16595 173 NA
16596 173 NA
16597 173 NA
16598 173 NA
16599 173 NA
16600 173 NA
16601 173 NA
16602 173 NA
16603 173 NA
16604 173 NA
16605 173 NA
16606 173 NA
16607 173 NA
16608 173 NA
16609 173 NA
16610 173 NA
16611 173 NA
16612 173 NA
16613 173 NA
16614 173 NA
16615 173 NA
16616 173 NA
16617 173 NA
16618 173 NA
16619 173 NA
16620 173 NA
16621 173 NA
16622 173 NA
16623 173 NA
16624 173 NA
16625 173 NA
16626 173 NA
16627 173 NA
16628 173 NA
16629 173 NA
16630 173 NA
16631 173 NA
16632 173 NA
16633 173 NA
16634 173 NA
16635 173 NA
16636 173 NA
16637 173 NA
16638 173 NA
16639 173 NA
16640 173 NA
16641 173 NA
16642 173 NA
16643 173 NA
16644 173 NA
16645 173 NA
16646 173 NA
16647 173 NA
16648 173 NA
16649 173 NA
16650 173 NA
16651 173 NA
16652 173 NA
16653 173 NA
16654 173 NA
16655 173 NA
16656 173 NA
16657 173 NA
16658 173 NA
16659 173 NA
16660 173 NA
16661 173 NA
16662 173 NA
16663 173 NA
16664 173 NA
16665 173 NA
16666 173 NA
16668 173 NA
16669 173 NA
16670 173 NA
16671 173 NA
16672 173 NA
16673 173 NA
16674 173 NA
16675 173 NA
16676 173 NA
16677 173 NA
16678 173 NA
16679 173 NA
16680 173 NA
16681 173 NA
16682 173 NA
16683 173 NA
16684 173 NA
16685 173 NA
16686 173 NA
16687 173 NA
16688 173 NA
16689 173 NA
16690 173 NA
16691 173 NA
16692 173 NA
16693 173 NA
16694 173 NA
16695 181 NA
16696 181 NA
16697 181 NA
16698 181 NA
16699 181 NA
16700 181 NA
16701 181 NA
16702 181 NA
16703 181 NA
16704 181 NA
16705 181 NA
16706 181 NA
16707 181 NA
16708 181 NA
16709 181 NA
16710 181 NA
16711 181 NA
16712 181 NA
16715 181 NA
16717 181 NA
16719 181 NA
16720 181 NA
16721 181 NA
16722 181 NA
16723 181 NA
16724 181 NA
16725 181 NA
16726 181 NA
16727 181 NA
16728 181 NA
16729 181 NA
16730 181 NA
16731 181 NA
16732 181 NA
16733 181 NA
16734 181 NA
16735 181 NA
16736 181 NA
16737 181 NA
16738 181 NA
16739 181 NA
16740 181 NA
16741 181 NA
16742 181 NA
16743 181 NA
16744 181 NA
16745 181 NA
16746 181 NA
16747 181 NA
16748 181 NA
16749 181 NA
16750 181 NA
16751 181 NA
16752 181 NA
16753 181 NA
16754 181 NA
16755 181 NA
16756 181 NA
16757 181 NA
16759 181 NA
16760 181 NA
16761 181 NA
16762 181 NA
16763 181 NA
16764 181 NA
16765 181 NA
16766 181 NA
16767 181 NA
16768 181 NA
16769 181 NA
16770 181 NA
16771 181 NA
16772 181 NA
16773 181 NA
16774 181 NA
16775 181 NA
16776 181 NA
16777 181 NA
16778 181 NA
16779 181 NA
16780 181 NA
16781 181 NA
16782 181 NA
16783 181 NA
16784 181 NA
16785 181 NA
16786 181 NA
16787 181 NA
16788 181 NA
16789 181 NA
16790 181 NA
16791 181 NA
16792 181 NA
16793 181 NA
16794 181 NA
16795 181 NA
16796 181 NA
16797 181 NA
16798 181 NA
16799 181 NA
16800 181 NA
16801 181 NA
16802 181 NA
16803 181 NA
16804 181 NA
16805 181 NA
16807 181 NA
16808 181 NA
16809 181 NA
16810 181 NA
16811 181 NA
16812 181 NA
16813 181 NA
16814 181 NA
16815 181 NA
16816 181 NA
16817 181 NA
16818 181 NA
16820 181 NA
16821 181 NA
16822 181 NA
16823 181 NA
16824 181 NA
16825 181 NA
16826 181 NA
16827 181 NA
16828 181 NA
16829 181 NA
16830 181 NA
16831 181 NA
16832 181 NA
16833 181 NA
16834 181 NA
16835 181 NA
16836 181 NA
16837 181 NA
16838 181 NA
16839 181 NA
16840 181 NA
16841 181 NA
16842 181 NA
16843 181 NA
16844 181 NA
16845 181 NA
16847 181 NA
16849 181 NA
16850 181 NA
16851 181 NA
16852 181 NA
16853 181 NA
16854 181 NA
16855 181 NA
16856 181 NA
16857 181 NA
16858 181 NA
16859 181 NA
16860 181 NA
16861 181 NA
16862 181 NA
16863 181 NA
16864 181 NA
16865 181 NA
16866 181 NA
16867 181 NA
16869 181 NA
16870 181 NA
16871 181 NA
16872 181 NA
16873 181 NA
16874 181 NA
16875 181 NA
16876 181 NA
16878 181 NA
16879 181 NA
16880 181 NA
16881 181 NA
16882 181 NA
16883 181 NA
16884 181 NA
16885 181 NA
16886 181 NA
16887 181 NA
16888 181 NA
16889 181 NA
16890 181 NA
16891 181 NA
16892 181 NA
16893 181 NA
16894 181 NA
16895 181 NA
16896 181 NA
16897 181 NA
16898 181 NA
16899 181 NA
16900 181 NA
16901 181 NA
16902 181 NA
16903 181 NA
16904 181 NA
16905 181 NA
16906 181 NA
16907 181 NA
16908 181 NA
16909 181 NA
16910 181 NA
16911 181 NA
16912 181 NA
16913 181 NA
16914 181 NA
16915 181 NA
16916 181 NA
16917 181 NA
16918 181 NA
16919 181 NA
16920 181 NA
16921 181 NA
16922 181 NA
16923 181 NA
16924 181 NA
16925 181 NA
16926 181 NA
16927 181 NA
16928 181 NA
16929 181 NA
16930 181 NA
16931 181 NA
16932 181 NA
16933 181 NA
16934 181 NA
16935 181 NA
16937 181 NA
16938 181 NA
16939 181 NA
16940 181 NA
16941 181 NA
16942 181 NA
16943 181 NA
16944 181 NA
16945 181 NA
16946 181 NA
16949 181 NA
16950 181 NA
16951 181 NA
16952 181 NA
16953 181 NA
16954 181 NA
16955 181 NA
16956 181 NA
16957 181 NA
16958 181 NA
16959 181 NA
16960 181 NA
16966 181 NA
16968 181 NA
16969 181 NA
16970 181 NA
16971 181 NA
16972 181 NA
16974 181 NA
16975 181 NA
16976 181 NA
16977 181 NA
16978 181 NA
16979 181 NA
16980 181 NA
16981 181 NA
16982 181 NA
16984 181 NA
16985 181 NA
16986 181 NA
16987 181 NA
16988 181 NA
16989 181 NA
16990 181 NA
16991 181 NA
16992 181 NA
16993 181 NA
16994 181 NA
16999 181 NA
17000 181 NA
17001 181 NA
17006 181 NA
17007 181 NA
17014 181 NA
17015 181 NA
17016 181 NA
17017 181 NA
17018 181 NA
17019 181 NA
17020 181 NA
17021 181 NA
17022 181 NA
17023 181 NA
17024 181 NA
17025 181 NA
17026 181 NA
17027 181 NA
17028 181 NA
17029 181 NA
17031 181 NA
17032 181 NA
17033 181 NA
17034 181 NA
17035 181 NA
17036 181 NA
17037 181 NA
17038 181 NA
17039 181 NA
17040 181 NA
17042 181 NA
17044 181 NA
17045 181 NA
17046 181 NA
17047 181 NA
17048 181 NA
17049 181 NA
17050 181 NA
17051 181 NA
17052 181 NA
17053 181 NA
17054 181 NA
17055 181 NA
17056 181 NA
17057 181 NA
17058 181 NA
17059 181 NA
17060 181 NA
17061 181 NA
17062 181 NA
17063 181 NA
17064 181 NA
17069 181 NA
17070 181 NA
17071 181 NA
17072 181 NA
17073 181 NA
17075 181 NA
17076 181 NA
17077 181 NA
17078 181 NA
17079 181 NA
17080 181 NA
17081 181 NA
17083 181 NA
17084 181 NA
17085 181 NA
17086 181 NA
17087 181 NA
17088 181 NA
17089 181 NA
17091 181 NA
17092 181 NA
17093 181 NA
17094 181 NA
17095 181 NA
17096 181 NA
17097 181 NA
17098 181 NA
17099 181 NA
17100 181 NA
17101 181 NA
17102 181 NA
17103 181 NA
17104 181 NA
17105 181 NA
17106 181 NA
17107 181 NA
17108 181 NA
17109 181 NA
17110 181 NA
17111 181 NA
17112 181 NA
17113 181 NA
17114 181 NA
17115 181 NA
17117 181 NA
17118 181 NA
17119 181 NA
17123 181 NA
17124 181 NA
17125 181 NA
17126 181 NA
17127 181 NA
17129 181 NA
17130 181 NA
17131 181 NA
17132 181 NA
17133 181 NA
17134 181 NA
17135 181 NA
17136 181 NA
17138 181 NA
17139 181 NA
17140 181 NA
17141 181 NA
17142 181 NA
17143 181 NA
17144 181 NA
17145 181 NA
17146 181 NA
17147 181 NA
17148 181 NA
17149 181 NA
