"Index" "Price" "Volume"
14019 400 NA
14020 400 NA
14021 393 NA
14022 393 NA
14023 389 NA
14024 389 NA
14025 399 NA
14026 399 NA
14027 400 NA
14028 400 NA
14029 400 NA
14030 400 NA
14031 400 NA
14032 400 NA
14033 396 NA
14034 391 NA
14035 391 NA
14036 399 NA
14037 398 NA
14038 394 NA
14039 400 NA
14040 400 NA
14041 398 NA
14042 397 NA
14043 399 NA
14044 400 NA
14045 396 NA
14046 396 NA
14047 400 NA
14048 396 NA
14049 389 NA
14050 384 NA
14051 384 NA
14052 395 NA
14053 396 NA
14054 396 NA
14055 394 NA
14056 390 NA
14057 388 NA
14058 381 NA
14059 384 NA
14060 390 NA
14061 390 NA
14062 397 NA
14063 397 NA
14064 399 NA
14065 396 NA
14066 394 NA
14067 395 NA
14068 392 NA
14069 391 NA
14070 391 NA
14071 393 NA
14072 386 NA
14073 393 NA
14074 394 NA
14075 394 NA
14076 392 NA
14077 385 NA
14078 381 NA
14079 365 NA
14080 362 NA
14081 343 NA
14082 330 NA
14083 332 NA
14084 348 NA
14085 382 NA
14086 382 NA
14087 399 NA
14088 393 NA
14089 386 NA
14090 386 NA
14091 379 NA
14092 379 NA
14093 373 NA
14094 391 NA
14095 366 NA
14096 362 NA
14097 362 NA
14098 366 NA
14099 384 NA
14100 400 NA
14101 396 NA
14102 397 NA
14103 392 NA
14104 394 NA
14105 396 NA
14106 399 NA
14107 395 NA
14108 376 NA
14109 397 NA
14110 397 NA
14111 400 NA
14112 400 NA
14113 398 NA
14114 387 NA
14115 387 NA
14116 377 NA
14117 385 NA
14118 396 NA
14119 391 NA
14120 399 NA
14121 400 NA
14122 396 NA
14123 396 NA
14124 400 NA
14125 400 NA
14126 400 NA
14127 400 NA
14128 400 NA
14129 385 NA
14130 382 NA
14131 382 NA
14132 379 NA
14133 398 NA
14134 398 NA
14135 393 NA
14136 393 NA
14137 376 NA
14138 376 NA
14139 371 NA
14140 361 NA
14141 355 NA
14142 372 NA
14143 372 NA
14144 390 NA
14145 396 NA
14146 400 NA
14147 400 NA
14148 397 NA
14149 374 NA
14150 374 NA
14151 392 NA
14152 399 NA
14153 399 NA
14154 386 NA
14155 393 NA
14156 400 NA
14157 400 NA
14158 391 NA
14159 374 NA
14160 367 NA
14161 367 NA
14162 363 NA
14163 364 NA
14164 370 NA
14165 370 NA
14166 361 NA
14167 361 NA
14168 368 NA
14169 376 NA
14170 399 NA
14171 400 NA
14172 400 NA
14173 400 NA
14174 399 NA
14175 399 NA
14176 399 NA
14177 396 NA
14178 396 NA
14179 385 NA
14180 370 NA
14181 367 NA
14182 362 NA
14183 362 NA
14184 368 NA
14185 371 NA
14186 369 NA
14187 352 NA
14188 352 NA
14189 342 NA
14190 342 NA
14191 335 NA
14192 324 NA
14193 312 NA
14194 312 NA
14195 303 NA
14196 292 NA
14197 289 NA
14198 293 NA
14199 294 NA
14200 294 NA
14201 299 NA
14202 299 NA
14203 305 NA
14204 313 NA
14205 313 NA
14206 324 NA
14207 308 NA
14208 293 NA
14209 293 NA
14210 288 NA
14211 293 NA
14212 293 NA
14213 278 NA
14214 268 NA
14215 254 NA
14216 254 NA
14217 242 NA
14218 229 NA
14219 222 NA
14220 225 NA
14221 235 NA
14222 235 NA
14223 243 NA
14224 244 NA
14225 244 NA
14226 252 NA
14227 256 NA
14228 244 NA
14229 240 NA
14230 240 NA
14231 229 NA
14232 229 NA
14233 238 NA
14234 238 NA
14235 255 NA
14236 264 NA
14237 278 NA
14238 290 NA
14239 304 NA
14240 304 NA
14241 315 NA
14242 303 NA
14243 299 NA
14244 314 NA
14245 314 NA
14246 309 NA
14247 309 NA
14248 311 NA
14249 311 NA
14250 323 NA
14251 329 NA
14252 329 NA
14253 346 NA
14254 365 NA
14255 365 NA
14256 373 NA
14257 383 NA
14258 383 NA
14259 396 NA
14260 386 NA
14261 379 NA
14262 367 NA
14263 367 NA
14264 388 NA
14265 377 NA
14266 377 NA
14267 386 NA
14268 386 NA
14269 387 NA
14270 387 NA
14271 367 NA
14272 338 NA
14273 338 NA
14274 323 NA
14275 319 NA
14276 311 NA
14277 298 NA
14278 312 NA
14279 312 NA
14280 325 NA
14281 329 NA
14282 346 NA
14283 346 NA
14284 357 NA
14285 358 NA
14286 341 NA
14287 341 NA
14288 329 NA
14289 335 NA
14290 352 NA
14291 343 NA
14292 327 NA
14293 327 NA
14294 315 NA
14295 315 NA
14296 305 NA
14297 305 NA
14298 319 NA
14299 319 NA
14300 304 NA
14301 304 NA
14302 275 NA
14303 265 NA
14304 265 NA
14305 276 NA
14306 283 NA
14307 284 NA
14308 284 NA
14309 283 NA
14310 293 NA
14311 307 NA
14312 320 NA
14313 320 NA
14314 320 NA
14315 335 NA
14316 333 NA
14317 333 NA
14318 321 NA
14319 309 NA
14320 309 NA
14321 293 NA
14322 280 NA
14323 266 NA
14324 252 NA
14325 239 NA
14326 227 NA
14327 227 NA
14328 216 NA
14329 208 NA
14330 200 NA
14331 200 NA
14332 190 NA
14333 190 NA
14334 184 NA
14335 184 NA
14336 175 NA
14337 175 NA
14338 166 NA
14339 157 NA
14340 157 NA
14341 152 NA
14342 145 NA
14343 139 NA
14344 135 NA
14345 134 NA
14346 135 NA
14347 140 NA
14348 140 NA
14349 133 NA
14350 130 NA
14351 130 NA
14352 131 NA
14353 135 NA
14354 135 NA
14355 133 NA
14356 139 NA
14357 144 NA
14358 151 NA
14359 159 NA
14360 167 NA
14361 176 NA
14362 185 NA
14363 185 NA
14364 193 NA
14365 193 NA
14366 202 NA
14367 213 NA
14368 213 NA
14369 224 NA
14370 224 NA
14371 232 NA
14372 244 NA
14373 257 NA
14374 257 NA
14375 270 NA
14376 275 NA
14377 275 NA
14378 289 NA
14379 304 NA
14380 304 NA
14381 320 NA
14382 335 NA
14383 336 NA
14384 344 NA
14385 344 NA
14386 339 NA
14387 348 NA
14388 362 NA
14389 380 NA
14390 372 NA
14391 372 NA
14392 390 NA
14393 390 NA
14394 398 NA
14395 397 NA
14396 394 NA
14397 387 NA
14398 387 NA
14399 385 NA
14400 377 NA
14401 377 NA
14402 374 NA
14403 366 NA
14404 366 NA
14405 368 NA
14406 371 NA
14407 385 NA
14408 385 NA
14409 396 NA
14410 391 NA
14411 392 NA
14412 380 NA
14413 383 NA
14414 383 NA
14415 379 NA
14416 378 NA
14417 373 NA
14418 372 NA
14419 390 NA
14420 394 NA
14421 394 NA
14422 381 NA
14423 364 NA
14424 364 NA
14425 347 NA
14426 345 NA
14427 348 NA
14428 366 NA
14429 385 NA
14430 385 NA
14431 396 NA
14432 381 NA
14433 370 NA
14434 370 NA
14435 372 NA
14436 375 NA
14437 375 NA
14438 375 NA
14439 384 NA
14440 397 NA
14441 400 NA
14442 400 NA
14443 400 NA
14444 397 NA
14445 397 NA
14446 400 NA
14447 399 NA
14448 399 NA
14449 394 NA
14450 383 NA
14451 377 NA
14452 346 NA
14453 363 NA
14454 382 NA
14455 382 NA
14456 399 NA
14457 400 NA
14458 388 NA
14459 392 NA
14460 392 NA
14461 400 NA
14462 400 NA
14463 396 NA
14464 385 NA
14465 375 NA
14466 393 NA
14467 395 NA
14468 390 NA
14469 383 NA
14470 383 NA
14471 394 NA
14472 400 NA
14473 400 NA
14474 398 NA
14475 399 NA
14476 399 NA
14477 366 NA
14478 366 NA
14479 367 NA
14480 372 NA
14481 390 NA
14482 390 NA
14483 378 NA
14484 378 NA
14485 372 NA
14486 391 NA
14487 393 NA
14488 397 NA
14489 400 NA
14490 400 NA
14491 400 NA
14492 400 NA
14493 400 NA
14494 400 NA
14495 400 NA
14496 400 NA
14497 400 NA
14498 400 NA
14499 400 NA
14500 400 NA
14501 400 NA
14502 400 NA
14503 400 NA
14504 400 NA
14505 400 NA
14506 400 NA
14507 400 NA
14508 400 NA
14509 400 NA
14510 400 NA
14511 400 NA
14512 400 NA
14513 400 NA
14514 400 NA
14515 400 NA
14516 400 NA
14517 400 NA
14518 400 NA
14519 400 NA
14520 400 NA
14521 400 NA
14522 400 NA
14523 400 NA
14524 399 NA
14525 400 NA
14526 400 NA
14527 400 NA
14528 400 NA
14529 400 NA
14530 400 NA
14531 400 NA
14532 400 NA
14533 400 NA
14534 400 NA
14535 400 NA
14536 400 NA
14537 400 NA
14538 400 NA
14539 400 NA
14540 400 NA
14541 400 NA
14542 400 NA
14543 400 NA
14544 400 NA
14545 400 NA
14546 400 NA
14547 400 NA
14548 400 NA
14549 400 NA
14550 400 NA
14551 400 NA
14552 400 NA
14553 400 NA
14554 400 NA
14555 400 NA
14556 400 NA
14557 400 NA
14558 400 NA
14559 400 NA
14560 400 NA
14561 400 NA
14562 400 NA
14563 400 NA
14564 400 NA
14565 400 NA
14566 400 NA
14567 400 NA
14568 400 NA
14569 400 NA
14570 400 NA
14571 400 NA
14572 400 NA
14573 400 NA
14574 400 NA
14575 400 NA
14576 400 NA
14577 400 NA
14578 400 NA
14579 400 NA
14580 400 NA
14581 400 NA
14582 400 NA
14583 400 NA
14584 400 NA
14585 400 NA
14586 400 NA
14587 400 NA
14588 400 NA
14589 400 NA
14590 400 NA
14591 400 NA
14592 400 NA
14593 400 NA
14594 400 NA
14595 400 NA
14596 400 NA
14597 400 NA
14598 400 NA
14599 400 NA
14600 400 NA
14601 400 NA
14602 400 NA
14603 400 NA
14604 400 NA
14605 400 NA
14606 400 NA
14607 400 NA
14608 400 NA
14609 400 NA
14610 400 NA
14611 400 NA
14612 400 NA
14613 400 NA
14614 400 NA
14615 400 NA
14616 400 NA
14617 400 NA
14618 400 NA
14619 400 NA
14620 400 NA
14621 400 NA
14622 400 NA
14623 400 NA
14624 400 NA
14625 400 NA
14626 400 NA
14627 400 NA
14628 400 NA
14629 400 NA
14630 400 NA
14631 400 NA
14632 400 NA
14633 400 NA
14634 400 NA
14635 400 NA
14636 400 NA
14637 400 NA
14638 400 NA
14639 400 NA
14640 400 NA
14641 400 NA
14642 400 NA
14643 400 NA
14644 400 NA
14645 400 NA
14646 400 NA
14647 400 NA
14648 400 NA
14649 400 NA
14650 400 NA
14651 400 NA
14653 400 NA
14654 400 NA
14655 400 NA
14656 400 NA
14657 400 NA
14658 400 NA
14659 400 NA
14660 400 NA
14661 400 NA
14662 400 NA
14663 400 NA
14664 400 NA
14665 400 NA
14666 400 NA
14667 400 NA
14668 400 NA
14669 400 NA
14670 400 NA
14671 400 NA
14672 400 NA
14673 400 NA
14674 400 NA
14675 400 NA
14676 400 NA
14677 400 NA
14678 400 NA
14679 400 NA
14680 400 NA
14681 400 NA
14682 400 NA
14683 400 NA
14684 400 NA
14685 400 NA
14686 400 NA
14687 400 NA
14688 400 NA
14689 400 NA
14690 400 NA
14691 400 NA
14692 400 NA
14693 400 NA
14694 400 NA
14695 400 NA
14696 400 NA
14697 400 NA
14698 400 NA
14699 400 NA
14700 400 NA
14701 400 NA
14702 400 NA
14703 400 NA
14704 400 NA
14705 400 NA
14706 400 NA
14707 400 NA
14708 400 NA
14709 400 NA
14710 400 NA
14711 400 NA
14712 400 NA
14713 400 NA
14714 400 NA
14715 400 NA
14716 400 NA
14717 400 NA
14718 400 NA
14719 400 NA
14720 400 NA
14721 400 NA
14722 400 NA
14723 400 NA
14724 400 NA
14725 400 NA
14726 400 NA
14727 400 NA
14728 400 NA
14729 400 NA
14730 400 NA
14731 400 NA
14732 400 NA
14733 400 NA
14734 400 NA
14735 400 NA
14736 400 NA
14737 400 NA
14738 400 NA
14739 400 NA
14740 400 NA
14741 400 NA
14742 400 NA
14743 400 NA
14744 400 NA
14745 400 NA
14746 400 NA
14747 400 NA
14748 400 NA
14749 400 NA
14750 400 NA
14751 400 NA
14752 400 NA
14753 400 NA
14754 400 NA
14755 400 NA
14756 400 NA
14757 400 NA
14758 400 NA
14759 400 NA
14760 400 NA
14761 400 NA
14762 400 NA
14763 400 NA
14764 400 NA
14765 400 NA
14766 400 NA
14767 400 NA
14768 400 NA
14769 400 NA
14770 400 NA
14771 400 NA
14772 400 NA
14773 400 NA
14774 400 NA
14775 400 NA
14776 400 NA
14777 400 NA
14778 400 NA
14779 400 NA
14780 400 NA
14781 400 NA
14782 400 NA
14783 400 NA
14784 400 NA
14785 400 NA
14786 400 NA
14787 400 NA
14788 400 NA
14789 400 NA
14790 400 NA
14791 400 NA
14792 400 NA
14793 400 NA
14794 400 NA
14795 400 NA
14796 400 NA
14797 400 NA
14798 400 NA
14799 400 NA
14800 400 NA
14801 400 NA
14802 400 NA
14803 400 NA
14804 400 NA
14805 400 NA
14806 400 NA
14807 400 NA
14808 400 NA
14809 400 NA
14810 400 NA
14811 400 NA
14812 400 NA
14813 400 NA
14814 400 NA
14815 400 NA
14816 400 NA
14817 400 NA
14818 400 NA
14819 400 NA
14820 400 NA
14821 400 NA
14822 400 NA
14823 400 NA
14824 400 NA
14825 400 NA
14826 400 NA
14827 400 NA
14828 400 NA
14829 400 NA
14830 400 NA
14831 400 NA
14832 400 NA
14833 400 NA
14834 400 NA
14835 400 NA
14836 400 NA
14837 400 NA
14838 400 NA
14839 400 NA
14840 400 NA
14841 400 NA
14842 400 NA
14843 400 NA
14844 400 NA
14845 400 NA
14846 400 NA
14847 400 NA
14848 400 NA
14849 400 NA
14850 400 NA
14851 400 NA
14852 400 NA
14853 400 NA
14854 400 NA
14855 400 NA
14856 400 NA
14857 400 NA
14858 400 NA
14859 400 NA
14860 400 NA
14861 400 NA
14862 400 NA
14863 400 NA
14864 400 NA
14865 400 NA
14866 400 NA
14867 400 NA
14868 400 NA
14869 400 NA
14870 400 NA
14871 400 NA
14872 400 NA
14873 400 NA
14874 400 NA
14875 400 NA
14876 400 NA
14877 400 NA
14878 400 NA
14879 400 NA
14880 400 NA
14881 400 NA
14882 400 NA
14883 400 NA
14884 400 NA
14885 400 NA
14886 400 NA
14887 400 NA
14888 400 NA
14889 400 NA
14890 400 NA
14891 400 NA
14892 400 NA
14893 400 NA
14894 400 NA
14895 400 NA
14896 400 NA
14897 400 NA
14898 400 NA
14899 400 NA
14900 400 NA
14901 400 NA
14902 400 NA
14903 400 NA
14904 400 NA
14905 400 NA
14906 400 NA
14907 400 NA
14908 400 NA
14909 400 NA
14910 400 NA
14911 400 NA
14912 400 NA
14913 400 NA
14914 400 NA
14915 400 NA
14916 400 NA
14917 400 NA
14918 400 NA
14920 400 NA
14921 400 NA
14922 400 NA
14923 400 NA
14924 400 NA
14925 400 NA
14926 400 NA
14927 400 NA
14928 400 NA
14929 400 NA
14930 400 NA
14931 400 NA
14932 400 NA
14933 400 NA
14934 400 NA
14935 400 NA
14936 400 NA
14937 400 NA
14938 400 NA
14939 400 NA
14940 400 NA
14941 400 NA
14942 400 NA
14943 400 NA
14944 400 NA
14945 400 NA
14946 400 NA
14947 400 NA
14948 400 NA
14949 400 NA
14950 400 NA
14951 400 NA
14952 400 NA
14953 400 NA
14954 400 NA
14955 400 NA
14956 400 NA
14957 400 NA
14958 400 NA
14959 400 NA
14960 400 NA
14961 400 NA
14962 400 NA
14963 400 NA
14964 400 NA
14965 400 NA
14966 400 NA
14967 400 NA
14968 400 NA
14969 400 NA
14970 400 NA
14971 400 NA
14972 400 NA
14973 400 NA
14974 400 NA
14981 400 NA
14988 400 NA
14995 400 NA
15002 400 NA
15009 400 NA
15016 400 NA
15018 408 NA
15019 428 NA
15020 449 NA
15021 449 NA
15023 470 NA
15025 493 NA
15026 514 NA
15029 559 NA
15031 584 NA
15032 610 NA
15033 635 NA
15036 661 NA
15037 661 NA
15038 692 NA
15039 725 NA
15042 760 NA
15044 791 NA
15046 816 NA
15047 851 NA
15048 851 NA
15050 891 NA
15052 932 NA
15054 977 NA
15055 977 NA
15058 1010 NA
15060 1046 NA
15061 1032 NA
15063 1032 NA
15064 1073 NA
15066 1122 NA
15067 1122 NA
15068 1174 NA
15070 1224 NA
15072 1266 NA
15073 1266 NA
15076 1391 NA
15078 1456 NA
15080 1456 NA
15081 1517 NA
15084 1581 NA
15085 1656 NA
15087 1735 NA
15089 1819 NA
15090 1819 NA
15091 1900 NA
15093 1992 NA
15094 1992 NA
15095 2043 NA
15096 2063 NA
15098 2063 NA
15100 2131 NA
15101 2131 NA
15103 2231 NA
15104 2231 NA
15106 2326 NA
15109 2300 NA
15110 2220 NA
15114 2211 NA
15115 2211 NA
15116 2100 NA
15119 1997 NA
15120 1997 NA
15121 1960 NA
15122 1960 NA
15123 1898 NA
15125 1843 NA
15128 1750 NA
15130 1619 NA
15131 1619 NA
15132 1568 NA
15133 1494 NA
15136 1422 NA
15137 1459 NA
15140 1440 NA
15143 1462 NA
15145 1439 NA
15149 1394 NA
15150 1440 NA
15152 1411 NA
15154 1394 NA
15156 1355 NA
15157 1355 NA
15158 1311 NA
15159 1311 NA
15161 1280 NA
15163 1267 NA
15164 1267 NA
15165 1317 NA
15168 1334 NA
15170 1349 NA
15172 1353 NA
15173 1360 NA
15175 1364 NA
15177 1372 NA
15178 1372 NA
15179 1369 NA
15184 1352 NA
15185 1352 NA
15186 1316 NA
15187 1320 NA
15191 1377 NA
15193 1382 NA
15194 1382 NA
15196 1407 NA
15197 1407 NA
15199 1385 NA
15204 1419 NA
15207 1413 NA
15210 1369 NA
15212 1325 NA
15214 1276 NA
15217 1294 NA
15219 1331 NA
15221 1331 NA
15222 1355 NA
15224 1346 NA
15227 1346 NA
15229 1343 NA
15232 1368 NA
15233 1368 NA
15235 1390 NA
15238 1385 NA
15242 1379 NA
15244 1379 NA
15247 1376 NA
15248 1376 NA
15250 1422 NA
15254 1427 NA
15257 1421 NA
15258 1421 NA
15261 1389 NA
15264 1336 NA
15268 1331 NA
15271 1329 NA
15275 1389 NA
15277 1345 NA
15280 1345 NA
15281 1279 NA
15283 1279 NA
15284 1263 NA
15287 1205 NA
15291 1185 NA
15294 1134 NA
15295 1134 NA
15297 1087 NA
15302 1071 NA
15304 1018 NA
15306 1062 NA
15307 1062 NA
15310 1031 NA
15312 1031 NA
15313 984 NA
15315 984 NA
15316 964 NA
15318 964 NA
15319 974 NA
15321 974 NA
15322 1015 NA
15325 1015 NA
15326 994 NA
15328 994 NA
15329 993 NA
15331 993 NA
15332 1041 NA
15335 1041 NA
15336 1082 NA
15338 1082 NA
15339 1104 NA
15340 1104 NA
15341 1104 NA
15342 1119 NA
15343 1119 NA
15344 1119 NA
15345 1105 NA
15346 1105 NA
15347 1105 NA
15348 1148 NA
15349 1148 NA
15350 1148 NA
15351 1148 NA
15352 1183 NA
15353 1183 NA
15354 1183 NA
15355 1201 NA
15356 1201 NA
15357 1201 NA
15358 1201 NA
15359 1199 NA
15360 1199 NA
15361 1199 NA
15362 1179 NA
15363 1179 NA
15364 1179 NA
15365 1179 NA
15366 1162 NA
15367 1162 NA
15368 1162 NA
15369 1137 NA
15370 1137 NA
15371 1137 NA
15372 1137 NA
15373 1129 NA
15374 1129 NA
15375 1129 NA
15376 1152 NA
15377 1152 NA
15378 1152 NA
15379 1152 NA
15380 1149 NA
15381 1149 NA
15382 1149 NA
15383 1156 NA
15384 1156 NA
15385 1156 NA
15386 1156 NA
15387 1165 NA
15388 1165 NA
15389 1165 NA
15390 1165 NA
15391 1165 NA
15392 1175 NA
15393 1175 NA
15394 1175 NA
15395 1175 NA
15396 1174 NA
15397 1174 NA
15398 1174 NA
15399 1174 NA
15400 1200 NA
15401 1200 NA
15402 1200 NA
15403 1200 NA
15404 1216 NA
15405 1216 NA
15406 1216 NA
15407 1216 NA
15408 1216 NA
15409 1269 NA
15410 1269 NA
15411 1269 NA
15412 1269 NA
15413 1279 NA
15414 1279 NA
15415 1279 NA
15416 1279 NA
15417 1215 NA
15418 1215 NA
15419 1215 NA
15420 1176 NA
15421 1176 NA
15422 1179 NA
15423 1183 NA
15424 1186 NA
15425 1190 NA
15426 1193 NA
15427 1193 NA
15428 1193 NA
15429 1193 NA
15430 1250 NA
15431 1250 NA
15432 1250 NA
15433 1296 NA
15434 1296 NA
15435 1296 NA
15436 1250 NA
15437 1250 NA
15438 1250 NA
15439 1194 NA
15440 1194 NA
15441 1194 NA
15442 1218 NA
15443 1218 NA
15444 1218 NA
15445 1218 NA
15446 1261 NA
15447 1261 NA
15448 1261 NA
15449 1261 NA
15450 1261 NA
15451 1304 NA
15452 1304 NA
15453 1304 NA
15454 1304 NA
15455 1331 NA
15456 1331 NA
15457 1331 NA
15458 1331 NA
15459 1331 NA
15460 1315 NA
15461 1315 NA
15462 1315 NA
15463 1315 NA
15464 1344 NA
15465 1344 NA
15466 1344 NA
15467 1379 NA
15468 1379 NA
15469 1379 NA
15470 1354 NA
15471 1354 NA
15472 1354 NA
15473 1354 NA
15474 1338 NA
15475 1338 NA
15476 1338 NA
15477 1338 NA
15478 1312 NA
15479 1312 NA
15480 1312 NA
15481 1266 NA
15482 1266 NA
15483 1266 NA
15484 1249 NA
15485 1249 NA
15486 1249 NA
15487 1232 NA
15488 1232 NA
15489 1232 NA
15490 1207 NA
15491 1207 NA
15492 1207 NA
15493 1219 NA
15494 1219 NA
15495 1243 NA
15496 1243 NA
15497 1243 NA
15498 1244 NA
15499 1244 NA
15500 1200 NA
15501 1200 NA
15502 1200 NA
15503 1201 NA
15504 1201 NA
15505 1201 NA
15506 1249 NA
15507 1249 NA
15508 1249 NA
15509 1307 NA
15510 1307 NA
15511 1368 NA
15512 1368 NA
15513 1359 NA
15514 1359 NA
15515 1422 NA
15516 1422 NA
15517 1422 NA
15518 1490 NA
15519 1490 NA
15520 1545 NA
15521 1545 NA
15522 1545 NA
15523 1571 NA
15524 1571 NA
15525 1613 NA
15526 1613 NA
15527 1613 NA
15528 1638 NA
15529 1638 NA
15530 1638 NA
15531 1644 NA
15532 1644 NA
15533 1644 NA
15534 1622 NA
15535 1622 NA
15536 1622 NA
15537 1575 NA
15538 1575 NA
15539 1575 NA
15540 1524 NA
15541 1524 NA
15542 1471 NA
15543 1471 NA
15544 1471 NA
15545 1404 NA
15546 1404 NA
15547 1391 NA
15548 1391 NA
15549 1391 NA
15550 1389 NA
15551 1389 NA
15552 1389 NA
15553 1348 NA
15554 1348 NA
15555 1300 NA
15556 1300 NA
15557 1300 NA
15558 1285 NA
15559 1285 NA
15560 1285 NA
15561 1291 NA
15562 1291 NA
15563 1291 NA
15564 1291 NA
15565 1291 NA
15566 1291 NA
15567 1252 NA
15568 1252 NA
15569 1252 NA
15570 1253 NA
15571 1253 NA
15572 1253 NA
15573 1253 NA
15574 1276 NA
15575 1276 NA
15576 1276 NA
15577 1276 NA
15578 1285 NA
15579 1285 NA
15580 1285 NA
15581 1235 NA
15582 1235 NA
15583 1235 NA
15584 1233 NA
15585 1233 NA
15586 1233 NA
15587 1218 NA
15588 1218 NA
15589 1218 NA
15590 1218 NA
15591 1199 NA
15592 1199 NA
15593 1199 NA
15594 1156 NA
15595 1156 NA
15596 1156 NA
15597 1156 NA
15598 1195 NA
15599 1195 NA
15600 1195 NA
15601 1195 NA
15602 1139 NA
15603 1139 NA
15604 1139 NA
15605 1139 NA
15606 1106 NA
15607 1106 NA
15608 1106 NA
15609 1106 NA
15610 1106 NA
15611 1112 NA
15612 1112 NA
15613 1112 NA
15614 1111 NA
15615 1111 NA
15616 1111 NA
15617 1111 NA
15618 1127 NA
15619 1127 NA
15620 1127 NA
15621 1127 NA
15622 1101 NA
15623 1101 NA
15624 1101 NA
15625 1101 NA
15626 1101 NA
15627 1106 NA
15628 1106 NA
15629 1106 NA
15630 1106 NA
15631 1061 NA
15632 1061 NA
15633 1061 NA
15634 1061 NA
15635 1073 NA
15636 1073 NA
15637 1073 NA
15638 1073 NA
15639 1073 NA
15640 1073 NA
15641 1073 NA
15642 1073 NA
15643 1073 NA
15644 1086 NA
15645 1086 NA
15646 1086 NA
15647 1086 NA
15648 1086 NA
15649 1109 NA
15650 1108 NA
15651 1108 NA
15652 1107 NA
15653 1106 NA
15654 1105 NA
15655 1105 NA
15656 1104 NA
15657 1103 NA
15658 1103 NA
15659 1103 NA
15660 1112 NA
15661 1112 NA
15662 1112 NA
15663 1112 NA
15664 1112 NA
15665 1146 NA
15666 1146 NA
15667 1146 NA
15668 1146 NA
15669 1146 NA
15670 1191 NA
15671 1191 NA
15672 1191 NA
15673 1191 NA
15674 1191 NA
15675 1191 NA
15676 1236 NA
15677 1236 NA
15678 1236 NA
15679 1236 NA
15680 1236 NA
15681 1236 NA
15682 1236 NA
15683 1282 NA
15684 1282 NA
15685 1282 NA
15686 1282 NA
15687 1282 NA
15688 1282 NA
15689 1282 NA
15690 1282 NA
15691 1317 NA
15692 1317 NA
15693 1317 NA
15694 1317 NA
15695 1317 NA
15696 1317 NA
15697 1317 NA
15698 1317 NA
15699 1284 NA
15700 1284 NA
15701 1284 NA
15702 1284 NA
15703 1284 NA
15704 1284 NA
15705 1284 NA
15706 1284 NA
15707 1284 NA
15708 1303 NA
15709 1303 NA
15710 1303 NA
15711 1303 NA
15712 1303 NA
15713 1303 NA
15714 1303 NA
15715 1303 NA
15716 1303 NA
15717 1327 NA
15718 1327 NA
15719 1327 NA
15720 1327 NA
15721 1327 NA
15722 1327 NA
15723 1327 NA
15724 1327 NA
15725 1327 NA
15726 1327 NA
15727 1354 NA
15728 1354 NA
15729 1354 NA
15730 1354 NA
15731 1354 NA
15732 1354 NA
15733 1354 NA
15734 1354 NA
15735 1354 NA
15736 1387 NA
15737 1387 NA
15738 1387 NA
15739 1387 NA
15740 1387 NA
15741 1387 NA
15742 1387 NA
15743 1387 NA
15744 1387 NA
15745 1387 NA
15746 1384 NA
15747 1384 NA
15748 1384 NA
15749 1384 NA
15750 1384 NA
15751 1384 NA
15752 1384 NA
15753 1384 NA
15754 1384 NA
15755 1384 NA
15756 1366 NA
15757 1366 NA
15758 1366 NA
15759 1366 NA
15760 1366 NA
15761 1366 NA
15762 1366 NA
15763 1366 NA
15764 1366 NA
15765 1366 NA
15766 1366 NA
15767 1379 NA
15768 1379 NA
15769 1379 NA
15770 1379 NA
15771 1379 NA
15772 1379 NA
15773 1379 NA
15774 1379 NA
15775 1379 NA
15776 1379 NA
15777 1377 NA
15778 1377 NA
15779 1377 NA
15780 1377 NA
15781 1377 NA
15782 1377 NA
15783 1377 NA
15784 1377 NA
15785 1377 NA
15786 1377 NA
15787 1377 NA
15788 1377 NA
15789 1417 NA
15790 1417 NA
15791 1417 NA
15792 1417 NA
15793 1417 NA
15794 1417 NA
15795 1417 NA
15796 1417 NA
15797 1417 NA
15798 1417 NA
15799 1418 NA
15800 1418 NA
15801 1419 NA
15802 1419 NA
15803 1420 NA
15804 1420 NA
15805 1420 NA
15806 1420 NA
15807 1420 NA
15808 1420 NA
15809 1420 NA
15810 1420 NA
15811 1420 NA
15812 1420 NA
15813 1420 NA
15814 1404 NA
15815 1404 NA
15816 1404 NA
15817 1404 NA
15818 1404 NA
15819 1404 NA
15820 1404 NA
15821 1404 NA
15822 1404 NA
15823 1404 NA
15824 1404 NA
15825 1404 NA
15826 1404 NA
15827 1404 NA
15828 1404 NA
15829 1404 NA
15830 1441 NA
15831 1441 NA
15832 1441 NA
15833 1441 NA
15834 1441 NA
15835 1441 NA
15836 1441 NA
15837 1441 NA
15838 1441 NA
15839 1441 NA
15840 1441 NA
15841 1441 NA
15842 1441 NA
15843 1441 NA
15844 1441 NA
15845 1450 NA
15846 1450 NA
15847 1450 NA
15848 1450 NA
15849 1450 NA
15850 1450 NA
15851 1450 NA
15852 1450 NA
15853 1450 NA
15854 1450 NA
15855 1450 NA
15856 1450 NA
15857 1450 NA
15858 1450 NA
15859 1491 NA
15860 1491 NA
15861 1491 NA
15862 1491 NA
15863 1491 NA
15864 1491 NA
15865 1491 NA
15866 1491 NA
15867 1491 NA
15868 1491 NA
15869 1491 NA
15870 1491 NA
15871 1491 NA
15872 1491 NA
15873 1491 NA
15874 1491 NA
15875 1464 NA
15876 1464 NA
15877 1464 NA
15878 1464 NA
15879 1464 NA
15880 1464 NA
15881 1464 NA
15882 1464 NA
15883 1464 NA
15884 1464 NA
15885 1464 NA
15886 1464 NA
15887 1464 NA
15888 1464 NA
15889 1464 NA
15890 1423 NA
15891 1423 NA
15892 1423 NA
15893 1423 NA
15894 1423 NA
15895 1423 NA
15896 1423 NA
15897 1423 NA
15898 1423 NA
15899 1423 NA
15900 1423 NA
15901 1423 NA
15902 1423 NA
15903 1423 NA
15904 1423 NA
15905 1423 NA
15906 1422 NA
15907 1422 NA
15908 1422 NA
15909 1422 NA
15910 1422 NA
15911 1422 NA
15912 1422 NA
15913 1422 NA
15914 1422 NA
15915 1422 NA
15916 1422 NA
15917 1422 NA
15918 1422 NA
15919 1422 NA
15920 1422 NA
15921 1422 NA
15922 1426 NA
15923 1426 NA
15924 1426 NA
15925 1426 NA
15926 1426 NA
15927 1426 NA
15928 1426 NA
15929 1426 NA
15930 1426 NA
15931 1426 NA
15932 1426 NA
15933 1426 NA
15934 1426 NA
15935 1426 NA
15936 1426 NA
15937 1426 NA
15938 1426 NA
15939 1426 NA
15940 1426 NA
15941 1426 NA
15942 1441 NA
15943 1441 NA
15944 1441 NA
15945 1441 NA
15946 1441 NA
15947 1441 NA
15948 1441 NA
15949 1441 NA
15950 1441 NA
15951 1441 NA
15952 1441 NA
15953 1441 NA
15954 1441 NA
15955 1441 NA
15956 1441 NA
15957 1441 NA
15958 1441 NA
15959 1441 NA
15960 1441 NA
15961 1441 NA
15962 1441 NA
15963 1441 NA
15964 1441 NA
15965 1441 NA
15966 1441 NA
15967 1441 NA
15968 1441 NA
15969 1441 NA
15970 1441 NA
15971 1460 NA
15972 1460 NA
15973 1460 NA
15974 1460 NA
15975 1460 NA
15976 1460 NA
15977 1460 NA
15978 1460 NA
15979 1460 NA
15980 1460 NA
15981 1460 NA
15982 1460 NA
15983 1460 NA
15984 1460 NA
15985 1460 NA
15986 1460 NA
15987 1460 NA
15988 1460 NA
15989 1460 NA
15990 1460 NA
15991 1460 NA
15992 1460 NA
15993 1460 NA
15994 1460 NA
15995 1460 NA
15996 1460 NA
15997 1460 NA
15998 1460 NA
15999 1460 NA
16000 1460 NA
16001 1460 NA
16002 1476 NA
16003 1476 NA
16004 1476 NA
16005 1476 NA
16006 1476 NA
16007 1476 NA
16008 1476 NA
16009 1476 NA
16010 1476 NA
16011 1476 NA
16012 1476 NA
16013 1476 NA
16014 1476 NA
16015 1476 NA
16016 1476 NA
16017 1476 NA
16018 1476 NA
16019 1476 NA
16020 1476 NA
16021 1476 NA
16022 1476 NA
16023 1476 NA
16024 1476 NA
16025 1476 NA
16026 1476 NA
16027 1476 NA
16028 1476 NA
16029 1476 NA
16030 1476 NA
16031 1495 NA
16032 1495 NA
16033 1495 NA
16034 1495 NA
16035 1495 NA
16036 1495 NA
16037 1495 NA
16038 1495 NA
16039 1495 NA
16040 1495 NA
16041 1495 NA
16042 1495 NA
16043 1495 NA
16044 1495 NA
16045 1495 NA
16046 1495 NA
16047 1495 NA
16048 1495 NA
16049 1495 NA
16050 1495 NA
16051 1495 NA
16052 1495 NA
16053 1495 NA
16054 1495 NA
16055 1495 NA
16056 1495 NA
16057 1495 NA
16058 1495 NA
16059 1527 NA
16060 1527 NA
16061 1527 NA
16062 1527 NA
16063 1527 NA
16064 1527 NA
16065 1527 NA
16066 1527 NA
16067 1527 NA
16068 1527 NA
16069 1527 NA
16070 1527 NA
16071 1527 NA
16072 1527 NA
16073 1527 NA
16074 1527 NA
16075 1527 NA
16076 1527 NA
16077 1527 NA
16078 1527 NA
16079 1527 NA
16080 1527 NA
16081 1527 NA
16082 1527 NA
16083 1527 NA
16084 1546 NA
16085 1546 NA
16086 1546 NA
16087 1546 NA
16088 1546 NA
16089 1546 NA
16090 1546 NA
16091 1546 NA
16092 1546 NA
16093 1546 NA
16094 1546 NA
16095 1546 NA
16096 1546 NA
16097 1546 NA
16098 1546 NA
16099 1546 NA
16100 1546 NA
16101 1546 NA
16102 1546 NA
16103 1523 NA
16104 1523 NA
16105 1523 NA
16106 1523 NA
16107 1523 NA
16108 1523 NA
16109 1523 NA
16110 1523 NA
16111 1523 NA
16112 1523 NA
16113 1523 NA
16114 1523 NA
16115 1523 NA
16116 1523 NA
16117 1523 NA
16118 1523 NA
16119 1523 NA
16120 1523 NA
16121 1523 NA
16122 1535 NA
16123 1535 NA
16124 1535 NA
16125 1535 NA
16126 1535 NA
16127 1535 NA
16128 1535 NA
16129 1535 NA
16130 1535 NA
16131 1535 NA
16132 1535 NA
16133 1535 NA
16134 1535 NA
16135 1535 NA
16136 1535 NA
16137 1535 NA
16138 1535 NA
16139 1535 NA
16140 1535 NA
16141 1544 NA
16142 1544 NA
16143 1544 NA
16144 1544 NA
16145 1544 NA
16146 1544 NA
16147 1544 NA
16148 1544 NA
16149 1544 NA
16150 1544 NA
16151 1544 NA
16152 1544 NA
16153 1544 NA
16154 1544 NA
16155 1544 NA
16156 1544 NA
16157 1544 NA
16158 1544 NA
16159 1544 NA
16160 1544 NA
16161 1544 NA
16162 1521 NA
16163 1521 NA
16164 1521 NA
16165 1521 NA
16166 1521 NA
16167 1521 NA
16168 1521 NA
16169 1521 NA
16170 1521 NA
16171 1521 NA
16172 1521 NA
16173 1521 NA
16174 1521 NA
16175 1521 NA
16176 1521 NA
16177 1521 NA
16178 1521 NA
16179 1521 NA
16180 1521 NA
16181 1521 NA
16182 1521 NA
16183 1530 NA
16184 1530 NA
16185 1530 NA
16186 1530 NA
16187 1530 NA
16188 1530 NA
16189 1530 NA
16190 1530 NA
16191 1530 NA
16192 1530 NA
16193 1530 NA
16194 1530 NA
16195 1530 NA
16196 1530 NA
16197 1530 NA
16198 1530 NA
16199 1530 NA
16200 1530 NA
16201 1530 NA
16202 1530 NA
16203 1530 NA
16204 1530 NA
16205 1530 NA
16206 1547 NA
16207 1547 NA
16208 1547 NA
16209 1547 NA
16210 1547 NA
16211 1547 NA
16212 1547 NA
16213 1547 NA
16214 1547 NA
16215 1547 NA
16216 1547 NA
16217 1547 NA
16218 1547 NA
16219 1547 NA
16220 1547 NA
16221 1547 NA
16222 1547 NA
16223 1547 NA
16224 1547 NA
16225 1547 NA
16226 1547 NA
16227 1547 NA
16228 1547 NA
16229 1547 NA
16230 1547 NA
16231 1546 NA
16232 1546 NA
16233 1546 NA
16234 1546 NA
16235 1546 NA
16236 1546 NA
16237 1546 NA
16238 1546 NA
16239 1546 NA
16240 1546 NA
16241 1546 NA
16242 1546 NA
16243 1546 NA
16244 1546 NA
16245 1546 NA
16246 1546 NA
16247 1546 NA
16248 1546 NA
16249 1546 NA
16250 1516 NA
16251 1516 NA
16252 1516 NA
16253 1516 NA
16254 1516 NA
16255 1516 NA
16256 1516 NA
16257 1516 NA
16258 1516 NA
16259 1516 NA
16260 1516 NA
16261 1516 NA
16262 1516 NA
16263 1516 NA
16264 1516 NA
16265 1516 NA
16266 1516 NA
16267 1516 NA
16268 1555 NA
16269 1555 NA
16270 1555 NA
16271 1555 NA
16272 1555 NA
16273 1555 NA
16274 1555 NA
16275 1555 NA
16276 1555 NA
16277 1555 NA
16278 1555 NA
16279 1555 NA
16280 1555 NA
16281 1613 NA
16282 1613 NA
16283 1613 NA
16284 1613 NA
16285 1613 NA
16286 1613 NA
16287 1613 NA
16288 1613 NA
16289 1613 NA
16290 1613 NA
16291 1613 NA
16292 1613 NA
16293 1613 NA
16294 1633 NA
16295 1633 NA
16296 1633 NA
16297 1633 NA
16298 1633 NA
16299 1633 NA
16300 1633 NA
16301 1633 NA
16302 1633 NA
16303 1633 NA
16304 1633 NA
16305 1633 NA
16306 1629 NA
16307 1629 NA
16308 1629 NA
16309 1629 NA
16310 1629 NA
16311 1629 NA
16312 1629 NA
16313 1629 NA
16314 1629 NA
16315 1629 NA
16316 1629 NA
16317 1629 NA
16318 1629 NA
16319 1629 NA
16320 1629 NA
16321 1629 NA
16322 1629 NA
16323 1648 NA
16324 1648 NA
16325 1648 NA
16326 1648 NA
16327 1648 NA
16328 1648 NA
16329 1648 NA
16330 1648 NA
16331 1648 NA
16332 1648 NA
16333 1648 NA
16334 1648 NA
16335 1648 NA
16336 1648 NA
16337 1648 NA
16338 1648 NA
16339 1648 NA
16340 1648 NA
16341 1585 NA
16342 1585 NA
16343 1585 NA
16344 1585 NA
16345 1585 NA
16346 1585 NA
16347 1585 NA
16348 1585 NA
16349 1585 NA
16350 1585 NA
16351 1585 NA
16352 1585 NA
16353 1585 NA
16354 1585 NA
16355 1585 NA
16356 1585 NA
16357 1585 NA
16358 1585 NA
16359 1585 NA
16360 1574 NA
16361 1574 NA
16362 1574 NA
16363 1574 NA
16364 1574 NA
16365 1574 NA
16366 1574 NA
16367 1574 NA
16368 1574 NA
16369 1574 NA
16370 1574 NA
16371 1574 NA
16372 1574 NA
16373 1574 NA
16374 1574 NA
16375 1574 NA
16376 1574 NA
16377 1574 NA
16378 1574 NA
16379 1574 NA
16380 1574 NA
16381 1574 NA
16382 1618 NA
16383 1618 NA
16384 1618 NA
16385 1618 NA
16386 1618 NA
16387 1618 NA
16388 1618 NA
16389 1618 NA
16390 1618 NA
16391 1618 NA
16392 1618 NA
16393 1618 NA
16394 1618 NA
16395 1618 NA
16396 1618 NA
16397 1618 NA
16398 1618 NA
16399 1618 NA
16400 1618 NA
16401 1618 NA
16402 1618 NA
16403 1618 NA
16404 1618 NA
16405 1638 NA
16406 1638 NA
16407 1638 NA
16408 1638 NA
16409 1638 NA
16410 1638 NA
16411 1638 NA
16412 1638 NA
16413 1638 NA
16414 1638 NA
16415 1638 NA
16416 1638 NA
16417 1638 NA
16418 1638 NA
16419 1638 NA
16420 1638 NA
16421 1638 NA
16422 1638 NA
16423 1638 NA
16424 1638 NA
16425 1672 NA
16426 1672 NA
16427 1672 NA
16428 1672 NA
16429 1672 NA
16430 1672 NA
16431 1672 NA
16432 1672 NA
16433 1672 NA
16434 1672 NA
16435 1672 NA
16436 1672 NA
16437 1672 NA
16438 1672 NA
16439 1672 NA
16440 1672 NA
16441 1672 NA
16442 1672 NA
16443 1672 NA
16444 1672 NA
16445 1705 NA
16446 1705 NA
16447 1705 NA
16448 1705 NA
16449 1705 NA
16450 1705 NA
16451 1705 NA
16452 1705 NA
16453 1705 NA
16454 1705 NA
16455 1705 NA
16456 1705 NA
16457 1705 NA
16458 1705 NA
16459 1705 NA
16460 1705 NA
16461 1705 NA
16462 1705 NA
16463 1733 NA
16464 1733 NA
16465 1733 NA
16466 1733 NA
16467 1733 NA
16468 1733 NA
16469 1733 NA
16470 1733 NA
16471 1733 NA
16472 1733 NA
16473 1733 NA
16474 1733 NA
16475 1733 NA
16476 1733 NA
16477 1733 NA
16478 1733 NA
16479 1733 NA
16480 1733 NA
16481 1733 NA
16482 1733 NA
16483 1758 NA
16484 1758 NA
16485 1758 NA
16486 1758 NA
16487 1758 NA
16488 1758 NA
16489 1758 NA
16490 1758 NA
16491 1758 NA
16492 1758 NA
16493 1758 NA
16494 1758 NA
16495 1758 NA
16496 1758 NA
16497 1758 NA
16498 1758 NA
16499 1758 NA
16500 1758 NA
16501 1745 NA
16502 1745 NA
16503 1745 NA
16504 1745 NA
16505 1745 NA
16506 1745 NA
16507 1745 NA
16508 1745 NA
16509 1745 NA
16510 1745 NA
16511 1745 NA
16512 1745 NA
16513 1745 NA
16514 1745 NA
16515 1745 NA
16516 1745 NA
16517 1745 NA
16518 1745 NA
16519 1745 NA
16520 1745 NA
16521 1745 NA
16522 1745 NA
16523 1745 NA
16524 1742 NA
16525 1742 NA
16526 1742 NA
16527 1742 NA
16528 1742 NA
16529 1742 NA
16530 1742 NA
16531 1742 NA
16532 1742 NA
16533 1742 NA
16534 1742 NA
16535 1742 NA
16536 1742 NA
16537 1742 NA
16538 1742 NA
16539 1742 NA
16540 1742 NA
16541 1742 NA
16542 1742 NA
16543 1742 NA
16544 1742 NA
16545 1742 NA
16546 1742 NA
16547 1749 NA
16548 1749 NA
16549 1749 NA
16550 1749 NA
16551 1749 NA
16552 1749 NA
16553 1749 NA
16554 1749 NA
16555 1749 NA
16556 1749 NA
16557 1749 NA
16558 1749 NA
16559 1749 NA
16560 1749 NA
16561 1749 NA
16562 1749 NA
16563 1749 NA
16564 1749 NA
16565 1749 NA
16566 1749 NA
16567 1749 NA
16568 1749 NA
16569 1749 NA
16570 1749 NA
16571 1749 NA
16572 1779 NA
16573 1779 NA
16574 1779 NA
16575 1779 NA
16576 1779 NA
16577 1779 NA
16578 1779 NA
16579 1779 NA
16580 1779 NA
16581 1779 NA
16582 1779 NA
16583 1779 NA
16584 1779 NA
16585 1779 NA
16586 1779 NA
16587 1779 NA
16588 1779 NA
16589 1779 NA
16590 1779 NA
16591 1779 NA
16592 1779 NA
16593 1779 NA
16594 1779 NA
16595 1779 NA
16596 1779 NA
16597 1858 NA
16598 1858 NA
16599 1858 NA
16600 1858 NA
16601 1858 NA
16602 1858 NA
16603 1858 NA
16604 1858 NA
16605 1858 NA
16606 1858 NA
16607 1858 NA
16608 1858 NA
16609 1858 NA
16610 1858 NA
16611 1858 NA
16612 1858 NA
16613 1858 NA
16614 1858 NA
16615 1858 NA
16616 1858 NA
16617 1858 NA
16618 1858 NA
16619 1858 NA
16620 1858 NA
16621 1858 NA
16622 1858 NA
16623 1858 NA
16624 1858 NA
16625 1858 NA
16626 1858 NA
16627 1858 NA
16628 1858 NA
16629 1893 NA
16630 1893 NA
16631 1893 NA
16632 1893 NA
16633 1893 NA
16634 1893 NA
16635 1893 NA
16636 1893 NA
16637 1893 NA
16638 1893 NA
16639 1893 NA
16640 1893 NA
16641 1893 NA
16642 1893 NA
16643 1893 NA
16644 1893 NA
16645 1893 NA
16646 1893 NA
16647 1893 NA
16648 1893 NA
16649 1893 NA
16650 1893 NA
16651 1893 NA
16652 1893 NA
16653 1893 NA
16654 1893 NA
16655 1893 NA
16656 1893 NA
16657 1893 NA
16658 1893 NA
16659 1906 NA
16660 1906 NA
16661 1906 NA
16662 1906 NA
16663 1906 NA
16664 1906 NA
16665 1906 NA
16666 1906 NA
16668 1906 NA
16669 1906 NA
16670 1906 NA
16671 1906 NA
16672 1906 NA
16673 1906 NA
16674 1906 NA
16675 1906 NA
16676 1906 NA
16677 1906 NA
16678 1906 NA
16679 1906 NA
16680 1906 NA
16681 1906 NA
16682 1906 NA
16683 1906 NA
16684 1906 NA
16685 1906 NA
16686 1906 NA
16687 1906 NA
16688 1906 NA
16689 1906 NA
16690 1906 NA
16691 1906 NA
16692 1936 NA
16693 1936 NA
16694 1936 NA
16695 1936 NA
16696 1936 NA
16697 1936 NA
16698 1936 NA
16699 1936 NA
16700 1936 NA
16701 1936 NA
16702 1936 NA
16703 1936 NA
16704 1936 NA
16705 1936 NA
16706 1936 NA
16707 1936 NA
16708 1936 NA
16709 1936 NA
16710 1936 NA
16711 1936 NA
16712 1936 NA
16715 1936 NA
16717 1936 NA
16719 1936 NA
16720 1936 NA
16721 1936 NA
16722 1936 NA
16723 1936 NA
16724 1936 NA
16725 1936 NA
16726 1988 NA
16727 1988 NA
16728 1988 NA
16729 1988 NA
16730 1988 NA
16731 1988 NA
16732 1988 NA
16733 1988 NA
16734 1988 NA
16735 1988 NA
16736 1988 NA
16737 1988 NA
16738 1988 NA
16739 1988 NA
16740 1988 NA
16741 1988 NA
16742 1988 NA
16743 1988 NA
16744 1988 NA
16745 1988 NA
16746 1988 NA
16747 1988 NA
16748 1988 NA
16749 1988 NA
16750 1988 NA
16751 1988 NA
16752 1988 NA
16753 1988 NA
16754 1988 NA
16755 1988 NA
16756 1988 NA
16757 1988 NA
16759 1988 NA
16760 1988 NA
16761 1988 NA
16762 1988 NA
16763 2022 NA
16764 2022 NA
16765 2022 NA
16766 2022 NA
16767 2022 NA
16768 2022 NA
16769 2022 NA
16770 2022 NA
16771 2022 NA
16772 2022 NA
16773 2022 NA
16774 2022 NA
16775 2022 NA
16776 2022 NA
16777 2022 NA
16778 2022 NA
16779 2022 NA
16780 2022 NA
16781 2022 NA
16782 2022 NA
16783 2022 NA
16784 2022 NA
16785 2022 NA
16786 2022 NA
16787 2022 NA
16788 2022 NA
16789 2022 NA
16790 2022 NA
16791 2022 NA
16792 2022 NA
16793 2022 NA
16794 2022 NA
16795 2022 NA
16796 2040 NA
16797 2040 NA
16798 2040 NA
16799 2040 NA
16800 2040 NA
16801 2040 NA
16802 2040 NA
16803 2040 NA
16804 2040 NA
16805 2040 NA
16807 2040 NA
16808 2040 NA
16809 2040 NA
16810 2040 NA
16811 2040 NA
16812 2040 NA
16813 2040 NA
16814 2040 NA
16815 2040 NA
16816 2040 NA
16817 2040 NA
16818 2040 NA
16820 2040 NA
16821 2040 NA
16822 2040 NA
16823 2040 NA
16824 2040 NA
16825 2040 NA
16826 2040 NA
16827 2040 NA
16828 2040 NA
16829 2040 NA
16830 2082 NA
16831 2082 NA
16832 2082 NA
16833 2082 NA
16834 2082 NA
16835 2082 NA
16836 2082 NA
16837 2082 NA
16838 2082 NA
16839 2082 NA
16840 2082 NA
16841 2082 NA
16842 2082 NA
16843 2082 NA
16844 2082 NA
16845 2082 NA
16847 2082 NA
16849 2082 NA
16850 2082 NA
16851 2082 NA
16852 2082 NA
16853 2082 NA
16854 2082 NA
16855 2082 NA
16856 2082 NA
16857 2082 NA
16858 2082 NA
16859 2082 NA
16860 2082 NA
16861 2082 NA
16862 2082 NA
16863 2082 NA
16864 2082 NA
16865 2086 NA
16866 2086 NA
16867 2086 NA
16869 2086 NA
16870 2086 NA
16871 2086 NA
16872 2086 NA
16873 2086 NA
16874 2086 NA
16875 2086 NA
16876 2086 NA
16878 2086 NA
16879 2086 NA
16880 2086 NA
16881 2086 NA
16882 2086 NA
16883 2086 NA
16884 2086 NA
16885 2086 NA
16886 2086 NA
16887 2086 NA
16888 2086 NA
16889 2086 NA
16890 2086 NA
16891 2086 NA
16892 2086 NA
16893 2086 NA
16894 2086 NA
16895 2086 NA
16896 2086 NA
16897 2094 NA
16898 2094 NA
16899 2094 NA
16900 2094 NA
16901 2094 NA
16902 2094 NA
16903 2094 NA
16904 2094 NA
16905 2094 NA
16906 2094 NA
16907 2094 NA
16908 2094 NA
16909 2094 NA
16910 2094 NA
16911 2094 NA
16912 2094 NA
16913 2094 NA
16914 2094 NA
16915 2094 NA
16916 2094 NA
16917 2094 NA
16918 2094 NA
16919 2094 NA
16920 2094 NA
16921 2094 NA
16922 2094 NA
16923 2094 NA
16924 2094 NA
16925 2094 NA
16926 2094 NA
16927 2094 NA
16928 2094 NA
16929 2094 NA
16930 2094 NA
16931 2094 NA
16932 2188 NA
16933 2188 NA
16934 2188 NA
16935 2188 NA
16937 2188 NA
16938 2188 NA
16939 2188 NA
16940 2188 NA
16941 2188 NA
16942 2188 NA
16943 2188 NA
16944 2188 NA
16945 2188 NA
16946 2188 NA
16949 2188 NA
16950 2188 NA
16951 2188 NA
16952 2188 NA
16953 2188 NA
16954 2188 NA
16955 2188 NA
16956 2188 NA
16957 2188 NA
16958 2188 NA
16959 2188 NA
16960 2188 NA
16966 2149 NA
16968 2149 NA
16969 2149 NA
16970 2149 NA
16971 2149 NA
16972 2149 NA
16974 2149 NA
16975 2149 NA
16976 2149 NA
16977 2149 NA
16978 2149 NA
16979 2149 NA
16980 2149 NA
16981 2149 NA
16982 2149 NA
16984 2149 NA
16985 2149 NA
16986 2149 NA
16987 2149 NA
16988 2149 NA
16989 2149 NA
16990 2149 NA
16991 2149 NA
16992 2149 NA
16993 2149 NA
16994 2130 NA
16999 2130 NA
17000 2130 NA
17001 2130 NA
17006 2130 NA
17007 2130 NA
17014 2130 NA
17015 2130 NA
17016 2130 NA
17017 2130 NA
17018 2130 NA
17019 2130 NA
17020 2130 NA
17021 2130 NA
17022 2130 NA
17023 2130 NA
17024 2130 NA
17025 2130 NA
17026 2130 NA
17027 2130 NA
17028 2130 NA
17029 2130 NA
17031 2130 NA
17032 2130 NA
17033 2130 NA
17034 2130 NA
17035 2130 NA
17036 2172 NA
17037 2172 NA
17038 2172 NA
17039 2172 NA
17040 2172 NA
17042 2172 NA
17044 2172 NA
17045 2172 NA
17046 2172 NA
17047 2172 NA
17048 2172 NA
17049 2172 NA
17050 2172 NA
17051 2172 NA
17052 2172 NA
17053 2172 NA
17054 2172 NA
17055 2172 NA
17056 2172 NA
17057 2172 NA
17058 2172 NA
17059 2172 NA
17060 2172 NA
17061 2172 NA
17062 2172 NA
17063 2172 NA
17064 2172 NA
17069 2172 NA
17070 2172 NA
17071 2172 NA
17072 2172 NA
17073 2172 NA
17075 2172 NA
17076 2172 NA
17077 2172 NA
17078 2172 NA
17079 2161 NA
17080 2161 NA
17081 2161 NA
17083 2161 NA
17084 2161 NA
17085 2161 NA
17086 2161 NA
17087 2161 NA
17088 2161 NA
17089 2161 NA
17091 2161 NA
17092 2161 NA
17093 2161 NA
17094 2161 NA
17095 2161 NA
17096 2161 NA
17097 2161 NA
17098 2161 NA
17099 2161 NA
17100 2161 NA
17101 2161 NA
17102 2161 NA
17103 2161 NA
17104 2161 NA
17105 2161 NA
17106 2161 NA
17107 2161 NA
17108 2161 NA
17109 2161 NA
17110 2161 NA
17111 2161 NA
17112 2161 NA
17113 2161 NA
17114 2161 NA
17115 2161 NA
17117 2161 NA
17118 2161 NA
17119 2161 NA
17123 2161 NA
17124 2161 NA
17125 2161 NA
17126 2161 NA
17127 2161 NA
17129 2163 NA
17130 2163 NA
17131 2163 NA
17132 2163 NA
17133 2163 NA
17134 2163 NA
17135 2163 NA
17136 2163 NA
17138 2163 NA
17139 2163 NA
17140 2163 NA
17141 2163 NA
17142 2163 NA
17143 2163 NA
17144 2163 NA
17145 2163 NA
17146 2163 NA
17147 2163 NA
17148 2163 NA
17149 2163 NA
