"Index" "Price" "Volume"
14019 55 NA
14020 55 NA
14021 56 NA
14022 56 NA
14023 57 NA
14024 57 NA
14025 57 NA
14026 57 NA
14027 59 NA
14028 59 NA
14029 60 NA
14030 60 NA
14031 60 NA
14032 60 NA
14033 60 NA
14034 62 NA
14035 62 NA
14036 62 NA
14037 64 NA
14038 64 NA
14039 65 NA
14040 65 NA
14041 65 NA
14042 67 NA
14043 67 NA
14044 67 NA
14045 69 NA
14046 69 NA
14047 70 NA
14048 70 NA
14049 72 NA
14050 72 NA
14051 72 NA
14052 73 NA
14053 73 NA
14054 73 NA
14055 75 NA
14056 75 NA
14057 77 NA
14058 77 NA
14059 77 NA
14061 79 NA
14062 79 NA
14063 79 NA
14064 81 NA
14065 81 NA
14066 81 NA
14067 81 NA
14068 83 NA
14069 83 NA
14070 83 NA
14071 86 NA
14072 86 NA
14073 86 NA
14074 88 NA
14075 88 NA
14076 88 NA
14077 88 NA
14078 90 NA
14079 90 NA
14080 90 NA
14081 92 NA
14082 92 NA
14083 92 NA
14084 93 NA
14085 93 NA
14086 93 NA
14087 93 NA
14088 95 NA
14089 96 NA
14090 96 NA
14091 97 NA
14092 97 NA
14093 97 NA
14094 100 NA
14095 100 NA
14096 102 NA
14097 102 NA
14098 102 NA
14099 102 NA
14100 104 NA
14101 104 NA
14102 104 NA
14103 107 NA
14104 107 NA
14105 107 NA
14106 110 NA
14107 110 NA
14108 114 NA
14109 114 NA
14110 118 NA
14111 118 NA
14112 118 NA
14113 121 NA
14114 121 NA
14115 121 NA
14116 126 NA
14117 126 NA
14118 126 NA
14119 130 NA
14120 130 NA
14121 134 NA
14122 134 NA
14123 134 NA
14124 134 NA
14125 134 NA
14126 134 NA
14127 137 NA
14128 137 NA
14129 140 NA
14130 140 NA
14131 140 NA
14132 140 NA
14133 144 NA
14134 144 NA
14135 144 NA
14136 149 NA
14137 149 NA
14138 149 NA
14139 149 NA
14140 153 NA
14141 153 NA
14142 156 NA
14143 156 NA
14144 156 NA
14145 156 NA
14146 158 NA
14147 158 NA
14148 158 NA
14149 160 NA
14150 160 NA
14151 160 NA
14152 163 NA
14153 163 NA
14154 163 NA
14155 164 NA
14156 164 NA
14157 164 NA
14158 166 NA
14159 166 NA
14160 166 NA
14161 166 NA
14162 166 NA
14163 166 NA
14164 169 NA
14165 169 NA
14166 169 NA
14167 169 NA
14168 175 NA
14169 175 NA
14170 175 NA
14171 178 NA
14172 178 NA
14173 178 NA
14174 178 NA
14175 182 NA
14176 182 NA
14177 182 NA
14178 182 NA
14179 187 NA
14180 187 NA
14181 187 NA
14182 193 NA
14183 193 NA
14184 193 NA
14185 196 NA
14186 196 NA
14187 196 NA
14188 196 NA
14189 199 NA
14190 199 NA
14191 199 NA
14192 199 NA
14193 199 NA
14194 199 NA
14195 199 NA
14196 202 NA
14197 202 NA
14198 202 NA
14199 209 NA
14200 209 NA
14201 209 NA
14202 209 NA
14203 215 NA
14204 215 NA
14205 215 NA
14206 218 NA
14207 218 NA
14208 218 NA
14209 218 NA
14210 222 NA
14211 222 NA
14212 222 NA
14213 223 NA
14214 223 NA
14215 223 NA
14216 223 NA
14217 226 NA
14218 226 NA
14219 226 NA
14220 228 NA
14221 228 NA
14222 228 NA
14223 230 NA
14224 230 NA
14225 230 NA
14226 236 NA
14227 236 NA
14228 236 NA
14229 241 NA
14230 241 NA
14231 241 NA
14232 246 NA
14233 246 NA
14234 246 NA
14235 248 NA
14236 248 NA
14237 251 NA
14238 251 NA
14239 251 NA
14240 251 NA
14241 257 NA
14242 257 NA
14243 258 NA
14244 258 NA
14245 258 NA
14246 257 NA
14247 257 NA
14248 261 NA
14249 261 NA
14250 261 NA
14251 267 NA
14252 267 NA
14253 267 NA
14254 272 NA
14255 272 NA
14256 272 NA
14257 272 NA
14258 272 NA
14259 272 NA
14260 274 NA
14261 274 NA
14262 271 NA
14263 271 NA
14264 272 NA
14265 272 NA
14266 272 NA
14267 280 NA
14268 280 NA
14269 282 NA
14270 282 NA
14271 282 NA
14272 283 NA
14273 283 NA
14274 283 NA
14275 286 NA
14276 286 NA
14277 286 NA
14278 289 NA
14279 289 NA
14280 289 NA
14281 291 NA
14282 291 NA
14283 291 NA
14284 290 NA
14285 290 NA
14286 290 NA
14287 290 NA
14288 288 NA
14289 288 NA
14290 288 NA
14291 288 NA
14292 288 NA
14293 288 NA
14294 282 NA
14295 282 NA
14296 285 NA
14297 285 NA
14298 285 NA
14299 285 NA
14300 289 NA
14301 289 NA
14302 289 NA
14303 288 NA
14304 288 NA
14305 288 NA
14306 282 NA
14307 282 NA
14308 282 NA
14309 282 NA
14310 282 NA
14311 282 NA
14312 282 NA
14313 282 NA
14314 282 NA
14315 282 NA
14316 286 NA
14317 286 NA
14318 286 NA
14319 290 NA
14320 290 NA
14321 290 NA
14322 295 NA
14323 295 NA
14324 295 NA
14325 300 NA
14326 300 NA
14327 300 NA
14328 288 NA
14329 288 NA
14330 288 NA
14331 288 NA
14332 288 NA
14333 288 NA
14334 288 NA
14335 288 NA
14336 283 NA
14337 283 NA
14338 283 NA
14339 287 NA
14340 287 NA
14341 287 NA
14342 287 NA
14343 289 NA
14344 289 NA
14345 289 NA
14346 291 NA
14347 291 NA
14348 291 NA
14349 290 NA
14350 290 NA
14351 290 NA
14352 290 NA
14353 293 NA
14354 293 NA
14355 293 NA
14356 293 NA
14357 293 NA
14358 293 NA
14359 293 NA
14360 290 NA
14361 290 NA
14362 290 NA
14363 289 NA
14364 289 NA
14365 289 NA
14366 289 NA
14367 290 NA
14368 290 NA
14369 290 NA
14370 290 NA
14371 294 NA
14372 294 NA
14373 294 NA
14374 294 NA
14375 288 NA
14376 288 NA
14377 288 NA
14378 288 NA
14379 288 NA
14380 288 NA
14381 288 NA
14382 288 NA
14383 284 NA
14384 284 NA
14385 284 NA
14386 284 NA
14387 286 NA
14388 286 NA
14389 286 NA
14390 290 NA
14391 290 NA
14392 290 NA
14393 290 NA
14394 290 NA
14395 290 NA
14396 290 NA
14397 288 NA
14398 288 NA
14399 288 NA
14400 288 NA
14401 288 NA
14402 283 NA
14403 283 NA
14404 283 NA
14405 285 NA
14406 285 NA
14407 285 NA
14408 285 NA
14409 286 NA
14410 286 NA
14411 286 NA
14412 293 NA
14413 293 NA
14414 293 NA
14415 293 NA
14416 296 NA
14417 296 NA
14418 296 NA
14419 301 NA
14420 301 NA
14421 301 NA
14422 303 NA
14423 303 NA
14424 303 NA
14425 315 NA
14426 315 NA
14428 317 NA
14429 317 NA
14430 317 NA
14431 316 NA
14432 316 NA
14433 316 NA
14434 316 NA
14435 315 NA
14436 315 NA
14437 315 NA
14438 310 NA
14439 310 NA
14440 310 NA
14441 315 NA
14442 315 NA
14443 315 NA
14444 316 NA
14445 316 NA
14446 316 NA
14447 311 NA
14448 311 NA
14449 311 NA
14450 311 NA
14451 314 NA
14452 314 NA
14453 318 NA
14454 318 NA
14455 318 NA
14456 318 NA
14457 312 NA
14458 312 NA
14459 315 NA
14460 315 NA
14461 315 NA
14462 315 NA
14463 320 NA
14464 320 NA
14465 320 NA
14466 330 NA
14467 330 NA
14468 330 NA
14469 335 NA
14470 335 NA
14471 335 NA
14472 342 NA
14473 342 NA
14474 342 NA
14475 343 NA
14476 343 NA
14477 343 NA
14478 343 NA
14479 349 NA
14480 349 NA
14481 349 NA
14482 349 NA
14483 349 NA
14484 349 NA
14485 349 NA
14486 351 NA
14487 351 NA
14488 351 NA
14489 368 NA
14490 368 NA
14491 368 NA
14492 369 NA
14493 369 NA
14494 369 NA
14495 369 NA
14496 369 NA
14497 369 NA
14498 369 NA
14499 369 NA
14500 368 NA
14501 368 NA
14502 368 NA
14503 368 NA
14504 370 NA
14505 370 NA
14506 370 NA
14507 370 NA
14508 381 NA
14509 381 NA
14510 381 NA
14511 381 NA
14512 388 NA
14513 388 NA
14514 388 NA
14515 398 NA
14516 398 NA
14517 398 NA
14518 398 NA
14519 398 NA
14520 398 NA
14521 393 NA
14522 393 NA
14523 393 NA
14524 393 NA
14525 393 NA
14526 389 NA
14527 389 NA
14528 389 NA
14529 389 NA
14530 395 NA
14531 395 NA
14532 395 NA
14533 395 NA
14534 395 NA
14535 392 NA
14536 392 NA
14537 392 NA
14538 399 NA
14539 399 NA
14540 399 NA
14541 399 NA
14542 402 NA
14543 402 NA
14544 402 NA
14545 402 NA
14546 402 NA
14547 406 NA
14548 406 NA
14549 406 NA
14550 412 NA
14551 412 NA
14552 412 NA
14553 412 NA
14554 412 NA
14555 417 NA
14556 417 NA
14557 417 NA
14558 417 NA
14559 417 NA
14560 417 NA
14561 417 NA
14562 417 NA
14563 420 NA
14564 420 NA
14565 420 NA
14566 420 NA
14567 420 NA
14568 421 NA
14569 421 NA
14570 421 NA
14571 421 NA
14572 428 NA
14573 428 NA
14574 428 NA
14575 428 NA
14576 431 NA
14577 431 NA
14578 431 NA
14579 431 NA
14580 431 NA
14581 431 NA
14582 431 NA
14583 431 NA
14584 448 NA
14585 448 NA
14586 448 NA
14587 448 NA
14588 448 NA
14589 448 NA
14590 467 NA
14591 467 NA
14592 467 NA
14593 489 NA
14594 489 NA
14595 489 NA
14596 489 NA
14597 489 NA
14598 509 NA
14599 509 NA
14600 509 NA
14601 509 NA
14602 529 NA
14603 529 NA
14604 529 NA
14605 554 NA
14606 554 NA
14607 554 NA
14608 554 NA
14609 569 NA
14610 569 NA
14611 569 NA
14612 576 NA
14613 576 NA
14614 576 NA
14615 576 NA
14616 587 NA
14617 587 NA
14618 587 NA
14619 562 NA
14620 562 NA
14621 562 NA
14622 562 NA
14623 562 NA
14624 562 NA
14625 538 NA
14626 538 NA
14627 538 NA
14628 516 NA
14629 516 NA
14630 516 NA
14631 516 NA
14632 516 NA
14633 490 NA
14634 490 NA
14635 490 NA
14636 490 NA
14637 476 NA
14638 476 NA
14639 476 NA
14640 457 NA
14641 457 NA
14642 457 NA
14643 457 NA
14644 457 NA
14645 437 NA
14646 437 NA
14647 437 NA
14648 419 NA
14649 419 NA
14650 419 NA
14651 419 NA
14653 403 NA
14654 403 NA
14655 403 NA
14656 403 NA
14657 386 NA
14658 386 NA
14659 386 NA
14660 386 NA
14661 373 NA
14662 373 NA
14663 373 NA
14664 373 NA
14665 360 NA
14666 360 NA
14667 360 NA
14668 360 NA
14669 349 NA
14670 349 NA
14671 349 NA
14672 349 NA
14673 349 NA
14674 349 NA
14675 347 NA
14676 347 NA
14677 347 NA
14678 347 NA
14679 331 NA
14680 331 NA
14681 331 NA
14682 331 NA
14683 319 NA
14684 319 NA
14685 319 NA
14686 319 NA
14687 319 NA
14688 319 NA
14689 308 NA
14690 308 NA
14691 308 NA
14692 308 NA
14693 295 NA
14694 295 NA
14695 295 NA
14696 295 NA
14697 284 NA
14698 284 NA
14699 284 NA
14700 284 NA
14701 284 NA
14702 269 NA
14703 269 NA
14704 269 NA
14705 257 NA
14706 257 NA
14707 257 NA
14708 257 NA
14709 257 NA
14710 246 NA
14711 246 NA
14712 246 NA
14713 246 NA
14714 246 NA
14715 246 NA
14716 246 NA
14717 239 NA
14718 239 NA
14719 239 NA
14720 239 NA
14721 239 NA
14722 230 NA
14723 230 NA
14724 230 NA
14725 230 NA
14726 230 NA
14727 230 NA
14728 230 NA
14729 238 NA
14730 238 NA
14731 238 NA
14732 238 NA
14733 238 NA
14734 236 NA
14735 236 NA
14736 236 NA
14737 236 NA
14738 241 NA
14739 241 NA
14740 241 NA
14741 241 NA
14742 241 NA
14743 241 NA
14744 247 NA
14745 247 NA
14746 247 NA
14747 247 NA
14748 247 NA
14749 247 NA
14750 247 NA
14751 247 NA
14752 247 NA
14753 247 NA
14754 247 NA
14755 253 NA
14756 253 NA
14757 253 NA
14758 253 NA
14759 253 NA
14760 255 NA
14761 255 NA
14762 255 NA
14763 255 NA
14764 255 NA
14765 255 NA
14766 255 NA
14767 255 NA
14768 255 NA
14769 255 NA
14770 255 NA
14771 255 NA
14772 255 NA
14773 258 NA
14774 258 NA
14775 258 NA
14776 258 NA
14777 258 NA
14778 265 NA
14779 265 NA
14780 265 NA
14781 265 NA
14782 265 NA
14783 265 NA
14784 269 NA
14785 269 NA
14786 269 NA
14787 269 NA
14788 269 NA
14789 268 NA
14790 268 NA
14791 268 NA
14792 268 NA
14793 268 NA
14794 274 NA
14795 274 NA
14796 274 NA
14797 274 NA
14798 274 NA
14799 282 NA
14800 282 NA
14801 282 NA
14802 282 NA
14803 282 NA
14804 282 NA
14805 287 NA
14806 287 NA
14807 287 NA
14808 287 NA
14809 287 NA
14810 288 NA
14811 288 NA
14812 288 NA
14813 288 NA
14814 288 NA
14815 288 NA
14816 288 NA
14817 296 NA
14818 296 NA
14819 296 NA
14820 296 NA
14821 296 NA
14822 296 NA
14823 297 NA
14824 297 NA
14825 297 NA
14826 297 NA
14827 297 NA
14828 296 NA
14829 296 NA
14830 296 NA
14831 296 NA
14832 296 NA
14833 296 NA
14834 289 NA
14835 289 NA
14836 289 NA
14837 289 NA
14838 289 NA
14839 289 NA
14840 283 NA
14841 283 NA
14842 283 NA
14843 283 NA
14844 283 NA
14845 279 NA
14846 279 NA
14847 279 NA
14848 279 NA
14849 279 NA
14850 279 NA
14851 279 NA
14852 286 NA
14853 286 NA
14854 286 NA
14855 286 NA
14856 286 NA
14857 286 NA
14858 286 NA
14859 292 NA
14860 292 NA
14861 292 NA
14862 292 NA
14863 292 NA
14864 292 NA
14865 292 NA
14866 292 NA
14867 292 NA
14868 300 NA
14869 300 NA
14870 300 NA
14871 300 NA
14872 300 NA
14873 300 NA
14874 300 NA
14875 300 NA
14876 300 NA
14877 300 NA
14878 300 NA
14879 300 NA
14880 300 NA
14881 300 NA
14882 300 NA
14883 300 NA
14884 303 NA
14885 303 NA
14886 303 NA
14887 303 NA
14888 303 NA
14889 303 NA
14890 303 NA
14891 303 NA
14892 306 NA
14893 306 NA
14894 306 NA
14895 306 NA
14896 306 NA
14897 306 NA
14898 306 NA
14899 306 NA
14900 304 NA
14901 304 NA
14902 304 NA
14903 304 NA
14904 304 NA
14905 304 NA
14906 304 NA
14907 304 NA
14908 304 NA
14909 304 NA
14910 304 NA
14911 304 NA
14912 304 NA
14913 304 NA
14914 304 NA
14915 304 NA
14916 307 NA
14917 307 NA
14918 307 NA
14920 307 NA
14921 307 NA
14922 307 NA
14923 307 NA
14924 307 NA
14925 317 NA
14926 317 NA
14927 317 NA
14928 317 NA
14929 317 NA
14930 317 NA
14931 317 NA
14932 317 NA
14933 319 NA
14934 319 NA
14935 319 NA
14936 319 NA
14937 319 NA
14938 319 NA
14939 319 NA
14940 319 NA
14941 328 NA
14942 328 NA
14943 328 NA
14944 328 NA
14945 328 NA
14946 328 NA
14947 328 NA
14948 328 NA
14949 328 NA
14950 328 NA
14951 333 NA
14952 333 NA
14953 333 NA
14954 333 NA
14955 333 NA
14956 333 NA
14957 333 NA
14958 339 NA
14959 339 NA
14960 339 NA
14961 339 NA
14962 339 NA
14963 339 NA
14964 339 NA
14965 339 NA
14966 347 NA
14967 347 NA
14968 347 NA
14969 347 NA
14970 347 NA
14971 347 NA
14972 347 NA
14973 347 NA
14974 334 NA
14975 334 NA
14981 334 NA
14983 328 NA
14990 328 NA
14991 325 NA
14996 325 NA
14998 328 NA
15003 328 NA
15005 334 NA
15009 334 NA
15013 348 NA
15019 355 NA
15025 355 NA
15026 356 NA
15032 356 NA
15033 347 NA
15038 347 NA
15039 334 NA
15044 334 NA
15046 333 NA
15052 333 NA
15054 327 NA
15060 327 NA
15061 316 NA
15067 316 NA
15070 307 NA
15076 307 NA
15078 301 NA
15085 301 NA
15086 298 NA
15093 298 NA
15094 298 NA
15095 304 NA
15101 304 NA
15104 297 NA
15110 297 NA
15114 293 NA
15121 293 NA
15122 293 NA
15123 286 NA
15130 286 NA
15132 279 NA
15139 279 NA
15145 279 NA
15150 277 NA
15157 277 NA
15159 274 NA
15166 274 NA
15173 274 NA
15175 265 NA
15179 265 NA
15184 262 NA
15187 262 NA
15193 260 NA
15199 260 NA
15204 258 NA
15212 253 NA
15219 253 NA
15221 253 NA
15222 254 NA
15229 254 NA
15232 254 NA
15235 248 NA
15242 248 NA
15249 248 NA
15256 248 NA
15258 248 NA
15264 249 NA
15271 249 NA
15277 249 NA
15280 251 NA
15287 251 NA
15294 251 NA
15301 251 NA
15307 251 NA
15308 256 NA
15315 256 NA
15318 256 NA
15319 257 NA
15326 257 NA
15329 257 NA
15330 262 NA
15337 262 NA
15339 262 NA
15340 266 NA
15341 266 NA
15342 266 NA
15343 266 NA
15344 266 NA
15345 266 NA
15346 266 NA
15347 266 NA
15348 266 NA
15349 266 NA
15350 266 NA
15351 266 NA
15352 268 NA
15353 268 NA
15354 268 NA
15355 268 NA
15356 268 NA
15357 268 NA
15358 268 NA
15359 268 NA
15360 268 NA
15361 268 NA
15362 268 NA
15363 268 NA
15364 268 NA
15365 275 NA
15366 275 NA
15367 275 NA
15368 275 NA
15369 275 NA
15370 275 NA
15371 275 NA
15372 275 NA
15373 275 NA
15374 275 NA
15375 275 NA
15376 275 NA
15377 275 NA
15378 278 NA
15379 278 NA
15380 278 NA
15381 278 NA
15382 278 NA
15383 278 NA
15384 278 NA
15385 278 NA
15386 278 NA
15387 278 NA
15388 278 NA
15389 278 NA
15390 278 NA
15391 278 NA
15392 278 NA
15393 278 NA
15394 278 NA
15395 278 NA
15396 287 NA
15397 287 NA
15398 287 NA
15399 287 NA
15400 287 NA
15401 287 NA
15402 287 NA
15403 287 NA
15404 287 NA
15405 287 NA
15406 287 NA
15407 287 NA
15408 287 NA
15409 287 NA
15410 287 NA
15411 299 NA
15412 299 NA
15413 299 NA
15414 299 NA
15415 299 NA
15416 299 NA
15417 299 NA
15418 299 NA
15419 299 NA
15420 299 NA
15421 299 NA
15422 301 NA
15423 304 NA
15424 306 NA
15425 309 NA
15426 311 NA
15427 311 NA
15428 311 NA
15429 311 NA
15430 311 NA
15431 311 NA
15432 311 NA
15433 311 NA
15434 311 NA
15435 311 NA
15436 311 NA
15437 311 NA
15438 316 NA
15439 316 NA
15440 316 NA
15441 316 NA
15442 316 NA
15443 316 NA
15444 316 NA
15445 316 NA
15446 316 NA
15447 316 NA
15448 316 NA
15449 316 NA
15450 316 NA
15451 315 NA
15452 315 NA
15453 315 NA
15454 315 NA
15455 315 NA
15456 315 NA
15457 315 NA
15458 315 NA
15459 315 NA
15460 315 NA
15461 315 NA
15462 315 NA
15463 315 NA
15464 315 NA
15465 315 NA
15466 315 NA
15467 315 NA
15468 319 NA
15469 319 NA
15470 319 NA
15471 319 NA
15472 319 NA
15473 319 NA
15474 319 NA
15475 319 NA
15476 319 NA
15477 319 NA
15478 319 NA
15479 319 NA
15480 319 NA
15481 322 NA
15482 322 NA
15483 322 NA
15484 322 NA
15485 322 NA
15486 322 NA
15487 322 NA
15488 322 NA
15489 322 NA
15490 334 NA
15491 334 NA
15492 334 NA
15493 334 NA
15494 334 NA
15495 334 NA
15496 334 NA
15497 334 NA
15498 334 NA
15499 332 NA
15500 332 NA
15501 332 NA
15502 332 NA
15503 332 NA
15504 332 NA
15505 332 NA
15506 332 NA
15507 332 NA
15508 332 NA
15509 332 NA
15510 332 NA
15511 335 NA
15512 335 NA
15513 335 NA
15514 335 NA
15515 335 NA
15516 335 NA
15517 335 NA
15518 335 NA
15519 335 NA
15520 335 NA
15521 335 NA
15522 335 NA
15523 337 NA
15524 337 NA
15525 337 NA
15526 337 NA
15527 337 NA
15528 337 NA
15529 337 NA
15530 337 NA
15531 337 NA
15532 337 NA
15533 337 NA
15534 337 NA
15535 337 NA
15536 342 NA
15537 342 NA
15538 342 NA
15539 342 NA
15540 342 NA
15541 342 NA
15542 342 NA
15543 342 NA
15544 342 NA
15545 342 NA
15546 342 NA
15547 342 NA
15548 342 NA
15549 342 NA
15550 349 NA
15551 349 NA
15552 349 NA
15553 349 NA
15554 349 NA
15555 349 NA
15556 349 NA
15557 349 NA
15558 349 NA
15559 349 NA
15560 349 NA
15561 349 NA
15562 350 NA
15563 350 NA
15564 350 NA
15565 350 NA
15566 350 NA
15567 350 NA
15568 350 NA
15569 350 NA
15570 350 NA
15571 350 NA
15572 350 NA
15573 350 NA
15574 350 NA
15575 351 NA
15576 351 NA
15577 351 NA
15578 351 NA
15579 351 NA
15580 351 NA
15581 351 NA
15582 351 NA
15583 351 NA
15584 351 NA
15585 351 NA
15586 351 NA
15587 351 NA
15588 352 NA
15589 352 NA
15590 352 NA
15591 352 NA
15592 352 NA
15593 352 NA
15594 352 NA
15595 352 NA
15596 352 NA
15597 352 NA
15598 352 NA
15599 352 NA
15600 352 NA
15601 352 NA
15602 352 NA
15603 349 NA
15604 349 NA
15605 349 NA
15606 349 NA
15607 349 NA
15608 349 NA
15609 349 NA
15610 349 NA
15611 349 NA
15612 349 NA
15613 349 NA
15614 349 NA
15615 349 NA
15616 349 NA
15617 349 NA
15618 349 NA
15619 349 NA
15620 355 NA
15621 355 NA
15622 355 NA
15623 355 NA
15624 355 NA
15625 355 NA
15626 355 NA
15627 355 NA
15628 355 NA
15629 355 NA
15630 355 NA
15631 355 NA
15632 355 NA
15633 355 NA
15634 355 NA
15635 355 NA
15636 355 NA
15637 355 NA
15638 355 NA
15639 355 NA
15640 355 NA
15641 369 NA
15642 369 NA
15643 369 NA
15644 369 NA
15645 369 NA
15646 369 NA
15647 369 NA
15648 369 NA
15649 369 NA
15650 369 NA
15651 369 NA
15652 369 NA
15653 369 NA
15654 369 NA
15655 369 NA
15656 369 NA
15657 369 NA
15658 369 NA
15659 369 NA
15660 369 NA
15661 369 NA
15662 369 NA
15663 369 NA
15664 369 NA
15665 369 NA
15666 375 NA
15667 375 NA
15668 375 NA
15669 375 NA
15670 375 NA
15671 375 NA
15672 375 NA
15673 375 NA
15674 375 NA
15675 375 NA
15676 375 NA
15677 375 NA
15678 375 NA
15679 375 NA
15680 375 NA
15681 375 NA
15682 375 NA
15683 375 NA
15684 375 NA
15685 375 NA
15686 375 NA
15687 375 NA
15688 375 NA
15689 375 NA
15690 375 NA
15691 375 NA
15692 375 NA
15693 375 NA
15694 375 NA
15695 375 NA
15696 375 NA
15697 375 NA
15698 375 NA
15699 375 NA
15700 375 NA
15701 375 NA
15702 375 NA
15703 375 NA
15704 375 NA
15705 375 NA
15706 375 NA
15707 375 NA
15708 378 NA
15709 378 NA
15710 378 NA
15711 378 NA
15712 378 NA
15713 378 NA
15714 378 NA
15715 378 NA
15716 378 NA
15717 378 NA
15718 378 NA
15719 378 NA
15720 378 NA
15721 378 NA
15722 378 NA
15723 378 NA
15724 378 NA
15725 378 NA
15726 378 NA
15727 378 NA
15728 378 NA
15729 378 NA
15730 378 NA
15731 378 NA
15732 378 NA
15733 378 NA
15734 378 NA
15735 378 NA
15736 378 NA
15737 378 NA
15738 378 NA
15739 378 NA
15740 378 NA
15741 378 NA
15742 378 NA
15743 378 NA
15744 378 NA
15745 378 NA
15746 378 NA
15747 378 NA
15748 378 NA
15749 378 NA
15750 378 NA
15751 378 NA
15752 374 NA
15753 374 NA
15754 374 NA
15755 374 NA
15756 374 NA
15757 374 NA
15758 374 NA
15759 374 NA
15760 374 NA
15761 374 NA
15762 374 NA
15763 374 NA
15764 374 NA
15765 374 NA
15766 374 NA
15767 374 NA
15768 374 NA
15769 374 NA
15770 374 NA
15771 374 NA
15772 374 NA
15773 374 NA
15774 374 NA
15775 374 NA
15776 374 NA
15777 374 NA
15778 374 NA
15779 374 NA
15780 374 NA
15781 374 NA
15782 374 NA
15783 374 NA
15784 374 NA
15785 374 NA
15786 374 NA
15787 374 NA
15788 374 NA
15789 374 NA
15790 374 NA
15791 374 NA
15792 374 NA
15793 374 NA
15794 374 NA
15795 376 NA
15796 376 NA
15797 376 NA
15798 376 NA
15799 376 NA
15800 376 NA
15801 376 NA
15802 376 NA
15803 376 NA
15804 376 NA
15805 376 NA
15806 376 NA
15807 376 NA
15808 376 NA
15809 376 NA
15810 376 NA
15811 376 NA
15812 376 NA
15813 376 NA
15814 376 NA
15815 376 NA
15816 376 NA
15817 376 NA
15818 376 NA
15819 376 NA
15820 376 NA
15821 376 NA
15822 376 NA
15823 376 NA
15824 376 NA
15825 376 NA
15826 376 NA
15827 376 NA
15828 376 NA
15829 376 NA
15830 376 NA
15831 376 NA
15832 376 NA
15833 376 NA
15834 376 NA
15835 376 NA
15836 376 NA
15837 376 NA
15838 376 NA
15839 376 NA
15840 376 NA
15841 376 NA
15842 376 NA
15843 376 NA
15844 376 NA
15845 376 NA
15846 376 NA
15847 376 NA
15848 376 NA
15849 385 NA
15850 385 NA
15851 385 NA
15852 385 NA
15853 385 NA
15854 385 NA
15855 385 NA
15856 385 NA
15857 385 NA
15858 385 NA
15859 385 NA
15860 385 NA
15861 385 NA
15862 385 NA
15863 385 NA
15864 385 NA
15865 385 NA
15866 385 NA
15867 385 NA
15868 385 NA
15869 385 NA
15870 385 NA
15871 385 NA
15872 385 NA
15873 385 NA
15874 385 NA
15875 385 NA
15876 385 NA
15877 385 NA
15878 385 NA
15879 385 NA
15880 385 NA
15881 385 NA
15882 385 NA
15883 385 NA
15884 385 NA
15885 385 NA
15886 385 NA
15887 385 NA
15888 385 NA
15889 385 NA
15890 385 NA
15891 385 NA
15892 385 NA
15893 385 NA
15894 385 NA
15895 385 NA
15896 385 NA
15897 385 NA
15898 385 NA
15899 385 NA
15900 388 NA
15901 388 NA
15902 388 NA
15903 388 NA
15904 388 NA
15905 388 NA
15906 388 NA
15907 388 NA
15908 388 NA
15909 388 NA
15910 388 NA
15911 388 NA
15912 388 NA
15913 388 NA
15914 388 NA
15915 388 NA
15916 388 NA
15917 388 NA
15918 388 NA
15919 388 NA
15920 388 NA
15921 388 NA
15922 388 NA
15923 388 NA
15924 388 NA
15925 388 NA
15926 388 NA
15927 388 NA
15928 388 NA
15929 388 NA
15930 388 NA
15931 388 NA
15932 388 NA
15933 388 NA
15934 388 NA
15935 388 NA
15936 388 NA
15937 388 NA
15938 388 NA
15939 388 NA
15940 388 NA
15941 388 NA
15942 388 NA
15943 388 NA
15944 388 NA
15945 388 NA
15946 388 NA
15947 388 NA
15948 388 NA
15949 388 NA
15950 388 NA
15951 388 NA
15952 388 NA
15953 388 NA
15954 388 NA
15955 388 NA
15956 388 NA
15957 388 NA
15958 388 NA
15959 388 NA
15960 388 NA
15961 388 NA
15962 388 NA
15963 388 NA
15964 388 NA
15965 388 NA
15966 388 NA
15967 388 NA
15968 388 NA
15969 388 NA
15970 388 NA
15971 388 NA
15972 388 NA
15973 388 NA
15974 388 NA
15975 388 NA
15976 388 NA
15977 388 NA
15978 388 NA
15979 388 NA
15980 388 NA
15981 388 NA
15982 393 NA
15983 393 NA
15984 393 NA
15985 393 NA
15986 393 NA
15987 393 NA
15988 393 NA
15989 393 NA
15990 393 NA
15991 393 NA
15992 393 NA
15993 393 NA
15994 393 NA
15995 393 NA
15996 393 NA
15997 393 NA
15998 393 NA
15999 393 NA
16000 393 NA
16001 393 NA
16002 393 NA
16003 393 NA
16004 393 NA
16005 393 NA
16006 393 NA
16007 393 NA
16008 393 NA
16009 393 NA
16010 393 NA
16011 393 NA
16012 393 NA
16013 393 NA
16014 393 NA
16015 393 NA
16016 393 NA
16017 393 NA
16018 393 NA
16019 393 NA
16020 393 NA
16021 393 NA
16022 393 NA
16023 393 NA
16024 393 NA
16025 393 NA
16026 393 NA
16027 393 NA
16028 393 NA
16029 393 NA
16030 393 NA
16031 393 NA
16032 393 NA
16033 393 NA
16034 393 NA
16035 393 NA
16036 393 NA
16037 393 NA
16038 393 NA
16039 393 NA
16040 393 NA
16041 393 NA
16042 393 NA
16043 393 NA
16044 393 NA
16045 393 NA
16046 393 NA
16047 393 NA
16048 393 NA
16049 393 NA
16050 393 NA
16051 393 NA
16052 393 NA
16053 393 NA
16054 393 NA
16055 393 NA
16056 393 NA
16057 393 NA
16058 393 NA
16059 393 NA
16060 393 NA
16061 393 NA
16062 393 NA
16063 393 NA
16064 393 NA
16065 393 NA
16066 393 NA
16067 399 NA
16068 399 NA
16069 399 NA
16070 399 NA
16071 399 NA
16072 399 NA
16073 399 NA
16074 399 NA
16075 399 NA
16076 399 NA
16077 399 NA
16078 399 NA
16079 399 NA
16080 399 NA
16081 399 NA
16082 399 NA
16083 399 NA
16084 399 NA
16085 399 NA
16086 399 NA
16087 399 NA
16088 399 NA
16089 399 NA
16090 399 NA
16091 399 NA
16092 399 NA
16093 399 NA
16094 399 NA
16095 399 NA
16096 399 NA
16097 399 NA
16098 399 NA
16099 399 NA
16100 399 NA
16101 399 NA
16102 399 NA
16103 399 NA
16104 399 NA
16105 399 NA
16106 399 NA
16107 399 NA
16108 399 NA
16109 399 NA
16110 399 NA
16111 399 NA
16112 399 NA
16113 399 NA
16114 399 NA
16115 399 NA
16116 399 NA
16117 399 NA
16118 399 NA
16119 399 NA
16120 399 NA
16121 399 NA
16122 399 NA
16123 399 NA
16124 399 NA
16125 399 NA
16126 399 NA
16127 399 NA
16128 399 NA
16129 399 NA
16130 399 NA
16131 399 NA
16132 399 NA
16133 399 NA
16134 399 NA
16135 399 NA
16136 399 NA
16137 400 NA
16138 400 NA
16139 400 NA
16140 400 NA
16141 400 NA
16142 400 NA
16143 400 NA
16144 400 NA
16145 400 NA
16146 400 NA
16147 400 NA
16148 400 NA
16149 400 NA
16150 400 NA
16151 400 NA
16152 400 NA
16153 400 NA
16154 400 NA
16155 400 NA
16156 400 NA
16157 400 NA
16158 400 NA
16159 400 NA
16160 400 NA
16161 400 NA
16162 400 NA
16163 400 NA
16164 400 NA
16165 400 NA
16166 400 NA
16167 400 NA
16168 400 NA
16169 400 NA
16170 400 NA
16171 400 NA
16172 400 NA
16173 400 NA
16174 400 NA
16175 400 NA
16176 400 NA
16177 400 NA
16178 400 NA
16179 400 NA
16180 400 NA
16181 400 NA
16182 400 NA
16183 400 NA
16184 400 NA
16185 400 NA
16186 400 NA
16187 400 NA
16188 400 NA
16189 400 NA
16190 400 NA
16191 400 NA
16192 400 NA
16193 400 NA
16194 400 NA
16195 400 NA
16196 400 NA
16197 400 NA
16198 400 NA
16199 400 NA
16200 400 NA
16201 400 NA
16202 400 NA
16203 400 NA
16204 400 NA
16205 400 NA
16206 400 NA
16207 400 NA
16208 400 NA
16209 400 NA
16210 400 NA
16211 400 NA
16212 400 NA
16213 400 NA
16214 400 NA
16215 400 NA
16216 400 NA
16217 400 NA
16218 400 NA
16219 400 NA
16220 403 NA
16221 403 NA
16222 403 NA
16223 403 NA
16224 403 NA
16225 403 NA
16226 403 NA
16227 403 NA
16228 403 NA
16229 403 NA
16230 403 NA
16231 403 NA
16232 403 NA
16233 403 NA
16234 403 NA
16235 403 NA
16236 403 NA
16237 403 NA
16238 403 NA
16239 403 NA
16240 403 NA
16241 403 NA
16242 403 NA
16243 403 NA
16244 403 NA
16245 403 NA
16246 403 NA
16247 403 NA
16248 403 NA
16249 403 NA
16250 403 NA
16251 403 NA
16252 403 NA
16253 403 NA
16254 403 NA
16255 403 NA
16256 403 NA
16257 403 NA
16258 403 NA
16259 403 NA
16260 403 NA
16261 403 NA
16262 403 NA
16263 403 NA
16264 403 NA
16265 403 NA
16266 403 NA
16267 403 NA
16268 403 NA
16269 403 NA
16270 403 NA
16271 403 NA
16272 403 NA
16273 403 NA
16274 403 NA
16275 403 NA
16276 403 NA
16277 403 NA
16278 420 NA
16279 420 NA
16280 420 NA
16281 420 NA
16282 420 NA
16283 420 NA
16284 420 NA
16285 420 NA
16286 420 NA
16287 420 NA
16288 420 NA
16289 420 NA
16290 420 NA
16291 420 NA
16292 420 NA
16293 420 NA
16294 420 NA
16295 420 NA
16296 420 NA
16297 420 NA
16298 420 NA
16299 420 NA
16300 420 NA
16301 420 NA
16302 420 NA
16303 420 NA
16304 420 NA
16305 420 NA
16306 420 NA
16307 420 NA
16308 420 NA
16309 420 NA
16310 420 NA
16311 420 NA
16312 420 NA
16313 420 NA
16314 420 NA
16315 420 NA
16316 420 NA
16317 420 NA
16318 420 NA
16319 420 NA
16320 420 NA
16321 420 NA
16322 420 NA
16323 420 NA
16324 420 NA
16325 420 NA
16326 420 NA
16327 420 NA
16328 420 NA
16329 420 NA
16330 420 NA
16331 420 NA
16332 420 NA
16333 420 NA
16334 420 NA
16335 420 NA
16336 420 NA
16337 420 NA
16338 420 NA
16339 420 NA
16340 420 NA
16341 420 NA
16342 420 NA
16343 420 NA
16344 420 NA
16345 420 NA
16346 420 NA
16347 420 NA
16348 420 NA
16349 420 NA
16350 420 NA
16351 429 NA
16352 429 NA
16353 429 NA
16354 429 NA
16355 429 NA
16356 429 NA
16357 429 NA
16358 429 NA
16359 429 NA
16360 429 NA
16361 429 NA
16362 429 NA
16363 429 NA
16364 429 NA
16365 429 NA
16366 429 NA
16367 429 NA
16368 429 NA
16369 429 NA
16370 429 NA
16371 429 NA
16372 429 NA
16373 429 NA
16374 429 NA
16375 429 NA
16376 429 NA
16377 429 NA
16378 429 NA
16379 429 NA
16380 429 NA
16381 429 NA
16382 429 NA
16383 429 NA
16384 429 NA
16385 429 NA
16386 429 NA
16387 429 NA
16388 429 NA
16389 429 NA
16390 429 NA
16391 429 NA
16392 429 NA
16393 429 NA
16394 429 NA
16395 429 NA
16396 429 NA
16397 429 NA
16398 429 NA
16399 429 NA
16400 429 NA
16401 429 NA
16402 429 NA
16403 429 NA
16404 429 NA
16405 429 NA
16406 429 NA
16407 429 NA
16408 429 NA
16409 429 NA
16410 429 NA
16411 429 NA
16412 429 NA
16413 429 NA
16414 429 NA
16415 429 NA
16416 429 NA
16417 429 NA
16418 429 NA
16419 429 NA
16420 429 NA
16421 429 NA
16422 429 NA
16423 429 NA
16424 429 NA
16425 429 NA
16426 429 NA
16427 429 NA
16428 429 NA
16429 443 NA
16430 443 NA
16431 443 NA
16432 443 NA
16433 443 NA
16434 443 NA
16435 443 NA
16436 443 NA
16437 443 NA
16438 443 NA
16439 443 NA
16440 443 NA
16441 443 NA
16442 443 NA
16443 443 NA
16444 443 NA
16445 443 NA
16446 443 NA
16447 443 NA
16448 443 NA
16449 443 NA
16450 443 NA
16451 443 NA
16452 443 NA
16453 443 NA
16454 443 NA
16455 443 NA
16456 443 NA
16457 443 NA
16458 443 NA
16459 443 NA
16460 443 NA
16461 443 NA
16462 443 NA
16463 443 NA
16464 443 NA
16465 443 NA
16466 443 NA
16467 443 NA
16468 443 NA
16469 443 NA
16470 443 NA
16471 443 NA
16472 443 NA
16473 443 NA
16474 443 NA
16475 443 NA
16476 443 NA
16477 443 NA
16478 443 NA
16479 443 NA
16480 443 NA
16481 443 NA
16482 443 NA
16483 443 NA
16484 443 NA
16485 443 NA
16486 443 NA
16487 443 NA
16488 443 NA
16489 443 NA
16490 452 NA
16491 452 NA
16492 452 NA
16493 452 NA
16494 452 NA
16495 452 NA
16496 452 NA
16497 452 NA
16498 452 NA
16499 452 NA
16500 452 NA
16501 452 NA
16502 452 NA
16503 452 NA
16504 452 NA
16505 452 NA
16506 452 NA
16507 452 NA
16508 452 NA
16509 452 NA
16510 452 NA
16511 452 NA
16512 452 NA
16513 452 NA
16514 452 NA
16515 452 NA
16516 452 NA
16517 452 NA
16518 452 NA
16519 452 NA
16520 452 NA
16521 452 NA
16522 452 NA
16523 452 NA
16524 452 NA
16525 452 NA
16526 452 NA
16527 452 NA
16528 452 NA
16529 452 NA
16530 452 NA
16531 452 NA
16532 452 NA
16533 452 NA
16534 452 NA
16535 452 NA
16536 452 NA
16537 452 NA
16538 452 NA
16539 452 NA
16540 452 NA
16541 452 NA
16542 452 NA
16543 452 NA
16544 452 NA
16545 452 NA
16546 452 NA
16547 452 NA
16548 452 NA
16549 452 NA
16550 452 NA
16551 452 NA
16552 452 NA
16553 452 NA
16554 452 NA
16555 452 NA
16556 452 NA
16557 452 NA
16558 452 NA
16559 452 NA
16560 452 NA
16561 452 NA
16562 452 NA
16563 452 NA
16564 452 NA
16565 452 NA
16566 452 NA
16567 452 NA
16568 452 NA
16569 452 NA
16570 452 NA
16571 452 NA
16572 452 NA
16573 452 NA
16574 452 NA
16575 452 NA
16576 457 NA
16577 457 NA
16578 457 NA
16579 457 NA
16580 457 NA
16581 457 NA
16582 457 NA
16583 457 NA
16584 457 NA
16585 457 NA
16586 457 NA
16587 457 NA
16588 457 NA
16589 457 NA
16590 457 NA
16591 457 NA
16592 457 NA
16593 457 NA
16594 457 NA
16595 457 NA
16596 457 NA
16597 457 NA
16598 457 NA
16599 457 NA
16600 457 NA
16601 457 NA
16602 457 NA
16603 457 NA
16604 457 NA
16605 457 NA
16606 457 NA
16607 457 NA
16608 457 NA
16609 457 NA
16610 457 NA
16611 457 NA
16612 457 NA
16613 457 NA
16614 457 NA
16615 457 NA
16616 457 NA
16617 457 NA
16618 457 NA
16619 457 NA
16620 457 NA
16621 457 NA
16622 457 NA
16623 457 NA
16624 457 NA
16625 457 NA
16626 457 NA
16627 457 NA
16628 457 NA
16629 457 NA
16630 457 NA
16631 457 NA
16632 457 NA
16633 457 NA
16634 457 NA
16635 457 NA
16636 457 NA
16637 457 NA
16638 457 NA
16639 457 NA
16640 457 NA
16641 457 NA
16642 457 NA
16643 457 NA
16644 457 NA
16645 457 NA
16646 457 NA
16647 457 NA
16648 457 NA
16649 457 NA
16650 457 NA
16651 457 NA
16652 457 NA
16653 457 NA
16654 457 NA
16655 457 NA
16656 457 NA
16657 457 NA
16658 457 NA
16659 457 NA
16660 457 NA
16661 457 NA
16662 457 NA
16663 457 NA
16664 457 NA
16665 457 NA
16666 457 NA
16668 457 NA
16669 457 NA
16670 457 NA
16671 457 NA
16672 457 NA
16673 457 NA
16674 457 NA
16675 457 NA
16676 457 NA
16677 469 NA
16678 469 NA
16679 469 NA
16680 469 NA
16681 469 NA
16682 469 NA
16683 469 NA
16684 469 NA
16685 469 NA
16686 469 NA
16687 469 NA
16688 469 NA
16689 469 NA
16690 469 NA
16691 469 NA
16692 469 NA
16693 469 NA
16694 469 NA
16695 469 NA
16696 469 NA
16697 469 NA
16698 469 NA
16699 469 NA
16700 469 NA
16701 469 NA
16702 469 NA
16703 469 NA
16704 469 NA
16705 469 NA
16706 469 NA
16707 469 NA
16708 469 NA
16709 469 NA
16710 469 NA
16711 469 NA
16712 469 NA
16715 469 NA
16717 469 NA
16719 469 NA
16720 469 NA
16721 469 NA
16722 469 NA
16723 469 NA
16724 469 NA
16725 469 NA
16726 469 NA
16727 469 NA
16728 469 NA
16730 469 NA
16731 469 NA
16732 469 NA
16733 469 NA
16734 469 NA
16735 469 NA
16736 469 NA
16737 469 NA
16738 469 NA
16739 469 NA
16740 469 NA
16741 469 NA
16742 469 NA
16743 469 NA
16744 469 NA
16745 469 NA
16746 469 NA
16747 469 NA
16748 469 NA
16749 469 NA
16750 469 NA
16751 469 NA
16752 469 NA
16753 469 NA
16754 469 NA
16755 469 NA
16756 469 NA
16757 469 NA
16759 469 NA
16760 469 NA
16761 469 NA
16762 469 NA
16763 469 NA
16764 469 NA
16765 469 NA
16766 469 NA
16767 469 NA
16768 469 NA
16769 469 NA
16770 469 NA
16771 469 NA
16772 469 NA
16773 469 NA
16774 469 NA
16775 469 NA
16776 469 NA
16777 469 NA
16778 469 NA
16779 469 NA
16780 469 NA
16781 469 NA
16782 469 NA
16783 469 NA
16784 469 NA
16785 469 NA
16786 469 NA
16787 469 NA
16788 469 NA
16789 469 NA
16790 469 NA
16791 469 NA
16792 469 NA
16793 469 NA
16794 469 NA
16795 469 NA
16796 469 NA
16797 469 NA
16798 469 NA
16799 470 NA
16800 470 NA
16801 470 NA
16802 470 NA
16803 470 NA
16804 470 NA
16805 470 NA
16807 470 NA
16808 470 NA
16809 470 NA
16810 470 NA
16811 470 NA
16812 470 NA
16813 470 NA
16814 470 NA
16815 470 NA
16816 470 NA
16817 470 NA
16818 470 NA
16820 470 NA
16821 470 NA
16822 470 NA
16823 470 NA
16824 470 NA
16825 470 NA
16826 470 NA
16827 470 NA
16828 470 NA
16829 470 NA
16830 470 NA
16831 470 NA
16832 470 NA
16833 470 NA
16834 470 NA
16835 470 NA
16836 470 NA
16837 470 NA
16838 470 NA
16839 470 NA
16840 470 NA
16841 470 NA
16842 470 NA
16843 470 NA
16844 470 NA
16845 470 NA
16847 470 NA
16849 470 NA
16850 470 NA
16851 470 NA
16852 491 NA
16853 491 NA
16854 491 NA
16855 491 NA
16856 491 NA
16857 491 NA
16858 491 NA
16859 491 NA
16860 491 NA
16861 491 NA
16862 491 NA
16863 491 NA
16864 491 NA
16865 491 NA
16866 491 NA
16867 491 NA
16869 491 NA
16870 491 NA
16871 491 NA
16872 491 NA
16873 491 NA
16875 491 NA
16876 491 NA
16878 491 NA
16879 491 NA
16880 491 NA
16881 491 NA
16882 491 NA
16883 491 NA
16884 491 NA
16885 491 NA
16886 491 NA
16887 491 NA
16888 491 NA
16889 491 NA
16890 491 NA
16891 491 NA
16892 491 NA
16893 491 NA
16894 491 NA
16895 491 NA
16896 491 NA
16897 491 NA
16898 491 NA
16899 491 NA
16900 491 NA
16901 491 NA
16902 491 NA
16903 491 NA
16904 491 NA
16905 491 NA
16906 491 NA
16907 491 NA
16908 491 NA
16909 491 NA
16910 491 NA
16911 491 NA
16912 491 NA
16913 491 NA
16914 491 NA
16915 491 NA
16916 491 NA
16917 491 NA
16918 511 NA
16919 511 NA
16920 511 NA
16921 511 NA
16922 511 NA
16923 511 NA
16924 511 NA
16925 511 NA
16926 511 NA
16927 511 NA
16928 511 NA
16929 511 NA
16930 511 NA
16931 511 NA
16932 511 NA
16933 511 NA
16934 511 NA
16935 511 NA
16937 511 NA
16938 511 NA
16939 511 NA
16940 511 NA
16941 511 NA
16942 511 NA
16943 511 NA
16944 511 NA
16945 511 NA
16946 511 NA
16949 511 NA
16950 511 NA
16951 511 NA
16952 511 NA
16953 511 NA
16954 511 NA
16955 511 NA
16956 511 NA
16957 511 NA
16958 511 NA
16959 511 NA
16960 511 NA
16966 511 NA
16968 511 NA
16969 511 NA
16970 511 NA
16971 511 NA
16972 511 NA
16974 511 NA
16975 511 NA
16976 511 NA
16977 511 NA
16978 511 NA
16979 511 NA
16980 511 NA
16981 511 NA
16982 511 NA
16984 511 NA
16985 511 NA
16986 511 NA
16987 511 NA
16988 511 NA
16989 511 NA
16990 511 NA
16991 532 NA
16992 532 NA
16993 532 NA
16994 532 NA
16999 532 NA
17000 532 NA
17001 532 NA
17006 532 NA
17007 532 NA
17014 532 NA
17015 532 NA
17016 532 NA
17017 532 NA
17018 532 NA
17019 532 NA
17020 532 NA
17021 532 NA
17022 532 NA
17023 532 NA
17024 532 NA
17025 532 NA
17026 532 NA
17027 532 NA
17028 532 NA
17029 532 NA
17031 532 NA
17032 532 NA
17033 532 NA
17034 532 NA
17035 532 NA
17036 532 NA
17037 532 NA
17038 532 NA
17039 532 NA
17040 532 NA
17042 532 NA
17044 532 NA
17045 532 NA
17046 532 NA
17047 532 NA
17048 532 NA
17049 532 NA
17050 532 NA
17051 532 NA
17052 532 NA
17053 532 NA
17054 532 NA
17055 532 NA
17056 532 NA
17057 532 NA
17058 532 NA
17059 532 NA
17060 532 NA
17061 532 NA
17062 532 NA
17063 532 NA
17064 532 NA
17069 532 NA
17070 532 NA
17071 532 NA
17072 532 NA
17073 532 NA
17075 532 NA
17076 532 NA
17077 532 NA
17078 532 NA
17079 532 NA
17080 532 NA
17081 532 NA
17083 532 NA
17084 532 NA
17085 532 NA
17086 532 NA
17087 532 NA
17088 532 NA
17089 532 NA
17091 532 NA
17092 532 NA
17093 532 NA
17094 532 NA
17095 532 NA
17096 558 NA
17097 558 NA
17098 558 NA
17099 558 NA
17100 558 NA
17101 558 NA
17102 558 NA
17103 558 NA
17104 558 NA
17105 558 NA
17106 558 NA
17107 558 NA
17108 558 NA
17109 558 NA
17110 558 NA
17111 558 NA
17112 558 NA
17113 558 NA
17114 558 NA
17115 558 NA
17117 558 NA
17118 558 NA
17119 558 NA
17123 558 NA
17124 558 NA
17125 558 NA
17126 558 NA
17127 558 NA
17129 558 NA
17130 558 NA
17131 558 NA
17132 558 NA
17133 558 NA
17134 558 NA
17135 558 NA
17136 558 NA
17138 558 NA
17139 558 NA
17140 558 NA
17141 558 NA
17142 558 NA
17143 558 NA
17144 558 NA
17145 558 NA
17146 558 NA
17147 558 NA
17148 558 NA
17149 558 NA
