"Index" "Price" "Volume"
14019 32 NA
14020 32 NA
14021 33 NA
14022 33 NA
14023 34 NA
14024 34 NA
14025 35 NA
14026 35 NA
14027 35 NA
14028 35 NA
14029 36 NA
14030 36 NA
14031 36 NA
14032 36 NA
14033 36 NA
14034 36 NA
14035 36 NA
14036 36 NA
14037 37 NA
14038 37 NA
14039 38 NA
14040 38 NA
14041 39 NA
14042 39 NA
14043 40 NA
14044 40 NA
14045 41 NA
14046 41 NA
14047 42 NA
14048 42 NA
14049 45 NA
14050 45 NA
14051 45 NA
14052 46 NA
14053 46 NA
14054 46 NA
14055 47 NA
14056 47 NA
14057 49 NA
14058 49 NA
14059 51 NA
14060 51 NA
14061 52 NA
14062 52 NA
14063 52 NA
14064 52 NA
14065 52 NA
14066 52 NA
14067 52 NA
14068 52 NA
14069 54 NA
14070 54 NA
14071 54 NA
14072 55 NA
14073 55 NA
14074 56 NA
14075 56 NA
14076 56 NA
14077 56 NA
14078 57 NA
14079 57 NA
14080 57 NA
14081 59 NA
14082 59 NA
14083 60 NA
14084 60 NA
14085 61 NA
14086 61 NA
14087 61 NA
14088 62 NA
14089 63 NA
14090 63 NA
14091 65 NA
14092 65 NA
14093 65 NA
14094 66 NA
14095 65 NA
14096 65 NA
14097 65 NA
14098 66 NA
14099 66 NA
14100 68 NA
14101 68 NA
14102 68 NA
14103 68 NA
14104 68 NA
14105 70 NA
14106 70 NA
14107 71 NA
14108 71 NA
14109 71 NA
14110 74 NA
14111 74 NA
14112 74 NA
14113 76 NA
14114 76 NA
14115 76 NA
14116 76 NA
14117 75 NA
14118 75 NA
14119 76 NA
14120 76 NA
14121 79 NA
14122 79 NA
14123 79 NA
14124 79 NA
14125 79 NA
14126 79 NA
14127 79 NA
14128 79 NA
14129 81 NA
14130 79 NA
14131 79 NA
14132 79 NA
14133 79 NA
14134 79 NA
14135 79 NA
14136 78 NA
14137 78 NA
14138 78 NA
14139 78 NA
14140 80 NA
14141 80 NA
14142 83 NA
14143 83 NA
14144 83 NA
14145 83 NA
14146 83 NA
14147 83 NA
14148 83 NA
14149 82 NA
14150 82 NA
14151 82 NA
14152 82 NA
14153 82 NA
14154 82 NA
14155 82 NA
14156 80 NA
14157 80 NA
14158 83 NA
14159 83 NA
14160 83 NA
14161 83 NA
14162 82 NA
14163 82 NA
14164 83 NA
14165 83 NA
14166 83 NA
14167 84 NA
14168 84 NA
14169 84 NA
14170 88 NA
14171 90 NA
14172 90 NA
14173 90 NA
14174 90 NA
14175 92 NA
14176 92 NA
14177 96 NA
14178 96 NA
14179 98 NA
14180 98 NA
14181 98 NA
14182 98 NA
14183 98 NA
14184 98 NA
14185 100 NA
14186 100 NA
14187 99 NA
14188 99 NA
14189 99 NA
14190 99 NA
14191 99 NA
14192 99 NA
14193 102 NA
14194 102 NA
14195 102 NA
14196 102 NA
14197 102 NA
14198 104 NA
14199 103 NA
14200 103 NA
14201 103 NA
14202 103 NA
14203 101 NA
14204 104 NA
14205 104 NA
14206 105 NA
14207 105 NA
14208 103 NA
14209 103 NA
14210 103 NA
14211 105 NA
14212 105 NA
14213 104 NA
14214 104 NA
14215 109 NA
14216 109 NA
14217 109 NA
14218 111 NA
14219 111 NA
14220 111 NA
14221 111 NA
14222 111 NA
14223 110 NA
14224 112 NA
14225 112 NA
14226 112 NA
14227 111 NA
14228 111 NA
14229 112 NA
14230 112 NA
14231 110 NA
14232 110 NA
14233 110 NA
14234 110 NA
14235 110 NA
14236 110 NA
14237 115 NA
14238 115 NA
14239 118 NA
14240 118 NA
14241 119 NA
14242 119 NA
14243 124 NA
14244 124 NA
14245 124 NA
14246 124 NA
14247 124 NA
14248 127 NA
14249 127 NA
14250 134 NA
14251 134 NA
14252 136 NA
14253 136 NA
14254 137 NA
14255 137 NA
14256 139 NA
14257 139 NA
14258 139 NA
14259 136 NA
14260 136 NA
14261 137 NA
14262 130 NA
14263 130 NA
14264 125 NA
14265 125 NA
14266 125 NA
14267 126 NA
14268 126 NA
14269 123 NA
14270 123 NA
14271 118 NA
14272 116 NA
14273 116 NA
14274 116 NA
14275 117 NA
14276 117 NA
14277 117 NA
14278 122 NA
14279 122 NA
14280 128 NA
14281 128 NA
14282 131 NA
14283 131 NA
14284 136 NA
14285 136 NA
14286 136 NA
14287 141 NA
14288 141 NA
14289 135 NA
14290 135 NA
14291 137 NA
14292 137 NA
14293 137 NA
14294 140 NA
14295 140 NA
14296 138 NA
14297 138 NA
14298 139 NA
14299 139 NA
14300 139 NA
14301 138 NA
14302 138 NA
14303 138 NA
14304 139 NA
14305 139 NA
14306 141 NA
14307 141 NA
14308 141 NA
14309 133 NA
14310 133 NA
14311 136 NA
14312 136 NA
14313 135 NA
14314 135 NA
14315 135 NA
14316 135 NA
14317 135 NA
14318 136 NA
14319 136 NA
14320 143 NA
14321 143 NA
14322 140 NA
14323 140 NA
14324 138 NA
14325 137 NA
14326 137 NA
14327 132 NA
14328 125 NA
14329 126 NA
14330 122 NA
14331 122 NA
14332 118 NA
14333 118 NA
14334 117 NA
14335 117 NA
14336 116 NA
14337 116 NA
14338 112 NA
14339 108 NA
14340 108 NA
14341 104 NA
14342 103 NA
14343 99 NA
14344 99 NA
14345 96 NA
14346 95 NA
14347 95 NA
14348 95 NA
14349 91 NA
14350 91 NA
14351 91 NA
14352 90 NA
14353 87 NA
14354 87 NA
14355 86 NA
14356 86 NA
14357 85 NA
14358 85 NA
14359 82 NA
14360 82 NA
14361 80 NA
14362 79 NA
14363 79 NA
14364 77 NA
14365 77 NA
14366 77 NA
14367 78 NA
14368 78 NA
14369 80 NA
14370 80 NA
14371 79 NA
14372 75 NA
14373 75 NA
14374 75 NA
14375 75 NA
14376 75 NA
14377 73 NA
14378 73 NA
14379 70 NA
14380 70 NA
14381 71 NA
14382 73 NA
14383 77 NA
14384 79 NA
14385 79 NA
14386 78 NA
14387 79 NA
14388 79 NA
14389 79 NA
14390 76 NA
14391 76 NA
14392 74 NA
14393 74 NA
14394 77 NA
14395 78 NA
14396 78 NA
14397 78 NA
14398 78 NA
14399 80 NA
14400 78 NA
14401 78 NA
14402 74 NA
14403 74 NA
14404 72 NA
14405 70 NA
14406 72 NA
14407 73 NA
14408 73 NA
14409 75 NA
14410 77 NA
14411 77 NA
14412 75 NA
14413 77 NA
14414 77 NA
14415 76 NA
14416 78 NA
14417 78 NA
14418 79 NA
14419 79 NA
14420 79 NA
14421 79 NA
14422 81 NA
14423 79 NA
14424 79 NA
14425 79 NA
14426 81 NA
14428 83 NA
14429 83 NA
14430 83 NA
14431 81 NA
14432 85 NA
14433 86 NA
14434 86 NA
14435 87 NA
14436 90 NA
14437 90 NA
14438 91 NA
14439 88 NA
14440 88 NA
14441 85 NA
14442 85 NA
14443 83 NA
14444 80 NA
14445 80 NA
14446 82 NA
14447 85 NA
14448 85 NA
14449 87 NA
14450 88 NA
14451 88 NA
14452 86 NA
14453 86 NA
14454 84 NA
14455 84 NA
14456 86 NA
14457 90 NA
14458 88 NA
14459 84 NA
14460 84 NA
14461 83 NA
14462 83 NA
14463 83 NA
14464 88 NA
14465 87 NA
14466 87 NA
14467 86 NA
14468 86 NA
14469 86 NA
14470 89 NA
14471 91 NA
14472 90 NA
14473 90 NA
14474 94 NA
14475 97 NA
14476 97 NA
14477 97 NA
14478 97 NA
14479 101 NA
14480 95 NA
14481 92 NA
14482 92 NA
14483 90 NA
14484 90 NA
14485 88 NA
14486 92 NA
14487 90 NA
14488 90 NA
14489 90 NA
14490 93 NA
14491 93 NA
14492 92 NA
14493 92 NA
14494 90 NA
14495 90 NA
14496 91 NA
14497 91 NA
14498 93 NA
14499 96 NA
14500 99 NA
14501 99 NA
14502 98 NA
14503 97 NA
14504 97 NA
14505 97 NA
14506 95 NA
14507 97 NA
14508 101 NA
14509 101 NA
14510 100 NA
14511 100 NA
14512 98 NA
14513 98 NA
14514 96 NA
14515 94 NA
14516 94 NA
14517 90 NA
14518 90 NA
14519 87 NA
14520 87 NA
14521 84 NA
14522 85 NA
14523 85 NA
14524 85 NA
14525 85 NA
14526 85 NA
14527 87 NA
14528 92 NA
14529 92 NA
14530 92 NA
14531 92 NA
14532 92 NA
14533 94 NA
14534 94 NA
14535 92 NA
14536 91 NA
14537 91 NA
14538 88 NA
14539 88 NA
14540 88 NA
14541 87 NA
14542 86 NA
14543 85 NA
14544 85 NA
14545 81 NA
14546 81 NA
14547 81 NA
14548 84 NA
14549 84 NA
14550 84 NA
14551 87 NA
14552 87 NA
14553 91 NA
14554 91 NA
14555 86 NA
14556 86 NA
14557 86 NA
14558 86 NA
14559 86 NA
14560 86 NA
14561 86 NA
14562 83 NA
14563 81 NA
14564 81 NA
14565 77 NA
14566 75 NA
14567 75 NA
14568 75 NA
14569 76 NA
14570 75 NA
14571 75 NA
14572 75 NA
14573 72 NA
14574 72 NA
14575 68 NA
14576 67 NA
14577 67 NA
14578 64 NA
14579 64 NA
14580 63 NA
14581 63 NA
14582 62 NA
14583 62 NA
14584 60 NA
14585 58 NA
14586 58 NA
14587 58 NA
14588 57 NA
14589 57 NA
14590 55 NA
14591 56 NA
14592 56 NA
14593 54 NA
14594 54 NA
14595 52 NA
14596 52 NA
14597 54 NA
14598 52 NA
14599 50 NA
14600 50 NA
14601 49 NA
14602 49 NA
14603 49 NA
14604 47 NA
14605 47 NA
14606 47 NA
14607 45 NA
14608 45 NA
14609 43 NA
14610 43 NA
14611 42 NA
14612 42 NA
14613 43 NA
14614 43 NA
14615 43 NA
14616 46 NA
14617 48 NA
14618 48 NA
14619 51 NA
14620 51 NA
14621 54 NA
14622 54 NA
14623 57 NA
14624 57 NA
14625 60 NA
14626 62 NA
14627 62 NA
14628 61 NA
14629 61 NA
14630 57 NA
14631 54 NA
14632 54 NA
14633 54 NA
14634 54 NA
14635 54 NA
14636 54 NA
14637 54 NA
14638 54 NA
14639 52 NA
14640 52 NA
14641 52 NA
14642 52 NA
14643 48 NA
14644 48 NA
14645 48 NA
14646 51 NA
14647 50 NA
14648 47 NA
14649 47 NA
14650 45 NA
14651 45 NA
14653 43 NA
14654 43 NA
14655 43 NA
14656 43 NA
14657 43 NA
14658 46 NA
14659 48 NA
14660 48 NA
14661 49 NA
14662 50 NA
14663 50 NA
14664 49 NA
14665 49 NA
14666 46 NA
14667 46 NA
14668 45 NA
14669 47 NA
14670 47 NA
14671 49 NA
14672 49 NA
14673 49 NA
14674 47 NA
14675 47 NA
14676 44 NA
14677 44 NA
14678 44 NA
14679 44 NA
14680 42 NA
14681 41 NA
14682 41 NA
14683 39 NA
14684 39 NA
14685 39 NA
14686 39 NA
14687 39 NA
14688 40 NA
14689 40 NA
14690 40 NA
14691 40 NA
14692 40 NA
14693 40 NA
14694 41 NA
14695 41 NA
14696 41 NA
14697 39 NA
14698 39 NA
14699 38 NA
14700 38 NA
14701 37 NA
14702 37 NA
14703 38 NA
14704 39 NA
14705 38 NA
14706 38 NA
14707 38 NA
14708 37 NA
14709 37 NA
14710 36 NA
14711 36 NA
14712 34 NA
14713 34 NA
14714 34 NA
14715 33 NA
14716 33 NA
14717 33 NA
14718 33 NA
14719 33 NA
14720 35 NA
14721 35 NA
14722 34 NA
14723 34 NA
14724 34 NA
14725 35 NA
14726 35 NA
14727 36 NA
14728 36 NA
14729 36 NA
14730 35 NA
14731 35 NA
14732 35 NA
14733 35 NA
14734 33 NA
14735 33 NA
14736 33 NA
14737 33 NA
14738 34 NA
14739 34 NA
14740 34 NA
14741 35 NA
14742 35 NA
14743 34 NA
14744 34 NA
14745 33 NA
14746 33 NA
14747 31 NA
14748 31 NA
14749 31 NA
14750 30 NA
14751 30 NA
14752 29 NA
14753 29 NA
14754 29 NA
14755 28 NA
14756 28 NA
14757 28 NA
14758 27 NA
14759 27 NA
14760 28 NA
14761 28 NA
14762 28 NA
14763 28 NA
14764 29 NA
14765 29 NA
14766 29 NA
14767 29 NA
14768 29 NA
14769 27 NA
14770 27 NA
14771 28 NA
14772 28 NA
14773 29 NA
14774 29 NA
14775 29 NA
14776 29 NA
14777 29 NA
14778 29 NA
14779 29 NA
14780 29 NA
14781 29 NA
14782 30 NA
14783 30 NA
14784 32 NA
14785 32 NA
14786 32 NA
14787 33 NA
14788 33 NA
14789 34 NA
14790 34 NA
14791 34 NA
14792 35 NA
14793 35 NA
14794 35 NA
14795 35 NA
14796 35 NA
14797 36 NA
14798 37 NA
14799 37 NA
14800 37 NA
14801 37 NA
14802 37 NA
14803 38 NA
14804 38 NA
14805 39 NA
14806 39 NA
14807 39 NA
14808 39 NA
14809 39 NA
14810 38 NA
14811 38 NA
14812 37 NA
14813 37 NA
14814 37 NA
14815 37 NA
14816 37 NA
14817 35 NA
14818 35 NA
14819 34 NA
14820 34 NA
14821 33 NA
14822 33 NA
14823 33 NA
14824 33 NA
14825 33 NA
14826 33 NA
14827 33 NA
14828 32 NA
14829 32 NA
14830 32 NA
14831 32 NA
14832 31 NA
14833 31 NA
14834 31 NA
14835 29 NA
14836 29 NA
14837 28 NA
14838 28 NA
14839 28 NA
14840 27 NA
14841 27 NA
14842 27 NA
14843 28 NA
14844 28 NA
14845 28 NA
14846 29 NA
14847 29 NA
14848 31 NA
14849 31 NA
14850 31 NA
14851 31 NA
14852 31 NA
14853 31 NA
14854 32 NA
14855 32 NA
14856 32 NA
14857 32 NA
14858 32 NA
14859 32 NA
14860 32 NA
14861 34 NA
14862 34 NA
14863 34 NA
14864 34 NA
14865 34 NA
14866 34 NA
14867 34 NA
14868 34 NA
14869 34 NA
14870 35 NA
14871 35 NA
14872 34 NA
14873 34 NA
14874 34 NA
14875 34 NA
14876 35 NA
14877 35 NA
14878 36 NA
14879 36 NA
14880 36 NA
14881 36 NA
14882 37 NA
14883 37 NA
14884 37 NA
14885 38 NA
14886 38 NA
14887 38 NA
14888 38 NA
14889 39 NA
14890 39 NA
14891 39 NA
14892 41 NA
14893 41 NA
14894 41 NA
14895 41 NA
14896 43 NA
14897 43 NA
14898 43 NA
14899 43 NA
14900 43 NA
14901 44 NA
14902 44 NA
14903 44 NA
14904 44 NA
14905 44 NA
14906 44 NA
14907 47 NA
14908 47 NA
14909 47 NA
14910 47 NA
14911 48 NA
14912 48 NA
14913 50 NA
14914 50 NA
14915 50 NA
14916 50 NA
14917 51 NA
14918 51 NA
14920 51 NA
14921 53 NA
14922 53 NA
14923 53 NA
14924 56 NA
14925 56 NA
14926 56 NA
14927 59 NA
14928 59 NA
14929 59 NA
14930 62 NA
14931 62 NA
14932 62 NA
14933 62 NA
14934 65 NA
14935 65 NA
14936 65 NA
14937 65 NA
14938 69 NA
14939 69 NA
14940 69 NA
14941 71 NA
14942 71 NA
14943 71 NA
14944 74 NA
14945 74 NA
14946 74 NA
14947 74 NA
14948 77 NA
14949 77 NA
14950 77 NA
14951 79 NA
14952 79 NA
14953 79 NA
14954 79 NA
14955 83 NA
14956 83 NA
14957 83 NA
14958 85 NA
14959 85 NA
14960 89 NA
14961 89 NA
14962 91 NA
14963 91 NA
14964 91 NA
14965 95 NA
14966 95 NA
14967 98 NA
14968 98 NA
14969 98 NA
14970 98 NA
14971 102 NA
14972 102 NA
14973 102 NA
14974 107 NA
14975 107 NA
14979 112 NA
14981 116 NA
14984 119 NA
14985 119 NA
14986 124 NA
14987 124 NA
14990 123 NA
14991 123 NA
14992 129 NA
14995 129 NA
14996 135 NA
14998 142 NA
15000 147 NA
15001 147 NA
15003 154 NA
15005 159 NA
15009 161 NA
15012 162 NA
15013 162 NA
15016 156 NA
15020 154 NA
15021 154 NA
15023 151 NA
15025 145 NA
15026 143 NA
15029 141 NA
15031 138 NA
15032 138 NA
15033 133 NA
15035 130 NA
15036 125 NA
15038 125 NA
15039 123 NA
15044 120 NA
15046 118 NA
15047 118 NA
15048 117 NA
15050 117 NA
15052 113 NA
15054 111 NA
15055 111 NA
15058 107 NA
15060 104 NA
15061 104 NA
15063 101 NA
15064 101 NA
15066 96 NA
15067 96 NA
15068 92 NA
15070 89 NA
15072 86 NA
15073 86 NA
15076 80 NA
15078 80 NA
15080 78 NA
15082 75 NA
15084 73 NA
15085 73 NA
15086 72 NA
15087 72 NA
15088 71 NA
15090 70 NA
15093 68 NA
15094 68 NA
15096 66 NA
15097 67 NA
15098 67 NA
15101 68 NA
15104 65 NA
15106 64 NA
15110 63 NA
15114 60 NA
15115 59 NA
15116 59 NA
15119 58 NA
15120 58 NA
15121 60 NA
15122 60 NA
15124 62 NA
15125 62 NA
15128 66 NA
15130 69 NA
15132 69 NA
15133 73 NA
15136 77 NA
15140 80 NA
15143 80 NA
15145 79 NA
15149 76 NA
15150 76 NA
15151 73 NA
15154 70 NA
15156 68 NA
15157 68 NA
15159 66 NA
15161 62 NA
15164 60 NA
15165 58 NA
15168 55 NA
15170 54 NA
15172 54 NA
15173 51 NA
15175 49 NA
15177 48 NA
15178 48 NA
15179 46 NA
15182 44 NA
15184 43 NA
15186 43 NA
15187 41 NA
15189 39 NA
15193 37 NA
15194 37 NA
15196 35 NA
15197 33 NA
15199 33 NA
15204 32 NA
15211 32 NA
15212 32 NA
15220 34 NA
15221 34 NA
15224 33 NA
15226 31 NA
15227 31 NA
15231 30 NA
15232 30 NA
15235 29 NA
15242 29 NA
15243 29 NA
15244 30 NA
15248 29 NA
15250 29 NA
15252 30 NA
15258 29 NA
15263 28 NA
15264 28 NA
15266 26 NA
15270 25 NA
15271 25 NA
15273 24 NA
15277 24 NA
15280 23 NA
15283 23 NA
15284 21 NA
15291 19 NA
15297 19 NA
15302 18 NA
15307 18 NA
15310 19 NA
15312 19 NA
15313 20 NA
15320 20 NA
15321 21 NA
15324 21 NA
15325 22 NA
15327 22 NA
15328 24 NA
15331 24 NA
15332 26 NA
15334 26 NA
15335 28 NA
15340 28 NA
15341 29 NA
15342 29 NA
15343 29 NA
15344 29 NA
15345 29 NA
15346 29 NA
15347 29 NA
15348 30 NA
15349 30 NA
15350 30 NA
15351 30 NA
15352 31 NA
15353 31 NA
15354 31 NA
15355 31 NA
15356 31 NA
15357 31 NA
15358 31 NA
15359 31 NA
15360 31 NA
15361 31 NA
15362 31 NA
15363 31 NA
15364 31 NA
15365 31 NA
15366 31 NA
15367 29 NA
15368 29 NA
15369 29 NA
15370 27 NA
15371 27 NA
15372 27 NA
15373 27 NA
15374 28 NA
15375 28 NA
15376 28 NA
15377 28 NA
15378 28 NA
15379 28 NA
15380 28 NA
15381 28 NA
15382 28 NA
15383 28 NA
15384 28 NA
15385 28 NA
15386 30 NA
15387 30 NA
15388 30 NA
15389 30 NA
15390 30 NA
15391 31 NA
15392 31 NA
15393 31 NA
15394 31 NA
15395 33 NA
15396 33 NA
15397 33 NA
15398 33 NA
15399 34 NA
15400 34 NA
15401 34 NA
15402 34 NA
15403 35 NA
15404 35 NA
15405 35 NA
15406 35 NA
15407 34 NA
15408 34 NA
15409 34 NA
15410 34 NA
15411 34 NA
15412 34 NA
15413 34 NA
15414 34 NA
15415 34 NA
15416 35 NA
15417 35 NA
15418 35 NA
15419 35 NA
15420 36 NA
15421 36 NA
15422 36 NA
15423 36 NA
15424 37 NA
15425 37 NA
15426 37 NA
15427 37 NA
15428 36 NA
15429 36 NA
15430 36 NA
15431 36 NA
15432 36 NA
15433 36 NA
15434 36 NA
15435 36 NA
15436 37 NA
15437 37 NA
15438 37 NA
15439 37 NA
15440 38 NA
15441 38 NA
15442 38 NA
15443 38 NA
15444 38 NA
15445 38 NA
15446 38 NA
15447 38 NA
15448 39 NA
15449 39 NA
15450 39 NA
15451 39 NA
15452 39 NA
15453 40 NA
15454 40 NA
15455 40 NA
15456 40 NA
15457 40 NA
15458 39 NA
15459 39 NA
15460 39 NA
15461 39 NA
15462 40 NA
15463 40 NA
15464 40 NA
15465 40 NA
15466 40 NA
15467 40 NA
15468 40 NA
15469 40 NA
15470 40 NA
15471 40 NA
15472 40 NA
15473 40 NA
15474 40 NA
15475 40 NA
15476 40 NA
15477 40 NA
15478 39 NA
15479 39 NA
15480 39 NA
15481 39 NA
15482 40 NA
15483 40 NA
15484 40 NA
15485 40 NA
15486 40 NA
15487 40 NA
15488 40 NA
15489 41 NA
15490 41 NA
15491 41 NA
15492 43 NA
15493 43 NA
15494 43 NA
15495 45 NA
15496 45 NA
15497 45 NA
15498 45 NA
15499 45 NA
15500 48 NA
15501 48 NA
15502 48 NA
15503 48 NA
15504 48 NA
15505 48 NA
15506 48 NA
15507 49 NA
15508 49 NA
15509 49 NA
15510 49 NA
15511 49 NA
15512 49 NA
15513 48 NA
15514 48 NA
15515 48 NA
15516 49 NA
15517 49 NA
15518 49 NA
15519 48 NA
15520 48 NA
15521 48 NA
15522 48 NA
15523 47 NA
15524 47 NA
15525 47 NA
15526 48 NA
15527 48 NA
15528 48 NA
15529 49 NA
15530 49 NA
15531 49 NA
15532 48 NA
15533 48 NA
15534 48 NA
15535 48 NA
15536 47 NA
15537 47 NA
15538 47 NA
15539 48 NA
15540 48 NA
15541 48 NA
15542 48 NA
15543 48 NA
15544 49 NA
15545 49 NA
15546 49 NA
15547 49 NA
15548 51 NA
15549 51 NA
15550 51 NA
15551 53 NA
15552 53 NA
15553 53 NA
15554 54 NA
15555 54 NA
15556 54 NA
15557 54 NA
15558 56 NA
15559 56 NA
15560 56 NA
15561 56 NA
15562 58 NA
15563 58 NA
15564 58 NA
15565 58 NA
15566 59 NA
15567 59 NA
15568 59 NA
15569 59 NA
15570 59 NA
15571 59 NA
15572 59 NA
15573 59 NA
15574 61 NA
15575 61 NA
15576 61 NA
15577 61 NA
15578 61 NA
15579 61 NA
15580 61 NA
15581 61 NA
15582 61 NA
15583 61 NA
15584 61 NA
15585 61 NA
15586 61 NA
15587 64 NA
15588 64 NA
15589 64 NA
15590 64 NA
15591 62 NA
15592 62 NA
15593 62 NA
15594 61 NA
15595 61 NA
15596 61 NA
15597 61 NA
15598 59 NA
15599 59 NA
15600 59 NA
15601 59 NA
15602 59 NA
15603 59 NA
15604 59 NA
15605 59 NA
15606 62 NA
15607 62 NA
15608 62 NA
15609 62 NA
15610 65 NA
15611 65 NA
15612 65 NA
15613 65 NA
15614 68 NA
15615 68 NA
15616 68 NA
15617 68 NA
15618 70 NA
15619 70 NA
15620 70 NA
15621 70 NA
15622 74 NA
15623 74 NA
15624 74 NA
15625 74 NA
15626 75 NA
15627 75 NA
15628 75 NA
15629 75 NA
15630 76 NA
15631 76 NA
15632 76 NA
15633 76 NA
15634 75 NA
15635 75 NA
15636 75 NA
15637 75 NA
15638 75 NA
15639 73 NA
15640 73 NA
15641 73 NA
15642 73 NA
15643 73 NA
15644 72 NA
15645 72 NA
15646 72 NA
15647 72 NA
15648 72 NA
15649 70 NA
15650 70 NA
15651 71 NA
15652 71 NA
15653 71 NA
15654 71 NA
15655 72 NA
15656 72 NA
15657 72 NA
15658 72 NA
15659 72 NA
15660 70 NA
15661 70 NA
15662 70 NA
15663 70 NA
15664 70 NA
15665 70 NA
15666 70 NA
15667 70 NA
15668 68 NA
15669 68 NA
15670 68 NA
15671 68 NA
15672 68 NA
15673 68 NA
15674 68 NA
15675 68 NA
15676 68 NA
15677 68 NA
15678 68 NA
15679 68 NA
15680 68 NA
15681 68 NA
15682 68 NA
15683 68 NA
15684 68 NA
15685 68 NA
15686 68 NA
15687 70 NA
15688 70 NA
15689 70 NA
15690 70 NA
15691 70 NA
15692 70 NA
15693 70 NA
15694 70 NA
15695 70 NA
15696 71 NA
15697 71 NA
15698 71 NA
15699 71 NA
15700 71 NA
15701 71 NA
15702 71 NA
15703 71 NA
15704 71 NA
15705 71 NA
15706 71 NA
15707 68 NA
15708 68 NA
15709 68 NA
15710 68 NA
15711 68 NA
15712 68 NA
15713 68 NA
15714 68 NA
15715 68 NA
15716 70 NA
15717 70 NA
15718 70 NA
15719 70 NA
15720 70 NA
15721 70 NA
15722 70 NA
15723 70 NA
15724 70 NA
15725 70 NA
15726 70 NA
15727 70 NA
15728 70 NA
15729 70 NA
15730 70 NA
15731 70 NA
15732 70 NA
15733 70 NA
15734 70 NA
15735 70 NA
15736 70 NA
15737 70 NA
15738 70 NA
15739 70 NA
15740 70 NA
15741 70 NA
15742 70 NA
15743 70 NA
15744 72 NA
15745 72 NA
15746 72 NA
15747 72 NA
15748 72 NA
15749 72 NA
15750 72 NA
15751 72 NA
15752 72 NA
15753 72 NA
15754 74 NA
15755 74 NA
15756 74 NA
15757 74 NA
15758 74 NA
15759 74 NA
15760 74 NA
15761 74 NA
15762 74 NA
15763 74 NA
15764 76 NA
15765 76 NA
15766 76 NA
15767 76 NA
15768 76 NA
15769 76 NA
15770 76 NA
15771 76 NA
15772 76 NA
15773 76 NA
15774 76 NA
15775 76 NA
15776 76 NA
15777 76 NA
15778 76 NA
15779 76 NA
15780 76 NA
15781 79 NA
15782 79 NA
15783 79 NA
15784 79 NA
15785 79 NA
15786 79 NA
15787 79 NA
15788 79 NA
15789 82 NA
15790 82 NA
15791 82 NA
15792 82 NA
15793 82 NA
15794 82 NA
15795 82 NA
15796 82 NA
15797 83 NA
15798 83 NA
15799 83 NA
15800 83 NA
15801 83 NA
15802 83 NA
15803 83 NA
15804 83 NA
15805 82 NA
15806 82 NA
15807 82 NA
15808 82 NA
15809 82 NA
15810 82 NA
15811 82 NA
15812 82 NA
15813 82 NA
15814 85 NA
15815 85 NA
15816 85 NA
15817 85 NA
15818 85 NA
15819 85 NA
15820 85 NA
15821 85 NA
15822 85 NA
15823 85 NA
15824 89 NA
15825 89 NA
15826 89 NA
15827 89 NA
15828 89 NA
15829 89 NA
15830 89 NA
15831 89 NA
15832 89 NA
15833 89 NA
15834 89 NA
15835 89 NA
15836 88 NA
15837 88 NA
15838 88 NA
15839 88 NA
15840 88 NA
15841 88 NA
15842 88 NA
15843 88 NA
15844 88 NA
15845 88 NA
15846 91 NA
15847 91 NA
15848 91 NA
15849 91 NA
15850 91 NA
15851 91 NA
15852 91 NA
15853 91 NA
15854 91 NA
15855 91 NA
15856 91 NA
15857 93 NA
15858 93 NA
15859 93 NA
15860 93 NA
15861 93 NA
15862 93 NA
15863 93 NA
15864 93 NA
15865 93 NA
15866 93 NA
15867 93 NA
15868 97 NA
15869 97 NA
15870 97 NA
15871 97 NA
15872 97 NA
15873 97 NA
15874 97 NA
15875 97 NA
15876 97 NA
15877 97 NA
15878 100 NA
15879 100 NA
15880 100 NA
15881 100 NA
15882 100 NA
15883 100 NA
15884 100 NA
15885 100 NA
15886 100 NA
15887 101 NA
15888 101 NA
15889 101 NA
15890 101 NA
15891 101 NA
15892 101 NA
15893 101 NA
15894 101 NA
15895 101 NA
15896 101 NA
15897 106 NA
15898 106 NA
15899 106 NA
15900 106 NA
15901 106 NA
15902 106 NA
15903 106 NA
15904 106 NA
15905 106 NA
15906 105 NA
15907 105 NA
15908 105 NA
15909 105 NA
15910 105 NA
15911 105 NA
15912 105 NA
15913 105 NA
15914 105 NA
15915 105 NA
15916 105 NA
15917 105 NA
15918 105 NA
15919 105 NA
15920 105 NA
15921 105 NA
15922 105 NA
15923 105 NA
15924 105 NA
15925 105 NA
15926 105 NA
15927 105 NA
15928 105 NA
15929 105 NA
15930 105 NA
15931 107 NA
15932 107 NA
15933 107 NA
15934 107 NA
15935 107 NA
15936 107 NA
15937 107 NA
15938 107 NA
15939 107 NA
15940 107 NA
15941 107 NA
15942 107 NA
15943 107 NA
15944 107 NA
15945 105 NA
15946 105 NA
15947 105 NA
15948 105 NA
15949 105 NA
15950 105 NA
15951 105 NA
15952 105 NA
15953 105 NA
15954 105 NA
15955 105 NA
15956 105 NA
15957 105 NA
15958 105 NA
15959 105 NA
15960 105 NA
15961 107 NA
15962 107 NA
15963 107 NA
15964 107 NA
15965 107 NA
15966 107 NA
15967 107 NA
15968 107 NA
15969 107 NA
15970 107 NA
15971 107 NA
15972 107 NA
15973 107 NA
15974 107 NA
15975 107 NA
15976 112 NA
15977 112 NA
15978 112 NA
15979 112 NA
15980 112 NA
15981 112 NA
15982 112 NA
15983 112 NA
15984 112 NA
15985 112 NA
15986 113 NA
15987 113 NA
15988 114 NA
15989 115 NA
15990 115 NA
15991 116 NA
15992 116 NA
15993 117 NA
15994 117 NA
15995 117 NA
15996 117 NA
15997 117 NA
15998 117 NA
15999 117 NA
16000 117 NA
16001 117 NA
16002 117 NA
16003 117 NA
16004 117 NA
16005 118 NA
16006 118 NA
16007 118 NA
16008 118 NA
16009 118 NA
16010 118 NA
16011 118 NA
16012 118 NA
16013 118 NA
16014 118 NA
16015 118 NA
16016 118 NA
16017 118 NA
16018 118 NA
16019 118 NA
16020 118 NA
16021 118 NA
16022 123 NA
16023 123 NA
16024 123 NA
16025 123 NA
16026 123 NA
16027 123 NA
16028 123 NA
16029 123 NA
16030 123 NA
16031 123 NA
16032 123 NA
16033 123 NA
16034 123 NA
16035 124 NA
16036 124 NA
16037 125 NA
16038 126 NA
16039 127 NA
16040 127 NA
16041 128 NA
16042 128 NA
16043 128 NA
16044 128 NA
16045 128 NA
16046 128 NA
16047 128 NA
16048 128 NA
16049 128 NA
16050 128 NA
16051 128 NA
16052 128 NA
16053 128 NA
16054 128 NA
16055 128 NA
16056 130 NA
16057 130 NA
16058 130 NA
16059 130 NA
16060 130 NA
16061 130 NA
16062 130 NA
16063 130 NA
16064 130 NA
16065 130 NA
16066 130 NA
16067 130 NA
16068 130 NA
16069 130 NA
16070 127 NA
16071 127 NA
16072 127 NA
16073 127 NA
16074 127 NA
16075 127 NA
16076 127 NA
16077 127 NA
16078 127 NA
16079 127 NA
16080 127 NA
16081 127 NA
16082 127 NA
16083 129 NA
16084 129 NA
16085 129 NA
16086 129 NA
16087 129 NA
16088 129 NA
16089 129 NA
16090 129 NA
16091 129 NA
16092 129 NA
16093 129 NA
16094 129 NA
16095 129 NA
16096 129 NA
16097 129 NA
16098 129 NA
16099 129 NA
16100 129 NA
16101 129 NA
16102 129 NA
16103 129 NA
16104 129 NA
16105 129 NA
16106 129 NA
16107 129 NA
16108 134 NA
16109 134 NA
16110 134 NA
16111 134 NA
16112 134 NA
16113 134 NA
16114 134 NA
16115 134 NA
16116 134 NA
16117 134 NA
16118 134 NA
16119 134 NA
16120 135 NA
16121 135 NA
16122 135 NA
16123 135 NA
16124 135 NA
16125 135 NA
16126 135 NA
16127 135 NA
16128 135 NA
16129 135 NA
16130 135 NA
16131 135 NA
16132 135 NA
16133 135 NA
16134 139 NA
16135 139 NA
16136 139 NA
16137 139 NA
16138 139 NA
16139 139 NA
16140 139 NA
16141 139 NA
16142 139 NA
16143 139 NA
16144 139 NA
16145 139 NA
16146 140 NA
16147 140 NA
16148 140 NA
16149 140 NA
16150 140 NA
16151 140 NA
16152 140 NA
16153 140 NA
16154 140 NA
16155 140 NA
16156 140 NA
16157 140 NA
16158 141 NA
16159 141 NA
16160 141 NA
16161 141 NA
16162 141 NA
16163 141 NA
16164 141 NA
16165 141 NA
16166 141 NA
16167 141 NA
16168 141 NA
16169 141 NA
16170 145 NA
16171 145 NA
16172 145 NA
16173 145 NA
16174 145 NA
16175 145 NA
16176 145 NA
16177 145 NA
16178 145 NA
16179 145 NA
16180 145 NA
16181 145 NA
16182 145 NA
16183 145 NA
16184 148 NA
16185 148 NA
16186 148 NA
16187 148 NA
16188 148 NA
16189 148 NA
16190 148 NA
16191 148 NA
16192 148 NA
16193 148 NA
16194 148 NA
16195 148 NA
16196 148 NA
16197 148 NA
16198 149 NA
16199 149 NA
16200 149 NA
16201 149 NA
16202 149 NA
16203 149 NA
16204 149 NA
16205 149 NA
16206 149 NA
16207 149 NA
16208 149 NA
16209 149 NA
16210 149 NA
16211 149 NA
16212 150 NA
16213 150 NA
16214 150 NA
16215 150 NA
16216 150 NA
16217 150 NA
16218 150 NA
16219 150 NA
16220 150 NA
16221 150 NA
16222 150 NA
16223 150 NA
16224 150 NA
16225 150 NA
16226 150 NA
16227 150 NA
16228 150 NA
16229 150 NA
16230 150 NA
16231 150 NA
16232 150 NA
16233 150 NA
16234 150 NA
16235 150 NA
16236 149 NA
16237 149 NA
16238 149 NA
16239 149 NA
16240 149 NA
16241 149 NA
16242 149 NA
16243 149 NA
16244 155 NA
16245 155 NA
16246 155 NA
16247 155 NA
16248 155 NA
16249 155 NA
16250 163 NA
16251 163 NA
16252 163 NA
16253 163 NA
16254 163 NA
16255 163 NA
16256 163 NA
16257 163 NA
16258 163 NA
16259 163 NA
16260 163 NA
16261 164 NA
16262 164 NA
16263 164 NA
16264 164 NA
16265 164 NA
16266 164 NA
16267 164 NA
16268 164 NA
16269 164 NA
16270 168 NA
16271 168 NA
16272 168 NA
16273 168 NA
16274 168 NA
16275 168 NA
16276 168 NA
16277 168 NA
16278 168 NA
16279 164 NA
16280 164 NA
16281 164 NA
16282 164 NA
16283 164 NA
16284 164 NA
16285 164 NA
16286 164 NA
16287 164 NA
16288 164 NA
16289 173 NA
16290 173 NA
16291 173 NA
16292 173 NA
16293 173 NA
16294 173 NA
16295 173 NA
16296 173 NA
16297 173 NA
16298 173 NA
16299 173 NA
16300 173 NA
16301 173 NA
16302 173 NA
16303 173 NA
16304 173 NA
16305 173 NA
16306 174 NA
16307 174 NA
16308 174 NA
16309 174 NA
16310 174 NA
16311 174 NA
16312 174 NA
16313 174 NA
16314 174 NA
16315 174 NA
16316 175 NA
16317 175 NA
16318 175 NA
16319 175 NA
16320 175 NA
16321 175 NA
16322 175 NA
16323 175 NA
16324 175 NA
16325 175 NA
16326 175 NA
16327 175 NA
16328 177 NA
16329 177 NA
16330 177 NA
16331 177 NA
16332 177 NA
16333 177 NA
16334 177 NA
16335 177 NA
16336 177 NA
16337 177 NA
16338 177 NA
16339 185 NA
16340 185 NA
16341 185 NA
16342 185 NA
16343 185 NA
16344 185 NA
16345 185 NA
16346 185 NA
16347 185 NA
16348 185 NA
16349 185 NA
16350 185 NA
16351 193 NA
16352 193 NA
16353 193 NA
16354 193 NA
16355 193 NA
16356 193 NA
16357 193 NA
16358 193 NA
16359 193 NA
16360 193 NA
16361 193 NA
16362 193 NA
16363 192 NA
16364 192 NA
16365 192 NA
16366 192 NA
16367 192 NA
16368 192 NA
16369 192 NA
16370 192 NA
16371 192 NA
16372 192 NA
16373 192 NA
16374 192 NA
16375 192 NA
16376 192 NA
16377 192 NA
16378 197 NA
16379 197 NA
16380 197 NA
16381 197 NA
16382 197 NA
16383 197 NA
16384 197 NA
16385 197 NA
16386 197 NA
16387 204 NA
16388 204 NA
16389 204 NA
16390 204 NA
16391 204 NA
16392 204 NA
16393 204 NA
16394 204 NA
16395 204 NA
16396 204 NA
16397 203 NA
16398 203 NA
16399 203 NA
16400 203 NA
16401 203 NA
16402 203 NA
16403 203 NA
16404 203 NA
16405 203 NA
16406 203 NA
16407 195 NA
16408 195 NA
16409 195 NA
16410 195 NA
16411 195 NA
16412 195 NA
16413 195 NA
16414 195 NA
16415 195 NA
16416 195 NA
16417 195 NA
16418 193 NA
16419 193 NA
16420 193 NA
16421 193 NA
16422 193 NA
16423 193 NA
16424 193 NA
16425 193 NA
16426 193 NA
16427 193 NA
16428 193 NA
16429 191 NA
16430 191 NA
16431 191 NA
16432 191 NA
16433 191 NA
16434 191 NA
16435 191 NA
16436 191 NA
16437 191 NA
16438 192 NA
16439 192 NA
16440 192 NA
16441 192 NA
16442 192 NA
16443 192 NA
16444 192 NA
16445 192 NA
16446 192 NA
16447 192 NA
16448 191 NA
16449 191 NA
16450 191 NA
16451 191 NA
16452 191 NA
16453 191 NA
16454 191 NA
16455 191 NA
16456 191 NA
16457 191 NA
16458 191 NA
16459 190 NA
16460 190 NA
16461 190 NA
16462 190 NA
16463 190 NA
16464 190 NA
16465 190 NA
16466 190 NA
16467 190 NA
16468 190 NA
16469 190 NA
16470 197 NA
16471 197 NA
16472 197 NA
16473 197 NA
16474 197 NA
16475 197 NA
16476 197 NA
16477 197 NA
16478 197 NA
16479 197 NA
16480 197 NA
16481 197 NA
16482 201 NA
16483 201 NA
16484 201 NA
16485 201 NA
16486 201 NA
16487 201 NA
16488 201 NA
16489 201 NA
16490 201 NA
16491 201 NA
16492 201 NA
16493 204 NA
16494 204 NA
16495 204 NA
16496 204 NA
16497 204 NA
16498 204 NA
16499 204 NA
16500 204 NA
16501 204 NA
16502 204 NA
16503 209 NA
16504 209 NA
16505 209 NA
16506 209 NA
16507 209 NA
16508 209 NA
16509 209 NA
16510 209 NA
16511 209 NA
16512 209 NA
16513 207 NA
16514 207 NA
16515 207 NA
16516 207 NA
16517 207 NA
16518 207 NA
16519 207 NA
16520 207 NA
16521 207 NA
16522 207 NA
16523 207 NA
16524 207 NA
16525 207 NA
16526 207 NA
16527 207 NA
16528 207 NA
16529 207 NA
16530 207 NA
16531 207 NA
16532 207 NA
16533 207 NA
16534 207 NA
16535 207 NA
16536 207 NA
16537 209 NA
16538 209 NA
16539 209 NA
16540 209 NA
16541 209 NA
16542 209 NA
16543 209 NA
16544 209 NA
16545 209 NA
16546 209 NA
16547 209 NA
16548 209 NA
16549 209 NA
16550 209 NA
16551 209 NA
16552 202 NA
16553 202 NA
16554 202 NA
16555 202 NA
16556 202 NA
16557 202 NA
16558 202 NA
16559 202 NA
16560 202 NA
16561 202 NA
16562 202 NA
16563 202 NA
16564 202 NA
16565 202 NA
16566 210 NA
16567 210 NA
16568 210 NA
16569 210 NA
16570 210 NA
16571 210 NA
16572 210 NA
16573 210 NA
16574 210 NA
16575 210 NA
16576 210 NA
16577 210 NA
16578 210 NA
16579 210 NA
16580 210 NA
16581 204 NA
16582 204 NA
16583 204 NA
16584 204 NA
16585 204 NA
16586 204 NA
16587 204 NA
16588 204 NA
16589 204 NA
16590 204 NA
16591 204 NA
16592 204 NA
16593 204 NA
16594 204 NA
16595 204 NA
16596 204 NA
16597 200 NA
16598 200 NA
16599 200 NA
16600 200 NA
16601 200 NA
16602 200 NA
16603 200 NA
16604 200 NA
16605 200 NA
16606 200 NA
16607 200 NA
16608 200 NA
16609 200 NA
16610 200 NA
16611 200 NA
16612 198 NA
16613 198 NA
16614 198 NA
16615 198 NA
16616 198 NA
16617 198 NA
16618 198 NA
16619 198 NA
16620 198 NA
16621 198 NA
16622 198 NA
16623 198 NA
16624 198 NA
16625 198 NA
16626 198 NA
16627 195 NA
16628 195 NA
16629 195 NA
16630 195 NA
16631 195 NA
16632 195 NA
16633 195 NA
16634 195 NA
16635 195 NA
16636 195 NA
16637 195 NA
16638 195 NA
16639 195 NA
16640 195 NA
16641 195 NA
16642 189 NA
16643 189 NA
16644 189 NA
16645 189 NA
16646 189 NA
16647 189 NA
16648 189 NA
16649 189 NA
16650 189 NA
16651 189 NA
16652 189 NA
16653 189 NA
16654 189 NA
16655 189 NA
16656 180 NA
16657 180 NA
16658 180 NA
16659 180 NA
16660 180 NA
16661 180 NA
16662 180 NA
16663 180 NA
16664 180 NA
16665 180 NA
16666 180 NA
16668 180 NA
16669 180 NA
16670 180 NA
16671 171 NA
16672 171 NA
16673 171 NA
16674 171 NA
16675 171 NA
16676 171 NA
16677 171 NA
16678 171 NA
16679 171 NA
16680 171 NA
16681 171 NA
16682 171 NA
16683 171 NA
16684 171 NA
16685 171 NA
16686 171 NA
16687 171 NA
16688 171 NA
16689 166 NA
16690 166 NA
16691 166 NA
16692 166 NA
16693 166 NA
16694 166 NA
16695 166 NA
16696 166 NA
16697 166 NA
16698 166 NA
16699 166 NA
16700 166 NA
16701 166 NA
16702 166 NA
16703 166 NA
16704 166 NA
16705 166 NA
16706 162 NA
16707 162 NA
16708 162 NA
16709 162 NA
16710 162 NA
16711 162 NA
16712 162 NA
16715 162 NA
16717 162 NA
16719 162 NA
16720 162 NA
16721 162 NA
16722 164 NA
16723 164 NA
16724 164 NA
16725 164 NA
16726 164 NA
16727 164 NA
16728 164 NA
16730 164 NA
16731 164 NA
16732 164 NA
16733 164 NA
16734 164 NA
16735 164 NA
16736 164 NA
16737 164 NA
16738 164 NA
16739 164 NA
16740 164 NA
16741 164 NA
16742 163 NA
16743 163 NA
16744 163 NA
16745 163 NA
16746 163 NA
16747 163 NA
16748 163 NA
16749 163 NA
16750 163 NA
16751 163 NA
16752 163 NA
16753 163 NA
16754 163 NA
16755 163 NA
16756 163 NA
16757 163 NA
16759 163 NA
16760 170 NA
16761 170 NA
16762 170 NA
16763 170 NA
16764 170 NA
16765 170 NA
16766 170 NA
16767 170 NA
16768 170 NA
16769 170 NA
16770 170 NA
16771 170 NA
16772 170 NA
16773 170 NA
16774 170 NA
16775 170 NA
16776 170 NA
16777 179 NA
16778 179 NA
16779 179 NA
16780 179 NA
16781 179 NA
16782 179 NA
16783 179 NA
16784 179 NA
16785 179 NA
16786 179 NA
16787 179 NA
16788 179 NA
16789 179 NA
16790 179 NA
16791 179 NA
16792 186 NA
16793 186 NA
16794 186 NA
16795 186 NA
16796 186 NA
16797 186 NA
16798 186 NA
16799 186 NA
16800 186 NA
16801 186 NA
16802 186 NA
16803 186 NA
16804 186 NA
16805 186 NA
16807 196 NA
16808 196 NA
16809 196 NA
16810 196 NA
16811 196 NA
16812 196 NA
16813 196 NA
16814 196 NA
16815 196 NA
16816 196 NA
16817 196 NA
16818 196 NA
16820 196 NA
16821 196 NA
16822 204 NA
16823 204 NA
16824 204 NA
16825 204 NA
16826 204 NA
16827 204 NA
16828 204 NA
16829 204 NA
16830 204 NA
16831 204 NA
16832 204 NA
16833 204 NA
16834 204 NA
16835 204 NA
16836 194 NA
16837 194 NA
16838 194 NA
16839 194 NA
16840 194 NA
16841 194 NA
16842 194 NA
16843 194 NA
16844 194 NA
16845 194 NA
16847 194 NA
16849 194 NA
16850 194 NA
16851 194 NA
16852 191 NA
16853 191 NA
16854 191 NA
16855 191 NA
16856 191 NA
16857 191 NA
16858 191 NA
16859 191 NA
16860 191 NA
16861 191 NA
16862 191 NA
16863 191 NA
16864 191 NA
16865 191 NA
16866 191 NA
16867 191 NA
16869 198 NA
16870 198 NA
16871 198 NA
16872 198 NA
16873 198 NA
16874 198 NA
16875 198 NA
16876 198 NA
16878 198 NA
16879 198 NA
16880 198 NA
16881 198 NA
16882 198 NA
16883 200 NA
16884 200 NA
16885 200 NA
16886 200 NA
16887 200 NA
16888 200 NA
16889 200 NA
16890 200 NA
16892 200 NA
16893 200 NA
16894 200 NA
16895 200 NA
16896 200 NA
16897 200 NA
16898 200 NA
16899 200 NA
16900 200 NA
16901 200 NA
16902 200 NA
16903 200 NA
16904 200 NA
16905 200 NA
16906 200 NA
16907 200 NA
16908 200 NA
16909 200 NA
16910 200 NA
16911 200 NA
16912 200 NA
16913 200 NA
16914 200 NA
16915 200 NA
16916 200 NA
16917 201 NA
16918 201 NA
16919 201 NA
16920 201 NA
16921 201 NA
16922 201 NA
16923 201 NA
16924 201 NA
16925 201 NA
16926 201 NA
16927 201 NA
16928 201 NA
16929 201 NA
16930 201 NA
16931 201 NA
16932 197 NA
16933 197 NA
16934 197 NA
16935 197 NA
16937 197 NA
16938 197 NA
16939 197 NA
16940 197 NA
16941 197 NA
16942 197 NA
16943 197 NA
16944 197 NA
16945 197 NA
16946 197 NA
16949 197 NA
16950 197 NA
16951 197 NA
16952 192 NA
16953 192 NA
16954 192 NA
16955 192 NA
16956 192 NA
16957 192 NA
16958 192 NA
16959 192 NA
16960 192 NA
16966 192 NA
16968 198 NA
16969 198 NA
16970 198 NA
16971 198 NA
16972 198 NA
16974 198 NA
16975 198 NA
16976 198 NA
16977 198 NA
16978 198 NA
16980 198 NA
16981 198 NA
16982 198 NA
16984 207 NA
16985 207 NA
16986 207 NA
16987 207 NA
16988 207 NA
16989 207 NA
16990 207 NA
16991 207 NA
16992 207 NA
16993 207 NA
16994 207 NA
16999 207 NA
17000 207 NA
17001 207 NA
17006 216 NA
17007 216 NA
17014 216 NA
17015 216 NA
17016 216 NA
17017 216 NA
17018 216 NA
17019 216 NA
17020 216 NA
17021 216 NA
17022 223 NA
17023 223 NA
17024 223 NA
17025 223 NA
17026 223 NA
17027 223 NA
17028 223 NA
17029 223 NA
17031 223 NA
17032 223 NA
17033 223 NA
17034 223 NA
17035 223 NA
17036 223 NA
17037 223 NA
17038 223 NA
17039 226 NA
17040 226 NA
17042 226 NA
17044 226 NA
17045 226 NA
17046 226 NA
17047 226 NA
17048 226 NA
17049 226 NA
17050 226 NA
17051 226 NA
17052 226 NA
17053 226 NA
17054 226 NA
17055 226 NA
17056 226 NA
17057 226 NA
17058 226 NA
17059 232 NA
17060 232 NA
17061 232 NA
17062 232 NA
17063 232 NA
17064 232 NA
17069 232 NA
17070 232 NA
17071 232 NA
17072 232 NA
17073 232 NA
17075 232 NA
17076 232 NA
17077 232 NA
17078 232 NA
17079 243 NA
17080 243 NA
17081 243 NA
17083 243 NA
17084 243 NA
17085 243 NA
17086 243 NA
17087 243 NA
17088 243 NA
17089 243 NA
17091 243 NA
17092 243 NA
17093 243 NA
17094 243 NA
17095 243 NA
17096 243 NA
17097 243 NA
17098 243 NA
17099 243 NA
17100 255 NA
17101 255 NA
17102 255 NA
17103 255 NA
17104 255 NA
17105 255 NA
17106 255 NA
17107 255 NA
17108 255 NA
17109 255 NA
17110 255 NA
17111 255 NA
17112 255 NA
17113 255 NA
17114 255 NA
17115 255 NA
17117 255 NA
17118 255 NA
17119 255 NA
17123 255 NA
17124 265 NA
17125 265 NA
17126 265 NA
17127 265 NA
17129 265 NA
17130 265 NA
17131 265 NA
17132 265 NA
17133 265 NA
17134 265 NA
17135 265 NA
17136 265 NA
17138 265 NA
17139 265 NA
17140 265 NA
17141 265 NA
17142 265 NA
17143 265 NA
17144 270 NA
17145 270 NA
17146 270 NA
17147 270 NA
17148 270 NA
17149 270 NA
