"Index" "Price" "Volume"
14019 1652 4
14020 1659 4
14021 1687 4
14022 1687 4
14023 1618 4
14024 1618 4
14025 1592 4
14026 1592 4
14027 1551 4
14028 1551 4
14029 1535 4
14030 1535 4
14031 1581 4
14032 1598 4
14033 1603 4
14034 1558 4
14035 1564 4
14036 1529 4
14037 1493 4
14038 1422 4
14039 1303 4
14040 1303 4
14041 1293 4
14042 1240 4
14043 1184 4
14044 1170 4
14045 1252 4
14046 1252 4
14047 1263 4
14048 1263 4
14049 1227 4
14050 1241 4
14051 1241 4
14052 1201 4
14053 1094 4
14054 1094 4
14055 1115 4
14056 1168 4
14057 1206 4
14058 1264 4
14059 1323 4
14060 1314 4
14061 1296 4
14062 1227 4
14063 1227 4
14064 1232 4
14065 1260 4
14066 1226 4
14067 1246 4
14068 1253 4
14069 1307 4
14070 1307 4
14071 1278 4
14072 1294 4
14073 1299 4
14074 1279 4
14075 1279 4
14076 1289 4
14077 1254 4
14078 1258 4
14079 1265 4
14080 1272 4
14081 1281 4
14082 1292 4
14083 1282 4
14084 1332 4
14085 1385 4
14086 1385 4
14087 1415 4
14088 1394 4
14089 1373 4
14090 1373 4
14091 1321 4
14092 1321 4
14093 1314 4
14094 1341 4
14095 1372 4
14096 1382 4
14097 1382 4
14098 1370 4
14099 1322 4
14100 1300 4
14101 1309 4
14102 1304 4
14103 1308 4
14104 1315 4
14105 1323 4
14106 1360 4
14107 1381 4
14108 1369 4
14109 1352 4
14110 1342 4
14111 1356 4
14112 1356 4
14113 1351 4
14114 1344 4
14115 1344 4
14116 1322 4
14117 1311 4
14118 1284 4
14119 1262 4
14120 1261 4
14121 1200 4
14122 1179 4
14123 1179 4
14124 1161 4
14125 1181 4
14126 1232 4
14127 1283 4
14128 1283 4
14129 1268 4
14130 1265 4
14131 1265 4
14132 1272 4
14133 1261 4
14134 1197 4
14135 1179 4
14136 1219 4
14137 1220 4
14138 1220 4
14139 1245 4
14140 1292 4
14141 1314 4
14142 1319 4
14143 1319 4
14144 1310 4
14145 1330 4
14146 1321 4
14147 1273 4
14148 1225 4
14149 1295 4
14150 1295 4
14151 1282 4
14152 1251 4
14153 1268 4
14154 1248 4
14155 1245 4
14156 1245 4
14157 1245 4
14158 1267 4
14159 1268 4
14160 1286 4
14161 1286 4
14162 1315 4
14163 1329 4
14164 1348 4
14165 1348 4
14166 1349 4
14167 1370 4
14168 1343 4
14169 1361 4
14170 1366 4
14171 1300 4
14172 1300 4
14173 1292 4
14174 1248 4
14175 1252 4
14176 1252 4
14177 1294 4
14178 1294 4
14179 1278 4
14180 1281 4
14181 1301 4
14182 1275 4
14183 1258 4
14184 1287 4
14185 1247 4
14186 1171 4
14187 1173 4
14188 1173 4
14189 1188 4
14190 1180 4
14191 1148 4
14192 1140 4
14193 1132 4
14194 1124 4
14195 1151 4
14196 1131 4
14197 1114 4
14198 1116 4
14199 1146 4
14200 1150 4
14201 1180 4
14202 1180 4
14203 1190 4
14204 1196 4
14205 1196 4
14206 1189 4
14207 1195 4
14208 1186 4
14209 1186 4
14210 1207 4
14211 1200 4
14212 1200 4
14213 1191 4
14214 1242 4
14215 1220 4
14216 1220 4
14217 1180 4
14218 1162 4
14219 1154 4
14220 1183 4
14221 1300 4
14222 1300 4
14223 1343 4
14224 1287 4
14225 1287 4
14226 1252 4
14227 1245 4
14228 1246 4
14229 1258 4
14230 1260 4
14231 1183 4
14232 1182 4
14233 1182 4
14234 1167 4
14235 1173 4
14236 1189 4
14237 1226 4
14238 1226 4
14239 1283 4
14240 1283 4
14241 1287 4
14242 1267 4
14243 1269 4
14244 1316 4
14245 1316 4
14246 1335 4
14247 1319 4
14248 1293 4
14249 1305 4
14250 1370 4
14251 1423 4
14252 1494 4
14253 1517 4
14254 1447 4
14255 1447 4
14256 1408 4
14257 1317 4
14258 1317 4
14259 1273 4
14260 1255 4
14261 1212 4
14262 1188 4
14263 1188 4
14264 1194 4
14265 1197 4
14266 1197 4
14267 1149 4
14268 1149 4
14269 1152 4
14270 1152 4
14271 1143 4
14272 1139 4
14273 1139 4
14274 1155 4
14275 1116 4
14276 1099 4
14277 1099 4
14278 1093 4
14279 1126 4
14280 1182 4
14281 1216 4
14282 1210 4
14283 1210 4
14284 1178 4
14285 1143 4
14286 1143 4
14287 1131 4
14288 1183 4
14289 1239 4
14290 1281 4
14291 1306 4
14292 1234 4
14293 1234 4
14294 1220 4
14295 1220 4
14296 1223 4
14297 1223 4
14298 1190 4
14299 1174 4
14300 1136 4
14301 1128 4
14302 1144 4
14303 1124 4
14304 1125 4
14305 1138 4
14306 1145 4
14307 1159 4
14308 1159 4
14309 1153 4
14310 1152 4
14311 1168 4
14312 1159 4
14313 1139 4
14314 1139 4
14315 1118 4
14316 1170 4
14317 1170 4
14318 1145 4
14319 1169 4
14320 1192 4
14321 1213 4
14322 1217 4
14323 1194 4
14324 1205 4
14325 1221 4
14326 1211 4
14327 1236 4
14328 1226 4
14329 1223 4
14330 1272 4
14331 1272 4
14332 1305 4
14333 1356 4
14334 1356 4
14335 1345 4
14336 1435 4
14337 1435 4
14338 1446 4
14339 1348 4
14340 1326 4
14341 1299 4
14342 1234 4
14343 1151 4
14344 1156 4
14345 1192 4
14346 1121 4
14347 1129 4
14348 1129 4
14349 1136 4
14350 1182 4
14351 1182 4
14352 1180 4
14353 1160 4
14354 1160 4
14355 1171 4
14356 1227 4
14357 1285 4
14358 1414 4
14359 1479 4
14360 1547 4
14361 1621 4
14362 1771 4
14363 1847 4
14364 1939 4
14365 1900 4
14366 1807 4
14367 1632 4
14368 1632 4
14369 1407 4
14370 1221 4
14371 1173 4
14372 1261 4
14373 1261 4
14374 1208 4
14375 1166 4
14376 1215 4
14377 1215 4
14378 1188 4
14379 1184 4
14380 1184 4
14381 1194 4
14382 1175 4
14383 1172 4
14384 1166 4
14385 1148 4
14386 1133 4
14387 1134 4
14388 1114 4
14389 1190 4
14390 1248 4
14391 1248 4
14392 1286 4
14393 1286 4
14394 1280 4
14395 1263 4
14396 1245 4
14397 1204 4
14398 1204 4
14399 1261 4
14400 1273 4
14401 1273 4
14402 1246 4
14403 1250 4
14404 1262 4
14405 1294 4
14406 1297 4
14407 1303 4
14408 1303 4
14409 1263 4
14410 1238 4
14411 1283 4
14412 1295 4
14413 1296 4
14414 1268 4
14415 1263 4
14416 1282 4
14417 1274 4
14418 1296 4
14419 1309 4
14420 1326 4
14421 1326 4
14422 1348 4
14423 1302 4
14424 1279 4
14425 1295 4
14426 1335 4
14427 1343 4
14428 1370 4
14429 1389 4
14430 1389 4
14431 1411 4
14432 1379 4
14433 1408 4
14434 1408 4
14435 1387 4
14436 1429 4
14437 1429 4
14438 1440 4
14439 1464 4
14440 1488 4
14441 1505 4
14442 1444 4
14443 1396 4
14444 1458 4
14445 1458 4
14446 1500 4
14447 1652 4
14448 1652 4
14449 1689 4
14450 1723 4
14451 1670 4
14452 1653 4
14453 1653 4
14454 1758 4
14455 1758 4
14456 1686 4
14457 1697 4
14458 1683 4
14459 1690 4
14460 1678 4
14461 1676 4
14462 1741 4
14463 1814 4
14464 1835 4
14465 1804 4
14466 1806 4
14467 1738 4
14468 1706 4
14469 1732 4
14470 1733 4
14471 1738 4
14472 1735 4
14473 1735 4
14474 1794 4
14475 1833 4
14476 1833 4
14477 1820 4
14478 1820 4
14479 1832 4
14480 1800 4
14481 1747 4
14482 1747 4
14483 1867 4
14484 1867 4
14485 1906 4
14486 1840 4
14487 1761 4
14488 1753 4
14489 1877 4
14490 1848 4
14491 1848 4
14492 1836 4
14493 1845 4
14494 1709 4
14495 1709 4
14496 1742 4
14497 1782 4
14498 1829 4
14499 1780 4
14500 1705 4
14501 1728 4
14502 1778 4
14503 1802 4
14504 1800 4
14505 1800 4
14506 1749 4
14507 1820 4
14508 1803 4
14509 1884 4
14510 1915 4
14511 1943 4
14512 1940 4
14513 1940 4
14514 1844 4
14515 1957 4
14516 1957 4
14517 1911 4
14518 1911 4
14519 1921 4
14520 1921 4
14521 1933 4
14522 2048 4
14523 2048 4
14524 2069 4
14525 2171 4
14526 2387 4
14527 2507 4
14528 2746 4
14529 2746 4
14530 3021 4
14531 3021 4
14532 3325 4
14533 3487 4
14534 3487 4
14535 3838 4
14536 4011 4
14537 4208 4
14538 4417 4
14539 4417 4
14540 4633 4
14541 4858 4
14542 5193 4
14543 5448 4
14544 5448 4
14545 5592 4
14546 5592 4
14547 5758 4
14548 5939 4
14549 6084 4
14550 6036 4
14551 5796 4
14552 5943 4
14553 5836 4
14554 5836 4
14555 6161 4
14556 6161 4
14557 6142 4
14558 6614 4
14559 6337 4
14560 6337 4
14561 6057 4
14562 6218 4
14563 6095 4
14564 6305 4
14565 6554 4
14566 6864 4
14567 6864 4
14568 7016 4
14569 7015 4
14570 6664 4
14571 6471 4
14572 6147 4
14573 6223 4
14574 6071 4
14575 6260 4
14576 6476 4
14577 6729 4
14578 6773 4
14579 6773 4
14580 6757 4
14581 6653 4
14582 6295 4
14583 6295 4
14584 6558 4
14585 6828 4
14586 6828 4
14587 6934 4
14588 6874 4
14589 6874 4
14590 7082 4
14591 7204 4
14592 7464 4
14593 7781 4
14594 7927 4
14595 8240 4
14596 8240 4
14597 8101 4
14598 7831 4
14599 7545 4
14600 7545 4
14601 7565 4
14602 7689 4
14603 7835 4
14604 8037 4
14605 8047 4
14606 8047 4
14607 8321 4
14608 8321 4
14609 8233 4
14610 8400 4
14611 8261 4
14612 8044 4
14613 8133 4
14614 8256 4
14615 8256 4
14616 8477 4
14617 8543 4
14618 8478 4
14619 8517 4
14620 8517 4
14621 8207 4
14622 8207 4
14623 8077 4
14624 8077 4
14625 7698 4
14626 7738 4
14627 7738 4
14628 8107 4
14629 7958 4
14630 7958 4
14631 7814 4
14632 7814 4
14633 7844 4
14634 7844 4
14635 7988 4
14636 8121 4
14637 8166 4
14638 7872 4
14639 7813 4
14640 7863 4
14641 7772 4
14642 7772 4
14643 7772 4
14644 7772 4
14645 7660 4
14646 7599 4
14647 8000 4
14648 8033 4
14649 8033 4
14650 8268 4
14651 8300 4
14653 8157 4
14654 8412 4
14655 8438 4
14656 8438 4
14657 8656 4
14658 9130 4
14659 9309 4
14660 9309 4
14661 9285 4
14662 9488 4
14663 9488 4
14664 9652 4
14665 9448 4
14666 9677 4
14667 9677 4
14668 10200 4
14669 10700 4
14670 11200 4
14671 11800 4
14672 13000 4
14673 13000 4
14674 12800 4
14675 12200 4
14676 12400 4
14677 12900 4
14678 13300 4
14679 12600 4
14680 12200 4
14681 13000 4
14682 12500 4
14683 11900 4
14684 11900 4
14685 11300 4
14686 10800 4
14687 10200 4
14688 9729 4
14689 9242 4
14690 8849 4
14691 9000 4
14692 9000 4
14693 9014 4
14694 8721 4
14695 8721 4
14696 8510 4
14697 8468 4
14698 8566 4
14699 8682 4
14700 8775 4
14701 8901 4
14702 9147 4
14703 9384 4
14704 9744 4
14705 10100 4
14706 10100 4
14707 9994 4
14708 10400 4
14709 10400 4
14710 10100 4
14711 9857 4
14712 8959 4
14713 8959 4
14714 8511 4
14715 8106 4
14716 8106 4
14717 8133 4
14718 8263 4
14719 8263 4
14720 8707 4
14721 8707 4
14722 8300 4
14723 8300 4
14724 8105 4
14725 8005 4
14726 8083 4
14727 7965 4
14728 7965 4
14729 8056 4
14730 8123 4
14731 8156 4
14732 8173 4
14733 8173 4
14734 8133 4
14735 8133 4
14736 8237 4
14737 8237 4
14738 8063 4
14739 8063 4
14740 8029 4
14741 7926 4
14742 7892 4
14743 7943 4
14744 7997 4
14745 8101 4
14746 7984 4
14747 7989 4
14748 8047 4
14749 8047 4
14750 8073 4
14751 7978 4
14752 8019 4
14753 8088 4
14754 8108 4
14755 8156 4
14756 8156 4
14757 8115 4
14758 8053 4
14759 7922 4
14760 7942 4
14761 8064 4
14762 8003 4
14763 8003 4
14764 8004 4
14765 8074 4
14766 8098 4
14767 8294 4
14768 8527 4
14769 8733 4
14770 8885 4
14771 9194 4
14772 9194 4
14773 9595 4
14774 10100 4
14775 9247 4
14776 8997 4
14777 8997 4
14778 8708 4
14779 8708 4
14780 8573 4
14781 8632 4
14782 8712 4
14783 8712 4
14784 8801 4
14785 8801 4
14786 8806 4
14787 8812 4
14788 8858 4
14789 9029 4
14790 8887 4
14791 8887 4
14792 8893 4
14793 9111 4
14794 9316 4
14795 9424 4
14796 9424 4
14797 9273 4
14798 9297 4
14799 9409 4
14800 9409 4
14801 9529 4
14802 9589 4
14803 9626 4
14804 9626 4
14805 9366 4
14806 9366 4
14807 9511 4
14808 9351 4
14809 9088 4
14810 8744 4
14811 8744 4
14812 8232 4
14813 8347 4
14814 8347 4
14815 8533 4
14816 8482 4
14817 8398 4
14818 8427 4
14819 8753 4
14820 8753 4
14821 8774 4
14822 8874 4
14823 8956 4
14824 8956 4
14825 8941 4
14826 8596 4
14827 8596 4
14828 8463 4
14829 8565 4
14830 8750 4
14831 8991 4
14832 9774 4
14833 9774 4
14834 9852 4
14835 9922 4
14836 9829 4
14837 9655 4
14838 9669 4
14839 9669 4
14840 9337 4
14841 9337 4
14842 9633 4
14843 10100 4
14844 10600 4
14845 11100 4
14846 11700 4
14847 12900 4
14848 13600 4
14849 13600 4
14850 14000 4
14851 12700 4
14852 13100 4
14853 13700 4
14854 13700 4
14855 14400 4
14856 15100 4
14857 15000 4
14858 15000 4
14859 13700 4
14860 13700 4
14861 13000 4
14862 12400 4
14863 11800 4
14864 11200 4
14865 10600 4
14866 9577 4
14867 9577 4
14868 9224 4
14869 9379 4
14870 9546 4
14871 9546 4
14872 9141 4
14873 9141 4
14874 8847 4
14875 8847 4
14876 8729 4
14877 8626 4
14878 8420 4
14879 8290 4
14880 8135 4
14881 8135 4
14882 8110 4
14883 8110 4
14884 8166 4
14885 8035 4
14886 8047 4
14887 8077 4
14888 8088 4
14889 8101 4
14890 7926 4
14891 7926 4
14892 7860 4
14893 7963 4
14894 7963 4
14895 8064 4
14896 8068 4
14897 7982 4
14898 7982 4
14899 7998 4
14900 8012 4
14901 8032 4
14902 8032 4
14903 7828 4
14904 7828 4
14905 7806 4
14906 7802 4
14907 7738 4
14908 7738 4
14909 7712 4
14910 7748 4
14911 7886 4
14912 7897 4
14913 7937 4
14914 7941 4
14915 7941 4
14916 7861 4
14917 7985 4
14918 7921 4
14920 7701 4
14921 7874 4
14922 7857 4
14923 7857 4
14924 7865 4
14925 7844 4
14926 7867 4
14927 7671 4
14928 7402 4
14929 7402 4
14930 7361 4
14931 7361 4
14932 7350 4
14933 7227 4
14934 7267 4
14935 7267 4
14936 7147 4
14937 7253 4
14938 7272 4
14939 7349 4
14940 7381 4
14941 7169 4
14942 7169 4
14943 7219 4
14944 7090 4
14945 7053 4
14946 7053 4
14947 7126 4
14948 7212 4
14949 7315 4
14950 7315 4
14951 7169 4
14952 7093 4
14953 7093 4
14954 6990 4
14955 6888 4
14956 6939 4
14957 6934 4
14958 6813 4
14959 6796 4
14960 6899 4
14961 6899 4
14962 6739 4
14963 6739 4
14964 6812 4
14965 6921 4
14966 6754 4
14967 6703 4
14968 6703 4
14969 6438 4
14970 6300 4
14971 6108 4
14972 6004 4
14973 5857 4
14974 6010 4
14975 6010 4
14976 6152 4
14977 6406 4
14979 6639 4
14981 6357 4
14983 6214 4
14984 6067 4
14985 5905 4
14986 6016 4
14987 6257 4
14988 6196 4
14990 6115 4
14991 6133 4
14992 6138 4
14993 6215 4
14995 6297 4
14996 6377 4
14997 6126 4
14998 5942 4
15000 5913 4
15001 5951 4
15003 5793 4
15005 5663 4
15007 5163 4
15008 4904 4
15009 4714 4
15011 5176 4
15012 5435 4
15013 5993 4
15014 5993 4
15016 6608 4
15018 6726 4
15019 6858 4
15020 7327 4
15021 7327 4
15023 7853 4
15025 7321 4
15026 7142 4
15029 6719 4
15030 6786 4
15031 7078 4
15032 7432 4
15033 8195 4
15035 8843 4
15036 9022 4
15037 9022 4
15038 8849 4
15039 8530 4
15040 8224 4
15041 8419 4
15044 8829 4
15046 9536 4
15047 9338 4
15048 8871 4
15049 8871 4
15050 8005 4
15052 7223 4
15054 6861 4
15055 6191 4
15056 5881 4
15058 5096 4
15059 5037 4
15060 5085 4
15061 5337 4
15063 5299 4
15064 5073 4
15066 5021 4
15067 4891 4
15068 4935 4
15070 4905 4
15072 4956 4
15073 4919 4
15076 4720 4
15077 4741 4
15078 4740 4
15080 4695 4
15081 4714 4
15082 4637 4
15084 4488 4
15085 4840 4
15087 4876 4
15088 5037 4
15090 5232 4
15091 5276 4
15093 5214 4
15094 5078 4
15095 5039 4
15096 5065 4
15097 5229 4
15098 5355 4
15100 5804 4
15101 5737 4
15103 5670 4
15104 5593 4
15106 5730 4
15107 5911 4
15109 5822 4
15110 5705 4
15112 5689 4
15114 5782 4
15115 5655 4
15116 5466 4
15119 5740 4
15120 5892 4
15121 6038 4
15122 6164 4
15123 6324 4
15124 6209 4
15125 6149 4
15126 6032 4
15128 6087 4
15130 6420 4
15131 6404 4
15132 6435 4
15133 6562 4
15135 6488 4
15136 6435 4
15137 6303 4
15138 6164 4
15139 6124 4
15142 6060 4
15143 5996 4
15144 5740 4
15145 5464 4
15146 5328 4
15149 5764 4
15150 5891 4
15151 5987 4
15152 5960 4
15153 5814 4
15155 5880 4
15156 6121 4
15157 6121 4
15158 6235 4
15159 6520 4
15161 6397 4
15163 6233 4
15164 6294 4
15165 6224 4
15166 5911 4
15167 5738 4
15169 5680 4
15170 5600 4
15172 5660 4
15173 5729 4
15175 5866 4
15177 5976 4
15178 6382 4
15179 6658 4
15180 6958 4
15182 7298 4
15184 7429 4
15185 7312 4
15186 7619 4
15187 7654 4
15188 7443 4
15191 6510 4
15193 6376 4
15194 6485 4
15195 6666 4
15196 6622 4
15197 6682 4
15199 6738 4
15200 6513 4
15201 6279 4
15203 6360 4
15204 6332 4
15207 5874 4
15208 5301 4
15210 5245 4
15212 5922 4
15213 6397 4
15215 6160 4
15217 6279 4
15219 5925 4
15220 5900 4
15221 5947 4
15222 5967 4
15224 5567 4
15225 5437 4
15226 5400 4
15227 5613 4
15228 5763 4
15229 5717 4
15231 5270 4
15232 5008 4
15233 4759 4
15235 4079 4
15238 3496 4
15240 3360 4
15242 3037 4
15243 2890 4
15244 2989 4
15247 2994 4
15248 3061 4
15249 3061 4
15250 3213 4
15252 3268 4
15254 3512 4
15255 3625 4
15256 3601 4
15257 3553 4
15258 3457 4
15259 3308 4
15261 3100 4
15263 3038 4
15264 3061 4
15266 3156 4
15268 3274 4
15270 3447 4
15271 3613 4
15273 3587 4
15275 3449 4
15277 3749 4
15280 4130 4
15281 4335 4
15282 4552 4
15283 4780 4
15284 5006 4
15285 5226 4
15287 5666 4
15289 5525 4
15291 5306 4
15294 5480 4
15295 5717 4
15297 5909 4
15299 6053 4
15300 6258 4
15302 6282 4
15304 6281 4
15306 6307 4
15307 6319 4
15308 6075 4
15309 5896 4
15310 5688 4
15312 5787 4
15313 6184 4
15314 6301 4
15315 6208 4
15316 6320 4
15317 6392 4
15318 6364 4
15319 6223 4
15320 6368 4
15321 6537 4
15322 6593 4
15323 6706 4
15324 6781 4
15325 6658 4
15326 6772 4
15327 6944 4
15328 7002 4
15329 7119 4
15330 7151 4
15331 6920 4
15332 6713 4
15333 6412 4
15334 6277 4
15335 6351 4
15336 6518 4
15337 6388 4
15338 6450 4
15339 6716 4
15340 6817 4
15341 6739 4
15342 6640 4
15343 6667 4
15344 6697 4
15345 6638 4
15346 6568 4
15347 6721 4
15348 6890 4
15349 6897 4
15350 6757 4
15351 6673 4
15352 6705 4
15353 6801 4
15354 6919 4
15355 6900 4
15356 6788 4
15357 6887 4
15358 6927 4
15359 6945 4
15360 6869 4
15361 6685 4
15362 6790 4
15363 6794 4
15364 6933 4
15365 7016 4
15366 6998 4
15367 6952 4
15368 7006 4
15369 6992 4
15370 6965 4
15371 7047 4
15372 7076 4
15373 7158 4
15374 7137 4
15375 7285 4
15376 7332 4
15377 7350 4
15378 7154 4
15379 7125 4
15380 7069 4
15381 7117 4
15382 7057 4
15383 7098 4
15384 7082 4
15385 7210 4
15386 7175 4
15387 7095 4
15388 7023 4
15389 7073 4
15390 7139 4
15391 7229 4
15392 7226 4
15393 7241 4
15394 7205 4
15395 7197 4
15396 7308 4
15397 7361 4
15398 7456 4
15399 7449 4
15400 7577 4
15401 7953 4
15402 8259 4
15403 8433 4
15404 8192 4
15405 7969 4
15406 7635 4
15407 7486 4
15408 7370 4
15409 7248 4
15410 7181 4
15411 7010 4
15412 7082 4
15413 7329 4
15414 7495 4
15415 7816 4
15416 7842 4
15417 8087 4
15418 8412 4
15419 8301 4
15420 7885 4
15421 7490 4
15422 7151 4
15423 6812 4
15424 6472 4
15425 6133 4
15426 5794 4
15427 5504 4
15428 5228 4
15429 4966 4
15430 4717 4
15431 4481 4
15432 4279 4
15433 4241 4
15434 4257 4
15435 4237 4
15436 4138 4
15437 4051 4
15438 3951 4
15439 3868 4
15440 3773 4
15441 3732 4
15442 3612 4
15443 3472 4
15444 3448 4
15445 3473 4
15446 3556 4
15447 3653 4
15448 3690 4
15449 3799 4
15450 3763 4
15451 3722 4
15452 3697 4
15453 3702 4
15454 3670 4
15455 3635 4
15456 3592 4
15457 3521 4
15458 3426 4
15459 3386 4
15460 3367 4
15461 3292 4
15462 3198 4
15463 3190 4
15464 3203 4
15465 3195 4
15466 3220 4
15467 3252 4
15468 3246 4
15469 3225 4
15470 3196 4
15471 3137 4
15472 3100 4
15473 3072 4
15474 3091 4
15475 3124 4
15476 3131 4
15477 3097 4
15478 3027 4
15479 2982 4
15480 2981 4
15481 3031 4
15482 3109 4
15483 3140 4
15484 3180 4
15485 3215 4
15486 3201 4
15487 3206 4
15488 3229 4
15489 3299 4
15490 3265 4
15491 3200 4
15492 3176 4
15493 3153 4
15494 3187 4
15495 3172 4
15496 3137 4
15497 3148 4
15498 3164 4
15499 3202 4
15500 3220 4
15501 3314 4
15502 3374 4
15503 3364 4
15504 3352 4
15505 3284 4
15506 3240 4
15507 3266 4
15508 3283 4
15509 3384 4
15510 3481 4
15511 3567 4
15512 3542 4
15513 3503 4
15514 3527 4
15515 3554 4
15516 3594 4
15517 3615 4
15518 3647 4
15519 3671 4
15520 3672 4
15521 3521 4
15522 3375 4
15523 3238 4
15524 3256 4
15525 3182 4
15526 3167 4
15527 3260 4
15528 3342 4
15529 3391 4
15530 3460 4
15531 3491 4
15532 3393 4
15533 3297 4
15534 3195 4
15535 3145 4
15536 3072 4
15537 3035 4
15538 3026 4
15539 2954 4
15540 2931 4
15541 2980 4
15542 3042 4
15543 3062 4
15544 3052 4
15545 3044 4
15546 3009 4
15547 3019 4
15548 2999 4
15549 2989 4
15550 2930 4
15551 2905 4
15552 2899 4
15553 2900 4
15554 2934 4
15555 3060 4
15556 3092 4
15557 3220 4
15558 3266 4
15559 3255 4
15560 3248 4
15561 3286 4
15562 3343 4
15563 3410 4
15564 3483 4
15565 3496 4
15566 3496 4
15567 3493 4
15568 3468 4
15569 3416 4
15570 3391 4
15571 3401 4
15572 3489 4
15573 3597 4
15574 3707 4
15575 3845 4
15576 3966 4
15577 3955 4
15578 3972 4
15579 4051 4
15580 4129 4
15581 4107 4
15582 4066 4
15583 4083 4
15584 4161 4
15585 4227 4
15586 4300 4
15587 4342 4
15588 4391 4
15589 4404 4
15590 4561 4
15591 4690 4
15592 4823 4
15593 4855 4
15594 4934 4
15595 5171 4
15596 5409 4
15597 5642 4
15598 5877 4
15599 5951 4
15600 5755 4
15601 5571 4
15602 5599 4
15603 5606 4
15604 5658 4
15605 5681 4
15606 5723 4
15607 5787 4
15608 5915 4
15609 6036 4
15610 5973 4
15611 5703 4
15612 5479 4
15613 5343 4
15614 5337 4
15615 5337 4
15616 5414 4
15617 5575 4
15618 5800 4
15619 6005 4
15620 6140 4
15621 6115 4
15622 6117 4
15623 6219 4
15624 6388 4
15625 6649 4
15626 6982 4
15627 7329 4
15628 7673 4
15629 7805 4
15630 7737 4
15631 7936 4
15632 8275 4
15633 8301 4
15634 8363 4
15635 8121 4
15636 7865 4
15637 7928 4
15638 8101 4
15639 8398 4
15640 8577 4
15641 8787 4
15642 9227 4
15643 9249 4
15644 8786 4
15645 8346 4
15646 7928 4
15647 7531 4
15648 7154 4
15649 6796 4
15650 6670 4
15651 6544 4
15652 6418 4
15653 6292 4
15654 6165 4
15655 6039 4
15656 5913 4
15657 5787 4
15658 5801 4
15659 5861 4
15660 5974 4
15661 5994 4
15662 6002 4
15663 6104 4
15664 6144 4
15665 6026 4
15666 5760 4
15667 5626 4
15668 5471 4
15669 5197 4
15670 4956 4
15671 4832 4
15672 4682 4
15673 4787 4
15674 5003 4
15675 5254 4
15676 5516 4
15677 5755 4
15678 5829 4
15679 5989 4
15680 6170 4
15681 6116 4
15682 6089 4
15683 5854 4
15684 5835 4
15685 5664 4
15686 5409 4
15687 5255 4
15688 5269 4
15689 5338 4
15690 5421 4
15691 5420 4
15692 5321 4
15693 5266 4
15694 5311 4
15695 5352 4
15696 5438 4
15697 5395 4
15698 5291 4
15699 5320 4
15700 5361 4
15701 5419 4
15702 5519 4
15703 5566 4
15704 5667 4
15705 5746 4
15706 5729 4
15707 5858 4
15708 5973 4
15709 6105 4
15710 6182 4
15711 6177 4
15712 6143 4
15713 6055 4
15714 5878 4
15715 5593 4
15716 5343 4
15717 5238 4
15718 5354 4
15719 5393 4
15720 5277 4
15721 5249 4
15722 5286 4
15723 5321 4
15724 5387 4
15725 5543 4
15726 5669 4
15727 5790 4
15728 5928 4
15729 6116 4
15730 6271 4
15731 6374 4
15732 6526 4
15733 6623 4
15734 6748 4
15735 6904 4
15736 6997 4
15737 6882 4
15738 6659 4
15739 6645 4
15740 6883 4
15741 6988 4
15742 7062 4
15743 7130 4
15744 7088 4
15745 6758 4
15746 6561 4
15747 6648 4
15748 6673 4
15749 6751 4
15750 6809 4
15751 6642 4
15752 6474 4
15753 6267 4
15754 6209 4
15755 6302 4
15756 6512 4
15757 6653 4
15758 6701 4
15759 6584 4
15760 6520 4
15761 6443 4
15762 6465 4
15763 6593 4
15764 6630 4
15765 6739 4
15766 6869 4
15767 6977 4
15768 7095 4
15769 7268 4
15770 7411 4
15771 7471 4
15772 7627 4
15773 7685 4
15774 7639 4
15775 7655 4
15776 7711 4
15777 7758 4
15778 7777 4
15779 7786 4
15780 7785 4
15781 7724 4
15782 7772 4
15783 7668 4
15784 7630 4
15785 7615 4
15786 7700 4
15787 7699 4
15788 7715 4
15789 7760 4
15790 7807 4
15791 7657 4
15792 7638 4
15793 7659 4
15794 7721 4
15795 7809 4
15796 7870 4
15797 7854 4
15798 7864 4
15799 7875 4
15800 7885 4
15801 7895 4
15802 7905 4
15803 7916 4
15804 7926 4
15805 7929 4
15806 7934 4
15807 7973 4
15808 7944 4
15809 7858 4
15810 7643 4
15811 7633 4
15812 7606 4
15813 7583 4
15814 7573 4
15815 7477 4
15816 7324 4
15817 7271 4
15818 7220 4
15819 7208 4
15820 7271 4
15821 7236 4
15822 7148 4
15823 7198 4
15824 7379 4
15825 7503 4
15826 7570 4
15827 7417 4
15828 7340 4
15829 7179 4
15830 7182 4
15831 7320 4
15832 7413 4
15833 7629 4
15834 7702 4
15835 7829 4
15836 7896 4
15837 8081 4
15838 8297 4
15839 8337 4
15840 8523 4
15841 8478 4
15842 8390 4
15843 8349 4
15844 8156 4
15845 7850 4
15846 7671 4
15847 7733 4
15848 7764 4
15849 7812 4
15850 7843 4
15851 7894 4
15852 8058 4
15853 8189 4
15854 8393 4
15855 8561 4
15856 8678 4
15857 8579 4
15858 8468 4
15859 8322 4
15860 8372 4
15861 8116 4
15862 8114 4
15863 8189 4
15864 8139 4
15865 8145 4
15866 8144 4
15867 8172 4
15868 8139 4
15869 7927 4
15870 7729 4
15871 7642 4
15872 7623 4
15873 7791 4
15874 7886 4
15875 7982 4
15876 7907 4
15877 7896 4
15878 7751 4
15879 7459 4
15880 7211 4
15881 7118 4
15882 7081 4
15883 6946 4
15884 6677 4
15885 6579 4
15886 6681 4
15887 6840 4
15888 7056 4
15889 7050 4
15890 7074 4
15891 7090 4
15892 7232 4
15893 7515 4
15894 7791 4
15895 7982 4
15896 8087 4
15897 7987 4
15898 8011 4
15899 8072 4
15900 8030 4
15901 7959 4
15902 7981 4
15903 8051 4
15904 8121 4
15905 8191 4
15906 8261 4
15907 8331 4
15908 8401 4
15909 8135 4
15910 8060 4
15911 7844 4
15912 7751 4
15913 7818 4
15914 7900 4
15915 8065 4
15916 8158 4
15917 8194 4
15918 8101 4
15919 8190 4
15920 8180 4
15921 8243 4
15922 8327 4
15923 8337 4
15924 8372 4
15925 8380 4
15926 8430 4
15927 8437 4
15928 8406 4
15929 8571 4
15930 8620 4
15931 8681 4
15932 8555 4
15933 8565 4
15934 8585 4
15935 8443 4
15936 8526 4
15937 8614 4
15938 8504 4
15939 8147 4
15940 8030 4
15941 7787 4
15942 7874 4
15943 7873 4
15944 7776 4
15945 7843 4
15946 8047 4
15947 8279 4
15948 8201 4
15949 8145 4
15950 8097 4
15951 8088 4
15952 8178 4
15953 8312 4
15954 8467 4
15955 8610 4
15956 8496 4
15957 8400 4
15958 8407 4
15959 8444 4
15960 8674 4
15961 8754 4
15962 8792 4
15963 8693 4
15964 8568 4
15965 8497 4
15966 8325 4
15967 8394 4
15968 8528 4
15969 8558 4
15970 8556 4
15971 8398 4
15972 8308 4
15973 8167 4
15974 8022 4
15975 8024 4
15976 8072 4
15977 8134 4
15978 8200 4
15979 8395 4
15980 8475 4
15981 8550 4
15982 8684 4
15983 8748 4
15984 8511 4
15985 8476 4
15986 8571 4
15987 8666 4
15988 8761 4
15989 8856 4
15990 9349 4
15991 9501 4
15992 9654 4
15993 9806 4
15994 9631 4
15995 9466 4
15996 9054 4
15997 8822 4
15998 8765 4
15999 8876 4
16000 9256 4
16001 9380 4
16002 9464 4
16003 9385 4
16004 9220 4
16005 9205 4
16006 9297 4
16007 9332 4
16008 9448 4
16009 9442 4
16010 9333 4
16011 9246 4
16012 9275 4
16013 9319 4
16014 9449 4
16015 9418 4
16016 9396 4
16017 9467 4
16018 9409 4
16019 9472 4
16020 9449 4
16021 9360 4
16022 9334 4
16023 9358 4
16024 9484 4
16025 9474 4
16026 9445 4
16027 9370 4
16028 9410 4
16029 9438 4
16030 9447 4
16031 9495 4
16032 9490 4
16033 9491 4
16034 9444 4
16035 9507 4
16036 9571 4
16037 9634 4
16038 9697 4
16039 9760 4
16040 9824 4
16041 9887 4
16042 10214 4
16043 10483 4
16044 10508 4
16045 10566 4
16046 10458 4
16047 10194 4
16048 9899 4
16049 9831 4
16050 9945 4
16051 9979 4
16052 10082 4
16053 10200 4
16054 10243 4
16055 10368 4
16056 10454 4
16057 10629 4
16058 10723 4
16059 10829 4
16060 10874 4
16061 10772 4
16062 10665 4
16063 10640 4
16064 10659 4
16065 10578 4
16066 10466 4
16067 10447 4
16068 10692 4
16069 11149 4
16070 11436 4
16071 11346 4
16072 11222 4
16073 10812 4
16074 10281 4
16075 10161 4
16076 10058 4
16077 9940 4
16078 9823 4
16079 9770 4
16080 9686 4
16081 9656 4
16082 9655 4
16083 9744 4
16084 9825 4
16085 9920 4
16086 9881 4
16087 9806 4
16088 9690 4
16089 9654 4
16090 9668 4
16091 9685 4
16092 9608 4
16093 9559 4
16094 9552 4
16095 9517 4
16096 9413 4
16097 9319 4
16098 9385 4
16099 9517 4
16100 9922 4
16101 10419 4
16102 10940 4
16103 11471 4
16104 11622 4
16105 11430 4
16106 11063 4
16107 10772 4
16108 10586 4
16109 10593 4
16110 10765 4
16111 10829 4
16112 10984 4
16113 11100 4
16114 11253 4
16115 11498 4
16116 11571 4
16117 11490 4
16118 11469 4
16119 11479 4
16120 11574 4
16121 11807 4
16122 12154 4
16123 12460 4
16124 13083 4
16125 13523 4
16126 13784 4
16127 13094 4
16128 12439 4
16129 11817 4
16130 11226 4
16131 10664 4
16132 10130 4
16133 9633 4
16134 9385 4
16135 9235 4
16136 9219 4
16137 9297 4
16138 9397 4
16139 9392 4
16140 9139 4
16141 8917 4
16142 8759 4
16143 8812 4
16144 8981 4
16145 9146 4
16146 9485 4
16147 9421 4
16148 9255 4
16149 9176 4
16150 9282 4
16151 9265 4
16152 9190 4
16153 9073 4
16154 9050 4
16155 9078 4
16156 9034 4
16157 8978 4
16158 9009 4
16159 9086 4
16160 9126 4
16161 9118 4
16162 9030 4
16163 9027 4
16164 9048 4
16165 9076 4
16166 9144 4
16167 9146 4
16168 9106 4
16169 9185 4
16170 9273 4
16171 9432 4
16172 9436 4
16173 9257 4
16174 9257 4
16175 9301 4
16176 9440 4
16177 9471 4
16178 9507 4
16179 9396 4
16180 9177 4
16181 9156 4
16182 9209 4
16183 9250 4
16184 9319 4
16185 9327 4
16186 9341 4
16187 9218 4
16188 9134 4
16189 9193 4
16190 9224 4
16191 9191 4
16192 9100 4
16193 8920 4
16194 8710 4
16195 8595 4
16196 8673 4
16197 8826 4
16198 9099 4
16199 9115 4
16200 9078 4
16201 8977 4
16202 8876 4
16203 8774 4
16204 8740 4
16205 8760 4
16206 8682 4
16207 8625 4
16208 8559 4
16209 8444 4
16210 8473 4
16211 8393 4
16212 8311 4
16213 8222 4
16214 8293 4
16215 8423 4
16216 8518 4
16217 8587 4
16218 8602 4
16219 8545 4
16220 8607 4
16221 8652 4
16222 8651 4
16223 8680 4
16224 8818 4
16225 9165 4
16226 9581 4
16227 9885 4
16228 9716 4
16229 9748 4
16230 9898 4
16231 9788 4
16232 9751 4
16233 9901 4
16234 10120 4
16235 10138 4
16236 9988 4
16237 9972 4
16238 9906 4
16239 9868 4
16240 9745 4
16241 9636 4
16242 9618 4
16243 9700 4
16244 9680 4
16245 9549 4
16246 9449 4
16247 9460 4
16248 9532 4
16249 9666 4
16250 9803 4
16251 9795 4
16252 9794 4
16253 9903 4
16254 10148 4
16255 10235 4
16256 10107 4
16257 10056 4
16258 9850 4
16259 9856 4
16260 10018 4
16261 10298 4
16262 10497 4
16263 10571 4
16264 10542 4
16265 10484 4
16266 10031 4
16267 9818 4
16268 9927 4
16269 10184 4
16270 10229 4
16271 10171 4
16272 10086 4
16273 10139 4
16274 10348 4
16275 10780 4
16276 10933 4
16277 10895 4
16278 10772 4
16279 10556 4
16280 10325 4
16281 10282 4
16282 10247 4
16283 10245 4
16284 10134 4
16285 9888 4
16286 9478 4
16287 9204 4
16288 9061 4
16289 9134 4
16290 9249 4
16291 9419 4
16292 9381 4
16293 9194 4
16294 9137 4
16295 9194 4
16296 9462 4
16297 9567 4
16298 9617 4
16299 9522 4
16300 9343 4
16301 8997 4
16302 9093 4
16303 9048 4
16304 9002 4
16305 9046 4
16306 8960 4
16307 8849 4
16308 8870 4
16309 8922 4
16310 9057 4
16311 9157 4
16312 8981 4
16313 8923 4
16314 8906 4
16315 8750 4
16316 8583 4
16317 8242 4
16318 7841 4
16319 7457 4
16320 7217 4
16321 7287 4
16322 7535 4
16323 7744 4
16324 7871 4
16325 8013 4
16326 8414 4
16327 8835 4
16328 9277 4
16329 9554 4
16330 9390 4
16331 9100 4
16332 9036 4
16333 8961 4
16334 8971 4
16335 9050 4
16336 8914 4
16337 8842 4
16338 8793 4
16339 8773 4
16340 8749 4
16341 8918 4
16342 8872 4
16343 8916 4
16344 8915 4
16345 8899 4
16346 8922 4
16347 9015 4
16348 9112 4
16349 9271 4
16350 9324 4
16351 9370 4
16352 9294 4
16353 9252 4
16354 9087 4
16355 9093 4
16356 9198 4
16357 9193 4
16358 9207 4
16359 9329 4
16360 9371 4
16361 9314 4
16362 9194 4
16363 9071 4
16364 9004 4
16365 8991 4
16366 8933 4
16367 9042 4
16368 9047 4
16369 8986 4
16370 8878 4
16371 8870 4
16372 8800 4
16373 8867 4
16374 8967 4
16375 8885 4
16376 9050 4
16377 9077 4
16378 8881 4
16379 8605 4
16380 8559 4
16381 8362 4
16382 8247 4
16383 7988 4
16384 7849 4
16385 7533 4
16386 7562 4
16387 7590 4
16388 7724 4
16389 7845 4
16390 7734 4
16391 7651 4
16392 7371 4
16393 7102 4
16394 7058 4
16395 6826 4
16396 6883 4
16397 6877 4
16398 6912 4
16399 6943 4
16400 7135 4
16401 7266 4
16402 7374 4
16403 7409 4
16404 7204 4
16405 6905 4
16406 6807 4
16407 6868 4
16408 6823 4
16409 6855 4
16410 6943 4
16411 6883 4
16412 6688 4
16413 6578 4
16414 6444 4
16415 6509 4
16416 6589 4
16417 6717 4
16418 6762 4
16419 6722 4
16420 6762 4
16421 6764 4
16422 6809 4
16423 6777 4
16424 6711 4
16425 6602 4
16426 6522 4
16427 6557 4
16428 6695 4
16429 6741 4
16430 6765 4
16431 6624 4
16432 6363 4
16433 6213 4
16434 6292 4
16435 6442 4
16436 6683 4
16437 6741 4
16438 6725 4
16439 6727 4
16440 6730 4
16441 6644 4
16442 6681 4
16443 6635 4
16444 6634 4
16445 6594 4
16446 6461 4
16447 6420 4
16448 6368 4
16449 6398 4
16450 6462 4
16451 6487 4
16452 6766 4
16453 7105 4
16454 7461 4
16455 7689 4
16456 7706 4
16457 7672 4
16458 7576 4
16459 7525 4
16460 7625 4
16461 7765 4
16462 7900 4
16463 7915 4
16464 7991 4
16465 7966 4
16466 7732 4
16467 7577 4
16468 7467 4
16469 7530 4
16470 7648 4
16471 7707 4
16472 7662 4
16473 7601 4
16474 7631 4
16475 7672 4
16476 7621 4
16477 7500 4
16478 7350 4
16479 7240 4
16480 7188 4
16481 7250 4
16482 7323 4
16483 7417 4
16484 7540 4
16485 7493 4
16486 7228 4
16487 7436 4
16488 7808 4
16489 8181 4
16490 7906 4
16491 7576 4
16492 7331 4
16493 7178 4
16494 6895 4
16495 6550 4
16496 6341 4
16497 6311 4
16498 6276 4
16499 6342 4
16500 6203 4
16501 6141 4
16502 6163 4
16503 6204 4
16504 6281 4
16505 6333 4
16506 6372 4
16507 6239 4
16508 6123 4
16509 6108 4
16510 6118 4
16511 6089 4
16512 6009 4
16513 5927 4
16514 5971 4
16515 5987 4
16516 6021 4
16517 6018 4
16518 6075 4
16519 6069 4
16520 6060 4
16521 5983 4
16522 5812 4
16523 5740 4
16524 5694 4
16525 5690 4
16526 5715 4
16527 5744 4
16528 5836 4
16529 5865 4
16530 5791 4
16531 5816 4
16532 5838 4
16533 5831 4
16534 5847 4
16535 5901 4
16536 5906 4
16537 5874 4
16538 5808 4
16539 5850 4
16540 5880 4
16541 5905 4
16542 5913 4
16543 5946 4
16544 5954 4
16545 5966 4
16546 5935 4
16547 5812 4
16548 5848 4
16549 5879 4
16550 5826 4
16551 5878 4
16552 5898 4
16553 5918 4
16554 5875 4
16555 5943 4
16556 5969 4
16557 6056 4
16558 6093 4
16559 6063 4
16560 6044 4
16561 5924 4
16562 5944 4
16563 6008 4
16564 6058 4
16565 6099 4
16566 6178 4
16567 6224 4
16568 6336 4
16569 6415 4
16570 6605 4
16571 6483 4
16572 6314 4
16573 6362 4
16574 6346 4
16575 6244 4
16576 6171 4
16577 6095 4
16578 6078 4
16579 6088 4
16580 6111 4
16581 6173 4
16582 6216 4
16583 6171 4
16584 6096 4
16585 6026 4
16586 6029 4
16587 6030 4
16588 6046 4
16589 6106 4
16590 6175 4
16591 6185 4
16592 6140 4
16593 6077 4
16594 5990 4
16595 5971 4
16596 6003 4
16597 6093 4
16598 6128 4
16599 6149 4
16600 6116 4
16601 6071 4
16602 6042 4
16603 6002 4
16604 6047 4
16605 6091 4
16606 6102 4
16607 6081 4
16608 6107 4
16609 6099 4
16610 6081 4
16611 6083 4
16612 6072 4
16613 6059 4
16614 5984 4
16615 5952 4
16616 5875 4
16617 5849 4
16618 5820 4
16619 5892 4
16620 5924 4
16621 5866 4
16622 5798 4
16623 5837 4
16624 5914 4
16625 5952 4
16626 5987 4
16627 5979 4
16628 5937 4
16629 5935 4
16630 5938 4
16631 5890 4
16632 5874 4
16633 5869 4
16634 5849 4
16635 5863 4
16636 5840 4
16637 5828 4
16638 5793 4
16639 5744 4
16640 5797 4
16641 5888 4
16642 5896 4
16643 5878 4
16644 5909 4
16645 5917 4
16646 5925 4
16647 5960 4
16648 6210 4
16649 6428 4
16650 6627 4
16651 6811 4
16652 6855 4
16653 7013 5
16654 7014 6
16655 6977 6
16656 6855 6
16657 6662 6
16658 6637 6
16659 6762 6
16660 6881 6
16661 6987 6
16662 6913 6
16663 6868 6
16665 6764 6
16666 6750 6
16668 6782 6
16669 6707 6
16670 6611 6
16671 6416 4
16672 6357 5
16673 6431 4
16674 6520 6
16675 6586 6
16676 6639 6
16677 6627 6
16678 6709 7
16679 6797 6
16680 6837 7
16681 6823 7
16682 6794 7
16683 6754 7
16684 6708 7
16685 6733 6
16686 6759 6
16687 6781 6
16688 6781 5.9
16689 6574 5.8
16690 6488 5.7
16691 6360 5.6
16692 6467 5.5
16693 6539 5.4
16694 6598 5.3
16695 6663 5.2
16696 6604 5.1
16697 6437 5
16698 6322 5
16699 6374 6
16700 6453 5
16701 6409 5
16702 6383 5
16703 6239 6
16704 6084 8
16705 6140 7.97087378640777
16706 6071 7.94174757281553
16707 5826 7.9126213592233
16708 5534 7.88349514563107
16709 5412 7.85436893203883
16710 5414 7.8252427184466
16711 5424 7.79611650485437
16712 5339 7.76699029126214
16715 5397 7.67961165048544
16717 5335 7.62135922330097
16719 5305 7.5631067961165
16720 5305 7.53398058252427
16721 5275 7.50485436893204
16722 5301 7.47572815533981
16723 5306 7.44660194174757
16724 5272 7.41747572815534
16725 5300 7.38834951456311
16726 5321 7.35922330097087
16727 5321 7.33009708737864
16728 5245 7.30097087378641
16730 5170 7.24271844660194
16731 5242 7.21359223300971
16732 5316 7.18446601941748
16733 5259 7.15533980582524
16734 5162 7.12621359223301
16735 5140 7.09708737864078
16736 5136 7.06796116504854
16737 5046 7.03883495145631
16738 4973 7.00970873786408
16739 4914 6.98058252427184
16740 4967 6.95145631067961
16741 4967 6.92233009708738
16742 4952 6.89320388349515
16743 4997 6.86407766990291
16744 5029 6.83495145631068
16745 5133 6.80582524271845
16746 5131 6.77669902912621
16747 5060 6.74757281553398
16748 5060 6.71844660194175
16749 5084 6.68932038834951
16750 5010 6.66019417475728
16751 4982 6.63106796116505
16752 4997 6.60194174757282
16753 5007 6.57281553398058
16754 4999 6.54368932038835
16755 4987 6.51456310679612
16756 4973 6.48543689320388
16757 4941 6.45631067961165
16759 4936 6.39805825242718
16760 4906 6.36893203883495
16761 4826 6.33980582524272
16762 4826 6.31067961165049
16763 4771 6.28155339805825
16764 4755 6.25242718446602
16765 4743 6.22330097087379
16766 4680 6.19417475728155
16767 4656 6.16504854368932
16768 4652 6.13592233009709
16769 4716 6.10679611650485
16770 4801 6.07766990291262
16771 4857 6.04854368932039
16772 4886 6.01941747572816
16773 4907 5.99029126213592
16774 4889 5.96116504854369
16775 4856 5.93203883495146
16776 4856 5.90291262135922
16777 4906 5.87378640776699
16778 4984 5.84466019417476
16779 5035 5.81553398058252
16780 5046 5.78640776699029
16781 5096 5.75728155339806
16782 5049 5.72815533980583
16783 4993 5.69902912621359
16784 4975 5.66990291262136
16785 4950 5.64077669902913
16786 5003 5.61165048543689
16787 5028 5.58252427184466
16788 5134 5.55339805825243
16789 5238 5.52427184466019
16790 5330 5.49514563106796
16791 5265 5.46601941747573
16792 5297 5.4368932038835
16793 5365 5.40776699029126
16794 5368 5.37864077669903
16795 5349 5.3495145631068
16796 5344 5.32038834951456
16797 5350 5.29126213592233
16798 5380 5.2621359223301
16799 5321 5.23300970873786
16800 5403 5.20388349514563
16801 5467 5.1747572815534
16802 5471 5.14563106796117
16803 5315 5.11650485436893
16804 5231 5.0873786407767
16805 5262 5.05825242718447
16807 5422 5
16808 5509 5
16809 5563 5
16810 5602 5
16811 5715 5
16812 5793 5
16813 5780 5
16814 5821 5
16815 5664 5
16816 5760 5
16817 5817 5
16818 5842 5
16820 5930 5
16821 5847 5
16822 5774 5
16823 5694 5
16824 5726 5
16825 5669 5
16826 5401 5
16827 5130 5
16828 4903 5
16829 5115 5
16830 5231 5
16831 5379 5
16832 5379 5
16833 5491 5
16834 5724 5
16835 5810 5
16836 5882 5
16837 5942 5
16838 5900 5
16839 5733 5
16840 5738 5
16841 5785 5
16842 5828 5
16843 5921 5
16844 5941 5
16845 5823 5
16847 5885 5
16849 5915 5
16850 5846 5
16851 5875 5
16852 5842 5
16853 5842 5
16854 5650 5
16855 5670 5
16856 5712 6
16857 5594 7
16858 5340 6.92857142857143
16859 5309 6.85714285714286
16860 5237 6.78571428571429
16861 4990 6.71428571428571
16862 4969 6.64285714285714
16863 4866 6.57142857142857
16864 4886 6.5
16865 5006 6.42857142857143
16866 4826 6.35714285714286
16867 4757 6.28571428571429
16869 4535 6.14285714285714
16870 4600 6.07142857142857
16871 4643 6
16872 4645 5.92857142857143
16873 4546 5.85714285714286
16874 4451 5.78571428571429
16875 4461 5.71428571428571
16876 4508 5.64285714285714
16878 4420 5.5
16879 4277 5.42857142857143
16880 4209 5.35714285714286
16881 4134 5.28571428571429
16882 4112 5.21428571428571
16883 4196 5.14285714285714
16884 4319 5.07142857142857
16885 4310 5
16886 4212 5
16887 4201 5
16888 4172 5
16889 4152 6
16890 3979 7
16892 3591 9
16893 3411 9
16894 3280 9
16895 3228 10
16896 3309 9
16897 3391 9
16898 3544 10
16899 3565 9
16900 3577 10
16901 3461 10
16902 3432 9
16903 3514 8
16904 3536 8
16905 3564 8
16906 3497 7
16907 3522 7
16908 3530 7
16909 3518 6
16910 3477 6
16911 3394 6
16912 3350 6
16913 3239 8
16914 3281 7
16915 3320 7
16916 3320 7
16917 3338 7
16918 3304 7
16919 3286 7
16920 3266 6
16921 3245 6
16922 3175 7
16923 3265 7
16924 3348 6
16925 3444 6
16926 3412 6
16927 3373 6
16928 3370 6
16929 3381 6
16930 3375 6
16931 3390 6
16932 3377 6
16933 3358 6
16934 3331 6
16935 3268 6
16937 3272 6
16938 3347 6
16939 3349 6
16940 3455 6
16941 3468 6
16942 3345 6
16943 3303 6
16944 3303 6
16945 3318 6
16946 3419 6
16949 3523 5
16950 3604 5.2
16951 3557 5.4
16952 3500 5.6
16953 3524 5.8
16954 3656 6
16955 3688 6
16956 3780 6
16957 3784 6
16958 3851 6
16959 3932 6
16960 3973 6
16966 4030 6
16968 3865 6
16969 3889 6
16970 3918 6
16971 3908 6
16972 3973 6
16974 3956 6
16975 3903 6
16976 3740 7
16977 3742 6
16978 3786 8
16979 3714 8
16980 3556 7
16981 3399 8
16982 3285 8
16984 3482 9
16985 3556 7
16986 3556 7
16987 3685 7
16988 3712 6
16989 3755 7
16990 3786 6
16991 3791 6
16992 3788 6
16993 3747 6
16994 3706 6
16999 3860 6
17000 3882 6
17001 3957 6
17006 3809 5
17007 3809 6
17014 3943 5
17015 3966 5
17016 4023 6
17017 4061 6
17018 4123 6
17019 4160 6
17020 4123 5
17021 4123 6
17022 4192 5
17023 4213 6
17024 4304 5
17025 4355 4
17026 4381 5
17027 4397 5
17028 4468 5
17029 4529 5
17031 4523 4
17032 4391 4
17033 4386 4
17034 4475 4
17035 4475 5
17036 4530 5
17037 4565 6
17038 4613 7
17039 4688 7
17040 4660 7
17042 4436 7
17044 4338 6
17045 4283 7
17046 4246 6
17047 4165 7
17048 4292 7
17049 4338 6
17050 4327 6
17051 4369 6
17052 4295 6
17053 4293 6
17054 4290 6
17055 4295 6
17056 4251 5
17057 4201 5
17058 4178 6
17059 4161 6
17060 4204 6
17061 4111 6
17062 4103 7
17063 4157 8
17064 4098 10
17069 3808 11
17070 3805 10
17071 3746 8
17072 3584 8
17073 3416 7.66666666666667
17075 3372 7
17076 3218 6.66666666666667
17077 3193 6.33333333333333
17078 3239 6
17079 3319 5.66666666666667
17080 3336 5.33333333333333
17081 3375 5
17083 3279 5
17084 3279 5
17085 3268 5
17086 3300 5
17087 3312 5
17088 3334 5
17089 3378 5
17091 3331 4
17092 3359 5
17093 3388 5
17094 3490 5
17095 3615 5
17096 3600 6
17097 3559 6
17098 3559 6
17099 3584 7
17100 3585 6
17101 3607 7
17102 3558 6
17103 3498 5
17104 3382 5
17105 3329 6
17106 3418 5
17107 3495 5
17108 3555 4
17109 3541 5
17110 3392 4
17111 3415 5
17112 3464 5
17113 3514 4
17114 3603 4.5
17115 3693 5
17117 3625 5
17118 3610 5
17119 3617 5
17123 3617 5
17124 3617 5
17125 3569 4
17126 3462 5
17127 3463 5
17129 3512 5
17130 3505 6
17131 3474 5
17132 3486 7
17133 3420 6
17134 3265 5
17135 3284 6
17136 3384 6
17138 3435 6
17139 3474 5
17140 3533 5
17141 3583 6
17142 3616 5
17143 3555 5
17144 3463 5
17145 3464 5
17146 3416 5
17147 3392 5
