"Index" "Price" "Volume"
14019 6664 14
14020 6689 14
14021 6669 14
14022 6669 14
14023 6612 14
14024 6612 14
14025 6642 14
14026 6642 14
14027 6577 14
14028 6577 14
14029 6345 14
14030 6345 14
14031 6344 14
14032 6401 14
14033 6370 14
14034 6426 14
14035 6459 14
14036 6510 14
14037 6604 14
14038 6727 14
14039 7017 14
14040 7017 14
14041 7092 14
14042 6971 14
14043 6970 14
14044 6802 14
14045 6785 14
14046 6785 14
14047 6702 14
14048 6712 14
14049 6689 14
14050 6711 14
14051 6711 14
14052 6736 14
14053 6743 14
14054 6743 14
14055 6764 14
14056 6835 14
14057 6875 14
14058 6819 14
14059 6739 14
14060 6676 14
14061 6621 14
14062 6485 14
14063 6485 14
14064 6413 14
14065 6418 14
14066 6442 14
14067 6466 14
14068 6494 14
14069 6401 14
14070 6401 14
14071 6287 14
14072 6175 14
14073 6057 14
14074 6167 14
14075 6167 14
14076 6334 14
14077 6396 14
14078 6450 14
14079 6367 14
14080 6394 14
14081 6337 14
14082 6202 14
14083 6167 14
14084 6139 14
14085 6099 14
14086 6099 14
14087 6047 14
14088 6021 14
14089 5994 14
14090 6039 14
14091 6159 14
14092 6159 14
14093 6206 14
14094 6226 14
14095 6056 14
14096 5980 14
14097 5980 14
14098 5963 14
14099 6017 14
14100 6066 14
14101 6087 14
14102 6098 14
14103 6026 14
14104 5913 14
14105 5903 14
14106 5915 14
14107 5930 14
14108 5963 14
14109 6018 14
14110 6021 14
14111 5921 14
14112 5921 14
14113 5881 14
14114 5832 14
14115 5832 14
14116 5883 14
14117 5901 14
14118 5895 14
14119 5848 14
14120 5734 14
14121 5635 14
14122 5649 14
14123 5649 14
14124 5575 14
14125 5452 14
14126 5374 14
14127 5134 14
14128 5134 14
14129 5481 14
14130 5749 14
14131 5749 14
14132 5782 14
14133 5536 14
14134 5354 14
14135 5200 14
14136 5368 14
14137 5395 14
14138 5395 14
14139 5345 14
14140 5185 14
14141 5162 14
14142 5185 14
14143 5185 14
14144 5273 14
14145 5324 14
14146 5267 14
14147 5170 14
14148 5160 14
14149 5181 14
14150 5181 14
14151 5234 14
14152 5272 14
14153 5355 14
14154 5544 14
14155 5719 14
14156 5764 14
14157 5764 14
14158 5485 14
14159 5467 14
14160 5552 14
14161 5552 14
14162 5600 14
14163 5634 14
14164 5556 14
14165 5552 14
14166 5599 14
14167 5638 14
14168 5882 14
14169 5989 14
14170 5874 14
14171 5741 14
14172 5741 14
14173 5630 14
14174 5607 14
14175 5686 14
14176 5686 14
14177 5724 14
14178 5724 14
14179 5753 14
14180 5809 14
14181 5858 14
14182 5915 14
14183 5944 14
14184 5987 14
14185 6158 14
14186 6285 14
14187 6307 14
14188 6307 14
14189 6356 14
14190 6303 14
14191 6175 14
14192 5996 14
14193 5943 14
14194 5971 14
14195 5934 14
14196 5971 14
14197 6048 14
14198 6058 14
14199 5885 14
14200 5816 14
14201 5821 14
14202 5821 14
14203 5835 14
14204 5923 14
14205 5923 14
14206 5962 14
14207 5978 14
14208 6040 14
14209 6040 14
14210 6295 14
14211 6920 14
14212 6920 14
14213 7091 14
14214 7074 14
14215 6920 14
14216 6729 14
14217 6424 14
14218 6228 14
14219 6073 14
14220 5992 14
14221 6076 14
14222 6076 14
14223 6112 14
14224 6012 14
14225 6012 14
14226 6016 14
14227 6105 14
14228 6149 14
14229 6159 14
14230 6068 14
14231 5982 14
14232 6054 14
14233 6054 14
14234 6144 14
14235 6297 14
14236 6411 14
14237 6524 14
14238 6524 14
14239 6620 14
14240 6620 14
14241 6410 14
14242 6339 14
14243 6326 14
14244 6409 14
14245 6409 14
14246 6475 14
14247 6570 14
14248 6656 14
14249 6715 14
14250 6565 14
14251 6470 14
14252 6438 14
14253 6312 14
14254 6296 14
14255 6296 14
14256 6325 14
14257 6392 14
14258 6392 14
14259 6355 14
14260 6250 14
14261 6181 14
14262 6217 14
14263 6217 14
14264 6232 14
14265 6193 14
14266 6193 14
14267 6209 14
14268 6209 14
14269 6144 14
14270 6144 14
14271 6155 14
14272 6181 14
14273 6181 14
14274 6147 14
14275 6205 14
14276 6252 14
14277 6252 14
14278 6272 14
14279 6267 14
14280 6217 14
14281 6217 14
14282 6195 14
14283 6195 14
14284 6202 14
14285 6179 14
14286 6179 14
14287 6167 14
14288 6153 14
14289 6136 14
14290 6154 14
14291 6225 14
14292 6246 14
14293 6246 14
14294 6046 14
14295 6046 14
14296 6129 14
14297 6129 14
14298 6155 14
14299 6151 14
14300 6149 14
14301 6134 14
14302 6123 14
14303 6204 14
14304 6267 14
14305 6312 14
14306 6347 14
14307 6369 14
14308 6369 14
14309 6301 14
14310 6242 14
14311 6204 14
14312 6242 14
14313 6256 14
14314 6256 14
14315 6266 14
14316 6327 14
14317 6327 14
14318 6305 14
14319 6306 14
14320 6302 14
14321 6271 14
14322 6264 14
14323 6262 14
14324 6268 14
14325 6277 14
14326 6285 14
14327 6269 14
14328 6279 14
14329 6278 14
14330 6318 14
14331 6318 14
14332 6324 14
14333 6289 14
14334 6277 14
14335 6276 14
14336 6306 14
14337 6306 14
14338 6376 14
14339 6449 14
14340 6449 14
14341 6419 14
14342 6403 14
14343 6385 14
14344 6417 14
14345 6440 14
14346 6499 14
14347 6486 14
14348 6486 14
14349 6524 14
14350 6531 14
14351 6531 14
14352 6506 14
14353 6576 14
14354 6576 14
14355 6715 14
14356 6834 14
14357 6893 14
14358 6820 14
14359 6619 14
14360 6544 14
14361 6657 14
14362 6898 14
14363 6954 14
14364 6954 14
14365 6977 14
14366 6789 14
14367 6867 14
14368 6867 14
14369 6922 14
14370 6998 14
14371 7274 14
14372 7428 14
14373 7428 14
14374 7334 14
14375 7354 14
14376 7459 14
14377 7596 14
14378 7798 14
14379 7584 14
14380 7584 14
14381 7383 14
14382 7362 14
14383 7397 14
14384 7337 14
14385 7309 14
14386 7366 14
14387 7472 14
14388 7589 14
14389 7794 14
14390 7854 14
14391 7854 14
14392 7583 14
14393 7583 14
14394 7605 14
14395 7789 14
14396 7825 14
14397 7836 14
14398 7836 14
14399 7658 14
14400 7655 14
14401 7655 14
14402 7696 14
14403 7723 14
14404 7732 14
14405 7605 14
14406 7607 14
14407 7714 14
14408 7714 14
14409 7751 14
14410 7693 14
14411 7673 14
14412 7686 14
14413 7630 14
14414 7630 14
14415 7677 14
14416 7914 14
14417 8097 14
14418 8204 14
14419 8636 14
14420 8843 14
14421 8843 14
14422 9192 14
14423 9848 14
14424 9848 14
14425 10000 14
14426 9878 14
14427 9567 14
14428 9389 14
14429 9486 14
14430 9486 14
14431 9555 14
14432 9695 14
14433 9821 14
14434 9821 14
14435 10200 14
14436 10500 14
14437 10500 14
14438 10700 14
14439 10800 14
14440 10700 14
14441 10300 14
14442 9793 14
14443 9356 14
14444 9408 14
14445 9408 14
14446 9558 14
14447 10100 14
14448 10100 14
14449 9964 14
14450 9698 14
14451 9774 14
14452 9832 14
14453 9832 14
14454 9644 14
14455 9644 14
14456 9535 14
14457 9545 14
14458 9656 14
14459 9689 14
14460 9517 14
14461 9338 14
14462 9090 14
14463 8845 14
14464 8920 14
14465 9136 14
14466 9181 14
14467 9036 14
14468 8740 14
14469 8867 14
14470 9050 14
14471 9222 14
14472 9324 14
14473 9324 14
14474 9468 14
14475 9684 14
14476 9684 14
14477 10700 14
14478 10700 14
14479 11200 14
14480 11700 14
14481 12100 14
14482 12100 14
14483 10900 14
14484 10900 14
14485 10400 14
14486 9853 14
14487 9360 14
14488 9309 14
14489 9086 14
14490 9086 14
14491 8877 14
14492 8817 14
14493 8781 14
14494 8872 14
14495 8872 14
14496 8892 14
14497 8882 14
14498 8719 14
14499 8573 14
14500 8482 14
14501 8530 14
14502 8622 14
14503 8678 14
14504 8623 14
14505 8623 14
14506 8583 14
14507 8634 14
14508 8631 14
14509 8722 14
14510 8695 14
14511 8682 14
14512 8810 14
14513 8810 14
14514 8842 14
14515 8869 14
14516 8868 14
14517 8913 14
14518 8913 14
14519 8968 14
14520 8968 14
14521 8998 14
14522 8902 14
14523 8902 14
14524 9037 14
14525 9449 14
14526 9859 14
14527 10300 14
14528 11100 14
14529 11100 14
14530 10100 14
14531 10100 14
14532 9976 14
14533 9506 14
14534 9506 14
14535 9571 14
14536 9598 14
14537 9819 14
14538 9704 14
14539 9704 14
14540 9680 14
14541 9773 14
14542 9848 14
14543 9846 14
14544 9846 14
14545 9468 14
14546 9468 14
14547 9538 14
14548 9968 14
14549 10100 14
14550 10100 14
14551 9938 14
14552 10200 14
14553 10200 14
14554 10200 14
14555 10200 14
14556 10200 14
14557 10300 14
14558 10400 14
14559 10500 14
14560 10500 14
14561 10900 14
14562 11000 14
14563 11000 14
14564 10700 14
14565 10300 14
14566 10400 14
14567 10400 14
14568 10500 14
14569 10700 14
14570 10600 14
14571 10600 14
14572 10600 14
14573 10300 14
14574 10300 14
14575 10300 14
14576 10400 14
14577 10600 14
14578 10900 14
14579 10900 14
14580 10600 14
14581 10500 14
14582 11100 14
14583 11100 14
14584 10700 14
14585 10800 14
14586 10800 14
14587 10900 14
14588 11300 14
14589 11300 14
14590 11300 14
14591 11400 14
14592 11600 14
14593 11500 14
14594 11700 14
14595 11800 14
14596 11800 14
14597 11600 14
14598 11400 14
14599 11700 14
14600 11700 14
14601 11900 14
14602 12100 14
14603 12100 14
14604 11600 14
14605 11600 14
14606 11600 14
14607 11900 14
14608 11900 14
14609 12100 14
14610 12200 14
14611 11800 14
14612 11400 14
14613 10900 14
14614 10900 14
14615 10900 14
14616 11100 14
14617 11200 14
14618 11200 14
14619 10800 14
14620 10800 14
14621 10600 14
14622 10600 14
14623 10800 14
14624 10800 14
14625 11000 14
14626 11100 14
14627 11100 14
14628 10800 14
14629 10800 14
14630 10500 14
14631 10800 14
14632 10800 14
14633 10700 14
14634 10700 14
14635 10800 14
14636 10900 14
14637 10900 14
14638 10800 14
14639 10700 14
14640 10600 14
14641 10600 14
14642 10600 14
14643 10700 14
14644 10700 14
14645 10700 14
14646 10700 14
14647 10800 14
14648 10600 14
14649 10600 14
14650 10800 14
14651 10900 14
14652 10900 14
14653 10900 14
14654 10700 14
14655 10700 14
14656 10700 14
14657 10700 14
14658 10800 14
14659 10800 14
14660 10800 14
14661 10800 14
14662 10900 14
14663 10900 14
14664 10700 14
14665 10500 14
14666 10800 14
14667 10800 14
14668 11300 14
14669 11900 14
14670 12500 14
14671 13100 14
14672 12700 14
14673 12700 14
14674 12100 14
14675 11500 14
14676 11100 14
14677 11600 14
14678 11600 14
14679 11200 14
14680 11100 14
14681 11600 14
14682 11000 14
14683 10800 14
14684 10800 14
14685 10900 14
14686 10800 14
14687 10500 14
14688 10200 14
14689 10200 14
14690 10300 14
14691 10300 14
14692 10300 14
14693 10100 14
14694 10100 14
14695 10100 14
14696 9894 14
14697 9826 14
14698 9880 14
14699 10000 14
14700 10100 14
14701 10200 14
14702 10300 14
14703 10200 14
14704 9988 14
14705 10100 14
14706 10100 14
14707 10200 14
14708 9845 14
14709 9845 14
14710 9669 14
14711 9712 14
14712 9157 14
14713 9157 14
14714 8918 14
14715 8886 14
14716 8886 14
14717 9107 14
14718 9097 14
14719 9097 14
14720 8803 14
14721 8803 14
14722 8541 14
14723 8541 14
14724 8581 14
14725 8701 14
14726 8838 14
14727 8647 14
14728 8647 14
14729 8538 14
14730 8448 14
14731 8419 14
14732 8458 14
14733 8458 14
14734 8352 14
14735 8352 14
14736 8488 14
14737 8488 14
14738 8595 14
14739 8595 14
14740 8479 14
14741 8311 14
14742 8239 14
14743 8289 14
14744 8357 14
14745 8520 14
14746 8753 14
14747 8796 14
14748 8606 14
14749 8606 14
14750 8486 14
14751 8404 14
14752 8389 14
14753 8411 14
14754 8488 14
14755 8674 14
14756 8674 14
14757 8603 14
14758 8450 14
14759 8413 14
14760 8361 14
14761 8361 14
14762 8397 14
14763 8397 14
14764 8414 14
14765 8411 14
14766 8387 14
14767 8288 14
14768 8289 14
14769 8348 14
14770 8457 14
14771 8685 14
14772 8685 14
14773 8824 14
14774 8863 14
14775 8465 14
14776 8320 14
14777 8320 14
14778 8409 14
14779 8409 14
14780 8529 14
14781 8428 14
14782 8337 14
14783 8337 14
14784 8342 14
14785 8342 14
14786 8440 14
14787 8543 14
14788 8621 14
14789 8354 14
14790 8321 14
14791 8321 14
14792 8323 14
14793 8416 14
14794 8469 14
14795 8405 14
14796 8405 14
14797 8415 14
14798 8451 14
14799 8442 14
14800 8442 14
14801 8310 14
14802 8351 14
14803 8467 14
14804 8467 14
14805 8296 14
14806 8296 14
14807 8196 14
14808 8109 14
14809 8007 14
14810 7247 14
14811 7247 14
14812 6830 14
14813 7157 14
14814 7157 14
14815 7371 14
14816 7562 14
14817 7465 14
14818 7185 14
14819 7092 14
14820 7092 14
14821 7168 14
14822 7227 14
14823 7269 14
14824 7269 14
14825 7077 14
14826 6802 14
14827 6755 14
14828 6863 14
14829 6966 14
14830 7069 14
14831 7131 14
14832 7213 14
14833 7213 14
14834 7173 14
14835 7180 14
14836 7100 14
14837 7097 14
14838 7072 14
14839 7072 14
14840 6984 14
14841 6984 14
14842 7251 14
14843 7610 14
14844 7991 14
14845 8391 14
14846 8811 14
14847 9252 14
14848 9593 14
14849 9593 14
14850 9113 14
14851 8233 14
14852 7821 14
14853 7821 14
14854 7471 14
14855 7540 14
14856 7466 14
14857 6879 14
14858 6879 14
14859 6944 14
14860 6944 14
14861 7075 14
14862 7214 14
14863 7085 14
14864 6879 14
14865 6813 14
14866 6682 14
14867 6682 14
14868 6641 14
14869 6575 14
14870 6409 14
14871 6409 14
14872 6282 14
14873 6282 14
14874 6336 14
14875 6336 14
14876 6425 14
14877 6389 14
14878 6329 14
14879 6130 14
14880 5979 14
14881 5979 14
14882 6043 14
14883 6043 14
14884 6135 14
14885 6322 14
14886 6438 14
14887 6351 14
14888 6250 14
14889 6198 14
14890 6008 14
14891 6008 14
14892 6019 14
14893 6117 14
14894 6117 14
14895 6029 14
14896 6041 14
14897 6122 14
14898 6122 14
14899 6074 14
14900 5941 14
14901 5978 14
14902 5978 14
14903 6130 14
14904 6130 14
14905 6235 14
14906 5983 14
14907 5876 14
14908 5876 14
14909 5798 14
14910 5790 14
14911 5943 14
14912 5956 14
14913 5904 14
14914 5904 14
14915 5900 14
14916 5833 14
14917 5825 14
14918 5771 14
14920 5620 14
14921 5619 14
14922 5613 14
14923 5613 14
14924 5550 14
14925 5540 14
14926 5476 14
14927 5403 14
14928 5356 14
14929 5356 14
14930 5198 14
14931 5198 14
14932 5239 14
14933 5373 14
14934 5372 14
14935 5372 14
14936 5340 14
14937 5357 14
14938 5370 14
14939 5426 14
14940 5448 14
14941 5384 14
14942 5384 14
14943 5299 14
14944 5326 14
14945 5313 14
14946 5313 14
14947 5340 14
14948 5387 14
14949 5562 14
14950 5562 14
14951 5330 14
14952 5308 14
14953 5308 14
14954 5359 14
14955 5291 14
14956 5274 14
14957 5262 14
14958 5307 14
14959 5308 14
14960 5228 14
14961 5228 14
14962 5274 14
14963 5274 14
14964 5381 14
14965 5674 14
14966 5826 14
14967 5999 14
14968 5999 14
14969 6275 14
14970 6514 14
14971 6773 14
14972 6738 14
14973 6401 14
14974 6080 14
14975 6080 14
14976 5778 14
14977 5489 14
14979 5929 14
14980 6084 14
14983 5712 14
14984 5427 14
14985 5244 14
14986 5446 14
14987 5491 14
14988 5529 14
14990 5520 14
14991 5413 14
14992 5508 14
14993 5777 14
14995 6145 14
14996 6093 14
14997 5834 14
14998 5692 14
15000 5674 14
15001 5617 14
15002 5625 14
15003 5678 14
15005 5869 14
15007 5525 14
15008 5248 14
15009 4985 14
15010 4894 14
15011 5674 14
15012 4993 14
15013 5188 14
15014 5188 14
15015 5419 14
15018 5476 14
15020 5343 14
15021 5343 14
15022 5233 14
15025 5144 14
15026 5222 14
15027 5291 14
15029 5338 14
15031 5548 14
15032 5826 14
15033 6161 14
15034 6186 14
15035 5742 14
15036 5581 14
15037 5581 14
15038 5508 14
15039 5064 14
15041 5064 14
15042 5107 14
15043 5107 14
15044 5230 15
15045 5109 14
15046 4856 15
15047 4624 15
15048 4463 15
15049 4463 15
15050 4190 15
15051 4190 16
15052 3910 15
15053 4039 17
15054 4039 17
15055 4066 16
15058 3798 16.0326086956522
15059 3950 16.0434782608696
15060 3978 16.054347826087
15061 3835 16.0652173913043
15063 3660 16.0869565217391
15064 3620 16.0978260869565
15066 3573 16.1195652173913
15068 3289 16.1413043478261
15070 2884 16.1630434782609
15072 3068 16.1847826086957
15073 3110 16.195652173913
15076 2884 16.2282608695652
15077 2853 16.2391304347826
15078 2939 16.25
15080 3180 16.2717391304348
15082 3252 16.2934782608696
15084 2950 16.3152173913043
15085 3056 16.3260869565217
15087 3113 16.3478260869565
15088 3159 16.3586956521739
15089 3178 16.3695652173913
15090 3123 16.3804347826087
15091 3121 16.3913043478261
15094 3155 16.4239130434783
15095 3167 16.4347826086957
15096 3217 16.445652173913
15097 3258 16.4565217391304
15098 3248 16.4673913043478
15100 3432 16.4891304347826
15101 3486 16.5
15102 3446 16.5108695652174
15103 3311 16.5217391304348
15104 3120 16.5326086956522
15106 3125 16.554347826087
15107 3212 16.5652173913043
15109 3156 16.5869565217391
15110 2995 16.5978260869565
15112 2974 16.6195652173913
15114 3087 16.6413043478261
15115 3075 16.6521739130435
15116 2992 16.6630434782609
15118 3060 16.6847826086957
15120 3082 16.7065217391304
15121 3140 16.7173913043478
15122 3164 16.7282608695652
15123 3237 16.7391304347826
15124 3235 16.75
15125 3285 16.7608695652174
15126 3521 16.7717391304348
15128 3621 16.7934782608696
15131 3576 16.8260869565217
15132 3553 16.8369565217391
15133 3571 16.8478260869565
15135 3645 16.8695652173913
15136 3604 16.8804347826087
15137 3539 16.8913043478261
15138 3450 16.9021739130435
15139 3404 16.9130434782609
15141 3485 16.9347826086957
15143 3425 16.9565217391304
15144 3363 16.9673913043478
15145 3290 16.9782608695652
15146 3165 16.9891304347826
15148 3227 17.0108695652174
15149 3247 17.0217391304348
15151 3249 17.0434782608696
15152 3196 17.054347826087
15154 3154 17.0760869565217
15155 3070 17.0869565217391
15156 3096 17.0978260869565
15157 3096 17.1086956521739
15158 3146 17.1195652173913
15159 3292 17.1304347826087
15161 3263 17.1521739130435
15163 3207 17.1739130434783
15164 3190 17.1847826086957
15165 3165 17.195652173913
15166 3139 17.2065217391304
15168 3075 17.2282608695652
15169 3027 17.2391304347826
15170 2937 17.25
15172 2880 17.2717391304348
15173 2894 17.2826086956522
15175 2974 17.304347826087
15177 2975 17.3260869565217
15178 2987 17.3369565217391
15179 3057 17.3478260869565
15180 3175 17.3586956521739
15182 3331 17.3804347826087
15183 3630 17.3913043478261
15184 3779 17.4021739130435
15185 3779 17.4130434782609
15186 3870 17.4239130434783
15187 3970 17.4347826086957
15189 3984 17.4565217391304
15190 3987 17.4673913043478
15193 3506 17.5
15194 3359 17.5108695652174
15196 3233 17.5326086956522
15197 3352 17.5434782608696
15198 3443 17.554347826087
15199 3423 17.5652173913043
15200 3265 17.5760869565217
15201 3101 17.5869565217391
15204 3166 17.6195652173913
15205 3189 17.6304347826087
15207 3117 17.6521739130435
15208 3039 17.6630434782609
15210 3001 17.6847826086957
15211 3075 17.695652173913
15212 3226 17.7065217391304
15214 3446 17.7282608695652
15215 3347 17.7391304347826
15216 3191 17.75
15219 3222 17.7826086956522
15220 3368 17.7934782608696
15221 3556 17.804347826087
15222 3493 17.8152173913043
15223 3319 17.8260869565217
15224 3226 17.8369565217391
15226 3230 17.8586956521739
15227 3305 17.8695652173913
15228 3354 17.8804347826087
15229 3281 17.8913043478261
15231 2963 17.9130434782609
15232 2814 17.9239130434783
15233 2673 17.9347826086957
15235 2297 17.9565217391304
15238 2388 17.9891304347826
15239 2388 18
15240 2312 18
15241 2312 19
15242 2196 19
15243 2095 18
15244 2011 18
15245 2011 19
15247 2113 18.9032258064516
15248 2275 18.8548387096774
15249 2275 18.8064516129032
15250 2322 18.758064516129
15252 2425 18.6612903225806
15254 2559 18.5645161290323
15256 2705 18.4677419354839
15257 2759 18.4193548387097
15258 2773 18.3709677419355
15259 2727 18.3225806451613
15261 2725 18.2258064516129
15263 2786 18.1290322580645
15264 2770 18.0806451612903
15266 2893 17.9838709677419
15268 2892 17.8870967741935
15270 2912 17.7903225806452
15271 3050 17.741935483871
15272 3122 17.6935483870968
15274 2863 17.5967741935484
15275 2896 17.5483870967742
15277 3086 17.4516129032258
15280 3306 17.3064516129032
15281 3390 17.258064516129
15282 3547 17.2096774193548
15283 3690 17.1612903225806
15284 4032 17.1129032258065
15285 4184 17.0645161290323
15287 4385 16.9677419354839
15288 4444 16.9193548387097
15290 4271 16.8225806451613
15291 4190 16.7741935483871
15294 4378 16.6290322580645
15295 4825 16.5806451612903
15296 5051 16.5322580645161
15297 5130 16.4838709677419
15299 5250 16.3870967741935
15302 5986 16.241935483871
15303 6143 16.1935483870968
15304 6242 16.1451612903226
15305 6079 16.0967741935484
15307 5908 16
15308 5660 15.9516129032258
15309 5421 15.9032258064516
15310 4892 15.8548387096774
15312 4720 15.758064516129
15313 4938 15.7096774193548
15314 5119 15.6612903225806
15315 5166 15.6129032258065
15316 5372 15.5645161290323
15317 5518 15.5161290322581
15318 5612 15.4677419354839
15319 5587 15.4193548387097
15320 5595 15.3709677419355
15321 5608 15.3225806451613
15322 5655 15.2741935483871
15323 5562 15.2258064516129
15324 5503 15.1774193548387
15325 5342 15.1290322580645
15326 5294 15.0806451612903
15327 5276 15.0322580645161
15328 5249 14.9838709677419
15329 5216 14.9354838709677
15330 5177 14.8870967741935
15331 5067 14.8387096774194
15332 4889 14.7903225806452
15333 4691 14.741935483871
15334 4811 14.6935483870968
15335 4941 14.6451612903226
15336 5095 14.5967741935484
15337 5156 14.5483870967742
15338 5134 14.5
15339 5124 14.4516129032258
15340 5068 14.4032258064516
15341 4929 14.3548387096774
15342 4895 14.3064516129032
15343 4848 14.258064516129
15344 4872 14.2096774193548
15345 5046 14.1612903225806
15346 5226 14.1129032258065
15347 5443 14.0645161290323
15348 5415 14.0161290322581
15349 5235 13.9677419354839
15350 5227 13.9193548387097
15351 5180 13.8709677419355
15352 5090 13.8225806451613
15353 4965 13.7741935483871
15354 4925 13.7258064516129
15355 4930 13.6774193548387
15356 5076 13.6290322580645
15357 5158 13.5806451612903
15358 5147 13.5322580645161
15359 5069 13.4838709677419
15360 4979 13.4354838709677
15361 4853 13.3870967741935
15362 4926 13.3387096774194
15363 4934 13.2903225806452
15364 4997 13.241935483871
15365 4998 13.1935483870968
15366 4984 13.1451612903226
15367 4964 13.0967741935484
15368 4938 13.0483870967742
15369 4918 13
15370 5031 12.9516129032258
15371 5090 12.9032258064516
15372 5089 12.8548387096774
15373 5122 12.8064516129032
15374 5098 12.758064516129
15375 5173 12.7096774193548
15376 5200 12.6612903225806
15377 5217 12.6129032258065
15378 5079 12.5645161290323
15379 5089 12.5161290322581
15380 5023 12.4677419354839
15381 5003 12.4193548387097
15382 4923 12.3709677419355
15383 4882 12.3225806451613
15384 4891 12.2741935483871
15385 4909 12.2258064516129
15386 4839 12.1774193548387
15387 4773 12.1290322580645
15388 4749 12.0806451612903
15389 4900 12.0322580645161
15390 4804 11.9838709677419
15391 4778 11.9354838709677
15392 4765 11.8870967741935
15393 4783 11.8387096774194
15394 4809 11.7903225806452
15395 4808 11.741935483871
15396 4771 11.6935483870968
15397 4738 11.6451612903226
15398 4750 11.5967741935484
15399 4749 11.5483870967742
15400 4794 11.5
15401 4999 11.4516129032258
15402 5014 11.4032258064516
15403 5044 11.3548387096774
15404 4878 11.3064516129032
15405 4693 11.258064516129
15406 4511 11.2096774193548
15407 4570 11.1612903225806
15408 4555 11.1129032258065
15409 4463 11.0645161290323
15410 4317 11.0161290322581
15411 4163 10.9677419354839
15412 4105 10.9193548387097
15413 4199 10.8709677419355
15414 4178 10.8225806451613
15415 4199 10.7741935483871
15416 4171 10.7258064516129
15417 4089 10.6774193548387
15418 3956 10.6290322580645
15419 3764 10.5806451612903
15420 3575 10.5322580645161
15421 3396 10.4838709677419
15422 3268 10.4354838709677
15423 3139 10.3870967741935
15424 3011 10.3387096774194
15425 2882 10.2903225806452
15426 2754 10.241935483871
15427 2800 10.1935483870968
15428 2832 10.1451612903226
15429 2900 10.0967741935484
15430 2901 10.0483870967742
15431 2867 10
15432 2801 11
15433 2760 11
15434 2797 11
15435 2800 11
15436 2785 11
15437 2729 11
15438 2645 11
15439 2555 11
15440 2473 11
15441 2368 11
15442 2293 11
15443 2205 11
15444 2178 11
15445 2187 10
15446 2200 11
15447 2258 11
15448 2306 12
15449 2419 11
15450 2437 11
15451 2346 12
15452 2314 13
15453 2287 13
15454 2242 12
15455 2227 11
15456 2231 11
15457 2202 11
15458 2165 11
15459 2146 11
15460 2126 11
15461 2079 10
15462 2040 11
15463 2007 11
15464 2005 11
15465 1990 11
15466 1984 11
15467 1953 10
15468 1903 10
15469 1867 11
15470 1841 11
15471 1792 11
15472 1758 12
15473 1751 12
15474 1747 12
15475 1741 11
15476 1737 11
15477 1731 11
15478 1724 11
15479 1709 11
15480 1701 11
15481 1693 11
15482 1696 11
15483 1710 11
15484 1764 11
15485 1821 11
15486 1827 11
15487 1841 11
15488 1827 11
15489 1820 11
15490 1804 11
15491 1781 11
15492 1789 11
15493 1804 11
15494 1808 11
15495 1816 11
15496 1813 11
15497 1830 11
15498 1871 11
15499 1952 11
15500 2020 11
15501 1991 11
15502 1951 11
15503 1922 11
15504 1939 11
15505 1959 11
15506 1992 11
15507 2035 11
15508 2016 11
15509 2007 11
15510 2006 11
15511 1962 11
15512 1977 11
15513 1997 11
15514 2007 11
15515 1998 11
15516 2007 11
15517 2039 11
15518 2047 11
15519 2055 11
15520 2063 11
15521 2037 11
15522 1977 11
15523 1883 11
15524 1888 11
15525 1897 11
15526 1925 11
15527 1975 11
15528 2014 11
15529 2013 11
15530 2025 11
15531 2001 11
15532 1975 11
15533 1972 11
15534 1927 11
15535 1897 11
15536 1866 11
15537 1884 11
15538 1939 11
15539 1948 11
15540 1968 11
15541 2019 11
15542 2020 11
15543 2015 11
15544 2002 11
15545 1980 11
15546 1972 11
15547 1962 11
15548 1953 11
15549 1955 11
15550 1921 11
15551 1953 11
15552 1966 11
15553 2018 11
15554 2076 11
15555 2173 11
15556 2237 11
15557 2311 11
15558 2309 11
15559 2269 11
15560 2215 11
15561 2252 11
15562 2327 11
15563 2391 11
15564 2477 11
15565 2523 11
15566 2590 11
15567 2676 11
15568 2689 11
15569 2705 11
15570 2643 11
15571 2590 11
15572 2579 11
15573 2581 11
15574 2589 11
15575 2648 11
15576 2682 11
15577 2707 11
15578 2739 11
15579 2830 11
15580 2845 11
15581 2833 11
15582 2804 11
15583 2729 11
15584 2671 11
15585 2758 11
15586 2890 11
15587 2941 11
15588 3012 11
15589 3103 11
15590 3195 11
15591 3304 11
15592 3300 11
15593 3218 11
15594 3128 11
15595 3248 11
15596 3374 11
15597 3527 11
15598 3696 11
15599 3802 11
15600 3814 11
15601 3766 11
15602 3789 11
15603 3808 11
15604 3871 11
15605 3881 11
15606 3881 11
15607 3854 11
15608 3877 11
15609 3987 11
15610 4008 11
15611 3896 11
15612 3846 11
15613 3745 11
15614 3722 11
15615 3737 11
15616 3740 11
15617 3715 11
15618 3692 11
15619 3729 11
15620 3791 11
15621 3891 11
15622 3942 11
15623 4100 11
15624 4206 11
15625 4354 11
15626 4571 11
15627 4735 11
15628 4568 11
15629 4377 11
15630 4185 11
15631 4229 11
15632 4412 11
15633 4623 11
15634 4740 11
15635 4769 11
15636 4728 11
15637 4598 11
15638 4476 11
15639 4525 11
15640 4673 11
15641 4824 11
15642 4983 11
15643 4738 11
15644 4503 11
15645 4277 11
15646 4063 11
15647 3859 11
15648 3666 11
15649 3547 11
15650 3488 11
15651 3428 11
15652 3369 11
15653 3310 11
15654 3250 11
15655 3191 11
15656 3131 11
15657 3072 11
15658 3047 11
15659 3177 11
15660 3301 11
15661 3382 11
15662 3508 11
15663 3373 11
15664 3365 11
15665 3305 11
15666 3190 11
15667 3064 11
15668 2995 11
15669 2969 11
15670 2910 11
15671 2841 11
15672 2791 11
15673 2661 11
15674 2571 11
15675 2633 11
15676 2714 11
15677 2770 11
15678 2760 11
15679 2634 11
15680 2505 11
15681 2428 11
15682 2319 11
15683 2204 11
15684 2117 11
15685 2048 11
15686 1967 11
15687 1919 11
15688 1959 11
15689 2038 11
15690 2131 11
15691 2146 11
15692 2058 11
15693 2026 11
15694 1971 11
15695 1964 11
15696 2036 11
15697 2103 11
15698 2185 11
15699 2203 11
15700 2147 11
15701 2175 11
15702 2275 11
15703 2303 11
15704 2368 11
15705 2390 11
15706 2358 11
15707 2341 11
15708 2309 11
15709 2288 11
15710 2211 11
15711 2116 11
15712 2153 11
15713 2183 11
15714 2199 11
15715 2232 11
15716 2274 11
15717 2334 11
15718 2336 11
15719 2327 11
15720 2305 11
15721 2239 11
15722 2216 11
15723 2204 11
15724 2219 11
15725 2235 11
15726 2259 11
15727 2246 11
15728 2286 11
15729 2341 11
15730 2371 11
15731 2444 11
15732 2487 11
15733 2523 11
15734 2619 11
15735 2697 11
15736 2757 11
15737 2839 11
15738 2853 11
15739 2903 11
15740 2943 11
15741 2976 11
15742 2981 11
15743 3013 11
15744 2997 11
15745 3045 11
15746 3151 11
15747 3171 11
15748 3157 11
15749 3175 11
15750 3239 11
15751 3194 11
15752 3081 11
15753 2932 11
15754 2853 11
15755 2883 11
15756 2962 11
15757 2958 11
15758 3011 11
15759 3046 11
15760 3099 11
15761 3075 11
15762 3094 11
15763 3081 11
15764 3086 11
15765 3101 11
15766 3161 11
15767 3250 11
15768 3278 11
15769 3171 11
15770 3093 11
15771 3069 11
15772 3020 11
15773 3124 11
15774 3150 11
15775 3151 11
15776 3141 11
15777 3112 11
15778 3070 11
15779 3069 11
15780 3070 11
15781 3004 11
15782 2986 11
15783 3000 11
15784 3025 11
15785 3036 11
15786 3016 11
15787 3000 11
15788 2995 11
15789 3039 11
15790 3045 11
15791 3128 11
15792 3213 11
15793 3294 11
15794 3329 11
15795 3254 11
15796 3147 11
15797 3121 11
15798 3139 11
15799 3157 11
15800 3175 11
15801 3192 11
15802 3210 11
15803 3228 11
15804 3246 11
15805 3278 11
15806 3300 11
15807 3346 11
15808 3279 11
15809 3223 11
15810 3077 11
15811 2947 11
15812 2849 11
15813 2859 11
15814 2897 11
15815 2840 11
15816 2740 11
15817 2767 11
15818 2826 11
15819 2894 11
15820 2984 11
15821 3018 11
15822 3021 11
15823 2969 11
15824 2998 11
15825 3020 11
15826 2978 11
15827 2887 11
15828 2786 11
15829 2726 11
15830 2623 11
15831 2576 11
15832 2522 11
15833 2454 11
15834 2458 11
15835 2520 11
15836 2500 11
15837 2420 11
15838 2429 11
15839 2358 11
15840 2369 11
15841 2368 11
15842 2346 11
15843 2322 11
15844 2248 11
15845 2160 11
15846 2164 11
15847 2154 11
15848 2169 11
15849 2132 11
15850 2130 11
15851 2155 11
15852 2249 11
15853 2329 11
15854 2381 11
15855 2430 11
15856 2394 11
15857 2343 11
15858 2317 11
15859 2257 11
15860 2233 11
15861 2179 11
15862 2173 11
15863 2234 11
15864 2258 11
15865 2275 11
15866 2320 11
15867 2371 11
15868 2406 11
15869 2379 11
15870 2347 11
15871 2314 11
15872 2244 11
15873 2209 11
15874 2187 11
15875 2210 11
15876 2165 11
15877 2087 11
15878 1988 11
15879 1895 11
15880 1800 11
15881 1751 11
15882 1734 11
15883 1673 11
15884 1630 11
15885 1627 11
15886 1675 11
15887 1699 11
15888 1727 11
15889 1753 11
15890 1743 11
15891 1745 11
15892 1778 11
15893 1830 11
15894 1855 11
15895 1831 11
15896 1786 11
15897 1797 11
15898 1855 11
15899 1897 11
15900 1941 11
15901 1967 11
15902 2000 11
15903 2038 11
15904 2075 11
15905 2113 11
15906 2151 11
15907 2188 11
15908 2226 11
15909 2212 11
15910 2168 11
15911 2158 11
15912 2170 11
15913 2199 11
15914 2163 11
15915 2160 11
15916 2196 11
15917 2138 11
15918 2132 11
15919 2073 11
15920 2071 11
15921 2058 11
15922 2021 11
15923 2027 11
15924 2055 11
15925 2063 11
15926 2087 11
15927 2130 11
15928 2143 11
15929 2077 11
15930 2045 11
15931 2031 11
15932 2002 11
15933 1969 11
15934 1985 11
15935 2027 11
15936 2070 11
15937 2068 11
15938 2049 11
15939 1996 11
15940 2012 11
15941 2000 11
15942 1998 11
15943 2018 11
15944 1971 11
15945 1951 11
15946 1913 11
15947 1904 11
15948 1911 11
15949 1897 11
15950 1868 11
15951 1888 11
15952 1895 11
15953 1866 11
15954 1878 11
15955 1890 11
15956 1845 11
15957 1885 11
15958 1913 11
15959 1909 11
15960 1927 11
15961 1916 11
15962 1896 11
15963 1892 11
15964 1897 11
15965 1921 11
15966 1930 11
15967 1941 11
15968 1960 11
15969 1967 11
15970 1935 11
15971 1891 11
15972 1834 11
15973 1827 11
15974 1786 11
15975 1804 11
15976 1837 11
15977 1855 11
15978 1834 11
15979 1826 11
15980 1856 11
15981 1859 11
15982 1874 11
15983 1904 11
15984 1894 11
15985 1900 11
15986 1926 11
15987 1951 11
15988 1977 11
15989 2002 11
15990 2172 11
15991 2194 11
15992 2216 11
15993 2238 11
15994 2227 11
15995 2213 11
15996 2214 11
15997 2182 11
15998 2107 11
15999 2058 11
16000 2079 11
16001 2129 11
16002 2062 11
16003 2039 11
16004 2062 11
16005 2050 11
16006 2014 11
16007 1944 11
16008 1924 11
16009 1908 11
16010 1908 11
16011 1930 11
16012 1947 11
16013 1965 11
16014 1951 11
16015 1925 11
16016 1930 11
16017 1969 11
16018 1942 11
16019 1924 11
16020 1953 11
16021 1969 11
16022 1973 11
16023 1946 11
16024 1961 11
16025 1968 11
16026 1958 11
16027 1932 11
16028 1917 11
16029 1932 11
16030 1945 11
16031 1932 11
16032 1901 11
16033 1853 11
16034 1861 11
16035 1872 11
16036 1882 11
16037 1893 11
16038 1903 11
16039 1914 11
16040 1924 11
16041 1935 11
16042 1957 11
16043 1986 11
16044 1980 11
16045 1952 11
16046 1965 11
16047 1974 11
16048 1996 11
16049 2014 11
16050 1991 11
16051 1996 11
16052 2018 11
16053 2027 11
16054 2009 11
16055 2022 11
16056 2013 11
16057 2008 11
16058 1960 11
16059 1954 11
16060 1965 11
16061 1971 11
16062 1982 11
16063 1986 11
16064 1952 11
16065 1929 11
16066 1941 11
16067 1953 11
16068 1992 11
16069 2014 11
16070 2018 11
16071 2015 11
16072 1997 11
16073 2015 11
16074 2036 11
16075 2059 11
16076 2093 11
16077 2137 11
16078 2171 11
16079 2197 11
16080 2194 11
16081 2176 11
16082 2200 11
16083 2206 11
16084 2249 11
16085 2193 11
16086 2192 11
16087 2146 11
16088 2145 11
16089 2174 11
16090 2177 11
16091 2169 11
16092 2177 11
16093 2245 11
16094 2319 11
16095 2328 11
16096 2360 11
16097 2416 11
16098 2504 11
16099 2519 11
16100 2631 11
16101 2759 11
16102 2897 11
16103 3042 11
16104 3192 11
16105 3351 11
16106 3481 11
16107 3567 11
16108 3548 11
16109 3390 11
16110 3243 11
16111 3315 11
16112 3445 11
16113 3615 11
16114 3745 11
16115 3928 11
16116 4055 11
16117 4090 11
16118 3970 11
16119 4009 11
16120 3903 11
16121 3820 11
16122 3840 11
16123 3836 11
16124 3753 11
16125 3616 11
16126 3435 11
16127 3263 11
16128 3099 11
16129 2944 11
16130 2807 11
16131 2771 11
16132 2651 11
16133 2531 11
16134 2461 11
16135 2524 11
16136 2577 11
16137 2693 11
16138 2772 11
16139 2886 11
16140 3019 11
16141 3156 11
16142 3160 11
16143 3027 11
16144 2923 11
16145 2871 11
16146 2766 11
16147 2633 11
16148 2643 11
16149 2717 11
16150 2746 11
16151 2802 11
16152 2888 11
16153 2893 11
16154 2877 11
16155 2773 11
16156 2645 11
16157 2619 11
16158 2534 11
16159 2523 11
16160 2542 11
16161 2586 11
16162 2637 11
16163 2640 11
16164 2612 11
16165 2593 11
16166 2681 11
16167 2737 11
16168 2850 11
16169 2848 11
16170 2897 11
16171 2975 11
16172 3027 11
16173 3065 11
16174 3052 11
16175 3116 11
16176 3166 11
16177 3097 11
16178 3036 11
16179 2994 11
16180 3013 11
16181 3040 11
16182 3010 11
16183 3056 11
16184 3095 11
16185 3109 11
16186 3049 11
16187 3048 11
16188 3025 11
16189 3031 11
16190 3028 11
16191 2987 11
16192 2967 11
16193 2893 11
16194 2803 11
16195 2683 11
16196 2638 11
16197 2697 11
16198 2824 11
16199 2876 11
16200 2904 11
16201 2877 11
16202 2906 11
16203 2935 11
16204 2948 11
16205 3003 11
16206 2968 11
16207 2886 11
16208 2910 11
16209 2923 11
16210 2944 11
16211 2963 11
16212 2976 11
16213 2990 11
16214 3047 11
16215 3136 11
16216 3071 11
16217 2987 11
16218 2947 11
16219 2936 11
16220 2928 11
16221 2929 11
16222 2933 11
16223 2875 11
16224 2967 11
16225 3040 11
16226 3100 11
16227 3217 11
16228 3285 11
16229 3275 11
16230 3175 11
16231 3169 11
16232 3261 11
16233 3316 11
16234 3371 11
16235 3395 11
16236 3370 11
16237 3397 11
16238 3404 11
16239 3346 11
16240 3313 11
16241 3256 11
16242 3296 11
16243 3334 11
16244 3349 11
16245 3305 11
16246 3311 11
16247 3309 11
16248 3371 11
16249 3348 11
16250 3269 11
16251 3154 11
16252 3107 11
16253 3173 11
16254 3233 11
16255 3286 11
16256 3351 11
16257 3431 11
16258 3413 11
16259 3438 11
16260 3431 11
16261 3392 11
16262 3369 11
16263 3360 11
16264 3387 11
16265 3338 11
16266 3230 11
16267 3085 11
16268 3040 11
16269 3040 11
16270 3092 11
16271 3111 11
16272 3141 11
16273 3235 11
16274 3372 11
16275 3428 11
16276 3534 11
16277 3620 11
16278 3662 11
16279 3686 11
16280 3654 11
16281 3616 11
16282 3523 11
16283 3507 11
16284 3466 11
16285 3328 11
16286 3202 11
16287 3235 11
16288 3215 11
16289 3231 11
16290 3293 11
16291 3363 11
16292 3374 11
16293 3353 11
16294 3395 11
16295 3414 11
16296 3354 11
16297 3328 11
16298 3357 11
16299 3335 11
16300 3273 11
16301 3227 11
16302 3179 11
16303 3127 11
16304 3194 11
16305 3182 11
16306 3128 11
16307 3075 11
16308 3080 11
16309 3041 11
16310 3076 11
16311 3110 11
16312 3112 11
16313 3138 11
16314 3038 11
16315 2887 11
16316 2748 11
16317 2713 11
16318 2696 11
16319 2689 11
16320 2699 11
16321 2666 11
16322 2567 11
16323 2467 11
16324 2409 11
16325 2458 11
16326 2580 11
16327 2709 11
16328 2843 11
16329 2982 11
16330 3045 11
16331 3089 11
16332 3094 11
16333 3010 11
16334 2947 11
16335 2826 11
16336 2830 11
16337 2823 11
16338 2833 11
16339 2878 11
16340 2891 11
16341 2960 11
16342 2896 11
16343 2891 11
16344 2935 11
16345 2977 11
16346 3016 11
16347 3047 11
16348 2940 11
16349 2827 11
16350 2809 11
16351 2893 11
16352 2958 11
16353 2994 11
16354 3086 11
16355 3149 11
16356 3191 11
16357 3243 11
16358 3326 11
16359 3399 11
16360 3395 11
16361 3365 11
16362 3336 11
16363 3203 11
16364 3126 11
16365 3104 11
16366 2978 11
16367 2873 11
16368 2893 11
16369 2992 11
16370 3077 11
16371 3190 11
16372 3282 11
16373 3415 11
16374 3357 11
16375 3352 11
16376 3266 11
16377 3124 11
16378 2983 11
16379 2908 11
16380 2784 11
16381 2687 11
16382 2689 11
16383 2631 11
16384 2598 11
16385 2699 11
16386 2658 11
16387 2624 11
16388 2548 11
16389 2542 11
16390 2453 11
16391 2472 11
16392 2462 11
16393 2479 11
16394 2472 11
16395 2465 11
16396 2465 11
16397 2445 11
16398 2431 11
16399 2397 11
16400 2380 11
16401 2312 11
16402 2305 11
16403 2343 11
16404 2368 11
16405 2458 11
16406 2534 11
16407 2620 11
16408 2660 11
16409 2698 11
16410 2761 11
16411 2723 11
16412 2608 11
16413 2583 11
16414 2549 11
16415 2525 11
16416 2531 11
16417 2588 11
16418 2609 11
16419 2639 11
16420 2689 11
16421 2631 11
16422 2582 11
16423 2584 11
16424 2667 11
16425 2713 11
16426 2765 11
16427 2868 11
16428 2873 11
16429 2831 11
16430 2814 11
16431 2795 11
16432 2791 11
16433 2769 11
16434 2701 11
16435 2752 11
16436 2858 11
16437 2940 11
16438 3013 11
16439 3121 11
16440 3138 11
16441 3190 11
16442 3071 11
16443 3002 11
16444 2894 11
16445 2931 11
16446 2960 11
16447 3097 11
16448 3124 11
16449 3168 11
16450 3275 11
16451 3395 11
16452 3525 11
16453 3700 11
16454 3845 11
16455 3950 11
16456 3974 11
16457 3788 11
16458 3617 11
16459 3442 11
16460 3277 11
16461 3168 11
16462 3237 11
16463 3265 11
16464 3369 11
16465 3465 11
16466 3568 11
16467 3620 11
16468 3548 11
16469 3554 11
16470 3561 11
16471 3549 11
16472 3465 11
16473 3413 11
16474 3385 11
16475 3422 11
16476 3554 11
16477 3546 11
16478 3651 11
16479 3682 11
16480 3579 11
16481 3440 11
16482 3306 11
16483 3270 11
16484 3364 11
16485 3500 11
16486 3571 11
16487 3718 11
16488 3696 11
16489 3677 11
16490 3500 11
16491 3325 11
16492 3158 11
16493 3051 11
16494 3022 11
16495 2979 11
16496 2922 11
16497 2839 11
16498 2733 11
16499 2717 11
16500 2678 11
16501 2681 11
16502 2742 11
16503 2727 11
16504 2679 11
16505 2631 11
16506 2603 11
16507 2534 11
16508 2556 11
16509 2582 11
16510 2611 11
16511 2638 11
16512 2650 11
16513 2609 11
16514 2543 11
16515 2507 11
16516 2471 11
16517 2496 11
16518 2549 11
16519 2544 11
16520 2567 11
16521 2532 11
16522 2456 11
16523 2473 11
16524 2370 11
16525 2330 11
16526 2324 11
16527 2354 11
16528 2363 11
16529 2454 11
16530 2503 11
16531 2487 11
16532 2462 11
16533 2476 11
16534 2461 11
16535 2447 11
16536 2412 11
16537 2394 11
16538 2364 11
16539 2370 11
16540 2340 11
16541 2312 11
16542 2301 11
16543 2354 11
16544 2312 11
16545 2307 11
16546 2309 11
16547 2370 11
16548 2364 11
16549 2332 11
16550 2342 11
16551 2291 11
16552 2299 11
16553 2270 11
16554 2326 11
16555 2399 11
16556 2458 11
16557 2498 11
16558 2512 11
16559 2500 11
16560 2467 11
16561 2393 11
16562 2452 11
16563 2455 11
16564 2487 11
16565 2428 11
16566 2371 11
16567 2354 11
16568 2332 11
16569 2326 11
16570 2325 11
16571 2340 11
16572 2348 11
16573 2349 11
16574 2391 11
16575 2428 11
16576 2389 11
16577 2333 11
16578 2318 11
16579 2293 11
16580 2359 11
16581 2381 11
16582 2395 11
16583 2382 11
16584 2379 11
16585 2355 11
16586 2372 11
16587 2364 11
16588 2317 11
16589 2310 11
16590 2321 11
16591 2329 11
16592 2337 11
16593 2371 11
16594 2322 11
16595 2289 11
16596 2277 11
16597 2275 11
16598 2291 11
16599 2324 11
16600 2360 11
16601 2368 11
16602 2385 11
16603 2410 11
16604 2417 11
16605 2412 11
16606 2424 11
16607 2385 11
16608 2347 11
16609 2309 11
16610 2300 11
16611 2292 11
16612 2333 11
16613 2373 11
16614 2372 11
16615 2329 11
16616 2308 11
16617 2299 11
16618 2289 11
16619 2314 11
16620 2319 11
16621 2252 11
16622 2214 11
16623 2206 11
16624 2227 11
16625 2224 11
16626 2261 11
16627 2256 11
16628 2253 11
16629 2236 11
16630 2277 11
16631 2374 11
16632 2456 11
16633 2579 11
16634 2565 11
16635 2583 11
16636 2524 11
16637 2597 11
16638 2574 11
16639 2532 11
16640 2486 11
16641 2394 11
16642 2424 11
16643 2337 11
16644 2327 11
16645 2389 11
16646 2434 11
16647 2478 11
16648 2538 11
16649 2646 11
16650 2648 11
16651 2658 11
16652 2669 11
16653 2765 11
16654 2866 11
16655 2900 11
16656 2873 11
16657 2796 11
16658 2748 11
16659 2729 11
16660 2706 11
16661 2790 11
16662 2833 11
16663 2800 11
16665 2759 11
16666 2695 11
16668 2659 11
16669 2687 11
16670 2686 11
16671 2646 11
16672 2555 11
16673 2528 11
16674 2557 11
16675 2590 11
16676 2627 11
16677 2664 11
16678 2646 11
16679 2678 11
16680 2720 11
16681 2722 11
16682 2748 11
16683 2692 11
16684 2659 11
16685 2533 11
16686 2479 11
16687 2489 11
16688 2489 11
16689 2540 11
16690 2585 11
16691 2583 11
16692 2560 11
16693 2557 11
16694 2601 11
16695 2563 11
16696 2581 11
16697 2493 11
16698 2376 11
16699 2330 11
16700 2341 11
16701 2364 11
16702 2353 11
16703 2312 11
16704 2318 11
16705 2229 11
16706 2125 11
16707 2030 11
16708 1955 11
16709 2006 11
16710 2053 11
16711 2087 11
16712 2110 11
16715 2055 11
16717 2151 11
16719 2262 11
16720 2262 11
16721 2285 11
16722 2218 11
16723 2208 11
16724 2191 11
16725 2225 11
16726 2227 11
16727 2227 11
16728 2161 11
16730 2141 11
16731 2127 11
16732 2157 11
16733 2128 11
16734 2132 11
16735 2165 11
16736 2192 11
16737 2156 11
16738 2134 11
16739 2051 11
16740 1964 11
16741 1964 11
16742 1989 11
16743 2019 11
16744 2010 11
16745 2037 11
16746 2056 11
16747 2120 11
16748 2120 11
16749 2019 11
16750 1994 11
16751 1985 11
16752 1983 11
16753 2035 11
16754 1996 11
16755 2001 11
16756 2024 11
16757 2088 11
16759 2183 11
16760 2233 11
16761 2229 11
16762 2229 11
16763 2187 11
16764 2192 11
16765 2182 11
16766 2231 11
16767 2252 11
16768 2249 11
16769 2216 11
16770 2114 11
16771 2148 11
16772 2242 11
16773 2348 11
16774 2385 11
16775 2401 11
16776 2401 11
16777 2262 11
16778 2250 11
16779 2197 11
16780 2218 11
16781 2293 11
16782 2317 11
16783 2330 11
16784 2352 11
16785 2344 11
16786 2382 11
16787 2395 11
16788 2396 11
16789 2384 11
16790 2386 11
16791 2368 11
16792 2382 11
16793 2334 11
16794 2262 11
16795 2233 11
16796 2290 11
16797 2361 11
16798 2400 11
16799 2400 11
16800 2444 11
16801 2421 11
16802 2411 11
16803 2396 11
16804 2371 11
16805 2383 11
16807 2536 11
16808 2620 11
16809 2612 11
16810 2569 11
16811 2552 11
16812 2589 11
16813 2602 11
16814 2705 11
16815 2616 11
16816 2629 11
16817 2663 11
16818 2677 11
16820 2728 11
16821 2648 11
16822 2697 11
16823 2697 11
16824 2616 11
16825 2521 11
16826 2485 11
16827 2362 11
16828 2243 11
16829 2206 11
16830 2239 11
16831 2223 11
16832 2223 11
16833 2223 11
16834 2398 11
16835 2514 11
16836 2640 11
16837 2769 11
16838 2880 11
16839 3022 11
16840 3161 11
16841 3141 11
16842 3108 11
16843 3032 11
16844 2945 11
16845 2965 11
16847 3075 11
16849 3237 11
16850 3134 11
16851 2987 11
16852 2973 11
16853 2973 11
16854 2969 11
16855 2920 11
16856 2938 11
16857 3034 11
16858 3043 11
16859 2927 11
16860 2813 11
16861 2672 11
16862 2657 11
16863 2527 11
16864 2477 11
16865 2475 11
16866 2423 11
16867 2411 11
16869 2467 11
16870 2491 11
16871 2497 11
16872 2525 11
16873 2535 11
16874 2474 11
16875 2379 11
16876 2312 11
16878 2238 11
16879 2188 11
16880 2199 11
16881 2175 11
16882 2154 11
16883 2199 11
16884 2211 11
16885 2299 11
16886 2305 11
16887 2286 11
16888 2322 11
16889 2314 11
16890 2317 11
16892 2209 11
16893 2170 11
16894 2192 11
16895 2212 11
16896 2253 11
16897 2328 11
16898 2366 11
16899 2315 11
16900 2347 11
16901 2330 11
16902 2333 11
16903 2373 11
16904 2407 11
16905 2444 11
16906 2501 11
16907 2527 11
16908 2549 11
16909 2492 11
16910 2468 11
16911 2437 11
16912 2412 11
16913 2367 11
16914 2349 11
16915 2395 11
16916 2395 11
16917 2406 11
16918 2401 11
16919 2486 11
16920 2430 11
16921 2437 11
16922 2350 11
16923 2355 11
16924 2412 11
16925 2486 11
16926 2419 11
16927 2435 11
16928 2414 11
16929 2389 11
16930 2353 11
16931 2364 11
16932 2381 11
16933 2416 11
16934 2407 11
16935 2349 11
16937 2402 11
16938 2341 11
16939 2299 11
16940 2292 11
16941 2299 11
16942 2231 11
16943 2226 11
16944 2226 11
16945 2264 11
16946 2303 11
16949 2373 11
16950 2424 11
16951 2417 11
16952 2344 11
16953 2242 11
16954 2239 11
16955 2225 11
16956 2150 11
16957 2142 11
16958 2155 11
16959 2163 11
16960 2237 11
16966 2396 11
16968 2395 11
16969 2334 11
16970 2294 11
16971 2241 11
16972 2248 11
16974 2271 11
16975 2356 11
16976 2471 11
16977 2468 11
16978 2576 11
16979 2703 11
16980 2721 11
16981 2800 11
16982 2782 11
16984 2764 11
16985 2694 11
16986 2694 11
16987 2599 11
16988 2515 11
16989 2503 11
16990 2531 11
16991 2530 11
16992 2522 11
16993 2468 11
16994 2427 11
16999 2837 11
17000 2832 11
17001 2752 11
17006 2611 11
17007 2611 11
17014 2690 11
17015 2696 11
17016 2676 11
17017 2659 11
17018 2656 11
17019 2619 11
17020 2620 11
17021 2620 11
17022 2608 11
17023 2620 11
17024 2638 11
17025 2634 11
17026 2718 11
17027 2741 11
17028 2715 11
17029 2713 11
17031 2625 11
17032 2567 11
17033 2571 11
17034 2599 11
17035 2599 11
17036 2669 11
17037 2682 11
17038 2718 11
17039 2778 11
17040 2660 11
17042 2765 11
17044 2803 11
17045 2717 11
17046 2646 11
17047 2660 11
17048 2733 11
17049 2739 11
17050 2718 11
17051 2717 11
17052 2787 11
17053 2794 11
17054 2762 11
17055 2678 11
17056 2645 11
17057 2677 11
17058 2729 11
17059 2793 11
17060 2926 11
17061 2902 11
17062 2899 11
17063 2825 11
17064 2771 11
17069 2459 11
17070 2393 11
17071 2314 11
17072 2353 11
17073 2330 11
17075 2393 11
17076 2321 11
17077 2332 11
17078 2297 11
17079 2396 11
17080 2413 11
17081 2441 11
17083 2467 11
17084 2467 11
17085 2426 11
17086 2432 11
17087 2410 11
17088 2399 11
17089 2404 11
17091 2415 11
17092 2417 11
17093 2384 11
17094 2440 11
17095 2498 11
17096 2513 11
17097 2501 11
17098 2501 11
17099 2500 11
17100 2493 11
17101 2519 11
17102 2527 11
17103 2474 11
17104 2459 11
17105 2477 11
17106 2432 11
17107 2427 11
17108 2484 11
17109 2507 11
17110 2496 11
17111 2493 11
17112 2567 11
17113 2659 11
17114 2681 11
17115 2721 11
17117 2739 11
17118 2699 11
17119 2726 11
17123 2592 11
17124 2534 11
17125 2557 11
17126 2576 11
17127 2650 11
17129 2617 11
17130 2589 11
17131 2621 11
17132 2571 11
17133 2534 11
17134 2486 11
17135 2449 11
17136 2447 11
17138 2444 11
17139 2422 11
17140 2469 11
17141 2511 11
17142 2556 11
17143 2605 11
17144 2634 11
17145 2658 11
17146 2600 11
17147 2639 11
