"Index" "Price" "Volume"
14019 10 NA
14020 10 NA
14021 10 NA
14022 10 NA
14023 10 NA
14024 10 NA
14025 10 NA
14026 10 NA
14027 10 NA
14028 10 NA
14029 10 NA
14030 10 NA
14031 10 NA
14032 10 NA
14033 10 NA
14034 10 NA
14035 10 NA
14036 10 NA
14037 10 NA
14038 10 NA
14039 11 NA
14040 11 NA
14041 10 NA
14042 10 NA
14043 10 NA
14044 10 NA
14045 10 NA
14046 10 NA
14047 10 NA
14048 10 NA
14049 10 NA
14050 10 NA
14051 10 NA
14052 10 NA
14053 10 NA
14054 10 NA
14055 10 NA
14056 10 NA
14057 10 NA
14058 10 NA
14059 10 NA
14060 10 NA
14061 10 NA
14062 10 NA
14063 10 NA
14064 10 NA
14065 10 NA
14066 10 NA
14067 10 NA
14068 10 NA
14069 10 NA
14070 10 NA
14071 10 NA
14072 10 NA
14073 10 NA
14074 10 NA
14075 10 NA
14076 10 NA
14077 10 NA
14078 10 NA
14079 10 NA
14080 10 NA
14081 10 NA
14082 10 NA
14083 10 NA
14084 10 NA
14085 10 NA
14086 10 NA
14087 10 NA
14088 10 NA
14089 10 NA
14090 10 NA
14091 10 NA
14092 10 NA
14093 10 NA
14094 10 NA
14095 10 NA
14096 10 NA
14097 10 NA
14098 10 NA
14099 10 NA
14100 10 NA
14101 10 NA
14102 10 NA
14103 10 NA
14104 10 NA
14105 10 NA
14106 10 NA
14107 10 NA
14108 10 NA
14109 10 NA
14110 10 NA
14111 10 NA
14112 10 NA
14113 10 NA
14114 10 NA
14115 10 NA
14116 10 NA
14117 10 NA
14118 10 NA
14119 10 NA
14120 10 NA
14121 10 NA
14122 10 NA
14123 10 NA
14124 10 NA
14125 10 NA
14126 10 NA
14127 10 NA
14128 10 NA
14129 10 NA
14130 10 NA
14131 10 NA
14132 10 NA
14133 10 NA
14134 10 NA
14135 10 NA
14136 10 NA
14137 10 NA
14138 10 NA
14139 10 NA
14140 10 NA
14141 10 NA
14142 10 NA
14143 10 NA
14144 10 NA
14145 10 NA
14146 10 NA
14147 10 NA
14148 10 NA
14149 10 NA
14150 10 NA
14151 10 NA
14152 10 NA
14153 10 NA
14154 10 NA
14155 10 NA
14156 10 NA
14157 10 NA
14158 10 NA
14159 10 NA
14160 10 NA
14161 10 NA
14162 10 NA
14163 10 NA
14164 10 NA
14165 10 NA
14166 10 NA
14167 10 NA
14168 11 NA
14169 12 NA
14170 14 NA
14171 15 NA
14172 15 NA
14173 15 NA
14174 15 NA
14175 17 NA
14176 17 NA
14177 18 NA
14178 18 NA
14179 18 NA
14180 18 NA
14181 18 NA
14182 18 NA
14183 18 NA
14184 18 NA
14185 18 NA
14186 18 NA
14187 18 NA
14188 18 NA
14189 18 NA
14190 18 NA
14191 18 NA
14192 18 NA
14193 18 NA
14194 18 NA
14195 18 NA
14196 18 NA
14197 18 NA
14198 18 NA
14199 18 NA
14200 17 NA
14201 17 NA
14202 17 NA
14203 17 NA
14204 17 NA
14205 17 NA
14206 17 NA
14207 17 NA
14208 17 NA
14209 17 NA
14210 17 NA
14211 16 NA
14212 16 NA
14213 16 NA
14214 16 NA
14215 16 NA
14216 16 NA
14217 16 NA
14218 16 NA
14219 16 NA
14220 16 NA
14221 16 NA
14222 16 NA
14223 16 NA
14224 16 NA
14225 16 NA
14226 16 NA
14227 16 NA
14228 16 NA
14229 16 NA
14230 16 NA
14231 16 NA
14232 15 NA
14233 15 NA
14234 14 NA
14235 13 NA
14236 13 NA
14237 13 NA
14238 13 NA
14239 12 NA
14240 12 NA
14241 11 NA
14242 11 NA
14243 11 NA
14244 11 NA
14245 11 NA
14246 11 NA
14247 11 NA
14248 11 NA
14249 11 NA
14250 11 NA
14251 11 NA
14252 11 NA
14253 11 NA
14254 11 NA
14255 11 NA
14256 11 NA
14257 10 NA
14258 10 NA
14259 10 NA
14260 10 NA
14261 11 NA
14262 12 NA
14263 12 NA
14264 12 NA
14265 12 NA
14266 12 NA
14267 11 NA
14268 11 NA
14269 11 NA
14270 11 NA
14271 11 NA
14272 10 NA
14273 10 NA
14274 10 NA
14275 10 NA
14276 10 NA
14277 10 NA
14278 10 NA
14279 10 NA
14280 11 NA
14281 11 NA
14282 11 NA
14283 11 NA
14284 11 NA
14285 10 NA
14286 10 NA
14287 10 NA
14288 10 NA
14289 10 NA
14290 10 NA
14291 10 NA
14292 10 NA
14293 10 NA
14294 10 NA
14295 10 NA
14296 10 NA
14297 10 NA
14298 10 NA
14299 10 NA
14300 10 NA
14301 10 NA
14302 10 NA
14303 10 NA
14304 10 NA
14305 10 NA
14306 10 NA
14307 10 NA
14308 10 NA
14309 10 NA
14310 10 NA
14311 10 NA
14312 10 NA
14313 10 NA
14314 10 NA
14315 10 NA
14316 10 NA
14317 10 NA
14318 10 NA
14319 10 NA
14320 10 NA
14321 11 NA
14322 11 NA
14323 11 NA
14324 11 NA
14325 11 NA
14326 11 NA
14327 11 NA
14328 11 NA
14329 11 NA
14330 11 NA
14331 11 NA
14332 11 NA
14333 10 NA
14334 10 NA
14335 10 NA
14336 10 NA
14337 10 NA
14338 10 NA
14339 10 NA
14340 10 NA
14341 10 NA
14342 10 NA
14343 10 NA
14344 10 NA
14345 10 NA
14346 10 NA
14347 10 NA
14348 10 NA
14349 10 NA
14350 10 NA
14351 10 NA
14352 10 NA
14353 10 NA
14354 10 NA
14355 10 NA
14356 10 NA
14357 10 NA
14358 10 NA
14359 10 NA
14360 10 NA
14361 10 NA
14362 10 NA
14363 10 NA
14364 10 NA
14365 11 NA
14366 12 NA
14367 11 NA
14368 11 NA
14369 11 NA
14370 10 NA
14371 10 NA
14372 11 NA
14373 11 NA
14374 11 NA
14375 11 NA
14376 11 NA
14377 11 NA
14378 11 NA
14379 11 NA
14380 11 NA
14381 11 NA
14382 11 NA
14383 11 NA
14384 11 NA
14385 11 NA
14386 11 NA
14387 11 NA
14388 11 NA
14389 11 NA
14390 11 NA
14391 11 NA
14392 11 NA
14393 11 NA
14394 10 NA
14395 10 NA
14396 10 NA
14397 10 NA
14398 10 NA
14399 10 NA
14400 10 NA
14401 10 NA
14402 10 NA
14403 10 NA
14404 10 NA
14405 10 NA
14406 10 NA
14407 10 NA
14408 10 NA
14409 10 NA
14410 10 NA
14411 10 NA
14412 10 NA
14413 10 NA
14414 10 NA
14415 10 NA
14416 10 NA
14417 10 NA
14418 10 NA
14419 10 NA
14420 10 NA
14421 10 NA
14422 10 NA
14423 10 NA
14424 10 NA
14425 10 NA
14426 10 NA
14428 10 NA
14429 10 NA
14430 10 NA
14431 10 NA
14432 10 NA
14433 10 NA
14434 10 NA
14435 10 NA
14436 10 NA
14437 10 NA
14438 10 NA
14439 10 NA
14440 10 NA
14441 10 NA
14442 10 NA
14443 11 NA
14444 11 NA
14445 11 NA
14446 11 NA
14447 10 NA
14448 10 NA
14449 10 NA
14450 10 NA
14451 10 NA
14452 11 NA
14453 11 NA
14454 11 NA
14455 11 NA
14456 11 NA
14457 10 NA
14458 10 NA
14459 10 NA
14460 10 NA
14461 10 NA
14462 10 NA
14463 10 NA
14464 10 NA
14465 10 NA
14466 10 NA
14467 10 NA
14468 10 NA
14469 10 NA
14470 10 NA
14471 10 NA
14472 10 NA
14473 10 NA
14474 10 NA
14475 10 NA
14476 10 NA
14477 10 NA
14478 10 NA
14479 10 NA
14480 10 NA
14481 10 NA
14482 10 NA
14483 10 NA
14484 10 NA
14485 10 NA
14486 10 NA
14487 10 NA
14488 10 NA
14489 10 NA
14490 10 NA
14491 10 NA
14492 10 NA
14493 10 NA
14494 10 NA
14495 10 NA
14496 10 NA
14497 10 NA
14498 10 NA
14499 10 NA
14500 10 NA
14501 10 NA
14502 10 NA
14503 10 NA
14504 10 NA
14505 10 NA
14506 10 NA
14507 9 NA
14508 9 NA
14509 9 NA
14510 9 NA
14511 9 NA
14512 9 NA
14513 9 NA
14514 9 NA
14515 9 NA
14516 10 NA
14517 10 NA
14518 10 NA
14519 11 NA
14520 11 NA
14521 11 NA
14522 10 NA
14523 10 NA
14524 10 NA
14525 10 NA
14526 10 NA
14527 10 NA
14528 10 NA
14529 10 NA
14530 10 NA
14531 10 NA
14532 10 NA
14533 10 NA
14534 10 NA
14535 10 NA
14536 10 NA
14537 10 NA
14538 10 NA
14539 10 NA
14540 10 NA
14541 10 NA
14542 10 NA
14543 10 NA
14544 10 NA
14545 10 NA
14546 10 NA
14547 10 NA
14548 10 NA
14549 10 NA
14550 10 NA
14551 10 NA
14552 10 NA
14553 10 NA
14554 10 NA
14555 9 NA
14556 9 NA
14557 8 NA
14558 8 NA
14559 8 NA
14560 8 NA
14561 9 NA
14562 9 NA
14563 9 NA
14564 9 NA
14565 9 NA
14566 9 NA
14567 9 NA
14568 9 NA
14569 9 NA
14570 9 NA
14571 9 NA
14572 9 NA
14573 9 NA
14574 9 NA
14575 9 NA
14576 9 NA
14577 9 NA
14578 9 NA
14579 9 NA
14580 9 NA
14581 9 NA
14582 9 NA
14583 9 NA
14584 9 NA
14585 9 NA
14586 9 NA
14587 9 NA
14588 9 NA
14589 9 NA
14590 9 NA
14591 9 NA
14592 9 NA
14593 9 NA
14594 9 NA
14595 9 NA
14596 9 NA
14597 9 NA
14598 9 NA
14599 9 NA
14600 9 NA
14601 9 NA
14602 9 NA
14603 10 NA
14604 10 NA
14605 10 NA
14606 10 NA
14607 10 NA
14608 10 NA
14609 10 NA
14610 10 NA
14611 10 NA
14612 10 NA
14613 10 NA
14614 10 NA
14615 10 NA
14616 10 NA
14617 10 NA
14618 10 NA
14619 10 NA
14620 10 NA
14621 10 NA
14622 10 NA
14623 10 NA
14624 10 NA
14625 10 NA
14626 10 NA
14627 10 NA
14628 9 NA
14629 9 NA
14630 9 NA
14631 9 NA
14632 9 NA
14633 9 NA
14634 9 NA
14635 9 NA
14636 9 NA
14637 9 NA
14638 9 NA
14639 9 NA
14640 9 NA
14641 9 NA
14642 9 NA
14643 10 NA
14644 10 NA
14645 10 NA
14646 10 NA
14647 10 NA
14648 10 NA
14649 10 NA
14650 10 NA
14651 10 NA
14652 10 NA
14653 10 NA
14654 10 NA
14655 10 NA
14656 10 NA
14657 10 NA
14658 10 NA
14659 10 NA
14660 10 NA
14661 10 NA
14662 10 NA
14663 10 NA
14664 10 NA
14665 10 NA
14666 10 NA
14667 10 NA
14668 10 NA
14669 10 NA
14670 10 NA
14671 10 NA
14672 10 NA
14673 10 NA
14674 10 NA
14675 10 NA
14676 10 NA
14677 10 NA
14678 10 NA
14679 10 NA
14680 10 NA
14681 10 NA
14682 10 NA
14683 10 NA
14684 10 NA
14685 10 NA
14686 10 NA
14687 10 NA
14688 11 NA
14689 12 NA
14690 12 NA
14691 12 NA
14692 12 NA
14693 12 NA
14694 12 NA
14695 12 NA
14696 12 NA
14697 12 NA
14698 12 NA
14699 12 NA
14700 12 NA
14701 12 NA
14702 12 NA
14703 13 NA
14704 13 NA
14705 13 NA
14706 13 NA
14707 13 NA
14708 13 NA
14709 13 NA
14710 13 NA
14711 13 NA
14712 14 NA
14713 14 NA
14714 14 NA
14715 14 NA
14716 14 NA
14717 15 NA
14718 16 NA
14719 16 NA
14720 18 NA
14721 18 NA
14722 20 NA
14723 20 NA
14724 21 NA
14725 22 NA
14726 24 NA
14727 26 NA
14728 26 NA
14729 28 NA
14730 30 NA
14731 31 NA
14732 30 NA
14733 30 NA
14734 26 NA
14735 26 NA
14736 22 NA
14737 22 NA
14738 20 NA
14739 20 NA
14740 19 NA
14741 19 NA
14742 20 NA
14743 20 NA
14744 21 NA
14745 20 NA
14746 19 NA
14747 19 NA
14748 19 NA
14749 19 NA
14750 20 NA
14751 21 NA
14752 22 NA
14753 24 NA
14754 26 NA
14755 29 NA
14756 29 NA
14757 28 NA
14758 25 NA
14759 24 NA
14760 22 NA
14761 22 NA
14762 19 NA
14763 19 NA
14764 19 NA
14765 19 NA
14766 19 NA
14767 19 NA
14768 19 NA
14769 19 NA
14770 19 NA
14771 17 NA
14772 17 NA
14773 16 NA
14774 15 NA
14775 14 NA
14776 14 NA
14777 14 NA
14778 14 NA
14779 14 NA
14780 14 NA
14781 14 NA
14782 15 NA
14783 15 NA
14784 15 NA
14785 15 NA
14786 15 NA
14787 15 NA
14788 15 NA
14789 15 NA
14790 15 NA
14791 15 NA
14792 15 NA
14793 15 NA
14794 15 NA
14795 14 NA
14796 14 NA
14797 14 NA
14798 13 NA
14799 13 NA
14800 13 NA
14801 13 NA
14802 13 NA
14803 13 NA
14804 13 NA
14805 14 NA
14806 14 NA
14807 13 NA
14808 12 NA
14809 12 NA
14810 11 NA
14811 11 NA
14812 11 NA
14813 11 NA
14814 11 NA
14815 12 NA
14816 13 NA
14817 14 NA
14818 13 NA
14819 13 NA
14820 13 NA
14821 14 NA
14822 15 NA
14823 15 NA
14824 15 NA
14825 14 NA
14826 14 NA
14827 15 NA
14828 16 NA
14829 17 NA
14830 17 NA
14831 17 NA
14832 15 NA
14833 15 NA
14834 15 NA
14835 15 NA
14836 15 NA
14837 14 NA
14838 14 NA
14839 14 NA
14840 15 NA
14841 15 NA
14842 14 NA
14843 13 NA
14844 13 NA
14845 13 NA
14846 14 NA
14847 15 NA
14848 16 NA
14849 16 NA
14850 16 NA
14851 14 NA
14852 13 NA
14853 13 NA
14854 13 NA
14855 13 NA
14856 13 NA
14857 15 NA
14858 15 NA
14859 16 NA
14860 16 NA
14861 17 NA
14862 18 NA
14863 18 NA
14864 18 NA
14865 19 NA
14866 21 NA
14867 21 NA
14868 22 NA
14869 24 NA
14870 25 NA
14871 25 NA
14872 27 NA
14873 27 NA
14874 27 NA
14875 27 NA
14876 26 NA
14877 24 NA
14878 22 NA
14879 19 NA
14880 18 NA
14881 18 NA
14882 18 NA
14883 18 NA
14884 17 NA
14885 17 NA
14886 17 NA
14887 17 NA
14888 17 NA
14889 17 NA
14890 16 NA
14891 16 NA
14892 16 NA
14893 17 NA
14894 17 NA
14895 18 NA
14896 19 NA
14897 20 NA
14898 20 NA
14899 21 NA
14900 20 NA
14901 18 NA
14902 18 NA
14903 17 NA
14904 17 NA
14905 16 NA
14906 15 NA
14907 14 NA
14908 14 NA
14909 14 NA
14910 14 NA
14911 15 NA
14912 15 NA
14913 16 NA
14914 16 NA
14915 17 NA
14916 17 NA
14917 18 NA
14918 19 NA
14920 20 NA
14921 20 NA
14922 21 NA
14923 21 NA
14924 20 NA
14925 20 NA
14926 20 NA
14927 21 NA
14928 25 NA
14929 25 NA
14930 27 NA
14931 27 NA
14932 27 NA
14933 29 NA
14934 33 NA
14935 33 NA
14936 35 NA
14937 37 NA
14938 38 NA
14939 38 NA
14940 39 NA
14941 43 NA
14942 43 NA
14943 45 NA
14944 49 NA
14945 52 NA
14946 52 NA
14947 54 NA
14948 55 NA
14949 58 NA
14950 58 NA
14951 53 NA
14952 50 NA
14953 50 NA
14954 47 NA
14955 44 NA
14956 43 NA
14957 40 NA
14958 38 NA
14959 37 NA
14960 33 NA
14961 33 NA
14962 29 NA
14963 29 NA
14964 27 NA
14965 27 NA
14966 26 NA
14967 24 NA
14968 24 NA
14969 22 NA
14970 20 NA
14971 19 NA
14972 18 NA
14973 17 NA
14974 17 NA
14975 17 NA
14976 16 NA
14977 15 NA
14979 13 NA
14981 11 NA
14983 10 NA
14984 10 NA
14985 11 NA
14986 10 NA
14987 10 NA
14990 9 NA
14991 8 NA
14993 8 NA
14995 7 NA
14996 7 NA
14997 6 NA
14998 7 NA
15000 8 NA
15005 8 NA
15007 7 NA
15009 7 NA
15011 6 NA
15012 5 NA
15013 5 NA
15018 4 NA
15025 4 NA
15029 4 NA
15031 5 NA
15032 5 NA
15033 6 NA
15036 6 NA
15038 7 NA
15045 7 NA
15052 7 NA
15055 7 NA
15058 8 NA
15060 7 NA
15063 7 NA
15064 8 NA
15071 8 NA
15073 8 NA
15076 7 NA
15080 7 NA
15085 8 NA
15090 8 NA
15091 7 NA
15093 6 NA
15094 6 NA
15095 7 NA
15096 6 NA
15098 6 NA
15100 7 NA
15101 7 NA
15102 8 NA
15103 7 NA
15104 8 NA
15110 8 NA
15114 7 NA
15115 6 NA
15122 6 NA
15123 7 NA
15128 7 NA
15131 6 NA
15138 6 NA
15139 6 NA
15142 7 NA
15143 7 NA
15145 6 NA
15147 5 NA
15150 5 NA
15152 4 NA
15154 5 NA
15156 6 NA
15157 6 NA
15159 5 NA
15161 4 NA
15163 3 NA
15164 4 NA
15165 4 NA
15168 5 NA
15172 5 NA
15175 6 NA
15177 8 NA
15178 9 NA
15179 9 NA
15184 11 NA
15185 10 NA
15186 9 NA
15187 9 NA
15191 8 NA
15193 7 NA
15194 6 NA
15197 6 NA
15199 7 NA
15204 6 NA
15207 7 NA
15214 7 NA
15215 6 NA
15220 5 NA
15221 5 NA
15222 6 NA
15224 5 NA
15226 4 NA
15227 5 NA
15234 5 NA
15241 5 NA
15248 5 NA
15250 5 NA
15252 6 NA
15257 5 NA
15264 5 NA
15271 5 NA
15278 5 NA
15281 5 NA
15282 6 NA
15283 6 NA
15284 5 NA
15289 4 NA
15294 3 NA
15297 3 NA
15302 4 NA
15304 4 NA
15306 5 NA
15313 5 NA
15314 6 NA
15317 6 NA
15318 5 NA
15325 5 NA
15332 5 NA
15336 5 NA
15337 4 NA
15340 4 NA
15341 4 NA
15342 4 NA
15343 5 NA
15344 5 NA
15345 5 NA
15346 5 NA
15347 5 NA
15348 5 NA
15349 5 NA
15350 5 NA
15351 5 NA
15352 5 NA
15353 6 NA
15354 7 NA
15355 8 NA
15356 9 NA
15357 10 NA
15358 10 NA
15359 11 NA
15360 12 NA
15361 13 NA
15362 14 NA
15363 15 NA
15364 15 NA
15365 15 NA
15366 15 NA
15367 14 NA
15368 13 NA
15369 13 NA
15370 14 NA
15371 14 NA
15372 15 NA
15373 15 NA
15374 16 NA
15375 16 NA
15376 16 NA
15377 16 NA
15378 17 NA
15379 18 NA
15380 19 NA
15381 19 NA
15382 20 NA
15383 21 NA
15384 23 NA
15385 23 NA
15386 25 NA
15387 27 NA
15388 29 NA
15389 28 NA
15390 29 NA
15391 30 NA
15392 32 NA
15393 33 NA
15394 34 NA
15395 36 NA
15396 38 NA
15397 40 NA
15398 40 NA
15399 42 NA
15400 44 NA
15401 44 NA
15402 47 NA
15403 48 NA
15404 51 NA
15405 51 NA
15406 53 NA
15407 56 NA
15408 58 NA
15409 59 NA
15410 59 NA
15411 60 NA
15412 63 NA
15413 63 NA
15414 64 NA
15415 64 NA
15416 67 NA
15417 68 NA
15418 71 NA
15419 73 NA
15420 73 NA
15421 76 NA
15422 78 NA
15423 81 NA
15424 83 NA
15425 86 NA
15426 88 NA
15427 88 NA
15428 93 NA
15429 93 NA
15430 93 NA
15431 98 NA
15432 100 NA
15433 104 NA
15434 104 NA
15435 110 NA
15436 116 NA
15437 116 NA
15438 119 NA
15439 121 NA
15440 124 NA
15441 124 NA
15442 123 NA
15443 123 NA
15444 122 NA
15445 117 NA
15446 112 NA
15447 110 NA
15448 111 NA
15449 111 NA
15450 116 NA
15451 121 NA
15452 121 NA
15453 117 NA
15454 117 NA
15455 116 NA
15456 116 NA
15457 117 NA
15458 117 NA
15459 120 NA
15460 118 NA
15461 116 NA
15462 117 NA
15463 117 NA
15464 120 NA
15465 123 NA
15466 123 NA
15467 130 NA
15468 134 NA
15469 136 NA
15470 142 NA
15471 142 NA
15472 147 NA
15473 153 NA
15474 150 NA
15475 145 NA
15476 145 NA
15477 138 NA
15478 133 NA
15479 127 NA
15480 121 NA
15481 119 NA
15482 119 NA
15483 117 NA
15484 115 NA
15485 115 NA
15486 112 NA
15487 107 NA
15488 102 NA
15489 98 NA
15490 94 NA
15491 91 NA
15492 86 NA
15493 82 NA
15494 78 NA
15495 74 NA
15496 70 NA
15497 69 NA
15498 66 NA
15499 64 NA
15500 64 NA
15501 64 NA
15502 60 NA
15503 59 NA
15504 59 NA
15505 57 NA
15506 54 NA
15507 51 NA
15508 48 NA
15509 45 NA
15510 46 NA
15511 46 NA
15512 46 NA
15513 43 NA
15514 40 NA
15515 38 NA
15516 36 NA
15517 34 NA
15518 33 NA
15519 31 NA
15520 30 NA
15521 32 NA
15522 34 NA
15523 35 NA
15524 36 NA
15525 37 NA
15526 37 NA
15527 36 NA
15528 38 NA
15529 40 NA
15530 42 NA
15531 45 NA
15532 48 NA
15533 50 NA
15534 53 NA
15535 55 NA
15536 55 NA
15537 56 NA
15538 56 NA
15539 53 NA
15540 53 NA
15541 50 NA
15542 48 NA
15543 48 NA
15544 46 NA
15545 45 NA
15546 44 NA
15547 42 NA
15548 42 NA
15549 40 NA
15550 41 NA
15551 40 NA
15552 40 NA
15553 40 NA
15554 39 NA
15555 38 NA
15556 36 NA
15557 36 NA
15558 35 NA
15559 35 NA
15560 35 NA
15561 35 NA
15562 35 NA
15563 34 NA
15564 34 NA
15565 34 NA
15566 33 NA
15567 32 NA
15568 32 NA
15569 31 NA
15570 33 NA
15571 35 NA
15572 35 NA
15573 35 NA
15574 36 NA
15575 37 NA
15576 39 NA
15577 39 NA
15578 41 NA
15579 44 NA
15580 47 NA
15581 47 NA
15582 49 NA
15583 49 NA
15584 50 NA
15585 53 NA
15586 53 NA
15587 56 NA
15588 56 NA
15589 59 NA
15590 59 NA
15591 59 NA
15592 59 NA
15593 58 NA
15594 60 NA
15595 60 NA
15596 61 NA
15597 61 NA
15598 60 NA
15599 60 NA
15600 58 NA
15601 56 NA
15602 56 NA
15603 54 NA
15604 54 NA
15605 51 NA
15606 49 NA
15607 49 NA
15608 48 NA
15609 48 NA
15610 49 NA
15611 49 NA
15612 52 NA
15613 52 NA
15614 55 NA
15615 55 NA
15616 57 NA
15617 56 NA
15618 56 NA
15619 58 NA
15620 58 NA
15621 61 NA
15622 65 NA
15623 65 NA
15624 69 NA
15625 69 NA
15626 70 NA
15627 70 NA
15628 71 NA
15629 71 NA
15630 69 NA
15631 67 NA
15632 67 NA
15633 64 NA
15634 61 NA
15635 61 NA
15636 61 NA
15637 58 NA
15638 58 NA
15639 56 NA
15640 56 NA
15641 53 NA
15642 50 NA
15643 50 NA
15644 48 NA
15645 48 NA
15646 48 NA
15647 47 NA
15648 48 NA
15649 47 NA
15650 47 NA
15651 47 NA
15652 47 NA
15653 47 NA
15654 46 NA
15655 46 NA
15656 46 NA
15657 46 NA
15658 46 NA
15659 48 NA
15660 48 NA
15661 51 NA
15662 51 NA
15663 54 NA
15664 57 NA
15665 57 NA
15666 59 NA
15667 59 NA
15668 59 NA
15669 59 NA
15670 59 NA
15671 59 NA
15672 61 NA
15673 61 NA
15674 62 NA
15675 62 NA
15676 61 NA
15677 61 NA
15678 59 NA
15679 59 NA
15680 61 NA
15681 61 NA
15682 61 NA
15683 62 NA
15684 62 NA
15685 65 NA
15686 65 NA
15687 65 NA
15688 65 NA
15689 62 NA
15690 62 NA
15691 62 NA
15692 62 NA
15693 59 NA
15694 59 NA
15695 59 NA
15696 57 NA
15697 57 NA
15698 55 NA
15699 55 NA
15700 52 NA
15701 52 NA
15702 50 NA
15703 47 NA
15704 47 NA
15705 44 NA
15706 44 NA
15707 41 NA
15708 39 NA
15709 39 NA
15710 38 NA
15711 38 NA
15712 36 NA
15713 36 NA
15714 35 NA
15715 35 NA
15716 33 NA
15717 33 NA
15718 31 NA
15719 31 NA
15720 30 NA
15721 30 NA
15722 29 NA
15723 29 NA
15724 28 NA
15725 28 NA
15726 28 NA
15727 28 NA
15728 27 NA
15729 27 NA
15730 28 NA
15731 28 NA
15732 26 NA
15733 26 NA
15734 26 NA
15735 25 NA
15736 25 NA
15737 25 NA
15738 25 NA
15739 25 NA
15740 25 NA
15741 24 NA
15742 24 NA
15743 22 NA
15744 22 NA
15745 21 NA
15746 21 NA
15747 20 NA
15748 20 NA
15749 20 NA
15750 20 NA
15751 20 NA
15752 19 NA
15753 19 NA
15754 19 NA
15755 19 NA
15756 19 NA
15757 19 NA
15758 19 NA
15759 20 NA
15760 20 NA
15761 21 NA
15762 21 NA
15763 21 NA
15764 23 NA
15765 23 NA
15766 25 NA
15767 25 NA
15768 27 NA
15769 27 NA
15770 27 NA
15771 27 NA
15772 27 NA
15773 27 NA
15774 27 NA
15775 27 NA
15776 26 NA
15777 26 NA
15778 24 NA
15779 24 NA
15780 23 NA
15781 23 NA
15782 22 NA
15783 22 NA
15784 20 NA
15785 20 NA
15786 20 NA
15787 20 NA
15788 20 NA
15789 20 NA
15790 20 NA
15791 20 NA
15792 20 NA
15793 20 NA
15794 20 NA
15795 20 NA
15796 20 NA
15797 19 NA
15798 19 NA
15799 19 NA
15800 19 NA
15801 20 NA
15802 20 NA
15803 20 NA
15804 20 NA
15805 19 NA
15806 19 NA
15807 19 NA
15808 19 NA
15809 19 NA
15810 18 NA
15811 18 NA
15812 18 NA
15813 17 NA
15814 17 NA
15815 16 NA
15816 16 NA
15817 15 NA
15818 15 NA
15819 15 NA
15820 14 NA
15821 14 NA
15822 14 NA
15823 15 NA
15824 15 NA
15825 15 NA
15826 15 NA
15827 15 NA
15828 15 NA
15829 15 NA
15830 15 NA
15831 15 NA
15832 15 NA
15833 15 NA
15834 15 NA
15835 15 NA
15836 15 NA
15837 15 NA
15838 15 NA
15839 15 NA
15840 15 NA
15841 15 NA
15842 15 NA
15843 15 NA
15844 15 NA
15845 15 NA
15846 15 NA
15847 15 NA
15848 15 NA
15849 15 NA
15850 15 NA
15851 15 NA
15852 14 NA
15853 14 NA
15854 13 NA
15855 13 NA
15856 13 NA
15857 13 NA
15858 13 NA
15859 13 NA
15860 13 NA
15861 13 NA
15862 14 NA
15863 14 NA
15864 14 NA
15865 14 NA
15866 14 NA
15867 14 NA
15868 13 NA
15869 13 NA
15870 13 NA
15871 13 NA
15872 13 NA
15873 14 NA
15874 14 NA
15875 14 NA
15876 14 NA
15877 14 NA
15878 14 NA
15879 13 NA
15880 13 NA
15881 12 NA
15882 12 NA
15883 12 NA
15884 12 NA
15885 13 NA
15886 13 NA
15887 14 NA
15888 14 NA
15889 14 NA
15890 15 NA
15891 15 NA
15892 14 NA
15893 14 NA
15894 14 NA
15895 14 NA
15896 14 NA
15897 14 NA
15898 14 NA
15899 13 NA
15900 13 NA
15901 12 NA
15902 12 NA
15903 12 NA
15904 12 NA
15905 12 NA
15906 12 NA
15907 12 NA
15908 12 NA
15909 12 NA
15910 11 NA
15911 11 NA
15912 11 NA
15913 11 NA
15914 11 NA
15915 11 NA
15916 12 NA
15917 12 NA
15918 12 NA
15919 12 NA
15920 12 NA
15921 12 NA
15922 12 NA
15923 12 NA
15924 12 NA
15925 12 NA
15926 12 NA
15927 12 NA
15928 12 NA
15929 12 NA
15930 12 NA
15931 12 NA
15932 12 NA
15933 12 NA
15934 12 NA
15935 13 NA
15936 13 NA
15937 13 NA
15938 12 NA
15939 12 NA
15940 12 NA
15941 12 NA
15942 12 NA
15943 12 NA
15944 12 NA
15945 12 NA
15946 12 NA
15947 12 NA
15948 12 NA
15949 12 NA
15950 12 NA
15951 12 NA
15952 12 NA
15953 12 NA
15954 12 NA
15955 12 NA
15956 12 NA
15957 12 NA
15958 11 NA
15959 11 NA
15960 11 NA
15961 11 NA
15962 11 NA
15963 10 NA
15964 10 NA
15965 10 NA
15966 10 NA
15967 10 NA
15968 10 NA
15969 10 NA
15970 9 NA
15971 9 NA
15972 9 NA
15973 9 NA
15974 8 NA
15975 8 NA
15976 8 NA
15977 8 NA
15978 8 NA
15979 8 NA
15980 8 NA
15981 8 NA
15982 8 NA
15983 7 NA
15984 7 NA
15985 7 NA
15986 7 NA
15987 7 NA
15988 7 NA
15989 7 NA
15990 6 NA
15991 6 NA
15992 6 NA
15993 6 NA
15994 6 NA
15995 6 NA
15996 6 NA
15997 6 NA
15998 6 NA
15999 6 NA
16000 6 NA
16001 6 NA
16002 6 NA
16003 6 NA
16004 6 NA
16005 6 NA
16006 6 NA
16007 6 NA
16008 6 NA
16009 6 NA
16010 6 NA
16011 6 NA
16012 6 NA
16013 6 NA
16014 6 NA
16015 6 NA
16016 6 NA
16017 6 NA
16018 6 NA
16019 6 NA
16020 6 NA
16021 6 NA
16022 6 NA
16023 6 NA
16024 6 NA
16025 6 NA
16026 6 NA
16027 6 NA
16028 6 NA
16029 6 NA
16030 6 NA
16031 6 NA
16032 6 NA
16033 5 NA
16034 5 NA
16035 5 NA
16036 5 NA
16037 5 NA
16038 4 NA
16039 4 NA
16040 4 NA
16041 4 NA
16042 4 NA
16043 4 NA
16044 4 NA
16045 4 NA
16046 4 NA
16047 4 NA
16048 4 NA
16049 4 NA
16050 4 NA
16051 4 NA
16052 5 NA
16053 5 NA
16054 5 NA
16055 5 NA
16056 5 NA
16057 5 NA
16058 5 NA
16059 5 NA
16060 6 NA
16061 6 NA
16062 6 NA
16063 5 NA
16064 5 NA
16065 5 NA
16066 5 NA
16067 5 NA
16068 5 NA
16069 5 NA
16070 5 NA
16071 4 NA
16072 4 NA
16073 4 NA
16074 4 NA
16075 4 NA
16076 4 NA
16077 5 NA
16078 5 NA
16079 5 NA
16080 5 NA
16081 5 NA
16082 6 NA
16083 6 NA
16084 6 NA
16085 6 NA
16086 7 NA
16087 7 NA
16088 7 NA
16089 7 NA
16090 7 NA
16091 7 NA
16092 7 NA
16093 7 NA
16094 7 NA
16095 7 NA
16096 8 NA
16097 8 NA
16098 8 NA
16099 8 NA
16100 9 NA
16101 9 NA
16102 9 NA
16103 10 NA
16104 10 NA
16105 10 NA
16106 11 NA
16107 11 NA
16108 11 NA
16109 11 NA
16110 11 NA
16111 11 NA
16112 11 NA
16113 11 NA
16114 12 NA
16115 12 NA
16116 12 NA
16117 12 NA
16118 13 NA
16119 13 NA
16120 13 NA
16121 13 NA
16122 14 NA
16123 14 NA
16124 14 NA
16125 14 NA
16126 14 NA
16127 14 NA
16128 14 NA
16129 14 NA
16130 14 NA
16131 14 NA
16132 14 NA
16133 13 NA
16134 13 NA
16135 13 NA
16136 13 NA
16137 13 NA
16138 13 NA
16139 13 NA
16140 12 NA
16141 12 NA
16142 12 NA
16143 12 NA
16144 11 NA
16145 11 NA
16146 11 NA
16147 11 NA
16148 10 NA
16149 10 NA
16150 10 NA
16151 10 NA
16152 11 NA
16153 11 NA
16154 11 NA
16155 11 NA
16156 11 NA
16157 11 NA
16158 11 NA
16159 11 NA
16160 11 NA
16161 11 NA
16162 11 NA
16163 10 NA
16164 10 NA
16165 10 NA
16166 10 NA
16167 10 NA
16168 10 NA
16169 10 NA
16170 10 NA
16171 10 NA
16172 9 NA
16173 9 NA
16174 9 NA
16175 9 NA
16176 9 NA
16177 9 NA
16178 9 NA
16179 9 NA
16180 10 NA
16181 10 NA
16182 10 NA
16183 10 NA
16184 11 NA
16185 11 NA
16186 11 NA
16187 11 NA
16188 11 NA
16189 11 NA
16190 11 NA
16191 11 NA
16192 10 NA
16193 10 NA
16194 10 NA
16195 10 NA
16196 10 NA
16197 10 NA
16198 10 NA
16199 10 NA
16200 10 NA
16201 10 NA
16202 10 NA
16203 10 NA
16204 10 NA
16205 10 NA
16206 10 NA
16207 10 NA
16208 11 NA
16209 11 NA
16210 11 NA
16211 11 NA
16212 11 NA
16213 11 NA
16214 11 NA
16215 11 NA
16216 11 NA
16217 11 NA
16218 11 NA
16219 11 NA
16220 11 NA
16221 12 NA
16222 12 NA
16223 12 NA
16224 12 NA
16225 12 NA
16226 12 NA
16227 12 NA
16228 12 NA
16229 12 NA
16230 12 NA
16231 12 NA
16232 12 NA
16233 11 NA
16234 11 NA
16235 11 NA
16236 10 NA
16237 10 NA
16238 10 NA
16239 10 NA
16240 11 NA
16241 11 NA
16242 11 NA
16243 11 NA
16244 11 NA
16245 11 NA
16246 11 NA
16247 11 NA
16248 11 NA
16249 11 NA
16250 11 NA
16251 12 NA
16252 12 NA
16253 12 NA
16254 12 NA
16255 13 NA
16256 13 NA
16257 13 NA
16258 13 NA
16259 12 NA
16260 12 NA
16261 12 NA
16262 12 NA
16263 11 NA
16264 11 NA
16265 11 NA
16266 11 NA
16267 11 NA
16268 11 NA
16269 11 NA
16270 11 NA
16271 11 NA
16272 11 NA
16273 11 NA
16274 11 NA
16275 11 NA
16276 11 NA
16277 11 NA
16278 11 NA
16279 11 NA
16280 11 NA
16281 11 NA
16282 11 NA
16283 11 NA
16284 11 NA
16285 11 NA
16286 12 NA
16287 12 NA
16288 12 NA
16289 13 NA
16290 13 NA
16291 13 NA
16292 13 NA
16293 13 NA
16294 13 NA
16295 13 NA
16296 13 NA
16297 13 NA
16298 13 NA
16299 12 NA
16300 12 NA
16301 12 NA
16302 12 NA
16303 12 NA
16304 12 NA
16305 13 NA
16306 13 NA
16307 13 NA
16308 14 NA
16309 14 NA
16310 14 NA
16311 15 NA
16312 15 NA
16313 15 NA
16314 15 NA
16315 15 NA
16316 15 NA
16317 15 NA
16318 15 NA
16319 16 NA
16320 16 NA
16321 16 NA
16322 16 NA
16323 17 NA
16324 17 NA
16325 17 NA
16326 17 NA
16327 17 NA
16328 17 NA
16329 17 NA
16330 17 NA
16331 17 NA
16332 17 NA
16333 17 NA
16334 17 NA
16335 18 NA
16336 18 NA
16337 18 NA
16338 17 NA
16339 17 NA
16340 17 NA
16341 17 NA
16342 17 NA
16343 17 NA
16344 17 NA
16345 17 NA
16346 17 NA
16347 17 NA
16348 17 NA
16349 17 NA
16350 17 NA
16351 17 NA
16352 17 NA
16353 17 NA
16354 16 NA
16355 16 NA
16356 16 NA
16357 15 NA
16358 15 NA
16359 15 NA
16360 15 NA
16361 16 NA
16362 16 NA
16363 16 NA
16364 17 NA
16365 17 NA
16366 17 NA
16367 17 NA
16368 18 NA
16369 18 NA
16370 18 NA
16371 18 NA
16372 19 NA
16373 19 NA
16374 19 NA
16375 19 NA
16376 20 NA
16377 20 NA
16378 20 NA
16379 20 NA
16380 21 NA
16381 21 NA
16382 21 NA
16383 23 NA
16384 23 NA
16385 23 NA
16386 23 NA
16387 23 NA
16388 25 NA
16389 25 NA
16390 25 NA
16391 25 NA
16392 26 NA
16393 26 NA
16394 26 NA
16395 26 NA
16396 25 NA
16397 25 NA
16398 25 NA
16399 25 NA
16400 25 NA
16401 25 NA
16402 25 NA
16403 25 NA
16404 25 NA
16405 25 NA
16406 25 NA
16407 25 NA
16408 25 NA
16409 25 NA
16410 25 NA
16411 24 NA
16412 24 NA
16413 24 NA
16414 24 NA
16415 23 NA
16416 23 NA
16417 23 NA
16418 21 NA
16419 21 NA
16420 21 NA
16421 19 NA
16422 19 NA
16423 19 NA
16424 18 NA
16425 18 NA
16426 17 NA
16427 17 NA
16428 17 NA
16429 18 NA
16430 18 NA
16431 18 NA
16432 18 NA
16433 18 NA
16434 18 NA
16435 18 NA
16436 18 NA
16437 18 NA
16438 18 NA
16439 18 NA
16440 18 NA
16441 18 NA
16442 18 NA
16443 18 NA
16444 18 NA
16445 19 NA
16446 19 NA
16447 19 NA
16448 19 NA
16449 19 NA
16450 19 NA
16451 18 NA
16452 18 NA
16453 18 NA
16454 17 NA
16455 17 NA
16456 17 NA
16457 17 NA
16458 18 NA
16459 18 NA
16460 18 NA
16461 18 NA
16462 18 NA
16463 18 NA
16464 18 NA
16465 17 NA
16466 17 NA
16467 17 NA
16468 16 NA
16469 16 NA
16470 16 NA
16471 16 NA
16472 15 NA
16473 15 NA
16474 15 NA
16475 15 NA
16476 14 NA
16477 14 NA
16478 14 NA
16479 14 NA
16480 13 NA
16481 13 NA
16482 13 NA
16483 12 NA
16484 12 NA
16485 12 NA
16486 11 NA
16487 11 NA
16488 11 NA
16489 11 NA
16490 11 NA
16491 11 NA
16492 11 NA
16493 11 NA
16494 12 NA
16495 12 NA
16496 12 NA
16497 12 NA
16498 11 NA
16499 11 NA
16500 11 NA
16501 11 NA
16502 11 NA
16503 11 NA
16504 11 NA
16505 12 NA
16506 12 NA
16507 12 NA
16508 12 NA
16509 12 NA
16510 12 NA
16511 12 NA
16512 12 NA
16513 12 NA
16514 13 NA
16515 13 NA
16516 13 NA
16517 13 NA
16518 14 NA
16519 14 NA
16520 14 NA
16521 14 NA
16522 14 NA
16523 15 NA
16524 15 NA
16525 15 NA
16526 15 NA
16527 15 NA
16528 15 NA
16529 15 NA
16530 15 NA
16531 15 NA
16532 15 NA
16533 15 NA
16534 15 NA
16535 15 NA
16536 16 NA
16537 16 NA
16538 16 NA
16539 16 NA
16540 16 NA
16541 16 NA
16542 16 NA
16543 16 NA
16544 16 NA
16545 15 NA
16546 15 NA
16547 15 NA
16548 15 NA
16549 15 NA
16550 15 NA
16551 15 NA
16552 15 NA
16553 15 NA
16554 15 NA
16555 15 NA
16556 15 NA
16557 15 NA
16558 15 NA
16559 15 NA
16560 15 NA
16561 15 NA
16562 15 NA
16563 16 NA
16564 16 NA
16565 16 NA
16566 16 NA
16567 16 NA
16568 16 NA
16569 16 NA
16570 16 NA
16571 16 NA
16572 16 NA
16573 16 NA
16574 16 NA
16575 16 NA
16576 16 NA
16577 16 NA
16578 16 NA
16579 16 NA
16580 15 NA
16581 15 NA
16582 15 NA
16583 14 NA
16584 14 NA
16585 14 NA
16586 14 NA
16587 13 NA
16588 13 NA
16589 13 NA
16590 13 NA
16591 12 NA
16592 12 NA
16593 12 NA
16594 12 NA
16595 13 NA
16596 13 NA
16597 13 NA
16598 13 NA
16599 13 NA
16600 13 NA
16601 13 NA
16602 13 NA
16603 13 NA
16604 13 NA
16605 12 NA
16606 12 NA
16607 12 NA
16608 12 NA
16609 11 NA
16610 11 NA
16611 11 NA
16612 11 NA
16613 11 NA
16614 10 NA
16615 10 NA
16616 10 NA
16617 10 NA
16618 9 NA
16619 9 NA
16620 9 NA
16621 9 NA
16622 9 NA
16623 9 NA
16624 9 NA
16625 9 NA
16626 9 NA
16627 9 NA
16628 10 NA
16629 10 NA
16630 10 NA
16631 10 NA
16632 10 NA
16633 10 NA
16634 10 NA
16635 10 NA
16636 10 NA
16637 10 NA
16638 10 NA
16639 10 NA
16640 10 NA
16641 10 NA
16642 10 NA
16643 9 NA
16644 9 NA
16645 9 NA
16646 9 NA
16647 9 NA
16648 8 NA
16649 8 NA
16650 8 NA
16651 8 NA
16652 8 NA
16653 7 NA
16654 7 NA
16655 7 NA
16656 7 NA
16657 7 NA
16658 8 NA
16659 8 NA
16660 8 NA
16661 8 NA
16662 8 NA
16663 8 NA
16665 9 NA
16666 9 NA
16668 9 NA
16669 9 NA
16670 9 NA
16671 9 NA
16672 9 NA
16673 9 NA
16674 9 NA
16675 8 NA
16676 8 NA
16677 8 NA
16678 8 NA
16679 8 NA
16680 8 NA
16681 8 NA
16682 8 NA
16683 8 NA
16684 8 NA
16685 8 NA
16686 7 NA
16687 7 NA
16688 7 NA
16689 7 NA
16690 7 NA
16691 6 NA
16692 6 NA
16693 6 NA
16694 6 NA
16695 6 NA
16696 6 NA
16697 6 NA
16698 6 NA
16699 6 NA
16700 6 NA
16701 5 NA
16702 5 NA
16703 5 NA
16704 5 NA
16705 5 NA
16706 5 NA
16707 5 NA
16708 5 NA
16709 5 NA
16710 5 NA
16711 5 NA
16712 5 NA
16715 4 NA
16717 4 NA
16719 3 NA
16720 3 NA
16721 3 NA
16722 3 NA
16723 3 NA
16724 3 NA
16725 3 NA
16726 3 NA
16727 3 NA
16728 3 NA
16730 4 NA
16731 4 NA
16732 4 NA
16733 4 NA
16734 4 NA
16735 4 NA
16736 5 NA
16737 5 NA
16738 5 NA
16739 5 NA
16740 5 NA
16741 5 NA
16742 6 NA
16743 6 NA
16744 6 NA
16745 6 NA
16746 7 NA
16747 7 NA
16748 7 NA
16749 7 NA
16750 7 NA
16751 7 NA
16752 7 NA
16753 7 NA
16754 7 NA
16755 7 NA
16756 7 NA
16757 6 NA
16759 6 NA
16760 6 NA
16761 6 NA
16762 6 NA
16763 6 NA
16764 6 NA
16765 6 NA
16766 6 NA
16767 6 NA
16768 6 NA
16769 6 NA
16770 6 NA
16771 6 NA
16772 6 NA
16773 6 NA
16774 6 NA
16775 6 NA
16776 6 NA
16777 7 NA
16778 7 NA
16779 7 NA
16780 7 NA
16781 7 NA
16782 6 NA
16783 6 NA
16784 6 NA
16785 6 NA
16786 6 NA
16787 6 NA
16788 6 NA
16789 6 NA
16790 6 NA
16791 6 NA
16792 6 NA
16793 6 NA
16794 6 NA
16795 6 NA
16796 6 NA
16797 7 NA
16798 7 NA
16799 7 NA
16800 7 NA
16801 7 NA
16802 8 NA
16803 8 NA
16804 8 NA
16805 8 NA
16807 8 NA
16808 9 NA
16809 9 NA
16810 9 NA
16811 9 NA
16812 9 NA
16813 9 NA
16814 10 NA
16815 10 NA
16816 10 NA
16817 10 NA
16818 10 NA
16820 10 NA
16821 10 NA
16822 10 NA
16823 10 NA
16824 10 NA
16825 11 NA
16826 11 NA
16827 11 NA
16828 11 NA
16829 10 NA
16830 10 NA
16831 10 NA
16832 10 NA
16833 10 NA
16834 9 NA
16835 9 NA
16836 9 NA
16837 9 NA
16838 9 NA
16839 9 NA
16840 9 NA
16841 8 NA
16842 8 NA
16843 8 NA
16844 8 NA
16845 8 NA
16847 7 NA
16849 7 NA
16850 7 NA
16851 7 NA
16852 7 NA
16853 7 NA
16854 7 NA
16855 7 NA
16856 6 NA
16857 6 NA
16858 6 NA
16859 6 NA
16860 6 NA
16861 6 NA
16862 6 NA
16863 6 NA
16864 6 NA
16865 6 NA
16866 6 NA
16867 6 NA
16869 6 NA
16870 6 NA
16871 6 NA
16872 7 NA
16873 7 NA
16874 7 NA
16875 7 NA
16876 7 NA
16878 8 NA
16879 8 NA
16880 8 NA
16881 8 NA
16884 9 NA
16885 9 NA
16886 9 NA
16887 10 NA
16888 10 NA
16889 10 NA
16890 10 NA
16892 11 NA
16893 11 NA
16894 11 NA
16895 11 NA
16896 11 NA
16897 11 NA
16898 11 NA
16899 11 NA
16900 11 NA
16901 11 NA
16902 11 NA
16903 11 NA
16904 11 NA
16905 11 NA
16906 11 NA
16907 11 NA
16908 11 NA
16909 11 NA
16910 11 NA
16911 11 NA
16912 11 NA
16913 11 NA
16914 11 NA
16915 11 NA
16916 11 NA
16917 11 NA
16918 11 NA
16919 11 NA
16920 11 NA
16921 11 NA
16922 11 NA
16923 11 NA
16924 11 NA
16925 11 NA
16926 11 NA
16927 11 NA
16928 11 NA
16929 11 NA
16930 11 NA
16931 11 NA
16932 11 NA
16933 11 NA
16934 11 NA
16935 11 NA
16937 11 NA
16938 11 NA
16939 11 NA
16940 11 NA
16941 11 NA
16942 11 NA
16943 11 NA
16944 11 NA
16945 11 NA
16946 11 NA
16949 11 NA
16950 11 NA
16951 11 NA
16952 11 NA
16953 11 NA
16954 11 NA
16955 11 NA
16956 11 NA
16957 11 NA
16958 11 NA
16959 11 NA
16960 11 NA
16967 11 NA
16968 11 NA
16969 11 NA
16970 11 NA
16971 11 NA
16972 11 NA
16974 11 NA
16975 11 NA
16976 11 NA
16977 11 NA
16978 11 NA
16979 11 NA
16980 11 NA
16981 11 NA
16982 11 NA
16984 11 NA
16985 11 NA
16986 11 NA
16987 11 NA
16988 11 NA
16989 11 NA
16990 11 NA
16991 11 NA
16992 11 NA
16993 11 NA
16994 11 NA
16999 11 NA
17000 11 NA
17001 11 NA
17006 11 NA
17007 11 NA
17014 11 NA
17015 11 NA
17016 11 NA
17017 11 NA
17018 11 NA
17019 11 NA
17020 11 NA
17021 11 NA
17022 11 NA
17023 11 NA
17024 11 NA
17025 11 NA
17026 11 NA
17027 11 NA
17028 11 NA
17029 11 NA
17031 11 NA
17032 11 NA
17033 11 NA
17034 11 NA
17035 11 NA
17036 11 NA
17037 11 NA
17038 11 NA
17039 10 NA
17040 10 NA
17042 10 NA
17044 10 NA
17045 10 NA
17046 10 NA
17047 9 NA
17048 9 NA
17049 9 NA
17050 9 NA
17051 9 NA
17052 9 NA
17053 9 NA
17054 9 NA
17055 9 NA
17056 9 NA
17057 9 NA
17058 9 NA
17059 9 NA
17060 9 NA
17061 9 NA
17062 9 NA
17063 9 NA
17064 9 NA
17069 9 NA
17070 9 NA
17071 9 NA
17072 10 NA
17073 10 NA
17075 10 NA
17076 10 NA
17077 10 NA
17078 10 NA
17079 10 NA
17080 10 NA
17081 10 NA
17083 10 NA
17084 10 NA
17085 10 NA
17086 10 NA
17087 10 NA
17088 10 NA
17089 10 NA
17092 9 NA
17093 9 NA
17094 9 NA
17095 9 NA
17096 9 NA
17097 9 NA
17098 9 NA
17099 8 NA
17100 8 NA
17101 8 NA
17102 8 NA
17103 8 NA
17104 8 NA
17105 8 NA
17106 9 NA
17107 9 NA
17108 9 NA
17109 9 NA
17110 9 NA
17111 9 NA
17112 9 NA
17113 9 NA
17114 10 NA
17115 10 NA
17117 10 NA
17118 10 NA
17119 10 NA
17123 11 NA
17124 11 NA
17125 11 NA
17126 11 NA
17127 11 NA
17129 11 NA
17130 11 NA
17131 11 NA
17132 11 NA
17133 11 NA
17134 11 NA
17135 12 NA
17136 12 NA
17138 12 NA
17139 12 NA
17140 12 NA
17141 12 NA
17142 13 NA
17143 13 NA
17144 13 NA
17145 13 NA
17146 13 NA
17147 13 NA
17148 13 NA
17149 13 NA
