"Index" "Price" "Volume"
14648 1600000 NA
14649 1700000 NA
14650 1700000 NA
14651 1800000 NA
14653 1800000 NA
14654 1900000 NA
14655 2e+06 NA
14656 2e+06 NA
14657 2100000 NA
14658 2200000 NA
14659 2200000 NA
14660 2200000 NA
14661 2400000 NA
14662 2500000 NA
14663 2500000 NA
14664 2700000 NA
14665 2800000 NA
14666 3e+06 NA
14667 3100000 NA
14668 3100000 NA
14669 3400000 NA
14670 3400000 NA
14671 3600000 NA
14672 3300000 NA
14673 3300000 NA
14674 3200000 NA
14675 3e+06 NA
14676 2900000 NA
14677 2700000 NA
14678 2600000 NA
14679 2300000 NA
14680 2300000 NA
14681 2100000 NA
14682 2e+06 NA
14683 1900000 NA
14684 1900000 NA
14685 1800000 NA
14686 1700000 NA
14687 1800000 NA
14688 1800000 NA
14689 1700000 NA
14690 1600000 NA
14691 1500000 NA
14692 1500000 NA
14693 1400000 NA
14694 1300000 NA
14695 1300000 NA
14696 1200000 NA
14697 1200000 NA
14698 1100000 NA
14699 1100000 NA
14700 1e+06 NA
14701 995000 NA
14702 1e+06 NA
14703 1100000 NA
14704 1100000 NA
14705 961800 NA
14706 961800 NA
14707 913700 NA
14708 824700 NA
14709 824700 NA
14710 783500 NA
14711 744400 NA
14712 698200 NA
14713 698200 NA
14714 663300 NA
14715 599300 NA
14716 599300 NA
14717 546500 NA
14718 547100 NA
14719 547100 NA
14720 602200 NA
14721 602200 NA
14722 659900 NA
14723 659900 NA
14724 687700 NA
14725 657000 NA
14726 624400 NA
14727 587000 NA
14728 587000 NA
14729 557600 NA
14730 529800 NA
14731 503500 NA
14732 501700 NA
14733 501700 NA
14734 551400 NA
14735 551400 NA
14736 552400 NA
14737 552400 NA
14738 504900 NA
14739 504900 NA
14740 481600 NA
14741 461100 NA
14742 439400 NA
14743 420300 NA
14744 418000 NA
14745 418000 NA
14746 397400 NA
14747 385300 NA
14748 423300 NA
14749 423300 NA
14750 444100 NA
14751 450300 NA
14752 430300 NA
14753 412100 NA
14754 395800 NA
14755 388700 NA
14756 388700 NA
14757 404400 NA
14758 426000 NA
14759 416100 NA
14760 395600 NA
14761 378400 NA
14762 361500 NA
14763 361500 NA
14764 349300 NA
14765 333700 NA
14766 336400 NA
14767 347100 NA
14768 328500 NA
14769 328500 NA
14770 313700 NA
14771 284600 NA
14772 284600 NA
14773 293700 NA
14774 293700 NA
14775 323300 NA
14776 339200 NA
14777 339200 NA
14778 372800 NA
14779 372800 NA
14780 410900 NA
14781 431400 NA
14782 452400 NA
14783 452400 NA
14784 498200 NA
14785 498200 NA
14786 523100 NA
14787 549200 NA
14788 576700 NA
14789 634100 NA
14790 665800 NA
14791 665800 NA
14792 698800 NA
14793 733700 NA
14794 770400 NA
14795 848600 NA
14796 848600 NA
14797 890800 NA
14798 976500 NA
14799 1e+06 NA
14800 1e+06 NA
14801 1100000 NA
14802 1e+06 NA
14803 933200 NA
14804 933200 NA
14805 842200 NA
14806 842200 NA
14807 800100 NA
14808 760100 NA
14809 722100 NA
14810 651800 NA
14811 651800 NA
14812 588300 NA
14813 558900 NA
14814 558900 NA
14815 530900 NA
14816 504400 NA
14817 479200 NA
14818 455400 NA
14819 411000 NA
14820 411000 NA
14821 390500 NA
14822 371100 NA
14823 379100 NA
14824 379100 NA
14825 397400 NA
14826 437700 NA
14827 437700 NA
14828 480400 NA
14829 480400 NA
14830 504400 NA
14831 487600 NA
14832 440200 NA
14833 440200 NA
14834 418200 NA
14835 397400 NA
14836 377600 NA
14837 342800 NA
14838 330900 NA
14839 330900 NA
14840 363300 NA
14841 363300 NA
14842 381400 NA
14843 399000 NA
14844 402200 NA
14845 382300 NA
14846 363200 NA
14847 327800 NA
14848 311400 NA
14849 311400 NA
14850 295900 NA
14851 269200 NA
14852 261000 NA
14853 269500 NA
14854 269500 NA
14855 282300 NA
14856 285500 NA
14857 263300 NA
14858 263300 NA
14859 251200 NA
14860 251200 NA
14861 254500 NA
14862 261500 NA
14863 273500 NA
14864 268900 NA
14865 261200 NA
14866 244000 NA
14867 244000 NA
14868 242700 NA
14869 237200 NA
14870 224000 NA
14871 224000 NA
14872 242700 NA
14873 242700 NA
14874 229100 NA
14875 229100 NA
14876 222400 NA
14877 214800 NA
14878 204800 NA
14879 212400 NA
14880 215900 NA
14881 215900 NA
14882 235800 NA
14883 235800 NA
14884 247600 NA
14885 260000 NA
14886 269800 NA
14887 268300 NA
14888 255000 NA
14889 242200 NA
14890 218900 NA
14891 218900 NA
14892 208000 NA
14893 197900 NA
14894 197900 NA
14895 199000 NA
14896 219300 NA
14897 229300 NA
14898 229300 NA
14899 224700 NA
14900 205800 NA
14901 208600 NA
14902 208600 NA
14903 203300 NA
14904 203300 NA
14905 212400 NA
14906 228400 NA
14907 221500 NA
14908 221500 NA
14909 212200 NA
14910 207300 NA
14911 203500 NA
14912 203100 NA
14913 212300 NA
14914 220500 NA
14915 220500 NA
14916 231500 NA
14917 242800 NA
14918 240500 NA
14919 228441 NA
14920 217000 NA
14921 196200 NA
14922 186300 NA
14923 186300 NA
14924 181600 NA
14925 189600 NA
14926 198900 NA
14927 208800 NA
14928 200700 NA
14929 200700 NA
14930 184100 NA
14931 188900 NA
14932 188900 NA
14933 186800 NA
14934 172200 NA
14935 172200 NA
14936 172300 NA
14937 168500 NA
14938 174400 NA
14939 174400 NA
14940 174800 NA
14941 188200 NA
14942 188200 NA
14943 194600 NA
14944 177300 NA
14945 168500 NA
14946 168500 NA
14947 160800 NA
14948 161500 NA
14949 165400 NA
14950 165400 NA
14951 156600 NA
14952 148800 NA
14953 148800 NA
14954 142900 NA
14955 149300 NA
14956 155200 NA
14957 155200 NA
14958 144300 NA
14959 144300 NA
14960 158000 NA
14961 158000 NA
14962 173300 NA
14963 173300 NA
14964 181800 NA
14965 176500 NA
14966 167800 NA
14967 159500 NA
14968 159500 NA
14969 144300 NA
14970 144300 NA
14971 132600 NA
14972 132600 NA
14973 130900 NA
14974 140400 NA
14975 137100 NA
14977 141225 NA
14979 129500 NA
14981 127000 NA
14983 127900 NA
14984 128700 NA
14985 125900 NA
14986 114700 NA
14987 109200 NA
14988 105200 NA
14990 109700 NA
14991 107400 NA
14992 109500 NA
14993 112900 NA
14995 109300 NA
14996 99200 NA
14998 92400 NA
15000 90900 NA
15001 90200 NA
15003 98500 NA
15005 103400 NA
15007 105500 NA
15008 100200 NA
15009 95200 NA
15011 86000 NA
15012 81700 NA
15013 73698 NA
15016 66525 NA
15018 61500 NA
15019 59600 NA
15020 59000 NA
15021 59000 NA
15023 64600 NA
15025 66100 NA
15026 64200 NA
15028 63900 NA
15029 61700 NA
15031 60600 NA
15032 59900 NA
15033 57400 NA
15035 55100 NA
15036 52800 NA
15037 52800 NA
15038 52100 NA
15039 50779 NA
15042 51200 NA
15044 46600 NA
15046 44000 NA
15047 44200 NA
15048 46200 NA
15049 46200 NA
15050 49500 NA
15052 52400 NA
15054 54200 NA
15055 58200 NA
15058 57100 NA
15060 55400 NA
15061 54100 NA
15063 50900 NA
15064 46600 NA
15066 44500 NA
15067 42600 NA
15068 41500 NA
15070 40500 NA
15072 41700 NA
15073 45200 NA
15075 47500 NA
15076 52200 NA
15078 57500 NA
15080 60400 NA
15081 63300 NA
15082 66400 NA
15083 72817 NA
15085 80052 NA
15087 88200 NA
15089 92700 NA
15090 102200 NA
15091 92700 NA
15093 112100 NA
15094 117200 NA
15095 122700 NA
15096 127500 NA
15097 129500 NA
15098 123100 NA
15100 116900 NA
15101 111100 NA
15102 105500 NA
15103 95231 NA
15105 90500 NA
15106 86000 NA
15107 81700 NA
15109 70006 NA
15112 63200 NA
15114 57100 NA
15115 52700 NA
15116 50500 NA
15119 48500 NA
15120 48600 NA
15121 48200 NA
15122 47600 NA
15123 48100 NA
15124 49100 NA
15125 49200 NA
15126 48300 NA
15128 47600 NA
15130 44000 NA
15131 42500 NA
15132 40700 NA
15133 39600 NA
15135 40200 NA
15136 42200 NA
15137 46500 NA
15140 51300 NA
15142 56000 NA
15143 57900 NA
15144 60800 NA
15145 63700 NA
15147 73700 NA
15149 77200 NA
15150 80400 NA
15151 84200 NA
15152 87800 NA
15154 85300 NA
15156 77000 NA
15157 73100 NA
15158 66300 NA
15161 60200 NA
15163 56800 NA
15164 55200 NA
15165 54600 NA
15168 55100 NA
15170 56800 NA
15172 61300 NA
15173 63900 NA
15175 68900 NA
15177 72662 NA
15178 66797 NA
15180 63500 NA
15182 57600 NA
15184 52500 NA
15185 52600 NA
15186 54400 NA
15187 56100 NA
15189 56600 NA
15191 52100 NA
15193 47894 NA
15194 45700 NA
15196 40800 NA
15197 42900 NA
15199 45300 NA
15204 43100 NA
15207 42200 NA
15208 41900 NA
15210 39200 NA
15212 37900 NA
15214 35600 NA
15215 35500 NA
15217 35600 NA
15219 36400 NA
15220 36600 NA
15221 37000 NA
15222 37800 NA
15224 36500 NA
15226 34200 NA
15227 32700 NA
15228 31900 NA
15229 30900 NA
15231 29800 NA
15232 29300 NA
15233 28900 NA
15235 31300 NA
15238 32800 NA
15240 34900 NA
15242 36000 NA
15243 37100 NA
15244 39400 NA
15247 43000 NA
15248 46000 NA
15249 46000 NA
15250 44200 NA
15252 41200 NA
15254 38400 NA
15256 36400 NA
15257 35400 NA
15258 34600 NA
15259 34100 NA
15261 33200 NA
15263 33900 NA
15264 34600 NA
15266 34200 NA
15268 32600 NA
15270 32400 NA
15271 33600 NA
15273 37100 NA
15275 40000 NA
15277 43200 NA
15278 45300 NA
15280 50000 NA
15281 52400 NA
15282 54600 NA
15283 56800 NA
15284 59600 NA
15285 62600 NA
15287 72300 NA
15289 75900 NA
15291 81800 NA
15292 81100 NA
15294 76500 NA
15295 77100 NA
15297 74900 NA
15299 76700 NA
15302 85700 NA
15303 85700 NA
15304 89100 NA
15306 91700 NA
15307 94900 NA
15308 95200 NA
15310 81900 NA
15312 77800 NA
15313 70205 NA
15314 66758 NA
15315 63708 NA
15316 62021 NA
15317 60765 NA
15318 59247 NA
15319 58793 NA
15320 60155 NA
15321 60551 NA
15322 60545 NA
15323 59414 NA
15324 59312 NA
15325 59819 NA
15326 61691 NA
15327 63352 NA
15328 64861 NA
15329 67800 NA
15330 69460 NA
15331 69297 NA
15332 67961 NA
15333 66408 NA
15334 65288 NA
15335 63402 NA
15336 62637 NA
15337 62914 NA
15338 60482 NA
15339 59651 NA
15340 58852 NA
15341 57947 NA
15342 57811 NA
15343 59662 NA
15344 61461 NA
15345 62242 NA
15346 62380 NA
15347 63957 NA
15348 63117 NA
15349 63363 NA
15350 63420 NA
15351 64223 NA
15352 65046 NA
15353 65472 NA
15354 62991 NA
15355 63522 NA
15356 62714 NA
15357 62996 NA
15358 64249 NA
15359 65863 NA
15360 66625 NA
15361 68681 NA
15362 69725 NA
15363 68969 NA
15364 66977 NA
15365 67471 NA
15366 67629 NA
15367 67318 NA
15368 67253 NA
15369 67179 NA
15370 67221 NA
15371 67355 NA
15372 67241 NA
15373 66417 NA
15374 66543 NA
15375 64978 NA
15376 62794 NA
15377 61315 NA
15378 59646 NA
15379 58222 NA
15380 56556 NA
15381 56542 NA
15382 58210 NA
15383 58599 NA
15384 59358 NA
15385 59011 NA
15386 59990 NA
15387 58917 NA
15388 57382 NA
15389 59404 NA
15390 56797 NA
15391 55398 NA
15392 54698 NA
15393 54566 NA
15394 55339 NA
15395 57637 NA
15396 58967 NA
15397 60118 NA
15398 60337 NA
15399 61257 NA
15400 60507 NA
15401 61517 NA
15402 61942 NA
15403 62539 NA
15404 63326 NA
15405 64088 NA
15406 66600 NA
15407 69641 NA
15408 71356 NA
15409 68559 NA
15410 66300 NA
15411 63692 NA
15412 61356 NA
15413 59382 NA
15414 58130 NA
15415 55469 NA
15416 53068 NA
15417 52327 NA
15418 52290 NA
15419 52149 NA
15420 51747 NA
15421 52042 NA
15422 53165 NA
15423 54289 NA
15424 55412 NA
15425 56536 NA
15426 57659 NA
15427 58750 NA
15428 59450 NA
15429 59450 NA
15430 60525 NA
15431 61675 NA
15432 63503 NA
15433 64048 NA
15434 63912 NA
15435 62176 NA
15436 61478 NA
15437 61251 NA
15438 62308 NA
15439 62490 NA
15440 62823 NA
15441 60908 NA
15442 59517 NA
15443 58511 NA
15444 57650 NA
15445 58562 NA
15446 61262 NA
15447 62464 NA
15448 65162 NA
15449 67842 NA
15450 69811 NA
15451 69673 NA
15452 70706 NA
15453 73004 NA
15454 73565 NA
15455 75319 NA
15456 76174 NA
15457 77487 NA
15458 77375 NA
15459 76261 NA
15460 77095 NA
15461 77588 NA
15462 77944 NA
15463 78403 NA
15464 78311 NA
15465 77500 NA
15466 74392 NA
15467 70930 NA
15468 68110 NA
15469 66175 NA
15470 64320 NA
15471 63227 NA
15472 61931 NA
15473 60830 NA
15474 60020 NA
15475 58820 NA
15476 58447 NA
15477 56866 NA
15478 56248 NA
15479 54634 NA
15480 53640 NA
15481 52723 NA
15482 51444 NA
15483 50956 NA
15484 50743 NA
15485 50721 NA
15486 49550 NA
15487 49470 NA
15488 50167 NA
15489 51065 NA
15490 50728 NA
15491 51967 NA
15492 53321 NA
15493 55156 NA
15494 57790 NA
15495 60609 NA
15496 63628 NA
15497 66728 NA
15498 69213 NA
15499 72378 NA
15500 75537 NA
15501 79314 NA
15502 80416 NA
15503 79159 NA
15504 75675 NA
15505 72819 NA
15506 69747 NA
15507 68240 NA
15508 67189 NA
15509 66949 NA
15510 66680 NA
15511 67115 NA
15512 67505 NA
15513 69224 NA
15514 71926 NA
15515 75012 NA
15516 78763 NA
15517 82702 NA
15518 86838 NA
15519 91180 NA
15520 95739 NA
15521 100316 NA
15522 105332 NA
15523 110432 NA
15524 114527 NA
15525 118113 NA
15526 121842 NA
15527 125664 NA
15528 125982 NA
15529 123165 NA
15530 118566 NA
15531 113191 NA
15532 107925 NA
15533 105732 NA
15534 105927 NA
15535 110152 NA
15536 115640 NA
15537 121403 NA
15538 127160 NA
15539 133500 NA
15540 140090 NA
15541 145993 NA
15542 146597 NA
15543 145450 NA
15544 140243 NA
15545 135596 NA
15546 130550 NA
15547 126893 NA
15548 123353 NA
15549 119309 NA
15550 116233 NA
15551 110421 NA
15552 105916 NA
15553 102081 NA
15554 98163 NA
15555 95511 NA
15556 92458 NA
15557 90243 NA
15558 89429 NA
15559 87784 NA
15560 87803 NA
15561 87148 NA
15562 86983 NA
15563 86870 NA
15564 86128 NA
15565 85149 NA
15566 83730 NA
15567 83351 NA
15568 82445 NA
15569 81468 NA
15570 81108 NA
15571 80618 NA
15572 80036 NA
15573 80285 NA
15574 80576 NA
15575 81527 NA
15576 81812 NA
15577 82404 NA
15578 83560 NA
15579 85022 NA
15580 86216 NA
15581 88622 NA
15582 90622 NA
15583 88559 NA
15584 90557 NA
15585 91872 NA
15586 92887 NA
15587 94687 NA
15588 96153 NA
15589 96156 NA
15590 96870 NA
15591 97181 NA
15592 96735 NA
15593 97236 NA
15594 96389 NA
15595 96136 NA
15596 93962 NA
15597 91713 NA
15598 89311 NA
15599 87135 NA
15600 86001 NA
15601 86698 NA
15602 88165 NA
15603 89119 NA
15604 90165 NA
15605 92563 NA
15606 93022 NA
15607 93255 NA
15608 94011 NA
15609 95273 NA
15610 94889 NA
15611 94445 NA
15612 94800 NA
15613 95945 NA
15614 95956 NA
15615 95220 NA
15616 95687 NA
15617 96297 NA
15618 96710 NA
15619 97495 NA
15620 98812 NA
15621 99534 NA
15622 99407 NA
15623 99766 NA
15624 100523 NA
15625 101301 NA
15626 101676 NA
15627 102875 NA
15628 102755 NA
15629 102918 NA
15630 103544 NA
15631 102193 NA
15632 102853 NA
15633 102842 NA
15634 103277 NA
15635 103506 NA
15636 103700 NA
15637 103352 NA
15638 103352 NA
15639 103097 NA
15640 102347 NA
15641 101657 NA
15642 100767 NA
15643 100430 NA
15644 100498 NA
15645 99836 NA
15646 99301 NA
15647 98723 NA
15648 99214 NA
15649 100049 NA
15650 97464 NA
15651 94878 NA
15652 92293 NA
15653 89708 NA
15654 87122 NA
15655 84537 NA
15656 81951 NA
15657 79366 NA
15658 76561 NA
15659 73750 NA
15660 70846 NA
15661 68691 NA
15662 65709 NA
15663 63904 NA
15664 62661 NA
15665 63216 NA
15666 64188 NA
15667 64945 NA
15668 65899 NA
15669 68588 NA
15670 71768 NA
15671 75313 NA
15672 75313 NA
15673 76464 NA
15674 77028 NA
15675 77429 NA
15676 75622 NA
15677 73749 NA
15678 72112 NA
15679 70207 NA
15680 68854 NA
15681 66546 NA
15682 66546 NA
15683 64181 NA
15684 62829 NA
15685 60224 NA
15686 57254 NA
15687 54672 NA
15688 52801 NA
15689 50251 NA
15690 50251 NA
15691 48562 NA
15692 46499 NA
15693 45446 NA
15694 43869 NA
15695 43803 NA
15696 42933 NA
15697 43870 NA
15698 43942 NA
15699 44212 NA
15700 44212 NA
15701 43270 NA
15702 43270 NA
15703 42883 NA
15704 42441 NA
15705 42197 NA
15706 42974 NA
15707 42839 NA
15708 44134 NA
15709 44134 NA
15710 45092 NA
15711 45254 NA
15712 45542 NA
15713 45708 NA
15714 44738 NA
15715 44738 NA
15716 46822 NA
15717 48981 NA
15718 51105 NA
15719 53324 NA
15720 55486 NA
15721 57405 NA
15722 59342 NA
15723 61203 NA
15724 61203 NA
15725 61801 NA
15726 61650 NA
15727 61652 NA
15728 61652 NA
15729 61532 NA
15730 60493 NA
15731 58760 NA
15732 58112 NA
15733 58437 NA
15734 58437 NA
15735 59138 NA
15736 59671 NA
15737 60289 NA
15738 60839 NA
15739 61784 NA
15740 62518 NA
15741 62518 NA
15742 62994 NA
15743 61575 NA
15744 61575 NA
15745 62052 NA
15746 62052 NA
15747 62275 NA
15748 62275 NA
15749 63110 NA
15750 63898 NA
15751 63846 NA
15752 64600 NA
15753 64600 NA
15754 64659 NA
15755 64441 NA
15756 63493 NA
15757 63493 NA
15758 62676 NA
15759 60907 NA
15760 60907 NA
15761 59594 NA
15762 59594 NA
15763 58320 NA
15764 57281 NA
15765 57281 NA
15766 56593 NA
15767 56593 NA
15768 55546 NA
15769 53635 NA
15770 52560 NA
15771 52560 NA
15772 51920 NA
15773 51920 NA
15774 50763 NA
15775 48685 NA
15776 46877 NA
15777 45201 NA
15778 44190 NA
15779 43419 NA
15780 43419 NA
15781 43220 NA
15782 43181 NA
15783 43980 NA
15784 44497 NA
15785 44497 NA
15786 45624 NA
15787 46215 NA
15788 46495 NA
15789 46703 NA
15790 46703 NA
15791 47148 NA
15792 47148 NA
15793 47695 NA
15794 47966 NA
15795 48419 NA
15796 48419 NA
15797 49202 NA
15798 49545 NA
15799 49889 NA
15800 50232 NA
15801 50576 NA
15802 50919 NA
15803 51263 NA
15804 51606 NA
15805 50271 NA
15806 50271 NA
15807 50186 NA
15808 50831 NA
15809 50831 NA
15810 51555 NA
15811 51555 NA
15812 53332 NA
15813 53332 NA
15814 55381 NA
15815 57874 NA
15816 57874 NA
15817 60325 NA
15818 60325 NA
15819 62219 NA
15820 62219 NA
15821 64111 NA
15822 66237 NA
15823 66237 NA
15824 68582 NA
15825 68582 NA
15826 70748 NA
15827 70748 NA
15828 71188 NA
15829 71188 NA
15830 71989 NA
15831 72850 NA
15832 72850 NA
15833 73268 NA
15834 73268 NA
15835 73264 NA
15836 73397 NA
15837 73391 NA
15838 73391 NA
15839 73931 NA
15840 73931 NA
15841 73843 NA
15842 73843 NA
15843 73518 NA
15844 72172 NA
15845 72172 NA
15846 69686 NA
15847 69686 NA
15848 66594 NA
15849 64212 NA
15850 64212 NA
15851 63134 NA
15852 63134 NA
15853 62851 NA
15854 62851 NA
15855 64035 NA
15856 64035 NA
15857 65869 NA
15858 66480 NA
15859 68566 NA
15860 68566 NA
15861 70899 NA
15862 70899 NA
15863 73671 NA
15864 76205 NA
15865 76205 NA
15866 73087 NA
15867 72704 NA
15868 72254 NA
15869 72254 NA
15870 72406 NA
15871 72754 NA
15872 72754 NA
15873 73215 NA
15874 73215 NA
15875 72395 NA
15876 72395 NA
15877 71919 NA
15878 71645 NA
15879 71735 NA
15880 71532 NA
15881 71279 NA
15882 71279 NA
15883 71583 NA
15884 71547 NA
15885 71547 NA
15886 71754 NA
15887 72050 NA
15888 72119 NA
15889 72119 NA
15890 71687 NA
15891 71982 NA
15892 71982 NA
15893 71504 NA
15894 71504 NA
15895 71081 NA
15896 71081 NA
15897 71146 NA
15898 71146 NA
15899 71588 NA
15900 70896 NA
15901 71227 NA
15902 69998 NA
15903 70129 NA
15904 70260 NA
15905 70392 NA
15906 70523 NA
15907 70654 NA
15908 70785 NA
15909 70785 NA
15910 71196 NA
15911 71196 NA
15912 71913 NA
15913 72641 NA
15914 72823 NA
15915 72823 NA
15916 72869 NA
15917 72869 NA
15918 72620 NA
15919 72439 NA
15920 72439 NA
15921 72446 NA
15922 73499 NA
15923 73499 NA
15924 72782 NA
15925 73437 NA
15926 73437 NA
15927 70716 NA
15928 69437 NA
15929 69437 NA
15930 70488 NA
15931 70488 NA
15932 70933 NA
15933 71711 NA
15934 71711 NA
15935 72131 NA
15936 72131 NA
15937 71736 NA
15938 71736 NA
15939 71736 NA
15940 70942 NA
15941 70942 NA
15942 70799 NA
15943 70799 NA
15944 70799 NA
15945 70651 NA
15946 70651 NA
15947 70370 NA
15948 70370 NA
15949 69522 NA
15950 69522 NA
15951 68951 NA
15952 68951 NA
15953 68951 NA
15954 68012 NA
15955 68012 NA
15956 67388 NA
15957 67388 NA
15958 67388 NA
15959 66972 NA
15960 66972 NA
15961 66972 NA
15962 65227 NA
15963 65227 NA
15964 63638 NA
15965 63638 NA
15966 63638 NA
15967 62052 NA
15968 62052 NA
15969 60422 NA
15970 60422 NA
15971 60422 NA
15972 60137 NA
15973 60137 NA
15974 60137 NA
15975 59089 NA
15976 59089 NA
15977 59089 NA
15978 57548 NA
15979 57548 NA
15980 57548 NA
15981 55811 NA
15982 55811 NA
15983 55056 NA
15984 55056 NA
15985 55056 NA
15986 54513 NA
15987 53971 NA
15988 53428 NA
15989 52886 NA
15990 52343 NA
15991 51800 NA
15992 51258 NA
15993 50715 NA
15994 49456 NA
15995 49456 NA
15996 49456 NA
15997 47124 NA
15998 47124 NA
15999 45255 NA
16000 45255 NA
16001 43395 NA
16002 43395 NA
16003 41318 NA
16004 41318 NA
16005 39903 NA
16006 38676 NA
16007 38676 NA
16008 37186 NA
16009 37186 NA
16010 37186 NA
16011 36461 NA
16012 36461 NA
16013 36774 NA
16014 36774 NA
16015 37131 NA
16016 37131 NA
16017 37661 NA
16018 37661 NA
16019 37990 NA
16020 37990 NA
16021 37968 NA
16022 37968 NA
16023 38380 NA
16024 38380 NA
16025 39254 NA
16026 39254 NA
16027 39730 NA
16028 39730 NA
16029 38504 NA
16030 38504 NA
16031 38250 NA
16032 38250 NA
16033 37026 NA
16034 37026 NA
16035 37458 NA
16036 37891 NA
16037 38323 NA
16038 38756 NA
16039 39188 NA
16040 39621 NA
16041 40053 NA
16042 40053 NA
16043 41065 NA
16044 41065 NA
16045 42158 NA
16046 42158 NA
16047 42887 NA
16048 42887 NA
16049 44228 NA
16050 44228 NA
16051 45499 NA
16052 45499 NA
16053 45436 NA
16054 45436 NA
16055 46633 NA
16056 46633 NA
16057 47628 NA
16058 47628 NA
16059 48243 NA
16060 48243 NA
16061 49951 NA
16062 49951 NA
16063 51656 NA
16064 51656 NA
16065 53177 NA
16066 53177 NA
16067 54638 NA
16068 55595 NA
16069 55595 NA
16070 56798 NA
16071 56798 NA
16072 59563 NA
16073 59563 NA
16074 62440 NA
16075 62440 NA
16076 65478 NA
16077 64964 NA
16078 64964 NA
16079 62861 NA
16080 62861 NA
16081 64412 NA
16082 66213 NA
16083 66213 NA
16084 68293 NA
16085 68293 NA
16086 70909 NA
16087 70909 NA
16088 72481 NA
16089 74555 NA
16090 74555 NA
16091 78283 NA
16092 82198 NA
16093 86308 NA
16094 90624 NA
16095 95156 NA
16096 99914 NA
16097 104138 NA
16098 109345 NA
16099 114191 NA
16100 119400 NA
16101 124824 NA
16102 131066 NA
16103 137620 NA
16104 144501 NA
16105 151334 NA
16106 158901 NA
16107 166847 NA
16108 175190 NA
16109 183950 NA
16110 193148 NA
16111 202806 NA
16112 212947 NA
16113 223100 NA
16114 234255 NA
16115 245968 NA
16116 257501 NA
16117 257501 NA
16118 270377 NA
16119 270377 NA
16120 283896 NA
16121 283896 NA
16122 295764 NA
16123 300568 NA
16124 306088 NA
16125 308610 NA
16126 308610 NA
16127 311337 NA
16128 312729 NA
16129 312729 NA
16130 322907 NA
16131 322907 NA
16132 331833 NA
16133 331833 NA
16134 341798 NA
16135 341798 NA
16136 355366 NA
16137 364790 NA
16138 380510 NA
16139 396667 NA
16140 396667 NA
16141 414694 NA
16142 430342 NA
16143 448772 NA
16144 466294 NA
16145 480553 NA
16146 498721 NA
16147 498721 NA
16148 488980 NA
16149 467027 NA
16150 467027 NA
16151 443675 NA
16152 422018 NA
16153 402880 NA
16154 402880 NA
16155 387562 NA
16156 387562 NA
16157 369650 NA
16158 353262 NA
16159 337616 NA
16160 327034 NA
16161 327034 NA
16162 314096 NA
16163 314096 NA
16164 299972 NA
16165 287344 NA
16166 279156 NA
16167 268914 NA
16168 268914 NA
16169 258805 NA
16170 250002 NA
16171 250002 NA
16172 240619 NA
16173 230241 NA
16174 222680 NA
16175 214803 NA
16176 214803 NA
16177 208157 NA
16178 199592 NA
16179 199592 NA
16180 191683 NA
16181 191683 NA
16182 183211 NA
16183 174306 NA
16184 165993 NA
16185 165993 NA
16186 158775 NA
16187 151905 NA
16188 147166 NA
16189 141499 NA
16190 141499 NA
16191 136861 NA
16192 132575 NA
16193 135792 NA
16194 142582 NA
16195 149712 NA
16196 157198 NA
16197 165058 NA
16198 173311 NA
16199 173311 NA
16200 180022 NA
16201 189024 NA
16202 193720 NA
16203 198415 NA
16204 205798 NA
16205 205798 NA
16206 202171 NA
16207 202171 NA
16208 195631 NA
16209 195631 NA
16210 188470 NA
16211 180527 NA
16212 180527 NA
16213 172237 NA
16214 164244 NA
16215 156130 NA
16216 156130 NA
16217 148715 NA
16218 148715 NA
16219 144909 NA
16220 144909 NA
16221 142878 NA
16222 143684 NA
16223 142828 NA
16224 139433 NA
16225 139433 NA
16226 134038 NA
16227 129619 NA
16228 129619 NA
16229 128237 NA
16230 130173 NA
16231 130173 NA
16232 132811 NA
16233 132811 NA
16234 138353 NA
16235 145271 NA
16236 152535 NA
16237 159467 NA
16238 166930 NA
16239 175071 NA
16240 175071 NA
16241 183740 NA
16242 192506 NA
16243 202115 NA
16244 212014 NA
16245 212014 NA
16246 214808 NA
16247 210851 NA
16248 202730 NA
16249 195274 NA
16250 187053 NA
16251 183211 NA
16252 184824 NA
16253 186836 NA
16254 189973 NA
16255 197534 NA
16256 204460 NA
16257 204460 NA
16258 211343 NA
16259 219863 NA
16260 219863 NA
16261 226824 NA
16262 226824 NA
16263 235877 NA
16264 242590 NA
16265 248569 NA
16266 248569 NA
16267 257250 NA
16268 265707 NA
16269 274984 NA
16270 288105 NA
16271 288105 NA
16272 302511 NA
16273 317246 NA
16274 333109 NA
16275 349765 NA
16276 349765 NA
16277 366291 NA
16278 383256 NA
16279 402415 NA
16280 420519 NA
16281 440653 NA
16282 459558 NA
16283 476010 NA
16284 498473 NA
16285 523397 NA
16286 549567 NA
16287 575909 NA
16288 604616 NA
16289 632435 NA
16290 662879 NA
16291 695544 NA
16292 720752 NA
16293 744632 NA
16294 772054 NA
16295 810153 NA
16296 839090 NA
16297 848721 NA
16298 838039 NA
16299 796770 NA
16300 757213 NA
16301 719352 NA
16302 684801 NA
16303 651768 NA
16304 619812 NA
16305 588821 NA
16306 559379 NA
16307 531613 NA
16308 505032 NA
16309 481234 NA
16310 457172 NA
16311 434697 NA
16312 413174 NA
16313 413174 NA
16314 393549 NA
16315 374439 NA
16316 360688 NA
16317 346081 NA
16318 331838 NA
16319 320196 NA
16320 307091 NA
16321 297376 NA
16322 286527 NA
16323 275914 NA
16324 264709 NA
16325 251800 NA
16326 251800 NA
16327 241951 NA
16328 229945 NA
16329 218629 NA
16330 207717 NA
16331 207717 NA
16332 199482 NA
16333 195476 NA
16334 195626 NA
16335 196896 NA
16336 196896 NA
16337 197837 NA
16338 206563 NA
16339 216535 NA
16340 216535 NA
16341 227066 NA
16342 237076 NA
16343 237076 NA
16344 248329 NA
16345 260584 NA
16346 272606 NA
16347 286237 NA
16348 300522 NA
16349 313589 NA
16350 319055 NA
16351 319055 NA
16352 325802 NA
16353 335025 NA
16354 335025 NA
16355 347734 NA
16356 363601 NA
16357 380013 NA
16358 380013 NA
16359 396007 NA
16360 396007 NA
16361 392207 NA
16362 380547 NA
16363 365005 NA
16364 348245 NA
16365 348245 NA
16366 330832 NA
16367 330832 NA
16368 315276 NA
16369 304656 NA
16370 297809 NA
16371 297809 NA
16372 285115 NA
16373 274806 NA
16374 274806 NA
16375 261072 NA
16376 248824 NA
16377 240573 NA
16378 241334 NA
16379 241334 NA
16380 247555 NA
16381 247555 NA
16382 253047 NA
16383 265700 NA
16384 265700 NA
16385 278985 NA
16386 292935 NA
16387 306771 NA
16388 322110 NA
16389 337339 NA
16390 353171 NA
16391 369560 NA
16392 388038 NA
16393 407440 NA
16394 425746 NA
16395 445658 NA
16396 467941 NA
16397 467941 NA
16398 491339 NA
16399 515906 NA
16400 539881 NA
16401 566876 NA
16402 566876 NA
16403 595220 NA
16404 624981 NA
16405 653788 NA
16406 681606 NA
16407 715687 NA
16408 715687 NA
16409 751472 NA
16410 787337 NA
16411 826400 NA
16412 860876 NA
16413 898997 NA
16414 898997 NA
16415 943947 NA
16416 991145 NA
16417 1036583 NA
16418 1088413 NA
16419 1136936 NA
16420 1188158 NA
16421 1247566 NA
16422 1309945 NA
16423 1364069 NA
16424 1410246 NA
16425 1407038 NA
16426 1403331 NA
16427 1403331 NA
16428 1346522 NA
16429 1294341 NA
16430 1252850 NA
16431 1300737 NA
16432 1360566 NA
16433 1428595 NA
16434 1500025 NA
16435 1566180 NA
16436 1528960 NA
16437 1471048 NA
16438 1409088 NA
16439 1338633 NA
16440 1271701 NA
16441 1216401 NA
16442 1156457 NA
16443 1099245 NA
16444 1099245 NA
16445 1054094 NA
16446 1014613 NA
16447 978171 NA
16448 937450 NA
16449 902723 NA
16450 876206 NA
16451 876206 NA
16452 851137 NA
16453 819197 NA
16454 825540 NA
16455 802705 NA
16456 802705 NA
16457 788936 NA
16458 820054 NA
16459 860123 NA
16460 896537 NA
16461 927220 NA
16462 927220 NA
16463 917355 NA
16464 909998 NA
16465 909998 NA
16466 884835 NA
16467 884835 NA
16468 874355 NA
16469 874355 NA
16470 851439 NA
16471 821001 NA
16472 811967 NA
16473 811967 NA
16474 795569 NA
16475 781658 NA
16476 783928 NA
16477 789979 NA
16478 789979 NA
16479 783938 NA
16480 752303 NA
16481 732715 NA
16482 713298 NA
16483 707755 NA
16484 709679 NA
16485 715178 NA
16486 708494 NA
16487 680658 NA
16488 680658 NA
16489 658577 NA
16490 636152 NA
16491 613147 NA
16492 606097 NA
16493 616485 NA
16494 646034 NA
16495 673285 NA
16496 706794 NA
16497 738571 NA
16498 775500 NA
16499 808961 NA
16500 849319 NA
16501 891785 NA
16502 925722 NA
16503 960029 NA
16504 999190 NA
16505 1036180 NA
16506 1036180 NA
16507 1087539 NA
16508 1116672 NA
16509 1124339 NA
16510 1109225 NA
16511 1109225 NA
16512 1071141 NA
16513 1071141 NA
16514 1018376 NA
16515 1018376 NA
16516 968414 NA
16517 930550 NA
16518 894165 NA
16519 894165 NA
16520 854531 NA
16521 854531 NA
16522 812897 NA
16523 776414 NA
16524 761907 NA
16525 744833 NA
16526 773906 NA
16527 773906 NA
16528 790630 NA
16529 790630 NA
16530 798889 NA
16531 834637 NA
16532 834637 NA
16533 869514 NA
16534 869514 NA
16535 900823 NA
16536 890632 NA
16537 873529 NA
16538 873529 NA
16539 859161 NA
16540 880992 NA
16541 880992 NA
16542 839345 NA
16543 797446 NA
16544 777334 NA
16545 777334 NA
16546 759527 NA
16547 740337 NA
16548 740337 NA
16549 754470 NA
16550 754470 NA
16551 780985 NA
16552 780985 NA
16553 812432 NA
16554 812432 NA
16555 837915 NA
16556 837915 NA
16557 861936 NA
16558 861936 NA
16559 880283 NA
16560 880283 NA
16561 915721 NA
16562 915721 NA
16563 947343 NA
16564 947343 NA
16565 988799 NA
16566 988799 NA
16567 975153 NA
16568 975153 NA
16569 975254 NA
16570 975254 NA
16571 966497 NA
16572 1014822 NA
16573 1065564 NA
16574 1065564 NA
16575 1118631 NA
16576 1118631 NA
16577 1165294 NA
16578 1165294 NA
16579 1125720 NA
16580 1125720 NA
16581 1087215 NA
16582 1087215 NA
16583 1065448 NA
16584 1065448 NA
16585 1032896 NA
16586 1032896 NA
16587 992116 NA
16588 957679 NA
16589 957679 NA
16590 914181 NA
16591 914181 NA
16592 884224 NA
16593 884224 NA
16594 898222 NA
16595 933873 NA
16596 933873 NA
16597 972611 NA
16598 972611 NA
16599 1019777 NA
16600 1053517 NA
16601 1080109 NA
16602 1080109 NA
16603 1089791 NA
16604 1089791 NA
16605 1064281 NA
16606 1011442 NA
16607 981061 NA
16608 981061 NA
16609 957226 NA
16610 957226 NA
16611 970686 NA
16612 970686 NA
16613 977383 NA
16614 977383 NA
16615 996486 NA
16616 1009474 NA
16617 1009474 NA
16618 989268 NA
16619 989268 NA
16620 976395 NA
16621 976395 NA
16622 1005666 NA
16623 1005666 NA
16624 1042157 NA
16625 1070745 NA
16626 1080704 NA
16627 1080704 NA
16628 1103143 NA
16629 1081418 NA
16630 1081418 NA
16631 1049845 NA
16632 1049845 NA
16633 1021059 NA
16634 1021059 NA
16635 995434 NA
16636 995742 NA
16637 995742 NA
16638 1034435 NA
16639 1034435 NA
16640 1055292 NA
16641 1055292 NA
16642 1043380 NA
16643 1043380 NA
16644 1064619 NA
16645 1011554 NA
16646 962045 NA
16647 962045 NA
16648 933465 NA
16649 917233 NA
16650 904771 NA
16651 896753 NA
16652 896753 NA
16653 907138 NA
16654 901231 NA
16655 901231 NA
16656 918198 NA
16657 918198 NA
16658 939394 NA
16659 939394 NA
16660 925271 NA
16661 925271 NA
16662 888203 NA
16663 888203 NA
16665 822181 NA
16666 822181 NA
16668 792396 NA
16669 771451 NA
16670 744875 NA
16671 728168 NA
16672 728168 NA
16673 724678 NA
16674 724678 NA
16675 742040 NA
16676 742040 NA
16677 736886 NA
16678 717767 NA
16679 717767 NA
16680 683789 NA
16681 683789 NA
16682 649599 NA
16683 649599 NA
16684 617817 NA
16685 617817 NA
16686 587701 NA
16687 563291 NA
16688 563291 NA
16689 541718 NA
16690 541718 NA
16691 528336 NA
16692 528336 NA
16693 513053 NA
16694 513053 NA
16695 521977 NA
16696 521977 NA
16697 503371 NA
16698 503371 NA
16699 480849 NA
16700 480849 NA
16701 475370 NA
16702 475370 NA
16703 468411 NA
16704 468411 NA
16705 457804 NA
16706 457804 NA
16707 468614 NA
16708 468614 NA
16709 492045 NA
16710 492045 NA
16711 516575 NA
16712 516575 NA
16715 565500 NA
16717 572977 NA
16719 594276 NA
16720 594276 NA
16721 597971 NA
16722 588099 NA
16723 588099 NA
16724 596269 NA
16725 596269 NA
16726 596592 NA
16727 596592 NA
16728 581869 NA
16730 561917 NA
16731 550253 NA
16732 550253 NA
16733 576633 NA
16734 576633 NA
16735 604504 NA
16736 604504 NA
16737 634730 NA
16738 634730 NA
16739 666374 NA
16740 666374 NA
16741 666374 NA
16742 699693 NA
16743 732963 NA
16744 732963 NA
16745 769612 NA
16746 806239 NA
16747 806239 NA
16748 806239 NA
16749 842751 NA
16750 865695 NA
16751 865695 NA
16752 898496 NA
16753 898496 NA
16754 929268 NA
16755 929268 NA
16756 943277 NA
16757 943277 NA
16759 933526 NA
16760 919549 NA
16761 919549 NA
16762 919549 NA
16763 919303 NA
16764 919303 NA
16765 931549 NA
16766 931549 NA
16767 919629 NA
16768 919629 NA
16769 914418 NA
16770 914418 NA
16771 878495 NA
16772 878495 NA
16773 863352 NA
16774 863352 NA
16775 855169 NA
16776 855169 NA
16777 829478 NA
16778 829478 NA
16779 801900 NA
16780 801900 NA
16781 776939 NA
16782 813924 NA
16783 813924 NA
16784 792705 NA
16785 792705 NA
16786 758447 NA
16787 758447 NA
16788 730798 NA
16789 730798 NA
16790 709934 NA
16791 709934 NA
16792 706461 NA
16793 706461 NA
16794 704348 NA
16795 704348 NA
16796 716387 NA
16797 716387 NA
16798 726489 NA
16799 726489 NA
16800 697753 NA
16801 697753 NA
16802 681878 NA
16803 681878 NA
16804 657502 NA
16805 657502 NA
16807 656582 NA
16808 665520 NA
16809 665520 NA
16810 635956 NA
16811 635956 NA
16812 615120 NA
16813 584606 NA
16814 584606 NA
16815 555375 NA
16816 531935 NA
16817 505338 NA
16818 505338 NA
16820 489400 NA
16821 504558 NA
16822 504558 NA
16823 529786 NA
16824 529786 NA
16825 555991 NA
16826 575701 NA
16827 575701 NA
16828 570116 NA
16829 556269 NA
16830 556269 NA
16831 554927 NA
16832 554927 NA
16833 537246 NA
16834 520761 NA
16835 520761 NA
16836 497815 NA
16837 475613 NA
16838 475613 NA
16839 478003 NA
16840 478003 NA
16841 492810 NA
16842 492810 NA
16843 511824 NA
16844 511824 NA
16845 530990 NA
16847 556684 NA
16849 565971 NA
16850 565971 NA
16851 540809 NA
16852 540809 NA
16853 540809 NA
16854 514274 NA
16855 489100 NA
16856 489100 NA
16857 465025 NA
16858 465025 NA
16859 441773 NA
16860 422374 NA
16861 402314 NA
16862 402314 NA
16863 395452 NA
16864 395452 NA
16865 407958 NA
16866 407958 NA
16867 414159 NA
16869 399107 NA
16870 399107 NA
16871 379675 NA
16872 372251 NA
16873 372251 NA
16874 374109 NA
16875 377018 NA
16876 377018 NA
16878 395072 NA
16879 414605 NA
16880 414605 NA
16881 422522 NA
16884 405052 NA
16885 416520 NA
16886 416520 NA
16887 436209 NA
16888 436209 NA
16889 458020 NA
16890 458020 NA
16892 453215 NA
16893 430554 NA
16894 430554 NA
16895 410845 NA
16896 402673 NA
16897 402673 NA
16898 397073 NA
16899 397073 NA
16900 397073 NA
16901 404109 NA
16902 404109 NA
16903 392080 NA
16904 392080 NA
16905 383774 NA
16906 383774 NA
16907 391169 NA
16908 391169 NA
16909 397621 NA
16910 397621 NA
16911 390280 NA
16912 390280 NA
16913 374577 NA
16914 374577 NA
16915 362943 NA
16916 362943 NA
16917 353512 NA
16918 343665 NA
16919 343665 NA
16920 355802 NA
16921 355802 NA
16922 368497 NA
16923 368497 NA
16924 358395 NA
16925 358395 NA
16926 347519 NA
16927 347519 NA
16928 332749 NA
16929 332749 NA
16930 318456 NA
16931 318456 NA
16932 304129 NA
16933 304129 NA
16934 296702 NA
16935 296702 NA
16937 291138 NA
16938 281493 NA
16939 286410 NA
16940 286410 NA
16941 300679 NA
16942 315713 NA
16943 331499 NA
16944 331499 NA
16945 348074 NA
16946 365478 NA
16949 381798 NA
16950 400776 NA
16951 400776 NA
16952 416825 NA
16953 416825 NA
16954 407494 NA
16955 407494 NA
16956 408282 NA
16957 408282 NA
16958 404242 NA
16959 404242 NA
16960 389371 NA
16967 397170 NA
16968 388577 NA
16969 388577 NA
16970 374711 NA
16971 374711 NA
16974 381596 NA
16975 367878 NA
16976 367878 NA
16977 365851 NA
16978 358367 NA
16979 358367 NA
16980 351025 NA
16981 365323 NA
16982 365323 NA
16984 382229 NA
16985 382229 NA
16986 382229 NA
16987 399127 NA
16988 418014 NA
16989 436205 NA
16990 436205 NA
16991 430605 NA
16992 430605 NA
16993 418211 NA
16994 418211 NA
16999 392003 NA
17000 392003 NA
17001 406101 NA
17006 407696 NA
17007 407696 NA
17014 372133 NA
17015 372133 NA
17016 373564 NA
17017 373564 NA
17018 361726 NA
17019 361726 NA
17020 351481 NA
17021 351481 NA
17022 335427 NA
17023 335427 NA
17024 322090 NA
17025 322090 NA
17026 320456 NA
17027 320456 NA
17028 314827 NA
17029 314827 NA
17031 305652 NA
17032 305652 NA
17033 305652 NA
17034 298079 NA
17035 298079 NA
17036 306626 NA
17037 306626 NA
17038 301130 NA
17039 301130 NA
17040 303400 NA
17042 289509 NA
17044 289509 NA
17045 299345 NA
17046 299345 NA
17047 299345 NA
17048 309620 NA
17049 309620 NA
17050 315442 NA
17051 315442 NA
17052 323463 NA
17053 323463 NA
17054 323463 NA
17055 336566 NA
17056 336566 NA
17057 342695 NA
17058 342695 NA
17059 334725 NA
17060 334725 NA
17061 334725 NA
17062 326975 NA
17063 326975 NA
17064 340608 NA
17069 319924 NA
17070 319924 NA
17071 308905 NA
17072 308905 NA
17073 296028 NA
17075 296028 NA
17076 297511 NA
17077 297511 NA
17078 297511 NA
17079 312261 NA
17080 312261 NA
17081 327538 NA
17083 343915 NA
17084 343915 NA
17085 343915 NA
17086 361111 NA
17087 361111 NA
17088 379167 NA
17089 379167 NA
17092 418033 NA
17093 418033 NA
17094 437732 NA
17095 437732 NA
17096 458297 NA
17097 458297 NA
17098 458297 NA
17099 479975 NA
17100 502376 NA
17101 502376 NA
17102 502376 NA
17103 527354 NA
17104 527354 NA
17105 527354 NA
17106 520039 NA
17107 520039 NA
17108 520039 NA
17109 504862 NA
17110 504862 NA
17111 489998 NA
17112 489998 NA
17113 489998 NA
17114 473347 NA
17115 473347 NA
17117 477755 NA
17118 477755 NA
17119 466033 NA
17123 455204 NA
17124 455204 NA
17125 441571 NA
17126 441571 NA
17127 441571 NA
17129 434029 NA
17130 424409 NA
17131 424409 NA
17132 416451 NA
17133 416451 NA
17134 416451 NA
17135 419094 NA
17136 419094 NA
17138 439518 NA
17139 460704 NA
17140 481827 NA
17141 481827 NA
17142 504623 NA
17143 504623 NA
17144 529855 NA
17145 529855 NA
17146 555007 NA
17147 555007 NA
17148 582758 NA
17149 582758 NA
