"Index" "Price" "Volume"
16301 1e+06 NA
16302 1e+06 NA
16303 1e+06 NA
16304 1e+06 NA
16305 1e+06 NA
16306 1036839 NA
16307 1036839 NA
16308 1036839 NA
16309 1036839 NA
16310 1036839 NA
16311 1036839 NA
16312 1036839 NA
16313 1036839 NA
16314 1036839 NA
16315 1079288 NA
16316 1079288 NA
16317 1079288 NA
16318 1079288 NA
16319 1079288 NA
16320 1079288 NA
16321 1127763 NA
16322 1127763 NA
16323 1181004 NA
16324 1181004 NA
16325 1181004 NA
16326 1181004 NA
16327 1237972 NA
16328 1237972 NA
16329 1237972 NA
16330 1293024 NA
16331 1293024 NA
16332 1293024 NA
16333 1293024 NA
16334 1293024 NA
16335 1353455 NA
16336 1353455 NA
16337 1353455 NA
16338 1353455 NA
16339 1353455 NA
16340 1417984 NA
16341 1417984 NA
16342 1417984 NA
16343 1417984 NA
16344 1484871 NA
16345 1484871 NA
16346 1484871 NA
16347 1484871 NA
16348 1553233 NA
16349 1553233 NA
16350 1553233 NA
16351 1553233 NA
16352 1553233 NA
16353 1628100 NA
16354 1628100 NA
16355 1628100 NA
16356 1628100 NA
16357 1707582 NA
16358 1707582 NA
16359 1707582 NA
16360 1707582 NA
16361 1707582 NA
16362 1786697 NA
16363 1786697 NA
16364 1786697 NA
16365 1786697 NA
16366 1786697 NA
16367 1869241 NA
16368 1869241 NA
16369 1869241 NA
16370 1869241 NA
16371 1957399 NA
16372 1957399 NA
16373 1957399 NA
16374 1957399 NA
16375 1957399 NA
16376 1957399 NA
16377 2049250 NA
16378 2049250 NA
16379 2049250 NA
16380 2049250 NA
16381 2049250 NA
16382 2144857 NA
16383 2144857 NA
16384 2144857 NA
16385 2144857 NA
16386 2144857 NA
16387 2144857 NA
16388 2246492 NA
16389 2246492 NA
16390 2246492 NA
16391 2246492 NA
16392 2246492 NA
16393 2350146 NA
16394 2350146 NA
16395 2350146 NA
16396 2350146 NA
16397 2350146 NA
16398 2350146 NA
16399 2461538 NA
16400 2461538 NA
16401 2461538 NA
16402 2461538 NA
16403 2461538 NA
16404 2574054 NA
16405 2574054 NA
16406 2574054 NA
16407 2574054 NA
16408 2574054 NA
16409 2574054 NA
16410 2574054 NA
16411 2695681 NA
16412 2695681 NA
16413 2695681 NA
16414 2695681 NA
16415 2695681 NA
16416 2695681 NA
16417 2822311 NA
16418 2822311 NA
16419 2822311 NA
16420 2822311 NA
16421 2822311 NA
16422 2958487 NA
16423 2958487 NA
16424 2958487 NA
16425 2958487 NA
16426 2958487 NA
16427 2958487 NA
16428 3101787 NA
16429 3101787 NA
16430 3101787 NA
16431 3101787 NA
16432 3101787 NA
16433 3251367 NA
16434 3251367 NA
16435 3251367 NA
16436 3251367 NA
16437 3251367 NA
16438 3407200 NA
16439 3407200 NA
16440 3407200 NA
16441 3407200 NA
16442 3407200 NA
16443 3571228 NA
16444 3571228 NA
16445 3571228 NA
16446 3571228 NA
16447 3738877 NA
16448 3738877 NA
16449 3738877 NA
16450 3738877 NA
16451 3738877 NA
16452 3917558 NA
16453 3917558 NA
16454 3917558 NA
16455 3917558 NA
16456 3917558 NA
16457 3917558 NA
16458 4100768 NA
16459 4100768 NA
16460 4100768 NA
16461 4100768 NA
16462 4100768 NA
16463 4100768 NA
16464 4292079 NA
16465 4292079 NA
16466 4292079 NA
16467 4292079 NA
16468 4292079 NA
16469 4292079 NA
16470 4495690 NA
16471 4495690 NA
16472 4495690 NA
16473 4495690 NA
16474 4495690 NA
16475 4495690 NA
16476 4705421 NA
16477 4705421 NA
16478 4705421 NA
16479 4705421 NA
16480 4705421 NA
16481 4705421 NA
16482 4928610 NA
16483 4928610 NA
16484 4928610 NA
16485 4928610 NA
16486 4928610 NA
16487 4928610 NA
16488 4928610 NA
16489 5158207 NA
16490 5158207 NA
16491 5158207 NA
16492 5158207 NA
16493 5158207 NA
16494 5401341 NA
16495 5401341 NA
16496 5401341 NA
16497 5401341 NA
16498 5401341 NA
16499 5659398 NA
16500 5659398 NA
16501 5659398 NA
16502 5659398 NA
16503 5659398 NA
16504 5930873 NA
16505 5930873 NA
16506 5930873 NA
16507 5930873 NA
16508 5930873 NA
16509 6207890 NA
16510 6207890 NA
16511 6207890 NA
16512 6207890 NA
16513 6207890 NA
16514 6207890 NA
16515 6508738 NA
16516 6508738 NA
16517 6508738 NA
16518 6508738 NA
16519 6508738 NA
16520 6508738 NA
16521 6817827 NA
16522 6817827 NA
16523 6817827 NA
16524 6817827 NA
16525 6817827 NA
16526 6817827 NA
16527 7138587 NA
16528 7138587 NA
16529 7138587 NA
16530 7138587 NA
16531 7138587 NA
16532 7138587 NA
16533 7478742 NA
16534 7478742 NA
16535 7478742 NA
16536 7478742 NA
16537 7478742 NA
16538 7478742 NA
16539 7478742 NA
16540 7821404 NA
16541 7821404 NA
16542 7821404 NA
16543 7821404 NA
16544 7821404 NA
16545 7821404 NA
16546 7821404 NA
16547 8176638 NA
16548 8176638 NA
16549 8176638 NA
16550 8176638 NA
16551 8176638 NA
16552 8176638 NA
16553 8176638 NA
16554 8176638 NA
16555 8562844 NA
16556 8562844 NA
16557 8562844 NA
16558 8562844 NA
16559 8562844 NA
16560 8562844 NA
16561 8562844 NA
16562 8970299 NA
16563 8970299 NA
16564 8970299 NA
16565 8970299 NA
16566 8970299 NA
16567 8970299 NA
16568 9371265 NA
16569 9371265 NA
16570 9371265 NA
16571 9371265 NA
16572 9371265 NA
16573 9371265 NA
16574 9371265 NA
16575 9764653 NA
16576 9764653 NA
16577 9764653 NA
16578 9764653 NA
16579 9764653 NA
16580 9764653 NA
16581 9764653 NA
16582 10216763 NA
16583 10216763 NA
16584 10216763 NA
16585 10216763 NA
16586 10216763 NA
16587 10216763 NA
16588 10704284 NA
16589 10704284 NA
16590 10704284 NA
16591 10704284 NA
16592 10704284 NA
16593 10704284 NA
16594 10704284 NA
16595 11200147 NA
16596 11200147 NA
16597 11200147 NA
16598 11200147 NA
16599 11200147 NA
16600 11200147 NA
16601 11200147 NA
16602 11740481 NA
16603 11740481 NA
16604 11740481 NA
16605 11740481 NA
16606 11740481 NA
16607 11740481 NA
16608 11740481 NA
16609 12295579 NA
16610 12295579 NA
16611 12295579 NA
16612 12295579 NA
16613 12295579 NA
16614 12295579 NA
16615 12295579 NA
16616 12887019 NA
16617 12887019 NA
16618 12887019 NA
16619 12887019 NA
16620 12887019 NA
16621 12887019 NA
16622 12887019 NA
16623 13507559 NA
16624 13507559 NA
16625 13507559 NA
16626 13507559 NA
16627 13507559 NA
16628 13507559 NA
16629 13507559 NA
16630 14182937 NA
16631 14876095 NA
16632 14876095 NA
16633 15598009 NA
16634 15598009 NA
16635 15598009 NA
16636 16353351 NA
16637 16353351 NA
16638 16353351 NA
16639 17137232 NA
16640 17137232 NA
16641 17137232 NA
16642 17959954 NA
16643 17959954 NA
16644 17959954 NA
16645 18821447 NA
16646 18821447 NA
16647 18821447 NA
16648 19737029 NA
16649 19737029 NA
16650 19737029 NA
16651 20663261 NA
16652 20663261 NA
16653 20663261 NA
16654 20663261 NA
16655 21669442 NA
16656 21669442 NA
16657 21669442 NA
16658 22704022 NA
16659 22704022 NA
16660 22704022 NA
16661 22704022 NA
16662 23791817 NA
16663 23791817 NA
16665 24919380 NA
16666 24919380 NA
16668 24919380 NA
16669 26092363 NA
16670 26092363 NA
16671 26092363 NA
16672 26092363 NA
16673 27306474 NA
16674 27306474 NA
16675 27306474 NA
16676 27306474 NA
16677 28068251 NA
16678 28068251 NA
16679 28068251 NA
16680 28068251 NA
16681 27221409 NA
16682 27221409 NA
16683 27221409 NA
16684 27221409 NA
16685 26475177 NA
16686 26475177 NA
16687 26475177 NA
16688 26475177 NA
16689 26128290 NA
16690 26128290 NA
16691 26128290 NA
16692 25470923 NA
16693 25470923 NA
16694 25470923 NA
16695 25470923 NA
16696 25470923 NA
16697 25059495 NA
16698 25059495 NA
16699 25059495 NA
16700 25059495 NA
16701 24338733 NA
16702 24338733 NA
16703 24338733 NA
16704 24338733 NA
16705 24338733 NA
16706 24338733 NA
16707 24143154 NA
16708 24143154 NA
16709 24143154 NA
16710 24143154 NA
16711 25231726 NA
16712 25231726 NA
16715 26364878 NA
16717 26364878 NA
16719 26316107 NA
16720 26316107 NA
16721 26316107 NA
16722 26316107 NA
16723 26316107 NA
16724 26544641 NA
16725 26544641 NA
16726 26544641 NA
16727 26544641 NA
16728 25700840 NA
16730 25700840 NA
16731 25700840 NA
16732 24908495 NA
16733 24908495 NA
16734 24908495 NA
16735 24908495 NA
16736 24908495 NA
16737 24340259 NA
16738 24340259 NA
16739 24340259 NA
16740 24340259 NA
16741 24340259 NA
16742 23940811 NA
16743 23940811 NA
16744 23940811 NA
16745 23940811 NA
16746 23617784 NA
16747 23617784 NA
16748 23617784 NA
16749 23617784 NA
16750 24311939 NA
16751 24311939 NA
16752 24311939 NA
16753 24311939 NA
16754 25229008 NA
16755 25229008 NA
16756 25229008 NA
16757 25229008 NA
16759 24784263 NA
16760 24784263 NA
16761 24784263 NA
16762 24784263 NA
16763 24009407 NA
16764 24009407 NA
16765 24009407 NA
16766 23307514 NA
16767 23307514 NA
16768 23307514 NA
16769 23307514 NA
16770 23307514 NA
16771 22568349 NA
16772 22568349 NA
16773 22568349 NA
16774 22568349 NA
16775 22449553 NA
16776 22449553 NA
16777 22449553 NA
16778 22449553 NA
16779 22449553 NA
16780 22607374 NA
16781 22607374 NA
16782 22607374 NA
16783 22607374 NA
16784 22870646 NA
16785 22870646 NA
16786 22870646 NA
16787 22870646 NA
16788 22870646 NA
16789 23136850 NA
16790 23136850 NA
16791 23136850 NA
16792 23669342 NA
16793 23669342 NA
16794 23669342 NA
16795 23669342 NA
16796 24729155 NA
16797 24729155 NA
16798 24729155 NA
16799 24729155 NA
16800 25722762 NA
16801 25722762 NA
16802 25722762 NA
16803 25975575 NA
16804 25975575 NA
16805 25975575 NA
16807 25968074 NA
16808 25968074 NA
16809 25968074 NA
16810 25968074 NA
16811 25133212 NA
16812 25133212 NA
16813 25133212 NA
16814 24295786 NA
16815 24295786 NA
16816 24295786 NA
16817 23362431 NA
16818 23362431 NA
16820 23362431 NA
16821 22464097 NA
16822 22464097 NA
16823 22464097 NA
16824 22464097 NA
16825 21680879 NA
16826 21680879 NA
16827 21680879 NA
16828 21680879 NA
16829 20974055 NA
16830 20974055 NA
16831 20974055 NA
16832 20974055 NA
16833 20974055 NA
16834 20918195 NA
16835 20918195 NA
16836 20918195 NA
16837 21779627 NA
16838 21779627 NA
16839 21779627 NA
16840 21779627 NA
16841 21779627 NA
16842 22459954 NA
16843 22459954 NA
16844 22459954 NA
16845 22459954 NA
16847 23453143 NA
16849 23453143 NA
16850 24196334 NA
16851 24196334 NA
16852 24196334 NA
16853 24196334 NA
16854 24468035 NA
16855 24468035 NA
16856 24468035 NA
16857 24266186 NA
16858 24266186 NA
16859 24266186 NA
16860 24266186 NA
16861 23659758 NA
16862 23659758 NA
16863 23659758 NA
16864 23659758 NA
16865 24325376 NA
16866 24325376 NA
16867 24325376 NA
16869 25407810 NA
16870 25407810 NA
16871 25407810 NA
16872 25407810 NA
16873 25615065 NA
16874 25615065 NA
16875 25615065 NA
16876 25615065 NA
16878 25626886 NA
16879 25626886 NA
16880 25626886 NA
16881 25482070 NA
16884 25482070 NA
16885 25870318 NA
16886 25870318 NA
16887 25870318 NA
16888 25870318 NA
16889 25343184 NA
16890 25343184 NA
16892 25574833 NA
16893 25574833 NA
16894 25574833 NA
16895 25862713 NA
16896 25862713 NA
16897 25862713 NA
16898 25728396 NA
16899 25728396 NA
16900 25728396 NA
16901 25046942 NA
16902 25046942 NA
16903 25046942 NA
16904 24359167 NA
16905 24359167 NA
16906 24359167 NA
16907 23500639 NA
16908 23500639 NA
16909 23500639 NA
16910 23500639 NA
16911 22586271 NA
16912 22586271 NA
16913 22586271 NA
16914 22586271 NA
16915 21808058 NA
16916 21808058 NA
16917 21808058 NA
16918 21808058 NA
16919 20917804 NA
16920 20917804 NA
16921 20917804 NA
16922 20917804 NA
16923 20535063 NA
16924 20535063 NA
16925 20535063 NA
16926 20535063 NA
16927 20971066 NA
16928 20971066 NA
16929 20971066 NA
16930 20971066 NA
16931 20791458 NA
16932 20791458 NA
16933 20791458 NA
16934 20791458 NA
16935 19992886 NA
16937 19992886 NA
16938 19161975 NA
16939 19161975 NA
16940 19161975 NA
16941 19161975 NA
16942 18507376 NA
16943 18507376 NA
16944 18507376 NA
16945 18374219 NA
16946 18374219 NA
16949 18227228 NA
16950 18227228 NA
16951 18227228 NA
16952 18227228 NA
16953 18593975 NA
16954 18593975 NA
16955 18593975 NA
16956 18577365 NA
16957 18577365 NA
16958 18577365 NA
16959 18577365 NA
16960 18871509 NA
16967 19514319 NA
16968 19514319 NA
16969 19514319 NA
16970 19739559 NA
16971 19739559 NA
16972 19739559 NA
16974 20250111 NA
16975 20250111 NA
16976 21121771 NA
16977 21121771 NA
16978 21121771 NA
16979 21970808 NA
16980 21970808 NA
16981 22958807 NA
16982 22958807 NA
16984 23182881 NA
16985 23182881 NA
16986 23182881 NA
16987 23247946 NA
16988 23247946 NA
16989 23247946 NA
16990 22939129 NA
16991 22939129 NA
16992 22939129 NA
16993 22506565 NA
16994 22506565 NA
16999 21998427 NA
17000 21213708 NA
17001 21213708 NA
17006 20746641 NA
17007 20746641 NA
17014 20949632 NA
17015 21269935 NA
17016 21269935 NA
17017 21269935 NA
17018 21269935 NA
17019 21744561 NA
17020 21744561 NA
17021 21744561 NA
17022 21744561 NA
17023 22195000 NA
17024 22195000 NA
17025 22195000 NA
17026 22195000 NA
17027 22555798 NA
17028 22555798 NA
17029 22555798 NA
17031 22575409 NA
17032 22575409 NA
17033 22575409 NA
17034 22575409 NA
17035 22575409 NA
17036 22673535 NA
17037 22673535 NA
17038 22673535 NA
17039 22837426 NA
17040 22837426 NA
17042 22308177 NA
17044 22308177 NA
17045 22308177 NA
17046 21816388 NA
17047 21816388 NA
17048 21816388 NA
17049 21816388 NA
17050 21493025 NA
17051 21493025 NA
17052 21493025 NA
17053 21493025 NA
17054 21135435 NA
17055 21135435 NA
17056 21135435 NA
17057 21135435 NA
17058 21032708 NA
17059 21032708 NA
17060 21032708 NA
17061 21032708 NA
17062 20919696 NA
17063 20919696 NA
17064 20919696 NA
17069 20466979 NA
17070 20466979 NA
17071 20509803 NA
17072 20509803 NA
17073 20509803 NA
17075 21328800 NA
17076 21328800 NA
17077 21328800 NA
17078 21328800 NA
17079 22353421 NA
17080 22353421 NA
17081 22353421 NA
17083 22962090 NA
17084 22962090 NA
17085 22962090 NA
17086 22962090 NA
17087 23802073 NA
17088 23802073 NA
17089 23802073 NA
17091 24230945 NA
17092 24230945 NA
17093 24230945 NA
17094 24664285 NA
17095 24664285 NA
17096 24664285 NA
17097 24624014 NA
17098 24624014 NA
17099 24624014 NA
17100 24624014 NA
17101 24220111 NA
17102 24220111 NA
17103 24220111 NA
17104 24220111 NA
17105 23750406 NA
17106 23750406 NA
17107 23750406 NA
17108 23750406 NA
17109 22726905 NA
17110 22726905 NA
17111 22726905 NA
17112 22726905 NA
17113 22511616 NA
17114 22511616 NA
17115 22511616 NA
17117 22102431 NA
17118 22102431 NA
17119 22102431 NA
17123 22066285 NA
17124 22066285 NA
17125 22323159 NA
17126 22323159 NA
17127 22323159 NA
17129 22848522 NA
17130 22848522 NA
17131 22848522 NA
17132 22848522 NA
17133 22932143 NA
17134 22932143 NA
17135 22932143 NA
17136 23286042 NA
17138 23286042 NA
17139 23286042 NA
17140 22952767 NA
17141 22952767 NA
17142 22952767 NA
17143 22952767 NA
17144 23171517 NA
17145 23171517 NA
17146 23171517 NA
17147 23120835 NA
17148 23120835 NA
17149 23120835 NA
