"Index" "Price" "Volume"
15048 7500 NA
15056 7875 NA
15063 7875 NA
15070 7875 NA
15072 8217 NA
15079 8217 NA
15086 8217 NA
15087 8217 NA
15088 8590 NA
15095 8590 NA
15102 8590 NA
15104 8590 NA
15106 8974 NA
15113 8974 NA
15120 8974 NA
15122 8974 NA
15123 9379 NA
15130 9379 NA
15136 9379 NA
15140 9804 NA
15147 9804 NA
15150 9804 NA
15156 10200 NA
15163 10200 NA
15170 10200 NA
15172 10200 NA
15173 10600 NA
15180 10600 NA
15187 10600 NA
15189 11000 NA
15196 11000 NA
15203 11000 NA
15204 11000 NA
15207 11400 NA
15214 11300 NA
15221 11300 NA
15222 10800 NA
15227 10800 NA
15229 10400 NA
15235 10400 NA
15236 9919 NA
15243 9919 NA
15244 9919 NA
15247 9537 NA
15250 9537 NA
15257 9454 NA
15264 9454 NA
15270 9482 NA
15277 9482 NA
15281 9482 NA
15282 9571 NA
15289 9571 NA
15292 9571 NA
15297 9789 NA
15304 9789 NA
15311 9789 NA
15312 9789 NA
15313 9982 NA
15320 9982 NA
15326 9982 NA
15327 10018 NA
15334 10018 NA
15340 10018 NA
15341 9819 NA
15342 9819 NA
15343 9819 NA
15344 9819 NA
15345 9819 NA
15346 9819 NA
15347 9819 NA
15348 9819 NA
15349 9819 NA
15350 9819 NA
15351 9819 NA
15352 9819 NA
15353 9819 NA
15354 9819 NA
15355 9815 NA
15356 9815 NA
15357 9815 NA
15358 9815 NA
15359 9815 NA
15360 9815 NA
15361 9815 NA
15362 9815 NA
15363 9815 NA
15364 9815 NA
15365 9815 NA
15366 9815 NA
15367 9815 NA
15368 10153 NA
15369 10153 NA
15370 10153 NA
15371 10153 NA
15372 10153 NA
15373 10153 NA
15374 10153 NA
15375 10153 NA
15376 10153 NA
15377 10153 NA
15378 10153 NA
15379 10153 NA
15380 10153 NA
15381 10153 NA
15382 10166 NA
15383 10166 NA
15384 10166 NA
15385 10166 NA
15386 10166 NA
15387 10166 NA
15388 10166 NA
15389 10166 NA
15390 10166 NA
15391 10166 NA
15392 10166 NA
15393 10166 NA
15394 10166 NA
15395 10166 NA
15396 10166 NA
15397 10166 NA
15398 10166 NA
15399 10491 NA
15400 10491 NA
15401 10491 NA
15402 10491 NA
15403 10491 NA
15404 10491 NA
15405 10491 NA
15406 10491 NA
15407 10491 NA
15408 10491 NA
15409 10491 NA
15410 10491 NA
15411 10560 NA
15412 10560 NA
15413 10560 NA
15414 10560 NA
15415 10560 NA
15416 10560 NA
15417 10560 NA
15418 10560 NA
15419 10560 NA
15420 10970 NA
15421 10970 NA
15422 10970 NA
15423 10970 NA
15424 10970 NA
15425 10970 NA
15426 10970 NA
15427 10970 NA
15428 10970 NA
15429 10970 NA
15430 10970 NA
15431 10970 NA
15432 10853 NA
15433 10853 NA
15434 10853 NA
15435 10853 NA
15436 10853 NA
15437 10853 NA
15438 10853 NA
15439 10853 NA
15440 10853 NA
15441 10853 NA
15442 10853 NA
15443 10853 NA
15444 10853 NA
15445 10709 NA
15446 10709 NA
15447 10709 NA
15448 10709 NA
15449 10709 NA
15450 10709 NA
15451 10709 NA
15452 10709 NA
15453 10709 NA
15454 10709 NA
15455 10709 NA
15456 10709 NA
15457 10709 NA
15458 10709 NA
15459 10236 NA
15460 10236 NA
15461 10236 NA
15462 10236 NA
15463 10236 NA
15464 10236 NA
15465 10236 NA
15466 10236 NA
15467 10236 NA
15468 10236 NA
15469 10236 NA
15470 10236 NA
15471 10236 NA
15472 9758 NA
15473 9758 NA
15474 9758 NA
15475 9758 NA
15476 9758 NA
15477 9758 NA
15478 9758 NA
15479 9758 NA
15480 9758 NA
15481 9758 NA
15482 9758 NA
15483 9758 NA
15484 9310 NA
15485 9310 NA
15486 9310 NA
15487 9310 NA
15488 9310 NA
15489 9310 NA
15490 9310 NA
15491 9310 NA
15492 9310 NA
15493 9310 NA
15494 9310 NA
15495 8945 NA
15496 8945 NA
15497 8945 NA
15498 8945 NA
15499 8945 NA
15500 8945 NA
15501 8945 NA
15502 8945 NA
15503 8945 NA
15504 8945 NA
15505 8945 NA
15506 8860 NA
15507 8860 NA
15508 8860 NA
15509 8860 NA
15510 8860 NA
15511 8860 NA
15512 8860 NA
15513 8860 NA
15514 8860 NA
15515 8860 NA
15516 8471 NA
15517 8471 NA
15518 8471 NA
15519 8471 NA
15520 8471 NA
15521 8471 NA
15522 8471 NA
15523 8471 NA
15524 8471 NA
15525 8471 NA
15526 8471 NA
15527 8471 NA
15528 8493 NA
15529 8493 NA
15530 8493 NA
15531 8493 NA
15532 8493 NA
15533 8493 NA
15534 8493 NA
15535 8493 NA
15536 8493 NA
15537 8493 NA
15538 8493 NA
15539 8493 NA
15540 8493 NA
15541 8257 NA
15542 8257 NA
15543 8257 NA
15544 8257 NA
15545 8257 NA
15546 8257 NA
15547 8257 NA
15548 8257 NA
15549 8257 NA
15550 8257 NA
15551 8257 NA
15552 8257 NA
15553 8018 NA
15554 8018 NA
15555 8018 NA
15556 8018 NA
15557 8018 NA
15558 8018 NA
15559 8018 NA
15560 8018 NA
15561 8018 NA
15562 8018 NA
15563 7955 NA
15564 7955 NA
15565 7955 NA
15566 7955 NA
15567 7955 NA
15568 7955 NA
15569 7955 NA
15570 7955 NA
15571 7955 NA
15572 7955 NA
15573 7885 NA
15574 7885 NA
15575 7885 NA
15576 7885 NA
15577 7885 NA
15578 7885 NA
15579 7885 NA
15580 7885 NA
15581 7885 NA
15582 7885 NA
15583 7835 NA
15584 7835 NA
15585 7835 NA
15586 7835 NA
15587 7835 NA
15588 7835 NA
15589 7835 NA
15590 7835 NA
15591 7835 NA
15592 7835 NA
15593 7835 NA
15594 7775 NA
15595 7775 NA
15596 7775 NA
15597 7775 NA
15598 7775 NA
15599 7775 NA
15600 7775 NA
15601 7775 NA
15602 7775 NA
15603 7775 NA
15604 7775 NA
15605 7775 NA
15606 7827 NA
15607 7827 NA
15608 7827 NA
15609 7827 NA
15610 7827 NA
15611 7827 NA
15612 7827 NA
15613 7827 NA
15614 7827 NA
15615 7827 NA
15616 7827 NA
15617 7914 NA
15618 7914 NA
15619 7914 NA
15620 7914 NA
15621 7914 NA
15622 7914 NA
15623 7914 NA
15624 7914 NA
15625 7914 NA
15626 7914 NA
15627 7914 NA
15628 7942 NA
15629 7942 NA
15630 7942 NA
15631 7942 NA
15632 7942 NA
15633 7942 NA
15634 7942 NA
15635 7942 NA
15636 7942 NA
15637 7942 NA
15638 7942 NA
15639 7942 NA
15640 7876 NA
15641 7876 NA
15642 7876 NA
15643 7876 NA
15644 7876 NA
15645 7876 NA
15646 7876 NA
15647 7876 NA
15648 8137 NA
15649 8137 NA
15650 8137 NA
15651 8137 NA
15652 8137 NA
15653 8137 NA
15654 8137 NA
15655 8137 NA
15656 8137 NA
15657 8137 NA
15658 8137 NA
15659 8137 NA
15660 7903 NA
15661 7903 NA
15662 7903 NA
15663 7903 NA
15664 7903 NA
15665 7903 NA
15666 7903 NA
15667 7903 NA
15668 7903 NA
15669 7903 NA
15670 7903 NA
15671 7903 NA
15672 7903 NA
15673 7903 NA
15674 7903 NA
15675 7748 NA
15676 7748 NA
15677 7748 NA
15678 7748 NA
15679 7748 NA
15680 7748 NA
15681 7748 NA
15682 7748 NA
15683 7748 NA
15684 7748 NA
15685 7748 NA
15686 7748 NA
15687 7733 NA
15688 7733 NA
15689 7733 NA
15690 7733 NA
15691 7733 NA
15692 7733 NA
15693 7733 NA
15694 7733 NA
15695 7733 NA
15696 7733 NA
15697 7733 NA
15698 7733 NA
15699 7733 NA
15700 7733 NA
15701 7729 NA
15702 7729 NA
15703 7729 NA
15704 7729 NA
15705 7729 NA
15706 7729 NA
15707 7729 NA
15708 7729 NA
15709 7729 NA
15710 7729 NA
15711 7729 NA
15712 7729 NA
15713 7788 NA
15714 7788 NA
15715 7788 NA
15716 7788 NA
15717 7788 NA
15718 7788 NA
15719 7788 NA
15720 7788 NA
15721 7788 NA
15722 7788 NA
15723 7788 NA
15724 7788 NA
15725 7788 NA
15726 8122 NA
15727 8122 NA
15728 8122 NA
15729 8122 NA
15730 8122 NA
15731 8122 NA
15732 8122 NA
15733 8122 NA
15734 8523 NA
15735 8523 NA
15736 8523 NA
15737 8523 NA
15738 8523 NA
15739 8523 NA
15740 8523 NA
15741 8523 NA
15742 8523 NA
15743 8523 NA
15744 8523 NA
15745 8523 NA
15746 8816 NA
15747 8816 NA
15748 8816 NA
15749 8816 NA
15750 8816 NA
15751 8816 NA
15752 8816 NA
15753 8816 NA
15754 8816 NA
15755 8816 NA
15756 8816 NA
15757 8816 NA
15758 8816 NA
15759 8816 NA
15760 8816 NA
15761 9007 NA
15762 9007 NA
15763 9007 NA
15764 9007 NA
15765 9007 NA
15766 9007 NA
15767 9007 NA
15768 9007 NA
15769 9007 NA
15770 9007 NA
15771 9007 NA
15772 9007 NA
15773 9007 NA
15774 9007 NA
15775 9007 NA
15776 9007 NA
15777 9007 NA
15778 9007 NA
15779 9007 NA
15780 8864 NA
15781 8864 NA
15782 8864 NA
15783 8864 NA
15784 8864 NA
15785 8864 NA
15786 8864 NA
15787 8864 NA
15788 8864 NA
15789 8864 NA
15790 8864 NA
15791 8864 NA
15792 8864 NA
15793 8864 NA
15794 8864 NA
15795 8733 NA
15796 8733 NA
15797 8733 NA
15798 8733 NA
15799 8733 NA
15800 8733 NA
15801 8733 NA
15802 8733 NA
15803 8733 NA
15804 8733 NA
15805 8733 NA
15806 8733 NA
15807 8733 NA
15808 8733 NA
15809 8733 NA
15810 8749 NA
15811 8749 NA
15812 8749 NA
15813 8749 NA
15814 8749 NA
15815 8749 NA
15816 8749 NA
15817 8749 NA
15818 8749 NA
15819 8749 NA
15820 8749 NA
15821 8749 NA
15822 8749 NA
15823 8749 NA
15824 8749 NA
15825 8749 NA
15826 8749 NA
15827 8749 NA
15828 8749 NA
15829 8503 NA
15830 8503 NA
15831 8503 NA
15832 8503 NA
15833 8503 NA
15834 8503 NA
15835 8503 NA
15836 8503 NA
15837 8503 NA
15838 8503 NA
15839 8503 NA
15840 8503 NA
15841 8503 NA
15842 8503 NA
15843 8503 NA
15844 8503 NA
15845 8503 NA
15846 8503 NA
15847 8304 NA
15848 8304 NA
15849 8304 NA
15850 8304 NA
15851 8304 NA
15852 8304 NA
15853 8304 NA
15854 8304 NA
15855 8304 NA
15856 8304 NA
15857 8304 NA
15858 8304 NA
15859 8304 NA
15860 8304 NA
15861 8304 NA
15862 8304 NA
15863 8270 NA
15864 8270 NA
15865 8270 NA
15866 8270 NA
15867 8270 NA
15868 8270 NA
15869 8270 NA
15870 8270 NA
15871 8270 NA
15872 8270 NA
15873 8270 NA
15874 8270 NA
15875 8270 NA
15876 8241 NA
15877 8241 NA
15878 8241 NA
15879 8241 NA
15880 8241 NA
15881 8241 NA
15882 8241 NA
15883 8241 NA
15884 8241 NA
15885 8241 NA
15886 8241 NA
15887 8241 NA
15888 8241 NA
15889 8236 NA
15890 8236 NA
15891 8236 NA
15892 8236 NA
15893 8236 NA
15894 8236 NA
15895 8236 NA
15896 8236 NA
15897 8236 NA
15898 8236 NA
15899 8236 NA
15900 8236 NA
15901 8236 NA
15902 8236 NA
15903 8268 NA
15904 8300 NA
15905 8332 NA
15906 8363 NA
15907 8395 NA
15908 8427 NA
15909 8427 NA
15910 8427 NA
15911 8427 NA
15912 8427 NA
15913 8427 NA
15914 8427 NA
15915 8427 NA
15916 8427 NA
15917 8427 NA
15918 8427 NA
15919 8427 NA
15920 8427 NA
15921 8641 NA
15922 8641 NA
15923 8641 NA
15924 8641 NA
15925 8641 NA
15926 8641 NA
15927 8641 NA
15928 8641 NA
15929 8641 NA
15930 8641 NA
15931 8641 NA
15932 8641 NA
15933 8641 NA
15934 8641 NA
15935 8641 NA
15936 8641 NA
15937 8641 NA
15938 8641 NA
15939 8641 NA
15940 8889 NA
15941 8889 NA
15942 8889 NA
15943 8889 NA
15944 8889 NA
15945 8889 NA
15946 8889 NA
15947 8889 NA
15948 8889 NA
15949 8889 NA
15950 8889 NA
15951 8889 NA
15952 8889 NA
15953 8889 NA
15954 8889 NA
15955 8889 NA
15956 8889 NA
15957 8889 NA
15958 8889 NA
15959 8889 NA
15960 8889 NA
15961 8889 NA
15962 8889 NA
15963 9247 NA
15964 9247 NA
15965 9247 NA
15966 9247 NA
15967 9247 NA
15968 9247 NA
15969 9247 NA
15970 9247 NA
15971 9247 NA
15972 9247 NA
15973 9247 NA
15974 9247 NA
15975 9247 NA
15976 9247 NA
15977 9247 NA
15978 9247 NA
15979 9247 NA
15980 9247 NA
15981 9247 NA
15982 9686 NA
15983 9686 NA
15984 9686 NA
15985 9686 NA
15986 9686 NA
15987 9686 NA
15988 9686 NA
15989 9686 NA
15990 9686 NA
15991 9686 NA
15992 9686 NA
15993 9686 NA
15994 9686 NA
15995 9686 NA
15996 9686 NA
15997 9686 NA
15998 9686 NA
15999 9686 NA
16000 9686 NA
16001 10153 NA
16002 10153 NA
16003 10153 NA
16004 10153 NA
16005 10153 NA
16006 10153 NA
16007 10153 NA
16008 10153 NA
16009 10153 NA
16010 10153 NA
16011 10153 NA
16012 10153 NA
16013 10153 NA
16014 10153 NA
16015 10153 NA
16016 10153 NA
16017 10153 NA
16018 10153 NA
16019 10153 NA
16020 10153 NA
16021 10153 NA
16022 10648 NA
16023 10648 NA
16024 10648 NA
16025 10648 NA
16026 10648 NA
16027 10648 NA
16028 10648 NA
16029 10648 NA
16030 10648 NA
16031 10648 NA
16032 10648 NA
16033 10648 NA
16034 10648 NA
16035 10670 NA
16036 10692 NA
16037 10714 NA
16038 10736 NA
16039 10758 NA
16040 10780 NA
16041 10802 NA
16042 10802 NA
16043 10802 NA
16044 10802 NA
16045 10802 NA
16046 10802 NA
16047 10802 NA
16048 10802 NA
16049 10802 NA
16050 10802 NA
16051 10802 NA
16052 10802 NA
16053 10802 NA
16054 10802 NA
16055 10802 NA
16056 10802 NA
16057 10802 NA
16058 10814 NA
16059 10814 NA
16060 10814 NA
16061 10814 NA
16062 10814 NA
16063 10814 NA
16064 10814 NA
16065 10814 NA
16066 10814 NA
16067 10814 NA
16068 10814 NA
16069 10814 NA
16070 10814 NA
16071 10814 NA
16072 10971 NA
16073 10971 NA
16074 10971 NA
16075 10971 NA
16076 10971 NA
16077 10971 NA
16078 10971 NA
16079 10971 NA
16080 10971 NA
16081 10971 NA
16082 10971 NA
16083 10971 NA
16084 10971 NA
16085 10971 NA
16086 10971 NA
16087 10971 NA
16088 11099 NA
16089 11099 NA
16090 11099 NA
16091 11099 NA
16092 11099 NA
16093 11099 NA
16094 11099 NA
16095 11099 NA
16096 11099 NA
16097 11099 NA
16098 11099 NA
16099 11099 NA
16100 11099 NA
16101 11099 NA
16102 11099 NA
16103 10915 NA
16104 10915 NA
16105 10915 NA
16106 10915 NA
16107 10915 NA
16108 10915 NA
16109 10915 NA
16110 10915 NA
16111 10915 NA
16112 10915 NA
16113 10915 NA
16114 10915 NA
16115 10915 NA
16116 10915 NA
16117 10915 NA
16118 11394 NA
16119 11394 NA
16120 11394 NA
16121 11394 NA
16122 11394 NA
16123 11394 NA
16124 11394 NA
16125 11394 NA
16126 11667 NA
16127 11667 NA
16128 11667 NA
16129 11667 NA
16130 11667 NA
16131 11667 NA
16132 11667 NA
16133 11667 NA
16134 11667 NA
16135 11667 NA
16136 11667 NA
16137 11467 NA
16138 11467 NA
16139 11467 NA
16140 11467 NA
16141 11467 NA
16142 11467 NA
16143 11467 NA
16144 11467 NA
16145 11467 NA
16146 11467 NA
16147 11467 NA
16148 11467 NA
16149 11206 NA
16150 11206 NA
16151 11206 NA
16152 11206 NA
16153 11206 NA
16154 11206 NA
16155 11206 NA
16156 11206 NA
16157 11206 NA
16158 11206 NA
16159 11206 NA
16160 11206 NA
16161 11206 NA
16162 11206 NA
16163 11206 NA
16164 11489 NA
16165 11489 NA
16166 11489 NA
16167 11489 NA
16168 11489 NA
16169 11489 NA
16170 11489 NA
16171 11489 NA
16172 11489 NA
16173 11489 NA
16174 11489 NA
16175 11489 NA
16176 11489 NA
16177 11489 NA
16178 11489 NA
16179 11489 NA
16180 11282 NA
16181 11282 NA
16182 11282 NA
16183 11282 NA
16184 11282 NA
16185 11282 NA
16186 11282 NA
16187 11282 NA
16188 11282 NA
16189 11282 NA
16190 11282 NA
16191 11282 NA
16192 11282 NA
16193 11282 NA
16194 11282 NA
16195 11201 NA
16196 11201 NA
16197 11201 NA
16198 11201 NA
16199 11201 NA
16200 11201 NA
16201 10926 NA
16202 10926 NA
16203 10926 NA
16204 10926 NA
16205 10926 NA
16206 10472 NA
16207 10472 NA
16208 10472 NA
16209 10472 NA
16210 10472 NA
16211 10472 NA
16212 10472 NA
16213 10472 NA
16214 10472 NA
16215 10472 NA
16216 10051 NA
16217 10051 NA
16218 10051 NA
16219 10051 NA
16220 10051 NA
16221 10051 NA
16222 10051 NA
16223 10051 NA
16224 10051 NA
16225 10051 NA
16226 10051 NA
16227 9636 NA
16228 9636 NA
16229 9636 NA
16230 9636 NA
16231 9636 NA
16232 9636 NA
16233 9636 NA
16234 9636 NA
16235 9636 NA
16236 9636 NA
16237 9333 NA
16238 9333 NA
16239 9333 NA
16240 9333 NA
16241 9333 NA
16242 9333 NA
16243 9333 NA
16244 9333 NA
16245 9333 NA
16246 9333 NA
16247 9333 NA
16248 9044 NA
16249 9044 NA
16250 9044 NA
16251 9044 NA
16252 9044 NA
16253 9044 NA
16254 9044 NA
16255 9044 NA
16256 9044 NA
16257 9044 NA
16258 9044 NA
16259 8711 NA
16260 8711 NA
16261 8711 NA
16262 8711 NA
16263 8711 NA
16264 8711 NA
16265 8711 NA
16266 8711 NA
16267 8711 NA
16268 8711 NA
16269 8503 NA
16270 8503 NA
16271 8503 NA
16272 8503 NA
16273 8503 NA
16274 8503 NA
16275 8503 NA
16276 8503 NA
16277 8503 NA
16278 8503 NA
16279 8503 NA
16280 8333 NA
16281 8333 NA
16282 8333 NA
16283 8333 NA
16284 8333 NA
16285 8333 NA
16286 8333 NA
16287 8333 NA
16288 8333 NA
16289 8333 NA
16290 8219 NA
16291 8219 NA
16292 8219 NA
16293 8219 NA
16294 8219 NA
16295 8219 NA
16296 8219 NA
16297 8219 NA
16298 8219 NA
16299 8219 NA
16300 8357 NA
16301 8357 NA
16302 8357 NA
16303 8357 NA
16304 8357 NA
16305 8357 NA
16306 8357 NA
16307 8357 NA
16308 8357 NA
16309 8357 NA
16310 8357 NA
16311 8326 NA
16312 8326 NA
16313 8326 NA
16314 8326 NA
16315 8326 NA
16316 8326 NA
16317 8326 NA
16318 8326 NA
16319 8326 NA
16320 8326 NA
16321 8326 NA
16322 8301 NA
16323 8301 NA
16324 8301 NA
16325 8301 NA
16326 8301 NA
16327 8301 NA
16328 8301 NA
16329 8301 NA
16330 8301 NA
16331 8301 NA
16332 8082 NA
16333 8082 NA
16334 8082 NA
16335 8082 NA
16336 8082 NA
16337 8082 NA
16338 8082 NA
16339 8082 NA
16340 8082 NA
16341 8082 NA
16342 8082 NA
16343 8082 NA
16344 8010 NA
16345 8010 NA
16346 8010 NA
16347 8010 NA
16348 8010 NA
16349 8010 NA
16350 8010 NA
16351 8010 NA
16352 8010 NA
16353 8010 NA
16354 8010 NA
16355 8010 NA
16356 7886 NA
16357 7886 NA
16358 7886 NA
16359 7886 NA
16360 7886 NA
16361 7886 NA
16362 7886 NA
16363 7886 NA
16364 7886 NA
16365 7886 NA
16366 7886 NA
16367 7886 NA
16368 7886 NA
16369 7747 NA
16370 7747 NA
16371 7747 NA
16372 7747 NA
16373 7747 NA
16374 7747 NA
16375 7747 NA
16376 7747 NA
16377 7747 NA
16378 7823 NA
16379 7823 NA
16380 7823 NA
16381 7823 NA
16382 7823 NA
16383 7823 NA
16384 7823 NA
16385 7823 NA
16386 7823 NA
16387 7823 NA
16388 7823 NA
16389 7823 NA
16390 7823 NA
16391 7828 NA
16392 7828 NA
16393 7828 NA
16394 7828 NA
16395 7828 NA
16396 7828 NA
16397 7828 NA
16398 7828 NA
16399 7828 NA
16400 7828 NA
16401 7828 NA
16402 7828 NA
16403 7828 NA
16404 7919 NA
16405 7919 NA
16406 7919 NA
16407 7919 NA
16408 7919 NA
16409 7919 NA
16410 7919 NA
16411 7919 NA
16412 7995 NA
16413 7995 NA
16414 7995 NA
16415 7995 NA
16416 7995 NA
16417 7995 NA
16418 7995 NA
16419 7995 NA
16420 7995 NA
16421 7995 NA
16422 7995 NA
16423 7995 NA
16424 7995 NA
16425 8046 NA
16426 8046 NA
16427 8046 NA
16428 8046 NA
16429 8046 NA
16430 8046 NA
16431 8046 NA
16432 8046 NA
16433 8046 NA
16434 8046 NA
16435 8046 NA
16436 8046 NA
16437 8046 NA
16438 8069 NA
16439 8069 NA
16440 8069 NA
16441 8069 NA
16442 8069 NA
16443 8069 NA
16444 8069 NA
16445 8069 NA
16446 8069 NA
16447 8069 NA
16448 8069 NA
16449 8069 NA
16450 8069 NA
16451 8069 NA
16452 7959 NA
16453 7959 NA
16454 7959 NA
16455 7959 NA
16456 7959 NA
16457 7959 NA
16458 7959 NA
16459 7959 NA
16460 7959 NA
16461 7959 NA
16462 7959 NA
16463 7959 NA
16464 7959 NA
16465 7959 NA
16466 8199 NA
16467 8199 NA
16468 8199 NA
16469 8199 NA
16470 8199 NA
16471 8199 NA
16472 8199 NA
16473 8199 NA
16474 8199 NA
16475 8199 NA
16476 8199 NA
16477 8199 NA
16478 8199 NA
16479 8199 NA
16480 8199 NA
16481 8547 NA
16482 8547 NA
16483 8547 NA
16484 8547 NA
16485 8547 NA
16486 8547 NA
16487 8547 NA
16488 8547 NA
16489 8547 NA
16490 8547 NA
16491 8856 NA
16492 8856 NA
16493 8856 NA
16494 8856 NA
16495 8856 NA
16496 8856 NA
16497 8856 NA
16498 8856 NA
16499 8856 NA
16500 8856 NA
16501 8856 NA
16502 8791 NA
16503 8791 NA
16504 8791 NA
16505 8791 NA
16506 8791 NA
16507 8791 NA
16508 8791 NA
16509 8791 NA
16510 8791 NA
16511 8791 NA
16512 8791 NA
16513 8791 NA
16514 8568 NA
16515 8568 NA
16516 8568 NA
16517 8568 NA
16518 8568 NA
16519 8568 NA
16520 8568 NA
16521 8568 NA
16522 8568 NA
16523 8568 NA
16524 8568 NA
16525 8568 NA
16526 8568 NA
16527 8568 NA
16528 8568 NA
16529 8509 NA
16530 8509 NA
16531 8509 NA
16532 8509 NA
16533 8509 NA
16534 8509 NA
16535 8509 NA
16536 8509 NA
16537 8509 NA
16538 8509 NA
16539 8509 NA
16540 8509 NA
16541 8509 NA
16542 8509 NA
16543 8509 NA
16544 8509 NA
16545 8437 NA
16546 8437 NA
16547 8437 NA
16548 8437 NA
16549 8437 NA
16550 8437 NA
16551 8437 NA
16552 8437 NA
16553 8437 NA
16554 8437 NA
16555 8437 NA
16556 8437 NA
16557 8437 NA
16558 8437 NA
16559 8329 NA
16560 8329 NA
16561 8329 NA
16562 8329 NA
16563 8329 NA
16564 8329 NA
16565 8329 NA
16566 8329 NA
16567 8329 NA
16568 8329 NA
16569 8329 NA
16570 8329 NA
16571 8329 NA
16572 8329 NA
16573 8289 NA
16574 8289 NA
16575 8289 NA
16576 8289 NA
16577 8289 NA
16578 8289 NA
16579 8289 NA
16580 8289 NA
16581 8289 NA
16582 8289 NA
16583 8289 NA
16584 8289 NA
16585 8289 NA
16586 8289 NA
16587 8289 NA
16588 8289 NA
16589 8289 NA
16590 8289 NA
16591 8581 NA
16592 8581 NA
16593 8581 NA
16594 8581 NA
16595 8581 NA
16596 8581 NA
16597 8581 NA
16598 8581 NA
16599 8581 NA
16600 8581 NA
16601 8581 NA
16602 8581 NA
16603 8581 NA
16604 8581 NA
16605 8581 NA
16606 8581 NA
16607 8581 NA
16608 8581 NA
16609 8903 NA
16610 8903 NA
16611 8903 NA
16612 8903 NA
16613 8903 NA
16614 8903 NA
16615 8903 NA
16616 8903 NA
16617 8903 NA
16618 8903 NA
16619 8903 NA
16620 8903 NA
16621 8903 NA
16622 8903 NA
16623 8903 NA
16624 8903 NA
16625 8903 NA
16626 8903 NA
16627 8903 NA
16628 8903 NA
16629 9305 NA
16630 9305 NA
16631 9305 NA
16632 9305 NA
16633 9305 NA
16634 9305 NA
16635 9305 NA
16636 9305 NA
16637 9305 NA
16638 9305 NA
16639 9305 NA
16640 9305 NA
16641 9305 NA
16642 9305 NA
16643 9305 NA
16644 9305 NA
16645 9305 NA
16646 9305 NA
16647 9305 NA
16648 9305 NA
16649 9305 NA
16650 9305 NA
16651 9305 NA
16652 9675 NA
16653 9675 NA
16654 9675 NA
16655 9675 NA
16656 9675 NA
16657 9675 NA
16658 9675 NA
16659 9675 NA
16660 9675 NA
16661 9675 NA
16662 9675 NA
16663 9765 NA
16665 9765 NA
16666 9765 NA
16668 9708 NA
16669 9708 NA
16670 9708 NA
16671 9708 NA
16672 9708 NA
16673 9708 NA
16674 9708 NA
16675 9708 NA
16676 9708 NA
16677 9708 NA
16678 9708 NA
16679 9708 NA
16680 9708 NA
16681 9708 NA
16682 9708 NA
16683 9708 NA
16684 9708 NA
16685 9708 NA
16686 9708 NA
16687 9799 NA
16688 9799 NA
16689 9799 NA
16690 9799 NA
16691 9799 NA
16692 9799 NA
16693 9799 NA
16694 9799 NA
16695 9799 NA
16696 9799 NA
16697 9799 NA
16698 9799 NA
16699 9799 NA
16700 9799 NA
16701 9799 NA
16702 9799 NA
16703 9799 NA
16704 9799 NA
16705 9799 NA
16706 9799 NA
16707 10091 NA
16708 10091 NA
16709 10091 NA
16710 10091 NA
16711 10091 NA
16712 10091 NA
16715 10091 NA
16717 10091 NA
16719 10091 NA
16720 10091 NA
16721 10091 NA
16722 10091 NA
16723 10091 NA
16724 10091 NA
16725 10091 NA
16726 10091 NA
16727 10091 NA
16728 10291 NA
16730 10291 NA
16731 10291 NA
16732 10291 NA
16733 10291 NA
16734 10291 NA
16735 10291 NA
16736 10291 NA
16737 10291 NA
16738 10291 NA
16739 10291 NA
16740 10291 NA
16741 10291 NA
16742 10291 NA
16743 10291 NA
16744 10291 NA
16745 10291 NA
16746 10291 NA
16747 10291 NA
16748 10291 NA
16749 10291 NA
16750 10291 NA
16751 10291 NA
16752 10291 NA
16753 10291 NA
16754 10388 NA
16755 10388 NA
16756 10388 NA
16757 10388 NA
16759 10388 NA
16760 10388 NA
16761 10388 NA
16762 10388 NA
16763 10388 NA
16764 10388 NA
16765 10388 NA
16766 10388 NA
16767 10388 NA
16768 10388 NA
16769 10388 NA
16770 10388 NA
16771 10388 NA
16772 10388 NA
16773 10717 NA
16774 10717 NA
16775 10717 NA
16776 10717 NA
16777 10717 NA
16778 10717 NA
16779 10717 NA
16780 10717 NA
16781 10717 NA
16782 10717 NA
16783 10717 NA
16784 10717 NA
16785 10717 NA
16786 10717 NA
16787 10717 NA
16788 10717 NA
16789 10717 NA
16790 10717 NA
16791 10717 NA
16792 11232 NA
16793 11232 NA
16794 11232 NA
16795 11232 NA
16796 11232 NA
16797 11232 NA
16798 11232 NA
16799 11232 NA
16800 11232 NA
16801 11232 NA
16802 11521 NA
16803 11521 NA
16804 11521 NA
16805 11521 NA
16807 11521 NA
16808 11521 NA
16809 11521 NA
16810 11521 NA
16811 11521 NA
16812 11521 NA
16813 11521 NA
16814 11521 NA
16815 11521 NA
16816 11521 NA
16817 11521 NA
16818 11521 NA
16820 11521 NA
16821 11620 NA
16822 11620 NA
16823 11620 NA
16824 11620 NA
16825 11620 NA
16826 11620 NA
16827 11620 NA
16828 11620 NA
16829 11620 NA
16830 11620 NA
16831 11620 NA
16832 11620 NA
16833 11620 NA
16834 11620 NA
16835 11620 NA
16836 11620 NA
16837 11620 NA
16838 11620 NA
16839 11620 NA
16840 11620 NA
16841 11765 NA
16842 11765 NA
16843 11765 NA
16844 11765 NA
16845 11765 NA
16847 11765 NA
16849 11765 NA
16850 11765 NA
16851 11765 NA
16852 11765 NA
16853 11765 NA
16854 11765 NA
16855 11765 NA
16856 11765 NA
16857 11765 NA
16858 11765 NA
16859 11765 NA
16860 11765 NA
16861 11276 NA
16862 11276 NA
16863 11276 NA
16864 11276 NA
16865 11276 NA
16866 11276 NA
16867 11276 NA
16869 11276 NA
16870 11276 NA
16871 11276 NA
16872 11276 NA
16873 11276 NA
16874 11276 NA
16875 11276 NA
16876 11276 NA
16878 11276 NA
16879 11276 NA
16880 11276 NA
16881 11276 NA
16884 11774 NA
16885 11774 NA
16886 11774 NA
16887 11774 NA
16888 11774 NA
16889 11774 NA
16890 11774 NA
16892 11774 NA
16893 11774 NA
16894 11774 NA
16895 11774 NA
16896 11774 NA
16897 11774 NA
16898 11774 NA
16899 11774 NA
16900 11774 NA
16901 11774 NA
16902 11774 NA
16903 11774 NA
16904 11774 NA
16905 11774 NA
16906 11774 NA
16907 11774 NA
16908 11774 NA
16909 11875 NA
16910 11875 NA
16911 11875 NA
16912 11875 NA
16913 11875 NA
16914 11875 NA
16915 11875 NA
16916 11875 NA
16917 11875 NA
16918 11875 NA
16919 11875 NA
16920 11875 NA
16921 11875 NA
16922 11875 NA
16923 11875 NA
16924 11875 NA
16925 11875 NA
16926 11875 NA
16927 11875 NA
16928 11875 NA
16929 11875 NA
16930 12438 NA
16931 12438 NA
16932 12438 NA
16933 12438 NA
16934 12438 NA
16935 12438 NA
16937 12438 NA
16938 12438 NA
16939 12438 NA
16940 12438 NA
16941 12438 NA
16942 12438 NA
16943 12438 NA
16944 12438 NA
16945 12438 NA
16946 12438 NA
16949 12438 NA
16950 12438 NA
16951 12438 NA
16952 13018 NA
16953 13018 NA
16954 13018 NA
16955 13018 NA
16956 13018 NA
16957 13018 NA
16958 13018 NA
16959 13018 NA
16960 13018 NA
16967 13018 NA
16968 13018 NA
16969 13018 NA
16970 13018 NA
16971 13018 NA
16972 13018 NA
16974 13018 NA
16975 13018 NA
16976 13018 NA
16977 13018 NA
16978 13018 NA
16979 13018 NA
16980 13018 NA
16981 13461 NA
16982 13461 NA
16984 13461 NA
16985 13461 NA
16986 13461 NA
16987 13461 NA
16988 13461 NA
16989 13461 NA
16990 13461 NA
16991 13461 NA
16992 13461 NA
16993 13461 NA
16994 13461 NA
16999 13461 NA
17000 13461 NA
17001 13461 NA
17006 13461 NA
17007 13461 NA
17014 13577 NA
17015 13577 NA
17016 13577 NA
17017 13577 NA
17018 13577 NA
17019 13577 NA
17020 13577 NA
17021 13577 NA
17022 13577 NA
17023 13577 NA
17024 13577 NA
17025 13577 NA
17026 13577 NA
17027 13577 NA
17028 13577 NA
17029 13577 NA
17031 13577 NA
17032 13577 NA
17033 13577 NA
17034 13577 NA
17035 13577 NA
17036 13577 NA
17037 13577 NA
17038 13577 NA
17039 13577 NA
17040 13577 NA
17042 13577 NA
17044 13380 NA
17045 13380 NA
17046 13380 NA
17047 13380 NA
17048 13380 NA
17049 13380 NA
17050 13380 NA
17051 13380 NA
17052 13380 NA
17053 13380 NA
17054 13380 NA
17055 13380 NA
17056 13380 NA
17057 13380 NA
17058 13380 NA
17059 13380 NA
17060 13380 NA
17061 13380 NA
17062 13380 NA
17063 13380 NA
17064 13380 NA
17069 13741 NA
17070 13741 NA
17071 13741 NA
17072 13741 NA
17073 13741 NA
17075 13741 NA
17076 13741 NA
17077 13741 NA
17078 13741 NA
17079 13741 NA
17080 13741 NA
17081 13741 NA
17083 13741 NA
17084 13741 NA
17085 13741 NA
17086 13741 NA
17087 13741 NA
17088 13741 NA
17089 13741 NA
17091 13741 NA
17092 13741 NA
17093 13741 NA
17094 13741 NA
17095 13741 NA
17096 14112 NA
17097 14112 NA
17098 14112 NA
17099 14112 NA
17100 14112 NA
17101 14112 NA
17102 14112 NA
17103 14112 NA
17104 14112 NA
17105 14112 NA
17106 14112 NA
17107 14112 NA
17108 14112 NA
17109 14112 NA
17110 14112 NA
17111 14112 NA
17112 14112 NA
17113 14112 NA
17114 14112 NA
17115 14112 NA
17117 14112 NA
17118 14112 NA
17119 14112 NA
17123 14112 NA
17124 14112 NA
17125 14112 NA
17126 14112 NA
17127 14112 NA
17129 14112 NA
17130 14112 NA
17131 14112 NA
17132 14112 NA
17133 14112 NA
17134 14112 NA
17135 14761 NA
17136 14761 NA
17138 14761 NA
17139 14761 NA
17140 14761 NA
17141 14761 NA
17142 14761 NA
17143 14761 NA
17144 14761 NA
17145 14761 NA
17146 14761 NA
17147 14761 NA
17148 14761 NA
17149 14761 NA
