"Index" "Price" "Volume"
16384 6000 NA
16385 6000 NA
16386 6000 NA
16387 6000 NA
16388 6000 NA
16389 6000 NA
16390 6000 NA
16391 6000 NA
16392 6000 NA
16393 6000 NA
16394 6000 NA
16395 6000 NA
16396 5764 NA
16397 5764 NA
16398 5764 NA
16399 5764 NA
16400 5764 NA
16401 5764 NA
16402 5764 NA
16403 5764 NA
16404 5764 NA
16405 5764 NA
16406 5764 NA
16407 5764 NA
16408 5764 NA
16409 5764 NA
16410 5764 NA
16411 5764 NA
16412 5764 NA
16413 5764 NA
16414 5764 NA
16415 5764 NA
16416 5764 NA
16417 5764 NA
16418 5764 NA
16419 5764 NA
16420 5511 NA
16421 5511 NA
16422 5511 NA
16423 5511 NA
16424 5511 NA
16425 5511 NA
16426 5511 NA
16427 5511 NA
16428 5511 NA
16429 5511 NA
16430 5511 NA
16431 5511 NA
16432 5511 NA
16433 5511 NA
16434 5511 NA
16435 5511 NA
16436 5511 NA
16437 5511 NA
16438 5511 NA
16439 5511 NA
16440 5511 NA
16441 5511 NA
16442 5511 NA
16443 5511 NA
16444 5511 NA
16445 5278 NA
16446 5278 NA
16447 5278 NA
16448 5278 NA
16449 5278 NA
16450 5278 NA
16451 5278 NA
16452 5278 NA
16453 5278 NA
16454 5278 NA
16455 5278 NA
16456 5278 NA
16457 5278 NA
16458 5278 NA
16459 5278 NA
16460 5278 NA
16461 5278 NA
16462 5278 NA
16463 5278 NA
16464 5278 NA
16465 5278 NA
16466 5278 NA
16467 5278 NA
16468 5052 NA
16469 5052 NA
16470 5052 NA
16471 5052 NA
16472 5052 NA
16473 5052 NA
16474 5052 NA
16475 5052 NA
16476 5052 NA
16477 5052 NA
16478 5052 NA
16479 5052 NA
16480 5052 NA
16481 5052 NA
16482 4559 NA
16483 4559 NA
16484 4559 NA
16485 4559 NA
16486 4559 NA
16487 4559 NA
16488 4559 NA
16489 4559 NA
16490 4559 NA
16491 4559 NA
16492 4559 NA
16493 4559 NA
16494 4559 NA
16495 4559 NA
16496 4559 NA
16497 4559 NA
16498 4559 NA
16499 4559 NA
16500 4559 NA
16501 4559 NA
16502 4559 NA
16503 4559 NA
16504 4348 NA
16505 4348 NA
16506 4348 NA
16507 4348 NA
16508 4348 NA
16509 4348 NA
16510 4348 NA
16511 4348 NA
16512 4348 NA
16513 4348 NA
16514 4348 NA
16515 4348 NA
16516 4348 NA
16517 4348 NA
16518 4348 NA
16519 4348 NA
16520 4348 NA
16521 4348 NA
16522 4348 NA
16523 4348 NA
16524 4220 NA
16525 4220 NA
16526 4220 NA
16527 4220 NA
16528 4220 NA
16529 4220 NA
16530 4220 NA
16531 4220 NA
16532 4220 NA
16533 4220 NA
16534 4220 NA
16535 4220 NA
16536 4220 NA
16537 4220 NA
16538 4220 NA
16539 4220 NA
16540 4220 NA
16541 4220 NA
16542 4220 NA
16543 4132 NA
16544 4132 NA
16545 4132 NA
16546 4132 NA
16547 4132 NA
16548 4132 NA
16549 4132 NA
16550 4132 NA
16551 4188 NA
16552 4188 NA
16553 4188 NA
16554 4188 NA
16555 4188 NA
16556 4188 NA
16557 4188 NA
16558 4188 NA
16559 4188 NA
16560 4188 NA
16561 4188 NA
16562 4188 NA
16563 4188 NA
16564 4188 NA
16565 4188 NA
16566 4188 NA
16567 4188 NA
16568 4188 NA
16569 4188 NA
16570 4051 NA
16571 4051 NA
16572 4051 NA
16573 4051 NA
16574 4051 NA
16575 4051 NA
16576 4051 NA
16577 4051 NA
16578 4051 NA
16579 4051 NA
16580 4051 NA
16581 4051 NA
16582 4051 NA
16583 4051 NA
16584 4051 NA
16585 4051 NA
16586 4051 NA
16587 4051 NA
16588 4051 NA
16589 4051 NA
16590 4051 NA
16591 4051 NA
16592 4051 NA
16593 4051 NA
16594 4051 NA
16595 4051 NA
16596 3860 NA
16597 3860 NA
16598 3860 NA
16599 3860 NA
16600 3860 NA
16601 3860 NA
16602 3860 NA
16603 3860 NA
16604 3860 NA
16605 3860 NA
16606 3860 NA
16607 3860 NA
16608 3860 NA
16609 3860 NA
16610 3860 NA
16611 3860 NA
16612 3860 NA
16613 3860 NA
16614 3860 NA
16615 3860 NA
16616 3860 NA
16617 3860 NA
16618 3860 NA
16619 3860 NA
16620 3860 NA
16621 3860 NA
16622 3860 NA
16623 3860 NA
16624 3705 NA
16625 3705 NA
16626 3705 NA
16627 3705 NA
16628 3705 NA
16629 3705 NA
16630 3705 NA
16631 3705 NA
16632 3705 NA
16633 3705 NA
16634 3705 NA
16635 3705 NA
16636 3705 NA
16637 3705 NA
16638 3705 NA
16639 3705 NA
16640 3705 NA
16641 3705 NA
16642 3705 NA
16643 3705 NA
16644 3705 NA
16645 3705 NA
16646 3705 NA
16647 3705 NA
16648 3705 NA
16649 3705 NA
16650 3705 NA
16651 3705 NA
16652 3705 NA
16653 3637 NA
16654 3637 NA
16655 3637 NA
16656 3637 NA
16657 3637 NA
16658 3637 NA
16659 3637 NA
16660 3637 NA
16661 3637 NA
16662 3637 NA
16663 3637 NA
16665 3637 NA
16666 3637 NA
16668 3637 NA
16669 3637 NA
16670 3637 NA
16671 3637 NA
16672 3637 NA
16673 3637 NA
16674 3637 NA
16675 3637 NA
16676 3637 NA
16677 3637 NA
16678 3577 NA
16679 3577 NA
16680 3577 NA
16681 3577 NA
16682 3577 NA
16683 3577 NA
16684 3577 NA
16685 3577 NA
16686 3577 NA
16687 3577 NA
16688 3577 NA
16689 3577 NA
16690 3577 NA
16691 3577 NA
16692 3577 NA
16693 3577 NA
16694 3577 NA
16695 3577 NA
16696 3577 NA
16697 3577 NA
16698 3577 NA
16699 3662 NA
16700 3846 NA
16701 3846 NA
16702 4018 NA
16703 4018 NA
16704 4018 NA
16705 4199 NA
16706 4199 NA
16707 4199 NA
16708 4199 NA
16709 4398 NA
16710 4398 NA
16711 4398 NA
16712 4398 NA
16715 4614 NA
16717 4614 NA
16719 4614 NA
16720 4614 NA
16721 4810 NA
16722 4810 NA
16723 4810 NA
16724 4810 NA
16725 4810 NA
16726 4810 NA
16727 4810 NA
16728 4810 NA
16730 4810 NA
16731 5023 NA
16732 5023 NA
16733 5023 NA
16734 5023 NA
16735 5023 NA
16736 5023 NA
16737 5023 NA
16738 5023 NA
16739 5023 NA
16740 5023 NA
16741 5023 NA
16742 5023 NA
16743 5023 NA
16744 5023 NA
16745 5236 NA
16746 5236 NA
16747 5236 NA
16748 5236 NA
16749 5236 NA
16750 5236 NA
16751 5236 NA
16752 5236 NA
16753 5236 NA
16754 5236 NA
16755 5236 NA
16756 5236 NA
16757 5236 NA
16759 5493 NA
16760 5493 NA
16761 5493 NA
16762 5493 NA
16763 5493 NA
16764 5493 NA
16765 5493 NA
16766 5493 NA
16767 5493 NA
16768 5493 NA
16769 5493 NA
16770 5493 NA
16771 5493 NA
16772 5493 NA
16773 5493 NA
16774 5493 NA
16775 5493 NA
16776 5493 NA
16777 5729 NA
16778 5729 NA
16779 5729 NA
16780 5729 NA
16781 5729 NA
16782 5729 NA
16783 5729 NA
16784 5729 NA
16785 5729 NA
16786 5729 NA
16787 5729 NA
16788 5729 NA
16789 5729 NA
16790 5729 NA
16791 5978 NA
16792 5978 NA
16793 5978 NA
16794 5978 NA
16795 5978 NA
16796 5978 NA
16797 5978 NA
16798 5978 NA
16799 5978 NA
16800 5978 NA
16801 5978 NA
16802 5978 NA
16803 5978 NA
16804 6260 NA
16805 6260 NA
16807 6260 NA
16808 6260 NA
16809 6260 NA
16810 6260 NA
16811 6260 NA
16812 6260 NA
16813 6260 NA
16814 6260 NA
16815 6260 NA
16816 6260 NA
16817 6260 NA
16818 6260 NA
16820 6541 NA
16821 6541 NA
16822 6541 NA
16823 6541 NA
16824 6541 NA
16825 6541 NA
16826 6541 NA
16827 6541 NA
16828 6541 NA
16829 6541 NA
16830 6541 NA
16831 6541 NA
16832 6541 NA
16833 6541 NA
16834 6541 NA
16835 6541 NA
16836 6541 NA
16837 6541 NA
16838 6541 NA
16839 6541 NA
16840 6863 NA
16841 6863 NA
16842 6863 NA
16843 6863 NA
16844 6863 NA
16845 6863 NA
16847 6863 NA
16849 6863 NA
16850 6863 NA
16851 6863 NA
16852 6863 NA
16853 6863 NA
16854 6863 NA
16855 6863 NA
16856 6863 NA
16857 6863 NA
16858 6863 NA
16859 7151 NA
16860 7151 NA
16861 7151 NA
16862 7151 NA
16863 7151 NA
16864 7151 NA
16865 7151 NA
16866 7151 NA
16867 7151 NA
16869 7151 NA
16870 7151 NA
16871 7151 NA
16872 7487 NA
16873 7487 NA
16874 7487 NA
16875 7487 NA
16876 7487 NA
16878 7852 NA
16879 7852 NA
16880 7852 NA
16881 7852 NA
16884 7852 NA
16885 8147 NA
16886 8147 NA
16887 8147 NA
16888 8147 NA
16889 8147 NA
16890 8147 NA
16892 8147 NA
16893 8147 NA
16894 8147 NA
16895 8147 NA
16896 8543 NA
16897 8543 NA
16898 8543 NA
16899 8543 NA
16900 8543 NA
16901 8543 NA
16902 8543 NA
16903 8543 NA
16904 8543 NA
16905 8543 NA
16906 8543 NA
16907 8543 NA
16908 8957 NA
16909 8957 NA
16910 8957 NA
16911 8957 NA
16912 8957 NA
16913 8957 NA
16914 8957 NA
16915 8957 NA
16916 8957 NA
16917 8957 NA
16918 8957 NA
16919 8957 NA
16920 9396 NA
16921 9396 NA
16922 9396 NA
16923 9396 NA
16924 9396 NA
16925 9396 NA
16926 9396 NA
16927 9396 NA
16928 9396 NA
16929 9396 NA
16930 9396 NA
16931 9396 NA
16932 9816 NA
16933 9816 NA
16934 9816 NA
16935 9816 NA
16937 9816 NA
16938 9816 NA
16939 9816 NA
16940 9816 NA
16941 9816 NA
16942 9816 NA
16943 9816 NA
16944 9816 NA
16945 10246 NA
16946 10246 NA
16949 10246 NA
16950 10246 NA
16951 10246 NA
16952 10246 NA
16953 10246 NA
16954 10246 NA
16955 10246 NA
16956 10246 NA
16957 10246 NA
16958 10246 NA
16959 10714 NA
16960 10714 NA
16967 10714 NA
16968 10714 NA
16969 10714 NA
16970 10714 NA
16971 10714 NA
16972 11221 NA
16974 11221 NA
16975 11221 NA
16976 11221 NA
16977 11221 NA
16978 11221 NA
16979 11221 NA
16980 11221 NA
16981 11221 NA
16982 11221 NA
16984 11221 NA
16985 11221 NA
16986 11221 NA
16987 11699 NA
16988 11699 NA
16989 11699 NA
16990 11699 NA
16991 11699 NA
16992 11699 NA
16993 11699 NA
16994 11699 NA
16999 11699 NA
17000 12227 NA
17001 12227 NA
17006 12227 NA
17007 12227 NA
17014 12817 NA
17015 12817 NA
17016 12817 NA
17017 12817 NA
17018 12817 NA
17019 12817 NA
17020 12817 NA
17021 12817 NA
17022 12817 NA
17023 13371 NA
17024 13371 NA
17025 13371 NA
17026 13371 NA
17027 13371 NA
17028 13371 NA
17029 13371 NA
17031 13371 NA
17032 13371 NA
17033 13371 NA
17034 13371 NA
17035 13371 NA
17036 13371 NA
17037 13371 NA
17038 13960 NA
17039 13960 NA
17040 13960 NA
17042 13960 NA
17044 13960 NA
17045 13960 NA
17046 13960 NA
17047 13960 NA
17048 13960 NA
17049 13960 NA
17050 13960 NA
17051 13960 NA
17052 13960 NA
17053 13960 NA
17054 14551 NA
17055 14551 NA
17056 14551 NA
17057 14551 NA
17058 14551 NA
17059 14551 NA
17060 14551 NA
17061 14551 NA
17062 14551 NA
17063 14551 NA
17064 14551 NA
17069 15015 NA
17070 15015 NA
17071 15015 NA
17072 15015 NA
17073 15015 NA
17075 15015 NA
17076 15015 NA
17077 15015 NA
17078 15015 NA
17079 15015 NA
17080 15015 NA
17081 15015 NA
17083 15015 NA
17084 15015 NA
17085 15733 NA
17086 15733 NA
17087 15733 NA
17088 15733 NA
17089 15733 NA
17091 15733 NA
17092 15733 NA
17093 15733 NA
17094 15733 NA
17095 15733 NA
17096 15733 NA
17097 15733 NA
17098 15733 NA
17099 15733 NA
17100 15733 NA
17101 15733 NA
17102 15733 NA
17103 16383 NA
17104 16383 NA
17105 16383 NA
17106 16383 NA
17107 16383 NA
17108 16383 NA
17109 16383 NA
17110 16383 NA
17111 16383 NA
17112 16383 NA
17113 16383 NA
17114 16383 NA
17115 16383 NA
17117 16383 NA
17118 16383 NA
17119 16383 NA
17123 16383 NA
17124 16383 NA
17125 16383 NA
17126 17081 NA
17127 17081 NA
17129 17081 NA
17130 17081 NA
17131 17081 NA
17132 17081 NA
17133 17081 NA
17134 17081 NA
17135 17081 NA
17136 17081 NA
17138 17081 NA
17139 17081 NA
17140 17081 NA
17141 17081 NA
17142 17081 NA
17143 17081 NA
17144 17081 NA
17145 17904 NA
17146 17904 NA
17147 17904 NA
