"Index" "Price" "Volume"
14019 6753 NA
14020 5403 NA
14021 5403 NA
14022 5403 NA
14023 4522 NA
14024 4522 NA
14025 3991 NA
14026 3991 NA
14027 3991 NA
14028 3991 NA
14029 4432 NA
14030 4432 NA
14031 4432 NA
14032 4432 NA
14033 5206 NA
14034 5206 NA
14035 5206 NA
14036 5206 NA
14037 5206 NA
14038 5206 NA
14039 5271 NA
14040 5271 NA
14041 5271 NA
14042 5340 NA
14043 5340 NA
14044 5340 NA
14045 5390 NA
14046 5390 NA
14047 5390 NA
14048 5390 NA
14049 5644 NA
14050 5644 NA
14051 5644 NA
14052 5904 NA
14053 5904 NA
14054 5904 NA
14055 6115 NA
14056 6115 NA
14057 6115 NA
14058 6300 NA
14059 6300 NA
14060 6356 NA
14061 6356 NA
14062 6107 NA
14063 6107 NA
14064 6107 NA
14065 6092 NA
14066 6092 NA
14067 6092 NA
14068 6069 NA
14069 6196 NA
14070 6196 NA
14071 6196 NA
14072 6229 NA
14073 6229 NA
14074 6182 NA
14075 6182 NA
14076 6182 NA
14077 6219 NA
14078 6219 NA
14079 6295 NA
14080 6295 NA
14081 6295 NA
14082 6345 NA
14083 6345 NA
14084 6319 NA
14085 6319 NA
14086 6319 NA
14087 6126 NA
14088 6092 NA
14089 6058 NA
14090 6058 NA
14091 6132 NA
14092 6132 NA
14093 6106 NA
14094 6106 NA
14095 6181 NA
14096 6173 NA
14097 6173 NA
14098 6173 NA
14099 6225 NA
14100 6225 NA
14101 6366 NA
14102 6366 NA
14103 6301 NA
14104 6301 NA
14105 6277 NA
14106 6277 NA
14107 6277 NA
14108 6251 NA
14109 6336 NA
14110 6336 NA
14111 6232 NA
14112 6232 NA
14113 6232 NA
14114 6162 NA
14115 6162 NA
14116 6196 NA
14117 6196 NA
14118 6196 NA
14119 6066 NA
14120 6066 NA
14121 6011 NA
14122 6011 NA
14123 6011 NA
14124 5869 NA
14125 5869 NA
14126 5738 NA
14127 5738 NA
14128 5738 NA
14129 5751 NA
14130 5751 NA
14131 5751 NA
14132 5784 NA
14133 5784 NA
14134 5784 NA
14135 5868 NA
14136 5868 NA
14137 5804 NA
14138 5804 NA
14139 5804 NA
14140 5738 NA
14141 5738 NA
14142 5850 NA
14143 5850 NA
14144 5850 NA
14145 5850 NA
14146 5896 NA
14147 5896 NA
14148 5896 NA
14149 5642 NA
14150 5642 NA
14151 5642 NA
14152 5616 NA
14153 5616 NA
14154 5616 NA
14155 5859 NA
14156 5989 NA
14157 5989 NA
14158 6208 NA
14159 6208 NA
14160 6208 NA
14161 6208 NA
14162 6141 NA
14163 6141 NA
14164 6180 NA
14165 6180 NA
14166 6180 NA
14167 6212 NA
14168 6212 NA
14169 6212 NA
14170 6186 NA
14171 6333 NA
14172 6333 NA
14173 6333 NA
14174 6333 NA
14175 6258 NA
14176 6258 NA
14177 6100 NA
14178 6100 NA
14179 6100 NA
14180 6131 NA
14181 6131 NA
14182 6131 NA
14183 6131 NA
14184 5992 NA
14185 6080 NA
14186 6080 NA
14187 6080 NA
14188 6080 NA
14189 5990 NA
14190 5990 NA
14191 5990 NA
14192 5820 NA
14193 5820 NA
14194 5820 NA
14195 5656 NA
14196 5656 NA
14197 5656 NA
14198 5669 NA
14199 5589 NA
14200 5589 NA
14201 5589 NA
14202 5589 NA
14203 5495 NA
14204 5495 NA
14205 5495 NA
14206 5446 NA
14207 5446 NA
14208 5446 NA
14209 5446 NA
14210 5273 NA
14211 5273 NA
14212 5273 NA
14213 5207 NA
14214 5207 NA
14215 5127 NA
14216 5127 NA
14217 5127 NA
14218 5140 NA
14219 5140 NA
14220 5338 NA
14221 5338 NA
14222 5338 NA
14223 5318 NA
14224 5083 NA
14225 5083 NA
14226 4854 NA
14227 4747 NA
14228 4677 NA
14229 4677 NA
14230 4574 NA
14231 4374 NA
14232 4374 NA
14233 4326 NA
14234 4326 NA
14235 4396 NA
14236 4579 NA
14237 4579 NA
14238 4764 NA
14239 4764 NA
14240 4764 NA
14241 5228 NA
14242 5228 NA
14243 5440 NA
14244 5440 NA
14245 5440 NA
14246 5470 NA
14247 5470 NA
14248 5557 NA
14249 5557 NA
14250 5634 NA
14251 5909 NA
14252 5909 NA
14253 5992 NA
14254 6135 NA
14255 6135 NA
14256 6135 NA
14257 6082 NA
14258 6082 NA
14259 5976 NA
14260 5976 NA
14261 5854 NA
14262 5736 NA
14263 5736 NA
14264 5633 NA
14265 5569 NA
14266 5569 NA
14267 5634 NA
14268 5634 NA
14269 5670 NA
14270 5670 NA
14271 5886 NA
14272 6159 NA
14273 6159 NA
14274 6431 NA
14275 6725 NA
14276 7013 NA
14277 7013 NA
14278 7206 NA
14279 7206 NA
14280 7470 NA
14281 7839 NA
14282 8200 NA
14283 8200 NA
14284 8183 NA
14285 7531 NA
14286 7214 NA
14287 6853 NA
14288 6525 NA
14289 6243 NA
14290 5972 NA
14291 5400 NA
14292 4904 NA
14293 4904 NA
14294 4596 NA
14295 4596 NA
14296 4235 NA
14297 4235 NA
14298 4111 NA
14299 4103 NA
14300 4225 NA
14301 4336 NA
14302 4630 NA
14303 4780 NA
14304 4849 NA
14305 5034 NA
14306 5237 NA
14307 5439 NA
14308 5439 NA
14309 5653 NA
14310 5657 NA
14311 5556 NA
14312 5321 NA
14313 5289 NA
14314 5289 NA
14315 5306 NA
14316 5407 NA
14317 5407 NA
14318 5406 NA
14319 5345 NA
14320 5345 NA
14321 5185 NA
14322 5185 NA
14323 5050 NA
14324 5050 NA
14325 5048 NA
14326 5237 NA
14327 5237 NA
14328 5331 NA
14329 5517 NA
14330 5779 NA
14331 5779 NA
14332 6034 NA
14333 6034 NA
14334 6093 NA
14335 6093 NA
14336 6016 NA
14337 6016 NA
14338 6002 NA
14339 6005 NA
14340 6005 NA
14341 5877 NA
14342 5854 NA
14343 5883 NA
14344 5883 NA
14345 5914 NA
14346 5878 NA
14347 5878 NA
14348 5878 NA
14349 5939 NA
14350 6021 NA
14351 6021 NA
14352 5997 NA
14353 5872 NA
14354 5872 NA
14355 5872 NA
14356 5791 NA
14357 5791 NA
14358 5650 NA
14359 5640 NA
14360 5640 NA
14361 5731 NA
14362 5725 NA
14363 5725 NA
14364 5658 NA
14365 5658 NA
14366 5635 NA
14367 5597 NA
14368 5597 NA
14369 5643 NA
14370 5643 NA
14371 5543 NA
14372 5427 NA
14373 5436 NA
14374 5436 NA
14375 5403 NA
14376 5403 NA
14377 5250 NA
14378 5250 NA
14379 5051 NA
14380 5051 NA
14381 4916 NA
14382 4916 NA
14383 4968 NA
14384 5094 NA
14385 5094 NA
14386 5236 NA
14387 5484 NA
14388 5484 NA
14389 5684 NA
14390 5651 NA
14391 5651 NA
14392 5673 NA
14393 5673 NA
14394 5776 NA
14395 5860 NA
14396 5860 NA
14397 5740 NA
14398 5740 NA
14399 5757 NA
14400 5636 NA
14401 5636 NA
14402 5641 NA
14403 5641 NA
14404 5718 NA
14405 5708 NA
14406 5708 NA
14407 5596 NA
14408 5596 NA
14409 5410 NA
14410 5354 NA
14411 5354 NA
14412 5183 NA
14413 5123 NA
14414 5123 NA
14415 5123 NA
14416 5076 NA
14417 5076 NA
14418 5082 NA
14419 5100 NA
14420 5035 NA
14421 5035 NA
14422 5035 NA
14423 4918 NA
14424 4918 NA
14425 4946 NA
14426 4946 NA
14427 5023 NA
14428 5023 NA
14429 5126 NA
14430 5126 NA
14431 5195 NA
14432 5343 NA
14433 5343 NA
14434 5343 NA
14435 5450 NA
14436 5478 NA
14437 5478 NA
14438 5629 NA
14439 5793 NA
14440 5793 NA
14441 5902 NA
14442 5902 NA
14443 5947 NA
14444 6001 NA
14445 6001 NA
14446 6198 NA
14447 6203 NA
14448 6203 NA
14449 6246 NA
14450 6222 NA
14451 6222 NA
14452 6243 NA
14453 6175 NA
14454 6175 NA
14455 6175 NA
14456 6170 NA
14457 6170 NA
14458 6136 NA
14459 6297 NA
14460 6297 NA
14461 6344 NA
14462 6344 NA
14463 6398 NA
14464 6610 NA
14465 6921 NA
14466 7255 NA
14467 7040 NA
14468 6822 NA
14469 6526 NA
14470 6217 NA
14471 5832 NA
14472 5719 NA
14473 5719 NA
14474 6027 NA
14475 6201 NA
14476 6201 NA
14477 6404 NA
14478 6404 NA
14479 6278 NA
14480 6286 NA
14481 6225 NA
14482 6225 NA
14483 6285 NA
14484 6285 NA
14485 6383 NA
14486 6535 NA
14487 6760 NA
14488 6882 NA
14489 6708 NA
14490 6720 NA
14491 6720 NA
14492 6798 NA
14493 6798 NA
14494 6804 NA
14495 6804 NA
14496 6590 NA
14497 6590 NA
14498 6302 NA
14499 6012 NA
14500 5792 NA
14501 5573 NA
14502 5573 NA
14503 5405 NA
14504 5437 NA
14505 5437 NA
14506 5437 NA
14507 5685 NA
14508 5936 NA
14509 5936 NA
14510 5928 NA
14511 5928 NA
14512 5885 NA
14513 5885 NA
14514 6063 NA
14515 6325 NA
14516 6325 NA
14517 6599 NA
14518 6599 NA
14519 6912 NA
14520 6912 NA
14521 7173 NA
14522 7514 NA
14523 7514 NA
14524 7856 NA
14525 7856 NA
14526 8235 NA
14527 8235 NA
14528 8647 NA
14529 8647 NA
14530 9079 NA
14531 9079 NA
14532 9124 NA
14533 9013 NA
14534 9013 NA
14535 8928 NA
14536 8762 NA
14537 8762 NA
14538 8741 NA
14539 8741 NA
14540 8741 NA
14541 8960 NA
14542 9092 NA
14543 9155 NA
14544 9155 NA
14545 9205 NA
14546 9205 NA
14547 9215 NA
14548 9109 NA
14549 9088 NA
14550 9088 NA
14551 8992 NA
14552 8992 NA
14553 8926 NA
14554 8926 NA
14555 8897 NA
14556 8897 NA
14557 8927 NA
14558 9199 NA
14559 9199 NA
14560 9199 NA
14561 8937 NA
14562 8937 NA
14563 8697 NA
14564 8746 NA
14565 8787 NA
14566 8787 NA
14567 8787 NA
14568 8998 NA
14569 8741 NA
14570 8741 NA
14571 8741 NA
14572 8603 NA
14573 8603 NA
14574 8658 NA
14575 8658 NA
14576 8586 NA
14577 8586 NA
14578 8407 NA
14579 8407 NA
14580 8172 NA
14581 8172 NA
14582 8303 NA
14583 8303 NA
14584 8490 NA
14585 8463 NA
14586 8463 NA
14587 8463 NA
14588 8494 NA
14589 8494 NA
14590 8389 NA
14591 8494 NA
14592 8494 NA
14593 8670 NA
14594 8670 NA
14595 8996 NA
14596 8996 NA
14597 9174 NA
14598 8920 NA
14599 8740 NA
14600 8740 NA
14601 8757 NA
14602 8757 NA
14603 8673 NA
14604 8925 NA
14605 8841 NA
14606 8841 NA
14607 9192 NA
14608 9192 NA
14609 9240 NA
14610 9240 NA
14611 9216 NA
14612 9380 NA
14613 9407 NA
14614 9538 NA
14615 9538 NA
14616 9246 NA
14617 9058 NA
14618 9058 NA
14619 8913 NA
14620 8913 NA
14621 8615 NA
14622 8615 NA
14623 8360 NA
14624 8360 NA
14625 8904 NA
14626 9126 NA
14627 9126 NA
14628 9190 NA
14629 9132 NA
14630 9132 NA
14631 9165 NA
14632 9165 NA
14633 9224 NA
14634 9224 NA
14635 9224 NA
14636 9068 NA
14637 9127 NA
14638 9158 NA
14639 9477 NA
14640 9522 NA
14641 9522 NA
14642 9522 NA
14643 9664 NA
14644 9664 NA
14645 9903 NA
14646 9846 NA
14647 9758 NA
14648 9819 NA
14649 9819 NA
14650 9756 NA
14651 9756 NA
14653 9687 NA
14654 10000 NA
14655 10200 NA
14656 10200 NA
14657 10400 NA
14658 10900 NA
14659 10800 NA
14660 10800 NA
14661 10600 NA
14662 10500 NA
14663 10500 NA
14664 10300 NA
14665 10100 NA
14666 9995 NA
14667 10500 NA
14668 10500 NA
14669 11400 NA
14670 11400 NA
14671 12000 NA
14672 13100 NA
14673 13100 NA
14674 13700 NA
14675 13800 NA
14676 13700 NA
14677 13400 NA
14678 13200 NA
14679 14500 NA
14680 14500 NA
14681 15300 NA
14682 14700 NA
14683 14200 NA
14684 14200 NA
14685 13800 NA
14686 13400 NA
14687 13000 NA
14688 12700 NA
14689 12000 NA
14690 11600 NA
14691 11300 NA
14692 11300 NA
14693 10700 NA
14694 10300 NA
14695 10300 NA
14696 9809 NA
14697 9640 NA
14698 9158 NA
14699 8962 NA
14700 8661 NA
14701 8408 NA
14702 7987 NA
14703 7600 NA
14704 7354 NA
14705 7432 NA
14706 7432 NA
14707 7782 NA
14708 8068 NA
14709 8068 NA
14710 8138 NA
14711 8028 NA
14712 8028 NA
14713 8028 NA
14714 8073 NA
14715 8073 NA
14716 8073 NA
14717 8380 NA
14718 8453 NA
14719 8453 NA
14720 8512 NA
14721 8512 NA
14722 8305 NA
14723 8305 NA
14724 8530 NA
14725 8530 NA
14726 8583 NA
14727 8583 NA
14728 8583 NA
14729 8351 NA
14730 8351 NA
14731 8335 NA
14732 8616 NA
14733 8616 NA
14734 8584 NA
14735 8584 NA
14736 8531 NA
14737 8531 NA
14738 8444 NA
14739 8444 NA
14740 8456 NA
14741 8456 NA
14742 8533 NA
14743 8905 NA
14744 9159 NA
14745 9159 NA
14746 9458 NA
14747 9458 NA
14748 9712 NA
14749 9712 NA
14750 10100 NA
14751 10300 NA
14752 10400 NA
14753 10400 NA
14754 10500 NA
14755 10400 NA
14756 10400 NA
14757 10100 NA
14758 9818 NA
14759 9499 NA
14760 9437 NA
14761 9682 NA
14762 9540 NA
14763 9540 NA
14764 9408 NA
14765 9408 NA
14766 9488 NA
14767 9363 NA
14768 9413 NA
14769 9413 NA
14770 9698 NA
14771 10000 NA
14772 10000 NA
14773 9974 NA
14774 9974 NA
14775 10100 NA
14776 10200 NA
14777 10200 NA
14778 9839 NA
14779 9839 NA
14780 10000 NA
14781 9767 NA
14782 9616 NA
14783 9616 NA
14784 9609 NA
14785 9609 NA
14786 9521 NA
14787 9521 NA
14788 9843 NA
14789 10100 NA
14790 10100 NA
14791 10100 NA
14792 10300 NA
14793 10500 NA
14794 10800 NA
14795 11800 NA
14796 11800 NA
14797 12200 NA
14798 12300 NA
14799 12400 NA
14800 12400 NA
14801 11900 NA
14802 11900 NA
14803 11500 NA
14804 11500 NA
14805 11600 NA
14806 11600 NA
14807 11800 NA
14808 12100 NA
14809 12000 NA
14810 12000 NA
14811 12000 NA
14812 11800 NA
14813 11500 NA
14814 11500 NA
14815 11200 NA
14816 11300 NA
14817 11200 NA
14818 10800 NA
14819 10500 NA
14820 10500 NA
14821 10500 NA
14822 11000 NA
14823 11100 NA
14824 11100 NA
14825 10800 NA
14826 10400 NA
14827 10400 NA
14828 10300 NA
14829 10300 NA
14830 10000 NA
14831 10400 NA
14832 10700 NA
14833 10700 NA
14834 11200 NA
14835 11300 NA
14836 11600 NA
14837 11700 NA
14838 12200 NA
14839 12200 NA
14840 13300 NA
14841 13300 NA
14842 13800 NA
14843 14300 NA
14844 14100 NA
14845 14500 NA
14846 14500 NA
14847 15400 NA
14848 15900 NA
14849 15900 NA
14850 15400 NA
14851 14600 NA
14852 14100 NA
14853 13500 NA
14854 13500 NA
14855 13200 NA
14856 13800 NA
14857 14800 NA
14858 14800 NA
14859 14600 NA
14860 14600 NA
14861 14000 NA
14862 13500 NA
14863 13500 NA
14864 12800 NA
14865 12400 NA
14866 11800 NA
14867 11800 NA
14868 11400 NA
14869 10900 NA
14870 10800 NA
14871 10800 NA
14872 10500 NA
14873 10500 NA
14874 10600 NA
14875 10600 NA
14876 10800 NA
14877 11300 NA
14878 11700 NA
14879 12300 NA
14880 11900 NA
14881 11900 NA
14882 11500 NA
14883 11500 NA
14884 11600 NA
14885 11800 NA
14886 11800 NA
14887 11800 NA
14888 11700 NA
14889 12300 NA
14890 12500 NA
14891 12500 NA
14892 12600 NA
14893 12600 NA
14894 12600 NA
14895 13000 NA
14896 13200 NA
14897 13500 NA
14898 13500 NA
14899 13400 NA
14900 13200 NA
14901 13000 NA
14902 13000 NA
14903 12900 NA
14904 12900 NA
14905 12700 NA
14906 12500 NA
14907 12500 NA
14908 12500 NA
14909 12600 NA
14910 12600 NA
14911 12900 NA
14912 13300 NA
14913 13400 NA
14914 13400 NA
14915 13400 NA
14916 13000 NA
14917 13000 NA
14918 12400 NA
14920 12000 NA
14921 11800 NA
14922 12200 NA
14923 12200 NA
14924 12000 NA
14925 12000 NA
14926 11900 NA
14927 11700 NA
14928 11500 NA
14929 11500 NA
14930 11400 NA
14931 11700 NA
14932 11700 NA
14933 12000 NA
14934 11900 NA
14935 11900 NA
14936 11600 NA
14937 11600 NA
14938 11600 NA
14939 11600 NA
14940 11500 NA
14941 11400 NA
14942 11400 NA
14943 11400 NA
14944 11200 NA
14945 11400 NA
14946 11400 NA
14947 11700 NA
14948 11800 NA
14949 12200 NA
14950 12200 NA
14951 12500 NA
14952 12200 NA
14953 12200 NA
14954 12200 NA
14955 12100 NA
14956 12100 NA
14957 12100 NA
14958 12000 NA
14959 12000 NA
14960 12300 NA
14961 12300 NA
14962 12800 NA
14963 12800 NA
14964 13100 NA
14965 13000 NA
14966 12700 NA
14967 12700 NA
14968 12700 NA
14969 12400 NA
14970 12400 NA
14971 12300 NA
14972 12400 NA
14973 11900 NA
14974 11500 NA
14975 11900 NA
14976 11500 NA
14979 11400 NA
14981 10700 NA
14982 10743 NA
14983 10500 NA
14984 10500 NA
14985 10900 NA
14986 10700 NA
14987 10400 NA
14990 10400 NA
14991 10500 NA
14992 10400 NA
14993 10600 NA
14995 10900 NA
14996 11400 NA
14998 11400 NA
15000 11300 NA
15001 11600 NA
15003 11300 NA
15005 11300 NA
15007 10800 NA
15009 10500 NA
15013 10700 NA
15014 10700 NA
15016 11000 NA
15018 11300 NA
15019 11500 NA
15020 11700 NA
15021 11700 NA
15023 12400 NA
15025 12500 NA
15029 12500 NA
15031 13000 NA
15032 13600 NA
15033 14200 NA
15035 13900 NA
15036 13400 NA
15037 13400 NA
15038 13100 NA
15039 12700 NA
15041 12400 NA
15044 12900 NA
15046 14100 NA
15047 14600 NA
15048 14500 NA
15049 14500 NA
15050 14000 NA
15051 13760 NA
15052 13800 NA
15054 13600 NA
15055 13600 NA
15058 13100 NA
15060 12900 NA
15061 12700 NA
15063 12600 NA
15064 12500 NA
15066 12700 NA
15067 12800 NA
15070 12900 NA
15072 13000 NA
15073 13100 NA
15076 13400 NA
15078 13600 NA
15080 13900 NA
15082 13500 NA
15084 13200 NA
15085 12949 NA
15086 12437 NA
15087 11924 NA
15090 12000 NA
15091 12100 NA
15093 12400 NA
15094 12400 NA
15095 12700 NA
15096 12800 NA
15097 12800 NA
15098 13000 NA
15100 12983 NA
15102 13100 NA
15103 13000 NA
15104 12800 NA
15106 12700 NA
15109 12400 NA
15110 12500 NA
15112 12200 NA
15114 11700 NA
15115 11500 NA
15116 11700 NA
15120 11800 NA
15122 12100 NA
15124 12300 NA
15125 12300 NA
15128 12200 NA
15130 12300 NA
15133 12300 NA
15135 12000 NA
15136 12000 NA
15137 11700 NA
15139 11700 NA
15142 10800 NA
15143 10900 NA
15145 10800 NA
15147 10900 NA
15149 11000 NA
15150 10900 NA
15152 10800 NA
15154 10500 NA
15156 10300 NA
15157 10100 NA
15158 9817 NA
15159 9508 NA
15161 9620 NA
15163 9785 NA
15164 9785 NA
15165 9833 NA
15167 10119 NA
15168 10400 NA
15170 10500 NA
15172 10700 NA
15175 11500 NA
15177 11800 NA
15178 11900 NA
15179 11800 NA
15182 11600 NA
15184 11500 NA
15185 11200 NA
15186 11200 NA
15187 11000 NA
15189 10900 NA
15192 10800 NA
15194 11000 NA
15196 11200 NA
15197 11200 NA
15199 11000 NA
15200 10600 NA
15204 10555 NA
15212 10700 NA
15214 10800 NA
15217 10600 NA
15219 9846 NA
15220 9846 NA
15221 9619 NA
15222 9609 NA
15224 9447 NA
15226 9165 NA
15227 8919 NA
15229 9080 NA
15230 9345 NA
15232 9101 NA
15233 9101 NA
15235 8671 NA
15238 8260 NA
15240 7982 NA
15242 7710 NA
15243 7534 NA
15244 7534 NA
15247 7348 NA
15248 7267 NA
15249 7267 NA
15250 7016 NA
15252 7181 NA
15254 7202 NA
15256 7457 NA
15258 7502 NA
15261 7717 NA
15263 8048 NA
15264 8371 NA
15266 8671 NA
15270 8961 NA
15271 9290 NA
15273 9450 NA
15275 9566 NA
15277 9520 NA
15278 9561 NA
15280 9734 NA
15281 9809 NA
15283 9815 NA
15284 9692 NA
15287 9642 NA
15289 9530 NA
15291 9563 NA
15294 9499 NA
15297 9243 NA
15299 9328 NA
15302 9586 NA
15303 9832 NA
15304 9832 NA
15306 10200 NA
15307 10200 NA
15308 10400 NA
15310 10500 NA
15312 10500 NA
15313 10443 NA
15315 10443 NA
15316 10383 NA
15318 10383 NA
15319 10306 NA
15320 10306 NA
15321 10317 NA
15323 10317 NA
15324 10215 NA
15325 10215 NA
15326 10389 NA
15327 10389 NA
15328 10377 NA
15329 10377 NA
15330 10504 NA
15331 10504 NA
15332 10725 NA
15333 10725 NA
15334 10951 NA
15335 10951 NA
15336 10808 NA
15337 10808 NA
15338 10970 NA
15339 10970 NA
15340 11210 NA
15341 11210 NA
15342 11399 NA
15343 11399 NA
15344 11289 NA
15345 11289 NA
15346 11245 NA
15347 11382 NA
15348 11382 NA
15349 11366 NA
15350 11366 NA
15351 11366 NA
15352 11341 NA
15353 11341 NA
15354 11572 NA
15355 11572 NA
15356 11600 NA
15357 11600 NA
15358 11600 NA
15359 11569 NA
15360 11569 NA
15361 11700 NA
15362 11700 NA
15363 11520 NA
15364 11520 NA
15365 11520 NA
15366 11469 NA
15367 11469 NA
15368 11220 NA
15369 11220 NA
15370 10912 NA
15371 10912 NA
15372 11064 NA
15373 11064 NA
15374 11001 NA
15375 11001 NA
15376 11039 NA
15377 11039 NA
15378 10678 NA
15379 10678 NA
15380 10737 NA
15381 10737 NA
15382 10928 NA
15383 10928 NA
15384 11087 NA
15385 11087 NA
15386 11087 NA
15387 11056 NA
15388 11056 NA
15389 11092 NA
15390 11092 NA
15391 11125 NA
15392 11125 NA
15393 11256 NA
15394 11256 NA
15395 11307 NA
15396 11307 NA
15397 11371 NA
15398 11371 NA
15399 11371 NA
15400 11450 NA
15401 11450 NA
15402 11636 NA
15403 11636 NA
15404 11338 NA
15405 11338 NA
15406 11338 NA
15407 10975 NA
15408 10975 NA
15409 10860 NA
15410 10860 NA
15411 11076 NA
15412 11076 NA
15413 11273 NA
15414 11273 NA
15415 11498 NA
15416 11498 NA
15417 11858 NA
15418 12374 NA
15419 12374 NA
15420 12480 NA
15421 12480 NA
15422 12262 NA
15423 12045 NA
15424 11827 NA
15425 11610 NA
15426 11392 NA
15427 11392 NA
15428 11037 NA
15429 11037 NA
15430 10948 NA
15431 10948 NA
15432 10918 NA
15433 10918 NA
15434 10794 NA
15435 10794 NA
15436 10711 NA
15437 10711 NA
15438 10420 NA
15439 10420 NA
15440 10023 NA
15441 10023 NA
15442 10128 NA
15443 10128 NA
15444 10198 NA
15445 10198 NA
15446 10125 NA
15447 10125 NA
15448 10089 NA
15449 10089 NA
15450 10089 NA
15451 9953 NA
15452 9953 NA
15453 10132 NA
15454 10132 NA
15455 10132 NA
15456 10057 NA
15457 10057 NA
15458 10057 NA
15459 10044 NA
15460 10044 NA
15461 10116 NA
15462 10116 NA
15463 10116 NA
15464 10198 NA
15465 10198 NA
15466 10146 NA
15467 10146 NA
15468 9942 NA
15469 9942 NA
15470 9987 NA
15471 9987 NA
15472 9987 NA
15473 10133 NA
15474 10133 NA
15475 10223 NA
15476 10223 NA
15477 10223 NA
15478 10322 NA
15479 10322 NA
15480 10419 NA
15481 10415 NA
15482 10415 NA
15483 10414 NA
15484 10377 NA
15485 10377 NA
15486 10300 NA
15487 10300 NA
15488 10045 NA
15489 9802 NA
15490 9802 NA
15491 9603 NA
15492 9603 NA
15493 9711 NA
15494 10089 NA
15495 9997 NA
15496 9997 NA
15497 9944 NA
15498 9944 NA
15499 10042 NA
15500 10080 NA
15501 10080 NA
15502 9874 NA
15503 9902 NA
15504 9902 NA
15505 9823 NA
15506 9823 NA
15507 9882 NA
15508 9882 NA
15509 9831 NA
15510 9831 NA
15511 9975 NA
15512 10153 NA
15513 10237 NA
15514 10504 NA
15515 10712 NA
15516 10712 NA
15517 11081 NA
15518 11081 NA
15519 11448 NA
15520 11448 NA
15521 11600 NA
15522 11600 NA
15523 11681 NA
15524 11681 NA
15525 11305 NA
15526 11305 NA
15527 10809 NA
15528 10809 NA
15529 10584 NA
15530 10584 NA
15531 10870 NA
15532 10819 NA
15533 10819 NA
15534 10735 NA
15535 10735 NA
15536 10423 NA
15537 10423 NA
15538 10167 NA
15539 10146 NA
15540 10146 NA
15541 10011 NA
15542 10093 NA
15543 10093 NA
15544 10093 NA
15545 10038 NA
15546 10038 NA
15547 9994 NA
15548 9994 NA
15549 10016 NA
15550 10016 NA
15551 10133 NA
15552 10133 NA
15553 10310 NA
15554 10546 NA
15555 10546 NA
15556 10531 NA
15557 10531 NA
15558 10344 NA
15559 10344 NA
15560 10345 NA
15561 10345 NA
15562 10502 NA
15563 10502 NA
15564 10452 NA
15565 10452 NA
15566 10480 NA
15567 10531 NA
15568 10531 NA
15569 10575 NA
15570 10575 NA
15571 10566 NA
15572 10566 NA
15573 10566 NA
15574 10695 NA
15575 10695 NA
15576 10611 NA
15577 10611 NA
15578 10252 NA
15579 10252 NA
15580 9898 NA
15581 9898 NA
15582 9629 NA
15583 9629 NA
15584 9555 NA
15585 9643 NA
15586 9643 NA
15587 9788 NA
15588 9788 NA
15589 10036 NA
15590 10036 NA
15591 10083 NA
15592 10083 NA
15593 10032 NA
15594 10032 NA
15595 10042 NA
15596 10042 NA
15597 9939 NA
15598 9939 NA
15599 9855 NA
15600 9855 NA
15601 10000 NA
15602 10000 NA
15603 10087 NA
15604 10160 NA
15605 10160 NA
15606 10126 NA
15607 10126 NA
15608 10210 NA
15609 10210 NA
15610 10172 NA
15611 10172 NA
15612 10339 NA
15613 10339 NA
15614 10517 NA
15615 10694 NA
15616 10694 NA
15617 11022 NA
15618 11022 NA
15619 10984 NA
15620 11008 NA
15621 11008 NA
15622 10978 NA
15623 10978 NA
15624 10775 NA
15625 10775 NA
15626 10799 NA
15627 10799 NA
15628 11137 NA
15629 11137 NA
15630 11519 NA
15631 12086 NA
15632 12640 NA
15633 12640 NA
15634 13207 NA
15635 12652 NA
15636 12672 NA
15637 13298 NA
15638 13149 NA
15639 13132 NA
15640 13607 NA
15641 14242 NA
15642 14591 NA
15643 13976 NA
15644 13277 NA
15645 12613 NA
15646 12282 NA
15647 11667 NA
15648 11083 NA
15649 10528 NA
15650 10152 NA
15651 9777 NA
15652 9401 NA
15653 9025 NA
15654 8649 NA
15655 8274 NA
15656 7898 NA
15657 7522 NA
15658 7291 NA
15659 7039 NA
15660 6818 NA
15661 6658 NA
15662 6658 NA
15663 6435 NA
15664 6293 NA
15665 6293 NA
15666 6147 NA
15667 6147 NA
15668 6052 NA
15669 6052 NA
15670 5926 NA
15671 5926 NA
15672 5813 NA
15673 5813 NA
15674 5933 NA
15675 5933 NA
15676 6143 NA
15677 6143 NA
15678 6438 NA
15679 6438 NA
15680 6708 NA
15681 6708 NA
15682 6708 NA
15683 7006 NA
15684 7006 NA
15685 7006 NA
15686 7250 NA
15687 7250 NA
15688 7250 NA
15689 7439 NA
15690 7439 NA
15691 7439 NA
15692 7439 NA
15693 7516 NA
15694 7516 NA
15695 7446 NA
15696 7446 NA
15697 7446 NA
15698 7317 NA
15699 7317 NA
15700 7317 NA
15701 7205 NA
15702 7205 NA
15703 7205 NA
15704 7303 NA
15705 7303 NA
15706 7303 NA
15707 7144 NA
15708 7144 NA
15709 7144 NA
15710 7226 NA
15711 7226 NA
15712 7226 NA
15713 7237 NA
15714 7237 NA
15715 7237 NA
15716 7199 NA
15717 7199 NA
15718 7253 NA
15719 7253 NA
15720 7253 NA
15721 7203 NA
15722 7203 NA
15723 7083 NA
15724 7083 NA
15725 7083 NA
15726 7018 NA
15727 7018 NA
15728 7018 NA
15729 6996 NA
15730 6996 NA
15731 7151 NA
15732 7420 NA
15733 7420 NA
15734 7420 NA
15735 7765 NA
15736 7765 NA
15737 8038 NA
15738 8038 NA
15739 8178 NA
15740 8178 NA
15741 8391 NA
15742 8391 NA
15743 8538 NA
15744 8538 NA
15745 8666 NA
15746 8666 NA
15747 8811 NA
15748 8811 NA
15749 9060 NA
15750 9060 NA
15751 9060 NA
15752 9365 NA
15753 9365 NA
15754 9365 NA
15755 9218 NA
15756 9218 NA
15757 9093 NA
15758 9093 NA
15759 9093 NA
15760 8924 NA
15761 8924 NA
15762 8889 NA
15763 8889 NA
15764 8889 NA
15765 8924 NA
15766 8924 NA
15767 8924 NA
15768 9042 NA
15769 9042 NA
15770 9042 NA
15771 8975 NA
15772 8975 NA
15773 8975 NA
15774 8868 NA
15775 8868 NA
15776 8868 NA
15777 8868 NA
15778 8969 NA
15779 8969 NA
15780 8969 NA
15781 9052 NA
15782 9052 NA
15783 9052 NA
15784 9116 NA
15785 9116 NA
15786 9116 NA
15787 9116 NA
15788 9236 NA
15789 9236 NA
15790 9236 NA
15791 9187 NA
15792 9187 NA
15793 9187 NA
15794 9077 NA
15795 9077 NA
15796 9077 NA
15797 9248 NA
15798 9288 NA
15799 9328 NA
15800 9368 NA
15801 9407 NA
15802 9447 NA
15803 9487 NA
15804 9527 NA
15805 9527 NA
15806 9527 NA
15807 9678 NA
15808 9678 NA
15809 9678 NA
15810 9851 NA
15811 9851 NA
15812 9851 NA
15813 9851 NA
15814 9822 NA
15815 9822 NA
15816 9822 NA
15817 9919 NA
15818 9919 NA
15819 9919 NA
15820 9895 NA
15821 9895 NA
15822 9895 NA
15823 9724 NA
15824 9724 NA
15825 9724 NA
15826 9821 NA
15827 9821 NA
15828 9821 NA
15829 9821 NA
15830 9925 NA
15831 9925 NA
15832 9925 NA
15833 9834 NA
15834 9834 NA
15835 9834 NA
15836 9951 NA
15837 9951 NA
15838 9951 NA
15839 9951 NA
15840 10066 NA
15841 10066 NA
15842 10066 NA
15843 10021 NA
15844 10021 NA
15845 10021 NA
15846 10040 NA
15847 10040 NA
15848 10040 NA
15849 10298 NA
15850 10298 NA
15851 10298 NA
15852 10268 NA
15853 10268 NA
15854 10268 NA
15855 10514 NA
15856 10514 NA
15857 10514 NA
15858 10727 NA
15859 10727 NA
15860 10727 NA
15861 10932 NA
15862 10932 NA
15863 10932 NA
15864 10932 NA
15865 11448 NA
15866 11448 NA
15867 11448 NA
15868 11532 NA
15869 11532 NA
15870 11532 NA
15871 11532 NA
15872 11638 NA
15873 11638 NA
15874 11638 NA
15875 11797 NA
15876 11797 NA
15877 11797 NA
15878 11797 NA
15879 11756 NA
15880 11756 NA
15881 11756 NA
15882 11617 NA
15883 11617 NA
15884 11617 NA
15885 11333 NA
15886 11333 NA
15887 11155 NA
15888 11155 NA
15889 11155 NA
15890 11155 NA
15891 11026 NA
15892 11026 NA
15893 10892 NA
15894 10892 NA
15895 10892 NA
15896 10892 NA
15897 10965 NA
15898 10965 NA
15899 10965 NA
15900 10965 NA
15901 10872 NA
15902 10872 NA
15903 10852 NA
15904 10832 NA
15905 10812 NA
15906 10791 NA
15907 10771 NA
15908 10751 NA
15909 10751 NA
15910 10751 NA
15911 10926 NA
15912 10926 NA
15913 10926 NA
15914 10926 NA
15915 10926 NA
15916 11136 NA
15917 11136 NA
15918 11136 NA
15919 11136 NA
15920 11316 NA
15921 11316 NA
15922 11316 NA
15923 11434 NA
15924 11434 NA
15925 11434 NA
15926 11434 NA
15927 11544 NA
15928 11544 NA
15929 11544 NA
15930 11544 NA
15931 11631 NA
15932 11631 NA
15933 11631 NA
15934 11631 NA
15935 11759 NA
15936 11759 NA
15937 11759 NA
15938 11759 NA
15939 11841 NA
15940 11841 NA
15941 11841 NA
15942 11841 NA
15943 11841 NA
15944 12031 NA
15945 12031 NA
15946 12031 NA
15947 12031 NA
15948 12031 NA
15949 11803 NA
15950 11803 NA
15951 11803 NA
15952 11803 NA
15953 11803 NA
15954 11698 NA
15955 11698 NA
15956 11698 NA
15957 11698 NA
15958 11406 NA
15959 11406 NA
15960 11406 NA
15961 11406 NA
15962 11406 NA
15963 11241 NA
15964 11241 NA
15965 11241 NA
15966 11241 NA
15967 11241 NA
15968 11241 NA
15969 11563 NA
15970 11563 NA
15971 11563 NA
15972 11563 NA
15973 11563 NA
15974 11367 NA
15975 11367 NA
15976 11367 NA
15977 11367 NA
15978 11367 NA
15979 11187 NA
15980 11187 NA
15981 11187 NA
15982 11187 NA
15983 11187 NA
15984 11187 NA
15985 11010 NA
15986 10969 NA
15987 10929 NA
15988 10888 NA
15989 10848 NA
15990 10807 NA
15991 10766 NA
15992 10726 NA
15993 10685 NA
15994 10685 NA
15995 10674 NA
15996 10674 NA
15997 10674 NA
15998 10674 NA
15999 10674 NA
16000 10674 NA
16001 10660 NA
16002 10660 NA
16003 10660 NA
16004 10660 NA
16005 10660 NA
16006 10339 NA
16007 10339 NA
16008 10339 NA
16009 10339 NA
16010 10339 NA
16011 10339 NA
16012 10339 NA
16013 10292 NA
16014 10292 NA
16015 10292 NA
16016 10292 NA
16017 10292 NA
16018 10292 NA
16019 10297 NA
16020 10297 NA
16021 10297 NA
16022 10297 NA
16023 10297 NA
16024 10249 NA
16025 10249 NA
16026 10249 NA
16027 10249 NA
16028 10249 NA
16029 9946 NA
16030 9946 NA
16031 9946 NA
16032 9946 NA
16033 9946 NA
16034 9869 NA
16035 9838 NA
16036 9808 NA
16037 9777 NA
16038 9747 NA
16039 9716 NA
16040 9686 NA
16041 9655 NA
16042 9655 NA
16043 9695 NA
16044 9695 NA
16045 9695 NA
16046 9695 NA
16047 9695 NA
16048 9807 NA
16049 9807 NA
16050 9807 NA
16051 9807 NA
16052 9807 NA
16053 10000 NA
16054 10000 NA
16055 10000 NA
16056 10000 NA
16057 10000 NA
16058 10000 NA
16059 10015 NA
16060 10015 NA
16061 10015 NA
16062 10015 NA
16063 9905 NA
16064 9905 NA
16065 9905 NA
16066 9905 NA
16067 9905 NA
16068 10104 NA
16069 10104 NA
16070 10104 NA
16071 10104 NA
16072 10235 NA
16073 10235 NA
16074 10235 NA
16075 10235 NA
16076 10100 NA
16077 10100 NA
16078 10100 NA
16079 10100 NA
16080 10100 NA
16081 10213 NA
16082 10213 NA
16083 10213 NA
16084 10213 NA
16085 10442 NA
16086 10442 NA
16087 10442 NA
16088 10442 NA
16089 10286 NA
16090 10286 NA
16091 10286 NA
16092 10286 NA
16093 10286 NA
16094 10170 NA
16095 10170 NA
16096 10170 NA
16097 10170 NA
16098 10077 NA
16099 10077 NA
16100 10077 NA
16101 10077 NA
16102 10395 NA
16103 10395 NA
16104 10869 NA
16105 10869 NA
16106 10869 NA
16107 10869 NA
16108 11357 NA
16109 11357 NA
16110 11357 NA
16111 11872 NA
16112 11872 NA
16113 11872 NA
16114 12192 NA
16115 12192 NA
16116 12192 NA
16117 12192 NA
16118 12514 NA
16119 12514 NA
16120 12514 NA
16121 12514 NA
16122 12847 NA
16123 13439 NA
16124 13439 NA
16125 14063 NA
16126 14063 NA
16127 14063 NA
16128 14063 NA
16129 14063 NA
16130 13734 NA
16131 13734 NA
16132 13734 NA
16133 13734 NA
16134 13259 NA
16135 13259 NA
16136 13259 NA
16137 13259 NA
16138 13006 NA
16139 13006 NA
16140 13006 NA
16141 13006 NA
16142 13006 NA
16143 12983 NA
16144 12983 NA
16145 12983 NA
16146 12983 NA
16147 12592 NA
16148 12592 NA
16149 12592 NA
16150 12592 NA
16151 12395 NA
16152 12395 NA
16153 12395 NA
16154 12395 NA
16155 12127 NA
16156 12127 NA
16157 12127 NA
16158 12127 NA
16159 12127 NA
16160 11889 NA
16161 11889 NA
16162 11889 NA
16163 11889 NA
16164 11889 NA
16165 11712 NA
16166 11712 NA
16167 11712 NA
16168 11712 NA
16169 11564 NA
16170 11564 NA
16171 11564 NA
16172 11564 NA
16173 11564 NA
16174 11504 NA
16175 11504 NA
16176 11504 NA
16177 11504 NA
16178 11504 NA
16179 11563 NA
16180 11563 NA
16181 11563 NA
16182 11563 NA
16183 11563 NA
16184 11477 NA
16185 11477 NA
16186 11477 NA
16187 11477 NA
16188 11477 NA
16189 11499 NA
16190 11499 NA
16191 11499 NA
16192 11499 NA
16193 11499 NA
16194 11489 NA
16195 11489 NA
16196 11489 NA
16197 11489 NA
16198 11830 NA
16199 11830 NA
16200 11830 NA
16201 11830 NA
16202 11976 NA
16203 12121 NA
16204 12121 NA
16205 12121 NA
16206 12121 NA
16207 11938 NA
16208 11938 NA
16209 11938 NA
16210 11938 NA
16211 11913 NA
16212 11913 NA
16213 11913 NA
16214 11913 NA
16215 11721 NA
16216 11721 NA
16217 11721 NA
16218 11721 NA
16219 11721 NA
16220 11721 NA
16221 11716 NA
16222 11716 NA
16223 11716 NA
16224 11892 NA
16225 11892 NA
16226 11892 NA
16227 11892 NA
16228 12391 NA
16229 12391 NA
16230 12391 NA
16231 12391 NA
16232 12897 NA
16233 12897 NA
16234 12897 NA
16235 13424 NA
16236 13424 NA
16237 13424 NA
16238 13424 NA
16239 13937 NA
16240 13937 NA
16241 13937 NA
16242 13937 NA
16243 14482 NA
16244 14482 NA
16245 14482 NA
16246 14804 NA
16247 14804 NA
16248 14804 NA
16249 14496 NA
16250 13927 NA
16251 13369 NA
16252 12898 NA
16253 12898 NA
16254 12445 NA
16255 12445 NA
16256 12479 NA
16257 12479 NA
16258 12479 NA
16259 12666 NA
16260 12666 NA
16261 12666 NA
16262 12666 NA
16263 13093 NA
16264 13093 NA
16265 13093 NA
16266 13093 NA
16267 13479 NA
16268 13479 NA
16269 13479 NA
16270 13842 NA
16271 13842 NA
16272 13842 NA
16273 13842 NA
16274 14175 NA
16275 14175 NA
16276 14175 NA
16277 14175 NA
16278 14544 NA
16279 14544 NA
16280 14544 NA
16281 14965 NA
16282 14965 NA
16283 14965 NA
16284 14542 NA
16285 13814 NA
16286 13406 NA
16287 12829 NA
16288 12284 NA
16289 11762 NA
16290 11259 NA
16291 10784 NA
16292 10244 NA
16293 10244 NA
16294 10062 NA
16295 10234 NA
16296 10234 NA
16297 10234 NA
16298 10604 NA
16299 10604 NA
16300 11056 NA
16301 11056 NA
16302 11056 NA
16303 11559 NA
16304 11559 NA
16305 11559 NA
16306 12048 NA
16307 12048 NA
16308 12048 NA
16309 12591 NA
16310 12591 NA
16311 12591 NA
16312 13068 NA
16313 13068 NA
16314 13068 NA
16315 13307 NA
16316 13307 NA
16317 13307 NA
16318 13307 NA
16319 13587 NA
16320 13587 NA
16321 13587 NA
16322 13943 NA
16323 13943 NA
16324 13943 NA
16325 13943 NA
16326 13846 NA
16327 13846 NA
16328 14474 NA
16329 14474 NA
16330 15081 NA
16331 14542 NA
16332 13938 NA
16333 13412 NA
16334 13215 NA
16335 13215 NA
16336 13117 NA
16337 13117 NA
16338 13117 NA
16339 13602 NA
16340 13602 NA
16341 13602 NA
16342 14112 NA
16343 14112 NA
16344 14112 NA
16345 14112 NA
16346 14706 NA
16347 14706 NA
16348 14706 NA
16349 14706 NA
16350 15213 NA
16351 15213 NA
16352 15213 NA
16353 15213 NA
16354 15951 NA
16355 15951 NA
16356 15951 NA
16357 16498 NA
16358 16498 NA
16359 16498 NA
16360 16498 NA
16361 17206 NA
16362 16358 NA
16363 15772 NA
16364 15235 NA
16365 15235 NA
16366 15781 NA
16367 15781 NA
16368 15781 NA
16369 16524 NA
16370 16524 NA
16371 16524 NA
16372 17243 NA
16373 17243 NA
16374 17927 NA
16375 17779 NA
16376 17027 NA
16377 16883 NA
16378 16446 NA
16379 16446 NA
16380 15632 NA
16381 15024 NA
16382 14272 NA
16383 13558 NA
16384 13132 NA
16385 12625 NA
16386 12052 NA
16387 11554 NA
16388 11031 NA
16389 10566 NA
16390 10136 NA
16391 9869 NA
16392 9520 NA
16393 9520 NA
16394 9209 NA
16395 9209 NA
16396 9307 NA
16397 9307 NA
16398 9307 NA
16399 9528 NA
16400 9528 NA
16401 9528 NA
16402 9528 NA
16403 9805 NA
16404 9805 NA
16405 9805 NA
16406 10266 NA
16407 10266 NA
16408 10266 NA
16409 10266 NA
16410 10738 NA
16411 10738 NA
16412 10738 NA
16413 10995 NA
16414 10995 NA
16415 10995 NA
16416 10995 NA
16417 11259 NA
16418 11259 NA
16419 11259 NA
16420 11259 NA
16421 11445 NA
16422 11445 NA
16423 11445 NA
16424 11445 NA
16425 11625 NA
16426 11625 NA
16427 11625 NA
16428 11625 NA
16429 11824 NA
16430 11824 NA
16431 11824 NA
16432 11824 NA
16433 11824 NA
16434 11883 NA
16435 11883 NA
16436 11883 NA
16437 11883 NA
16438 12130 NA
16439 12130 NA
16440 12130 NA
16441 12130 NA
16442 12458 NA
16443 12458 NA
16444 12458 NA
16445 12458 NA
16446 12916 NA
16447 12916 NA
16448 12916 NA
16449 12916 NA
16450 13174 NA
16451 13174 NA
16452 13174 NA
16453 13174 NA
16454 13684 NA
16455 13684 NA
16456 13684 NA
16457 13684 NA
16458 14269 NA
16459 14269 NA
16460 14269 NA
16461 14269 NA
16462 14456 NA
16463 14456 NA
16464 14456 NA
16465 14456 NA
16466 15164 NA
16467 14577 NA
16468 13848 NA
16469 13402 NA
16470 12810 NA
16471 12336 NA
16472 12018 NA
16473 12018 NA
16474 12335 NA
16475 12335 NA
16476 12356 NA
16477 12356 NA
16478 12356 NA
16479 12824 NA
16480 12824 NA
16481 12824 NA
16482 13221 NA
16483 13221 NA
16484 13221 NA
16485 13653 NA
16486 13653 NA
16487 14214 NA
16488 14214 NA
16489 14857 NA
16490 14857 NA
16491 14857 NA
16492 14284 NA
16493 13569 NA
16494 13090 NA
16495 12579 NA
16496 12012 NA
16497 11525 NA
16498 11039 NA
16499 11039 NA
16500 10488 NA
16501 10488 NA
16502 10323 NA
16503 10323 NA
16504 10323 NA
16505 10195 NA
16506 10195 NA
16507 10195 NA
16508 10195 NA
16509 10508 NA
16510 10508 NA
16511 10508 NA
16512 10508 NA
16513 10919 NA
16514 10919 NA
16515 10919 NA
16516 10919 NA
16517 11234 NA
16518 11234 NA
16519 11234 NA
16520 11234 NA
16521 11234 NA
16522 11602 NA
16523 11602 NA
16524 11602 NA
16525 11602 NA
16526 11871 NA
16527 11871 NA
16528 11871 NA
16529 11871 NA
16530 11871 NA
16531 12402 NA
16532 12402 NA
16533 12402 NA
16534 12402 NA
16535 12402 NA
16536 12663 NA
16537 12663 NA
16538 12663 NA
16539 12663 NA
16540 12806 NA
16541 12806 NA
16542 12806 NA
16543 12806 NA
16544 12806 NA
16545 12686 NA
16546 12686 NA
16547 12686 NA
16548 12686 NA
16549 12686 NA
16550 12686 NA
16551 12688 NA
16552 12688 NA
16553 12688 NA
16554 12688 NA
16555 12688 NA
16556 12688 NA
16557 12978 NA
16558 12978 NA
16559 12978 NA
16560 12978 NA
16561 12978 NA
16562 12978 NA
16563 13333 NA
16564 13333 NA
16565 13333 NA
16566 13333 NA
16567 13333 NA
16568 13653 NA
16569 13653 NA
16570 13653 NA
16571 13653 NA
16572 13653 NA
16573 13929 NA
16574 13929 NA
16575 13929 NA
16576 13929 NA
16577 13929 NA
16578 13941 NA
16579 13941 NA
16580 13941 NA
16581 13941 NA
16582 14102 NA
16583 14102 NA
16584 14102 NA
16585 14102 NA
16586 14102 NA
16587 14168 NA
16588 14168 NA
16589 14168 NA
16590 14168 NA
16591 14168 NA
16592 14634 NA
16593 14074 NA
16594 13516 NA
16595 12930 NA
16596 12930 NA
16597 12930 NA
16598 12667 NA
16599 12667 NA
16600 12667 NA
16601 12667 NA
16602 12505 NA
16603 12505 NA
16604 12505 NA
16605 12505 NA
16606 12505 NA
16607 12268 NA
16608 12268 NA
16609 12268 NA
16610 12268 NA
16611 12320 NA
16612 12320 NA
16613 12320 NA
16614 12320 NA
16615 12320 NA
16616 12739 NA
16617 12739 NA
16618 12739 NA
16619 12739 NA
16620 12739 NA
16621 12739 NA
16622 12893 NA
16623 12893 NA
16624 12893 NA
16625 12893 NA
16626 12893 NA
16627 12893 NA
16628 13393 NA
16629 13393 NA
16630 13393 NA
16631 13393 NA
16632 13393 NA
16633 13415 NA
16634 13415 NA
16635 13415 NA
16636 13415 NA
16637 13415 NA
16638 13525 NA
16639 13525 NA
16640 13525 NA
16641 13525 NA
16642 13525 NA
16643 13925 NA
16644 13925 NA
16645 13925 NA
16646 13925 NA
16647 13925 NA
16648 13925 NA
16649 14611 NA
16650 14078 NA
16651 13539 NA
16652 13539 NA
16653 12963 NA
16654 12963 NA
16655 12963 NA
16656 13019 NA
16657 13019 NA
16658 13019 NA
16659 13019 NA
16660 13095 NA
16661 12440 NA
16662 11818 NA
16663 11260 NA
16665 10162 NA
16666 9655 NA
16668 9268 NA
16669 9268 NA
16670 9340 NA
16671 9340 NA
16672 9609 NA
16673 9609 NA
16674 9609 NA
16675 9863 NA
16676 9863 NA
16677 9863 NA
16678 9863 NA
16679 10208 NA
16680 10208 NA
16681 10208 NA
16682 10208 NA
16683 10208 NA
16684 10494 NA
16685 10494 NA
16686 10494 NA
16687 10494 NA
16688 10494 NA
16689 10665 NA
16690 10665 NA
16691 10665 NA
16692 10665 NA
16693 10689 NA
16694 10689 NA
16695 10689 NA
16696 10689 NA
16697 10689 NA
16698 10594 NA
16699 10594 NA
16700 10594 NA
16701 10594 NA
16702 10594 NA
16703 10436 NA
16704 10436 NA
16705 10683 NA
16706 10683 NA
16707 10967 NA
16708 10967 NA
16709 10967 NA
16710 10967 NA
16711 10967 NA
16712 10919 NA
16715 10919 NA
16717 10871 NA
16719 10871 NA
16720 10871 NA
16721 10871 NA
16722 10934 NA
16723 10934 NA
16724 10934 NA
16725 10934 NA
16726 10934 NA
16727 10934 NA
16728 10663 NA
16730 9867 NA
16731 9373 NA
16732 8904 NA
16733 8458 NA
16734 8035 NA
16735 7633 NA
16736 7251 NA
16737 6930 NA
16738 6607 NA
16739 6352 NA
16740 6100 NA
16741 6100 NA
16742 5702 NA
16743 5714 NA
16744 5803 NA
16745 5954 NA
16746 6181 NA
16747 6360 NA
16748 6360 NA
16749 6461 NA
16750 6745 NA
16751 7046 NA
16752 7399 NA
16753 7399 NA
16754 7757 NA
16755 7757 NA
16756 8139 NA
16757 8520 NA
16759 8520 NA
16760 8881 NA
16761 8881 NA
16762 8881 NA
16763 9320 NA
16764 9320 NA
16765 9320 NA
16766 9631 NA
16767 9631 NA
16768 9631 NA
16769 9637 NA
16770 9637 NA
16771 9637 NA
16772 9583 NA
16773 9583 NA
16774 9583 NA
16775 9527 NA
16776 9527 NA
16777 9498 NA
16778 9498 NA
16779 9498 NA
16780 9343 NA
16781 9343 NA
16782 9135 NA
16783 9135 NA
16784 9135 NA
16785 8760 NA
16786 8760 NA
16787 8760 NA
16788 8870 NA
16789 8870 NA
16790 8870 NA
16791 9079 NA
16792 9079 NA
16793 9079 NA
16794 9107 NA
16795 9107 NA
16796 9107 NA
16797 8966 NA
16798 8966 NA
16799 8966 NA
16800 8938 NA
16801 8938 NA
16802 8938 NA
16803 8914 NA
16804 8914 NA
16805 8914 NA
16807 9288 NA
16808 9288 NA
16809 9288 NA
16810 9288 NA
16811 9418 NA
16812 9418 NA
16813 9418 NA
16814 9418 NA
16815 9584 NA
16816 9584 NA
16817 9584 NA
16818 9584 NA
16820 9713 NA
16821 9713 NA
16822 9713 NA
16823 9976 NA
16824 9976 NA
16825 9976 NA
16826 9976 NA
16827 10231 NA
16828 10231 NA
16829 10231 NA
16830 10231 NA
16831 10415 NA
16832 10415 NA
16833 10415 NA
16834 10415 NA
16835 10447 NA
16836 10447 NA
16837 10447 NA
16838 10447 NA
16839 10447 NA
16840 10730 NA
16841 10730 NA
16842 10730 NA
16843 10730 NA
16844 10851 NA
16845 10851 NA
16847 10851 NA
16849 10891 NA
16850 10891 NA
16851 10891 NA
16852 10732 NA
16853 10732 NA
16854 10732 NA
16855 10732 NA
16856 10756 NA
16857 10756 NA
16858 10881 NA
16859 10881 NA
16860 11292 NA
16861 11292 NA
16862 11292 NA
16863 11292 NA
16864 11292 NA
16865 11431 NA
16866 11431 NA
16867 11431 NA
16869 11430 NA
16870 11430 NA
16871 11430 NA
16872 11430 NA
16873 11460 NA
16874 11460 NA
16875 11460 NA
16876 11460 NA
16878 11639 NA
16879 11639 NA
16880 11639 NA
16881 11639 NA
16884 11675 NA
16885 11675 NA
16886 11675 NA
16887 11614 NA
16888 11614 NA
16889 11614 NA
16890 11614 NA
16892 11888 NA
16893 11888 NA
16894 11888 NA
16895 11888 NA
16896 11888 NA
16897 11884 NA
16898 11884 NA
16899 11884 NA
16900 11884 NA
16901 11884 NA
16902 11879 NA
16903 11879 NA
16904 11879 NA
16905 11879 NA
16906 11879 NA
16907 11944 NA
16908 11944 NA
16909 11944 NA
16910 11944 NA
16911 11944 NA
16912 12140 NA
16913 12140 NA
16914 12140 NA
16915 12140 NA
16916 12140 NA
16917 12414 NA
16918 12414 NA
16919 12414 NA
16920 12414 NA
16921 12414 NA
16922 12736 NA
16923 12736 NA
16924 12736 NA
16925 12736 NA
16926 12736 NA
16927 12736 NA
16928 13088 NA
16929 13088 NA
16930 13088 NA
16931 13088 NA
16932 13088 NA
16933 13088 NA
16934 13088 NA
16935 12983 NA
16937 12983 NA
16938 12983 NA
16939 12983 NA
16940 12983 NA
16941 12983 NA
16942 12962 NA
16943 12962 NA
16944 12962 NA
16945 12962 NA
16946 12962 NA
16949 13333 NA
16950 13333 NA
16951 13333 NA
16952 13333 NA
16953 13333 NA
16954 13485 NA
16955 13485 NA
16956 13485 NA
16957 13485 NA
16958 13485 NA
16959 13485 NA
16960 13491 NA
16967 13522 NA
16968 13522 NA
16969 13522 NA
16970 13522 NA
16971 13522 NA
16972 13716 NA
16974 12719 NA
16975 12145 NA
16976 11636 NA
16977 11127 NA
16978 10630 NA
16979 10250 NA
16980 9893 NA
16981 9561 NA
16982 9561 NA
16984 9207 NA
16985 9207 NA
16986 9207 NA
16987 8993 NA
16988 8993 NA
16989 8667 NA
16990 8667 NA
16991 8667 NA
16992 8287 NA
16993 8287 NA
16994 8078 NA
16999 8194 NA
17000 8194 NA
17001 8194 NA
17006 8340 NA
17007 8340 NA
17014 8808 NA
17015 8808 NA
17016 8808 NA
17017 8808 NA
17018 8808 NA
17019 8805 NA
17020 8805 NA
17021 8805 NA
17022 8805 NA
17023 8805 NA
17024 9042 NA
17025 9042 NA
17026 9042 NA
17027 9042 NA
17028 9042 NA
17029 9249 NA
17031 9249 NA
17032 9249 NA
17033 9249 NA
17034 9249 NA
17035 9249 NA
17036 9428 NA
17037 9428 NA
17038 9428 NA
17039 9428 NA
17040 9621 NA
17042 9621 NA
17044 9621 NA
17045 9681 NA
17046 9681 NA
17047 9681 NA
17048 9681 NA
17049 9681 NA
17050 9674 NA
17051 9674 NA
17052 9674 NA
17053 9674 NA
17054 9674 NA
17055 9718 NA
17056 9718 NA
17057 9718 NA
17058 9718 NA
17059 9852 NA
17060 9852 NA
17061 9852 NA
17062 9852 NA
17063 9852 NA
17064 10026 NA
17069 10346 NA
17070 10346 NA
17071 10346 NA
17072 10346 NA
17073 10346 NA
17075 10532 NA
17076 10532 NA
17077 10532 NA
17078 10532 NA
17079 10532 NA
17080 10489 NA
17081 10489 NA
17083 10489 NA
17084 10489 NA
17085 10489 NA
17086 10489 NA
17087 10373 NA
17088 10373 NA
17089 10373 NA
17091 10373 NA
17092 10373 NA
17093 10365 NA
17094 10365 NA
17095 10365 NA
17096 10365 NA
17097 10365 NA
17098 10084 NA
17099 10084 NA
17100 10084 NA
17101 10084 NA
17102 10084 NA
17103 10084 NA
17104 9893 NA
17105 9893 NA
17106 9893 NA
17107 9893 NA
17108 9893 NA
17109 9822 NA
17110 9822 NA
17111 9822 NA
17112 9822 NA
17113 9822 NA
17114 9822 NA
17115 9822 NA
17117 9759 NA
17118 9759 NA
17119 9759 NA
17123 9759 NA
17124 9759 NA
17125 9820 NA
17126 9820 NA
17127 9820 NA
17129 9820 NA
17130 9820 NA
17131 9820 NA
17132 9811 NA
17133 9811 NA
17134 9811 NA
17135 9811 NA
17136 9811 NA
17138 9971 NA
17139 9971 NA
17140 9971 NA
17141 9971 NA
17142 9971 NA
17143 9971 NA
17144 9971 NA
17145 9971 NA
17146 10095 NA
17147 10095 NA
17148 10095 NA
17149 10095 NA
