"Index" "Price" "Volume"
14019 98 NA
14020 98 NA
14021 103 NA
14022 103 NA
14023 103 NA
14024 103 NA
14025 103 NA
14026 103 NA
14027 103 NA
14028 103 NA
14029 103 NA
14030 103 NA
14031 103 NA
14032 103 NA
14033 103 NA
14034 103 NA
14035 103 NA
14036 103 NA
14037 109 NA
14038 109 NA
14039 109 NA
14040 109 NA
14041 109 NA
14042 109 NA
14043 109 NA
14044 109 NA
14045 109 NA
14046 109 NA
14047 109 NA
14048 109 NA
14049 109 NA
14050 109 NA
14051 109 NA
14052 115 NA
14053 115 NA
14054 115 NA
14055 115 NA
14056 115 NA
14057 115 NA
14058 115 NA
14059 115 NA
14061 115 NA
14062 115 NA
14063 115 NA
14064 115 NA
14065 115 NA
14066 115 NA
14067 115 NA
14068 121 NA
14069 121 NA
14070 121 NA
14071 121 NA
14072 121 NA
14073 121 NA
14074 121 NA
14075 121 NA
14076 121 NA
14077 121 NA
14078 121 NA
14079 121 NA
14080 121 NA
14081 121 NA
14082 121 NA
14083 121 NA
14084 128 NA
14085 128 NA
14086 128 NA
14087 128 NA
14088 128 NA
14089 128 NA
14090 128 NA
14091 128 NA
14092 128 NA
14093 128 NA
14094 128 NA
14095 128 NA
14096 128 NA
14097 128 NA
14098 128 NA
14099 128 NA
14100 128 NA
14101 135 NA
14102 135 NA
14103 135 NA
14104 135 NA
14105 135 NA
14106 135 NA
14107 135 NA
14108 135 NA
14109 135 NA
14110 135 NA
14111 135 NA
14112 135 NA
14113 135 NA
14114 142 NA
14115 142 NA
14116 142 NA
14117 142 NA
14118 142 NA
14119 142 NA
14120 142 NA
14121 142 NA
14122 142 NA
14123 142 NA
14124 142 NA
14125 142 NA
14126 150 NA
14127 150 NA
14128 150 NA
14129 150 NA
14130 150 NA
14131 150 NA
14132 150 NA
14133 150 NA
14134 150 NA
14135 150 NA
14136 150 NA
14137 150 NA
14138 150 NA
14139 150 NA
14140 150 NA
14141 158 NA
14142 158 NA
14143 158 NA
14144 158 NA
14145 158 NA
14146 158 NA
14147 158 NA
14148 158 NA
14149 158 NA
14150 158 NA
14151 158 NA
14152 158 NA
14153 158 NA
14154 158 NA
14155 158 NA
14156 158 NA
14157 158 NA
14158 166 NA
14159 166 NA
14160 166 NA
14161 166 NA
14162 166 NA
14163 166 NA
14164 166 NA
14165 166 NA
14166 166 NA
14167 166 NA
14168 166 NA
14169 166 NA
14170 166 NA
14171 166 NA
14172 166 NA
14173 175 NA
14174 175 NA
14175 175 NA
14176 175 NA
14177 175 NA
14178 175 NA
14179 175 NA
14180 175 NA
14181 175 NA
14182 175 NA
14183 175 NA
14184 175 NA
14185 175 NA
14186 175 NA
14187 175 NA
14188 175 NA
14189 184 NA
14190 184 NA
14191 184 NA
14192 184 NA
14193 184 NA
14194 184 NA
14195 184 NA
14196 184 NA
14197 184 NA
14198 184 NA
14199 184 NA
14200 184 NA
14201 184 NA
14202 184 NA
14203 184 NA
14204 194 NA
14205 194 NA
14206 194 NA
14207 194 NA
14208 194 NA
14209 194 NA
14210 194 NA
14211 194 NA
14212 194 NA
14213 194 NA
14214 194 NA
14215 194 NA
14216 194 NA
14217 203 NA
14218 203 NA
14219 203 NA
14220 203 NA
14221 203 NA
14222 203 NA
14223 203 NA
14224 203 NA
14225 203 NA
14226 203 NA
14227 203 NA
14228 203 NA
14229 213 NA
14230 213 NA
14231 213 NA
14232 213 NA
14233 213 NA
14234 213 NA
14235 213 NA
14236 213 NA
14237 213 NA
14238 213 NA
14239 213 NA
14240 213 NA
14241 213 NA
14242 224 NA
14243 224 NA
14244 224 NA
14245 224 NA
14246 224 NA
14247 224 NA
14248 224 NA
14249 224 NA
14250 224 NA
14251 224 NA
14252 224 NA
14253 226 NA
14254 226 NA
14255 226 NA
14256 226 NA
14257 226 NA
14258 226 NA
14259 226 NA
14260 226 NA
14261 226 NA
14262 229 NA
14263 229 NA
14264 229 NA
14265 229 NA
14266 229 NA
14267 229 NA
14268 229 NA
14269 229 NA
14270 229 NA
14271 229 NA
14272 239 NA
14273 239 NA
14274 239 NA
14275 239 NA
14276 239 NA
14277 239 NA
14278 239 NA
14279 239 NA
14280 239 NA
14281 250 NA
14282 250 NA
14283 250 NA
14284 250 NA
14285 250 NA
14286 250 NA
14287 250 NA
14288 250 NA
14289 250 NA
14290 262 NA
14291 262 NA
14292 262 NA
14293 262 NA
14294 262 NA
14295 262 NA
14296 267 NA
14297 267 NA
14298 267 NA
14299 267 NA
14300 267 NA
14301 267 NA
14302 267 NA
14303 267 NA
14304 267 NA
14305 257 NA
14306 257 NA
14307 257 NA
14308 257 NA
14309 257 NA
14310 257 NA
14311 257 NA
14312 257 NA
14313 257 NA
14314 257 NA
14315 248 NA
14316 248 NA
14317 248 NA
14318 248 NA
14319 248 NA
14320 248 NA
14321 248 NA
14322 248 NA
14323 248 NA
14324 248 NA
14325 241 NA
14326 241 NA
14327 241 NA
14328 241 NA
14329 241 NA
14330 241 NA
14331 241 NA
14332 241 NA
14333 241 NA
14334 241 NA
14335 231 NA
14336 231 NA
14337 231 NA
14338 231 NA
14339 231 NA
14340 231 NA
14341 231 NA
14342 220 NA
14343 220 NA
14344 220 NA
14345 220 NA
14346 220 NA
14347 212 NA
14348 212 NA
14349 212 NA
14350 212 NA
14351 212 NA
14352 212 NA
14353 212 NA
14354 212 NA
14355 204 NA
14356 204 NA
14357 204 NA
14358 204 NA
14359 204 NA
14360 204 NA
14361 204 NA
14362 194 NA
14363 194 NA
14364 194 NA
14365 194 NA
14366 194 NA
14367 194 NA
14368 194 NA
14369 194 NA
14370 194 NA
14371 202 NA
14372 202 NA
14373 202 NA
14374 202 NA
14375 202 NA
14376 202 NA
14377 202 NA
14378 202 NA
14379 211 NA
14380 211 NA
14381 211 NA
14382 211 NA
14383 211 NA
14384 211 NA
14385 211 NA
14386 211 NA
14387 211 NA
14388 216 NA
14389 216 NA
14390 216 NA
14391 216 NA
14392 216 NA
14393 216 NA
14394 216 NA
14395 215 NA
14396 215 NA
14397 215 NA
14398 215 NA
14399 215 NA
14400 215 NA
14401 215 NA
14402 218 NA
14403 218 NA
14404 218 NA
14405 218 NA
14406 218 NA
14407 218 NA
14408 218 NA
14409 218 NA
14410 218 NA
14411 218 NA
14412 218 NA
14413 210 NA
14414 210 NA
14415 210 NA
14416 210 NA
14417 210 NA
14418 210 NA
14419 208 NA
14420 208 NA
14421 208 NA
14422 208 NA
14423 208 NA
14424 208 NA
14425 208 NA
14426 204 NA
14428 204 NA
14429 204 NA
14430 204 NA
14431 204 NA
14432 213 NA
14433 213 NA
14434 213 NA
14435 213 NA
14436 213 NA
14437 213 NA
14438 220 NA
14439 220 NA
14440 220 NA
14441 220 NA
14442 220 NA
14443 220 NA
14444 225 NA
14445 225 NA
14446 225 NA
14447 225 NA
14448 225 NA
14449 225 NA
14450 228 NA
14451 228 NA
14452 228 NA
14453 228 NA
14454 240 NA
14455 240 NA
14456 240 NA
14457 240 NA
14458 240 NA
14459 240 NA
14460 237 NA
14461 237 NA
14462 237 NA
14463 237 NA
14464 237 NA
14465 241 NA
14466 241 NA
14467 241 NA
14468 241 NA
14469 241 NA
14470 252 NA
14471 252 NA
14472 252 NA
14473 252 NA
14474 260 NA
14475 260 NA
14476 260 NA
14477 260 NA
14478 260 NA
14479 260 NA
14480 260 NA
14481 267 NA
14482 267 NA
14483 267 NA
14484 267 NA
14485 267 NA
14486 267 NA
14487 258 NA
14488 258 NA
14489 258 NA
14490 258 NA
14491 258 NA
14492 258 NA
14493 258 NA
14494 258 NA
14495 258 NA
14496 258 NA
14497 258 NA
14498 258 NA
14499 258 NA
14500 253 NA
14501 253 NA
14502 253 NA
14503 253 NA
14504 253 NA
14505 253 NA
14506 253 NA
14507 244 NA
14508 244 NA
14509 244 NA
14510 244 NA
14511 244 NA
14512 241 NA
14513 241 NA
14514 241 NA
14515 241 NA
14516 241 NA
14517 241 NA
14518 241 NA
14519 238 NA
14520 238 NA
14521 238 NA
14522 238 NA
14523 238 NA
14524 238 NA
14525 228 NA
14526 228 NA
14527 228 NA
14528 228 NA
14529 228 NA
14530 238 NA
14531 238 NA
14532 238 NA
14533 238 NA
14534 238 NA
14535 238 NA
14536 237 NA
14537 237 NA
14538 237 NA
14539 237 NA
14540 237 NA
14541 237 NA
14542 237 NA
14543 228 NA
14544 228 NA
14545 228 NA
14546 228 NA
14547 228 NA
14548 228 NA
14549 219 NA
14550 219 NA
14551 219 NA
14552 219 NA
14553 219 NA
14554 219 NA
14555 219 NA
14556 219 NA
14557 209 NA
14558 209 NA
14559 209 NA
14560 209 NA
14561 209 NA
14562 209 NA
14563 209 NA
14564 201 NA
14565 201 NA
14566 201 NA
14567 201 NA
14568 201 NA
14569 201 NA
14570 201 NA
14571 201 NA
14572 197 NA
14573 197 NA
14574 197 NA
14575 197 NA
14576 197 NA
14577 197 NA
14578 197 NA
14579 197 NA
14580 201 NA
14581 201 NA
14582 201 NA
14583 201 NA
14584 201 NA
14585 201 NA
14586 201 NA
14587 201 NA
14588 208 NA
14589 208 NA
14590 208 NA
14591 208 NA
14592 208 NA
14593 208 NA
14594 208 NA
14595 215 NA
14596 215 NA
14597 215 NA
14598 215 NA
14599 215 NA
14600 215 NA
14601 223 NA
14602 223 NA
14603 223 NA
14604 223 NA
14605 223 NA
14606 223 NA
14607 234 NA
14608 234 NA
14609 234 NA
14610 234 NA
14611 234 NA
14612 234 NA
14613 245 NA
14614 245 NA
14615 245 NA
14616 245 NA
14617 245 NA
14618 245 NA
14619 255 NA
14620 255 NA
14621 255 NA
14622 255 NA
14623 255 NA
14624 255 NA
14625 255 NA
14626 266 NA
14627 266 NA
14628 266 NA
14629 266 NA
14630 266 NA
14631 266 NA
14632 266 NA
14633 277 NA
14634 277 NA
14635 277 NA
14636 277 NA
14637 277 NA
14638 277 NA
14639 291 NA
14640 291 NA
14641 291 NA
14642 291 NA
14643 291 NA
14644 291 NA
14645 291 NA
14646 304 NA
14647 304 NA
14648 304 NA
14649 304 NA
14650 304 NA
14651 304 NA
14653 320 NA
14654 320 NA
14655 320 NA
14656 320 NA
14657 320 NA
14658 320 NA
14659 335 NA
14660 335 NA
14661 335 NA
14662 335 NA
14663 335 NA
14664 335 NA
14665 335 NA
14666 337 NA
14667 337 NA
14668 337 NA
14669 337 NA
14670 337 NA
14671 337 NA
14672 337 NA
14673 337 NA
14674 338 NA
14675 338 NA
14676 338 NA
14677 338 NA
14678 338 NA
14679 338 NA
14680 338 NA
14681 355 NA
14682 355 NA
14683 355 NA
14684 355 NA
14685 355 NA
14686 355 NA
14687 370 NA
14688 370 NA
14689 370 NA
14690 370 NA
14691 370 NA
14692 370 NA
14693 370 NA
14694 385 NA
14695 385 NA
14696 385 NA
14697 385 NA
14698 385 NA
14699 385 NA
14700 385 NA
14701 385 NA
14702 399 NA
14703 399 NA
14704 399 NA
14705 399 NA
14706 399 NA
14707 399 NA
14708 418 NA
14709 418 NA
14710 418 NA
14711 418 NA
14712 418 NA
14713 418 NA
14714 418 NA
14715 418 NA
14716 418 NA
14717 418 NA
14718 402 NA
14719 402 NA
14720 402 NA
14721 402 NA
14722 402 NA
14723 402 NA
14724 402 NA
14725 402 NA
14726 402 NA
14727 402 NA
14728 402 NA
14729 407 NA
14730 407 NA
14731 407 NA
14732 407 NA
14733 407 NA
14734 407 NA
14735 407 NA
14736 407 NA
14737 407 NA
14738 421 NA
14739 421 NA
14740 421 NA
14741 421 NA
14742 421 NA
14743 421 NA
14744 421 NA
14745 421 NA
14746 402 NA
14747 402 NA
14748 402 NA
14749 402 NA
14750 402 NA
14751 402 NA
14752 402 NA
14753 402 NA
14754 409 NA
14755 409 NA
14756 409 NA
14757 409 NA
14758 409 NA
14759 409 NA
14760 409 NA
14761 412 NA
14762 412 NA
14763 412 NA
14764 412 NA
14765 412 NA
14766 412 NA
14767 412 NA
14768 430 NA
14769 430 NA
14770 430 NA
14771 430 NA
14772 430 NA
14773 430 NA
14774 430 NA
14775 451 NA
14776 451 NA
14777 451 NA
14778 451 NA
14779 451 NA
14780 468 NA
14781 468 NA
14782 468 NA
14783 468 NA
14784 468 NA
14785 468 NA
14786 486 NA
14787 486 NA
14788 486 NA
14789 486 NA
14790 486 NA
14791 486 NA
14792 503 NA
14793 503 NA
14794 503 NA
14795 503 NA
14796 503 NA
14797 503 NA
14798 503 NA
14799 503 NA
14800 503 NA
14801 528 NA
14802 528 NA
14803 528 NA
14804 528 NA
14805 547 NA
14806 547 NA
14807 547 NA
14808 547 NA
14809 547 NA
14810 522 NA
14811 522 NA
14812 522 NA
14813 502 NA
14814 502 NA
14815 502 NA
14816 502 NA
14817 484 NA
14818 484 NA
14819 484 NA
14820 484 NA
14821 465 NA
14822 465 NA
14823 465 NA
14824 465 NA
14825 446 NA
14826 446 NA
14827 446 NA
14828 426 NA
14829 426 NA
14830 426 NA
14831 408 NA
14832 408 NA
14833 408 NA
14834 390 NA
14835 390 NA
14836 373 NA
14837 373 NA
14838 360 NA
14839 360 NA
14840 360 NA
14841 360 NA
14842 350 NA
14843 350 NA
14844 350 NA
14845 350 NA
14846 353 NA
14847 353 NA
14848 353 NA
14849 353 NA
14850 370 NA
14851 370 NA
14852 370 NA
14853 370 NA
14854 370 NA
14855 373 NA
14856 373 NA
14857 373 NA
14858 373 NA
14859 376 NA
14860 376 NA
14861 376 NA
14862 376 NA
14863 360 NA
14864 360 NA
14865 360 NA
14866 350 NA
14867 350 NA
14868 350 NA
14869 350 NA
14870 350 NA
14871 350 NA
14872 336 NA
14873 336 NA
14874 336 NA
14875 336 NA
14876 336 NA
14877 336 NA
14878 350 NA
14879 350 NA
14880 350 NA
14881 350 NA
14882 350 NA
14883 350 NA
14884 366 NA
14885 366 NA
14886 366 NA
14887 366 NA
14888 366 NA
14889 366 NA
14890 385 NA
14891 385 NA
14892 385 NA
14893 385 NA
14894 385 NA
14895 385 NA
14896 399 NA
14897 399 NA
14898 399 NA
14899 399 NA
14900 399 NA
14901 418 NA
14902 418 NA
14903 418 NA
14904 418 NA
14905 418 NA
14906 418 NA
14907 436 NA
14908 436 NA
14909 436 NA
14910 436 NA
14911 436 NA
14912 436 NA
14913 436 NA
14914 458 NA
14915 458 NA
14916 458 NA
14917 458 NA
14918 458 NA
14920 458 NA
14921 480 NA
14922 480 NA
14923 480 NA
14924 480 NA
14925 480 NA
14926 480 NA
14927 480 NA
14928 480 NA
14929 480 NA
14930 499 NA
14931 499 NA
14932 499 NA
14933 499 NA
14934 499 NA
14935 499 NA
14936 499 NA
14937 497 NA
14938 497 NA
14939 497 NA
14940 497 NA
14941 497 NA
14942 497 NA
14943 497 NA
14944 481 NA
14945 481 NA
14946 481 NA
14947 481 NA
14948 481 NA
14949 481 NA
14950 481 NA
14951 481 NA
14952 460 NA
14953 460 NA
14954 460 NA
14955 460 NA
14956 460 NA
14957 460 NA
14958 460 NA
14959 460 NA
14960 448 NA
14961 448 NA
14962 448 NA
14963 448 NA
14964 448 NA
14965 454 NA
14966 454 NA
14967 454 NA
14968 454 NA
14969 454 NA
14970 454 NA
14971 454 NA
14972 454 NA
14973 448 NA
14974 448 NA
14979 448 NA
14981 427 NA
14986 427 NA
14987 424 NA
14991 424 NA
14992 406 NA
14995 406 NA
14996 393 NA
14998 393 NA
15001 379 NA
15003 379 NA
15005 363 NA
15008 336 NA
15009 336 NA
15012 321 NA
15013 321 NA
15016 308 NA
15018 295 NA
15020 281 NA
15021 281 NA
15023 269 NA
15025 269 NA
15026 256 NA
15028 246 NA
15029 246 NA
15031 236 NA
15032 236 NA
15033 233 NA
15036 242 NA
15038 242 NA
15039 238 NA
15044 235 NA
15046 226 NA
15047 217 NA
15048 217 NA
15050 212 NA
15052 202 NA
15055 204 NA
15058 194 NA
15060 186 NA
15061 186 NA
15063 177 NA
15066 177 NA
15067 176 NA
15070 169 NA
15073 172 NA
15076 176 NA
15080 176 NA
15081 182 NA
15085 192 NA
15087 192 NA
15089 202 NA
15090 202 NA
15093 211 NA
15094 211 NA
15096 222 NA
15101 222 NA
15102 233 NA
15104 233 NA
15106 231 NA
15110 223 NA
15114 214 NA
15115 214 NA
15116 216 NA
15120 219 NA
15122 219 NA
15125 227 NA
15128 239 NA
15132 239 NA
15133 246 NA
15136 246 NA
15137 241 NA
15142 237 NA
15143 237 NA
15144 227 NA
15145 227 NA
15147 218 NA
15149 209 NA
15150 209 NA
15151 199 NA
15154 191 NA
15155 182 NA
15157 182 NA
15158 173 NA
15159 173 NA
15161 166 NA
15163 159 NA
15164 159 NA
15165 154 NA
15168 147 NA
15170 140 NA
15172 134 NA
15175 129 NA
15177 124 NA
15178 124 NA
15179 118 NA
15182 113 NA
15184 108 NA
15186 108 NA
15187 105 NA
15191 101 NA
15193 96 NA
15194 96 NA
15196 94 NA
15197 94 NA
15199 90 NA
15204 86 NA
15210 89 NA
15215 93 NA
15219 94 NA
15221 94 NA
15224 97 NA
15227 97 NA
15229 99 NA
15232 99 NA
15233 101 NA
15235 101 NA
15238 105 NA
15242 103 NA
15244 103 NA
15247 106 NA
15248 106 NA
15250 104 NA
15254 105 NA
15258 105 NA
15259 109 NA
15264 109 NA
15270 108 NA
15271 108 NA
15273 106 NA
15277 106 NA
15280 105 NA
15284 105 NA
15287 103 NA
15296 107 NA
15297 107 NA
15302 108 NA
15307 108 NA
15310 113 NA
15315 113 NA
15316 117 NA
15323 117 NA
15324 120 NA
15331 120 NA
15332 125 NA
15338 125 NA
15339 132 NA
15340 132 NA
15341 132 NA
15342 132 NA
15343 132 NA
15344 132 NA
15345 132 NA
15346 132 NA
15347 132 NA
15348 132 NA
15349 132 NA
15350 132 NA
15351 132 NA
15352 132 NA
15353 132 NA
15354 135 NA
15355 135 NA
15356 135 NA
15357 135 NA
15358 135 NA
15359 135 NA
15360 135 NA
15361 137 NA
15362 137 NA
15363 137 NA
15364 137 NA
15365 137 NA
15366 137 NA
15367 141 NA
15368 141 NA
15369 141 NA
15370 141 NA
15371 141 NA
15372 141 NA
15373 141 NA
15374 146 NA
15375 146 NA
15376 146 NA
15377 146 NA
15378 146 NA
15379 146 NA
15380 146 NA
15381 151 NA
15382 151 NA
15383 151 NA
15384 151 NA
15385 151 NA
15386 151 NA
15387 151 NA
15388 159 NA
15389 159 NA
15390 159 NA
15391 159 NA
15392 159 NA
15393 161 NA
15394 161 NA
15395 161 NA
15396 161 NA
15397 161 NA
15398 161 NA
15399 161 NA
15400 169 NA
15401 169 NA
15402 169 NA
15403 169 NA
15404 169 NA
15405 169 NA
15406 174 NA
15407 174 NA
15408 174 NA
15409 174 NA
15410 174 NA
15411 174 NA
15412 181 NA
15413 181 NA
15414 181 NA
15415 181 NA
15416 181 NA
15417 191 NA
15418 191 NA
15419 191 NA
15420 191 NA
15421 201 NA
15422 201 NA
15423 202 NA
15424 202 NA
15425 203 NA
15426 203 NA
15427 203 NA
15428 203 NA
15429 203 NA
15430 203 NA
15431 203 NA
15432 203 NA
15433 203 NA
15434 203 NA
15435 198 NA
15436 198 NA
15437 198 NA
15438 198 NA
15439 193 NA
15440 193 NA
15441 193 NA
15442 193 NA
15443 193 NA
15444 189 NA
15445 189 NA
15446 189 NA
15447 189 NA
15448 182 NA
15449 182 NA
15450 182 NA
15451 182 NA
15452 182 NA
15453 175 NA
15454 175 NA
15455 175 NA
15456 175 NA
15457 175 NA
15458 175 NA
15459 170 NA
15460 170 NA
15461 170 NA
15462 170 NA
15463 170 NA
15464 170 NA
15465 162 NA
15466 162 NA
15467 162 NA
15468 162 NA
15469 162 NA
15470 162 NA
15471 162 NA
15472 155 NA
15473 155 NA
15474 155 NA
15475 155 NA
15476 155 NA
15477 155 NA
15478 148 NA
15479 148 NA
15480 148 NA
15481 148 NA
15482 150 NA
15483 150 NA
15484 150 NA
15485 150 NA
15486 150 NA
15487 150 NA
15488 149 NA
15489 149 NA
15490 149 NA
15491 149 NA
15492 149 NA
15493 145 NA
15494 145 NA
15495 145 NA
15496 145 NA
15497 140 NA
15498 140 NA
15499 140 NA
15500 135 NA
15501 135 NA
15502 135 NA
15503 135 NA
15504 129 NA
15505 129 NA
15506 129 NA
15507 123 NA
15508 123 NA
15509 123 NA
15510 117 NA
15511 117 NA
15512 117 NA
15513 112 NA
15514 112 NA
15515 112 NA
15516 112 NA
15517 111 NA
15518 111 NA
15519 111 NA
15520 111 NA
15521 111 NA
15522 106 NA
15523 106 NA
15524 106 NA
15525 106 NA
15526 106 NA
15527 103 NA
15528 103 NA
15529 103 NA
15530 103 NA
15531 103 NA
15532 102 NA
15533 102 NA
15534 102 NA
15535 102 NA
15536 102 NA
15537 99 NA
15538 99 NA
15539 99 NA
15540 99 NA
15541 99 NA
15542 95 NA
15543 95 NA
15544 95 NA
15545 95 NA
15546 95 NA
15547 93 NA
15548 93 NA
15549 93 NA
15550 93 NA
15551 93 NA
15552 93 NA
15553 89 NA
15554 89 NA
15555 89 NA
15556 89 NA
15557 89 NA
15558 89 NA
15559 89 NA
15560 89 NA
15561 89 NA
15562 89 NA
15563 89 NA
15564 85 NA
15565 85 NA
15566 85 NA
15567 85 NA
15568 85 NA
15569 85 NA
15570 81 NA
15571 81 NA
15572 81 NA
15573 81 NA
15574 81 NA
15575 81 NA
15576 80 NA
15577 80 NA
15578 80 NA
15579 80 NA
15580 80 NA
15581 80 NA
15582 82 NA
15583 82 NA
15584 82 NA
15585 82 NA
15586 82 NA
15587 82 NA
15588 80 NA
15589 80 NA
15590 80 NA
15591 80 NA
15592 80 NA
15593 80 NA
15594 80 NA
15595 81 NA
15596 81 NA
15597 81 NA
15598 81 NA
15599 81 NA
15600 81 NA
15601 81 NA
15602 86 NA
15603 91 NA
15604 96 NA
15605 96 NA
15606 101 NA
15607 101 NA
15608 106 NA
15609 106 NA
15610 112 NA
15611 112 NA
15612 118 NA
15613 118 NA
15614 124 NA
15615 124 NA
15616 124 NA
15617 131 NA
15618 131 NA
15619 138 NA
15620 138 NA
15621 138 NA
15622 145 NA
15623 145 NA
15624 145 NA
15625 152 NA
15626 152 NA
15627 160 NA
15628 160 NA
15629 168 NA
15630 168 NA
15631 177 NA
15632 177 NA
15633 177 NA
15634 186 NA
15635 186 NA
15636 186 NA
15637 196 NA
15638 196 NA
15639 196 NA
15640 204 NA
15641 204 NA
15642 197 NA
15643 197 NA
15644 190 NA
15645 190 NA
15646 190 NA
15647 183 NA
15648 183 NA
15649 181 NA
15650 183 NA
15651 184 NA
15652 186 NA
15653 188 NA
15654 189 NA
15655 191 NA
15656 192 NA
15657 194 NA
15658 194 NA
15659 204 NA
15660 204 NA
15661 204 NA
15662 215 NA
15663 215 NA
15664 225 NA
15665 225 NA
15666 225 NA
15667 225 NA
15668 237 NA
15669 237 NA
15670 249 NA
15671 249 NA
15672 249 NA
15673 262 NA
15674 262 NA
15675 262 NA
15676 276 NA
15677 276 NA
15678 276 NA
15679 286 NA
15680 286 NA
15681 286 NA
15682 301 NA
15683 301 NA
15684 316 NA
15685 316 NA
15686 316 NA
15687 329 NA
15688 329 NA
15689 345 NA
15690 345 NA
15691 345 NA
15692 355 NA
15693 355 NA
15694 355 NA
15695 367 NA
15696 367 NA
15697 367 NA
15698 350 NA
15699 350 NA
15700 336 NA
15701 336 NA
15702 335 NA
15703 335 NA
15704 335 NA
15705 340 NA
15706 340 NA
15707 352 NA
15708 352 NA
15709 352 NA
15710 368 NA
15711 368 NA
15712 368 NA
15713 383 NA
15714 383 NA
15715 383 NA
15716 403 NA
15717 403 NA
15718 403 NA
15719 423 NA
15720 423 NA
15721 423 NA
15722 423 NA
15723 422 NA
15724 422 NA
15725 422 NA
15726 422 NA
15727 437 NA
15728 437 NA
15729 437 NA
15730 459 NA
15731 459 NA
15732 459 NA
15733 467 NA
15734 467 NA
15735 467 NA
15736 467 NA
15737 481 NA
15738 481 NA
15739 481 NA
15740 491 NA
15741 491 NA
15742 491 NA
15743 491 NA
15744 512 NA
15745 512 NA
15746 512 NA
15747 528 NA
15748 528 NA
15749 528 NA
15750 518 NA
15751 518 NA
15752 518 NA
15753 513 NA
15754 513 NA
15755 513 NA
15756 512 NA
15757 512 NA
15758 512 NA
15759 512 NA
15760 519 NA
15761 519 NA
15762 519 NA
15763 519 NA
15764 536 NA
15765 536 NA
15766 536 NA
15767 536 NA
15768 531 NA
15769 531 NA
15770 531 NA
15771 531 NA
15772 517 NA
15773 517 NA
15774 517 NA
15775 517 NA
15776 506 NA
15777 506 NA
15778 506 NA
15779 506 NA
15780 507 NA
15781 507 NA
15782 507 NA
15783 508 NA
15784 508 NA
15785 508 NA
15786 508 NA
15787 526 NA
15788 526 NA
15789 526 NA
15790 526 NA
15791 548 NA
15792 548 NA
15793 548 NA
15794 568 NA
15795 568 NA
15796 568 NA
15797 567 NA
15798 565 NA
15799 564 NA
15800 562 NA
15801 560 NA
15802 558 NA
15803 557 NA
15804 555 NA
15805 555 NA
15806 555 NA
15807 555 NA
15808 569 NA
15809 569 NA
15810 569 NA
15811 582 NA
15812 582 NA
15813 582 NA
15814 582 NA
15815 586 NA
15816 586 NA
15817 586 NA
15818 586 NA
15819 570 NA
15820 570 NA
15821 570 NA
15822 570 NA
15823 569 NA
15824 569 NA
15825 569 NA
15826 569 NA
15827 582 NA
15828 582 NA
15829 582 NA
15830 582 NA
15831 598 NA
15832 598 NA
15833 598 NA
15834 598 NA
15835 609 NA
15836 609 NA
15837 609 NA
15838 609 NA
15839 617 NA
15840 617 NA
15841 617 NA
15842 615 NA
15843 615 NA
15844 615 NA
15845 601 NA
15846 601 NA
15847 601 NA
15848 599 NA
15849 599 NA
15850 599 NA
15851 605 NA
15852 605 NA
15853 605 NA
15854 602 NA
15855 602 NA
15856 602 NA
15857 583 NA
15858 583 NA
15859 583 NA
15860 580 NA
15861 580 NA
15862 580 NA
15863 580 NA
15864 589 NA
15865 589 NA
15866 589 NA
15867 579 NA
15868 579 NA
15869 579 NA
15870 585 NA
15871 585 NA
15872 585 NA
15873 577 NA
15874 577 NA
15875 577 NA
15876 578 NA
15877 578 NA
15878 578 NA
15879 578 NA
15880 590 NA
15881 590 NA
15882 590 NA
15883 590 NA
15884 589 NA
15885 589 NA
15886 589 NA
15887 592 NA
15888 592 NA
15889 592 NA
15890 592 NA
15891 596 NA
15892 596 NA
15893 596 NA
15894 603 NA
15895 603 NA
15896 603 NA
15897 617 NA
15898 617 NA
15899 617 NA
15900 617 NA
15901 639 NA
15902 639 NA
15903 635 NA
15904 631 NA
15905 627 NA
15906 622 NA
15907 618 NA
15908 614 NA
15909 614 NA
15910 614 NA
15911 614 NA
15912 614 NA
15913 588 NA
15914 588 NA
15915 588 NA
15916 588 NA
15917 588 NA
15918 586 NA
15919 586 NA
15920 586 NA
15921 586 NA
15922 586 NA
15923 586 NA
15924 574 NA
15925 574 NA
15926 574 NA
15927 574 NA
15928 574 NA
15929 574 NA
15930 574 NA
15931 583 NA
15932 583 NA
15933 583 NA
15934 583 NA
15935 583 NA
15936 583 NA
15937 594 NA
15938 594 NA
15939 594 NA
15940 594 NA
15941 594 NA
15942 594 NA
15943 594 NA
15944 594 NA
15945 594 NA
15946 594 NA
15947 598 NA
15948 598 NA
15949 598 NA
15950 598 NA
15951 598 NA
15952 598 NA
15953 606 NA
15954 606 NA
15955 606 NA
15956 606 NA
15957 606 NA
15958 606 NA
15959 622 NA
15960 622 NA
15961 622 NA
15962 612 NA
15963 612 NA
15964 612 NA
15965 612 NA
15966 612 NA
15967 612 NA
15968 604 NA
15969 604 NA
15970 604 NA
15971 604 NA
15972 604 NA
15973 604 NA
15974 604 NA
15975 604 NA
15976 596 NA
15977 596 NA
15978 596 NA
15979 596 NA
15980 596 NA
15981 596 NA
15982 596 NA
15983 579 NA
15984 579 NA
15985 579 NA
15986 577 NA
15987 576 NA
15988 574 NA
15989 573 NA
15990 571 NA
15991 569 NA
15992 568 NA
15993 566 NA
15994 566 NA
15995 566 NA
15996 566 NA
15997 566 NA
15998 539 NA
15999 539 NA
16000 539 NA
16001 539 NA
16002 539 NA
16003 539 NA
16004 539 NA
16005 513 NA
16006 513 NA
16007 513 NA
16008 513 NA
16009 513 NA
16010 513 NA
16011 488 NA
16012 488 NA
16013 488 NA
16014 488 NA
16015 488 NA
16016 488 NA
16017 466 NA
16018 466 NA
16019 466 NA
16020 466 NA
16021 466 NA
16022 466 NA
16023 448 NA
16024 448 NA
16025 448 NA
16026 448 NA
16027 448 NA
16028 448 NA
16029 448 NA
16030 427 NA
16031 427 NA
16032 427 NA
16033 427 NA
16034 427 NA
16035 424 NA
16036 421 NA
16037 418 NA
16038 415 NA
16039 412 NA
16040 409 NA
16041 406 NA
16042 406 NA
16043 387 NA
16044 387 NA
16045 387 NA
16046 387 NA
16047 387 NA
16048 387 NA
16049 368 NA
16050 368 NA
16051 368 NA
16052 368 NA
16053 368 NA
16054 368 NA
16055 350 NA
16056 350 NA
16057 350 NA
16058 350 NA
16059 350 NA
16060 333 NA
16061 333 NA
16062 333 NA
16063 317 NA
16064 317 NA
16065 317 NA
16066 317 NA
16067 317 NA
16068 302 NA
16069 302 NA
16070 302 NA
16071 302 NA
16072 287 NA
16073 287 NA
16074 287 NA
16075 287 NA
16076 273 NA
16077 273 NA
16078 273 NA
16079 273 NA
16080 273 NA
16081 260 NA
16082 260 NA
16083 260 NA
16084 260 NA
16085 247 NA
16086 247 NA
16087 247 NA
16088 247 NA
16089 247 NA
16090 235 NA
16091 235 NA
16092 235 NA
16093 235 NA
16094 224 NA
16095 224 NA
16096 224 NA
16097 213 NA
16098 213 NA
16099 213 NA
16100 213 NA
16101 203 NA
16102 203 NA
16103 203 NA
16104 203 NA
16105 193 NA
16106 193 NA
16107 193 NA
16108 193 NA
16109 185 NA
16110 185 NA
16111 185 NA
16112 185 NA
16113 185 NA
16114 177 NA
16115 177 NA
16116 177 NA
16117 177 NA
16118 169 NA
16119 169 NA
16120 169 NA
16121 169 NA
16122 169 NA
16123 164 NA
16124 164 NA
16125 164 NA
16126 159 NA
16127 159 NA
16128 159 NA
16129 159 NA
16130 151 NA
16131 151 NA
16132 151 NA
16133 151 NA
16134 144 NA
16135 144 NA
16136 144 NA
16137 144 NA
16138 144 NA
16139 136 NA
16140 136 NA
16141 136 NA
16142 136 NA
16143 136 NA
16144 129 NA
16145 129 NA
16146 129 NA
16147 129 NA
16148 122 NA
16149 122 NA
16150 122 NA
16151 122 NA
16152 115 NA
16153 115 NA
16154 115 NA
16155 115 NA
16156 115 NA
16157 109 NA
16158 109 NA
16159 109 NA
16160 109 NA
16161 106 NA
16162 106 NA
16163 106 NA
16164 106 NA
16165 106 NA
16166 106 NA
16167 105 NA
16168 105 NA
16169 105 NA
16170 105 NA
16171 105 NA
16172 105 NA
16173 102 NA
16174 102 NA
16175 102 NA
16176 102 NA
16177 102 NA
16178 98 NA
16179 98 NA
16180 98 NA
16181 98 NA
16182 98 NA
16183 98 NA
16184 99 NA
16185 99 NA
16186 99 NA
16187 99 NA
16188 99 NA
16189 99 NA
16190 98 NA
16191 98 NA
16192 98 NA
16193 98 NA
16194 98 NA
16195 98 NA
16196 99 NA
16197 99 NA
16198 99 NA
16199 99 NA
16200 99 NA
16201 95 NA
16202 95 NA
16203 95 NA
16204 95 NA
16205 95 NA
16206 95 NA
16207 90 NA
16208 90 NA
16209 90 NA
16210 90 NA
16211 90 NA
16212 86 NA
16213 86 NA
16214 86 NA
16215 86 NA
16216 86 NA
16217 86 NA
16218 82 NA
16219 82 NA
16220 82 NA
16221 82 NA
16222 82 NA
16223 82 NA
16224 79 NA
16225 79 NA
16226 79 NA
16227 79 NA
16228 79 NA
16229 79 NA
16230 76 NA
16231 76 NA
16232 76 NA
16233 76 NA
16234 76 NA
16235 76 NA
16236 74 NA
16237 74 NA
16238 74 NA
16239 74 NA
16240 74 NA
16241 70 NA
16242 70 NA
16243 70 NA
16244 70 NA
16245 70 NA
16246 67 NA
16247 67 NA
16248 67 NA
16249 67 NA
16250 67 NA
16251 64 NA
16252 64 NA
16253 64 NA
16254 64 NA
16255 62 NA
16256 62 NA
16257 62 NA
16258 62 NA
16259 61 NA
16260 61 NA
16261 61 NA
16262 61 NA
16263 62 NA
16264 62 NA
16265 62 NA
16266 62 NA
16267 62 NA
16268 62 NA
16269 62 NA
16270 62 NA
16271 64 NA
16272 64 NA
16273 64 NA
16274 64 NA
16275 67 NA
16276 67 NA
16277 67 NA
16278 67 NA
16279 66 NA
16280 66 NA
16281 66 NA
16282 66 NA
16283 66 NA
16284 66 NA
16285 66 NA
16286 66 NA
16287 66 NA
16288 66 NA
16289 66 NA
16290 66 NA
16291 66 NA
16292 66 NA
16293 66 NA
16294 66 NA
16295 66 NA
16296 66 NA
16297 68 NA
16298 68 NA
16299 68 NA
16300 68 NA
16301 72 NA
16302 72 NA
16303 72 NA
16304 72 NA
16305 72 NA
16306 74 NA
16307 74 NA
16308 74 NA
16309 74 NA
16310 77 NA
16311 77 NA
16312 77 NA
16313 77 NA
16314 77 NA
16315 77 NA
16316 77 NA
16317 77 NA
16318 77 NA
16319 80 NA
16320 80 NA
16321 80 NA
16322 80 NA
16323 84 NA
16324 84 NA
16325 84 NA
16326 84 NA
16327 88 NA
16328 88 NA
16329 88 NA
16330 88 NA
16331 93 NA
16332 93 NA
16333 93 NA
16334 93 NA
16335 98 NA
16336 98 NA
16337 98 NA
16338 98 NA
16339 97 NA
16340 97 NA
16341 97 NA
16342 97 NA
16343 95 NA
16344 95 NA
16345 95 NA
16346 95 NA
16347 95 NA
16348 93 NA
16349 93 NA
16350 93 NA
16351 93 NA
16352 93 NA
16353 92 NA
16354 92 NA
16355 92 NA
16356 92 NA
16357 92 NA
16358 94 NA
16359 94 NA
16360 94 NA
16361 94 NA
16362 94 NA
16363 97 NA
16364 97 NA
16365 97 NA
16366 97 NA
16367 97 NA
16368 97 NA
16369 102 NA
16370 102 NA
16371 102 NA
16372 102 NA
16373 102 NA
16374 105 NA
16375 105 NA
16376 105 NA
16377 105 NA
16378 105 NA
16379 105 NA
16380 105 NA
16381 105 NA
16382 105 NA
16383 100 NA
16384 100 NA
16385 100 NA
16386 100 NA
16387 100 NA
16388 101 NA
16389 101 NA
16390 101 NA
16391 101 NA
16392 101 NA
16393 104 NA
16394 104 NA
16395 104 NA
16396 104 NA
16397 104 NA
16398 104 NA
16399 106 NA
16400 106 NA
16401 106 NA
16402 106 NA
16403 106 NA
16404 106 NA
16405 108 NA
16406 108 NA
16407 108 NA
16408 108 NA
16409 108 NA
16410 106 NA
16411 106 NA
16412 106 NA
16413 106 NA
16414 103 NA
16415 103 NA
16416 103 NA
16417 103 NA
16418 105 NA
16419 105 NA
16420 105 NA
16421 105 NA
16422 105 NA
16423 104 NA
16424 104 NA
16425 104 NA
16426 104 NA
16427 104 NA
16428 104 NA
16429 99 NA
16430 99 NA
16431 99 NA
16432 99 NA
16433 99 NA
16434 99 NA
16435 96 NA
16436 96 NA
16437 96 NA
16438 96 NA
16439 96 NA
16440 93 NA
16441 93 NA
16442 93 NA
16443 93 NA
16444 93 NA
16445 90 NA
16446 90 NA
16447 90 NA
16448 90 NA
16449 90 NA
16450 89 NA
16451 89 NA
16452 89 NA
16453 89 NA
16454 89 NA
16455 87 NA
16456 87 NA
16457 87 NA
16458 87 NA
16459 87 NA
16460 84 NA
16461 84 NA
16462 84 NA
16463 84 NA
16464 84 NA
16465 80 NA
16466 80 NA
16467 80 NA
16468 80 NA
16469 80 NA
16470 78 NA
16471 78 NA
16472 78 NA
16473 78 NA
16474 78 NA
16475 75 NA
16476 75 NA
16477 75 NA
16478 75 NA
16479 75 NA
16480 73 NA
16481 73 NA
16482 73 NA
16483 73 NA
16484 69 NA
16485 69 NA
16486 69 NA
16487 65 NA
16488 65 NA
16489 65 NA
16490 61 NA
16491 61 NA
16492 61 NA
16493 58 NA
16494 58 NA
16495 58 NA
16496 58 NA
16497 56 NA
16498 56 NA
16499 56 NA
16500 56 NA
16501 54 NA
16502 54 NA
16503 54 NA
16504 54 NA
16505 54 NA
16506 54 NA
16507 54 NA
16508 54 NA
16509 54 NA
16510 53 NA
16511 53 NA
16512 53 NA
16513 53 NA
16514 53 NA
16515 55 NA
16516 55 NA
16517 55 NA
16518 55 NA
16519 55 NA
16520 57 NA
16521 57 NA
16522 57 NA
16523 58 NA
16524 58 NA
16525 58 NA
16526 59 NA
16527 59 NA
16528 59 NA
16529 59 NA
16530 61 NA
16531 61 NA
16532 61 NA
16533 61 NA
16534 64 NA
16535 64 NA
16536 64 NA
16537 64 NA
16538 67 NA
16539 67 NA
16540 67 NA
16541 67 NA
16542 67 NA
16543 69 NA
16544 69 NA
16545 69 NA
16546 69 NA
16547 69 NA
16548 69 NA
16549 69 NA
16550 69 NA
16551 68 NA
16552 68 NA
16553 66 NA
16554 66 NA
16555 63 NA
16556 63 NA
16557 60 NA
16558 60 NA
16559 60 NA
16560 58 NA
16561 58 NA
16562 58 NA
16563 56 NA
16564 56 NA
16565 56 NA
16566 54 NA
16567 54 NA
16568 54 NA
16569 52 NA
16570 52 NA
16571 52 NA
16572 50 NA
16573 50 NA
16574 50 NA
16575 48 NA
16576 48 NA
16577 48 NA
16578 48 NA
16579 46 NA
16580 46 NA
16581 46 NA
16582 46 NA
16583 43 NA
16584 43 NA
16585 43 NA
16586 43 NA
16587 41 NA
16588 41 NA
16589 41 NA
16590 41 NA
16591 39 NA
16592 39 NA
16593 39 NA
16594 39 NA
16595 38 NA
16596 38 NA
16597 38 NA
16598 38 NA
16599 38 NA
16600 38 NA
16601 38 NA
16602 38 NA
16603 38 NA
16604 38 NA
16605 36 NA
16606 36 NA
16607 36 NA
16608 36 NA
16609 36 NA
16610 35 NA
16611 35 NA
16612 35 NA
16613 35 NA
16614 35 NA
16615 35 NA
16616 35 NA
16617 35 NA
16618 35 NA
16619 35 NA
16620 36 NA
16621 36 NA
16622 36 NA
16623 36 NA
16624 36 NA
16625 36 NA
16626 36 NA
16627 36 NA
16628 36 NA
16629 36 NA
16630 36 NA
16631 36 NA
16632 37 NA
16633 37 NA
16634 37 NA
16635 37 NA
16636 37 NA
16637 37 NA
16638 39 NA
16639 39 NA
16640 39 NA
16641 39 NA
16642 39 NA
16643 39 NA
16644 41 NA
16645 41 NA
16646 41 NA
16647 41 NA
16648 41 NA
16649 41 NA
16650 42 NA
16651 42 NA
16652 42 NA
16653 42 NA
16654 42 NA
16655 42 NA
16656 42 NA
16657 42 NA
16658 42 NA
16659 42 NA
16660 42 NA
16661 42 NA
16662 44 NA
16663 44 NA
16665 44 NA
16666 44 NA
16668 47 NA
16669 47 NA
16670 47 NA
16671 47 NA
16672 47 NA
16673 47 NA
16674 50 NA
16675 50 NA
16676 50 NA
16677 50 NA
16678 50 NA
16679 53 NA
16680 53 NA
16681 53 NA
16682 53 NA
16683 53 NA
16684 56 NA
16685 56 NA
16686 56 NA
16687 56 NA
16688 56 NA
16689 56 NA
16690 59 NA
16691 59 NA
16692 59 NA
16693 59 NA
16694 59 NA
16695 61 NA
16696 61 NA
16697 61 NA
16698 61 NA
16699 61 NA
16700 61 NA
16701 65 NA
16702 65 NA
16703 65 NA
16704 65 NA
16705 65 NA
16706 68 NA
16707 68 NA
16708 68 NA
16709 68 NA
16710 68 NA
16711 72 NA
16712 72 NA
16715 72 NA
16717 76 NA
16719 76 NA
16720 76 NA
16721 76 NA
16722 76 NA
16723 80 NA
16724 80 NA
16725 80 NA
16726 80 NA
16727 80 NA
16728 80 NA
16730 81 NA
16731 81 NA
16732 81 NA
16733 81 NA
16734 81 NA
16735 81 NA
16736 85 NA
16737 85 NA
16738 85 NA
16739 85 NA
16740 85 NA
16741 85 NA
16742 85 NA
16743 88 NA
16744 88 NA
16745 88 NA
16746 88 NA
16747 88 NA
16748 88 NA
16749 88 NA
16750 92 NA
16751 92 NA
16752 92 NA
16753 92 NA
16754 92 NA
16755 92 NA
16756 92 NA
16757 97 NA
16759 97 NA
16760 97 NA
16761 97 NA
16762 97 NA
16763 97 NA
16764 97 NA
16765 102 NA
16766 102 NA
16767 102 NA
16768 102 NA
16769 102 NA
16770 102 NA
16771 102 NA
16772 108 NA
16773 108 NA
16774 108 NA
16775 108 NA
16776 108 NA
16777 108 NA
16778 114 NA
16779 114 NA
16780 114 NA
16781 114 NA
16782 114 NA
16783 114 NA
16784 118 NA
16785 118 NA
16786 118 NA
16787 118 NA
16788 118 NA
16789 118 NA
16790 120 NA
16791 120 NA
16792 120 NA
16793 120 NA
16794 120 NA
16795 120 NA
16796 120 NA
16797 119 NA
16798 119 NA
16799 119 NA
16800 119 NA
16801 119 NA
16802 119 NA
16803 121 NA
16804 121 NA
16805 121 NA
16807 121 NA
16808 121 NA
16809 127 NA
16810 127 NA
16811 127 NA
16812 127 NA
16813 127 NA
16814 127 NA
16815 126 NA
16816 126 NA
16817 126 NA
16818 126 NA
16820 126 NA
16821 129 NA
16822 129 NA
16823 129 NA
16824 129 NA
16825 129 NA
16826 129 NA
16827 133 NA
16828 133 NA
16829 133 NA
16830 133 NA
16831 133 NA
16832 133 NA
16833 133 NA
16834 139 NA
16835 139 NA
16836 139 NA
16837 139 NA
16838 139 NA
16839 139 NA
16840 139 NA
16841 143 NA
16842 143 NA
16843 143 NA
16844 143 NA
16845 143 NA
16847 143 NA
16849 144 NA
16850 144 NA
16851 144 NA
16852 144 NA
16853 144 NA
16854 144 NA
16855 145 NA
16856 145 NA
16857 145 NA
16858 145 NA
16859 145 NA
16860 145 NA
16861 145 NA
16862 145 NA
16863 145 NA
16864 145 NA
16865 145 NA
16866 145 NA
16867 148 NA
16869 148 NA
16870 148 NA
16871 148 NA
16872 148 NA
16873 144 NA
16874 144 NA
16875 144 NA
16876 144 NA
16878 144 NA
16879 149 NA
16880 149 NA
16881 149 NA
16884 157 NA
16885 157 NA
16886 157 NA
16887 157 NA
16888 157 NA
16889 157 NA
16890 165 NA
16892 165 NA
16893 165 NA
16894 165 NA
16895 165 NA
16896 174 NA
16897 174 NA
16898 174 NA
16899 174 NA
16900 174 NA
16901 174 NA
16902 183 NA
16903 183 NA
16904 183 NA
16905 183 NA
16906 183 NA
16907 183 NA
16908 183 NA
16909 186 NA
16910 186 NA
16911 186 NA
16912 186 NA
16913 186 NA
16914 186 NA
16915 186 NA
16916 186 NA
16917 179 NA
16918 179 NA
16919 179 NA
16920 179 NA
16921 179 NA
16922 180 NA
16923 180 NA
16924 180 NA
16925 180 NA
16926 180 NA
16927 180 NA
16928 180 NA
16929 180 NA
16930 180 NA
16931 180 NA
16932 180 NA
16933 180 NA
16934 180 NA
16935 176 NA
16937 176 NA
16938 176 NA
16939 176 NA
16940 176 NA
16941 170 NA
16942 170 NA
16943 170 NA
16944 170 NA
16945 170 NA
16946 170 NA
16949 165 NA
16950 165 NA
16951 165 NA
16952 165 NA
16953 165 NA
16954 161 NA
16955 161 NA
16956 161 NA
16957 161 NA
16958 161 NA
16959 161 NA
16960 161 NA
16967 170 NA
16968 178 NA
16969 178 NA
16970 178 NA
16971 178 NA
16972 178 NA
16974 172 NA
16975 172 NA
16976 172 NA
16977 172 NA
16978 172 NA
16979 172 NA
16980 163 NA
16981 163 NA
16982 163 NA
16984 163 NA
16985 155 NA
16986 155 NA
16987 155 NA
16988 155 NA
16989 155 NA
16990 155 NA
16991 155 NA
16992 155 NA
16993 155 NA
16994 155 NA
16999 161 NA
17000 161 NA
17001 161 NA
17006 158 NA
17007 158 NA
17014 154 NA
17015 154 NA
17016 154 NA
17017 154 NA
17018 154 NA
17019 154 NA
17020 153 NA
17021 153 NA
17022 153 NA
17023 153 NA
17024 153 NA
17025 153 NA
17026 153 NA
17027 155 NA
17028 155 NA
17029 155 NA
17031 155 NA
17032 155 NA
17033 155 NA
17034 155 NA
17035 155 NA
17036 151 NA
17037 151 NA
17038 151 NA
17039 151 NA
17040 151 NA
17042 151 NA
17044 154 NA
17045 154 NA
17046 154 NA
17047 154 NA
17048 154 NA
17049 154 NA
17050 154 NA
17051 154 NA
17052 153 NA
17053 153 NA
17054 153 NA
17055 153 NA
17056 153 NA
17057 153 NA
17058 153 NA
17059 153 NA
17060 153 NA
17061 160 NA
17062 160 NA
17063 160 NA
17064 160 NA
17069 166 NA
17070 166 NA
17071 166 NA
17072 166 NA
17073 166 NA
17075 166 NA
17076 166 NA
17077 161 NA
17078 161 NA
17079 161 NA
17080 161 NA
17081 161 NA
17083 161 NA
17084 161 NA
17085 154 NA
17086 154 NA
17087 154 NA
17088 154 NA
17089 154 NA
17091 154 NA
17092 154 NA
17093 154 NA
17094 159 NA
17095 159 NA
17096 159 NA
17097 159 NA
17098 159 NA
17099 159 NA
17100 159 NA
17101 159 NA
17102 159 NA
17103 163 NA
17104 163 NA
17105 163 NA
17106 163 NA
17107 163 NA
17108 163 NA
17109 163 NA
17110 163 NA
17111 163 NA
17112 163 NA
17113 163 NA
17114 162 NA
17115 162 NA
17117 162 NA
17118 162 NA
17119 162 NA
17123 162 NA
17124 160 NA
17125 160 NA
17126 160 NA
17127 160 NA
17129 160 NA
17130 160 NA
17131 160 NA
17132 160 NA
17133 161 NA
17134 161 NA
17135 161 NA
17136 161 NA
17138 161 NA
17139 161 NA
17140 161 NA
17141 160 NA
17142 160 NA
17143 160 NA
17144 160 NA
17145 160 NA
17146 160 NA
17147 160 NA
17148 160 NA
17149 153 NA
