"Index" "Price" "Volume"
14019 612 NA
14020 612 NA
14021 612 NA
14022 612 NA
14023 628 NA
14024 628 NA
14025 628 NA
14026 628 NA
14027 630 NA
14028 630 NA
14029 630 NA
14030 630 NA
14031 630 NA
14032 641 NA
14033 641 NA
14034 641 NA
14035 641 NA
14036 641 NA
14037 643 NA
14038 643 NA
14039 643 NA
14040 643 NA
14041 643 NA
14042 659 NA
14043 659 NA
14044 659 NA
14045 659 NA
14046 659 NA
14047 659 NA
14048 667 NA
14049 667 NA
14050 667 NA
14051 667 NA
14052 667 NA
14053 676 NA
14054 676 NA
14055 676 NA
14056 676 NA
14057 676 NA
14058 676 NA
14059 680 NA
14060 680 NA
14061 680 NA
14062 680 NA
14063 680 NA
14064 680 NA
14065 680 NA
14066 700 NA
14067 700 NA
14068 700 NA
14069 700 NA
14070 700 NA
14071 700 NA
14072 723 NA
14073 723 NA
14074 723 NA
14075 723 NA
14076 723 NA
14077 721 NA
14078 721 NA
14079 721 NA
14080 721 NA
14081 721 NA
14082 722 NA
14083 722 NA
14084 722 NA
14085 722 NA
14086 722 NA
14087 719 NA
14088 719 NA
14089 719 NA
14090 719 NA
14091 719 NA
14092 719 NA
14093 724 NA
14094 724 NA
14095 724 NA
14096 724 NA
14097 724 NA
14098 724 NA
14099 724 NA
14100 742 NA
14101 742 NA
14102 742 NA
14103 742 NA
14104 742 NA
14105 768 NA
14106 768 NA
14107 768 NA
14108 768 NA
14109 763 NA
14110 763 NA
14111 763 NA
14112 763 NA
14113 765 NA
14114 765 NA
14115 765 NA
14116 765 NA
14117 767 NA
14118 767 NA
14119 767 NA
14120 767 NA
14121 752 NA
14122 752 NA
14123 752 NA
14124 740 NA
14125 740 NA
14126 740 NA
14127 739 NA
14128 739 NA
14129 739 NA
14130 740 NA
14131 740 NA
14132 740 NA
14133 740 NA
14134 740 NA
14135 740 NA
14136 737 NA
14137 737 NA
14138 737 NA
14139 737 NA
14140 735 NA
14141 735 NA
14142 735 NA
14143 735 NA
14144 740 NA
14145 740 NA
14146 740 NA
14147 740 NA
14148 734 NA
14149 734 NA
14150 734 NA
14151 724 NA
14152 724 NA
14153 724 NA
14154 724 NA
14155 728 NA
14156 728 NA
14157 728 NA
14158 752 NA
14159 752 NA
14160 752 NA
14161 752 NA
14162 752 NA
14163 767 NA
14164 767 NA
14165 767 NA
14166 767 NA
14167 767 NA
14168 766 NA
14169 766 NA
14170 766 NA
14171 766 NA
14172 766 NA
14173 766 NA
14174 766 NA
14175 783 NA
14176 783 NA
14177 783 NA
14178 783 NA
14179 787 NA
14180 787 NA
14181 787 NA
14182 787 NA
14183 787 NA
14184 777 NA
14185 777 NA
14186 803 NA
14187 803 NA
14188 803 NA
14189 803 NA
14190 803 NA
14191 828 NA
14192 828 NA
14193 828 NA
14194 828 NA
14195 812 NA
14196 812 NA
14197 812 NA
14198 806 NA
14199 806 NA
14200 806 NA
14201 831 NA
14202 831 NA
14203 831 NA
14204 831 NA
14205 831 NA
14206 843 NA
14207 843 NA
14208 843 NA
14209 843 NA
14210 859 NA
14211 859 NA
14212 859 NA
14213 859 NA
14214 837 NA
14215 837 NA
14216 837 NA
14217 837 NA
14218 841 NA
14219 841 NA
14220 841 NA
14221 824 NA
14222 824 NA
14223 824 NA
14224 807 NA
14225 807 NA
14226 807 NA
14227 807 NA
14228 828 NA
14229 828 NA
14230 828 NA
14231 828 NA
14232 805 NA
14233 805 NA
14234 805 NA
14235 774 NA
14236 774 NA
14237 774 NA
14238 774 NA
14239 775 NA
14240 775 NA
14241 775 NA
14242 790 NA
14243 790 NA
14244 790 NA
14245 790 NA
14246 785 NA
14247 785 NA
14248 785 NA
14249 816 NA
14250 816 NA
14251 816 NA
14252 816 NA
14253 816 NA
14254 818 NA
14255 818 NA
14256 818 NA
14257 818 NA
14258 818 NA
14259 804 NA
14260 804 NA
14261 804 NA
14262 780 NA
14263 780 NA
14264 769 NA
14265 769 NA
14266 769 NA
14267 769 NA
14268 769 NA
14269 754 NA
14270 754 NA
14271 754 NA
14272 752 NA
14273 752 NA
14274 752 NA
14275 752 NA
14276 748 NA
14277 748 NA
14278 748 NA
14279 748 NA
14280 748 NA
14281 748 NA
14282 744 NA
14283 744 NA
14284 759 NA
14285 759 NA
14286 759 NA
14287 759 NA
14288 773 NA
14289 773 NA
14290 773 NA
14291 773 NA
14292 774 NA
14293 774 NA
14294 777 NA
14295 777 NA
14296 777 NA
14297 777 NA
14298 787 NA
14299 787 NA
14300 787 NA
14301 787 NA
14302 799 NA
14303 799 NA
14304 799 NA
14305 782 NA
14306 782 NA
14307 782 NA
14308 782 NA
14309 766 NA
14310 766 NA
14311 766 NA
14312 760 NA
14313 760 NA
14314 760 NA
14315 760 NA
14316 760 NA
14317 760 NA
14318 757 NA
14319 757 NA
14320 757 NA
14321 757 NA
14322 763 NA
14323 763 NA
14324 763 NA
14325 752 NA
14326 752 NA
14327 752 NA
14328 752 NA
14329 746 NA
14330 746 NA
14331 746 NA
14332 746 NA
14333 741 NA
14334 741 NA
14335 741 NA
14336 741 NA
14337 741 NA
14338 743 NA
14339 743 NA
14340 743 NA
14341 731 NA
14342 731 NA
14343 731 NA
14344 738 NA
14345 738 NA
14346 738 NA
14347 738 NA
14348 738 NA
14349 727 NA
14350 727 NA
14351 727 NA
14352 727 NA
14353 734 NA
14354 734 NA
14355 734 NA
14356 734 NA
14357 734 NA
14358 734 NA
14359 745 NA
14360 745 NA
14361 745 NA
14362 745 NA
14363 734 NA
14364 734 NA
14365 734 NA
14366 734 NA
14367 740 NA
14368 740 NA
14369 740 NA
14370 740 NA
14371 737 NA
14372 737 NA
14373 737 NA
14374 737 NA
14375 755 NA
14376 755 NA
14377 755 NA
14378 755 NA
14379 755 NA
14380 755 NA
14381 736 NA
14382 736 NA
14383 736 NA
14384 731 NA
14385 731 NA
14386 731 NA
14387 756 NA
14388 756 NA
14389 756 NA
14390 776 NA
14391 776 NA
14392 776 NA
14393 776 NA
14394 776 NA
14395 769 NA
14396 769 NA
14397 777 NA
14398 777 NA
14399 777 NA
14400 777 NA
14401 777 NA
14402 807 NA
14403 807 NA
14404 807 NA
14405 818 NA
14406 818 NA
14407 810 NA
14408 810 NA
14409 810 NA
14410 810 NA
14411 810 NA
14412 808 NA
14413 808 NA
14414 808 NA
14415 796 NA
14416 796 NA
14417 796 NA
14418 814 NA
14419 814 NA
14420 814 NA
14421 814 NA
14422 838 NA
14423 838 NA
14424 838 NA
14425 838 NA
14426 851 NA
14428 851 NA
14429 849 NA
14430 849 NA
14431 849 NA
14432 834 NA
14433 834 NA
14434 834 NA
14435 834 NA
14436 829 NA
14437 829 NA
14438 829 NA
14439 850 NA
14440 850 NA
14441 854 NA
14442 854 NA
14443 854 NA
14444 856 NA
14445 856 NA
14446 856 NA
14447 856 NA
14448 856 NA
14449 837 NA
14450 837 NA
14451 837 NA
14452 832 NA
14453 832 NA
14454 832 NA
14455 832 NA
14456 845 NA
14457 845 NA
14458 845 NA
14459 845 NA
14460 829 NA
14461 829 NA
14462 835 NA
14463 835 NA
14464 835 NA
14465 835 NA
14466 835 NA
14467 834 NA
14468 834 NA
14469 834 NA
14470 834 NA
14471 862 NA
14472 862 NA
14473 862 NA
14474 854 NA
14475 854 NA
14476 854 NA
14477 854 NA
14478 854 NA
14479 854 NA
14480 834 NA
14481 834 NA
14482 834 NA
14483 834 NA
14484 834 NA
14485 815 NA
14486 815 NA
14487 815 NA
14488 815 NA
14489 835 NA
14490 835 NA
14491 835 NA
14492 835 NA
14493 843 NA
14494 843 NA
14495 843 NA
14496 843 NA
14497 843 NA
14498 843 NA
14499 829 NA
14500 829 NA
14501 829 NA
14502 829 NA
14503 814 NA
14504 814 NA
14505 814 NA
14506 814 NA
14507 814 NA
14508 814 NA
14509 817 NA
14510 817 NA
14511 817 NA
14512 817 NA
14513 817 NA
14514 805 NA
14515 805 NA
14516 805 NA
14517 800 NA
14518 800 NA
14519 800 NA
14520 800 NA
14521 800 NA
14522 821 NA
14523 821 NA
14524 821 NA
14525 821 NA
14526 821 NA
14527 821 NA
14528 829 NA
14529 829 NA
14530 829 NA
14531 829 NA
14532 846 NA
14533 846 NA
14534 846 NA
14535 846 NA
14536 846 NA
14537 846 NA
14538 834 NA
14539 834 NA
14540 834 NA
14541 834 NA
14542 823 NA
14543 823 NA
14544 823 NA
14545 823 NA
14546 823 NA
14547 823 NA
14548 830 NA
14549 830 NA
14550 830 NA
14551 821 NA
14552 821 NA
14553 821 NA
14554 821 NA
14555 798 NA
14556 798 NA
14557 798 NA
14558 798 NA
14559 798 NA
14560 798 NA
14561 804 NA
14562 804 NA
14563 804 NA
14564 804 NA
14565 771 NA
14566 771 NA
14567 771 NA
14568 771 NA
14569 777 NA
14570 777 NA
14571 777 NA
14572 777 NA
14573 777 NA
14574 798 NA
14575 798 NA
14576 798 NA
14577 816 NA
14578 816 NA
14579 816 NA
14580 816 NA
14581 829 NA
14582 829 NA
14583 829 NA
14584 847 NA
14585 847 NA
14586 847 NA
14587 847 NA
14588 847 NA
14589 847 NA
14590 852 NA
14591 852 NA
14592 852 NA
14593 852 NA
14594 859 NA
14595 859 NA
14596 859 NA
14597 859 NA
14598 859 NA
14599 831 NA
14600 831 NA
14601 831 NA
14602 831 NA
14603 831 NA
14604 840 NA
14605 840 NA
14606 840 NA
14607 827 NA
14608 827 NA
14609 827 NA
14610 827 NA
14611 838 NA
14612 838 NA
14613 838 NA
14614 838 NA
14615 838 NA
14616 820 NA
14617 820 NA
14618 820 NA
14619 820 NA
14620 820 NA
14621 803 NA
14622 803 NA
14623 803 NA
14624 803 NA
14625 805 NA
14626 805 NA
14627 805 NA
14628 805 NA
14629 805 NA
14630 816 NA
14631 816 NA
14632 816 NA
14633 816 NA
14634 816 NA
14635 809 NA
14636 809 NA
14637 809 NA
14638 841 NA
14639 841 NA
14640 841 NA
14641 841 NA
14642 841 NA
14643 838 NA
14644 838 NA
14645 838 NA
14646 838 NA
14647 838 NA
14648 813 NA
14649 813 NA
14650 813 NA
14651 813 NA
14652 780 NA
14653 780 NA
14654 780 NA
14655 780 NA
14656 780 NA
14657 779 NA
14658 779 NA
14659 779 NA
14660 779 NA
14661 801 NA
14662 801 NA
14663 801 NA
14664 801 NA
14665 826 NA
14666 826 NA
14667 826 NA
14668 826 NA
14669 826 NA
14670 839 NA
14671 839 NA
14672 839 NA
14673 839 NA
14674 840 NA
14675 840 NA
14676 840 NA
14677 821 NA
14678 821 NA
14679 821 NA
14680 821 NA
14681 840 NA
14682 840 NA
14683 840 NA
14684 840 NA
14685 819 NA
14686 819 NA
14687 819 NA
14688 819 NA
14689 801 NA
14690 801 NA
14691 801 NA
14692 801 NA
14693 816 NA
14694 816 NA
14695 816 NA
14696 816 NA
14697 801 NA
14698 801 NA
14699 801 NA
14700 801 NA
14701 801 NA
14702 769 NA
14703 769 NA
14704 769 NA
14705 758 NA
14706 758 NA
14707 758 NA
14708 751 NA
14709 751 NA
14710 751 NA
14711 751 NA
14712 751 NA
14713 751 NA
14714 750 NA
14715 750 NA
14716 750 NA
14717 750 NA
14718 738 NA
14719 738 NA
14720 738 NA
14721 738 NA
14722 738 NA
14723 738 NA
14724 734 NA
14725 734 NA
14726 734 NA
14727 734 NA
14728 734 NA
14729 753 NA
14730 753 NA
14731 753 NA
14732 767 NA
14733 767 NA
14734 767 NA
14735 767 NA
14736 767 NA
14737 767 NA
14738 781 NA
14739 781 NA
14740 781 NA
14741 781 NA
14742 802 NA
14743 802 NA
14744 802 NA
14745 802 NA
14746 802 NA
14747 787 NA
14748 787 NA
14749 787 NA
14750 787 NA
14751 774 NA
14752 774 NA
14753 774 NA
14754 763 NA
14755 763 NA
14756 763 NA
14757 763 NA
14758 768 NA
14759 768 NA
14760 768 NA
14761 768 NA
14762 745 NA
14763 745 NA
14764 745 NA
14765 745 NA
14766 751 NA
14767 751 NA
14768 751 NA
14769 751 NA
14770 749 NA
14771 749 NA
14772 749 NA
14773 749 NA
14774 756 NA
14775 756 NA
14776 756 NA
14777 756 NA
14778 772 NA
14779 772 NA
14780 772 NA
14781 772 NA
14782 789 NA
14783 789 NA
14784 789 NA
14785 789 NA
14786 821 NA
14787 821 NA
14788 821 NA
14789 821 NA
14790 821 NA
14791 821 NA
14792 821 NA
14793 821 NA
14794 821 NA
14795 830 NA
14796 830 NA
14797 830 NA
14798 792 NA
14799 792 NA
14800 792 NA
14801 775 NA
14802 775 NA
14803 775 NA
14804 775 NA
14805 779 NA
14806 779 NA
14807 779 NA
14808 779 NA
14809 770 NA
14810 770 NA
14811 770 NA
14812 793 NA
14813 793 NA
14814 793 NA
14815 793 NA
14816 793 NA
14817 806 NA
14818 806 NA
14819 806 NA
14820 806 NA
14821 835 NA
14822 835 NA
14823 859 NA
14824 859 NA
14825 859 NA
14826 859 NA
14827 859 NA
14828 865 NA
14829 865 NA
14830 865 NA
14831 865 NA
14832 855 NA
14833 855 NA
14834 855 NA
14835 855 NA
14836 885 NA
14837 885 NA
14838 885 NA
14839 885 NA
14840 863 NA
14841 863 NA
14842 863 NA
14843 851 NA
14844 851 NA
14845 851 NA
14846 851 NA
14847 862 NA
14848 862 NA
14849 862 NA
14850 862 NA
14851 862 NA
14852 862 NA
14853 862 NA
14854 856 NA
14855 856 NA
14856 892 NA
14857 892 NA
14858 892 NA
14859 896 NA
14860 896 NA
14861 896 NA
14862 896 NA
14863 881 NA
14864 881 NA
14865 881 NA
14866 866 NA
14867 866 NA
14868 866 NA
14869 866 NA
14870 866 NA
14871 866 NA
14872 831 NA
14873 831 NA
14874 831 NA
14875 831 NA
14876 825 NA
14877 825 NA
14878 825 NA
14879 832 NA
14880 832 NA
14881 832 NA
14882 832 NA
14883 832 NA
14884 864 NA
14885 864 NA
14886 864 NA
14887 864 NA
14888 863 NA
14889 863 NA
14890 863 NA
14891 863 NA
14892 863 NA
14893 862 NA
14894 862 NA
14895 862 NA
14896 862 NA
14897 828 NA
14898 828 NA
14899 828 NA
14900 828 NA
14901 791 NA
14902 791 NA
14903 791 NA
14904 791 NA
14905 766 NA
14906 766 NA
14907 766 NA
14908 766 NA
14909 780 NA
14910 780 NA
14911 780 NA
14912 782 NA
14913 782 NA
14914 782 NA
14915 782 NA
14916 776 NA
14917 776 NA
14918 776 NA
14920 804 NA
14921 804 NA
14922 804 NA
14923 804 NA
14924 826 NA
14925 826 NA
14926 826 NA
14927 826 NA
14928 826 NA
14929 826 NA
14930 825 NA
14931 825 NA
14932 825 NA
14933 825 NA
14934 828 NA
14935 828 NA
14936 828 NA
14937 828 NA
14938 809 NA
14939 809 NA
14940 809 NA
14941 820 NA
14942 820 NA
14943 820 NA
14944 803 NA
14945 803 NA
14946 803 NA
14947 803 NA
14948 790 NA
14949 790 NA
14950 790 NA
14951 790 NA
14952 790 NA
14953 790 NA
14954 788 NA
14955 788 NA
14956 788 NA
14957 788 NA
14958 779 NA
14959 779 NA
14960 779 NA
14961 779 NA
14962 743 NA
14963 743 NA
14964 743 NA
14965 726 NA
14966 726 NA
14967 726 NA
14968 726 NA
14969 732 NA
14970 732 NA
14971 732 NA
14972 754 NA
14973 754 NA
14974 754 NA
14975 754 NA
14976 783 NA
14979 784 NA
14981 784 NA
14982 798 NA
14983 769 NA
14985 769 NA
14986 741 NA
14987 741 NA
14990 719 NA
14992 719 NA
14993 742 NA
14996 742 NA
14998 720 NA
15001 734 NA
15003 762 NA
15005 792 NA
15009 799 NA
15012 801 NA
15013 801 NA
15016 811 NA
15019 804 NA
15020 804 NA
15023 827 NA
15024 836 NA
15025 836 NA
15028 829 NA
15029 829 NA
15031 828 NA
15032 828 NA
15033 814 NA
15036 827 NA
15038 827 NA
15039 830 NA
15044 827 NA
15046 823 NA
15047 829 NA
15048 829 NA
15050 811 NA
15052 811 NA
15054 800 NA
15055 800 NA
15058 790 NA
15060 790 NA
15061 786 NA
15063 786 NA
15064 788 NA
15067 788 NA
15068 810 NA
15072 822 NA
15073 822 NA
15076 836 NA
15078 840 NA
15080 840 NA
15084 825 NA
15087 825 NA
15089 797 NA
15090 797 NA
15093 788 NA
15094 788 NA
15096 770 NA
15098 770 NA
15101 743 NA
15104 708 NA
15106 708 NA
15109 684 NA
15110 684 NA
15112 689 NA
15115 684 NA
15120 684 NA
15122 682 NA
15125 682 NA
15126 664 NA
15128 664 NA
15130 633 NA
15132 633 NA
15133 639 NA
15136 639 NA
15137 652 NA
15140 657 NA
15143 661 NA
15145 661 NA
15147 643 NA
15149 647 NA
15150 647 NA
15152 645 NA
15156 631 NA
15157 631 NA
15158 618 NA
15159 618 NA
15161 617 NA
15164 634 NA
15165 634 NA
15168 639 NA
15170 645 NA
15172 645 NA
15173 667 NA
15175 686 NA
15178 687 NA
15179 687 NA
15182 671 NA
15185 680 NA
15186 680 NA
15187 670 NA
15189 670 NA
15191 655 NA
15193 658 NA
15194 658 NA
15196 660 NA
15197 660 NA
15199 673 NA
15204 698 NA
15208 703 NA
15212 688 NA
15215 678 NA
15219 680 NA
15221 680 NA
15222 661 NA
15224 642 NA
15227 642 NA
15228 651 NA
15231 661 NA
15232 661 NA
15233 664 NA
15235 677 NA
15240 688 NA
15242 669 NA
15243 669 NA
15244 655 NA
15248 653 NA
15249 653 NA
15250 659 NA
15254 673 NA
15258 692 NA
15263 687 NA
15264 686 NA
15268 675 NA
15271 686 NA
15275 691 NA
15277 691 NA
15280 682 NA
15283 682 NA
15284 677 NA
15289 678 NA
15296 684 NA
15297 684 NA
15302 683 NA
15304 683 NA
15306 685 NA
15310 685 NA
15312 686 NA
15315 686 NA
15316 668 NA
15319 668 NA
15320 664 NA
15324 664 NA
15325 674 NA
15328 674 NA
15329 679 NA
15336 679 NA
15337 684 NA
15340 684 NA
15341 673 NA
15342 673 NA
15343 673 NA
15344 673 NA
15345 687 NA
15346 687 NA
15347 687 NA
15348 687 NA
15349 702 NA
15350 702 NA
15351 702 NA
15352 702 NA
15353 702 NA
15354 699 NA
15355 699 NA
15356 699 NA
15357 694 NA
15358 694 NA
15359 694 NA
15360 694 NA
15361 694 NA
15362 690 NA
15363 690 NA
15364 690 NA
15365 690 NA
15366 697 NA
15367 697 NA
15368 697 NA
15369 706 NA
15370 706 NA
15371 706 NA
15372 706 NA
15373 729 NA
15374 729 NA
15375 729 NA
15376 729 NA
15377 744 NA
15378 744 NA
15379 744 NA
15380 744 NA
15381 743 NA
15382 743 NA
15383 743 NA
15384 745 NA
15385 745 NA
15386 745 NA
15387 745 NA
15388 753 NA
15389 753 NA
15390 748 NA
15391 748 NA
15392 748 NA
15393 748 NA
15394 729 NA
15395 729 NA
15396 729 NA
15397 711 NA
15398 711 NA
15399 711 NA
15400 711 NA
15401 692 NA
15402 692 NA
15403 692 NA
15404 702 NA
15405 702 NA
15406 702 NA
15407 702 NA
15408 694 NA
15409 694 NA
15410 694 NA
15411 688 NA
15412 688 NA
15413 688 NA
15414 709 NA
15415 709 NA
15416 713 NA
15417 729 NA
15418 729 NA
15419 728 NA
15420 728 NA
15421 733 NA
15422 734 NA
15423 735 NA
15424 735 NA
15425 736 NA
15426 737 NA
15427 725 NA
15428 725 NA
15429 725 NA
15430 694 NA
15431 694 NA
15432 668 NA
15433 668 NA
15434 668 NA
15435 667 NA
15436 667 NA
15437 667 NA
15438 670 NA
15439 670 NA
15440 670 NA
15441 690 NA
15442 690 NA
15443 690 NA
15444 668 NA
15445 668 NA
15446 659 NA
15447 659 NA
15448 659 NA
15449 648 NA
15450 648 NA
15451 648 NA
15452 648 NA
15453 648 NA
15454 648 NA
15455 648 NA
15456 637 NA
15457 637 NA
15458 637 NA
15459 637 NA
15460 634 NA
15461 634 NA
15462 634 NA
15463 634 NA
15464 642 NA
15465 642 NA
15466 642 NA
15467 654 NA
15468 654 NA
15469 654 NA
15470 667 NA
15471 667 NA
15472 667 NA
15473 667 NA
15474 690 NA
15475 690 NA
15476 690 NA
15477 690 NA
15478 694 NA
15479 694 NA
15480 694 NA
15481 712 NA
15482 712 NA
15483 712 NA
15484 732 NA
15485 732 NA
15486 732 NA
15487 750 NA
15488 750 NA
15489 750 NA
15490 732 NA
15491 732 NA
15492 732 NA
15493 747 NA
15494 747 NA
15495 747 NA
15496 760 NA
15497 760 NA
15498 760 NA
15499 750 NA
15500 750 NA
15501 750 NA
15502 766 NA
15503 766 NA
15504 766 NA
15505 775 NA
15506 775 NA
15507 775 NA
15508 782 NA
15509 782 NA
15510 782 NA
15511 782 NA
15512 783 NA
15513 783 NA
15514 783 NA
15515 789 NA
15516 789 NA
15517 789 NA
15518 796 NA
15519 796 NA
15520 796 NA
15521 796 NA
15522 792 NA
15523 792 NA
15524 792 NA
15525 767 NA
15526 767 NA
15527 767 NA
15528 767 NA
15529 738 NA
15530 738 NA
15531 738 NA
15532 709 NA
15533 709 NA
15534 709 NA
15535 724 NA
15536 724 NA
15537 724 NA
15538 729 NA
15539 729 NA
15540 729 NA
15541 729 NA
15542 723 NA
15543 723 NA
15544 723 NA
15545 723 NA
15546 724 NA
15547 724 NA
15548 724 NA
15549 724 NA
15550 720 NA
15551 720 NA
15552 720 NA
15553 732 NA
15554 732 NA
15555 732 NA
15556 749 NA
15557 749 NA
15558 749 NA
15559 748 NA
15560 748 NA
15561 748 NA
15562 748 NA
15563 748 NA
15564 748 NA
15565 756 NA
15566 756 NA
15567 756 NA
15568 756 NA
15569 771 NA
15570 771 NA
15571 771 NA
15572 771 NA
15573 758 NA
15574 758 NA
15575 758 NA
15576 758 NA
15577 753 NA
15578 753 NA
15579 753 NA
15580 753 NA
15581 753 NA
15582 753 NA
15583 753 NA
15584 759 NA
15585 759 NA
15586 759 NA
15587 744 NA
15588 744 NA
15589 744 NA
15590 744 NA
15591 738 NA
15592 738 NA
15593 738 NA
15594 719 NA
15595 719 NA
15596 719 NA
15597 719 NA
15598 726 NA
15599 726 NA
15600 726 NA
15601 726 NA
15602 728 NA
15603 759 NA
15604 797 NA
15605 834 NA
15606 876 NA
15607 911 NA
15608 952 NA
15609 997 NA
15610 1044 NA
15611 1086 NA
15612 1136 NA
15613 1182 NA
15614 1223 NA
15615 1279 NA
15616 1304 NA
15617 1308 NA
15618 1273 NA
15619 1280 NA
15620 1261 NA
15621 1261 NA
15622 1252 NA
15623 1277 NA
15624 1296 NA
15625 1298 NA
15626 1314 NA
15627 1293 NA
15628 1280 NA
15629 1280 NA
15630 1250 NA
15631 1192 NA
15632 1139 NA
15633 1130 NA
15634 1083 NA
15635 1067 NA
15636 1033 NA
15637 987 NA
15638 987 NA
15639 958 NA
15640 966 NA
15641 966 NA
15642 946 NA
15643 920 NA
15644 936 NA
15645 976 NA
15646 976 NA
15647 1023 NA
15648 1072 NA
15649 1124 NA
15650 1134 NA
15651 1145 NA
15652 1155 NA
15653 1165 NA
15654 1175 NA
15655 1186 NA
15656 1196 NA
15657 1206 NA
15658 1206 NA
15659 1212 NA
15660 1218 NA
15661 1218 NA
15662 1267 NA
15663 1312 NA
15664 1339 NA
15665 1339 NA
15666 1386 NA
15667 1386 NA
15668 1369 NA
15669 1328 NA
15670 1267 NA
15671 1248 NA
15672 1248 NA
15673 1265 NA
15674 1265 NA
15675 1244 NA
15676 1233 NA
15677 1236 NA
15678 1236 NA
15679 1227 NA
15680 1252 NA
15681 1275 NA
15682 1275 NA
15683 1282 NA
15684 1282 NA
15685 1328 NA
15686 1328 NA
15687 1386 NA
15688 1386 NA
15689 1448 NA
15690 1448 NA
15691 1507 NA
15692 1507 NA
15693 1489 NA
15694 1489 NA
15695 1449 NA
15696 1449 NA
15697 1383 NA
15698 1328 NA
15699 1284 NA
15700 1284 NA
15701 1221 NA
15702 1221 NA
15703 1171 NA
15704 1171 NA
15705 1119 NA
15706 1119 NA
15707 1104 NA
15708 1104 NA
15709 1148 NA
15710 1200 NA
15711 1200 NA
15712 1256 NA
15713 1256 NA
15714 1282 NA
15715 1282 NA
15716 1252 NA
15717 1252 NA
15718 1262 NA
15719 1262 NA
15720 1263 NA
15721 1263 NA
15722 1293 NA
15723 1310 NA
15724 1310 NA
15725 1321 NA
15726 1321 NA
15727 1265 NA
15728 1265 NA
15729 1201 NA
15730 1201 NA
15731 1154 NA
15732 1137 NA
15733 1137 NA
15734 1132 NA
15735 1132 NA
15736 1122 NA
15737 1122 NA
15738 1151 NA
15739 1151 NA
15740 1181 NA
15741 1181 NA
15742 1202 NA
15743 1202 NA
15744 1222 NA
15745 1222 NA
15746 1206 NA
15747 1206 NA
15748 1229 NA
15749 1229 NA
15750 1270 NA
15751 1270 NA
15752 1302 NA
15753 1302 NA
15754 1305 NA
15755 1305 NA
15756 1272 NA
15757 1272 NA
15758 1233 NA
15759 1233 NA
15760 1201 NA
15761 1159 NA
15762 1159 NA
15763 1108 NA
15764 1108 NA
15765 1119 NA
15766 1121 NA
15767 1121 NA
15768 1121 NA
15769 1139 NA
15770 1139 NA
15771 1179 NA
15772 1179 NA
15773 1216 NA
15774 1216 NA
15775 1224 NA
15776 1224 NA
15777 1233 NA
15778 1233 NA
15779 1268 NA
15780 1268 NA
15781 1309 NA
15782 1309 NA
15783 1342 NA
15784 1342 NA
15785 1365 NA
15786 1365 NA
15787 1328 NA
15788 1328 NA
15789 1333 NA
15790 1333 NA
15791 1338 NA
15792 1338 NA
15793 1337 NA
15794 1337 NA
15795 1344 NA
15796 1344 NA
15797 1359 NA
15798 1358 NA
15799 1356 NA
15800 1355 NA
15801 1353 NA
15802 1352 NA
15803 1350 NA
15804 1349 NA
15805 1349 NA
15806 1364 NA
15807 1364 NA
15808 1356 NA
15809 1356 NA
15810 1394 NA
15811 1394 NA
15812 1452 NA
15813 1452 NA
15814 1488 NA
15815 1488 NA
15816 1515 NA
15817 1515 NA
15818 1482 NA
15819 1482 NA
15820 1419 NA
15821 1419 NA
15822 1400 NA
15823 1400 NA
15824 1383 NA
15825 1383 NA
15826 1412 NA
15827 1412 NA
15828 1450 NA
15829 1450 NA
15830 1448 NA
15831 1448 NA
15832 1431 NA
15833 1431 NA
15834 1476 NA
15835 1476 NA
15836 1525 NA
15837 1525 NA
15838 1517 NA
15839 1517 NA
15840 1512 NA
15841 1512 NA
15842 1525 NA
15843 1525 NA
15844 1539 NA
15845 1539 NA
15846 1535 NA
15847 1535 NA
15848 1530 NA
15849 1537 NA
15850 1537 NA
15851 1542 NA
15852 1542 NA
15853 1589 NA
15854 1589 NA
15855 1591 NA
15856 1591 NA
15857 1638 NA
15858 1638 NA
15859 1686 NA
15860 1686 NA
15861 1680 NA
15862 1680 NA
15863 1610 NA
15864 1529 NA
15865 1452 NA
15866 1379 NA
15867 1310 NA
15868 1244 NA
15869 1181 NA
15870 1121 NA
15871 1064 NA
15872 1010 NA
15873 962 NA
15874 932 NA
15875 902 NA
15876 918 NA
15877 941 NA
15878 954 NA
15879 951 NA
15880 966 NA
15881 974 NA
15882 974 NA
15883 978 NA
15884 978 NA
15885 965 NA
15886 978 NA
15887 987 NA
15888 993 NA
15889 993 NA
15890 1000 NA
15891 976 NA
15892 976 NA
15893 959 NA
15894 929 NA
15895 929 NA
15896 925 NA
15897 945 NA
15898 945 NA
15899 980 NA
15900 980 NA
15901 978 NA
15902 978 NA
15903 978 NA
15904 977 NA
15905 977 NA
15906 977 NA
15907 976 NA
15908 976 NA
15909 976 NA
15910 976 NA
15911 985 NA
15912 985 NA
15913 980 NA
15914 980 NA
15915 984 NA
15916 984 NA
15917 980 NA
15918 980 NA
15919 973 NA
15920 973 NA
15921 982 NA
15922 982 NA
15923 989 NA
15924 989 NA
15925 995 NA
15926 995 NA
15927 993 NA
15928 993 NA
15929 991 NA
15930 991 NA
15931 1002 NA
15932 1002 NA
15933 1037 NA
15934 1037 NA
15935 1076 NA
15936 1076 NA
15937 1107 NA
15938 1107 NA
15939 1107 NA
15940 1155 NA
15941 1155 NA
15942 1198 NA
15943 1198 NA
15944 1251 NA
15945 1251 NA
15946 1308 NA
15947 1308 NA
15948 1374 NA
15949 1415 NA
15950 1428 NA
15951 1428 NA
15952 1482 NA
15953 1482 NA
15954 1525 NA
15955 1525 NA
15956 1521 NA
15957 1521 NA
15958 1522 NA
15959 1522 NA
15960 1529 NA
15961 1529 NA
15962 1533 NA
15963 1533 NA
15964 1561 NA
15965 1561 NA
15966 1561 NA
15967 1561 NA
15968 1566 NA
15969 1566 NA
15970 1559 NA
15971 1559 NA
15972 1566 NA
15973 1566 NA
15974 1632 NA
15975 1632 NA
15976 1705 NA
15977 1705 NA
15978 1783 NA
15979 1783 NA
15980 1814 NA
15981 1814 NA
15982 1746 NA
15983 1746 NA
15984 1664 NA
15985 1664 NA
15986 1641 NA
15987 1617 NA
15988 1594 NA
15989 1570 NA
15990 1547 NA
15991 1523 NA
15992 1500 NA
15993 1476 NA
15994 1455 NA
15995 1455 NA
15996 1455 NA
15997 1446 NA
15998 1446 NA
15999 1438 NA
16000 1438 NA
16001 1438 NA
16002 1430 NA
16003 1430 NA
16004 1430 NA
16005 1409 NA
16006 1369 NA
16007 1369 NA
16008 1343 NA
16009 1343 NA
16010 1343 NA
16011 1347 NA
16012 1347 NA
16013 1361 NA
16014 1361 NA
16015 1352 NA
16016 1352 NA
16017 1303 NA
16018 1303 NA
16019 1277 NA
16020 1277 NA
16021 1241 NA
16022 1241 NA
16023 1241 NA
16024 1256 NA
16025 1256 NA
16026 1301 NA
16027 1301 NA
16028 1314 NA
16029 1314 NA
16030 1295 NA
16031 1295 NA
16032 1277 NA
16033 1297 NA
16034 1297 NA
16035 1281 NA
16036 1265 NA
16037 1249 NA
16038 1233 NA
16039 1217 NA
16040 1201 NA
16041 1185 NA
16042 1185 NA
16043 1157 NA
16044 1157 NA
16045 1165 NA
16046 1165 NA
16047 1146 NA
16048 1146 NA
16049 1115 NA
16050 1115 NA
16051 1096 NA
16052 1096 NA
16053 1076 NA
16054 1076 NA
16055 1067 NA
16056 1067 NA
16057 1065 NA
16058 1065 NA
16059 1056 NA
16060 1081 NA
16061 1081 NA
16062 1107 NA
16063 1160 NA
16064 1160 NA
16065 1207 NA
16066 1207 NA
16067 1244 NA
16068 1288 NA
16069 1288 NA
16070 1316 NA
16071 1316 NA
16072 1361 NA
16073 1361 NA
16074 1373 NA
16075 1373 NA
16076 1326 NA
16077 1326 NA
16078 1286 NA
16079 1286 NA
16080 1239 NA
16081 1239 NA
16082 1223 NA
16083 1223 NA
16084 1184 NA
16085 1184 NA
16086 1138 NA
16087 1156 NA
16088 1156 NA
16089 1175 NA
16090 1175 NA
16091 1158 NA
16092 1158 NA
16093 1165 NA
16094 1165 NA
16095 1192 NA
16096 1184 NA
16097 1184 NA
16098 1168 NA
16099 1168 NA
16100 1167 NA
16101 1167 NA
16102 1185 NA
16103 1234 NA
16104 1248 NA
16105 1248 NA
16106 1249 NA
16107 1249 NA
16108 1275 NA
16109 1262 NA
16110 1262 NA
16111 1266 NA
16112 1239 NA
16113 1239 NA
16114 1205 NA
16115 1146 NA
16116 1098 NA
16117 1098 NA
16118 1071 NA
16119 1071 NA
16120 1062 NA
16121 1062 NA
16122 1039 NA
16123 1002 NA
16124 958 NA
16125 919 NA
16126 919 NA
16127 906 NA
16128 930 NA
16129 930 NA
16130 953 NA
16131 953 NA
16132 985 NA
16133 985 NA
16134 1001 NA
16135 1001 NA
16136 1008 NA
16137 1005 NA
16138 976 NA
16139 963 NA
16140 963 NA
16141 932 NA
16142 903 NA
16143 866 NA
16144 840 NA
16145 831 NA
16146 817 NA
16147 817 NA
16148 808 NA
16149 825 NA
16150 825 NA
16151 862 NA
16152 874 NA
16153 857 NA
16154 857 NA
16155 833 NA
16156 833 NA
16157 834 NA
16158 834 NA
16159 826 NA
16160 818 NA
16161 818 NA
16162 834 NA
16163 834 NA
16164 842 NA
16165 866 NA
16166 866 NA
16167 864 NA
16168 864 NA
16169 867 NA
16170 863 NA
16171 863 NA
16172 852 NA
16173 852 NA
16174 855 NA
16175 855 NA
16176 839 NA
16177 841 NA
16178 850 NA
16179 850 NA
16180 872 NA
16181 872 NA
16182 894 NA
16183 935 NA
16184 931 NA
16185 931 NA
16186 927 NA
16187 950 NA
16188 950 NA
16189 932 NA
16190 932 NA
16191 929 NA
16192 939 NA
16193 939 NA
16194 930 NA
16195 930 NA
16196 921 NA
16197 918 NA
16198 944 NA
16199 944 NA
16200 973 NA
16201 984 NA
16202 976 NA
16203 968 NA
16204 948 NA
16205 948 NA
16206 953 NA
16207 953 NA
16208 940 NA
16209 940 NA
16210 940 NA
16211 951 NA
16212 951 NA
16213 943 NA
16214 936 NA
16215 923 NA
16216 923 NA
16217 903 NA
16218 903 NA
16219 903 NA
16220 903 NA
16221 888 NA
16222 888 NA
16223 887 NA
16224 878 NA
16225 878 NA
16226 900 NA
16227 891 NA
16228 891 NA
16229 874 NA
16230 850 NA
16231 850 NA
16232 835 NA
16233 835 NA
16234 815 NA
16235 807 NA
16236 796 NA
16237 796 NA
16238 802 NA
16239 799 NA
16240 799 NA
16241 821 NA
16242 821 NA
16243 809 NA
16244 817 NA
16245 817 NA
16246 837 NA
16247 837 NA
16248 857 NA
16249 857 NA
16250 879 NA
16251 892 NA
16252 892 NA
16253 918 NA
16254 918 NA
16255 934 NA
16256 952 NA
16257 952 NA
16258 947 NA
16259 948 NA
16260 948 NA
16261 944 NA
16262 944 NA
16263 938 NA
16264 944 NA
16265 929 NA
16266 929 NA
16267 910 NA
16268 910 NA
16269 912 NA
16270 955 NA
16271 955 NA
16272 986 NA
16273 986 NA
16274 1008 NA
16275 1054 NA
16276 1054 NA
16277 1066 NA
16278 1071 NA
16279 1065 NA
16280 1065 NA
16281 1081 NA
16282 1081 NA
16283 1084 NA
16284 1104 NA
16285 1097 NA
16286 1076 NA
16287 1076 NA
16288 1044 NA
16289 1044 NA
16290 1009 NA
16291 1009 NA
16292 961 NA
16293 961 NA
16294 934 NA
16295 903 NA
16296 903 NA
16297 877 NA
16298 887 NA
16299 887 NA
16300 877 NA
16301 907 NA
16302 907 NA
16303 887 NA
16304 887 NA
16305 861 NA
16306 861 NA
16307 848 NA
16308 848 NA
16309 869 NA
16310 888 NA
16311 888 NA
16312 898 NA
16313 898 NA
16314 892 NA
16315 918 NA
16316 918 NA
16317 947 NA
16318 980 NA
16319 980 NA
16320 1001 NA
16321 1007 NA
16322 982 NA
16323 962 NA
16324 989 NA
16325 989 NA
16326 1016 NA
16327 1060 NA
16328 1064 NA
16329 1073 NA
16330 1039 NA
16331 1039 NA
16332 995 NA
16333 995 NA
16334 980 NA
16335 963 NA
16336 963 NA
16337 967 NA
16338 995 NA
16339 995 NA
16340 1005 NA
16341 1005 NA
16342 1004 NA
16343 1004 NA
16344 963 NA
16345 963 NA
16346 945 NA
16347 945 NA
16348 930 NA
16349 930 NA
16350 918 NA
16351 918 NA
16352 915 NA
16353 915 NA
16354 924 NA
16355 924 NA
16356 933 NA
16357 933 NA
16358 955 NA
16359 955 NA
16360 973 NA
16361 973 NA
16362 995 NA
16363 983 NA
16364 983 NA
16365 986 NA
16366 986 NA
16367 995 NA
16368 995 NA
16369 990 NA
16370 969 NA
16371 969 NA
16372 949 NA
16373 937 NA
16374 937 NA
16375 912 NA
16376 876 NA
16377 842 NA
16378 801 NA
16379 801 NA
16380 774 NA
16381 774 NA
16382 785 NA
16383 785 NA
16384 818 NA
16385 818 NA
16386 826 NA
16387 826 NA
16388 853 NA
16389 853 NA
16390 882 NA
16391 882 NA
16392 904 NA
16393 904 NA
16394 907 NA
16395 907 NA
16396 892 NA
16397 892 NA
16398 878 NA
16399 878 NA
16400 893 NA
16401 893 NA
16402 899 NA
16403 899 NA
16404 909 NA
16405 909 NA
16406 905 NA
16407 887 NA
16408 887 NA
16409 891 NA
16410 891 NA
16411 893 NA
16412 893 NA
16413 900 NA
16414 900 NA
16415 907 NA
16416 878 NA
16417 878 NA
16418 883 NA
16419 883 NA
16420 890 NA
16421 900 NA
16422 900 NA
16423 874 NA
16424 874 NA
16425 852 NA
16426 872 NA
16427 872 NA
16428 854 NA
16429 854 NA
16430 854 NA
16431 854 NA
16432 837 NA
16433 837 NA
16434 823 NA
16435 823 NA
16436 807 NA
16437 807 NA
16438 795 NA
16439 795 NA
16440 796 NA
16441 796 NA
16442 771 NA
16443 773 NA
16444 773 NA
16445 759 NA
16446 759 NA
16447 753 NA
16448 753 NA
16449 761 NA
16450 761 NA
16451 777 NA
16452 781 NA
16453 781 NA
16454 771 NA
16455 771 NA
16456 759 NA
16457 759 NA
16458 747 NA
16459 747 NA
16460 733 NA
16461 733 NA
16462 722 NA
16463 722 NA
16464 738 NA
16465 738 NA
16466 750 NA
16467 750 NA
16468 773 NA
16469 773 NA
16470 795 NA
16471 795 NA
16472 809 NA
16473 809 NA
16474 833 NA
16475 841 NA
16476 834 NA
16477 834 NA
16478 840 NA
16479 840 NA
16480 860 NA
16481 860 NA
16482 827 NA
16483 809 NA
16484 809 NA
16485 786 NA
16486 782 NA
16487 748 NA
16488 748 NA
16489 710 NA
16490 690 NA
16491 690 NA
16492 700 NA
16493 700 NA
16494 714 NA
16495 714 NA
16496 728 NA
16497 728 NA
16498 735 NA
16499 735 NA
16500 752 NA
16501 752 NA
16502 765 NA
16503 779 NA
16504 779 NA
16505 777 NA
16506 777 NA
16507 775 NA
16508 772 NA
16509 793 NA
16510 793 NA
16511 798 NA
16512 804 NA
16513 804 NA
16514 784 NA
16515 784 NA
16516 773 NA
16517 773 NA
16518 758 NA
16519 758 NA
16520 749 NA
16521 749 NA
16522 748 NA
16523 769 NA
16524 769 NA
16525 793 NA
16526 793 NA
16527 814 NA
16528 845 NA
16529 845 NA
16530 872 NA
16531 855 NA
16532 855 NA
16533 870 NA
16534 870 NA
16535 868 NA
16536 852 NA
16537 852 NA
16538 848 NA
16539 848 NA
16540 859 NA
16541 859 NA
16542 844 NA
16543 837 NA
16544 837 NA
16545 848 NA
16546 848 NA
16547 858 NA
16548 858 NA
16549 861 NA
16550 861 NA
16551 862 NA
16552 862 NA
16553 880 NA
16554 880 NA
16555 879 NA
16556 879 NA
16557 893 NA
16558 893 NA
16559 902 NA
16560 902 NA
16561 886 NA
16562 886 NA
16563 880 NA
16564 880 NA
16565 900 NA
16566 900 NA
16567 900 NA
16568 900 NA
16569 900 NA
16570 916 NA
16571 916 NA
16572 935 NA
16573 935 NA
16574 958 NA
16575 958 NA
16576 950 NA
16577 950 NA
16578 930 NA
16579 930 NA
16580 892 NA
16581 892 NA
16582 888 NA
16583 888 NA
16584 892 NA
16585 892 NA
16586 921 NA
16587 921 NA
16588 941 NA
16589 941 NA
16590 925 NA
16591 925 NA
16592 924 NA
16593 924 NA
16594 954 NA
16595 948 NA
16596 948 NA
16597 961 NA
16598 961 NA
16599 977 NA
16600 977 NA
16601 982 NA
16602 982 NA
16603 978 NA
16604 978 NA
16605 1002 NA
16606 1010 NA
16607 1010 NA
16608 979 NA
16609 979 NA
16610 944 NA
16611 944 NA
16612 930 NA
16613 930 NA
16614 925 NA
16615 925 NA
16616 945 NA
16617 945 NA
16618 957 NA
16619 957 NA
16620 934 NA
16621 934 NA
16622 912 NA
16623 912 NA
16624 880 NA
16625 880 NA
16626 851 NA
16627 851 NA
16628 857 NA
16629 857 NA
16630 854 NA
16631 854 NA
16632 838 NA
16633 829 NA
16634 829 NA
16635 844 NA
16636 844 NA
16637 830 NA
16638 830 NA
16639 823 NA
16640 823 NA
16641 820 NA
16642 825 NA
16643 825 NA
16644 831 NA
16645 831 NA
16646 831 NA
16647 831 NA
16648 831 NA
16649 853 NA
16650 853 NA
16651 858 NA
16652 858 NA
16653 872 NA
16654 872 NA
16655 893 NA
16656 893 NA
16657 897 NA
16658 897 NA
16659 900 NA
16660 900 NA
16661 887 NA
16662 887 NA
16663 870 NA
16665 853 NA
16666 853 NA
16668 844 NA
16669 810 NA
16670 810 NA
16671 797 NA
16672 797 NA
16673 798 NA
16674 798 NA
16675 795 NA
16676 795 NA
16677 818 NA
16678 818 NA
16679 828 NA
16680 828 NA
16681 826 NA
16682 826 NA
16683 822 NA
16684 816 NA
16685 816 NA
16686 814 NA
16687 832 NA
16688 832 NA
16689 852 NA
16690 852 NA
16691 865 NA
16692 865 NA
16693 888 NA
16694 888 NA
16695 878 NA
16696 878 NA
16697 876 NA
16698 876 NA
16699 853 NA
16700 853 NA
16701 823 NA
16702 823 NA
16703 793 NA
16704 793 NA
16705 761 NA
16706 730 NA
16707 703 NA
16708 703 NA
16709 705 NA
16710 705 NA
16711 720 NA
16712 720 NA
16715 751 NA
16717 752 NA
16719 765 NA
16720 765 NA
16721 778 NA
16722 778 NA
16723 771 NA
16724 771 NA
16725 771 NA
16726 772 NA
16727 772 NA
16728 755 NA
16730 750 NA
16731 750 NA
16732 745 NA
16733 745 NA
16734 747 NA
16735 747 NA
16736 733 NA
16737 733 NA
16738 708 NA
16739 708 NA
16740 706 NA
16741 706 NA
16742 699 NA
16743 699 NA
16744 696 NA
16745 696 NA
16746 684 NA
16747 684 NA
16748 684 NA
16749 673 NA
16750 673 NA
16751 677 NA
16752 677 NA
16753 677 NA
16754 682 NA
16755 682 NA
16756 688 NA
16757 688 NA
16759 712 NA
16760 712 NA
16761 725 NA
16762 725 NA
16763 739 NA
16764 739 NA
16765 751 NA
16766 751 NA
16767 748 NA
16768 748 NA
16769 752 NA
16770 752 NA
16771 762 NA
16772 762 NA
16773 738 NA
16774 738 NA
16775 706 NA
16776 706 NA
16777 691 NA
16778 672 NA
16779 672 NA
16780 669 NA
16781 669 NA
16782 653 NA
16783 653 NA
16784 645 NA
16785 645 NA
16786 668 NA
16787 668 NA
16788 697 NA
16789 697 NA
16790 696 NA
16791 696 NA
16792 706 NA
16793 706 NA
16794 715 NA
16795 715 NA
16796 715 NA
16797 727 NA
16798 727 NA
16799 735 NA
16800 735 NA
16801 714 NA
16802 714 NA
16803 701 NA
16804 701 NA
16805 687 NA
16807 672 NA
16808 672 NA
16809 656 NA
16810 656 NA
16811 648 NA
16812 648 NA
16813 649 NA
16814 649 NA
16815 649 NA
16816 647 NA
16817 649 NA
16818 649 NA
16820 659 NA
16821 679 NA
16822 679 NA
16823 698 NA
16824 698 NA
16825 728 NA
16826 765 NA
16827 795 NA
16828 825 NA
16829 867 NA
16830 911 NA
16831 957 NA
16832 957 NA
16833 1005 NA
16834 1105 NA
16835 1105 NA
16836 1088 NA
16837 1126 NA
16838 1126 NA
16839 1169 NA
16840 1166 NA
16841 1113 NA
16842 1113 NA
16843 1057 NA
16844 1018 NA
16845 979 NA
16847 1001 NA
16849 1044 NA
16850 1044 NA
16851 1068 NA
16852 1068 NA
16853 1068 NA
16854 1092 NA
16855 1098 NA
16856 1098 NA
16857 1114 NA
16858 1105 NA
16859 1049 NA
16860 996 NA
16861 946 NA
16862 911 NA
16863 871 NA
16864 871 NA
16865 862 NA
16866 862 NA
16867 859 NA
16869 818 NA
16870 818 NA
16871 829 NA
16872 814 NA
16873 780 NA
16874 771 NA
16875 746 NA
16876 746 NA
16878 775 NA
16879 775 NA
16880 814 NA
16881 852 NA
16884 911 NA
16885 931 NA
16886 919 NA
16887 898 NA
16888 898 NA
16889 861 NA
16890 824 NA
16892 750 NA
16893 750 NA
16894 712 NA
16895 712 NA
16896 682 NA
16897 670 NA
16898 690 NA
16899 690 NA
16900 721 NA
16901 731 NA
16902 731 NA
16903 727 NA
16904 727 NA
16905 696 NA
16906 696 NA
16907 664 NA
16908 664 NA
16909 677 NA
16910 677 NA
16911 703 NA
16912 729 NA
16913 729 NA
16914 730 NA
16915 730 NA
16916 730 NA
16917 735 NA
16918 707 NA
16919 683 NA
16920 683 NA
16921 651 NA
16922 633 NA
16923 633 NA
16924 608 NA
16925 608 NA
16926 616 NA
16927 616 NA
16928 641 NA
16929 641 NA
16930 656 NA
16931 656 NA
16932 662 NA
16933 662 NA
16934 660 NA
16935 660 NA
16937 660 NA
16938 655 NA
16939 649 NA
16940 649 NA
16941 647 NA
16942 647 NA
16943 646 NA
16944 646 NA
16945 629 NA
16946 641 NA
16949 657 NA
16950 670 NA
16951 670 NA
16952 649 NA
16953 649 NA
16954 628 NA
16955 628 NA
16956 627 NA
16957 627 NA
16958 631 NA
16959 649 NA
16960 649 NA
16967 686 NA
16968 686 NA
16969 694 NA
16970 691 NA
16971 691 NA
16972 687 NA
16974 695 NA
16975 691 NA
16976 685 NA
16977 685 NA
16978 669 NA
16979 669 NA
16980 643 NA
16981 627 NA
16982 627 NA
16984 619 NA
16985 616 NA
16986 616 NA
16987 615 NA
16988 617 NA
16989 628 NA
16990 621 NA
16991 621 NA
16992 609 NA
16993 609 NA
16994 605 NA
16999 640 NA
17000 640 NA
17001 658 NA
17006 605 NA
17007 605 NA
17014 622 NA
17015 630 NA
17016 654 NA
17017 654 NA
17018 645 NA
17019 645 NA
17020 643 NA
17021 643 NA
17022 645 NA
17023 638 NA
17024 638 NA
17025 658 NA
17026 672 NA
17027 672 NA
17028 693 NA
17029 693 NA
17031 682 NA
17032 667 NA
17033 667 NA
17034 685 NA
17035 685 NA
17036 688 NA
17037 685 NA
17038 685 NA
17039 706 NA
17040 706 NA
17042 732 NA
17044 739 NA
17045 748 NA
17046 748 NA
17047 744 NA
17048 744 NA
17049 737 NA
17050 737 NA
17051 714 NA
17052 714 NA
17053 698 NA
17054 699 NA
17055 699 NA
17056 714 NA
17057 714 NA
17058 724 NA
17059 724 NA
17060 740 NA
17061 740 NA
17062 717 NA
17063 717 NA
17064 687 NA
17069 633 NA
17070 603 NA
17071 603 NA
17072 601 NA
17073 608 NA
17075 606 NA
17076 626 NA
17077 626 NA
17078 643 NA
17079 643 NA
17080 660 NA
17081 660 NA
17083 671 NA
17084 671 NA
17085 666 NA
17086 666 NA
17087 674 NA
17088 674 NA
17089 669 NA
17091 652 NA
17092 652 NA
17093 642 NA
17094 642 NA
17095 642 NA
17096 645 NA
17097 645 NA
17098 633 NA
17099 633 NA
17100 640 NA
17101 640 NA
17102 640 NA
17103 656 NA
17104 656 NA
17105 650 NA
17106 650 NA
17107 661 NA
17108 661 NA
17109 672 NA
17110 672 NA
17111 691 NA
17112 691 NA
17113 691 NA
17114 701 NA
17115 701 NA
17117 725 NA
17118 725 NA
17119 746 NA
17123 740 NA
17124 751 NA
17125 751 NA
17126 763 NA
17127 763 NA
17129 756 NA
17130 724 NA
17131 724 NA
17132 687 NA
17133 687 NA
17134 652 NA
17135 652 NA
17136 623 NA
17138 610 NA
17139 610 NA
17140 615 NA
17141 615 NA
17142 632 NA
17143 632 NA
17144 658 NA
17145 658 NA
17146 680 NA
17147 680 NA
