"Index" "Price" "Volume"
14019 205 NA
14020 205 NA
14021 205 NA
14022 205 NA
14023 205 NA
14024 205 NA
14025 205 NA
14026 205 NA
14027 205 NA
14028 205 NA
14029 211 NA
14030 211 NA
14031 211 NA
14032 211 NA
14033 211 NA
14034 211 NA
14035 211 NA
14036 211 NA
14037 211 NA
14038 211 NA
14039 211 NA
14040 211 NA
14041 211 NA
14042 211 NA
14043 211 NA
14044 211 NA
14045 211 NA
14046 211 NA
14047 211 NA
14048 211 NA
14049 211 NA
14050 211 NA
14051 211 NA
14052 211 NA
14053 211 NA
14054 211 NA
14055 216 NA
14056 216 NA
14057 216 NA
14058 216 NA
14059 216 NA
14061 216 NA
14062 216 NA
14063 216 NA
14064 216 NA
14065 216 NA
14066 216 NA
14067 216 NA
14068 220 NA
14069 220 NA
14070 220 NA
14071 220 NA
14072 220 NA
14073 220 NA
14074 220 NA
14075 220 NA
14076 220 NA
14077 220 NA
14078 220 NA
14079 220 NA
14080 220 NA
14081 220 NA
14082 220 NA
14083 220 NA
14084 220 NA
14085 220 NA
14086 220 NA
14087 220 NA
14088 221 NA
14089 222 NA
14090 222 NA
14091 222 NA
14092 222 NA
14093 222 NA
14094 222 NA
14095 222 NA
14096 222 NA
14097 222 NA
14098 222 NA
14099 222 NA
14100 222 NA
14101 222 NA
14102 222 NA
14103 222 NA
14104 222 NA
14105 222 NA
14106 233 NA
14107 233 NA
14108 233 NA
14109 233 NA
14110 233 NA
14111 233 NA
14112 233 NA
14113 233 NA
14114 239 NA
14115 239 NA
14116 239 NA
14117 239 NA
14118 239 NA
14119 239 NA
14120 239 NA
14121 239 NA
14122 239 NA
14123 239 NA
14124 239 NA
14125 239 NA
14126 245 NA
14127 245 NA
14128 245 NA
14129 245 NA
14130 245 NA
14131 245 NA
14132 245 NA
14133 245 NA
14134 245 NA
14135 254 NA
14136 254 NA
14137 254 NA
14138 254 NA
14139 254 NA
14140 254 NA
14141 254 NA
14142 254 NA
14143 254 NA
14144 254 NA
14145 254 NA
14146 263 NA
14147 263 NA
14148 263 NA
14149 263 NA
14150 263 NA
14151 263 NA
14152 263 NA
14153 263 NA
14154 263 NA
14155 263 NA
14156 277 NA
14157 277 NA
14158 277 NA
14159 277 NA
14160 277 NA
14161 277 NA
14162 277 NA
14163 277 NA
14164 277 NA
14165 277 NA
14166 277 NA
14167 291 NA
14168 291 NA
14169 291 NA
14170 291 NA
14171 291 NA
14172 291 NA
14173 291 NA
14174 291 NA
14175 306 NA
14176 306 NA
14177 306 NA
14178 306 NA
14179 306 NA
14180 306 NA
14181 306 NA
14182 306 NA
14183 306 NA
14184 306 NA
14185 322 NA
14186 322 NA
14187 322 NA
14188 322 NA
14189 322 NA
14190 322 NA
14191 322 NA
14192 322 NA
14193 322 NA
14194 322 NA
14195 322 NA
14196 322 NA
14197 322 NA
14198 322 NA
14199 338 NA
14200 338 NA
14201 338 NA
14202 338 NA
14203 338 NA
14204 338 NA
14205 338 NA
14206 338 NA
14207 338 NA
14208 338 NA
14209 338 NA
14210 338 NA
14211 348 NA
14212 348 NA
14213 348 NA
14214 348 NA
14215 348 NA
14216 348 NA
14217 348 NA
14218 348 NA
14219 348 NA
14220 348 NA
14221 348 NA
14222 348 NA
14223 348 NA
14224 348 NA
14225 348 NA
14226 348 NA
14227 348 NA
14228 348 NA
14229 350 NA
14230 350 NA
14231 350 NA
14232 350 NA
14233 350 NA
14234 350 NA
14235 350 NA
14236 350 NA
14237 357 NA
14238 357 NA
14239 357 NA
14240 357 NA
14241 357 NA
14242 357 NA
14243 357 NA
14244 357 NA
14245 357 NA
14246 357 NA
14247 357 NA
14248 361 NA
14249 361 NA
14250 361 NA
14251 361 NA
14252 361 NA
14253 361 NA
14254 361 NA
14255 361 NA
14256 361 NA
14257 361 NA
14258 361 NA
14259 355 NA
14260 355 NA
14261 355 NA
14262 355 NA
14263 355 NA
14264 355 NA
14265 355 NA
14266 355 NA
14267 362 NA
14268 362 NA
14269 362 NA
14270 362 NA
14271 362 NA
14272 362 NA
14273 362 NA
14274 362 NA
14275 362 NA
14276 361 NA
14277 361 NA
14278 361 NA
14279 361 NA
14280 361 NA
14281 361 NA
14282 361 NA
14283 361 NA
14284 361 NA
14285 361 NA
14286 361 NA
14287 361 NA
14288 359 NA
14289 359 NA
14290 359 NA
14291 359 NA
14292 359 NA
14293 359 NA
14294 341 NA
14295 341 NA
14296 341 NA
14297 341 NA
14298 341 NA
14299 341 NA
14300 341 NA
14301 341 NA
14302 341 NA
14303 343 NA
14304 343 NA
14305 343 NA
14306 343 NA
14307 343 NA
14308 343 NA
14309 343 NA
14310 343 NA
14311 343 NA
14312 339 NA
14313 339 NA
14314 339 NA
14315 339 NA
14316 339 NA
14317 339 NA
14318 339 NA
14319 339 NA
14320 339 NA
14321 349 NA
14322 349 NA
14323 349 NA
14324 349 NA
14325 349 NA
14326 358 NA
14327 358 NA
14328 358 NA
14329 358 NA
14330 358 NA
14331 358 NA
14332 358 NA
14333 358 NA
14334 372 NA
14335 372 NA
14336 372 NA
14337 372 NA
14338 372 NA
14339 372 NA
14340 372 NA
14341 372 NA
14342 372 NA
14343 372 NA
14344 372 NA
14345 372 NA
14346 372 NA
14347 372 NA
14348 372 NA
14349 374 NA
14350 374 NA
14351 374 NA
14352 374 NA
14353 374 NA
14354 374 NA
14355 374 NA
14356 374 NA
14357 374 NA
14358 374 NA
14359 374 NA
14360 380 NA
14361 380 NA
14362 380 NA
14363 380 NA
14364 380 NA
14365 380 NA
14366 380 NA
14367 380 NA
14368 380 NA
14369 380 NA
14370 380 NA
14371 380 NA
14372 380 NA
14373 380 NA
14374 380 NA
14375 380 NA
14376 380 NA
14377 380 NA
14378 380 NA
14379 380 NA
14380 380 NA
14381 380 NA
14382 380 NA
14383 380 NA
14384 380 NA
14385 380 NA
14386 380 NA
14387 391 NA
14388 391 NA
14389 391 NA
14390 391 NA
14391 391 NA
14392 391 NA
14393 391 NA
14394 391 NA
14395 391 NA
14396 391 NA
14397 391 NA
14398 391 NA
14399 391 NA
14400 379 NA
14401 379 NA
14402 379 NA
14403 379 NA
14404 379 NA
14405 379 NA
14406 379 NA
14407 379 NA
14408 379 NA
14409 379 NA
14410 372 NA
14411 372 NA
14412 372 NA
14413 372 NA
14414 372 NA
14415 372 NA
14416 372 NA
14417 372 NA
14418 372 NA
14419 372 NA
14420 365 NA
14421 365 NA
14422 365 NA
14423 365 NA
14424 365 NA
14425 365 NA
14426 365 NA
14428 365 NA
14429 365 NA
14430 365 NA
14431 365 NA
14432 365 NA
14433 365 NA
14434 365 NA
14435 365 NA
14436 358 NA
14437 358 NA
14438 358 NA
14439 358 NA
14440 358 NA
14441 358 NA
14442 358 NA
14443 358 NA
14444 361 NA
14445 361 NA
14446 361 NA
14447 361 NA
14448 361 NA
14449 361 NA
14450 361 NA
14451 361 NA
14452 361 NA
14453 355 NA
14454 355 NA
14455 355 NA
14456 355 NA
14457 355 NA
14458 355 NA
14459 355 NA
14460 355 NA
14461 368 NA
14462 368 NA
14463 368 NA
14464 368 NA
14465 368 NA
14466 368 NA
14467 387 NA
14468 387 NA
14469 387 NA
14470 387 NA
14471 387 NA
14472 387 NA
14473 387 NA
14474 387 NA
14475 387 NA
14476 387 NA
14477 396 NA
14478 396 NA
14479 396 NA
14480 396 NA
14481 396 NA
14482 396 NA
14483 396 NA
14484 396 NA
14485 396 NA
14486 403 NA
14487 403 NA
14488 403 NA
14489 403 NA
14490 403 NA
14491 403 NA
14492 418 NA
14493 418 NA
14494 418 NA
14495 418 NA
14496 418 NA
14497 418 NA
14498 418 NA
14499 418 NA
14500 418 NA
14501 418 NA
14502 418 NA
14503 418 NA
14504 418 NA
14505 418 NA
14506 415 NA
14507 415 NA
14508 415 NA
14509 415 NA
14510 415 NA
14511 415 NA
14512 415 NA
14513 415 NA
14514 415 NA
14515 415 NA
14516 415 NA
14517 415 NA
14518 415 NA
14519 415 NA
14520 415 NA
14521 410 NA
14522 410 NA
14523 410 NA
14524 410 NA
14525 410 NA
14526 410 NA
14527 410 NA
14528 417 NA
14529 417 NA
14530 417 NA
14531 417 NA
14532 417 NA
14533 417 NA
14534 417 NA
14535 436 NA
14536 436 NA
14537 436 NA
14538 436 NA
14539 436 NA
14540 436 NA
14541 455 NA
14542 455 NA
14543 455 NA
14544 455 NA
14545 455 NA
14546 455 NA
14547 472 NA
14548 472 NA
14549 472 NA
14550 472 NA
14551 472 NA
14552 472 NA
14553 472 NA
14554 472 NA
14555 472 NA
14556 472 NA
14557 472 NA
14558 472 NA
14559 485 NA
14560 485 NA
14561 485 NA
14562 485 NA
14563 485 NA
14564 485 NA
14565 485 NA
14566 485 NA
14567 485 NA
14568 508 NA
14569 508 NA
14570 508 NA
14571 508 NA
14572 508 NA
14573 508 NA
14574 508 NA
14575 508 NA
14576 526 NA
14577 526 NA
14578 526 NA
14579 526 NA
14580 526 NA
14581 526 NA
14582 526 NA
14583 526 NA
14584 526 NA
14585 526 NA
14586 526 NA
14587 526 NA
14588 530 NA
14589 530 NA
14590 530 NA
14591 530 NA
14592 530 NA
14593 530 NA
14594 530 NA
14595 530 NA
14596 530 NA
14597 530 NA
14598 551 NA
14599 551 NA
14600 551 NA
14601 551 NA
14602 551 NA
14603 551 NA
14604 551 NA
14605 551 NA
14606 551 NA
14607 551 NA
14608 551 NA
14609 551 NA
14610 550 NA
14611 550 NA
14612 550 NA
14613 550 NA
14614 550 NA
14615 550 NA
14616 550 NA
14617 550 NA
14618 550 NA
14619 550 NA
14620 550 NA
14621 550 NA
14622 550 NA
14623 544 NA
14624 544 NA
14625 544 NA
14626 544 NA
14627 544 NA
14628 544 NA
14629 544 NA
14630 544 NA
14631 544 NA
14632 544 NA
14633 533 NA
14634 533 NA
14635 533 NA
14636 533 NA
14637 533 NA
14638 533 NA
14639 533 NA
14640 533 NA
14641 533 NA
14642 533 NA
14643 550 NA
14644 550 NA
14645 550 NA
14646 550 NA
14647 550 NA
14648 550 NA
14649 550 NA
14650 550 NA
14651 550 NA
14653 550 NA
14654 550 NA
14655 555 NA
14656 555 NA
14657 555 NA
14658 555 NA
14659 555 NA
14660 555 NA
14661 555 NA
14662 555 NA
14663 555 NA
14664 555 NA
14665 555 NA
14666 580 NA
14667 580 NA
14668 580 NA
14669 580 NA
14670 580 NA
14671 580 NA
14672 580 NA
14673 580 NA
14674 607 NA
14675 607 NA
14676 607 NA
14677 607 NA
14678 607 NA
14679 607 NA
14680 607 NA
14681 607 NA
14682 607 NA
14683 607 NA
14684 607 NA
14685 607 NA
14686 607 NA
14687 636 NA
14688 636 NA
14689 636 NA
14690 636 NA
14691 636 NA
14692 636 NA
14693 636 NA
14694 636 NA
14695 636 NA
14696 636 NA
14697 636 NA
14698 636 NA
14699 636 NA
14700 636 NA
14701 636 NA
14702 636 NA
14703 636 NA
14704 636 NA
14705 621 NA
14706 621 NA
14707 621 NA
14708 621 NA
14709 621 NA
14710 621 NA
14711 621 NA
14712 621 NA
14713 621 NA
14714 621 NA
14715 621 NA
14716 621 NA
14717 621 NA
14718 621 NA
14719 621 NA
14720 621 NA
14721 621 NA
14722 621 NA
14723 621 NA
14724 637 NA
14725 637 NA
14726 637 NA
14727 637 NA
14728 637 NA
14729 637 NA
14730 637 NA
14731 637 NA
14732 637 NA
14733 637 NA
14734 637 NA
14735 637 NA
14736 637 NA
14737 637 NA
14738 637 NA
14739 637 NA
14740 665 NA
14741 665 NA
14742 665 NA
14743 665 NA
14744 665 NA
14745 665 NA
14746 665 NA
14747 665 NA
14748 665 NA
14749 665 NA
14750 665 NA
14751 665 NA
14752 665 NA
14753 665 NA
14754 665 NA
14755 692 NA
14756 692 NA
14757 692 NA
14758 692 NA
14759 692 NA
14760 692 NA
14761 692 NA
14762 692 NA
14763 692 NA
14764 692 NA
14765 692 NA
14766 692 NA
14767 692 NA
14768 710 NA
14769 710 NA
14770 710 NA
14771 710 NA
14772 710 NA
14773 710 NA
14774 710 NA
14775 710 NA
14776 710 NA
14777 710 NA
14778 710 NA
14779 710 NA
14780 710 NA
14781 710 NA
14782 710 NA
14783 710 NA
14784 738 NA
14785 738 NA
14786 738 NA
14787 738 NA
14788 738 NA
14789 738 NA
14790 738 NA
14791 738 NA
14792 738 NA
14793 738 NA
14794 738 NA
14795 738 NA
14796 738 NA
14797 738 NA
14798 738 NA
14799 738 NA
14800 738 NA
14801 738 NA
14802 738 NA
14803 738 NA
14804 738 NA
14805 738 NA
14806 738 NA
14807 738 NA
14808 738 NA
14809 763 NA
14810 763 NA
14811 763 NA
14812 763 NA
14813 763 NA
14814 763 NA
14815 763 NA
14816 763 NA
14817 763 NA
14818 763 NA
14819 763 NA
14820 763 NA
14821 763 NA
14822 763 NA
14823 763 NA
14824 763 NA
14825 784 NA
14826 784 NA
14827 784 NA
14828 784 NA
14829 784 NA
14830 784 NA
14831 784 NA
14832 784 NA
14833 784 NA
14834 784 NA
14835 784 NA
14836 784 NA
14837 804 NA
14838 804 NA
14839 804 NA
14840 804 NA
14841 804 NA
14842 804 NA
14843 804 NA
14844 804 NA
14845 804 NA
14846 804 NA
14847 836 NA
14848 836 NA
14849 836 NA
14850 836 NA
14851 836 NA
14852 836 NA
14853 836 NA
14854 836 NA
14855 855 NA
14856 855 NA
14857 855 NA
14858 855 NA
14859 855 NA
14860 855 NA
14861 855 NA
14862 855 NA
14863 855 NA
14864 855 NA
14865 855 NA
14866 855 NA
14867 855 NA
14868 855 NA
14869 855 NA
14870 855 NA
14871 855 NA
14872 850 NA
14873 850 NA
14874 850 NA
14875 850 NA
14876 850 NA
14877 850 NA
14878 850 NA
14879 850 NA
14880 850 NA
14881 850 NA
14882 850 NA
14883 850 NA
14884 850 NA
14885 850 NA
14886 850 NA
14887 850 NA
14888 850 NA
14889 850 NA
14890 850 NA
14891 850 NA
14892 850 NA
14893 850 NA
14894 850 NA
14895 850 NA
14896 825 NA
14897 825 NA
14898 825 NA
14899 825 NA
14900 825 NA
14901 825 NA
14902 825 NA
14903 825 NA
14904 825 NA
14905 825 NA
14906 825 NA
14907 825 NA
14908 825 NA
14909 825 NA
14910 825 NA
14911 825 NA
14912 825 NA
14913 825 NA
14914 825 NA
14915 825 NA
14916 812 NA
14917 812 NA
14918 812 NA
14920 812 NA
14921 812 NA
14922 812 NA
14923 812 NA
14924 812 NA
14925 812 NA
14926 812 NA
14927 812 NA
14928 812 NA
14929 812 NA
14930 812 NA
14931 812 NA
14932 812 NA
14933 812 NA
14934 812 NA
14935 812 NA
14936 812 NA
14937 812 NA
14938 812 NA
14939 812 NA
14940 812 NA
14941 812 NA
14942 812 NA
14943 833 NA
14944 833 NA
14945 833 NA
14946 833 NA
14947 833 NA
14948 833 NA
14949 833 NA
14950 833 NA
14951 833 NA
14952 833 NA
14953 833 NA
14954 833 NA
14955 833 NA
14956 833 NA
14957 833 NA
14958 833 NA
14959 833 NA
14960 833 NA
14961 833 NA
14962 833 NA
14963 833 NA
14964 833 NA
14965 833 NA
14966 833 NA
14967 833 NA
14968 833 NA
14969 819 NA
14970 819 NA
14971 819 NA
14972 819 NA
14973 819 NA
14974 819 NA
14981 819 NA
14987 819 NA
14988 829 NA
14995 829 NA
15002 829 NA
15005 829 NA
15008 816 NA
15015 816 NA
15020 816 NA
15025 822 NA
15032 822 NA
15036 822 NA
15038 841 NA
15045 841 NA
15052 841 NA
15054 859 NA
15061 859 NA
15068 859 NA
15073 859 NA
15076 853 NA
15083 853 NA
15090 853 NA
15096 853 NA
15097 852 NA
15104 852 NA
15111 852 NA
15118 852 NA
15120 852 NA
15122 846 NA
15129 846 NA
15136 846 NA
15143 846 NA
15145 846 NA
15149 847 NA
15156 847 NA
15163 847 NA
15170 847 NA
15173 847 NA
15175 853 NA
15182 853 NA
15189 853 NA
15196 853 NA
15197 853 NA
15199 852 NA
15206 852 NA
15213 852 NA
15220 852 NA
15224 852 NA
15228 849 NA
15235 849 NA
15242 849 NA
15249 849 NA
15256 849 NA
15258 849 NA
15259 854 NA
15266 854 NA
15273 854 NA
15280 854 NA
15287 854 NA
15292 854 NA
15294 824 NA
15301 824 NA
15308 824 NA
15315 824 NA
15322 824 NA
15328 824 NA
15329 810 NA
15336 810 NA
15340 810 NA
15341 810 NA
15342 810 NA
15343 810 NA
15344 810 NA
15345 810 NA
15346 810 NA
15347 810 NA
15348 810 NA
15349 810 NA
15350 810 NA
15351 810 NA
15352 810 NA
15353 810 NA
15354 810 NA
15355 810 NA
15356 810 NA
15357 810 NA
15358 810 NA
15359 810 NA
15360 808 NA
15361 808 NA
15362 808 NA
15363 808 NA
15364 808 NA
15365 808 NA
15366 808 NA
15367 808 NA
15368 808 NA
15369 808 NA
15370 808 NA
15371 808 NA
15372 808 NA
15373 808 NA
15374 808 NA
15375 808 NA
15376 808 NA
15377 808 NA
15378 808 NA
15379 808 NA
15380 808 NA
15381 808 NA
15382 808 NA
15383 808 NA
15384 808 NA
15385 808 NA
15386 808 NA
15387 808 NA
15388 808 NA
15389 808 NA
15390 808 NA
15391 808 NA
15392 808 NA
15393 808 NA
15394 808 NA
15395 808 NA
15396 808 NA
15397 808 NA
15398 808 NA
15399 808 NA
15400 825 NA
15401 825 NA
15402 825 NA
15403 825 NA
15404 825 NA
15405 825 NA
15406 825 NA
15407 825 NA
15408 825 NA
15409 825 NA
15410 825 NA
15411 825 NA
15412 825 NA
15413 825 NA
15414 825 NA
15415 825 NA
15416 825 NA
15417 825 NA
15418 825 NA
15419 825 NA
15420 825 NA
15421 825 NA
15422 825 NA
15423 825 NA
15424 825 NA
15425 825 NA
15426 825 NA
15427 825 NA
15428 825 NA
15429 825 NA
15430 825 NA
15431 825 NA
15432 825 NA
15433 825 NA
15434 825 NA
15435 825 NA
15436 825 NA
15437 825 NA
15438 829 NA
15439 829 NA
15440 829 NA
15441 829 NA
15442 829 NA
15443 829 NA
15444 829 NA
15445 829 NA
15446 829 NA
15447 829 NA
15448 829 NA
15449 829 NA
15450 829 NA
15451 829 NA
15452 829 NA
15453 829 NA
15454 829 NA
15455 829 NA
15456 829 NA
15457 829 NA
15458 829 NA
15459 829 NA
15460 829 NA
15461 829 NA
15462 829 NA
15463 829 NA
15464 829 NA
15465 829 NA
15466 829 NA
15467 829 NA
15468 829 NA
15469 829 NA
15470 829 NA
15471 829 NA
15472 829 NA
15473 829 NA
15474 829 NA
15475 829 NA
15476 829 NA
15477 829 NA
15478 829 NA
15479 829 NA
15480 829 NA
15481 829 NA
15482 829 NA
15483 814 NA
15484 814 NA
15485 814 NA
15486 814 NA
15487 814 NA
15488 814 NA
15489 814 NA
15490 814 NA
15491 814 NA
15492 814 NA
15493 814 NA
15494 814 NA
15495 814 NA
15496 814 NA
15497 814 NA
15498 814 NA
15499 814 NA
15500 814 NA
15501 814 NA
15502 814 NA
15503 814 NA
15504 814 NA
15505 814 NA
15506 814 NA
15507 814 NA
15508 814 NA
15509 814 NA
15510 814 NA
15511 814 NA
15512 814 NA
15513 814 NA
15514 814 NA
15515 814 NA
15516 814 NA
15517 814 NA
15518 814 NA
15519 814 NA
15520 814 NA
15521 791 NA
15522 791 NA
15523 791 NA
15524 791 NA
15525 791 NA
15526 791 NA
15527 791 NA
15528 791 NA
15529 791 NA
15530 791 NA
15531 791 NA
15532 791 NA
15533 791 NA
15534 791 NA
15535 791 NA
15536 791 NA
15537 791 NA
15538 791 NA
15539 791 NA
15540 791 NA
15541 791 NA
15542 791 NA
15543 791 NA
15544 791 NA
15545 791 NA
15546 791 NA
15547 791 NA
15548 791 NA
15549 791 NA
15550 791 NA
15551 791 NA
15552 791 NA
15553 791 NA
15554 791 NA
15555 791 NA
15556 791 NA
15557 791 NA
15558 791 NA
15559 753 NA
15560 753 NA
15561 753 NA
15562 753 NA
15563 753 NA
15564 753 NA
15565 753 NA
15566 753 NA
15567 753 NA
15568 753 NA
15569 753 NA
15570 753 NA
15571 753 NA
15572 753 NA
15573 753 NA
15574 753 NA
15575 753 NA
15576 753 NA
15577 753 NA
15578 753 NA
15579 753 NA
15580 753 NA
15581 753 NA
15582 753 NA
15583 753 NA
15584 753 NA
15585 753 NA
15586 753 NA
15587 753 NA
15588 753 NA
15589 753 NA
15590 753 NA
15591 753 NA
15592 753 NA
15593 753 NA
15594 753 NA
15595 753 NA
15596 753 NA
15597 725 NA
15598 725 NA
15599 725 NA
15600 725 NA
15601 725 NA
15602 725 NA
15603 725 NA
15604 725 NA
15605 725 NA
15606 725 NA
15607 725 NA
15608 725 NA
15609 725 NA
15610 725 NA
15611 725 NA
15612 725 NA
15613 725 NA
15614 725 NA
15615 725 NA
15616 725 NA
15617 725 NA
15618 725 NA
15619 725 NA
15620 725 NA
15621 725 NA
15622 725 NA
15623 725 NA
15624 725 NA
15625 725 NA
15626 725 NA
15627 725 NA
15628 725 NA
15629 725 NA
15630 725 NA
15631 725 NA
15632 725 NA
15633 725 NA
15634 725 NA
15635 725 NA
15636 728 NA
15637 728 NA
15638 728 NA
15639 728 NA
15640 728 NA
15641 728 NA
15642 728 NA
15643 728 NA
15644 728 NA
15645 728 NA
15646 728 NA
15647 728 NA
15648 728 NA
15649 728 NA
15650 728 NA
15651 728 NA
15652 728 NA
15653 728 NA
15654 728 NA
15655 728 NA
15656 728 NA
15657 728 NA
15658 728 NA
15659 728 NA
15660 728 NA
15661 728 NA
15662 728 NA
15663 728 NA
15664 728 NA
15665 728 NA
15666 728 NA
15667 728 NA
15668 728 NA
15669 728 NA
15670 728 NA
15671 728 NA
15672 728 NA
15673 728 NA
15674 728 NA
15675 728 NA
15676 728 NA
15677 728 NA
15678 728 NA
15679 728 NA
15680 728 NA
15681 728 NA
15682 728 NA
15683 728 NA
15684 728 NA
15685 728 NA
15686 728 NA
15687 728 NA
15688 728 NA
15689 728 NA
15690 728 NA
15691 730 NA
15692 730 NA
15693 730 NA
15694 730 NA
15695 730 NA
15696 730 NA
15697 730 NA
15698 730 NA
15699 730 NA
15700 730 NA
15701 730 NA
15702 730 NA
15703 730 NA
15704 730 NA
15705 730 NA
15706 730 NA
15707 730 NA
15708 730 NA
15709 730 NA
15710 730 NA
15711 730 NA
15712 730 NA
15713 730 NA
15714 730 NA
15715 730 NA
15716 730 NA
15717 730 NA
15718 730 NA
15719 730 NA
15720 730 NA
15721 730 NA
15722 730 NA
15723 730 NA
15724 730 NA
15725 730 NA
15726 730 NA
15727 730 NA
15728 730 NA
15729 730 NA
15730 730 NA
15731 730 NA
15732 730 NA
15733 730 NA
15734 730 NA
15735 730 NA
15736 730 NA
15737 730 NA
15738 730 NA
15739 730 NA
15740 730 NA
15741 730 NA
15742 730 NA
15743 730 NA
15744 730 NA
15745 730 NA
15746 730 NA
15747 730 NA
15748 730 NA
15749 730 NA
15750 730 NA
15751 730 NA
15752 730 NA
15753 730 NA
15754 730 NA
15755 730 NA
15756 730 NA
15757 730 NA
15758 730 NA
15759 730 NA
15760 730 NA
15761 730 NA
15762 730 NA
15763 730 NA
15764 740 NA
15765 740 NA
15766 740 NA
15767 740 NA
15768 740 NA
15769 740 NA
15770 740 NA
15771 740 NA
15772 740 NA
15773 740 NA
15774 740 NA
15775 740 NA
15776 740 NA
15777 740 NA
15778 740 NA
15779 740 NA
15780 740 NA
15781 740 NA
15782 740 NA
15783 740 NA
15784 740 NA
15785 740 NA
15786 740 NA
15787 740 NA
15788 740 NA
15789 740 NA
15790 740 NA
15791 740 NA
15792 740 NA
15793 740 NA
15794 740 NA
15795 740 NA
15796 740 NA
15797 740 NA
15798 740 NA
15799 740 NA
15800 740 NA
15801 740 NA
15802 740 NA
15803 740 NA
15804 740 NA
15805 740 NA
15806 740 NA
15807 740 NA
15808 740 NA
15809 740 NA
15810 740 NA
15811 740 NA
15812 740 NA
15813 740 NA
15814 740 NA
15815 740 NA
15816 740 NA
15817 740 NA
15818 740 NA
15819 740 NA
15820 740 NA
15821 740 NA
15822 740 NA
15823 740 NA
15824 740 NA
15825 740 NA
15826 740 NA
15827 740 NA
15828 740 NA
15829 740 NA
15830 740 NA
15831 740 NA
15832 740 NA
15833 740 NA
15834 740 NA
15835 740 NA
15836 740 NA
15837 740 NA
15838 740 NA
15839 740 NA
15840 740 NA
15841 740 NA
15842 740 NA
15843 740 NA
15844 740 NA
15845 740 NA
15846 740 NA
15847 740 NA
15848 740 NA
15849 740 NA
15850 740 NA
15851 740 NA
15852 740 NA
15853 740 NA
15854 740 NA
15855 740 NA
15856 740 NA
15857 740 NA
15858 740 NA
15859 740 NA
15860 740 NA
15861 740 NA
15862 740 NA
15863 740 NA
15864 740 NA
15865 740 NA
15866 740 NA
15867 740 NA
15868 740 NA
15869 740 NA
15870 740 NA
15871 728 NA
15872 728 NA
15873 728 NA
15874 728 NA
15875 728 NA
15876 728 NA
15877 728 NA
15878 728 NA
15879 728 NA
15880 728 NA
15881 728 NA
15882 728 NA
15883 728 NA
15884 728 NA
15885 728 NA
15886 728 NA
15887 728 NA
15888 728 NA
15889 728 NA
15890 728 NA
15891 728 NA
15892 728 NA
15893 728 NA
15894 728 NA
15895 728 NA
15896 728 NA
15897 728 NA
15898 728 NA
15899 728 NA
15900 728 NA
15901 728 NA
15902 728 NA
15903 728 NA
15904 728 NA
15905 728 NA
15906 728 NA
15907 728 NA
15908 728 NA
15909 728 NA
15910 728 NA
15911 728 NA
15912 728 NA
15913 728 NA
15914 728 NA
15915 728 NA
15916 728 NA
15917 728 NA
15918 728 NA
15919 728 NA
15920 728 NA
15921 728 NA
15922 728 NA
15923 728 NA
15924 728 NA
15925 728 NA
15926 728 NA
15927 728 NA
15928 728 NA
15929 728 NA
15930 728 NA
15931 728 NA
15932 728 NA
15933 728 NA
15934 728 NA
15935 728 NA
15936 728 NA
15937 728 NA
15938 728 NA
15939 728 NA
15940 728 NA
15941 728 NA
15942 728 NA
15943 728 NA
15944 728 NA
15945 728 NA
15946 728 NA
15947 728 NA
15948 728 NA
15949 728 NA
15950 728 NA
15951 728 NA
15952 728 NA
15953 728 NA
15954 728 NA
15955 728 NA
15956 728 NA
15957 728 NA
15958 728 NA
15959 728 NA
15960 728 NA
15961 728 NA
15962 728 NA
15963 728 NA
15964 728 NA
15965 728 NA
15966 728 NA
15967 728 NA
15968 728 NA
15969 728 NA
15970 728 NA
15971 728 NA
15972 728 NA
15973 728 NA
15974 728 NA
15975 728 NA
15976 728 NA
15977 728 NA
15978 728 NA
15979 728 NA
15980 728 NA
15981 728 NA
15982 728 NA
15983 728 NA
15984 728 NA
15985 728 NA
15986 728 NA
15987 728 NA
15988 728 NA
15989 728 NA
15990 728 NA
15991 728 NA
15992 728 NA
15993 728 NA
15994 728 NA
15995 728 NA
15996 728 NA
15997 728 NA
15998 728 NA
15999 728 NA
16000 728 NA
16001 728 NA
16002 728 NA
16003 728 NA
16004 728 NA
16005 728 NA
16006 728 NA
16007 728 NA
16008 728 NA
16009 728 NA
16010 728 NA
16011 728 NA
16012 728 NA
16013 728 NA
16014 728 NA
16015 728 NA
16016 728 NA
16017 728 NA
16018 728 NA
16019 728 NA
16020 728 NA
16021 728 NA
16022 728 NA
16023 728 NA
16024 728 NA
16025 728 NA
16026 728 NA
16027 728 NA
16028 728 NA
16029 728 NA
16030 728 NA
16031 728 NA
16032 728 NA
16033 728 NA
16034 728 NA
16035 728 NA
16036 728 NA
16037 728 NA
16038 728 NA
16039 728 NA
16040 728 NA
16041 728 NA
16042 728 NA
16043 728 NA
16044 728 NA
16045 728 NA
16046 728 NA
16047 728 NA
16048 728 NA
16049 728 NA
16050 728 NA
16051 728 NA
16052 728 NA
16053 728 NA
16054 725 NA
16055 725 NA
16056 725 NA
16057 725 NA
16058 725 NA
16059 725 NA
16060 725 NA
16061 725 NA
16062 725 NA
16063 725 NA
16064 725 NA
16065 725 NA
16066 725 NA
16067 725 NA
16068 725 NA
16069 725 NA
16070 725 NA
16071 725 NA
16072 725 NA
16073 725 NA
16074 725 NA
16075 725 NA
16076 725 NA
16077 725 NA
16078 725 NA
16079 725 NA
16080 725 NA
16081 725 NA
16082 725 NA
16083 725 NA
16084 725 NA
16085 725 NA
16086 725 NA
16087 725 NA
16088 725 NA
16089 725 NA
16090 725 NA
16091 725 NA
16092 725 NA
16093 725 NA
16094 725 NA
16095 725 NA
16096 725 NA
16097 725 NA
16098 725 NA
16099 725 NA
16100 725 NA
16101 725 NA
16102 725 NA
16103 725 NA
16104 725 NA
16105 725 NA
16106 725 NA
16107 725 NA
16108 725 NA
16109 725 NA
16110 725 NA
16111 725 NA
16112 725 NA
16113 725 NA
16114 725 NA
16115 725 NA
16116 725 NA
16117 725 NA
16118 725 NA
16119 725 NA
16120 725 NA
16121 725 NA
16122 725 NA
16123 725 NA
16124 725 NA
16125 725 NA
16126 725 NA
16127 725 NA
16128 725 NA
16129 725 NA
16130 725 NA
16131 725 NA
16132 725 NA
16133 725 NA
16134 725 NA
16135 725 NA
16136 725 NA
16137 725 NA
16138 725 NA
16139 725 NA
16140 725 NA
16141 725 NA
16142 725 NA
16143 725 NA
16144 725 NA
16145 725 NA
16146 725 NA
16147 725 NA
16148 725 NA
16149 725 NA
16150 725 NA
16151 725 NA
16152 725 NA
16153 725 NA
16154 725 NA
16155 725 NA
16156 725 NA
16157 725 NA
16158 725 NA
16159 725 NA
16160 725 NA
16161 725 NA
16162 725 NA
16163 725 NA
16164 725 NA
16165 725 NA
16166 725 NA
16167 725 NA
16168 725 NA
16169 725 NA
16170 725 NA
16171 725 NA
16172 725 NA
16173 725 NA
16174 725 NA
16175 725 NA
16176 725 NA
16177 725 NA
16178 725 NA
16179 725 NA
16180 725 NA
16181 725 NA
16182 725 NA
16183 725 NA
16184 725 NA
16185 725 NA
16186 725 NA
16187 725 NA
16188 725 NA
16189 725 NA
16190 725 NA
16191 725 NA
16192 725 NA
16193 725 NA
16194 725 NA
16195 725 NA
16196 725 NA
16197 725 NA
16198 725 NA
16199 725 NA
16200 725 NA
16201 725 NA
16202 725 NA
16203 725 NA
16204 725 NA
16205 725 NA
16206 725 NA
16207 725 NA
16208 725 NA
16209 725 NA
16210 725 NA
16211 725 NA
16212 725 NA
16213 725 NA
16214 725 NA
16215 725 NA
16216 725 NA
16217 725 NA
16218 725 NA
16219 725 NA
16220 725 NA
16221 725 NA
16222 725 NA
16223 725 NA
16224 725 NA
16225 725 NA
16226 725 NA
16227 725 NA
16228 725 NA
16229 725 NA
16230 725 NA
16231 725 NA
16232 725 NA
16233 725 NA
16234 725 NA
16235 725 NA
16236 725 NA
16237 725 NA
16238 725 NA
16239 725 NA
16240 725 NA
16241 725 NA
16242 725 NA
16243 725 NA
16244 725 NA
16245 725 NA
16246 725 NA
16247 725 NA
16248 725 NA
16249 725 NA
16250 725 NA
16251 725 NA
16252 714 NA
16253 714 NA
16254 714 NA
16255 714 NA
16256 714 NA
16257 714 NA
16258 714 NA
16259 714 NA
16260 714 NA
16261 714 NA
16262 714 NA
16263 714 NA
16264 714 NA
16265 714 NA
16266 714 NA
16267 714 NA
16268 714 NA
16269 714 NA
16270 714 NA
16271 714 NA
16272 714 NA
16273 714 NA
16274 714 NA
16275 714 NA
16276 714 NA
16277 714 NA
16278 714 NA
16279 714 NA
16280 714 NA
16281 714 NA
16282 714 NA
16283 714 NA
16284 714 NA
16285 714 NA
16286 714 NA
16287 714 NA
16288 714 NA
16289 714 NA
16290 714 NA
16291 714 NA
16292 714 NA
16293 714 NA
16294 714 NA
16295 714 NA
16296 714 NA
16297 714 NA
16298 714 NA
16299 714 NA
16300 714 NA
16301 714 NA
16302 714 NA
16303 714 NA
16304 714 NA
16305 714 NA
16306 714 NA
16307 714 NA
16308 714 NA
16309 714 NA
16310 714 NA
16311 714 NA
16312 714 NA
16313 714 NA
16314 714 NA
16315 714 NA
16316 714 NA
16317 714 NA
16318 714 NA
16319 714 NA
16320 714 NA
16321 714 NA
16322 714 NA
16323 714 NA
16324 714 NA
16325 714 NA
16326 714 NA
16327 714 NA
16328 714 NA
16329 714 NA
16330 714 NA
16331 714 NA
16332 714 NA
16333 714 NA
16334 714 NA
16335 714 NA
16336 714 NA
16337 714 NA
16338 714 NA
16339 714 NA
16340 714 NA
16341 714 NA
16342 714 NA
16343 714 NA
16344 714 NA
16345 714 NA
16346 714 NA
16347 714 NA
16348 714 NA
16349 714 NA
16350 714 NA
16351 714 NA
16352 714 NA
16353 714 NA
16354 714 NA
16355 714 NA
16356 714 NA
16357 714 NA
16358 714 NA
16359 714 NA
16360 714 NA
16361 714 NA
16362 714 NA
16363 714 NA
16364 714 NA
16365 714 NA
16366 714 NA
16367 714 NA
16368 714 NA
16369 714 NA
16370 714 NA
16371 714 NA
16372 714 NA
16373 714 NA
16374 714 NA
16375 714 NA
16376 714 NA
16377 714 NA
16378 714 NA
16379 714 NA
16380 714 NA
16381 714 NA
16382 714 NA
16383 714 NA
16384 714 NA
16385 714 NA
16386 714 NA
16387 714 NA
16388 714 NA
16389 714 NA
16390 714 NA
16391 714 NA
16392 714 NA
16393 714 NA
16394 714 NA
16395 714 NA
16396 714 NA
16397 714 NA
16398 714 NA
16399 714 NA
16400 714 NA
16401 714 NA
16402 714 NA
16403 714 NA
16404 714 NA
16405 714 NA
16406 714 NA
16407 714 NA
16408 714 NA
16409 714 NA
16410 714 NA
16411 714 NA
16412 714 NA
16413 714 NA
16414 714 NA
16415 714 NA
16416 714 NA
16417 714 NA
16418 714 NA
16419 714 NA
16420 714 NA
16421 714 NA
16422 714 NA
16423 714 NA
16424 714 NA
16425 714 NA
16426 714 NA
16427 714 NA
16428 714 NA
16429 714 NA
16430 714 NA
16431 714 NA
16432 714 NA
16433 714 NA
16434 714 NA
16435 714 NA
16436 702 NA
16437 702 NA
16438 702 NA
16439 702 NA
16440 702 NA
16441 702 NA
16442 702 NA
16443 702 NA
16444 702 NA
16445 702 NA
16446 702 NA
16447 702 NA
16448 702 NA
16449 702 NA
16450 702 NA
16451 702 NA
16452 702 NA
16453 702 NA
16454 702 NA
16455 702 NA
16456 702 NA
16457 702 NA
16458 702 NA
16459 702 NA
16460 702 NA
16461 702 NA
16462 702 NA
16463 702 NA
16464 702 NA
16465 702 NA
16466 702 NA
16467 702 NA
16468 702 NA
16469 702 NA
16470 702 NA
16471 702 NA
16472 702 NA
16473 702 NA
16474 702 NA
16475 702 NA
16476 702 NA
16477 702 NA
16478 702 NA
16479 702 NA
16480 702 NA
16481 702 NA
16482 702 NA
16483 702 NA
16484 702 NA
16485 702 NA
16486 702 NA
16487 702 NA
16488 702 NA
16489 702 NA
16490 702 NA
16491 702 NA
16492 702 NA
16493 702 NA
16494 702 NA
16495 702 NA
16496 702 NA
16497 702 NA
16498 702 NA
16499 702 NA
16500 702 NA
16501 702 NA
16502 702 NA
16503 702 NA
16504 702 NA
16505 702 NA
16506 702 NA
16507 702 NA
16508 702 NA
16509 702 NA
16510 702 NA
16511 702 NA
16512 702 NA
16513 702 NA
16514 702 NA
16515 702 NA
16516 702 NA
16517 702 NA
16518 702 NA
16519 702 NA
16520 702 NA
16521 702 NA
16522 702 NA
16523 702 NA
16524 702 NA
16525 702 NA
16526 702 NA
16527 702 NA
16528 702 NA
16529 702 NA
16530 702 NA
16531 702 NA
16532 702 NA
16533 702 NA
16534 702 NA
16535 702 NA
16536 702 NA
16537 702 NA
16538 702 NA
16539 702 NA
16540 702 NA
16541 702 NA
16542 702 NA
16543 702 NA
16544 702 NA
16545 702 NA
16546 702 NA
16547 702 NA
16548 702 NA
16549 702 NA
16550 702 NA
16551 702 NA
16552 702 NA
16553 702 NA
16554 702 NA
16555 702 NA
16556 702 NA
16557 702 NA
16558 702 NA
16559 702 NA
16560 702 NA
16561 702 NA
16562 702 NA
16563 702 NA
16564 702 NA
16565 702 NA
16566 702 NA
16567 702 NA
16568 702 NA
16569 702 NA
16570 702 NA
16571 702 NA
16572 702 NA
16573 702 NA
16574 702 NA
16575 702 NA
16576 702 NA
16577 702 NA
16578 702 NA
16579 702 NA
16580 702 NA
16581 702 NA
16582 702 NA
16583 702 NA
16584 702 NA
16585 702 NA
16586 702 NA
16587 702 NA
16588 702 NA
16589 702 NA
16590 702 NA
16591 702 NA
16592 702 NA
16593 702 NA
16594 702 NA
16595 702 NA
16596 702 NA
16597 702 NA
16598 702 NA
16599 702 NA
16600 702 NA
16601 702 NA
16602 702 NA
16603 702 NA
16604 702 NA
16605 702 NA
16606 702 NA
16607 702 NA
16608 702 NA
16609 702 NA
16610 702 NA
16611 702 NA
16612 702 NA
16613 702 NA
16614 702 NA
16615 702 NA
16616 702 NA
16617 702 NA
16618 702 NA
16619 702 NA
16620 702 NA
16621 702 NA
16622 702 NA
16623 702 NA
16624 702 NA
16625 702 NA
16626 702 NA
16627 702 NA
16628 702 NA
16629 702 NA
16630 702 NA
16631 702 NA
16632 702 NA
16633 702 NA
16634 702 NA
16635 702 NA
16636 702 NA
16637 702 NA
16638 702 NA
16639 702 NA
16640 702 NA
16641 702 NA
16642 702 NA
16643 702 NA
16644 702 NA
16645 702 NA
16646 702 NA
16647 702 NA
16648 702 NA
16649 702 NA
16650 702 NA
16651 702 NA
16652 702 NA
16653 702 NA
16654 702 NA
16655 702 NA
16656 702 NA
16657 704 NA
16658 704 NA
16659 704 NA
16660 704 NA
16661 704 NA
16662 704 NA
16663 704 NA
16665 704 NA
16666 704 NA
16668 704 NA
16669 704 NA
16670 704 NA
16671 704 NA
16672 704 NA
16673 704 NA
16674 704 NA
16675 704 NA
16676 704 NA
16677 704 NA
16678 704 NA
16679 704 NA
16680 704 NA
16681 704 NA
16682 704 NA
16683 704 NA
16684 704 NA
16685 704 NA
16686 704 NA
16687 704 NA
16688 704 NA
16689 704 NA
16690 704 NA
16691 704 NA
16692 704 NA
16693 704 NA
16694 704 NA
16695 704 NA
16696 704 NA
16697 704 NA
16698 704 NA
16699 704 NA
16700 704 NA
16701 704 NA
16702 704 NA
16703 704 NA
16704 704 NA
16705 704 NA
16706 704 NA
16707 704 NA
16708 704 NA
16709 704 NA
16710 704 NA
16711 704 NA
16712 704 NA
16715 704 NA
16717 704 NA
16719 704 NA
16720 704 NA
16721 704 NA
16722 704 NA
16723 704 NA
16724 704 NA
16725 704 NA
16726 704 NA
16727 704 NA
16728 704 NA
16730 704 NA
16731 704 NA
16732 704 NA
16733 704 NA
16734 704 NA
16735 704 NA
16736 704 NA
16737 704 NA
16738 704 NA
16739 704 NA
16740 704 NA
16741 704 NA
16742 704 NA
16743 704 NA
16744 704 NA
16745 704 NA
16746 704 NA
16747 704 NA
16748 704 NA
16749 704 NA
16750 704 NA
16751 704 NA
16752 704 NA
16753 704 NA
16754 704 NA
16755 704 NA
16756 704 NA
16757 704 NA
16759 704 NA
16760 704 NA
16761 704 NA
16762 704 NA
16763 704 NA
16764 704 NA
16765 704 NA
16766 704 NA
16767 704 NA
16768 704 NA
16769 704 NA
16770 704 NA
16771 704 NA
16772 704 NA
16773 704 NA
16774 704 NA
16775 704 NA
16776 704 NA
16777 704 NA
16778 704 NA
16779 704 NA
16780 704 NA
16781 704 NA
16782 704 NA
16783 704 NA
16784 704 NA
16785 704 NA
16786 704 NA
16787 704 NA
16788 704 NA
16789 704 NA
16790 704 NA
16791 704 NA
16792 704 NA
16793 704 NA
16794 704 NA
16795 704 NA
16796 704 NA
16797 704 NA
16798 704 NA
16799 704 NA
16800 704 NA
16801 704 NA
16802 704 NA
16803 704 NA
16804 704 NA
16805 704 NA
16807 704 NA
16808 704 NA
16809 704 NA
16810 704 NA
16811 704 NA
16812 704 NA
16813 704 NA
16814 704 NA
16815 704 NA
16816 704 NA
16817 704 NA
16818 704 NA
16820 704 NA
16821 704 NA
16822 704 NA
16823 704 NA
16824 704 NA
16825 704 NA
16826 704 NA
16827 704 NA
16828 704 NA
16829 704 NA
16830 704 NA
16831 704 NA
16832 704 NA
16833 704 NA
16834 704 NA
16835 704 NA
16836 704 NA
16837 704 NA
16838 704 NA
16839 704 NA
16840 704 NA
16841 704 NA
16842 704 NA
16843 704 NA
16844 704 NA
16845 704 NA
16847 704 NA
16849 704 NA
16850 704 NA
16851 704 NA
16852 704 NA
16853 704 NA
16854 704 NA
16855 704 NA
16856 704 NA
16857 704 NA
16858 704 NA
16859 704 NA
16860 704 NA
16861 704 NA
16862 704 NA
16863 704 NA
16864 704 NA
16865 704 NA
16866 704 NA
16867 704 NA
16869 704 NA
16870 704 NA
16871 704 NA
16872 704 NA
16873 704 NA
16874 704 NA
16875 704 NA
16876 704 NA
16878 704 NA
16879 704 NA
16880 704 NA
16881 704 NA
16884 704 NA
16885 704 NA
16886 704 NA
16887 704 NA
16888 704 NA
16889 704 NA
16890 704 NA
16892 704 NA
16893 704 NA
16894 704 NA
16895 704 NA
16896 704 NA
16897 704 NA
16898 704 NA
16899 704 NA
16900 704 NA
16901 704 NA
16902 704 NA
16903 704 NA
16904 704 NA
16905 704 NA
16906 704 NA
16907 704 NA
16908 704 NA
16909 704 NA
16910 704 NA
16911 704 NA
16912 704 NA
16913 704 NA
16914 704 NA
16915 704 NA
16916 704 NA
16917 704 NA
16918 704 NA
16919 704 NA
16920 704 NA
16921 704 NA
16922 704 NA
16923 704 NA
16924 704 NA
16925 704 NA
16926 704 NA
16927 704 NA
16928 704 NA
16929 704 NA
16930 704 NA
16931 704 NA
16932 704 NA
16933 722 NA
16934 722 NA
16935 722 NA
16937 722 NA
16938 722 NA
16939 722 NA
16940 722 NA
16941 722 NA
16942 722 NA
16943 722 NA
16944 722 NA
16945 722 NA
16946 722 NA
16949 722 NA
16950 722 NA
16951 722 NA
16952 722 NA
16953 722 NA
16954 722 NA
16955 722 NA
16956 722 NA
16957 722 NA
16958 722 NA
16959 722 NA
16960 722 NA
16967 722 NA
16968 722 NA
16969 722 NA
16970 722 NA
16971 722 NA
16972 722 NA
16974 722 NA
16975 722 NA
16976 722 NA
16977 722 NA
16978 722 NA
16979 722 NA
16980 722 NA
16981 722 NA
16982 722 NA
16984 722 NA
16985 722 NA
16986 722 NA
16987 722 NA
16988 722 NA
16989 722 NA
16990 722 NA
16991 722 NA
16992 722 NA
16993 722 NA
16994 722 NA
16999 722 NA
17000 722 NA
17001 722 NA
17006 722 NA
17007 722 NA
17014 722 NA
17015 722 NA
17016 722 NA
17017 722 NA
17018 722 NA
17019 722 NA
17020 722 NA
17021 722 NA
17022 722 NA
17023 722 NA
17024 722 NA
17025 722 NA
17026 722 NA
17027 722 NA
17028 722 NA
17029 722 NA
17031 722 NA
17032 722 NA
17033 722 NA
17034 722 NA
17035 722 NA
17036 722 NA
17037 722 NA
17038 722 NA
17039 722 NA
17040 722 NA
17042 722 NA
17044 722 NA
17045 722 NA
17046 722 NA
17047 722 NA
17048 722 NA
17049 722 NA
17050 722 NA
17051 722 NA
17052 722 NA
17053 722 NA
17054 722 NA
17055 722 NA
17056 722 NA
17057 722 NA
17058 722 NA
17059 722 NA
17060 722 NA
17061 722 NA
17062 722 NA
17063 722 NA
17064 722 NA
17069 722 NA
17070 722 NA
17071 722 NA
17072 722 NA
17073 722 NA
17075 722 NA
17076 722 NA
17077 722 NA
17078 722 NA
17079 722 NA
17080 722 NA
17081 722 NA
17083 722 NA
17084 722 NA
17085 722 NA
17086 722 NA
17087 722 NA
17088 722 NA
17089 722 NA
17091 722 NA
17092 722 NA
17093 722 NA
17094 722 NA
17095 722 NA
17096 722 NA
17097 722 NA
17098 722 NA
17099 722 NA
17100 722 NA
17101 722 NA
17102 722 NA
17103 722 NA
17104 722 NA
17105 722 NA
17106 722 NA
17107 722 NA
17108 722 NA
17109 722 NA
17110 722 NA
17111 722 NA
17112 722 NA
17113 722 NA
17114 722 NA
17115 722 NA
17117 722 NA
17118 722 NA
17119 722 NA
17123 722 NA
17124 722 NA
17125 722 NA
17126 722 NA
17127 722 NA
17129 722 NA
17130 722 NA
17131 722 NA
17132 722 NA
17133 722 NA
17134 722 NA
17135 722 NA
17136 722 NA
17138 722 NA
17139 722 NA
17140 722 NA
17141 722 NA
17142 722 NA
17143 722 NA
17144 722 NA
17145 722 NA
17146 722 NA
17147 722 NA
17148 722 NA
17149 722 NA
