"Index" "Price" "Volume"
14019 31 NA
14020 31 NA
14021 31 NA
14022 31 NA
14023 31 NA
14024 31 NA
14025 30 NA
14026 30 NA
14027 29 NA
14028 29 NA
14029 30 NA
14030 30 NA
14031 31 NA
14032 31 NA
14033 30 NA
14034 30 NA
14035 30 NA
14036 31 NA
14037 31 NA
14038 30 NA
14039 29 NA
14040 29 NA
14041 29 NA
14042 29 NA
14043 29 NA
14044 28 NA
14045 28 NA
14046 28 NA
14047 27 NA
14048 27 NA
14049 26 NA
14050 25 NA
14051 25 NA
14052 26 NA
14053 27 NA
14054 27 NA
14055 28 NA
14056 28 NA
14057 28 NA
14058 28 NA
14059 28 NA
14060 28 NA
14061 28 NA
14062 27 NA
14063 27 NA
14064 27 NA
14065 27 NA
14066 27 NA
14067 27 NA
14068 27 NA
14069 26 NA
14070 26 NA
14071 27 NA
14072 27 NA
14073 28 NA
14074 27 NA
14075 27 NA
14076 27 NA
14077 26 NA
14078 26 NA
14079 27 NA
14080 27 NA
14081 27 NA
14082 27 NA
14083 27 NA
14084 28 NA
14085 29 NA
14086 29 NA
14087 29 NA
14088 29 NA
14089 29 NA
14090 29 NA
14091 28 NA
14092 28 NA
14093 29 NA
14094 29 NA
14095 28 NA
14096 29 NA
14097 29 NA
14098 29 NA
14099 27 NA
14100 27 NA
14101 26 NA
14102 26 NA
14103 26 NA
14104 26 NA
14105 26 NA
14106 26 NA
14107 26 NA
14108 27 NA
14109 27 NA
14110 27 NA
14111 26 NA
14112 26 NA
14113 27 NA
14114 26 NA
14115 26 NA
14116 25 NA
14117 25 NA
14118 24 NA
14119 24 NA
14120 24 NA
14121 24 NA
14122 24 NA
14123 24 NA
14124 25 NA
14125 25 NA
14126 26 NA
14127 26 NA
14128 26 NA
14129 25 NA
14130 25 NA
14131 25 NA
14132 25 NA
14133 25 NA
14134 25 NA
14135 27 NA
14136 27 NA
14137 27 NA
14138 27 NA
14139 26 NA
14140 26 NA
14141 25 NA
14142 25 NA
14143 24 NA
14144 24 NA
14145 24 NA
14146 24 NA
14147 24 NA
14148 24 NA
14149 26 NA
14150 26 NA
14151 25 NA
14152 25 NA
14153 24 NA
14154 24 NA
14155 24 NA
14156 23 NA
14157 23 NA
14158 24 NA
14159 23 NA
14160 23 NA
14161 23 NA
14162 23 NA
14163 23 NA
14164 25 NA
14165 25 NA
14166 26 NA
14167 26 NA
14168 27 NA
14169 27 NA
14170 26 NA
14171 28 NA
14172 28 NA
14173 28 NA
14174 30 NA
14175 32 NA
14176 32 NA
14177 34 NA
14178 34 NA
14179 36 NA
14180 36 NA
14181 36 NA
14182 36 NA
14183 36 NA
14184 34 NA
14185 34 NA
14186 34 NA
14187 32 NA
14188 32 NA
14189 32 NA
14190 31 NA
14191 31 NA
14192 30 NA
14193 29 NA
14194 29 NA
14195 29 NA
14196 29 NA
14197 29 NA
14198 28 NA
14199 29 NA
14200 29 NA
14201 30 NA
14202 30 NA
14203 30 NA
14204 31 NA
14205 31 NA
14206 32 NA
14207 32 NA
14208 32 NA
14209 32 NA
14210 31 NA
14211 32 NA
14212 32 NA
14213 33 NA
14214 33 NA
14215 33 NA
14216 33 NA
14217 34 NA
14218 34 NA
14219 34 NA
14220 32 NA
14221 32 NA
14222 32 NA
14223 32 NA
14224 31 NA
14225 31 NA
14226 30 NA
14227 30 NA
14228 32 NA
14229 32 NA
14230 32 NA
14231 32 NA
14232 31 NA
14233 31 NA
14234 30 NA
14235 28 NA
14236 28 NA
14237 29 NA
14238 29 NA
14239 29 NA
14240 29 NA
14241 29 NA
14242 29 NA
14243 30 NA
14244 30 NA
14245 30 NA
14246 31 NA
14247 31 NA
14248 29 NA
14249 29 NA
14250 28 NA
14251 28 NA
14252 29 NA
14253 29 NA
14254 30 NA
14255 30 NA
14256 30 NA
14257 31 NA
14258 31 NA
14259 31 NA
14260 32 NA
14261 33 NA
14262 35 NA
14263 35 NA
14264 34 NA
14265 34 NA
14266 34 NA
14267 33 NA
14268 33 NA
14269 33 NA
14270 33 NA
14271 32 NA
14272 31 NA
14273 31 NA
14274 30 NA
14275 30 NA
14276 32 NA
14277 32 NA
14278 32 NA
14279 32 NA
14280 32 NA
14281 32 NA
14282 33 NA
14283 33 NA
14284 32 NA
14285 34 NA
14286 34 NA
14287 34 NA
14288 35 NA
14289 35 NA
14290 35 NA
14291 35 NA
14292 34 NA
14293 34 NA
14294 34 NA
14295 34 NA
14296 32 NA
14297 32 NA
14298 31 NA
14299 31 NA
14300 30 NA
14301 30 NA
14302 29 NA
14303 28 NA
14304 28 NA
14305 28 NA
14306 28 NA
14307 28 NA
14308 28 NA
14309 29 NA
14310 30 NA
14311 30 NA
14312 32 NA
14313 33 NA
14314 33 NA
14315 33 NA
14316 35 NA
14317 35 NA
14318 36 NA
14319 38 NA
14320 38 NA
14321 40 NA
14322 40 NA
14323 40 NA
14324 40 NA
14325 40 NA
14326 40 NA
14327 41 NA
14328 41 NA
14329 40 NA
14330 40 NA
14331 40 NA
14332 40 NA
14333 40 NA
14334 39 NA
14335 39 NA
14336 39 NA
14337 39 NA
14338 41 NA
14339 44 NA
14340 44 NA
14341 45 NA
14342 43 NA
14343 43 NA
14344 42 NA
14345 45 NA
14346 47 NA
14347 47 NA
14348 47 NA
14349 48 NA
14350 48 NA
14351 48 NA
14352 46 NA
14353 48 NA
14354 48 NA
14355 48 NA
14356 47 NA
14357 47 NA
14358 48 NA
14359 48 NA
14360 46 NA
14361 46 NA
14362 45 NA
14363 43 NA
14364 43 NA
14365 43 NA
14366 43 NA
14367 44 NA
14368 44 NA
14369 43 NA
14370 43 NA
14371 43 NA
14372 46 NA
14373 46 NA
14374 46 NA
14375 46 NA
14376 47 NA
14377 47 NA
14378 48 NA
14379 51 NA
14380 51 NA
14381 52 NA
14382 52 NA
14383 50 NA
14384 50 NA
14385 48 NA
14386 48 NA
14387 47 NA
14388 47 NA
14389 47 NA
14390 47 NA
14391 47 NA
14392 47 NA
14393 47 NA
14394 46 NA
14395 47 NA
14396 47 NA
14397 45 NA
14398 45 NA
14399 43 NA
14400 43 NA
14401 43 NA
14402 41 NA
14403 39 NA
14404 39 NA
14405 38 NA
14406 40 NA
14407 41 NA
14408 41 NA
14409 42 NA
14410 42 NA
14411 43 NA
14412 46 NA
14413 45 NA
14414 45 NA
14415 43 NA
14416 43 NA
14417 43 NA
14418 44 NA
14419 46 NA
14420 47 NA
14421 47 NA
14422 47 NA
14423 46 NA
14424 46 NA
14425 45 NA
14426 44 NA
14428 45 NA
14429 48 NA
14430 48 NA
14431 47 NA
14432 46 NA
14433 46 NA
14434 46 NA
14435 46 NA
14436 46 NA
14437 46 NA
14438 45 NA
14439 46 NA
14440 46 NA
14441 47 NA
14442 47 NA
14443 48 NA
14444 48 NA
14445 48 NA
14446 50 NA
14447 54 NA
14448 54 NA
14449 56 NA
14450 55 NA
14451 53 NA
14452 54 NA
14453 54 NA
14454 58 NA
14455 58 NA
14456 58 NA
14457 60 NA
14458 58 NA
14459 58 NA
14460 58 NA
14461 57 NA
14462 57 NA
14463 56 NA
14464 55 NA
14465 58 NA
14466 60 NA
14467 59 NA
14468 60 NA
14469 62 NA
14470 62 NA
14471 63 NA
14472 64 NA
14473 64 NA
14474 66 NA
14475 65 NA
14476 65 NA
14477 64 NA
14478 64 NA
14479 63 NA
14480 63 NA
14481 64 NA
14482 64 NA
14483 62 NA
14484 62 NA
14485 61 NA
14486 62 NA
14487 62 NA
14488 66 NA
14489 69 NA
14490 69 NA
14491 69 NA
14492 68 NA
14493 68 NA
14494 69 NA
14495 69 NA
14496 71 NA
14497 71 NA
14498 69 NA
14499 73 NA
14500 76 NA
14501 76 NA
14502 77 NA
14503 77 NA
14504 77 NA
14505 77 NA
14506 77 NA
14507 77 NA
14508 77 NA
14509 77 NA
14510 80 NA
14511 80 NA
14512 84 NA
14513 84 NA
14514 82 NA
14515 82 NA
14516 85 NA
14517 90 NA
14518 90 NA
14519 93 NA
14520 93 NA
14521 91 NA
14522 91 NA
14523 91 NA
14524 88 NA
14525 88 NA
14526 87 NA
14527 87 NA
14528 85 NA
14529 85 NA
14530 90 NA
14531 90 NA
14532 94 NA
14533 97 NA
14534 97 NA
14535 101 NA
14536 101 NA
14537 105 NA
14538 108 NA
14539 108 NA
14540 108 NA
14541 114 NA
14542 120 NA
14543 124 NA
14544 124 NA
14545 128 NA
14546 128 NA
14547 128 NA
14548 126 NA
14549 126 NA
14550 126 NA
14551 132 NA
14552 132 NA
14553 139 NA
14554 139 NA
14555 140 NA
14556 140 NA
14557 147 NA
14558 152 NA
14559 152 NA
14560 152 NA
14561 158 NA
14562 158 NA
14563 159 NA
14564 165 NA
14565 169 NA
14566 169 NA
14567 169 NA
14568 173 NA
14569 174 NA
14570 168 NA
14571 168 NA
14572 168 NA
14573 171 NA
14574 171 NA
14575 167 NA
14576 161 NA
14577 163 NA
14578 165 NA
14579 165 NA
14580 165 NA
14581 162 NA
14582 164 NA
14583 164 NA
14584 163 NA
14585 164 NA
14586 164 NA
14587 164 NA
14588 169 NA
14589 169 NA
14590 175 NA
14591 182 NA
14592 182 NA
14593 186 NA
14594 186 NA
14595 180 NA
14596 180 NA
14597 179 NA
14598 177 NA
14599 172 NA
14600 172 NA
14601 169 NA
14602 169 NA
14603 172 NA
14604 180 NA
14605 180 NA
14606 180 NA
14607 182 NA
14608 182 NA
14609 187 NA
14610 187 NA
14611 193 NA
14612 193 NA
14613 193 NA
14614 194 NA
14615 194 NA
14616 200 NA
14617 202 NA
14618 202 NA
14619 202 NA
14620 202 NA
14621 212 NA
14622 212 NA
14623 222 NA
14624 222 NA
14625 205 NA
14626 199 NA
14627 199 NA
14628 204 NA
14629 204 NA
14630 205 NA
14631 196 NA
14632 196 NA
14633 192 NA
14634 192 NA
14635 187 NA
14636 187 NA
14637 189 NA
14638 195 NA
14639 195 NA
14640 205 NA
14641 205 NA
14642 205 NA
14643 210 NA
14644 210 NA
14645 219 NA
14646 229 NA
14647 226 NA
14648 226 NA
14649 226 NA
14650 219 NA
14651 219 NA
14652 219 NA
14653 219 NA
14654 216 NA
14655 213 NA
14656 213 NA
14657 203 NA
14658 193 NA
14659 195 NA
14660 195 NA
14661 199 NA
14662 191 NA
14663 191 NA
14664 181 NA
14665 172 NA
14666 172 NA
14667 172 NA
14668 165 NA
14669 157 NA
14670 157 NA
14671 155 NA
14672 151 NA
14673 151 NA
14674 144 NA
14675 138 NA
14676 141 NA
14677 140 NA
14678 140 NA
14679 138 NA
14680 138 NA
14681 132 NA
14682 126 NA
14683 121 NA
14684 121 NA
14685 121 NA
14686 120 NA
14687 118 NA
14688 118 NA
14689 118 NA
14690 117 NA
14691 117 NA
14692 117 NA
14693 113 NA
14694 113 NA
14695 113 NA
14696 110 NA
14697 110 NA
14698 108 NA
14699 108 NA
14700 106 NA
14701 106 NA
14702 111 NA
14703 111 NA
14704 113 NA
14705 115 NA
14706 115 NA
14707 115 NA
14708 114 NA
14709 114 NA
14710 109 NA
14711 115 NA
14712 115 NA
14713 115 NA
14714 118 NA
14715 118 NA
14716 118 NA
14717 117 NA
14718 116 NA
14719 116 NA
14720 121 NA
14721 121 NA
14722 121 NA
14723 121 NA
14724 123 NA
14725 123 NA
14726 124 NA
14727 122 NA
14728 122 NA
14729 122 NA
14730 122 NA
14731 122 NA
14732 128 NA
14733 128 NA
14734 132 NA
14735 132 NA
14736 138 NA
14737 138 NA
14738 145 NA
14739 145 NA
14740 152 NA
14741 152 NA
14742 159 NA
14743 159 NA
14744 167 NA
14745 167 NA
14746 176 NA
14747 176 NA
14748 184 NA
14749 184 NA
14750 194 NA
14751 194 NA
14752 203 NA
14753 203 NA
14754 214 NA
14755 214 NA
14756 214 NA
14757 225 NA
14758 236 NA
14759 246 NA
14760 246 NA
14761 246 NA
14762 254 NA
14763 254 NA
14764 259 NA
14765 259 NA
14766 248 NA
14767 235 NA
14768 235 NA
14769 228 NA
14770 227 NA
14771 231 NA
14772 231 NA
14773 235 NA
14774 235 NA
14775 230 NA
14776 225 NA
14777 225 NA
14778 227 NA
14779 227 NA
14780 238 NA
14781 237 NA
14782 237 NA
14783 237 NA
14784 225 NA
14785 225 NA
14786 226 NA
14787 226 NA
14788 223 NA
14789 227 NA
14790 220 NA
14791 220 NA
14792 212 NA
14793 218 NA
14794 218 NA
14795 216 NA
14796 216 NA
14797 216 NA
14798 210 NA
14799 204 NA
14800 204 NA
14801 200 NA
14802 200 NA
14803 204 NA
14804 204 NA
14805 209 NA
14806 209 NA
14807 213 NA
14808 213 NA
14809 205 NA
14810 202 NA
14811 202 NA
14812 198 NA
14813 194 NA
14814 194 NA
14815 195 NA
14816 199 NA
14817 196 NA
14818 196 NA
14819 206 NA
14820 206 NA
14821 216 NA
14822 223 NA
14823 217 NA
14824 217 NA
14825 208 NA
14826 208 NA
14827 208 NA
14828 211 NA
14829 211 NA
14830 200 NA
14831 192 NA
14832 183 NA
14833 183 NA
14834 177 NA
14835 169 NA
14836 166 NA
14837 160 NA
14838 163 NA
14839 163 NA
14840 164 NA
14841 164 NA
14842 163 NA
14843 166 NA
14844 166 NA
14845 169 NA
14846 169 NA
14847 173 NA
14848 173 NA
14849 173 NA
14850 169 NA
14851 162 NA
14852 162 NA
14853 162 NA
14854 154 NA
14855 147 NA
14856 142 NA
14857 136 NA
14858 136 NA
14859 131 NA
14860 131 NA
14861 128 NA
14862 128 NA
14863 125 NA
14864 125 NA
14865 125 NA
14866 119 NA
14867 119 NA
14868 119 NA
14869 118 NA
14870 113 NA
14871 113 NA
14872 117 NA
14873 117 NA
14874 122 NA
14875 122 NA
14876 129 NA
14877 129 NA
14878 135 NA
14879 135 NA
14880 135 NA
14881 135 NA
14882 142 NA
14883 142 NA
14884 146 NA
14885 146 NA
14886 149 NA
14887 149 NA
14888 149 NA
14889 143 NA
14890 143 NA
14891 143 NA
14892 135 NA
14893 128 NA
14894 128 NA
14895 128 NA
14896 121 NA
14897 114 NA
14898 114 NA
14899 110 NA
14900 110 NA
14901 106 NA
14902 106 NA
14903 102 NA
14904 102 NA
14905 107 NA
14906 104 NA
14907 104 NA
14908 104 NA
14909 102 NA
14910 102 NA
14911 107 NA
14912 110 NA
14913 110 NA
14914 111 NA
14915 111 NA
14916 111 NA
14917 108 NA
14918 108 NA
14920 103 NA
14921 108 NA
14922 108 NA
14923 108 NA
14924 114 NA
14925 114 NA
14926 114 NA
14927 120 NA
14928 120 NA
14929 120 NA
14930 125 NA
14931 125 NA
14932 125 NA
14933 131 NA
14934 137 NA
14935 137 NA
14936 137 NA
14937 142 NA
14938 142 NA
14939 135 NA
14940 135 NA
14941 130 NA
14942 130 NA
14943 124 NA
14944 119 NA
14945 114 NA
14946 114 NA
14947 113 NA
14948 118 NA
14949 118 NA
14950 118 NA
14951 124 NA
14952 124 NA
14953 124 NA
14954 131 NA
14955 137 NA
14956 137 NA
14957 144 NA
14958 144 NA
14959 150 NA
14960 155 NA
14961 155 NA
14962 160 NA
14963 160 NA
14964 164 NA
14965 172 NA
14966 180 NA
14967 180 NA
14968 180 NA
14969 189 NA
14970 189 NA
14971 199 NA
14972 199 NA
14973 209 NA
14974 209 NA
14975 209 NA
14976 220 NA
14979 230 NA
14981 233 NA
14983 221 NA
14984 212 NA
14985 212 NA
14986 203 NA
14987 194 NA
14988 189 NA
14990 182 NA
14991 175 NA
14992 168 NA
14993 162 NA
14995 155 NA
14996 148 NA
14998 140 NA
15000 133 NA
15001 127 NA
15003 118 NA
15005 114 NA
15007 109 NA
15009 99 NA
15011 95 NA
15012 92 NA
15013 94 NA
15014 94 NA
15016 92 NA
15018 88 NA
15020 87 NA
15021 87 NA
15023 89 NA
15025 93 NA
15026 95 NA
15028 99 NA
15029 99 NA
15031 102 NA
15032 105 NA
15033 108 NA
15035 109 NA
15036 105 NA
15037 105 NA
15038 109 NA
15039 105 NA
15042 101 NA
15044 93 NA
15046 90 NA
15047 86 NA
15048 86 NA
15050 82 NA
15052 78 NA
15054 77 NA
15055 77 NA
15060 74 NA
15061 73 NA
15063 73 NA
15064 72 NA
15066 71 NA
15067 71 NA
15070 74 NA
15073 74 NA
15076 68 NA
15078 70 NA
15080 70 NA
15082 74 NA
15084 77 NA
15085 77 NA
15086 81 NA
15087 81 NA
15089 84 NA
15090 84 NA
15093 86 NA
15094 86 NA
15096 83 NA
15097 83 NA
15098 85 NA
15101 88 NA
15104 86 NA
15106 82 NA
15109 83 NA
15110 85 NA
15114 83 NA
15115 83 NA
15116 78 NA
15119 74 NA
15120 74 NA
15122 72 NA
15125 70 NA
15128 71 NA
15130 70 NA
15132 66 NA
15135 64 NA
15136 64 NA
15137 60 NA
15140 58 NA
15143 58 NA
15144 60 NA
15145 60 NA
15147 63 NA
15149 66 NA
15150 66 NA
15151 69 NA
15154 71 NA
15156 70 NA
15157 70 NA
15159 73 NA
15161 77 NA
15164 81 NA
15165 81 NA
15168 86 NA
15170 91 NA
15172 91 NA
15173 93 NA
15175 92 NA
15178 94 NA
15179 94 NA
15182 99 NA
15184 101 NA
15185 101 NA
15186 99 NA
15187 95 NA
15189 91 NA
15191 87 NA
15193 83 NA
15194 79 NA
15196 76 NA
15197 76 NA
15199 75 NA
15204 74 NA
15207 76 NA
15210 75 NA
15212 77 NA
15214 80 NA
15217 81 NA
15219 85 NA
15221 85 NA
15222 88 NA
15224 89 NA
15226 89 NA
15227 91 NA
15229 94 NA
15232 94 NA
15235 92 NA
15240 88 NA
15242 84 NA
15243 80 NA
15244 80 NA
15247 77 NA
15248 73 NA
15249 73 NA
15250 70 NA
15254 66 NA
15256 63 NA
15257 61 NA
15258 61 NA
15259 63 NA
15263 60 NA
15264 58 NA
15270 56 NA
15271 56 NA
15273 54 NA
15275 52 NA
15277 52 NA
15280 50 NA
15281 50 NA
15283 49 NA
15284 49 NA
15287 48 NA
15291 45 NA
15297 45 NA
15302 43 NA
15303 43 NA
15304 41 NA
15306 39 NA
15310 39 NA
15313 41 NA
15315 41 NA
15316 43 NA
15323 43 NA
15324 45 NA
15326 45 NA
15327 47 NA
15329 47 NA
15330 50 NA
15333 50 NA
15334 51 NA
15336 51 NA
15337 52 NA
15339 52 NA
15340 53 NA
15341 53 NA
15342 53 NA
15343 53 NA
15344 53 NA
15345 53 NA
15346 53 NA
15347 55 NA
15348 55 NA
15349 55 NA
15350 55 NA
15351 57 NA
15352 57 NA
15353 57 NA
15354 56 NA
15355 56 NA
15356 56 NA
15357 55 NA
15358 55 NA
15359 55 NA
15360 52 NA
15361 52 NA
15362 49 NA
15363 49 NA
15364 49 NA
15365 48 NA
15366 48 NA
15367 48 NA
15368 48 NA
15369 48 NA
15370 48 NA
15371 48 NA
15372 50 NA
15373 50 NA
15374 50 NA
15375 49 NA
15376 49 NA
15377 49 NA
15378 49 NA
15379 47 NA
15380 47 NA
15381 47 NA
15382 45 NA
15383 45 NA
15384 45 NA
15385 43 NA
15386 43 NA
15387 43 NA
15388 41 NA
15389 41 NA
15390 42 NA
15391 42 NA
15392 42 NA
15393 43 NA
15394 43 NA
15395 43 NA
15396 42 NA
15397 42 NA
15398 42 NA
15399 41 NA
15400 41 NA
15401 41 NA
15402 41 NA
15403 41 NA
15404 41 NA
15405 41 NA
15406 41 NA
15407 41 NA
15408 39 NA
15409 39 NA
15410 39 NA
15411 39 NA
15412 39 NA
15413 39 NA
15414 37 NA
15415 37 NA
15416 35 NA
15417 33 NA
15418 33 NA
15419 33 NA
15420 33 NA
15421 33 NA
15422 33 NA
15423 33 NA
15424 34 NA
15425 34 NA
15426 34 NA
15427 34 NA
15428 33 NA
15429 33 NA
15430 33 NA
15431 32 NA
15432 32 NA
15433 32 NA
15434 32 NA
15435 32 NA
15436 32 NA
15437 31 NA
15438 31 NA
15439 31 NA
15440 30 NA
15441 30 NA
15442 30 NA
15443 30 NA
15444 29 NA
15445 29 NA
15446 29 NA
15447 28 NA
15448 28 NA
15449 28 NA
15450 28 NA
15451 27 NA
15452 27 NA
15453 27 NA
15454 27 NA
15455 29 NA
15456 29 NA
15457 29 NA
15458 29 NA
15459 30 NA
15460 30 NA
15461 30 NA
15462 30 NA
15463 29 NA
15464 29 NA
15465 29 NA
15466 29 NA
15467 27 NA
15468 27 NA
15469 27 NA
15470 27 NA
15471 27 NA
15472 27 NA
15473 27 NA
15474 27 NA
15475 27 NA
15476 27 NA
15477 27 NA
15478 27 NA
15479 27 NA
15480 27 NA
15481 28 NA
15482 28 NA
15483 28 NA
15484 28 NA
15485 29 NA
15486 29 NA
15487 29 NA
15488 29 NA
15489 29 NA
15490 29 NA
15491 29 NA
15492 29 NA
15493 29 NA
15494 27 NA
15495 27 NA
15496 26 NA
15497 26 NA
15498 26 NA
15499 25 NA
15500 25 NA
15501 25 NA
15502 24 NA
15503 24 NA
15504 24 NA
15505 24 NA
15506 24 NA
15507 24 NA
15508 24 NA
15509 24 NA
15510 24 NA
15511 22 NA
15512 22 NA
15513 22 NA
15514 20 NA
15515 20 NA
15516 19 NA
15517 19 NA
15518 19 NA
15519 18 NA
15520 18 NA
15521 18 NA
15522 18 NA
15523 17 NA
15524 17 NA
15525 17 NA
15526 17 NA
15527 17 NA
15528 17 NA
15529 17 NA
15530 16 NA
15531 16 NA
15532 16 NA
15533 16 NA
15534 16 NA
15535 16 NA
15536 16 NA
15537 16 NA
15538 16 NA
15539 16 NA
15540 16 NA
15541 16 NA
15542 16 NA
15543 16 NA
15544 16 NA
15545 16 NA
15546 16 NA
15547 15 NA
15548 15 NA
15549 15 NA
15550 15 NA
15551 14 NA
15552 14 NA
15553 14 NA
15554 14 NA
15555 14 NA
15556 14 NA
15557 14 NA
15558 15 NA
15559 15 NA
15560 15 NA
15561 15 NA
15562 15 NA
15563 15 NA
15564 15 NA
15565 15 NA
15566 15 NA
15567 15 NA
15568 15 NA
15569 15 NA
15570 15 NA
15571 15 NA
15572 15 NA
15573 15 NA
15574 15 NA
15575 15 NA
15576 15 NA
15577 15 NA
15578 15 NA
15579 15 NA
15580 15 NA
15581 15 NA
15582 15 NA
15583 15 NA
15584 15 NA
15585 15 NA
15586 15 NA
15587 15 NA
15588 15 NA
15589 15 NA
15590 15 NA
15591 14 NA
15592 14 NA
15593 14 NA
15594 15 NA
15595 15 NA
15596 15 NA
15597 15 NA
15598 16 NA
15599 16 NA
15600 16 NA
15601 16 NA
15602 16 NA
15603 17 NA
15604 17 NA
15605 17 NA
15606 18 NA
15607 18 NA
15608 18 NA
15609 18 NA
15610 19 NA
15611 19 NA
15612 19 NA
15613 19 NA
15614 20 NA
15615 20 NA
15616 20 NA
15617 20 NA
15618 20 NA
15619 21 NA
15620 21 NA
15621 21 NA
15622 21 NA
15623 22 NA
15624 22 NA
15625 22 NA
15626 22 NA
15627 23 NA
15628 23 NA
15629 23 NA
15630 23 NA
15631 23 NA
15632 23 NA
15633 23 NA
15634 23 NA
15635 22 NA
15636 22 NA
15637 22 NA
15638 22 NA
15639 21 NA
15640 21 NA
15641 21 NA
15642 19 NA
15643 19 NA
15644 19 NA
15645 19 NA
15646 18 NA
15647 18 NA
15648 18 NA
15649 17 NA
15650 17 NA
15651 17 NA
15652 17 NA
15653 17 NA
15654 16 NA
15655 16 NA
15656 16 NA
15657 16 NA
15658 15 NA
15659 15 NA
15660 15 NA
15661 15 NA
15662 15 NA
15663 15 NA
15664 15 NA
15665 15 NA
15666 15 NA
15667 15 NA
15668 15 NA
15669 15 NA
15670 15 NA
15671 15 NA
15672 15 NA
15673 15 NA
15674 15 NA
15675 15 NA
15676 15 NA
15677 15 NA
15678 15 NA
15679 15 NA
15680 15 NA
15681 14 NA
15682 14 NA
15683 14 NA
15684 14 NA
15685 14 NA
15686 14 NA
15687 14 NA
15688 15 NA
15689 15 NA
15690 15 NA
15691 15 NA
15692 15 NA
15693 15 NA
15694 15 NA
15695 15 NA
15696 15 NA
15697 15 NA
15698 15 NA
15699 15 NA
15700 15 NA
15701 15 NA
15702 15 NA
15703 15 NA
15704 15 NA
15705 15 NA
15706 15 NA
15707 15 NA
15708 15 NA
15709 15 NA
15710 15 NA
15711 15 NA
15712 15 NA
15713 15 NA
15714 15 NA
15715 15 NA
15716 15 NA
15717 15 NA
15718 15 NA
15719 15 NA
15720 15 NA
15721 15 NA
15722 15 NA
15723 15 NA
15724 15 NA
15725 15 NA
15726 15 NA
15727 15 NA
15728 15 NA
15729 15 NA
15730 15 NA
15731 15 NA
15732 15 NA
15733 15 NA
15734 15 NA
15735 15 NA
15736 15 NA
15737 15 NA
15738 15 NA
15739 15 NA
15740 15 NA
15741 15 NA
15742 15 NA
15743 15 NA
15744 15 NA
15745 16 NA
15746 16 NA
15747 16 NA
15748 16 NA
15749 16 NA
15750 16 NA
15751 16 NA
15752 16 NA
15753 16 NA
15754 16 NA
15755 16 NA
15756 16 NA
15757 16 NA
15758 16 NA
15759 16 NA
15760 16 NA
15761 16 NA
15762 16 NA
15763 16 NA
15764 16 NA
15765 16 NA
15766 16 NA
15767 16 NA
15768 16 NA
15769 16 NA
15770 16 NA
15771 16 NA
15772 17 NA
15773 17 NA
15774 17 NA
15775 17 NA
15776 18 NA
15777 18 NA
15778 18 NA
15779 18 NA
15780 19 NA
15781 19 NA
15782 19 NA
15783 20 NA
15784 20 NA
15785 20 NA
15786 20 NA
15787 21 NA
15788 21 NA
15789 21 NA
15790 21 NA
15791 23 NA
15792 23 NA
15793 23 NA
15794 23 NA
15795 25 NA
15796 25 NA
15797 25 NA
15798 26 NA
15799 26 NA
15800 27 NA
15801 27 NA
15802 28 NA
15803 28 NA
15804 29 NA
15805 29 NA
15806 29 NA
15807 31 NA
15808 31 NA
15809 31 NA
15810 33 NA
15811 33 NA
15812 33 NA
15813 33 NA
15814 35 NA
15815 35 NA
15816 35 NA
15817 35 NA
15818 37 NA
15819 37 NA
15820 37 NA
15821 37 NA
15822 39 NA
15823 39 NA
15824 39 NA
15825 41 NA
15826 41 NA
15827 41 NA
15828 41 NA
15829 44 NA
15830 44 NA
15831 44 NA
15832 44 NA
15833 47 NA
15834 47 NA
15835 47 NA
15836 47 NA
15837 50 NA
15838 50 NA
15839 50 NA
15840 50 NA
15841 53 NA
15842 53 NA
15843 53 NA
15844 53 NA
15845 55 NA
15846 55 NA
15847 55 NA
15848 55 NA
15849 58 NA
15850 58 NA
15851 58 NA
15852 58 NA
15853 61 NA
15854 61 NA
15855 61 NA
15856 61 NA
15857 61 NA
15858 64 NA
15859 64 NA
15860 64 NA
15861 64 NA
15862 68 NA
15863 68 NA
15864 68 NA
15865 68 NA
15866 72 NA
15867 72 NA
15868 72 NA
15869 72 NA
15870 76 NA
15871 76 NA
15872 76 NA
15873 80 NA
15874 80 NA
15875 80 NA
15876 80 NA
15877 80 NA
15878 84 NA
15879 84 NA
15880 84 NA
15881 84 NA
15882 89 NA
15883 89 NA
15884 89 NA
15885 89 NA
15886 94 NA
15887 94 NA
15888 94 NA
15889 99 NA
15890 99 NA
15891 99 NA
15892 103 NA
15893 103 NA
15894 103 NA
15895 109 NA
15896 109 NA
15897 109 NA
15898 109 NA
15899 114 NA
15900 114 NA
15901 114 NA
15902 114 NA
15903 116 NA
15904 118 NA
15905 120 NA
15906 121 NA
15907 123 NA
15908 125 NA
15909 125 NA
15910 125 NA
15911 125 NA
15912 130 NA
15913 130 NA
15914 130 NA
15915 130 NA
15916 132 NA
15917 132 NA
15918 132 NA
15919 132 NA
15920 132 NA
15921 137 NA
15922 137 NA
15923 137 NA
15924 137 NA
15925 143 NA
15926 143 NA
15927 143 NA
15928 143 NA
15929 147 NA
15930 147 NA
15931 147 NA
15932 147 NA
15933 147 NA
15934 153 NA
15935 153 NA
15936 153 NA
15937 153 NA
15938 153 NA
15939 153 NA
15940 153 NA
15941 153 NA
15942 153 NA
15943 153 NA
15944 153 NA
15945 153 NA
15946 153 NA
15947 153 NA
15948 153 NA
15949 153 NA
15950 153 NA
15951 151 NA
15952 151 NA
15953 151 NA
15954 151 NA
15955 151 NA
15956 151 NA
15957 152 NA
15958 152 NA
15959 152 NA
15960 152 NA
15961 152 NA
15962 152 NA
15963 151 NA
15964 151 NA
15965 151 NA
15966 151 NA
15967 151 NA
15968 151 NA
15969 151 NA
15970 155 NA
15971 155 NA
15972 155 NA
15973 155 NA
15974 155 NA
15975 155 NA
15976 155 NA
15977 160 NA
15978 160 NA
15979 160 NA
15980 160 NA
15981 160 NA
15982 160 NA
15983 166 NA
15984 166 NA
15985 166 NA
15986 167 NA
15987 168 NA
15988 169 NA
15989 170 NA
15990 171 NA
15991 172 NA
15992 173 NA
15993 174 NA
15994 174 NA
15995 176 NA
15996 176 NA
15997 176 NA
15998 176 NA
15999 176 NA
16000 184 NA
16001 184 NA
16002 184 NA
16003 184 NA
16004 184 NA
16005 184 NA
16006 186 NA
16007 186 NA
16008 186 NA
16009 186 NA
16010 186 NA
16011 186 NA
16012 190 NA
16013 190 NA
16014 190 NA
16015 190 NA
16016 190 NA
16017 193 NA
16018 193 NA
16019 193 NA
16020 193 NA
16021 193 NA
16022 193 NA
16023 184 NA
16024 184 NA
16025 184 NA
16026 184 NA
16027 174 NA
16028 174 NA
16029 174 NA
16030 174 NA
16031 174 NA
16032 171 NA
16033 171 NA
16034 171 NA
16035 170 NA
16036 170 NA
16037 169 NA
16038 168 NA
16039 167 NA
16040 167 NA
16041 166 NA
16042 160 NA
16043 160 NA
16044 160 NA
16045 160 NA
16046 160 NA
16047 160 NA
16048 166 NA
16049 166 NA
16050 166 NA
16051 166 NA
16052 166 NA
16053 167 NA
16054 167 NA
16055 167 NA
16056 167 NA
16057 167 NA
16058 167 NA
16059 161 NA
16060 161 NA
16061 161 NA
16062 161 NA
16063 166 NA
16064 166 NA
16065 166 NA
16066 166 NA
16067 166 NA
16068 158 NA
16069 158 NA
16070 158 NA
16071 158 NA
16072 158 NA
16073 151 NA
16074 151 NA
16075 151 NA
16076 151 NA
16077 150 NA
16078 150 NA
16079 150 NA
16080 150 NA
16081 150 NA
16082 147 NA
16083 147 NA
16084 147 NA
16085 147 NA
16086 139 NA
16087 139 NA
16088 139 NA
16089 139 NA
16090 141 NA
16091 141 NA
16092 141 NA
16093 141 NA
16094 148 NA
16095 148 NA
16096 148 NA
16097 148 NA
16098 152 NA
16099 152 NA
16100 152 NA
16101 152 NA
16102 159 NA
16103 159 NA
16104 159 NA
16105 167 NA
16106 167 NA
16107 167 NA
16108 167 NA
16109 174 NA
16110 174 NA
16111 174 NA
16112 174 NA
16113 182 NA
16114 182 NA
16115 182 NA
16116 190 NA
16117 190 NA
16118 190 NA
16119 190 NA
16120 188 NA
16121 188 NA
16122 188 NA
16123 186 NA
16124 186 NA
16125 178 NA
16126 178 NA
16127 178 NA
16128 178 NA
16129 170 NA
16130 170 NA
16131 170 NA
16132 165 NA
16133 165 NA
16134 165 NA
16135 165 NA
16136 165 NA
16137 174 NA
16138 174 NA
16139 174 NA
16140 174 NA
16141 175 NA
16142 175 NA
16143 175 NA
16144 166 NA
16145 166 NA
16146 166 NA
16147 166 NA
16148 162 NA
16149 162 NA
16150 162 NA
16151 162 NA
16152 168 NA
16153 168 NA
16154 168 NA
16155 168 NA
16156 168 NA
16157 177 NA
16158 177 NA
16159 177 NA
16160 177 NA
16161 181 NA
16162 181 NA
16163 181 NA
16164 181 NA
16165 181 NA
16166 185 NA
16167 185 NA
16168 185 NA
16169 185 NA
16170 195 NA
16171 195 NA
16172 195 NA
16173 195 NA
16174 195 NA
16175 199 NA
16176 199 NA
16177 199 NA
16178 199 NA
16179 204 NA
16180 204 NA
16181 204 NA
16182 204 NA
16183 213 NA
16184 213 NA
16185 213 NA
16186 213 NA
16187 213 NA
16188 222 NA
16189 222 NA
16190 222 NA
16191 222 NA
16192 222 NA
16193 231 NA
16194 231 NA
16195 231 NA
16196 231 NA
16197 231 NA
16198 231 NA
16199 231 NA
16200 231 NA
16201 233 NA
16202 233 NA
16203 233 NA
16204 233 NA
16205 233 NA
16206 224 NA
16207 224 NA
16208 224 NA
16209 224 NA
16210 224 NA
16211 224 NA
16212 224 NA
16213 224 NA
16214 224 NA
16215 221 NA
16216 221 NA
16217 221 NA
16218 221 NA
16219 221 NA
16220 225 NA
16221 225 NA
16222 225 NA
16223 225 NA
16224 223 NA
16225 223 NA
16226 223 NA
16227 223 NA
16228 215 NA
16229 215 NA
16230 215 NA
16231 215 NA
16232 218 NA
16233 218 NA
16234 218 NA
16235 218 NA
16236 219 NA
16237 219 NA
16238 219 NA
16239 219 NA
16240 209 NA
16241 209 NA
16242 209 NA
16243 209 NA
16244 205 NA
16245 205 NA
16246 205 NA
16247 205 NA
16248 209 NA
16249 209 NA
16250 209 NA
16251 209 NA
16252 211 NA
16253 211 NA
16254 211 NA
16255 216 NA
16256 216 NA
16257 216 NA
16258 216 NA
16259 216 NA
16260 216 NA
16261 216 NA
16262 216 NA
16263 211 NA
16264 211 NA
16265 211 NA
16266 215 NA
16267 215 NA
16268 215 NA
16269 218 NA
16270 218 NA
16271 218 NA
16272 221 NA
16273 221 NA
16274 221 NA
16275 217 NA
16276 217 NA
16277 217 NA
16278 217 NA
16279 225 NA
16280 225 NA
16281 225 NA
16282 229 NA
16283 229 NA
16284 229 NA
16285 229 NA
16286 229 NA
16287 229 NA
16288 218 NA
16289 218 NA
16290 218 NA
16291 207 NA
16292 207 NA
16293 207 NA
16294 198 NA
16295 198 NA
16296 198 NA
16297 194 NA
16298 194 NA
16299 194 NA
16300 194 NA
16301 194 NA
16302 194 NA
16303 190 NA
16304 190 NA
16305 190 NA
16306 190 NA
16307 188 NA
16308 188 NA
16309 188 NA
16310 192 NA
16311 192 NA
16312 192 NA
16313 192 NA
16314 193 NA
16315 193 NA
16316 193 NA
16317 193 NA
16318 198 NA
16319 198 NA
16320 198 NA
16321 198 NA
16322 203 NA
16323 203 NA
16324 203 NA
16325 203 NA
16326 203 NA
16327 209 NA
16328 209 NA
16329 209 NA
16330 215 NA
16331 215 NA
16332 215 NA
16333 215 NA
16334 215 NA
16335 226 NA
16336 226 NA
16337 226 NA
16338 226 NA
16339 238 NA
16340 238 NA
16341 238 NA
16342 238 NA
16343 250 NA
16344 250 NA
16345 250 NA
16346 250 NA
16347 261 NA
16348 261 NA
16349 261 NA
16350 261 NA
16351 270 NA
16352 270 NA
16353 270 NA
16354 270 NA
16355 258 NA
16356 258 NA
16357 258 NA
16358 258 NA
16359 251 NA
16360 251 NA
16361 251 NA
16362 251 NA
16363 255 NA
16364 255 NA
16365 255 NA
16366 255 NA
16367 255 NA
16368 264 NA
16369 264 NA
16370 264 NA
16371 264 NA
16372 258 NA
16373 258 NA
16374 258 NA
16375 256 NA
16376 256 NA
16377 247 NA
16378 247 NA
16379 247 NA
16380 247 NA
16381 239 NA
16382 239 NA
16383 239 NA
16384 238 NA
16385 238 NA
16386 238 NA
16387 233 NA
16388 233 NA
16389 233 NA
16390 233 NA
16391 225 NA
16392 225 NA
16393 225 NA
16394 225 NA
16395 232 NA
16396 232 NA
16397 232 NA
16398 232 NA
16399 233 NA
16400 233 NA
16401 233 NA
16402 233 NA
16403 238 NA
16404 238 NA
16405 238 NA
16406 238 NA
16407 250 NA
16408 250 NA
16409 250 NA
16410 250 NA
16411 261 NA
16412 261 NA
16413 261 NA
16414 261 NA
16415 261 NA
16416 251 NA
16417 251 NA
16418 251 NA
16419 251 NA
16420 251 NA
16421 243 NA
16422 243 NA
16423 243 NA
16424 243 NA
16425 251 NA
16426 251 NA
16427 251 NA
16428 251 NA
16429 248 NA
16430 248 NA
16431 248 NA
16432 248 NA
16433 248 NA
16434 255 NA
16435 255 NA
16436 255 NA
16437 255 NA
16438 262 NA
16439 262 NA
16440 262 NA
16441 262 NA
16442 265 NA
16443 265 NA
16444 265 NA
16445 269 NA
16446 269 NA
16447 269 NA
16448 269 NA
16449 265 NA
16450 265 NA
16451 265 NA
16452 265 NA
16453 271 NA
16454 271 NA
16455 271 NA
16456 271 NA
16457 279 NA
16458 279 NA
16459 279 NA
16460 279 NA
16461 278 NA
16462 278 NA
16463 278 NA
16464 278 NA
16465 270 NA
16466 270 NA
16467 270 NA
16468 257 NA
16469 257 NA
16470 257 NA
16471 257 NA
16472 248 NA
16473 248 NA
16474 248 NA
16475 248 NA
16476 250 NA
16477 250 NA
16478 250 NA
16479 250 NA
16480 250 NA
16481 249 NA
16482 249 NA
16483 249 NA
16484 241 NA
16485 241 NA
16486 241 NA
16487 238 NA
16488 238 NA
16489 243 NA
16490 243 NA
16491 243 NA
16492 243 NA
16493 241 NA
16494 241 NA
16495 241 NA
16496 246 NA
16497 246 NA
16498 246 NA
16499 246 NA
16500 244 NA
16501 244 NA
16502 244 NA
16503 244 NA
16504 248 NA
16505 248 NA
16506 248 NA
16507 248 NA
16508 243 NA
16509 243 NA
16510 243 NA
16511 243 NA
16512 241 NA
16513 241 NA
16514 241 NA
16515 241 NA
16516 245 NA
16517 245 NA
16518 245 NA
16519 245 NA
16520 245 NA
16521 251 NA
16522 251 NA
16523 251 NA
16524 251 NA
16525 251 NA
16526 248 NA
16527 248 NA
16528 248 NA
16529 248 NA
16530 248 NA
16531 257 NA
16532 257 NA
16533 257 NA
16534 257 NA
16535 257 NA
16536 269 NA
16537 269 NA
16538 269 NA
16539 269 NA
16540 269 NA
16541 274 NA
16542 274 NA
16543 274 NA
16544 274 NA
16545 274 NA
16546 274 NA
16547 281 NA
16548 281 NA
16549 281 NA
16550 281 NA
16551 281 NA
16552 281 NA
16553 278 NA
16554 278 NA
16555 278 NA
16556 278 NA
16557 278 NA
16558 278 NA
16559 283 NA
16560 283 NA
16561 283 NA
16562 283 NA
16563 283 NA
16564 283 NA
16565 283 NA
16566 283 NA
16567 283 NA
16568 283 NA
16569 283 NA
16570 289 NA
16571 289 NA
16572 289 NA
16573 289 NA
16574 289 NA
16575 294 NA
16576 294 NA
16577 294 NA
16578 294 NA
16579 294 NA
16580 294 NA
16581 290 NA
16582 290 NA
16583 290 NA
16584 290 NA
16585 290 NA
16586 285 NA
16587 285 NA
16588 285 NA
16589 285 NA
16590 285 NA
16591 285 NA
16592 297 NA
16593 297 NA
16594 297 NA
16595 297 NA
16596 297 NA
16597 297 NA
16598 302 NA
16599 302 NA
16600 302 NA
16601 302 NA
16602 302 NA
16603 302 NA
16604 293 NA
16605 293 NA
16606 293 NA
16607 293 NA
16608 293 NA
16609 288 NA
16610 288 NA
16611 288 NA
16612 288 NA
16613 288 NA
16614 288 NA
16615 273 NA
16616 273 NA
16617 273 NA
16618 273 NA
16619 273 NA
16620 259 NA
16621 259 NA
16622 259 NA
16623 259 NA
16624 259 NA
16625 259 NA
16626 247 NA
16627 247 NA
16628 247 NA
16629 247 NA
16630 247 NA
16631 247 NA
16632 247 NA
16633 247 NA
16634 247 NA
16635 247 NA
16636 247 NA
16637 252 NA
16638 252 NA
16639 252 NA
16640 252 NA
16641 252 NA
16642 252 NA
16643 255 NA
16644 255 NA
16645 255 NA
16646 255 NA
16647 255 NA
16648 255 NA
16649 247 NA
16650 247 NA
16651 247 NA
16652 247 NA
16653 247 NA
16654 247 NA
16655 247 NA
16656 247 NA
16657 247 NA
16658 247 NA
16659 247 NA
16660 247 NA
16661 258 NA
16662 258 NA
16663 258 NA
16665 258 NA
16666 269 NA
16668 269 NA
16669 269 NA
16670 269 NA
16671 269 NA
16672 280 NA
16673 280 NA
16674 280 NA
16675 280 NA
16676 280 NA
16677 280 NA
16678 286 NA
16679 286 NA
16680 286 NA
16681 286 NA
16682 286 NA
16683 286 NA
16684 284 NA
16685 284 NA
16686 284 NA
16687 284 NA
16688 284 NA
16689 284 NA
16690 284 NA
16691 288 NA
16692 288 NA
16693 288 NA
16694 288 NA
16695 288 NA
16696 288 NA
16697 287 NA
16698 287 NA
16699 287 NA
16700 287 NA
16701 287 NA
16702 287 NA
16703 301 NA
16704 301 NA
16705 301 NA
16706 290 NA
16707 290 NA
16708 290 NA
16709 290 NA
16710 290 NA
16711 293 NA
16712 293 NA
16715 293 NA
16717 288 NA
16719 288 NA
16720 288 NA
16721 288 NA
16722 285 NA
16723 285 NA
16724 285 NA
16725 285 NA
16726 285 NA
16727 285 NA
16728 289 NA
16730 289 NA
16731 289 NA
16732 289 NA
16733 289 NA
16734 290 NA
16735 290 NA
16736 290 NA
16737 290 NA
16738 290 NA
16739 290 NA
16740 290 NA
16741 290 NA
16742 280 NA
16743 280 NA
16744 280 NA
16745 280 NA
16746 280 NA
16747 280 NA
16748 280 NA
16749 275 NA
16750 275 NA
16751 275 NA
16752 275 NA
16753 275 NA
16754 275 NA
16755 275 NA
16756 277 NA
16757 277 NA
16759 277 NA
16760 277 NA
16761 277 NA
16762 277 NA
16763 277 NA
16764 289 NA
16765 289 NA
16766 289 NA
16767 289 NA
16768 289 NA
16769 289 NA
16770 289 NA
16771 289 NA
16772 299 NA
16773 299 NA
16774 299 NA
16775 299 NA
16776 299 NA
16777 299 NA
16778 299 NA
16779 290 NA
16780 290 NA
16781 290 NA
16782 290 NA
16783 290 NA
16784 290 NA
16785 290 NA
16786 293 NA
16787 293 NA
16788 293 NA
16789 293 NA
16790 293 NA
16791 293 NA
16792 305 NA
16793 305 NA
16794 305 NA
16795 305 NA
16796 305 NA
16797 305 NA
16798 302 NA
16799 302 NA
16800 302 NA
16801 302 NA
16802 302 NA
16803 302 NA
16804 308 NA
16805 308 NA
16807 308 NA
16808 308 NA
16809 308 NA
16810 321 NA
16811 321 NA
16812 321 NA
16813 321 NA
16814 321 NA
16815 321 NA
16816 336 NA
16817 336 NA
16818 336 NA
16820 336 NA
16821 345 NA
16822 345 NA
16823 345 NA
16824 345 NA
16825 345 NA
16826 345 NA
16827 359 NA
16828 359 NA
16829 359 NA
16830 359 NA
16831 359 NA
16832 359 NA
16833 372 NA
16834 372 NA
16835 372 NA
16836 372 NA
16837 387 NA
16838 387 NA
16839 387 NA
16840 387 NA
16841 387 NA
16842 398 NA
16843 398 NA
16844 398 NA
16845 398 NA
16847 418 NA
16849 418 NA
16850 418 NA
16851 418 NA
16852 435 NA
16853 435 NA
16854 435 NA
16855 435 NA
16856 432 NA
16857 432 NA
16858 432 NA
16859 454 NA
16860 454 NA
16861 454 NA
16862 454 NA
16863 453 NA
16864 453 NA
16865 453 NA
16866 453 NA
16867 453 NA
16869 431 NA
16870 431 NA
16871 431 NA
16872 431 NA
16873 431 NA
16874 411 NA
16875 411 NA
16876 411 NA
16878 393 NA
16879 393 NA
16880 393 NA
16881 393 NA
16884 375 NA
16885 375 NA
16886 375 NA
16887 375 NA
16888 358 NA
16889 358 NA
16890 358 NA
16892 358 NA
16893 358 NA
16894 344 NA
16895 344 NA
16896 344 NA
16897 344 NA
16898 344 NA
16899 328 NA
16900 328 NA
16901 328 NA
16902 328 NA
16903 321 NA
16904 321 NA
16905 321 NA
16906 321 NA
16907 321 NA
16908 321 NA
16909 333 NA
16910 333 NA
16911 333 NA
16912 333 NA
16913 333 NA
16914 333 NA
16915 330 NA
16916 330 NA
16917 330 NA
16918 330 NA
16919 327 NA
16920 327 NA
16921 327 NA
16922 327 NA
16923 327 NA
16924 337 NA
16925 337 NA
16926 337 NA
16927 337 NA
16928 337 NA
16929 337 NA
16930 340 NA
16931 340 NA
16932 340 NA
16933 340 NA
16934 340 NA
16935 340 NA
16937 334 NA
16938 334 NA
16939 334 NA
16940 334 NA
16941 346 NA
16942 346 NA
16943 346 NA
16944 346 NA
16945 346 NA
16946 358 NA
16949 358 NA
16950 358 NA
16951 358 NA
16952 361 NA
16953 361 NA
16954 361 NA
16955 361 NA
16956 361 NA
16957 349 NA
16958 349 NA
16959 349 NA
16960 349 NA
16967 325 NA
16968 325 NA
16969 319 NA
16970 319 NA
16971 319 NA
16972 319 NA
16974 304 NA
16975 304 NA
16976 290 NA
16977 290 NA
16978 290 NA
16979 290 NA
16980 277 NA
16981 277 NA
16982 277 NA
16984 268 NA
16985 268 NA
16986 268 NA
16987 268 NA
16988 268 NA
16989 277 NA
16990 277 NA
16991 277 NA
16992 277 NA
16993 277 NA
16994 277 NA
16999 273 NA
17000 273 NA
17001 273 NA
17006 282 NA
17007 282 NA
17014 277 NA
17015 281 NA
17016 281 NA
17017 281 NA
17018 281 NA
17019 281 NA
17020 281 NA
17021 281 NA
17022 293 NA
17023 293 NA
17024 293 NA
17025 293 NA
17026 293 NA
17027 293 NA
17028 307 NA
17029 307 NA
17031 307 NA
17032 307 NA
17033 307 NA
17034 307 NA
17035 307 NA
17036 305 NA
17037 305 NA
17038 305 NA
17039 305 NA
17040 305 NA
17042 298 NA
17044 298 NA
17045 298 NA
17046 298 NA
17047 298 NA
17048 298 NA
17049 304 NA
17050 304 NA
17051 304 NA
17052 304 NA
17053 304 NA
17054 304 NA
17055 310 NA
17056 310 NA
17057 310 NA
17058 310 NA
17059 310 NA
17060 310 NA
17061 296 NA
17062 296 NA
17063 296 NA
17064 296 NA
17069 289 NA
17070 281 NA
17071 281 NA
17072 281 NA
17073 281 NA
17075 281 NA
17076 279 NA
17077 279 NA
17078 279 NA
17079 279 NA
17080 279 NA
17081 279 NA
17083 276 NA
17084 276 NA
17085 276 NA
17086 276 NA
17087 276 NA
17088 276 NA
17089 276 NA
17091 275 NA
17092 275 NA
17093 275 NA
17094 275 NA
17095 275 NA
17096 275 NA
17097 275 NA
17098 273 NA
17099 273 NA
17100 273 NA
17101 273 NA
17102 273 NA
17103 273 NA
17104 273 NA
17105 273 NA
17106 269 NA
17107 269 NA
17108 269 NA
17109 269 NA
17110 269 NA
17111 269 NA
17112 269 NA
17113 269 NA
17114 269 NA
17115 265 NA
17117 265 NA
17118 265 NA
17123 265 NA
17124 265 NA
17125 265 NA
17126 265 NA
17127 265 NA
17129 265 NA
17130 255 NA
17131 255 NA
17132 255 NA
17133 255 NA
17134 255 NA
17135 255 NA
17136 255 NA
17138 247 NA
17139 247 NA
17140 247 NA
17141 247 NA
17142 247 NA
17143 247 NA
17144 247 NA
17145 247 NA
17146 247 NA
17147 247 NA
17148 247 NA
17149 247 NA
