"Index" "Price" "Volume"
14019 9 163
14020 9 163
14021 9 163
14022 9 163
14023 9 163
14024 9 163
14025 9 163
14026 9 163
14027 9 163
14028 9 163
14029 9 163
14030 9 163
14031 9 163
14032 9 163
14033 9 163
14034 9 163
14035 10 163
14036 10 163
14037 10 163
14038 10 163
14039 10 163
14040 10 163
14041 10 163
14042 10 163
14043 10 163
14044 10 163
14045 10 163
14046 10 163
14047 10 163
14048 10 163
14049 10 163
14050 10 163
14051 10 163
14052 10 163
14053 10 163
14054 10 163
14055 10 163
14056 10 163
14057 10 163
14058 10 163
14059 10 163
14060 10 163
14061 10 163
14062 10 163
14063 10 163
14064 10 163
14065 10 163
14066 10 163
14067 10 163
14068 10 163
14069 10 163
14070 10 163
14071 10 163
14072 10 163
14073 10 163
14074 10 163
14075 10 163
14076 10 163
14077 10 163
14078 10 163
14079 10 163
14080 9 163
14081 9 163
14082 9 163
14083 9 163
14084 9 163
14085 9 163
14086 9 163
14087 9 163
14088 9 163
14089 9 163
14090 9 163
14091 9 163
14092 9 163
14093 9 163
14094 9 163
14095 9 163
14096 9 163
14097 9 163
14098 9 163
14099 9 163
14100 9 163
14101 9 163
14102 9 163
14103 9 163
14104 9 163
14105 9 163
14106 9 163
14107 9 163
14108 9 163
14109 9 163
14110 9 163
14111 9 163
14112 9 163
14113 9 163
14114 9 163
14115 9 163
14116 9 163
14117 9 163
14118 9 163
14119 9 163
14120 9 163
14121 9 163
14122 9 163
14123 9 163
14124 9 163
14125 9 163
14126 9 163
14127 9 163
14128 9 163
14129 9 163
14130 9 163
14131 9 163
14132 9 163
14133 9 163
14134 9 163
14135 9 163
14136 9 163
14137 9 163
14138 9 163
14139 9 163
14140 9 163
14141 9 163
14142 9 163
14143 9 163
14144 9 163
14145 9 163
14146 9 163
14147 9 163
14148 9 163
14149 9 163
14150 9 163
14151 9 163
14152 9 163
14153 9 163
14154 9 163
14155 9 163
14156 9 163
14157 9 163
14158 9 163
14159 9 163
14160 9 163
14161 9 163
14162 9 163
14163 9 163
14164 9 163
14165 9 163
14166 9 163
14167 9 163
14168 9 163
14169 9 163
14170 9 163
14171 9 163
14172 9 163
14173 9 163
14174 9 163
14175 9 163
14176 9 163
14177 9 163
14178 9 163
14179 9 163
14180 9 163
14181 9 163
14182 9 163
14183 9 163
14184 9 163
14185 9 163
14186 9 163
14187 9 163
14188 9 163
14189 9 163
14190 9 163
14191 9 163
14192 9 163
14193 9 163
14194 9 163
14195 9 163
14196 9 163
14197 9 163
14198 9 163
14199 9 163
14200 9 163
14201 9 163
14202 9 163
14203 9 163
14204 9 163
14205 9 163
14206 9 163
14207 9 163
14208 9 163
14209 9 163
14210 9 163
14211 9 163
14212 9 163
14213 9 163
14214 9 163
14215 9 163
14216 9 163
14217 9 163
14218 9 163
14219 9 163
14220 9 163
14221 9 163
14222 9 163
14223 9 163
14224 9 163
14225 9 163
14226 9 163
14227 9 163
14228 9 163
14229 9 163
14230 9 163
14231 9 163
14232 9 163
14233 9 163
14234 9 163
14235 9 163
14236 9 163
14237 9 163
14238 9 163
14239 9 163
14240 9 163
14241 9 163
14242 9 163
14243 9 163
14244 9 163
14245 9 163
14246 9 163
14247 9 163
14248 9 163
14249 9 163
14250 9 163
14251 9 163
14252 9 163
14253 9 163
14254 9 163
14255 9 163
14256 9 163
14257 9 163
14258 9 163
14259 9 163
14260 9 163
14261 9 163
14262 9 163
14263 9 163
14264 9 163
14265 9 163
14266 9 163
14267 9 163
14268 9 163
14269 9 163
14270 9 163
14271 9 163
14272 10 163
14273 10 163
14274 10 163
14275 10 163
14276 10 163
14277 10 163
14278 10 163
14279 10 163
14280 10 163
14281 10 163
14282 10 163
14283 10 163
14284 10 163
14285 10 163
14286 10 163
14287 10 163
14288 10 163
14289 10 163
14290 10 163
14291 10 163
14292 10 163
14293 10 163
14294 10 163
14295 10 163
14296 10 163
14297 10 163
14298 10 163
14299 10 163
14300 10 163
14301 10 163
14302 10 163
14303 10 163
14304 10 163
14305 10 163
14306 11 163
14307 11 163
14308 11 163
14309 12 163
14310 13 163
14311 14 163
14312 15 163
14313 15 163
14314 15 163
14315 16 163
14316 16 163
14317 16 163
14318 16 163
14319 16 163
14320 16 163
14321 15 163
14322 14 163
14323 12 163
14324 11 163
14325 10 163
14326 9 163
14327 9 163
14328 9 163
14329 9 163
14330 9 163
14331 9 163
14332 9 163
14333 9 163
14334 9 163
14335 9 163
14336 9 163
14337 9 163
14338 9 163
14339 9 163
14340 9 163
14341 9 163
14342 9 163
14343 9 163
14344 9 163
14345 9 163
14346 9 163
14347 9 163
14348 9 163
14349 9 163
14350 9 163
14351 9 163
14352 9 163
14353 9 163
14354 9 163
14355 9 163
14356 9 163
14357 9 163
14358 9 163
14359 9 163
14360 9 163
14361 9 163
14362 9 163
14363 9 163
14364 9 163
14365 9 163
14366 9 163
14367 9 163
14368 9 163
14369 9 163
14370 9 163
14371 9 163
14372 9 163
14373 9 163
14374 9 163
14375 9 163
14376 9 163
14377 9 163
14378 9 163
14379 9 163
14380 9 163
14381 9 163
14382 9 163
14383 9 163
14384 9 163
14385 9 163
14386 9 163
14387 9 163
14388 9 163
14389 9 163
14390 9 163
14391 9 163
14392 9 163
14393 9 163
14394 9 163
14395 9 163
14396 9 163
14397 9 163
14398 9 163
14399 9 163
14400 9 163
14401 9 163
14402 9 163
14403 9 163
14404 9 163
14405 9 163
14406 9 163
14407 9 163
14408 9 163
14409 9 163
14410 9 163
14411 9 163
14412 9 163
14413 9 163
14414 9 163
14415 9 163
14416 9 163
14417 9 163
14418 9 163
14419 9 163
14420 9 163
14421 9 163
14422 9 163
14423 9 163
14424 9 163
14425 9 163
14426 9 163
14428 9 163
14429 9 163
14430 9 163
14431 9 163
14432 9 163
14433 9 163
14434 9 163
14435 9 163
14436 9 163
14437 9 163
14438 9 163
14439 9 163
14440 9 163
14441 9 163
14442 9 163
14443 9 163
14444 9 163
14445 9 163
14446 9 163
14447 9 163
14448 9 163
14449 9 163
14450 9 163
14451 9 163
14452 9 163
14453 9 163
14454 9 163
14455 9 163
14456 9 163
14457 9 163
14458 9 163
14459 9 163
14460 9 163
14461 9 163
14462 10 163
14463 10 163
14464 10 163
14465 10 163
14466 10 163
14467 10 163
14468 10 163
14469 10 163
14470 10 163
14471 10 163
14472 10 163
14473 10 163
14474 10 163
14475 10 163
14476 10 163
14477 10 163
14478 10 163
14479 10 163
14480 10 163
14481 11 163
14482 11 163
14483 11 163
14484 11 163
14485 11 163
14486 11 163
14487 11 163
14488 11 163
14489 11 163
14490 12 163
14491 12 163
14492 12 163
14493 12 163
14494 12 163
14495 12 163
14496 12 163
14497 12 163
14498 12 163
14499 12 163
14500 12 163
14501 12 163
14502 12 163
14503 12 163
14504 12 163
14505 12 163
14506 13 163
14507 12 163
14508 12 163
14509 13 163
14510 13 163
14511 13 163
14512 14 163
14513 14 163
14514 14 163
14515 14 163
14516 14 163
14517 14 163
14518 14 163
14519 14 163
14520 14 163
14521 14 163
14522 14 163
14523 14 163
14524 13 163
14525 11 163
14526 9 163
14527 8 163
14528 8 163
14529 9 163
14530 9 163
14531 9 163
14532 9 163
14533 10 163
14534 10 163
14535 9 163
14536 8 163
14537 8 163
14538 8 163
14539 8 163
14540 8 163
14541 8 163
14542 7 163
14543 8 163
14544 8 163
14545 7 163
14546 7 163
14547 7 163
14548 7 163
14549 6 163
14550 6 163
14551 6 163
14552 6 163
14553 6 163
14554 6 163
14555 7 163
14556 7 163
14557 7 163
14558 8 163
14559 7 163
14560 7 163
14561 7 163
14562 7 163
14563 7 163
14564 7 163
14565 7 163
14566 7 163
14567 7 163
14568 8 163
14569 8 163
14570 8 163
14571 8 163
14572 8 163
14573 8 163
14574 8 163
14575 8 163
14576 8 163
14577 8 163
14578 8 163
14579 8 169
14580 8 176
14581 8 182
14582 8 189
14583 8 195
14584 8 202
14585 8 208
14586 8 215
14587 8 221
14588 8 228
14589 8 234
14590 8 241
14591 8 247
14592 8 254
14593 8 272
14594 7 277
14595 6 282
14596 6 286
14597 6 291
14598 6 293
14599 6 296
14600 6 298
14601 6 300
14602 6 303
14603 6 305
14604 6 307
14605 6 309
14606 6 312
14607 6 314
14608 6 316
14609 5 319
14610 5 321
14611 5 323
14612 5 317
14613 5 310
14614 5 304
14615 5 298
14616 5 291
14617 5 285
14618 5 279
14619 5 272
14620 5 266
14621 5 260
14622 5 253
14623 5 247
14624 5 241
14625 5 234
14626 5 228
14627 5 225
14628 5 223
14629 5 220
14630 5 218
14631 5 215
14632 5 213
14633 5 210
14634 5 208
14635 5 205
14636 5 203
14637 5 200
14638 5 198
14639 5 195
14640 5 193
14641 5 190
14642 5 188
14643 5 185
14644 5 183
14645 5 182
14646 5 181
14647 5 180
14648 5 179
14649 5 178
14650 5 177
14651 5 176
14652 5 175
14653 5 174
14654 5 173
14655 5 172
14656 5 171
14657 5 170
14658 5 169
14659 5 168
14660 5 167
14661 5 166
14662 5 165
14663 5 164
14664 5 162
14665 5 160
14666 5 158
14667 5 156
14668 5 154
14669 5 152
14670 5 150.775510204082
14671 5 149.551020408163
14672 5 148.326530612245
14673 5 147.102040816327
14674 5 145.877551020408
14675 5 144.65306122449
14676 5 143.428571428571
14677 5 142.204081632653
14678 5 140.979591836735
14679 5 139.755102040816
14680 5 138.530612244898
14681 5 137.30612244898
14682 5 136.081632653061
14683 5 134.857142857143
14684 5 133.632653061224
14685 5 132.408163265306
14686 5 131.183673469388
14687 5 129.959183673469
14688 5 128.734693877551
14689 5 127.510204081633
14690 5 126.285714285714
14691 5 125.061224489796
14692 5 123.836734693878
14693 5 122.612244897959
14694 5 121.387755102041
14695 5 120.163265306122
14696 5 118.938775510204
14697 5 117.714285714286
14698 5 116.489795918367
14699 5 115.265306122449
14700 5 114.040816326531
14701 5 112.816326530612
14702 5 111.591836734694
14703 5 110.367346938776
14704 5 109.142857142857
14705 5 107.918367346939
14706 5 106.69387755102
14707 5 105.469387755102
14708 5 104.244897959184
14709 5 103.020408163265
14710 5 101.795918367347
14711 5 100.571428571429
14712 5 99.3469387755102
14713 5 98.1224489795918
14714 5 96.8979591836735
14715 5 95.6734693877551
14716 5 94.4489795918367
14717 5 93.2244897959184
14718 5 92
14719 5 92.8767123287671
14720 5 93.7534246575343
14721 5 94.6301369863014
14722 5 95.5068493150685
14723 5 96.3835616438356
14724 5 97.2602739726027
14725 5 98.1369863013699
14726 5 99.013698630137
14727 5 99.8904109589041
14728 5 100.767123287671
14729 5 101.643835616438
14730 5 102.520547945205
14731 5 103.397260273973
14732 5 104.27397260274
14733 5 105.150684931507
14734 5 106.027397260274
14735 5 106.904109589041
14736 5 107.780821917808
14737 5 108.657534246575
14738 5 109.534246575342
14739 5 110.41095890411
14740 5 111.287671232877
14741 5 112.164383561644
14742 5 113.041095890411
14743 5 113.917808219178
14744 5 114.794520547945
14745 5 115.671232876712
14746 5 116.547945205479
14747 5 117.424657534247
14748 5 118.301369863014
14749 5 119.178082191781
14750 5 120.054794520548
14751 5 120.931506849315
14752 5 121.808219178082
14753 5 122.684931506849
14754 5 123.561643835616
14755 5 124.438356164384
14756 5 125.315068493151
14757 5 126.191780821918
14758 5 127.068493150685
14759 5 127.945205479452
14760 5 128.821917808219
14761 5 129.698630136986
14762 5 130.575342465753
14763 5 131.452054794521
14764 5 132.328767123288
14765 5 133.205479452055
14766 5 134.082191780822
14767 5 134.958904109589
14768 5 135.835616438356
14769 5 136.712328767123
14770 5 137.58904109589
14771 5 138.465753424658
14772 5 139.342465753425
14773 5 140.219178082192
14774 5 141.095890410959
14775 5 141.972602739726
14776 5 142.849315068493
14777 5 143.72602739726
14778 5 144.602739726027
14779 5 145.479452054795
14780 5 146.356164383562
14781 5 147.232876712329
14782 5 148.109589041096
14783 5 148.986301369863
14784 5 149.86301369863
14785 5 150.739726027397
14786 5 151.616438356164
14787 5 152.493150684931
14788 5 153.369863013699
14789 5 154.246575342466
14790 5 155.123287671233
14791 5 156
14792 5 155
14793 5 155
14794 5 155
14795 5 155
14796 5 154
14797 5 154
14798 5 154
14799 5 153
14800 5 153
14801 5 153
14802 5 153
14803 5 152
14804 5 152
14805 5 152
14806 5 151
14807 5 151
14808 5 151
14809 5 151
14810 5 150
14811 5 150
14812 5 150
14813 5 149
14814 5 149
14815 5 149
14816 5 149
14817 5 148
14818 5 148
14819 5 148
14820 5 147
14821 5 147
14822 5 147
14823 5 147
14824 5 146
14825 5 146
14826 5 146
14827 5 145
14828 5 144
14829 5 143
14830 5 142
14831 5 141
14832 5 140
14833 5 139
14834 5 138
14835 5 138
14836 5 137
14837 5 136
14838 5 135
14839 5 134
14840 5 133
14841 5 132
14842 5 131
14843 5 130
14844 5 129
14845 5 128
14846 5 127
14847 5 127
14848 5 126
14849 5 125
14850 5 124
14851 5 123
14852 5 122
14853 5 121
14854 5 120
14855 5 119
14856 5 118
14857 5 117
14858 5 117
14859 5 117
14860 5 117
14861 5 117
14862 5 117
14863 5 117
14864 5 117
14865 5 117
14866 5 117
14867 5 117
14868 5 117
14869 5 117
14870 5 117
14871 5 117
14872 5 116
14873 5 116
14874 5 116
14875 5 116
14876 5 116
14877 5 116
14878 5 116
14879 5 116
14880 5 116
14881 5 116
14882 5 116
14883 5 116
14884 5 115
14885 5 113
14886 5 112
14887 5 111
14888 5 110
14889 5 109
14890 5 108
14891 5 107
14892 5 106
14893 5 104
14894 5 103
14895 5 102
14896 5 101
14897 5 100
14898 5 99
14899 5 98
14900 5 96
14901 5 95
14902 5 94
14903 5 93
14904 5 92
14905 5 91
14906 5 90
14907 5 88
14908 5 87
14909 5 86
14910 5 85
14911 5 84
14912 5 83
14913 5 82
14914 5 80
14915 5 81
14916 5 81
14917 5 81
14918 5 81
14919 5 81
14920 5 81
14921 5 81
14922 5 81
14923 5 81
14924 5 81
14925 5 81
14926 5 81
14927 5 81
14928 5 81
14929 5 81
14930 5 81
14931 5 81
14932 5 81
14933 5 82
14934 5 82
14935 5 82
14936 5 82
14937 5 82
14938 5 82
14939 5 82
14940 5 82
14941 5 80
14942 5 78
14943 5 76
14944 5 74
14945 5 72
14946 5 71
14947 5 69
14948 5 69
14949 5 69
14950 5 68
14951 5 68
14952 5 68
14953 5 68
14954 5 68
14955 5 69
14956 5 70
14957 5 71
14958 5 71
14959 5 72
14960 5 73
14961 5 74
14962 5 75
14963 5 77
14964 5 79
14965 5 80
14966 5 82
14967 5 83
14968 5 85
14969 5 87
14970 5 88
14971 5 87
14972 5 86
14973 5 85
14974 5 83
14975 5 82
14976 5 81
14977 5 80
14978 5 79
14979 5 77
14980 5 76
14981 5 75
14982 5 76
14983 5 77
14984 5 77
14985 5 78
14986 5 79
14987 5 80
14988 5 80
14989 5 81
14990 5 82
14991 5 83
14992 5 83
14993 5 84
14994 5 85
14995 5 102
14996 5 119
14997 5 135
14998 5 152
14999 5 169
15000 5 186
15001 5 203
15002 5 220
15003 5 237
15004 5 254
15005 5 271
15006 5 288
15007 5 304
15008 5 321
15009 5 338
15010 5 355
15011 5 372
15012 5 389
15013 5 406
15014 5 423
15015 5 431
15016 5 438
15017 5 446
15018 4 454
15019 3 462
15020 2 470
15021 2 478
15022 2 485
15023 2 493
15024 2 501
15025 2 509
15026 2 517
15027 2 565
15028 2 548
15029 2 577
15030 2 606
15031 2 609
15032 2 555
15033 2 547
15034 3 512
15035 3 516
15036 3 486
15037 3 459
15038 3 433
15039 3 406
15040 3 380
15041 3 411
15042 3 400
15043 3 391
15044 3 402
15045 3 370
15046 3 392
15047 3 377
15048 3 356
15049 3 386
15050 3 375
15051 3 383
15052 3 360
15053 3 415
15054 3 386
15055 3 363
15056 3 373
15057 3 367
15058 3 345
15059 3 363
15060 3 382
15061 3 389
15062 3 416
15063 3 386
15064 3 393
15065 3 397
15066 3 402
15067 3 358
15068 3 366
15069 3 374
15070 3 342
15071 3 354
15072 3 361
15073 3 301
15074 3 310
15075 3 306
15076 3 310
15077 3 312
15078 3 313
15079 3 315
15080 3 317
15081 3 318
15082 3 308
15083 3 315
15084 3 314
15085 3 330
15086 3 345
15087 3 354
15088 3 363
15089 3 355
15090 3 347
15091 3 339
15092 3 342
15093 3 345
15094 3 342
15095 3 339
15096 3 336
15097 3 334
15098 3 331
15099 3 328
15100 3 324
15101 3 321
15102 3 318
15103 3 314
15104 3 323
15105 3 331
15106 3 339
15107 3 337
15108 3 332
15109 3 316
15110 3 318
15111 3 309
15112 3 293
15113 3 283
15114 3 273
15115 3 264
15116 3 272
15117 3 276
15118 3 281
15119 3 284
15120 3 301
15121 3 301
15122 3 301
15123 3 296
15124 3 291
15125 3 293
15126 3 294
15127 3 277
15128 3 290
15129 3 302
15130 3 314
15131 3 312
15132 3 311
15133 3 314
15134 3 326
15135 3 315
15136 3 304
15137 3 292
15138 3 287
15139 3 275
15140 3 263
15141 3 252
15142 3 269
15143 3 287
15144 3 263
15145 3 286
15146 3 287
15147 3 330
15148 3 373
15149 3 367
15150 3 362
15151 3 355
15152 3 348
15153 3 343
15154 3 372
15155 3 339
15156 3 306
15157 3 309
15158 3 312
15159 3 314
15160 3 298
15161 3 281
15162 3 283
15163 3 286
15164 3 308
15165 3 296
15166 3 293
15167 3 321
15168 3 350
15169 3 378
15170 3 399
15171 3 385
15172 3 401
15173 3 404
15174 3 408
15175 3 411
15176 3 356
15177 3 350
15178 3 344
15179 3 358
15180 3 349
15181 3 348
15182 3 352
15183 3 356
15184 3 360
15185 3 349
15186 4 371
15187 4 362
15188 4 341
15189 4 349
15190 4 308
15191 4 316
15192 4 323
15193 4 309
15194 4 296
15195 4 283
15196 4 300
15197 4 313
15198 4 300
15199 4 286
15200 4 320
15201 4 320
15202 4 320
15203 4 297
15204 4 275
15205 4 265
15206 4 283
15207 4 279
15208 4 276
15209 4 272
15210 4 268
15211 4 286
15212 4 303
15213 4 310
15214 4 317
15215 4 325
15216 4 302
15217 4 278
15218 4 300
15219 4 322
15220 4 300
15221 4 301
15222 4 303
15223 4 304
15224 4 317
15225 4 309
15226 4 300
15227 4 316
15228 4 302
15229 4 294
15230 4 295
15231 4 296
15232 4 305
15233 4 286
15234 4 267
15235 4 286
15236 4 296
15237 4 308
15238 4 292
15239 4 317
15240 4 304
15241 4 305
15242 4 305
15243 4 309
15244 4 331
15245 4 354
15246 4 359
15247 4 364
15248 4 345
15249 4 353
15250 4 361
15251 4 374
15252 3 380
15253 3 386
15254 3 456
15255 3 448
15256 3 440
15257 3 459
15258 3 479
15259 3 465
15260 3 418
15261 3 382
15262 3 369
15263 3 421
15264 3 396
15265 3 370
15266 3 442
15267 3 427
15268 3 436
15269 3 444
15270 3 430
15271 3 416
15272 3 457
15273 3 444
15274 3 431
15275 3 418
15276 3 368
15277 3 337
15278 3 290
15279 3 243
15280 3 236
15281 3 229
15282 3 222
15283 3 219
15284 3 213
15285 3 200
15286 3 188
15287 3 179
15288 3 186
15289 3 193
15290 3 200
15291 3 212
15292 3 249
15293 3 285
15294 3 299
15295 3 312
15296 3 299
15297 3 299
15298 3 307
15299 3 252
15300 3 240
15301 3 227
15302 3 215
15303 3 226
15304 3 237
15305 3 233
15306 4 230
15307 4 226
15308 4 223
15309 4 219
15310 4 261
15311 4 278
15312 4 295
15313 4 312
15314 4 329
15315 4 346
15316 4 363
15317 4 368
15318 4 374
15319 4 379
15320 4 363
15321 4 338
15322 4 313
15323 4 296
15324 4 274
15325 4 263
15326 5 253
15327 5 268
15328 5 295
15329 5 334
15330 5 372
15331 5 372
15332 5 372
15333 5 372
15334 5 403
15335 5 389
15336 5 376
15337 5 362
15338 5 349
15339 5 335
15340 5 281
15341 5 292
15342 5 302
15343 5 327
15344 5 351
15345 4 389
15346 4 428
15347 4 430
15348 4 433
15349 4 454
15350 4 455
15351 4 455
15352 4 328
15353 4 334
15354 4 352
15355 4 370
15356 4 357
15357 4 344
15358 4 331
15359 4 323
15360 4 314
15361 4 306
15362 5 292
15363 5 278
15364 5 274
15365 5 270
15366 5 282
15367 5 293
15368 5 286
15369 5 278
15370 5 271
15371 5 264
15372 6 269
15373 5 275
15374 5 278
15375 5 280
15376 5 275
15377 6 269
15378 6 254
15379 6 240
15380 6 225
15381 6 211
15382 6 224
15383 6 237
15384 6 250
15385 6 249
15386 6 247
15387 6 246
15388 6 241
15389 6 263
15390 6 256
15391 5 249
15392 5 242
15393 5 247
15394 5 251
15395 5 256
15396 5 275
15397 5 295
15398 5 289
15399 5 283
15400 5 290
15401 5 287
15402 5 279
15403 5 294
15404 5 306
15405 5 300
15406 5 295
15407 5 283
15408 5 270
15409 5 257
15410 5 244
15411 5 259
15412 5 275
15413 5 265
15414 5 284
15415 6 303
15416 6 266
15417 6 288
15418 5 280
15419 5 272
15420 5 268
15421 5 264
15422 5 247
15423 5 243
15424 5 240
15425 5 237
15426 5 233
15427 6 230
15428 6 227
15429 5 224
15430 5 220
15431 5 217
15432 5 250
15433 5 246
15434 5 242
15435 5 239
15436 5 242
15437 6 246
15438 5 250
15439 5 254
15440 5 243
15441 5 251
15442 5 260
15443 5 260
15444 5 261
15445 5 248
15446 6 256
15447 6 264
15448 6 271
15449 6 241
15450 6 246
15451 6 251
15452 6 264
15453 6 260
15454 6 248
15455 6 235
15456 6 232
15457 6 228
15458 6 225
15459 6 216
15460 6 208
15461 6 199
15462 6 215
15463 6 220
15464 6 217
15465 6 226
15466 6 236
15467 6 237
15468 6 238
15469 6 241
15470 6 244
15471 6 267
15472 6 268
15473 5 268
15474 5 257
15475 5 247
15476 5 236
15477 5 231
15478 5 227
15479 5 240
15480 5 253
15481 4 262
15482 4 271
15483 5 274
15484 5 277
15485 5 280
15486 5 272
15487 5 254
15488 5 234
15489 5 229
15490 5 223
15491 5 209
15492 5 222
15493 5 203
15494 5 203
15495 5 202
15496 5 207
15497 5 212
15498 5 219
15499 5 224
15500 5 229
15501 5 237
15502 5 245
15503 5 242
15504 5 247
15505 5 251
15506 4 270
15507 4 289
15508 4 305
15509 4 322
15510 4 332
15511 4 343
15512 4 363
15513 4 340
15514 5 318
15515 5 311
15516 5 305
15517 5 288
15518 5 272
15519 5 255
15520 5 239
15521 5 223
15522 5 222
15523 5 222
15524 5 221
15525 5 220
15526 5 216
15527 5 211
15528 5 206
15529 5 204
15530 5 201
15531 5 199
15532 5 207
15533 5 214
15534 5 222
15535 5 229
15536 5 219
15537 4 222
15538 4 225
15539 4 228
15540 4 231
15541 4 221
15542 4 221
15543 4 221
15544 4 219
15545 4 217
15546 4 216
15547 4 215
15548 4 213
15549 4 192
15550 4 204
15551 4 217
15552 4 217
15553 4 218
15554 4 227
15555 4 237
15556 4 247
15557 4 245
15558 4 244
15559 4 242
15560 4 240
15561 4 217
15562 4 218
15563 4 220
15564 4 221
15565 4 220
15566 4 222
15567 4 223
15568 4 225
15569 4 257
15570 4 262
15571 4 267
15572 4 271
15573 4 274
15574 4 268
15575 4 270
15576 4 271
15577 4 273
15578 4 235
15579 4 244
15580 4 253
15581 4 255
15582 4 257
15583 4 259
15584 4 233
15585 4 251
15586 4 277
15587 5 261
15588 5 244
15589 5 247
15590 5 240
15591 5 233
15592 5 226
15593 5 225
15594 5 224
15595 5 224
15596 5 241
15597 5 259
15598 5 255
15599 5 252
15600 5 248
15601 5 244
15602 5 240
15603 5 236
15604 5 231
15605 5 225
15606 5 234
15607 4 243
15608 5 235
15609 5 239
15610 5 244
15611 5 220
15612 5 201
15613 5 183
15614 5 208
15615 4 202
15616 4 192
15617 4 208
15618 5 224
15619 5 227
15620 5 225
15621 5 225
15622 5 215
15623 5 205
15624 5 207
15625 5 172
15626 5 175
15627 5 177
15628 5 180
15629 5 204
15630 5 190
15631 5 187
15632 5 209
15633 5 209
15634 5 201
15635 5 198
15636 5 195
15637 5 211
15638 5 234
15639 5 237
15640 5 240
15641 5 256
15642 5 237
15643 5 233
15644 5 229
15645 5 228
15646 6 183
15647 6 175
15648 5 167
15649 5 188
15650 5 204
15651 5 198
15652 5 192
15653 5 187
15654 5 181
15655 5 175
15656 5 169
15657 5 164
15658 5 158
15659 5 152
15660 5 146
15661 5 141
15662 4 152
15663 4 163
15664 4 175
15665 4 191
15666 4 177
15667 4 166
15668 4 154
15669 4 156
15670 4 137
15671 4 118
15672 4 131
15673 4 125
15674 5 127
15675 4 116
15676 4 120
15677 4 125
15678 4 127
15679 4 121
15680 4 120
15681 4 125
15682 4 120
15683 4 117
15684 4 102
15685 4 92
15686 5 86
15687 5 83
15688 4 78
15689 4 91
15690 4 77
15691 4 80
15692 4 77
15693 4 83
15694 4 79
15695 4 84
15696 4 71
15697 4 83
15698 4 86
15699 4 87
15700 5 77
15701 4 83
15702 4 75
15703 4 86
15704 5 78
15705 4 71
15706 4 71
15707 5 78
15708 5 80
15709 5 79
15710 5 76
15711 5 73
15712 5 70
15713 4 67
15714 4 68
15715 4 57
15716 5 60
15717 5 56
15718 5 59
15719 5 59
15720 5 60
15721 5 53
15722 4 60
15723 4 65
15724 4 62
15725 4 64
15726 4 65
15727 4 81
15728 4 80
15729 4 81
15730 4 78
15731 5 81
15732 5 92
15733 4 92
15734 4 77
15735 4 85
15736 4 84
15737 4 85
15738 4 89
15739 4 75
15740 4 76
15741 4 76
15742 4 77
15743 4 75
15744 4 72
15745 4 71
15746 4 73
15747 4 73
15748 4 73
15749 4 69
15750 4 70
15751 4 67
15752 4 69
15753 5 73
15754 5 75
15755 4 76
15756 4 83
15757 4 90
15758 4 101
15759 4 104
15760 4 98
15761 4 98
15762 4 96
15763 4 85
15764 4 77
15765 4 66
15766 4 65
15767 4 64
15768 4 58
15769 4 64
15770 4 68
15771 4 65
15772 4 68
15773 4 60
15774 4 63
15775 4 65
15776 4 62
15777 4 60
15778 4 62
15779 4 63
15780 4 62
15781 4 62
15782 4 60
15783 4 61
15784 4 62
15785 4 60
15786 4 58
15787 4 63
15788 4 62
15789 4 63
15790 4 57
15791 4 58
15792 4 58
15793 4 60
15794 4 60
15795 4 63
15796 4 58
15797 4 67
15798 4 66
15799 4 65
15800 4 64
15801 4 63
15802 4 62
15803 4 61
15804 4 60
15805 4 59
15806 4 54
15807 4 55
15808 4 56
15809 4 54
15810 4 58
15811 4 56
15812 4 52
15813 4 52
15814 4 50
15815 4 49
15816 4 47
15817 4 44
15818 4 43
15819 4 47
15820 4 49
15821 4 44
15822 4 44
15823 4 46
15824 4 49
15825 4 51
15826 5 48
15827 5 50
15828 5 57
15829 5 54
15830 5 55
15831 5 53
15832 4 59
15833 4 62
15834 4 63
15835 4 75
15836 4 80
15837 4 85
15838 4 82
15839 4 76
15840 4 75
15841 4 78
15842 4 65
15843 4 58
15844 4 60
15845 4 60
15846 5 66
15847 5 69
15848 5 62
15849 5 65
15850 4 66
15851 4 61
15852 4 60
15853 4 60
15854 4 60
15855 4 70
15856 4 64
15857 4 73
15858 4 72
15859 4 83
15860 4 74
15861 4 79
15862 4 73
15863 4 73
15864 4 72
15865 4 71
15866 4 62
15867 4 76
15868 4 73
15869 4 69
15870 4 72
15871 4 71
15872 4 69
15873 4 78
15874 4 66
15875 4 69
15876 4 71
15877 4 68
15878 4 69
15879 4 71
15880 4 65
15881 4 68
15882 4 60
15883 4 60
15884 4 75
15885 4 73
15886 4 78
15887 4 88
15888 4 87
15889 4 88
15890 4 90
15891 5 93
15892 5 105
15893 5 112
15894 5 102
15895 5 101
15896 5 102
15897 5 112
15898 5 94
15899 5 82
15900 5 70
15901 5 70
15902 5 69
15903 5 67
15904 5 66
15905 5 64
15906 5 62
15907 5 60
15908 5 59
15909 5 70
15910 5 61
15911 5 57
15912 5 53
15913 5 53
15914 5 50
15915 5 38
15916 5 44
15917 5 45
15918 5 46
15919 5 51
15920 5 47
15921 5 52
15922 5 54
15923 5 49
15924 4 59
15925 5 56
15926 5 53
15927 5 53
15928 5 52
15929 5 53
15930 5 65
15931 5 64
15932 5 74
15933 5 86
15934 5 84
15935 5 77
15936 5 76
15937 5 73
15938 6 64
15939 6 54
15940 6 42
15941 6 48
15942 6 51
15943 6 45
15944 6 41
15945 6 43
15946 6 38
15947 5 38
15948 5 33
15949 5 35
15950 5 35
15951 5 35
15952 5 33
15953 5 33
15954 5 31
15955 5 32
15956 5 34
15957 5 31
15958 5 28
15959 5 29
15960 5 30
15961 5 31
15962 5 32
15963 5 32
15964 5 38
15965 5 39
15966 5 42
15967 5 42
15968 5 41
15969 5 38
15970 5 34
15971 5 29
15972 5 32
15973 5 29
15974 5 29
15975 5 30
15976 5 31
15977 4 30
15978 4 33
15979 4 32
15980 4 30
15981 4 31
15982 4 33
15983 4 34
15984 4 37
15985 4 37
15986 4 38
15987 4 39
15988 4 40
15989 4 41
15990 4 42
15991 4 43
15992 4 44
15993 4 116
15994 4 85
15995 4 79
15996 4 69
15997 4 65
15998 4 63
15999 4 54
16000 4 52
16001 4 49
16002 4 54
16003 4 55
16004 4 51
16005 4 49
16006 4 52
16007 4 42
16008 4 46
16009 4 41
16010 4 38
16011 4 40
16012 4 42
16013 4 35
16014 4 35
16015 4 33
16016 4 31
16017 4 36
16018 4 33
16019 4 33
16020 4 35
16021 4 36
16022 4 37
16023 4 43
16024 4 43
16025 4 49
16026 4 55
16027 4 59
16028 4 60
16029 4 59
16030 4 53
16031 4 52
16032 4 47
16033 4 44
16034 4 44
16035 4 42
16036 4 40
16037 4 38
16038 4 36
16039 4 34
16040 4 32
16041 4 30
16042 4 33
16043 4 32
16044 4 31
16045 4 31
16046 4 31
16047 4 34
16048 4 34
16049 4 38
16050 4 37
16051 4 38
16052 4 38
16053 4 42
16054 4 46
16055 4 46
16056 4 43
16057 4 43
16058 4 51
16059 4 51
16060 4 47
16061 4 44
16062 4 47
16063 4 51
16064 4 50
16065 4 43
16066 4 42
16067 4 43
16068 4 48
16069 5 48
16070 5 50
16071 5 86
16072 5 99
16073 5 99
16074 5 95
16075 5 91
16076 5 89
16077 5 86
16078 5 54
16079 5 44
16080 5 45
16081 5 43
16082 5 46
16083 5 45
16084 5 42
16085 5 42
16086 5 46
16087 5 49
16088 5 48
16089 5 50
16090 5 48
16091 5 48
16092 5 47
16093 5 38
16094 5 34
16095 5 37
16096 5 38
16097 5 38
16098 5 43
16099 5 40
16100 5 44
16101 5 46
16102 5 45
16103 5 42
16104 5 45
16105 5 40
16106 5 45
16107 5 42
16108 5 45
16109 5 52
16110 5 49
16111 5 51
16112 5 55
16113 5 53
16114 5 57
16115 5 54
16116 5 49
16117 5 47
16118 5 44
16119 5 41
16120 5 46
16121 5 44
16122 5 44
16123 5 45
16124 5 48
16125 6 47
16126 6 50
16127 6 54
16128 6 59
16129 6 59
16130 6 64
16131 6 65
16132 5 71
16133 5 71
16134 5 67
16135 5 62
16136 5 66
16137 5 60
16138 5 72
16139 5 70
16140 5 66
16141 5 61
16142 5 60
16143 5 60
16144 5 61
16145 5 52
16146 5 45
16147 5 48
16148 5 53
16149 5 59
16150 5 45
16151 5 51
16152 5 51
16153 5 49
16154 5 48
16155 5 43
16156 5 38
16157 5 39
16158 5 37
16159 5 35
16160 5 37
16161 5 39
16162 5 35
16163 5 37
16164 5 38
16165 5 39
16166 5 38
16167 5 38
16168 5 34
16169 5 38
16170 5 40
16171 5 34
16172 5 35
16173 5 33
16174 5 31
16175 5 31
16176 4 27
16177 4 27
16178 4 31
16179 4 29
16180 4 35
16181 4 33
16182 4 34
16183 4 37
16184 5 35
16185 4 32
16186 4 35
16187 4 36
16188 4 39
16189 4 40
16190 4 38
16191 4 38
16192 4 42
16193 4 41
16194 5 36
16195 5 34
16196 5 32
16197 5 34
16198 5 32
16199 5 30
16200 5 30
16201 5 34
16202 5 37
16203 5 39
16204 4 43
16205 5 39
16206 5 41
16207 6 45
16208 6 44
16209 6 52
16210 6 53
16211 6 55
16212 6 57
16213 5 59
16214 6 64
16215 6 65
16216 6 64
16217 6 61
16218 6 58
16219 5 58
16220 5 56
16221 5 53
16222 5 46
16223 5 46
16224 5 49
16225 5 47
16226 5 44
16227 5 46
16228 6 50
16229 6 62
16230 6 65
16231 6 61
16232 6 63
16233 6 65
16234 6 64
16235 6 61
16236 5 51
16237 5 48
16238 5 56
16239 6 56
16240 7 56
16241 7 56
16242 7 54
16243 7 53
16244 7 52
16245 7 42
16246 7 38
16247 7 41
16248 7 40
16249 7 45
16250 7 43
16251 7 44
16252 6 47
16253 6 47
16254 6 48
16255 6 48
16256 6 48
16257 6 40
16258 6 37
16259 6 39
16260 6 42
16261 6 45
16262 6 47
16263 6 49
16264 6 54
16265 6 58
16266 6 53
16267 6 65
16268 5 59
16269 5 86
16270 5 108
16271 5 130
16272 5 154
16273 5 159
16274 5 141
16275 5 124
16276 5 107
16277 5 90
16278 5 91
16279 6 73
16280 6 68
16281 6 65
16282 6 62
16283 6 66
16284 6 67
16285 6 64
16286 5 63
16287 6 61
16288 6 60
16289 6 59
16290 6 59
16291 6 57
16292 6 57
16293 6 50
16294 6 53
16295 6 54
16296 6 52
16297 6 51
16298 6 50
16299 5 49
16300 5 56
16301 5 60
16302 5 64
16303 5 68
16304 5 71
16305 5 75
16306 5 75
16307 5 74
16308 5 70
16309 6 68
16310 6 65
16311 6 62
16312 6 64
16313 6 61
16314 6 66
16315 6 73
16316 6 76
16317 7 80
16318 8 82
16319 8 77
16320 8 78
16321 8 74
16322 8 71
16323 8 66
16324 8 61
16325 8 57
16326 8 55
16327 8 61
16328 8 62
16329 8 80
16330 8 87
16331 8 90
16332 8 93
16333 8 103
16334 9 117
16335 9 118
16336 9 95
16337 9 89
16338 9 98
16339 9 98
16340 9 94
16341 9 79
16342 8 83
16343 8 82
16344 8 79
16345 8 76
16346 8 72
16347 8 74
16348 7 76
16349 7 71
16350 7 78
16351 7 78
16352 8 73
16353 8 75
16354 8 71
16355 8 68
16356 7 69
16357 7 71
16358 7 72
16359 7 78
16360 7 72
16361 7 70
16362 7 67
16363 8 63
16364 8 53
16365 8 52
16366 8 50
16367 8 48
16368 8 48
16369 8 49
16370 8 53
16371 8 53
16372 8 55
16373 8 58
16374 8 59
16375 8 60
16376 8 62
16377 8 56
16378 8 63
16379 8 60
16380 8 59
16381 8 59
16382 9 64
16383 9 65
16384 10 67
16385 10 57
16386 11 61
16387 12 62
16388 12 65
16389 13 62
16390 13 59
16391 14 59
16392 15 63
16393 16 60
16394 16 64
16395 16 68
16396 17 68
16397 18 66
16398 18 65
16399 17 65
16400 16 64
16401 15 59
16402 14 49
16403 13 46
16404 13 50
16405 13 48
16406 13 45
16407 12 47
16408 12 43
16409 12 45
16410 12 43
16411 12 46
16412 12 51
16413 12 52
16414 12 49
16415 13 49
16416 13 56
16417 13 56
16418 13 51
16419 13 47
16420 13 46
16421 13 46
16422 13 52
16423 14 45
16424 15 47
16425 15 49
16426 15 56
16427 16 56
16428 17 57
16429 17 54
16430 16 53
16431 16 54
16432 15 48
16433 14 42
16434 13 45
16435 13 48
16436 13 44
16437 13 45
16438 13 47
16439 13 51
16440 13 55
16441 14 53
16442 15 53
16443 16 57
16444 16 56
16445 16 55
16446 16 54
16447 16 52
16448 15 51
16449 15 49
16450 15 48
16451 14 47
16452 14 49
16453 14 50
16454 14 50
16455 14 51
16456 13 51
16457 13 53
16458 13 54
16459 13 55
16460 13 56
16461 13 57
16462 13 57
16463 13 55
16464 13 55
16465 13 48
16466 13 54
16467 13 54
16468 13 52
16469 13 50
16470 13 53
16471 13 50
16472 13 57
16473 14 50
16474 14 51
16475 13 50
16476 13 52
16477 13 53
16478 13 52
16479 13 47
16480 13 51
16481 13 53
16482 13 56
16483 13 58
16484 13 57
16485 13 62
16486 13 63
16487 13 61
16488 13 55
16489 13 51
16490 13 48
16491 13 48
16492 13 47
16493 13 48
16494 13 54
16495 13 57
16496 13 64
16497 13 65
16498 13 73
16499 14 73
16500 14 77
16501 14 73
16502 14 73
16503 14 68
16504 14 64
16505 14 59
16506 14 56
16507 14 49
16508 15 53
16509 14 58
16510 14 57
16511 13 57
16512 13 62
16513 14 62
16514 13 65
16515 13 60
16516 13 66
16517 13 66
16518 13 69
16519 13 59
16520 13 61
16521 14 59
16522 14 61
16523 14 57
16524 14 53
16525 14 54
16526 14 58
16527 14 53
16528 14 55
16529 15 51
16530 16 49
16531 17 53
16532 18 48
16533 18 43
16534 18 46
16535 18 46
16536 17 50
16537 17 50
16538 17 44
16539 17 46
16540 17 54
16541 17 54
16542 16 51
16543 16 51
16544 16 50
16545 16 51
16546 16 51
16547 16 51
16548 16 54
16549 16 56
16550 16 52
16551 16 55
16552 16 56
16553 15 58
16554 15 51
16555 15 55
16556 14 50
16557 14 53
16558 13 48
16559 13 49
16560 13 43
16561 13 47
16562 14 39
16563 14 45
16564 15 41
16565 16 42
16566 16 48
16567 16 44
16568 17 41
16569 17 40
16570 17 36
16571 17 37
16572 17 36
16573 17 38
16574 17 37
16575 17 39
16576 17 40
16577 18 42
16578 18 39
16579 17 43
16580 17 38
16581 17 45
16582 18 43
16583 18 46
16584 18 43
16585 18 49
16586 18 46
16587 18 48
16588 18 45
16589 18 43
16590 18 43
16591 18 47
16592 18 44
16593 18 43
16594 18 44
16595 18 46
16596 17 46
16597 17 49
16598 17 50
16599 17 46
16600 17 47
16601 17 49
16602 17 44
16603 17 45
16604 17 41
16605 18 41
16606 18 46
16607 18 45
16608 18 40
16609 18 44
16610 19 46
16611 20 45
16612 20 44
16613 20 38
16614 20 35
16615 20 36
16616 20 34
16617 20 30
16618 21 33
16619 22 29
16620 22 33
16621 23 35
16622 24 36
16623 25 34
16624 26 33
16625 25 31
16626 25 35
16627 24 33
16628 25 36
16629 25 36
16630 24 36
16631 24 41
16632 23 40
16633 22 42
16634 21 41
16635 19 40
16636 18 39
16637 18 39
16638 18 38
16639 19 39
16640 20 35
16641 21 35
16642 22 37
16643 21 38
16644 20 38
16645 20 31
16646 20 32
16647 21 29
16648 20 29
16649 20 30
16650 20 23
16651 20 23
16652 20 22
16653 20 26
16654 20 30
16655 21 33
16656 23 35
16657 25 38
16658 26 33
16659 26 38
16660 26 39
16661 25 41
16662 23 43
16663 22 37
16665 21 47
16666 19 49
16668 19 50
16669 20 46
16670 21 48
16671 22 31
16672 23 38
16673 23 36
16674 23 39
16675 23 38
16676 21 36
16677 20 34
16678 20 41
16679 20 33
16680 20 35
16681 20 35
16682 20 33
16683 20 36
16684 20 41
16685 20 37
16686 20 40
16687 21 48
16688 21 44
16689 24 44
16690 26 41
16691 28 35
16692 29 21
16693 30 19
16694 29 23
16695 28 28
16696 26 26
16697 24 28
16698 23 28
16699 23 34
16700 24 28
16701 24 30
16702 23 29
16703 23 32
16704 22 31
16705 22 30
16706 22 36
16707 22 36
16708 22 35
16709 21 37
16710 21 37
16711 21 41
16712 21 39
16715 23 35
16717 22 24
16719 22 36
16720 22 38
16721 22 37
16722 21 35
16723 20 36
16724 20 35
16725 20 33
16726 20 34
16727 20 37
16728 20 38
16730 20 41
16731 20 43
16732 20 45
16733 20 45
16734 20 42
16735 20 41
16736 20 36
16737 20 37
16738 20 35
16739 20 35
16740 20 31
16741 20 33
16742 20 32
16743 20 33
16744 20 35
16745 20 41
16746 20 42
16747 20 43
16748 20 42
16749 19 44
16750 18 45
16751 18 45
16752 18 39
16753 18 36
16754 18 42
16755 18 44
16756 19 45
16757 20 43
16759 20 28
16760 20 35
16761 20 29
16762 20 35
16763 22 33
16764 24 30
16765 25 33
16766 25 35
16767 23 30
16768 22 31
16769 21 36
16770 19 40
16771 18 42
16772 18 34
16773 18 39
16774 19 43
16775 19 45
16776 19 52
16777 19 45
16778 19 42
16779 19 43
16780 20 39
16781 20 39
16782 20 42
16783 20 45
16784 20 44
16785 20 45
16786 20 46
16787 20 44
16788 20 43
16789 19 38
16790 19 45
16791 20 44
16792 20 44
16793 20 44
16794 20 48
16795 20 45
16796 21 47
16797 21 44
16798 21 44
16799 21 45
16800 21 46
16801 21 44
16802 21 48
16803 21 50
16804 20 44
16805 20 43
16807 20 40
16808 20 43
16809 20 39
16810 20 39
16811 20 46
16812 20 44
16813 20 51
16814 20 48
16815 20 44
16816 20 48
16817 20 51
16818 20 46
16820 19 40
16821 19 48
16822 19 49
16823 19 46
16824 19 42
16825 19 45
16826 19 43
16827 18 42
16828 18 39
16829 17 41
16830 17 46
16831 16 45
16832 16 52
16833 15 57
16834 15 48
16835 15 41
16836 15 45
16837 15 61
16838 15 64
16839 15 73
16840 15 70
16841 15 84
16842 15 84
16843 15 86
16844 15 81
16845 16 91
16847 16 81
16849 16 71
16850 16 65
16851 16 63
16852 16 54
16853 16 69
16854 16 49
16855 16 54
16856 16 60
16857 16 60
16858 16 45
16859 16 47
16860 16 52
16861 16 55
16862 16 48
16863 16 48
16864 16 53
16865 16 62
16866 16 57
16867 16 59
16869 16 65
16870 16 62
16871 16 62
16872 16 61
16873 16 64
16874 16 66
16875 16 65
16876 16 57
16878 16 63
16879 16 57
16880 16 54
16881 16 48
16884 15 44
16885 15 43
16886 15 48
16887 15 52
16888 14 57
16889 14 61
16890 14 64
16892 14 64
16893 14 58
16894 14 54
16896 14 51
16897 14 56
16898 14 67
16899 14 63
16900 14 65
16901 14 66
16902 14 65
16903 14 61
16904 15 56
16905 15 55
16906 15 56
16907 15 57
16908 15 57
16909 15 56
16910 15 54
16911 15 56
16912 15 53
16913 15 58
16914 15 55
16915 15 54
16916 15 58
16917 14 59
16918 14 59
16919 15 63
16920 15 62
16921 15 61
16922 15 64
16923 15 61
16924 15 60
16925 14 55
16926 14 53
16927 14 55
16928 14 57
16929 14 50
16930 14 53
16931 15 52
16932 15 56
16933 15 53
16934 16 52
16935 17 57
16937 17 58
16938 16 59
16939 16 55
16940 16 55
16941 16 58
16942 15 55
16943 15 55
16944 15 55
16945 15 54
16946 15 61
16949 13 59
16950 13 61
16951 13 59
16952 13 61
16953 13 52
16954 13 58
16955 13 58
16956 13 57
16957 13 56
16958 13 54
16959 13 54
16960 12 57
16967 13 49
16968 13 46
16969 13 46
16970 14 49
16971 14 46
16972 14 44
16974 14 42
16975 14 43
16976 14 47
16977 14 41
16978 14 51
16979 13 49
16980 13 48
16981 13 58
16982 13 55
16984 14 58
16985 14 49
16986 14 56
16987 14 54
16988 14 46
16989 14 48
16990 15 46
16991 15 44
16992 16 46
16993 16 43
16994 16 42
16999 16 42
17000 16 39
17001 16 43
17006 16 38
17007 16 40
17014 17 40
17015 16 41
17016 16 43
17017 16 40
17018 16 40
17019 16 42
17020 15 37
17021 15 40
17022 15 39
17023 15 40
17024 15 35
17025 15 33
17026 15 33
17027 15 33
17028 15 41
17029 15 41
17031 15 29
17032 15 30
17033 15 28
17034 15 30
17035 15 36
17036 15 35
17037 15 39
17038 15 39
17039 15 43
17040 15 43
17042 14 48
17044 15 47
17045 15 52
17046 15 47
17047 15 49
17048 15 47
17049 15 43
17050 15 41
17051 15 45
17052 15 42
17053 15 42
17054 15 43
17055 15 43
17056 15 36
17057 15 34
17058 15 34
17059 15 35
17060 15 36
17061 16 33
17062 16 34
17063 16 40
17064 16 43
17069 16 35
17070 15 29
17071 15 25
17072 16 25
17073 17 27
17075 16 22
17076 16 29
17077 16 32
17078 16 37
17079 16 39
17080 16 41
17081 16 42
17083 15 44
17084 15 43
17085 15 34
17086 16 36
17087 17 33
17088 17 34
17089 17 36
17091 17 32
17092 17 32
17093 16 44
17094 17 44
17095 17 43
17096 18 47
17097 18 47
17098 18 49
17099 18 49
17100 18 45
17101 18 43
17102 18 41
17103 18 32
17104 19 33
17105 19 37
17106 20 37
17107 19 32
17108 20 29
17109 21 32
17110 22 29
17111 21 30
17112 21 29
17113 20 26
17114 20 28
17115 20 28
17117 21 32
17118 22 31
17119 21 33
17123 23 32
17124 22 31
17125 22 31
17126 22 31
17127 21 34
17129 20 36
17130 20 37
17131 20 34
17132 20 35
17133 20 32
17134 20 30
17135 21 33
17136 21 33
17138 21 34
17139 20 33
17140 20 38
17141 20 39
17142 20 36
17143 20 35
17144 20 35
17145 20 38
17146 20 35
17147 20 33
17148 20 32
17149 20 34
