"Index" "Price" "Volume"
14019 380 NA
14020 380 NA
14021 381 NA
14022 381 NA
14023 380 NA
14024 380 NA
14025 380 NA
14026 380 NA
14027 380 NA
14028 380 NA
14029 380 NA
14030 380 NA
14031 380 NA
14032 380 NA
14033 380 NA
14034 382 NA
14035 380 NA
14036 380 NA
14037 380 NA
14038 380 NA
14039 380 NA
14040 380 NA
14041 380 NA
14042 380 NA
14043 380 NA
14044 380 NA
14045 380 NA
14046 380 NA
14047 380 NA
14048 380 NA
14049 380 NA
14050 380 NA
14051 380 NA
14052 380 NA
14053 380 NA
14054 380 NA
14055 380 NA
14056 380 NA
14057 380 NA
14058 380 NA
14059 380 NA
14060 380 NA
14061 380 NA
14062 382 NA
14063 382 NA
14064 380 NA
14065 385 NA
14066 380 NA
14067 380 NA
14068 380 NA
14069 380 NA
14070 380 NA
14071 380 NA
14072 380 NA
14073 380 NA
14074 380 NA
14075 380 NA
14076 380 NA
14077 380 NA
14078 380 NA
14079 380 NA
14080 380 NA
14081 380 NA
14082 384 NA
14083 380 NA
14084 380 NA
14085 380 NA
14086 380 NA
14087 380 NA
14088 380 NA
14089 380 NA
14090 380 NA
14091 380 NA
14092 380 NA
14093 380 NA
14094 380 NA
14095 380 NA
14096 380 NA
14097 380 NA
14098 380 NA
14099 380 NA
14100 380 NA
14101 380 NA
14102 380 NA
14103 380 NA
14104 380 NA
14105 381 NA
14106 381 NA
14107 380 NA
14108 380 NA
14109 380 NA
14110 380 NA
14111 380 NA
14112 380 NA
14113 380 NA
14114 380 NA
14115 380 NA
14116 380 NA
14117 380 NA
14118 380 NA
14119 380 NA
14120 380 NA
14121 380 NA
14122 380 NA
14123 380 NA
14124 380 NA
14125 380 NA
14126 380 NA
14127 380 NA
14128 380 NA
14129 380 NA
14130 380 NA
14131 380 NA
14132 380 NA
14133 380 NA
14134 380 NA
14135 380 NA
14136 380 NA
14137 380 NA
14138 380 NA
14139 380 NA
14140 380 NA
14141 387 NA
14142 387 NA
14143 381 NA
14144 380 NA
14145 380 NA
14146 380 NA
14147 380 NA
14148 380 NA
14149 380 NA
14150 380 NA
14151 380 NA
14152 380 NA
14153 380 NA
14154 380 NA
14155 380 NA
14156 380 NA
14157 380 NA
14158 380 NA
14159 380 NA
14160 380 NA
14161 380 NA
14162 380 NA
14163 380 NA
14164 380 NA
14165 380 NA
14166 380 NA
14167 380 NA
14168 380 NA
14169 380 NA
14170 380 NA
14171 380 NA
14172 380 NA
14173 380 NA
14174 383 NA
14175 380 NA
14176 380 NA
14177 380 NA
14178 380 NA
14179 380 NA
14180 380 NA
14181 380 NA
14182 380 NA
14183 380 NA
14184 380 NA
14185 380 NA
14186 380 NA
14187 380 NA
14188 380 NA
14189 380 NA
14190 380 NA
14191 380 NA
14192 380 NA
14193 382 NA
14194 380 NA
14195 380 NA
14196 380 NA
14197 380 NA
14198 381 NA
14199 380 NA
14200 380 NA
14201 380 NA
14202 380 NA
14203 380 NA
14204 380 NA
14205 380 NA
14206 380 NA
14207 380 NA
14208 380 NA
14209 380 NA
14210 380 NA
14211 380 NA
14212 380 NA
14213 380 NA
14214 380 NA
14215 385 NA
14216 387 NA
14217 387 NA
14218 386 NA
14219 381 NA
14220 381 NA
14221 380 NA
14222 380 NA
14223 380 NA
14224 380 NA
14225 380 NA
14226 380 NA
14227 383 NA
14228 386 NA
14229 384 NA
14230 386 NA
14231 380 NA
14232 380 NA
14233 380 NA
14234 380 NA
14235 381 NA
14236 380 NA
14237 382 NA
14238 382 NA
14239 381 NA
14240 381 NA
14241 382 NA
14242 384 NA
14243 381 NA
14244 384 NA
14245 384 NA
14246 381 NA
14247 386 NA
14248 385 NA
14249 380 NA
14250 380 NA
14251 384 NA
14252 384 NA
14253 380 NA
14254 380 NA
14255 380 NA
14256 383 NA
14257 380 NA
14258 380 NA
14259 384 NA
14260 389 NA
14261 388 NA
14262 385 NA
14263 385 NA
14264 389 NA
14265 397 NA
14266 397 NA
14267 380 NA
14268 380 NA
14269 380 NA
14270 380 NA
14271 383 NA
14272 392 NA
14273 392 NA
14274 380 NA
14275 382 NA
14276 388 NA
14277 388 NA
14278 389 NA
14279 388 NA
14280 385 NA
14281 385 NA
14282 385 NA
14283 385 NA
14284 384 NA
14285 380 NA
14286 380 NA
14287 384 NA
14288 384 NA
14289 381 NA
14290 380 NA
14291 380 NA
14292 380 NA
14293 380 NA
14294 380 NA
14295 380 NA
14296 380 NA
14297 380 NA
14298 380 NA
14299 380 NA
14300 380 NA
14301 381 NA
14302 382 NA
14303 381 NA
14304 385 NA
14305 385 NA
14306 380 NA
14307 380 NA
14308 380 NA
14309 380 NA
14310 380 NA
14311 380 NA
14312 380 NA
14313 380 NA
14314 380 NA
14315 380 NA
14316 380 NA
14317 380 NA
14318 380 NA
14319 380 NA
14320 380 NA
14321 380 NA
14322 380 NA
14323 380 NA
14324 380 NA
14325 380 NA
14326 380 NA
14327 380 NA
14328 386 NA
14329 380 NA
14330 380 NA
14331 380 NA
14332 380 NA
14333 380 NA
14334 380 NA
14335 380 NA
14336 382 NA
14337 382 NA
14338 380 NA
14339 383 NA
14340 383 NA
14341 380 NA
14342 380 NA
14343 380 NA
14344 384 NA
14345 385 NA
14346 380 NA
14347 380 NA
14348 380 NA
14349 380 NA
14350 383 NA
14351 383 NA
14352 383 NA
14353 380 NA
14354 380 NA
14355 381 NA
14356 380 NA
14357 380 NA
14358 381 NA
14359 381 NA
14360 381 NA
14361 386 NA
14362 380 NA
14363 386 NA
14364 386 NA
14365 383 NA
14366 384 NA
14367 380 NA
14368 380 NA
14369 380 NA
14370 380 NA
14371 381 NA
14372 380 NA
14373 380 NA
14374 380 NA
14375 380 NA
14376 380 NA
14377 380 NA
14378 380 NA
14379 383 NA
14380 383 NA
14381 387 NA
14382 387 NA
14383 388 NA
14384 388 NA
14385 388 NA
14386 390 NA
14387 387 NA
14388 389 NA
14389 382 NA
14390 380 NA
14391 380 NA
14392 381 NA
14393 381 NA
14394 381 NA
14395 381 NA
14396 382 NA
14397 382 NA
14398 382 NA
14399 380 NA
14400 380 NA
14401 380 NA
14402 380 NA
14403 380 NA
14404 380 NA
14405 380 NA
14406 380 NA
14407 380 NA
14408 380 NA
14409 381 NA
14410 386 NA
14411 388 NA
14412 384 NA
14413 387 NA
14414 387 NA
14415 393 NA
14416 389 NA
14417 390 NA
14418 390 NA
14419 380 NA
14420 380 NA
14421 380 NA
14422 380 NA
14423 385 NA
14424 385 NA
14425 384 NA
14426 385 NA
14427 383 NA
14428 382 NA
14429 380 NA
14430 380 NA
14431 384 NA
14432 382 NA
14433 382 NA
14434 382 NA
14435 381 NA
14436 392 NA
14437 392 NA
14438 390 NA
14439 391 NA
14440 389 NA
14441 388 NA
14442 381 NA
14443 382 NA
14444 384 NA
14445 384 NA
14446 387 NA
14447 402 NA
14448 402 NA
14449 399 NA
14450 402 NA
14451 403 NA
14452 395 NA
14453 395 NA
14454 384 NA
14455 384 NA
14456 390 NA
14457 393 NA
14458 393 NA
14459 392 NA
14460 389 NA
14461 384 NA
14462 384 NA
14463 382 NA
14464 381 NA
14465 381 NA
14466 383 NA
14467 391 NA
14468 389 NA
14469 390 NA
14470 395 NA
14471 388 NA
14472 380 NA
14473 380 NA
14474 386 NA
14475 384 NA
14476 384 NA
14477 395 NA
14478 395 NA
14479 395 NA
14480 400 NA
14481 383 NA
14482 383 NA
14483 381 NA
14484 381 NA
14485 387 NA
14486 391 NA
14487 384 NA
14488 381 NA
14489 388 NA
14490 384 NA
14491 384 NA
14492 383 NA
14493 385 NA
14494 389 NA
14495 389 NA
14496 392 NA
14497 397 NA
14498 386 NA
14499 384 NA
14500 372 NA
14501 377 NA
14502 384 NA
14503 376 NA
14504 380 NA
14505 380 NA
14506 362 NA
14507 345 NA
14508 330 NA
14509 325 NA
14510 312 NA
14511 307 NA
14512 307 NA
14513 307 NA
14514 303 NA
14515 304 NA
14516 304 NA
14517 306 NA
14518 306 NA
14519 305 NA
14520 305 NA
14521 312 NA
14522 310 NA
14523 310 NA
14524 310 NA
14525 299 NA
14526 309 NA
14527 301 NA
14528 307 NA
14529 307 NA
14530 317 NA
14531 317 NA
14532 316 NA
14533 330 NA
14534 330 NA
14535 340 NA
14536 326 NA
14537 316 NA
14538 304 NA
14539 304 NA
14540 295 NA
14541 288 NA
14542 300 NA
14543 305 NA
14544 305 NA
14545 312 NA
14546 312 NA
14547 312 NA
14548 320 NA
14549 304 NA
14550 298 NA
14551 292 NA
14552 296 NA
14553 308 NA
14554 308 NA
14555 314 NA
14556 314 NA
14557 323 NA
14558 310 NA
14559 297 NA
14560 297 NA
14561 282 NA
14562 277 NA
14563 277 NA
14564 291 NA
14565 292 NA
14566 297 NA
14567 297 NA
14568 307 NA
14569 290 NA
14570 305 NA
14571 305 NA
14572 306 NA
14573 303 NA
14574 305 NA
14575 318 NA
14576 323 NA
14577 326 NA
14578 324 NA
14579 324 NA
14580 328 NA
14581 341 NA
14582 334 NA
14583 334 NA
14584 335 NA
14585 333 NA
14586 333 NA
14587 326 NA
14588 321 NA
14589 321 NA
14590 315 NA
14591 312 NA
14592 311 NA
14593 311 NA
14594 322 NA
14595 339 NA
14596 339 NA
14597 341 NA
14598 348 NA
14599 347 NA
14600 347 NA
14601 332 NA
14602 316 NA
14603 312 NA
14604 323 NA
14605 327 NA
14606 327 NA
14607 330 NA
14608 330 NA
14609 338 NA
14610 345 NA
14611 344 NA
14612 339 NA
14613 336 NA
14614 334 NA
14615 334 NA
14616 334 NA
14617 331 NA
14618 332 NA
14619 318 NA
14620 318 NA
14621 310 NA
14622 310 NA
14623 331 NA
14624 331 NA
14625 335 NA
14626 330 NA
14627 330 NA
14628 312 NA
14629 312 NA
14630 318 NA
14631 340 NA
14632 340 NA
14633 354 NA
14634 354 NA
14635 351 NA
14636 355 NA
14637 360 NA
14638 355 NA
14639 367 NA
14640 360 NA
14641 351 NA
14642 351 NA
14643 356 NA
14644 356 NA
14645 352 NA
14646 349 NA
14647 335 NA
14648 358 NA
14649 358 NA
14650 365 NA
14651 351 NA
14652 344 NA
14653 344 NA
14654 356 NA
14655 361 NA
14656 361 NA
14657 354 NA
14658 350 NA
14659 347 NA
14660 347 NA
14661 351 NA
14662 370 NA
14663 370 NA
14664 377 NA
14665 370 NA
14666 363 NA
14667 363 NA
14668 363 NA
14669 353 NA
14670 350 NA
14671 349 NA
14672 345 NA
14673 345 NA
14674 357 NA
14675 360 NA
14676 362 NA
14677 379 NA
14678 379 NA
14679 371 NA
14680 369 NA
14681 379 NA
14682 365 NA
14683 358 NA
14684 358 NA
14685 359 NA
14686 355 NA
14687 341 NA
14688 331 NA
14689 321 NA
14690 327 NA
14691 338 NA
14692 338 NA
14693 358 NA
14694 360 NA
14695 360 NA
14696 369 NA
14697 379 NA
14698 383 NA
14699 378 NA
14700 365 NA
14701 355 NA
14702 343 NA
14703 346 NA
14704 339 NA
14705 331 NA
14706 331 NA
14707 348 NA
14708 346 NA
14709 346 NA
14710 348 NA
14711 343 NA
14712 352 NA
14713 352 NA
14714 356 NA
14715 358 NA
14716 358 NA
14717 368 NA
14718 361 NA
14719 361 NA
14720 362 NA
14721 362 NA
14722 356 NA
14723 356 NA
14724 341 NA
14725 331 NA
14726 316 NA
14727 316 NA
14728 316 NA
14729 332 NA
14730 334 NA
14731 335 NA
14732 346 NA
14733 346 NA
14734 350 NA
14735 350 NA
14736 345 NA
14737 345 NA
14738 347 NA
14739 347 NA
14740 341 NA
14741 355 NA
14742 362 NA
14743 367 NA
14744 365 NA
14745 365 NA
14746 368 NA
14747 353 NA
14748 336 NA
14749 336 NA
14750 321 NA
14751 309 NA
14752 319 NA
14753 325 NA
14754 336 NA
14755 345 NA
14756 345 NA
14757 342 NA
14758 331 NA
14759 337 NA
14760 346 NA
14761 353 NA
14762 366 NA
14763 366 NA
14764 371 NA
14765 364 NA
14766 353 NA
14767 354 NA
14768 350 NA
14769 356 NA
14770 355 NA
14771 370 NA
14772 370 NA
14773 384 NA
14774 382 NA
14775 388 NA
14776 398 NA
14777 398 NA
14778 375 NA
14779 375 NA
14780 367 NA
14781 354 NA
14782 348 NA
14783 348 NA
14784 365 NA
14785 365 NA
14786 366 NA
14787 356 NA
14788 355 NA
14789 348 NA
14790 347 NA
14791 347 NA
14792 347 NA
14793 333 NA
14794 338 NA
14795 346 NA
14796 346 NA
14797 352 NA
14798 360 NA
14799 364 NA
14800 364 NA
14801 366 NA
14802 362 NA
14803 354 NA
14804 354 NA
14805 367 NA
14806 367 NA
14807 362 NA
14808 350 NA
14809 336 NA
14810 346 NA
14811 346 NA
14812 335 NA
14813 335 NA
14814 335 NA
14815 350 NA
14816 359 NA
14817 351 NA
14818 355 NA
14819 370 NA
14820 370 NA
14821 367 NA
14822 362 NA
14823 357 NA
14824 357 NA
14825 357 NA
14826 366 NA
14827 360 NA
14828 342 NA
14829 340 NA
14830 343 NA
14831 347 NA
14832 359 NA
14833 359 NA
14834 359 NA
14835 359 NA
14836 344 NA
14837 342 NA
14838 335 NA
14839 335 NA
14840 353 NA
14841 353 NA
14842 362 NA
14843 362 NA
14844 374 NA
14845 391 NA
14846 391 NA
14847 382 NA
14848 370 NA
14849 370 NA
14850 371 NA
14851 381 NA
14852 372 NA
14853 372 NA
14854 365 NA
14855 380 NA
14856 388 NA
14857 384 NA
14858 384 NA
14859 357 NA
14860 357 NA
14861 343 NA
14862 329 NA
14863 325 NA
14864 327 NA
14865 333 NA
14866 346 NA
14867 346 NA
14868 350 NA
14869 351 NA
14870 363 NA
14871 363 NA
14872 359 NA
14873 359 NA
14874 363 NA
14875 363 NA
14876 367 NA
14877 360 NA
14878 354 NA
14879 353 NA
14880 356 NA
14881 356 NA
14882 365 NA
14883 365 NA
14884 365 NA
14885 368 NA
14886 357 NA
14887 357 NA
14888 362 NA
14889 374 NA
14890 374 NA
14891 374 NA
14892 380 NA
14893 387 NA
14894 387 NA
14895 380 NA
14896 380 NA
14897 357 NA
14898 357 NA
14899 369 NA
14900 374 NA
14901 364 NA
14902 364 NA
14903 360 NA
14904 360 NA
14905 356 NA
14906 349 NA
14907 357 NA
14908 357 NA
14909 357 NA
14910 357 NA
14911 369 NA
14912 374 NA
14913 383 NA
14914 377 NA
14915 377 NA
14916 372 NA
14917 372 NA
14918 372 NA
14920 352 NA
14921 348 NA
14922 335 NA
14923 335 NA
14924 339 NA
14925 339 NA
14926 342 NA
14927 329 NA
14928 342 NA
14929 342 NA
14930 332 NA
14931 332 NA
14932 329 NA
14933 337 NA
14934 336 NA
14935 336 NA
14936 345 NA
14937 354 NA
14938 345 NA
14939 345 NA
14940 351 NA
14941 356 NA
14942 356 NA
14943 361 NA
14944 350 NA
14945 358 NA
14946 358 NA
14947 353 NA
14948 360 NA
14949 368 NA
14950 368 NA
14951 358 NA
14952 347 NA
14953 347 NA
14954 337 NA
14955 346 NA
14956 346 NA
14957 356 NA
14958 358 NA
14959 358 NA
14960 359 NA
14961 359 NA
14962 362 NA
14963 362 NA
14964 346 NA
14965 336 NA
14966 327 NA
14967 335 NA
14968 335 NA
14969 337 NA
14970 337 NA
14971 336 NA
14972 332 NA
14973 343 NA
14974 350 NA
14975 350 NA
14976 347 NA
14979 336 NA
14981 328 NA
14983 339 NA
14984 353 NA
14985 357 NA
14986 347 NA
14987 356 NA
14988 355 NA
14990 358 NA
14991 342 NA
14992 351 NA
14993 365 NA
14995 354 NA
14996 347 NA
14998 351 NA
15001 353 NA
15003 354 NA
15005 337 NA
15007 347 NA
15009 365 NA
15010 376 NA
15012 377 NA
15013 411 NA
15014 411 NA
15016 402 NA
15018 388 NA
15019 385 NA
15020 393 NA
15021 393 NA
15023 409 NA
15025 400 NA
15026 386 NA
15029 392 NA
15031 385 NA
15032 371 NA
15033 373 NA
15035 376 NA
15036 375 NA
15038 375 NA
15039 374 NA
15042 375 NA
15044 399 NA
15046 410 NA
15047 408 NA
15048 405 NA
15049 405 NA
15050 406 NA
15052 405 NA
15054 393 NA
15055 377 NA
15058 395 NA
15060 385 NA
15061 373 NA
15063 374 NA
15064 370 NA
15066 364 NA
15067 380 NA
15070 379 NA
15072 370 NA
15073 379 NA
15076 388 NA
15080 388 NA
15082 377 NA
15084 380 NA
15085 384 NA
15086 400 NA
15087 400 NA
15088 401 NA
15089 399 NA
15090 391 NA
15091 390 NA
15093 387 NA
15094 387 NA
15095 378 NA
15096 366 NA
15097 365 NA
15098 365 NA
15100 378 NA
15101 387 NA
15103 384 NA
15104 385 NA
15106 387 NA
15107 379 NA
15109 362 NA
15110 360 NA
15112 378 NA
15114 362 NA
15115 367 NA
15116 386 NA
15119 394 NA
15120 392 NA
15122 381 NA
15124 367 NA
15125 373 NA
15126 377 NA
15128 388 NA
15130 386 NA
15131 382 NA
15132 382 NA
15133 373 NA
15135 373 NA
15136 357 NA
15137 363 NA
15140 346 NA
15142 363 NA
15143 357 NA
15144 364 NA
15145 366 NA
15147 372 NA
15150 370 NA
15151 378 NA
15154 368 NA
15156 378 NA
15157 378 NA
15158 384 NA
15159 371 NA
15161 375 NA
15163 380 NA
15164 374 NA
15165 365 NA
15166 373 NA
15167 361 NA
15170 384 NA
15172 380 NA
15175 375 NA
15177 383 NA
15178 389 NA
15179 382 NA
15182 396 NA
15184 387 NA
15185 375 NA
15186 357 NA
15187 359 NA
15189 370 NA
15191 376 NA
15193 396 NA
15194 396 NA
15196 378 NA
15197 393 NA
15199 393 NA
15204 390 NA
15207 391 NA
15210 385 NA
15212 376 NA
15214 367 NA
15215 371 NA
15217 378 NA
15219 376 NA
15220 376 NA
15221 370 NA
15222 372 NA
15224 365 NA
15226 367 NA
15227 376 NA
15229 382 NA
15231 389 NA
15232 373 NA
15233 373 NA
15235 354 NA
15237 370 NA
15240 359 NA
15242 345 NA
15243 341 NA
15244 351 NA
15247 362 NA
15248 374 NA
15249 374 NA
15250 381 NA
15252 369 NA
15254 340 NA
15256 350 NA
15258 342 NA
15261 336 NA
15263 340 NA
15264 339 NA
15266 350 NA
15268 361 NA
15270 355 NA
15271 368 NA
15273 369 NA
15275 363 NA
15277 342 NA
15280 360 NA
15281 378 NA
15283 384 NA
15284 388 NA
15291 380 NA
15294 381 NA
15296 380 NA
15297 379 NA
15302 378 NA
15303 378 NA
15304 367 NA
15306 352 NA
15307 352 NA
15308 341 NA
15310 324 NA
15312 331 NA
15313 323 NA
15314 323 NA
15315 312 NA
15316 312 NA
15317 306 NA
15318 306 NA
15319 296 NA
15320 301 NA
15321 301 NA
15322 309 NA
15323 309 NA
15324 314 NA
15325 314 NA
15326 328 NA
15327 338 NA
15328 338 NA
15329 340 NA
15330 340 NA
15331 326 NA
15332 326 NA
15333 311 NA
15334 311 NA
15335 305 NA
15336 296 NA
15337 296 NA
15338 291 NA
15339 280 NA
15340 280 NA
15341 288 NA
15342 288 NA
15343 283 NA
15344 283 NA
15345 293 NA
15346 293 NA
15347 307 NA
15348 307 NA
15349 318 NA
15350 318 NA
15351 320 NA
15352 320 NA
15353 327 NA
15354 323 NA
15355 315 NA
15356 315 NA
15357 322 NA
15358 322 NA
15359 320 NA
15360 320 NA
15361 311 NA
15362 315 NA
15363 310 NA
15364 310 NA
15365 316 NA
15366 316 NA
15367 303 NA
15368 295 NA
15369 304 NA
15370 304 NA
15371 295 NA
15372 294 NA
15373 294 NA
15374 305 NA
15375 316 NA
15376 316 NA
15377 320 NA
15378 316 NA
15379 316 NA
15380 320 NA
15381 320 NA
15382 334 NA
15383 351 NA
15384 351 NA
15385 353 NA
15386 353 NA
15387 352 NA
15388 352 NA
15389 352 NA
15390 354 NA
15391 354 NA
15392 355 NA
15393 355 NA
15394 351 NA
15395 351 NA
15396 352 NA
15397 352 NA
15398 355 NA
15399 355 NA
15400 349 NA
15401 349 NA
15402 357 NA
15403 357 NA
15404 344 NA
15405 344 NA
15406 330 NA
15407 324 NA
15408 332 NA
15409 349 NA
15410 349 NA
15411 365 NA
15412 365 NA
15413 369 NA
15414 363 NA
15415 363 NA
15416 363 NA
15417 353 NA
15418 353 NA
15419 355 NA
15420 355 NA
15421 347 NA
15422 344 NA
15423 341 NA
15424 338 NA
15425 335 NA
15426 332 NA
15427 332 NA
15428 342 NA
15429 342 NA
15430 346 NA
15431 346 NA
15432 360 NA
15433 369 NA
15434 369 NA
15435 367 NA
15436 367 NA
15437 367 NA
15438 363 NA
15439 363 NA
15440 360 NA
15441 360 NA
15442 359 NA
15443 359 NA
15444 364 NA
15445 364 NA
15446 361 NA
15447 361 NA
15448 368 NA
15449 368 NA
15450 367 NA
15451 371 NA
15452 371 NA
15453 364 NA
15454 364 NA
15455 383 NA
15456 383 NA
15457 375 NA
15458 375 NA
15459 372 NA
15460 370 NA
15461 370 NA
15462 368 NA
15463 368 NA
15464 367 NA
15465 357 NA
15466 357 NA
15467 352 NA
15468 346 NA
15469 346 NA
15470 350 NA
15471 350 NA
15472 361 NA
15473 366 NA
15474 373 NA
15475 373 NA
15476 375 NA
15477 375 NA
15478 385 NA
15479 385 NA
15480 381 NA
15481 387 NA
15482 387 NA
15483 381 NA
15484 374 NA
15485 374 NA
15486 378 NA
15487 378 NA
15488 371 NA
15489 371 NA
15490 371 NA
15491 378 NA
15492 385 NA
15493 385 NA
15494 378 NA
15495 375 NA
15496 381 NA
15497 392 NA
15498 392 NA
15499 390 NA
15500 387 NA
15501 387 NA
15502 389 NA
15503 390 NA
15504 390 NA
15505 391 NA
15506 391 NA
15507 391 NA
15508 391 NA
15509 390 NA
15510 392 NA
15511 392 NA
15512 385 NA
15513 382 NA
15514 378 NA
15515 363 NA
15516 369 NA
15517 369 NA
15518 364 NA
15519 369 NA
15520 369 NA
15521 374 NA
15522 374 NA
15523 370 NA
15524 370 NA
15525 367 NA
15526 367 NA
15527 356 NA
15528 356 NA
15529 364 NA
15530 364 NA
15531 366 NA
15532 367 NA
15533 367 NA
15534 370 NA
15535 372 NA
15536 372 NA
15537 365 NA
15538 365 NA
15539 366 NA
15540 366 NA
15541 378 NA
15542 388 NA
15543 388 NA
15544 395 NA
15545 386 NA
15546 370 NA
15547 369 NA
15548 369 NA
15549 370 NA
15550 369 NA
15551 369 NA
15552 379 NA
15553 379 NA
15554 382 NA
15555 382 NA
15556 377 NA
15557 377 NA
15558 383 NA
15559 389 NA
15560 389 NA
15561 386 NA
15562 386 NA
15563 374 NA
15564 382 NA
15565 382 NA
15566 392 NA
15567 383 NA
15568 383 NA
15569 381 NA
15570 391 NA
15571 391 NA
15572 391 NA
15573 391 NA
15574 382 NA
15575 373 NA
15576 373 NA
15577 385 NA
15578 385 NA
15579 384 NA
15580 381 NA
15581 381 NA
15582 396 NA
15583 396 NA
15584 394 NA
15585 386 NA
15586 386 NA
15587 373 NA
15588 356 NA
15589 363 NA
15590 363 NA
15591 379 NA
15592 379 NA
15593 381 NA
15594 394 NA
15595 394 NA
15596 382 NA
15597 373 NA
15598 358 NA
15599 358 NA
15600 369 NA
15601 369 NA
15602 371 NA
15603 371 NA
15604 373 NA
15605 373 NA
15606 384 NA
15607 384 NA
15608 377 NA
15609 377 NA
15610 378 NA
15611 378 NA
15612 378 NA
15613 378 NA
15614 377 NA
15615 377 NA
15616 368 NA
15617 355 NA
15618 355 NA
15619 362 NA
15620 362 NA
15621 377 NA
15622 377 NA
15623 389 NA
15624 389 NA
15625 393 NA
15626 393 NA
15627 394 NA
15628 383 NA
15629 383 NA
15630 385 NA
15631 385 NA
15632 385 NA
15633 376 NA
15634 376 NA
15635 374 NA
15636 374 NA
15637 375 NA
15638 375 NA
15639 380 NA
15640 380 NA
15641 390 NA
15642 390 NA
15643 394 NA
15644 394 NA
15645 387 NA
15646 387 NA
15647 387 NA
15648 380 NA
15649 380 NA
15650 382 NA
15651 383 NA
15652 385 NA
15653 386 NA
15654 388 NA
15655 389 NA
15656 391 NA
15657 392 NA
15658 392 NA
15659 392 NA
15660 393 NA
15661 393 NA
15662 393 NA
15663 386 NA
15664 386 NA
15665 378 NA
15666 366 NA
15667 366 NA
15668 369 NA
15669 362 NA
15670 351 NA
15671 336 NA
15672 336 NA
15673 334 NA
15674 334 NA
15675 328 NA
15676 328 NA
15677 330 NA
15678 330 NA
15679 343 NA
15680 343 NA
15681 352 NA
15682 352 NA
15683 360 NA
15684 360 NA
15685 348 NA
15686 348 NA
15687 344 NA
15688 344 NA
15689 338 NA
15690 338 NA
15691 334 NA
15692 334 NA
15693 343 NA
15694 343 NA
15695 338 NA
15696 338 NA
15697 341 NA
15698 349 NA
15699 349 NA
15700 350 NA
15701 350 NA
15702 352 NA
15703 352 NA
15704 363 NA
15705 363 NA
15706 377 NA
15707 377 NA
15708 365 NA
15709 365 NA
15710 357 NA
15711 357 NA
15712 349 NA
15713 349 NA
15714 343 NA
15715 343 NA
15716 343 NA
15717 344 NA
15718 344 NA
15719 343 NA
15720 343 NA
15721 333 NA
15722 333 NA
15723 325 NA
15724 325 NA
15725 332 NA
15726 332 NA
15727 337 NA
15728 337 NA
15729 344 NA
15730 344 NA
15731 356 NA
15732 351 NA
15733 351 NA
15734 360 NA
15735 360 NA
15736 376 NA
15737 376 NA
15738 382 NA
15739 382 NA
15740 378 NA
15741 378 NA
15742 370 NA
15743 370 NA
15744 371 NA
15745 371 NA
15746 359 NA
15747 357 NA
15748 357 NA
15749 356 NA
15750 356 NA
15751 348 NA
15752 346 NA
15753 346 NA
15754 345 NA
15755 345 NA
15756 345 NA
15757 345 NA
15758 342 NA
15759 342 NA
15760 339 NA
15761 348 NA
15762 348 NA
15763 348 NA
15764 344 NA
15765 344 NA
15766 334 NA
15767 334 NA
15768 337 NA
15769 348 NA
15770 348 NA
15771 359 NA
15772 359 NA
15773 358 NA
15774 358 NA
15775 357 NA
15776 357 NA
15777 354 NA
15778 354 NA
15779 350 NA
15780 350 NA
15781 352 NA
15782 352 NA
15783 360 NA
15784 360 NA
15785 367 NA
15786 367 NA
15787 368 NA
15788 368 NA
15789 365 NA
15790 365 NA
15791 363 NA
15792 363 NA
15793 361 NA
15794 361 NA
15795 363 NA
15796 363 NA
15797 357 NA
15798 352 NA
15799 347 NA
15800 342 NA
15801 337 NA
15802 332 NA
15803 327 NA
15804 322 NA
15805 322 NA
15806 332 NA
15807 332 NA
15808 332 NA
15809 332 NA
15810 332 NA
15811 332 NA
15812 337 NA
15813 337 NA
15814 336 NA
15815 336 NA
15816 334 NA
15817 334 NA
15818 341 NA
15819 341 NA
15820 340 NA
15821 340 NA
15822 340 NA
15823 341 NA
15824 341 NA
15825 345 NA
15826 345 NA
15827 344 NA
15828 344 NA
15829 339 NA
15830 339 NA
15831 345 NA
15832 345 NA
15833 344 NA
15834 344 NA
15835 344 NA
15836 344 NA
15837 343 NA
15838 343 NA
15839 343 NA
15840 346 NA
15841 346 NA
15842 362 NA
15843 362 NA
15844 378 NA
15845 378 NA
15846 373 NA
15847 373 NA
15848 373 NA
15849 364 NA
15850 364 NA
15851 366 NA
15852 366 NA
15853 381 NA
15854 381 NA
15855 381 NA
15856 380 NA
15857 380 NA
15858 380 NA
15859 380 NA
15860 373 NA
15861 373 NA
15862 356 NA
15863 356 NA
15864 343 NA
15865 343 NA
15866 328 NA
15867 313 NA
15868 299 NA
15869 299 NA
15870 286 NA
15871 272 NA
15872 272 NA
15873 264 NA
15874 264 NA
15875 277 NA
15876 277 NA
15877 278 NA
15878 278 NA
15879 286 NA
15880 286 NA
15881 301 NA
15882 301 NA
15883 312 NA
15884 312 NA
15885 328 NA
15886 328 NA
15887 322 NA
15888 322 NA
15889 316 NA
15890 316 NA
15891 326 NA
15892 326 NA
15893 325 NA
15894 325 NA
15895 325 NA
15896 335 NA
15897 345 NA
15898 345 NA
15899 351 NA
15900 351 NA
15901 338 NA
15902 338 NA
15903 338 NA
15904 338 NA
15905 338 NA
15906 338 NA
15907 338 NA
15908 338 NA
15909 339 NA
15910 339 NA
15911 339 NA
15912 341 NA
15913 341 NA
15914 343 NA
15915 343 NA
15916 344 NA
15917 344 NA
15918 337 NA
15919 337 NA
15920 328 NA
15921 328 NA
15922 327 NA
15923 327 NA
15924 337 NA
15925 337 NA
15926 339 NA
15927 339 NA
15928 330 NA
15929 330 NA
15930 319 NA
15931 319 NA
15932 314 NA
15933 314 NA
15934 314 NA
15935 311 NA
15936 311 NA
15937 316 NA
15938 316 NA
15939 316 NA
15940 316 NA
15941 313 NA
15942 313 NA
15943 313 NA
15944 310 NA
15945 310 NA
15946 310 NA
15947 310 NA
15948 310 NA
15949 310 NA
15950 309 NA
15951 309 NA
15952 309 NA
15953 309 NA
15954 325 NA
15955 325 NA
15956 325 NA
15957 325 NA
15958 336 NA
15959 336 NA
15960 336 NA
15961 336 NA
15962 325 NA
15963 325 NA
15964 325 NA
15965 319 NA
15966 319 NA
15967 319 NA
15968 319 NA
15969 321 NA
15970 321 NA
15971 321 NA
15972 311 NA
15973 311 NA
15974 311 NA
15975 311 NA
15976 305 NA
15977 305 NA
15978 305 NA
15979 296 NA
15980 296 NA
15981 296 NA
15982 292 NA
15983 292 NA
15984 292 NA
15985 285 NA
15986 284 NA
15987 283 NA
15988 282 NA
15989 281 NA
15990 280 NA
15991 279 NA
15992 278 NA
15993 277 NA
15994 272 NA
15995 272 NA
15996 272 NA
15997 267 NA
15998 267 NA
15999 264 NA
16000 264 NA
16001 264 NA
16002 263 NA
16003 263 NA
16004 263 NA
16005 263 NA
16006 263 NA
16007 267 NA
16008 267 NA
16009 267 NA
16010 267 NA
16011 271 NA
16012 271 NA
16013 271 NA
16014 280 NA
16015 280 NA
16016 280 NA
16017 283 NA
16018 283 NA
16019 283 NA
16020 285 NA
16021 285 NA
16022 285 NA
16023 285 NA
16024 285 NA
16025 285 NA
16026 285 NA
16027 280 NA
16028 280 NA
16029 280 NA
16030 272 NA
16031 272 NA
16032 272 NA
16033 264 NA
16034 264 NA
16035 266 NA
16036 268 NA
16037 270 NA
16038 271 NA
16039 273 NA
16040 275 NA
16041 277 NA
16042 277 NA
16043 289 NA
16044 289 NA
16045 289 NA
16046 290 NA
16047 290 NA
16048 282 NA
16049 282 NA
16050 282 NA
16051 273 NA
16052 273 NA
16053 273 NA
16054 264 NA
16055 264 NA
16056 255 NA
16057 255 NA
16058 248 NA
16059 248 NA
16060 248 NA
16061 241 NA
16062 241 NA
16063 236 NA
16064 236 NA
16065 236 NA
16066 241 NA
16067 241 NA
16068 247 NA
16069 247 NA
16070 247 NA
16071 238 NA
16072 237 NA
16073 237 NA
16074 242 NA
16075 242 NA
16076 245 NA
16077 245 NA
16078 237 NA
16079 237 NA
16080 237 NA
16081 229 NA
16082 229 NA
16083 223 NA
16084 223 NA
16085 217 NA
16086 217 NA
16087 211 NA
16088 211 NA
16089 212 NA
16090 212 NA
16091 212 NA
16092 213 NA
16093 213 NA
16094 213 NA
16095 214 NA
16096 214 NA
16097 213 NA
16098 213 NA
16099 213 NA
16100 213 NA
16101 213 NA
16102 224 NA
16103 224 NA
16104 234 NA
16105 234 NA
16106 234 NA
16107 234 NA
16108 234 NA
16109 245 NA
16110 245 NA
16111 245 NA
16112 246 NA
16113 246 NA
16114 245 NA
16115 245 NA
16116 250 NA
16117 250 NA
16118 251 NA
16119 251 NA
16120 251 NA
16121 250 NA
16122 250 NA
16123 249 NA
16124 249 NA
16125 242 NA
16126 242 NA
16127 244 NA
16128 244 NA
16129 244 NA
16130 235 NA
16131 235 NA
16132 228 NA
16133 228 NA
16134 221 NA
16135 221 NA
16136 214 NA
16137 214 NA
16138 207 NA
16139 201 NA
16140 201 NA
16141 199 NA
16142 199 NA
16143 193 NA
16144 193 NA
16145 189 NA
16146 189 NA
16147 192 NA
16148 192 NA
16149 191 NA
16150 191 NA
16151 191 NA
16152 189 NA
16153 189 NA
16154 189 NA
16155 191 NA
16156 191 NA
16157 191 NA
16158 192 NA
16159 192 NA
16160 194 NA
16161 194 NA
16162 194 NA
16163 193 NA
16164 193 NA
16165 193 NA
16166 192 NA
16167 192 NA
16168 192 NA
16169 192 NA
16170 192 NA
16171 192 NA
16172 190 NA
16173 190 NA
16174 190 NA
16175 192 NA
16176 192 NA
16177 192 NA
16178 188 NA
16179 188 NA
16180 188 NA
16181 192 NA
16182 192 NA
16183 192 NA
16184 186 NA
16185 186 NA
16186 186 NA
16187 180 NA
16188 180 NA
16189 180 NA
16190 175 NA
16191 175 NA
16192 182 NA
16193 182 NA
16194 186 NA
16195 186 NA
16196 186 NA
16197 186 NA
16198 186 NA
16199 186 NA
16200 182 NA
16201 182 NA
16202 182 NA
16203 181 NA
16204 181 NA
16205 181 NA
16206 180 NA
16207 180 NA
16208 180 NA
16209 176 NA
16210 176 NA
16211 172 NA
16212 172 NA
16213 172 NA
16214 166 NA
16215 166 NA
16216 171 NA
16217 171 NA
16218 171 NA
16219 174 NA
16220 174 NA
16221 174 NA
16222 173 NA
16223 173 NA
16224 178 NA
16225 178 NA
16226 178 NA
16227 184 NA
16228 184 NA
16229 184 NA
16230 190 NA
16231 190 NA
16232 190 NA
16233 200 NA
16234 200 NA
16235 200 NA
16236 195 NA
16237 195 NA
16238 195 NA
16239 200 NA
16240 200 NA
16241 200 NA
16242 200 NA
16243 192 NA
16244 192 NA
16245 192 NA
16246 183 NA
16247 183 NA
16248 185 NA
16249 185 NA
16250 185 NA
16251 192 NA
16252 192 NA
16253 192 NA
16254 192 NA
16255 192 NA
16256 192 NA
16257 195 NA
16258 195 NA
16259 198 NA
16260 198 NA
16261 198 NA
16262 197 NA
16263 197 NA
16264 201 NA
16265 201 NA
16266 201 NA
16267 212 NA
16268 212 NA
16269 212 NA
16270 222 NA
16271 222 NA
16272 222 NA
16273 234 NA
16274 234 NA
16275 245 NA
16276 245 NA
16277 245 NA
16278 258 NA
16279 258 NA
16280 258 NA
16281 265 NA
16282 265 NA
16283 265 NA
16284 255 NA
16285 255 NA
16286 248 NA
16287 248 NA
16288 248 NA
16289 240 NA
16290 240 NA
16291 240 NA
16292 231 NA
16293 231 NA
16294 232 NA
16295 232 NA
16296 232 NA
16297 232 NA
16298 232 NA
16299 236 NA
16300 236 NA
16301 238 NA
16302 238 NA
16303 238 NA
16304 232 NA
16305 232 NA
16306 225 NA
16307 225 NA
16308 225 NA
16309 219 NA
16310 219 NA
16311 226 NA
16312 226 NA
16313 226 NA
16314 231 NA
16315 231 NA
16316 231 NA
16317 225 NA
16318 225 NA
16319 225 NA
16320 218 NA
16321 218 NA
16322 214 NA
16323 214 NA
16324 214 NA
16325 214 NA
16326 211 NA
16327 211 NA
16328 216 NA
16329 216 NA
16330 216 NA
16331 216 NA
16332 225 NA
16333 225 NA
16334 225 NA
16335 222 NA
16336 222 NA
16337 222 NA
16338 222 NA
16339 222 NA
16340 222 NA
16341 222 NA
16342 219 NA
16343 219 NA
16344 219 NA
16345 216 NA
16346 216 NA
16347 216 NA
16348 212 NA
16349 212 NA
16350 212 NA
16351 212 NA
16352 217 NA
16353 217 NA
16354 217 NA
16355 216 NA
16356 216 NA
16357 216 NA
16358 217 NA
16359 217 NA
16360 217 NA
16361 217 NA
16362 217 NA
16363 217 NA
16364 217 NA
16365 217 NA
16366 217 NA
16367 217 NA
16368 218 NA
16369 218 NA
16370 218 NA
16371 219 NA
16372 219 NA
16373 219 NA
16374 219 NA
16375 218 NA
16376 218 NA
16377 218 NA
16378 218 NA
16379 215 NA
16380 215 NA
16381 215 NA
16382 207 NA
16383 207 NA
16384 207 NA
16385 201 NA
16386 201 NA
16387 201 NA
16388 195 NA
16389 195 NA
16390 192 NA
16391 192 NA
16392 192 NA
16393 193 NA
16394 193 NA
16395 193 NA
16396 188 NA
16397 188 NA
16398 188 NA
16399 181 NA
16400 181 NA
16401 181 NA
16402 175 NA
16403 175 NA
16404 175 NA
16405 177 NA
16406 177 NA
16407 177 NA
16408 177 NA
16409 183 NA
16410 183 NA
16411 183 NA
16412 185 NA
16413 185 NA
16414 185 NA
16415 185 NA
16416 181 NA
16417 181 NA
16418 181 NA
16419 181 NA
16420 176 NA
16421 176 NA
16422 176 NA
16423 170 NA
16424 170 NA
16425 170 NA
16426 164 NA
16427 164 NA
16428 164 NA
16429 162 NA
16430 162 NA
16431 162 NA
16432 165 NA
16433 165 NA
16434 160 NA
16435 160 NA
16436 160 NA
16437 160 NA
16438 160 NA
16439 160 NA
16440 162 NA
16441 162 NA
16442 162 NA
16443 160 NA
16444 160 NA
16445 160 NA
16446 168 NA
16447 168 NA
16448 168 NA
16449 169 NA
16450 169 NA
16451 169 NA
16452 173 NA
16453 173 NA
16454 173 NA
16455 175 NA
16456 175 NA
16457 175 NA
16458 173 NA
16459 173 NA
16460 173 NA
16461 173 NA
16462 173 NA
16463 173 NA
16464 173 NA
16465 175 NA
16466 175 NA
16467 175 NA
16468 180 NA
16469 180 NA
16470 180 NA
16471 180 NA
16472 189 NA
16473 189 NA
16474 189 NA
16475 188 NA
16476 188 NA
16477 188 NA
16478 188 NA
16479 190 NA
16480 190 NA
16481 190 NA
16482 189 NA
16483 189 NA
16484 189 NA
16485 186 NA
16486 186 NA
16487 186 NA
16488 186 NA
16489 190 NA
16490 190 NA
16491 190 NA
16492 187 NA
16493 187 NA
16494 187 NA
16495 189 NA
16496 189 NA
16497 189 NA
16498 196 NA
16499 196 NA
16500 196 NA
16501 197 NA
16502 197 NA
16503 197 NA
16504 197 NA
16505 196 NA
16506 196 NA
16507 196 NA
16508 196 NA
16509 192 NA
16510 192 NA
16511 192 NA
16512 192 NA
16513 189 NA
16514 189 NA
16515 189 NA
16516 186 NA
16517 186 NA
16518 186 NA
16519 186 NA
16520 188 NA
16521 188 NA
16522 188 NA
16523 188 NA
16524 188 NA
16525 188 NA
16526 188 NA
16527 188 NA
16528 189 NA
16529 189 NA
16530 189 NA
16531 186 NA
16532 186 NA
16533 186 NA
16534 186 NA
16535 183 NA
16536 183 NA
16537 183 NA
16538 182 NA
16539 182 NA
16540 182 NA
16541 182 NA
16542 178 NA
16543 178 NA
16544 178 NA
16545 176 NA
16546 176 NA
16547 176 NA
16548 176 NA
16549 176 NA
16550 175 NA
16551 175 NA
16552 175 NA
16553 175 NA
16554 171 NA
16555 171 NA
16556 171 NA
16557 171 NA
16558 172 NA
16559 172 NA
16560 172 NA
16561 172 NA
16562 172 NA
16563 173 NA
16564 173 NA
16565 173 NA
16566 173 NA
16567 171 NA
16568 171 NA
16569 171 NA
16570 171 NA
16571 173 NA
16572 173 NA
16573 165 NA
16574 165 NA
16575 165 NA
16576 166 NA
16577 166 NA
16578 166 NA
16579 166 NA
16580 171 NA
16581 171 NA
16582 171 NA
16583 171 NA
16584 171 NA
16585 171 NA
16586 171 NA
16587 173 NA
16588 173 NA
16589 173 NA
16590 173 NA
16591 175 NA
16592 175 NA
16593 175 NA
16594 175 NA
16595 180 NA
16596 180 NA
16597 180 NA
16598 180 NA
16599 180 NA
16600 182 NA
16601 182 NA
16602 182 NA
16603 182 NA
16604 182 NA
16605 182 NA
16606 182 NA
16607 182 NA
16608 183 NA
16609 183 NA
16610 183 NA
16611 183 NA
16612 189 NA
16613 189 NA
16614 189 NA
16615 189 NA
16616 199 NA
16617 199 NA
16618 199 NA
16619 199 NA
16620 200 NA
16621 200 NA
16622 200 NA
16623 200 NA
16624 202 NA
16625 202 NA
16626 202 NA
16627 195 NA
16628 195 NA
16629 195 NA
16630 198 NA
16631 198 NA
16632 198 NA
16633 207 NA
16634 207 NA
16635 207 NA
16636 207 NA
16637 207 NA
16638 218 NA
16639 218 NA
16640 218 NA
16641 218 NA
16642 223 NA
16643 223 NA
16644 223 NA
16645 216 NA
16646 216 NA
16647 216 NA
16648 216 NA
16649 209 NA
16650 209 NA
16651 209 NA
16652 209 NA
16653 202 NA
16654 202 NA
16655 202 NA
16656 201 NA
16657 201 NA
16658 201 NA
16659 201 NA
16660 202 NA
16661 202 NA
16662 202 NA
16663 202 NA
16665 198 NA
16666 198 NA
16668 197 NA
16669 197 NA
16670 197 NA
16671 197 NA
16672 196 NA
16673 196 NA
16674 196 NA
16675 196 NA
16676 196 NA
16677 190 NA
16678 190 NA
16679 190 NA
16680 190 NA
16681 188 NA
16682 188 NA
16683 188 NA
16684 188 NA
16685 188 NA
16686 187 NA
16687 187 NA
16688 187 NA
16689 187 NA
16690 188 NA
16691 188 NA
16692 188 NA
16693 190 NA
16694 190 NA
16695 190 NA
16696 190 NA
16697 190 NA
16698 193 NA
16699 193 NA
16700 193 NA
16701 193 NA
16702 195 NA
16703 195 NA
16704 195 NA
16705 195 NA
16706 194 NA
16707 194 NA
16708 194 NA
16709 194 NA
16710 199 NA
16711 199 NA
16712 199 NA
16715 200 NA
16717 200 NA
16719 194 NA
16720 194 NA
16721 194 NA
16722 188 NA
16723 188 NA
16724 188 NA
16725 188 NA
16726 195 NA
16727 195 NA
16728 195 NA
16730 195 NA
16731 200 NA
16732 200 NA
16733 200 NA
16734 200 NA
16735 203 NA
16736 203 NA
16737 203 NA
16738 203 NA
16739 203 NA
16740 201 NA
16741 201 NA
16742 201 NA
16743 201 NA
16744 201 NA
16745 200 NA
16746 200 NA
16747 200 NA
16748 200 NA
16749 200 NA
16750 200 NA
16751 200 NA
16752 200 NA
16753 200 NA
16754 199 NA
16755 199 NA
16756 199 NA
16757 199 NA
16759 202 NA
16760 202 NA
16761 202 NA
16762 202 NA
16763 207 NA
16764 207 NA
16765 207 NA
16766 202 NA
16767 202 NA
16768 202 NA
16769 202 NA
16770 202 NA
16771 201 NA
16772 201 NA
16773 201 NA
16774 201 NA
16775 201 NA
16776 201 NA
16777 201 NA
16778 201 NA
16779 201 NA
16780 200 NA
16781 200 NA
16782 200 NA
16783 199 NA
16784 199 NA
16785 199 NA
16786 199 NA
16787 200 NA
16788 200 NA
16789 200 NA
16790 200 NA
16791 200 NA
16792 200 NA
16793 200 NA
16794 200 NA
16795 199 NA
16796 199 NA
16797 199 NA
16798 200 NA
16799 200 NA
16800 200 NA
16801 200 NA
16802 199 NA
16803 199 NA
16804 199 NA
16805 193 NA
16807 193 NA
16808 193 NA
16809 188 NA
16810 188 NA
16811 188 NA
16812 182 NA
16813 182 NA
16814 182 NA
16815 176 NA
16816 176 NA
16817 172 NA
16818 172 NA
16820 178 NA
16821 178 NA
16822 178 NA
16823 178 NA
16824 180 NA
16825 180 NA
16826 189 NA
16827 199 NA
16828 199 NA
16829 209 NA
16830 209 NA
16831 220 NA
16832 220 NA
16833 220 NA
16834 231 NA
16835 243 NA
16836 243 NA
16837 256 NA
16838 256 NA
16839 256 NA
16840 269 NA
16841 269 NA
16842 269 NA
16843 283 NA
16844 283 NA
16845 297 NA
16847 297 NA
16849 312 NA
16850 312 NA
16851 327 NA
16852 327 NA
16853 327 NA
16854 343 NA
16855 361 NA
16856 361 NA
16857 361 NA
16858 380 NA
16859 380 NA
16860 397 NA
16861 397 NA
16862 397 NA
16863 417 NA
16864 417 NA
16865 417 NA
16866 438 NA
16867 438 NA
16869 460 NA
16870 460 NA
16871 460 NA
16872 481 NA
16873 481 NA
16874 481 NA
16875 506 NA
16876 506 NA
16878 531 NA
16879 531 NA
16880 531 NA
16881 558 NA
16884 586 NA
16885 586 NA
16886 614 NA
16887 614 NA
16888 614 NA
16889 645 NA
16890 645 NA
16892 675 NA
16893 675 NA
16894 709 NA
16895 709 NA
16896 744 NA
16897 744 NA
16898 777 NA
16899 777 NA
16900 777 NA
16901 816 NA
16902 816 NA
16903 816 NA
16904 857 NA
16905 857 NA
16906 857 NA
16907 900 NA
16908 900 NA
16909 945 NA
16910 945 NA
16911 991 NA
16912 991 NA
16913 1027 NA
16914 1027 NA
16915 1027 NA
16916 1027 NA
16917 1079 NA
16918 1131 NA
16919 1131 NA
16920 1188 NA
16921 1188 NA
16922 1248 NA
16923 1248 NA
16924 1311 NA
16925 1311 NA
16926 1368 NA
16927 1368 NA
16928 1437 NA
16929 1437 NA
16930 1507 NA
16931 1507 NA
16932 1583 NA
16933 1583 NA
16934 1583 NA
16935 1656 NA
16937 1656 NA
16938 1675 NA
16939 1750 NA
16940 1750 NA
16941 1791 NA
16942 1791 NA
16943 1881 NA
16944 1881 NA
16945 1861 NA
16946 1887 NA
16949 1982 NA
16950 2082 NA
16951 2082 NA
16952 2185 NA
16953 2185 NA
16954 2215 NA
16955 2215 NA
16956 2323 NA
16957 2323 NA
16958 2298 NA
16959 2354 NA
16960 2354 NA
16967 2516 NA
16968 2626 NA
16969 2710 NA
16970 2817 NA
16971 2817 NA
16972 2893 NA
16974 3030 NA
16975 3090 NA
16976 3167 NA
16977 3167 NA
16978 3252 NA
16979 3252 NA
16980 3301 NA
16981 3331 NA
16982 3331 NA
16984 3345 NA
16985 3345 NA
16986 3201 NA
16987 3055 NA
16988 2989 NA
16989 2943 NA
16990 3001 NA
16991 3001 NA
16992 2990 NA
16993 3064 NA
16994 3064 NA
16999 3081 NA
17000 3081 NA
17001 3095 NA
17006 3314 NA
17007 3314 NA
17014 2953 NA
17015 2932 NA
17016 3014 NA
17017 3014 NA
17018 3082 NA
17019 3142 NA
17020 3142 NA
17021 3142 NA
17022 3279 NA
17023 3392 NA
17024 3392 NA
17025 3386 NA
17026 3417 NA
17027 3417 NA
17028 3520 NA
17029 3520 NA
17031 3661 NA
17032 3655 NA
17033 3655 NA
17034 3574 NA
17035 3574 NA
17036 3437 NA
17037 3341 NA
17038 3341 NA
17039 3229 NA
17040 3229 NA
17042 3054 NA
17044 3114 NA
17045 3114 NA
17046 3053 NA
17047 3053 NA
17048 2958 NA
17049 2977 NA
17050 2977 NA
17051 2986 NA
17052 2986 NA
17053 3026 NA
17054 3026 NA
17055 3061 NA
17056 3088 NA
17057 3088 NA
17058 3150 NA
17059 3150 NA
17060 3267 NA
17061 3267 NA
17062 3366 NA
17063 3366 NA
17064 3437 NA
17069 3452 NA
17070 3412 NA
17071 3412 NA
17072 3362 NA
17073 3358 NA
17075 3495 NA
17076 3537 NA
17077 3537 NA
17078 3557 NA
17079 3557 NA
17080 3568 NA
17081 3568 NA
17083 3596 NA
17084 3596 NA
17085 3537 NA
17086 3537 NA
17087 3490 NA
17088 3490 NA
17089 3488 NA
17091 3529 NA
17092 3529 NA
17093 3444 NA
17094 3444 NA
17095 3444 NA
17096 3397 NA
17097 3342 NA
17098 3342 NA
17099 3346 NA
17100 3346 NA
17101 3283 NA
17102 3283 NA
17103 3348 NA
17104 3348 NA
17105 3433 NA
17106 3433 NA
17107 3586 NA
17108 3586 NA
17109 3623 NA
17110 3623 NA
17111 3608 NA
17112 3608 NA
17113 3608 NA
17114 3703 NA
17115 3703 NA
17117 3767 NA
17118 3782 NA
17119 3782 NA
17123 3947 NA
17124 3953 NA
17125 3953 NA
17126 3943 NA
17127 3943 NA
17129 3996 NA
17130 4000 NA
17131 4000 NA
17132 3915 NA
17133 3915 NA
17134 3990 NA
17135 3983 NA
17136 3983 NA
17138 3991 NA
17139 4023 NA
17140 4076 NA
17141 4076 NA
17142 4106 NA
17143 4106 NA
17144 4057 NA
17145 4023 NA
17146 4023 NA
17147 4058 NA
17148 4058 NA
17149 3938 NA
