"Index" "Price" "Volume"
14019 234 NA
14020 234 NA
14021 234 NA
14022 234 NA
14023 234 NA
14024 234 NA
14025 234 NA
14026 234 NA
14027 234 NA
14028 234 NA
14029 234 NA
14030 234 NA
14031 234 NA
14032 234 NA
14033 234 NA
14034 234 NA
14035 234 NA
14036 234 NA
14037 234 NA
14038 234 NA
14039 234 NA
14040 234 NA
14041 234 NA
14042 234 NA
14043 234 NA
14044 234 NA
14045 234 NA
14046 234 NA
14047 234 NA
14048 234 NA
14049 234 NA
14050 234 NA
14051 234 NA
14052 234 NA
14053 234 NA
14054 234 NA
14055 234 NA
14056 235 NA
14057 234 NA
14058 235 NA
14059 235 NA
14060 235 NA
14061 235 NA
14062 234 NA
14063 234 NA
14064 234 NA
14065 234 NA
14066 234 NA
14067 234 NA
14068 234 NA
14069 234 NA
14070 234 NA
14071 234 NA
14072 234 NA
14073 234 NA
14074 234 NA
14075 234 NA
14076 234 NA
14077 234 NA
14078 234 NA
14079 234 NA
14080 234 NA
14081 234 NA
14082 234 NA
14083 234 NA
14084 234 NA
14085 234 NA
14086 234 NA
14087 234 NA
14088 234 NA
14089 234 NA
14090 235 NA
14091 234 NA
14092 234 NA
14093 234 NA
14094 234 NA
14095 234 NA
14096 234 NA
14097 234 NA
14098 234 NA
14099 234 NA
14100 234 NA
14101 234 NA
14102 234 NA
14103 234 NA
14104 234 NA
14105 234 NA
14106 234 NA
14107 234 NA
14108 234 NA
14109 234 NA
14110 234 NA
14111 234 NA
14112 234 NA
14113 234 NA
14114 234 NA
14115 234 NA
14116 234 NA
14117 234 NA
14118 234 NA
14119 234 NA
14120 234 NA
14121 234 NA
14122 234 NA
14123 234 NA
14124 234 NA
14125 234 NA
14126 234 NA
14127 234 NA
14128 234 NA
14129 234 NA
14130 234 NA
14131 234 NA
14132 234 NA
14133 234 NA
14134 234 NA
14135 234 NA
14136 234 NA
14137 234 NA
14138 234 NA
14139 234 NA
14140 234 NA
14141 234 NA
14142 234 NA
14143 234 NA
14144 234 NA
14145 234 NA
14146 234 NA
14147 234 NA
14148 234 NA
14149 234 NA
14150 234 NA
14151 234 NA
14152 234 NA
14153 234 NA
14154 234 NA
14155 234 NA
14156 234 NA
14157 234 NA
14158 234 NA
14159 234 NA
14160 234 NA
14161 234 NA
14162 234 NA
14163 234 NA
14164 234 NA
14165 234 NA
14166 234 NA
14167 234 NA
14168 235 NA
14169 235 NA
14170 235 NA
14171 235 NA
14172 235 NA
14173 234 NA
14174 235 NA
14175 235 NA
14176 235 NA
14177 234 NA
14178 234 NA
14179 234 NA
14180 234 NA
14181 234 NA
14182 234 NA
14183 234 NA
14184 234 NA
14185 234 NA
14186 234 NA
14187 234 NA
14188 234 NA
14189 234 NA
14190 235 NA
14191 234 NA
14192 234 NA
14193 235 NA
14194 235 NA
14195 234 NA
14196 234 NA
14197 234 NA
14198 234 NA
14199 234 NA
14200 234 NA
14201 234 NA
14202 234 NA
14203 234 NA
14204 234 NA
14205 234 NA
14206 234 NA
14207 235 NA
14208 235 NA
14209 235 NA
14210 234 NA
14211 234 NA
14212 234 NA
14213 234 NA
14214 235 NA
14215 235 NA
14216 234 NA
14217 234 NA
14218 235 NA
14219 234 NA
14220 234 NA
14221 234 NA
14222 234 NA
14223 234 NA
14224 234 NA
14225 234 NA
14226 234 NA
14227 235 NA
14228 235 NA
14229 235 NA
14230 234 NA
14231 234 NA
14232 234 NA
14233 234 NA
14234 234 NA
14235 234 NA
14236 235 NA
14237 234 NA
14238 234 NA
14239 234 NA
14240 234 NA
14241 234 NA
14242 234 NA
14243 234 NA
14244 234 NA
14245 234 NA
14246 234 NA
14247 235 NA
14248 234 NA
14249 234 NA
14250 234 NA
14251 234 NA
14252 234 NA
14253 234 NA
14254 235 NA
14255 235 NA
14256 234 NA
14257 234 NA
14258 234 NA
14259 234 NA
14260 234 NA
14261 234 NA
14262 235 NA
14263 235 NA
14264 236 NA
14265 236 NA
14266 236 NA
14267 234 NA
14268 234 NA
14269 234 NA
14270 234 NA
14271 234 NA
14272 234 NA
14273 234 NA
14274 234 NA
14275 235 NA
14276 235 NA
14277 235 NA
14278 234 NA
14279 234 NA
14280 235 NA
14281 235 NA
14282 234 NA
14283 234 NA
14284 234 NA
14285 234 NA
14286 234 NA
14287 234 NA
14288 235 NA
14289 234 NA
14290 234 NA
14291 234 NA
14292 234 NA
14293 234 NA
14294 234 NA
14295 234 NA
14296 235 NA
14297 235 NA
14298 234 NA
14299 234 NA
14300 234 NA
14301 234 NA
14302 234 NA
14303 234 NA
14304 235 NA
14305 234 NA
14306 234 NA
14307 234 NA
14308 234 NA
14309 234 NA
14310 234 NA
14311 234 NA
14312 234 NA
14313 234 NA
14314 234 NA
14315 234 NA
14316 235 NA
14317 235 NA
14318 234 NA
14319 234 NA
14320 234 NA
14321 235 NA
14322 235 NA
14323 234 NA
14324 234 NA
14325 234 NA
14326 234 NA
14327 234 NA
14328 234 NA
14329 236 NA
14330 234 NA
14331 234 NA
14332 234 NA
14333 234 NA
14334 235 NA
14335 234 NA
14336 234 NA
14337 234 NA
14338 234 NA
14339 234 NA
14340 234 NA
14341 234 NA
14342 234 NA
14343 234 NA
14344 234 NA
14345 234 NA
14346 234 NA
14347 234 NA
14348 234 NA
14349 234 NA
14350 235 NA
14351 235 NA
14352 234 NA
14353 234 NA
14354 234 NA
14355 234 NA
14356 234 NA
14357 234 NA
14358 234 NA
14359 234 NA
14360 234 NA
14361 234 NA
14362 234 NA
14363 234 NA
14364 234 NA
14365 234 NA
14366 234 NA
14367 234 NA
14368 234 NA
14369 234 NA
14370 235 NA
14371 235 NA
14372 234 NA
14373 234 NA
14374 234 NA
14375 234 NA
14376 234 NA
14377 234 NA
14378 234 NA
14379 234 NA
14380 234 NA
14381 234 NA
14382 234 NA
14383 234 NA
14384 234 NA
14385 234 NA
14386 234 NA
14387 234 NA
14388 234 NA
14389 234 NA
14390 234 NA
14391 234 NA
14392 234 NA
14393 234 NA
14394 234 NA
14395 234 NA
14396 234 NA
14397 234 NA
14398 234 NA
14399 234 NA
14400 234 NA
14401 234 NA
14402 234 NA
14403 234 NA
14404 234 NA
14405 234 NA
14406 235 NA
14407 235 NA
14408 235 NA
14409 234 NA
14410 234 NA
14411 234 NA
14412 234 NA
14413 234 NA
14414 234 NA
14415 234 NA
14416 234 NA
14417 234 NA
14418 234 NA
14419 234 NA
14420 234 NA
14421 234 NA
14422 236 NA
14423 235 NA
14424 235 NA
14425 235 NA
14426 234 NA
14428 234 NA
14429 234 NA
14430 234 NA
14431 234 NA
14432 234 NA
14433 235 NA
14434 235 NA
14435 236 NA
14436 234 NA
14437 234 NA
14438 235 NA
14439 234 NA
14440 234 NA
14441 234 NA
14442 234 NA
14443 234 NA
14444 234 NA
14445 234 NA
14446 234 NA
14447 235 NA
14448 235 NA
14449 234 NA
14450 234 NA
14451 234 NA
14452 234 NA
14453 234 NA
14454 234 NA
14455 234 NA
14456 235 NA
14457 235 NA
14458 234 NA
14459 234 NA
14460 235 NA
14461 235 NA
14462 235 NA
14463 235 NA
14464 235 NA
14465 236 NA
14466 236 NA
14467 236 NA
14468 235 NA
14469 234 NA
14470 234 NA
14471 234 NA
14472 234 NA
14473 234 NA
14474 234 NA
14475 234 NA
14476 234 NA
14477 234 NA
14478 234 NA
14479 234 NA
14480 234 NA
14481 234 NA
14482 234 NA
14483 234 NA
14484 234 NA
14485 234 NA
14486 234 NA
14487 234 NA
14488 234 NA
14489 219 NA
14490 209 NA
14491 202 NA
14492 192 NA
14493 186 NA
14494 167 NA
14495 167 NA
14496 156 NA
14497 148 NA
14498 143 NA
14499 139 NA
14500 137 NA
14501 134 NA
14502 138 NA
14503 146 NA
14504 148 NA
14505 148 NA
14506 150 NA
14507 142 NA
14508 138 NA
14509 140 NA
14510 141 NA
14511 146 NA
14512 151 NA
14513 151 NA
14514 153 NA
14515 150 NA
14516 149 NA
14517 153 NA
14518 153 NA
14519 154 NA
14520 154 NA
14521 148 NA
14522 131 NA
14523 131 NA
14524 131 NA
14525 135 NA
14526 133 NA
14527 131 NA
14528 130 NA
14529 130 NA
14530 137 NA
14531 137 NA
14532 131 NA
14533 137 NA
14534 137 NA
14535 142 NA
14536 140 NA
14537 141 NA
14538 136 NA
14539 136 NA
14540 135 NA
14541 140 NA
14542 133 NA
14543 128 NA
14544 128 NA
14545 128 NA
14546 128 NA
14547 132 NA
14548 131 NA
14549 133 NA
14550 128 NA
14551 128 NA
14552 126 NA
14553 124 NA
14554 124 NA
14555 129 NA
14556 129 NA
14557 130 NA
14558 132 NA
14559 131 NA
14560 131 NA
14561 132 NA
14562 135 NA
14563 139 NA
14564 142 NA
14565 138 NA
14566 142 NA
14567 142 NA
14568 145 NA
14569 147 NA
14570 139 NA
14571 139 NA
14572 144 NA
14573 143 NA
14574 143 NA
14575 147 NA
14576 145 NA
14577 138 NA
14578 134 NA
14579 134 NA
14580 132 NA
14581 134 NA
14582 132 NA
14583 132 NA
14584 123 NA
14585 123 NA
14586 123 NA
14587 127 NA
14588 136 NA
14589 136 NA
14590 140 NA
14591 144 NA
14592 148 NA
14593 152 NA
14594 158 NA
14595 155 NA
14596 155 NA
14597 155 NA
14598 156 NA
14599 148 NA
14600 148 NA
14601 145 NA
14602 141 NA
14603 136 NA
14604 139 NA
14605 140 NA
14606 140 NA
14607 149 NA
14608 149 NA
14609 150 NA
14610 151 NA
14611 151 NA
14612 151 NA
14613 150 NA
14614 155 NA
14615 155 NA
14616 160 NA
14617 162 NA
14618 160 NA
14619 161 NA
14620 161 NA
14621 160 NA
14622 160 NA
14623 167 NA
14624 167 NA
14625 174 NA
14626 181 NA
14627 181 NA
14628 193 NA
14629 193 NA
14630 197 NA
14631 206 NA
14632 206 NA
14633 202 NA
14634 202 NA
14635 197 NA
14636 197 NA
14637 198 NA
14638 191 NA
14639 184 NA
14640 177 NA
14641 175 NA
14642 175 NA
14643 172 NA
14644 172 NA
14645 177 NA
14646 181 NA
14647 179 NA
14648 174 NA
14649 174 NA
14650 170 NA
14651 172 NA
14652 176 NA
14653 176 NA
14654 171 NA
14655 171 NA
14656 171 NA
14657 172 NA
14658 180 NA
14659 183 NA
14660 183 NA
14661 189 NA
14662 197 NA
14663 197 NA
14664 196 NA
14665 189 NA
14666 184 NA
14667 184 NA
14668 182 NA
14669 187 NA
14670 183 NA
14671 185 NA
14672 181 NA
14673 181 NA
14674 187 NA
14675 181 NA
14676 185 NA
14677 186 NA
14678 191 NA
14679 191 NA
14680 196 NA
14681 189 NA
14682 187 NA
14683 183 NA
14684 183 NA
14685 177 NA
14686 172 NA
14687 168 NA
14688 162 NA
14689 159 NA
14690 161 NA
14691 167 NA
14692 167 NA
14693 173 NA
14694 178 NA
14695 178 NA
14696 178 NA
14697 172 NA
14698 175 NA
14699 173 NA
14700 176 NA
14701 179 NA
14702 180 NA
14703 179 NA
14704 179 NA
14705 185 NA
14706 185 NA
14707 183 NA
14708 181 NA
14709 181 NA
14710 177 NA
14711 174 NA
14712 185 NA
14713 185 NA
14714 188 NA
14715 188 NA
14716 188 NA
14717 189 NA
14718 196 NA
14719 196 NA
14720 197 NA
14721 197 NA
14722 201 NA
14723 201 NA
14724 202 NA
14725 198 NA
14726 204 NA
14727 208 NA
14728 208 NA
14729 202 NA
14730 195 NA
14731 189 NA
14732 180 NA
14733 180 NA
14734 189 NA
14735 189 NA
14736 189 NA
14737 189 NA
14738 175 NA
14739 175 NA
14740 168 NA
14741 167 NA
14742 167 NA
14743 171 NA
14744 169 NA
14745 165 NA
14746 170 NA
14747 167 NA
14748 159 NA
14749 159 NA
14750 155 NA
14751 156 NA
14752 157 NA
14753 160 NA
14754 158 NA
14755 164 NA
14756 164 NA
14757 166 NA
14758 156 NA
14759 157 NA
14760 158 NA
14761 152 NA
14762 150 NA
14763 150 NA
14764 154 NA
14765 159 NA
14766 164 NA
14767 167 NA
14768 166 NA
14769 164 NA
14770 171 NA
14771 178 NA
14772 178 NA
14773 182 NA
14774 178 NA
14775 180 NA
14776 180 NA
14777 180 NA
14778 182 NA
14779 182 NA
14780 177 NA
14781 176 NA
14782 175 NA
14783 175 NA
14784 170 NA
14785 170 NA
14786 178 NA
14787 182 NA
14788 186 NA
14789 190 NA
14790 193 NA
14791 193 NA
14792 197 NA
14793 201 NA
14794 206 NA
14795 191 NA
14796 191 NA
14797 183 NA
14798 179 NA
14799 185 NA
14800 185 NA
14801 188 NA
14802 195 NA
14803 199 NA
14804 199 NA
14805 201 NA
14806 201 NA
14807 203 NA
14808 205 NA
14809 205 NA
14810 195 NA
14811 195 NA
14812 188 NA
14813 180 NA
14814 180 NA
14815 177 NA
14816 175 NA
14817 180 NA
14818 185 NA
14819 188 NA
14820 188 NA
14821 189 NA
14822 189 NA
14823 194 NA
14824 194 NA
14825 189 NA
14826 187 NA
14827 188 NA
14828 191 NA
14829 199 NA
14830 202 NA
14831 203 NA
14832 191 NA
14833 191 NA
14834 189 NA
14835 181 NA
14836 176 NA
14837 175 NA
14838 180 NA
14839 180 NA
14840 184 NA
14841 184 NA
14842 189 NA
14843 188 NA
14844 195 NA
14845 204 NA
14846 208 NA
14847 211 NA
14848 206 NA
14849 206 NA
14850 199 NA
14851 192 NA
14852 196 NA
14853 196 NA
14854 204 NA
14855 201 NA
14856 201 NA
14857 204 NA
14858 204 NA
14859 186 NA
14860 186 NA
14861 182 NA
14862 175 NA
14863 170 NA
14864 168 NA
14865 163 NA
14866 159 NA
14867 159 NA
14868 163 NA
14869 161 NA
14870 169 NA
14871 169 NA
14872 172 NA
14873 172 NA
14874 173 NA
14875 173 NA
14876 177 NA
14877 179 NA
14878 183 NA
14879 184 NA
14880 185 NA
14881 185 NA
14882 183 NA
14883 183 NA
14884 180 NA
14885 179 NA
14886 181 NA
14887 178 NA
14888 181 NA
14889 186 NA
14890 198 NA
14891 198 NA
14892 196 NA
14893 186 NA
14894 186 NA
14895 183 NA
14896 180 NA
14897 183 NA
14898 183 NA
14899 185 NA
14900 187 NA
14901 194 NA
14902 194 NA
14903 189 NA
14904 189 NA
14905 196 NA
14906 186 NA
14907 182 NA
14908 182 NA
14909 177 NA
14910 175 NA
14911 169 NA
14912 171 NA
14913 175 NA
14914 177 NA
14915 177 NA
14916 182 NA
14917 176 NA
14918 175 NA
14920 175 NA
14921 169 NA
14922 170 NA
14923 170 NA
14924 167 NA
14925 169 NA
14926 174 NA
14927 174 NA
14928 176 NA
14929 176 NA
14930 167 NA
14931 167 NA
14932 172 NA
14933 173 NA
14934 172 NA
14935 172 NA
14936 174 NA
14937 175 NA
14938 178 NA
14939 179 NA
14940 180 NA
14941 173 NA
14942 173 NA
14943 169 NA
14944 171 NA
14945 172 NA
14946 172 NA
14947 173 NA
14948 176 NA
14949 182 NA
14950 182 NA
14951 187 NA
14952 183 NA
14953 183 NA
14954 184 NA
14955 182 NA
14956 175 NA
14957 174 NA
14958 173 NA
14959 174 NA
14960 177 NA
14961 177 NA
14962 168 NA
14963 168 NA
14964 167 NA
14965 156 NA
14966 157 NA
14967 161 NA
14968 161 NA
14969 158 NA
14970 161 NA
14971 168 NA
14972 172 NA
14973 174 NA
14974 173 NA
14975 173 NA
14976 167 NA
14979 166 NA
14981 165 NA
14983 168 NA
14984 169 NA
14985 169 NA
14986 176 NA
14987 178 NA
14988 181 NA
14990 176 NA
14991 172 NA
14992 168 NA
14993 172 NA
14995 170 NA
14996 184 NA
14998 186 NA
15001 183 NA
15003 177 NA
15004 172 NA
15005 167 NA
15007 168 NA
15008 159 NA
15009 156 NA
15011 162 NA
15013 166 NA
15014 166 NA
15016 174 NA
15018 175 NA
15019 177 NA
15020 186 NA
15021 186 NA
15023 194 NA
15025 194 NA
15026 196 NA
15028 199 NA
15029 200 NA
15031 206 NA
15032 210 NA
15033 209 NA
15035 208 NA
15036 204 NA
15038 204 NA
15039 198 NA
15040 197 NA
15042 202 NA
15044 211 NA
15046 205 NA
15047 199 NA
15048 205 NA
15049 205 NA
15050 211 NA
15052 211 NA
15054 210 NA
15055 211 NA
15060 208 NA
15061 206 NA
15063 209 NA
15064 199 NA
15066 194 NA
15067 195 NA
15068 190 NA
15069 195 NA
15072 206 NA
15073 200 NA
15076 203 NA
15078 195 NA
15080 195 NA
15081 189 NA
15082 186 NA
15084 181 NA
15085 180 NA
15086 178 NA
15087 174 NA
15088 169 NA
15089 171 NA
15090 165 NA
15091 168 NA
15092 174 NA
15094 175 NA
15095 179 NA
15096 181 NA
15097 176 NA
15098 171 NA
15100 176 NA
15101 176 NA
15103 180 NA
15104 178 NA
15106 173 NA
15107 176 NA
15109 181 NA
15110 182 NA
15112 188 NA
15114 185 NA
15115 189 NA
15116 192 NA
15119 180 NA
15120 181 NA
15121 179 NA
15122 175 NA
15123 178 NA
15124 176 NA
15125 174 NA
15128 172 NA
15130 178 NA
15131 182 NA
15132 181 NA
15133 182 NA
15135 182 NA
15136 179 NA
15137 180 NA
15138 177 NA
15140 184 NA
15142 181 NA
15143 184 NA
15144 188 NA
15145 186 NA
15147 180 NA
15148 182 NA
15149 187 NA
15150 187 NA
15151 184 NA
15152 188 NA
15154 183 NA
15156 193 NA
15157 188 NA
15158 189 NA
15159 191 NA
15160 189 NA
15161 186 NA
15163 189 NA
15164 194 NA
15165 192 NA
15166 196 NA
15167 191 NA
15168 189 NA
15170 191 NA
15172 196 NA
15173 194 NA
15175 185 NA
15177 194 NA
15178 195 NA
15179 199 NA
15180 197 NA
15181 194 NA
15182 192 NA
15185 197 NA
15186 193 NA
15187 192 NA
15189 191 NA
15190 186 NA
15191 183 NA
15192 192 NA
15193 200 NA
15194 205 NA
15196 200 NA
15197 195 NA
15199 191 NA
15204 190 NA
15207 187 NA
15208 192 NA
15210 193 NA
15212 195 NA
15214 186 NA
15215 189 NA
15217 198 NA
15219 200 NA
15220 199 NA
15221 200 NA
15222 198 NA
15224 191 NA
15226 199 NA
15227 200 NA
15228 195 NA
15229 191 NA
15231 196 NA
15232 200 NA
15233 195 NA
15235 200 NA
15240 202 NA
15242 199 NA
15243 194 NA
15244 197 NA
15245 201 NA
15248 196 NA
15249 196 NA
15250 193 NA
15252 197 NA
15254 201 NA
15256 204 NA
15257 197 NA
15258 199 NA
15259 201 NA
15261 206 NA
15263 213 NA
15264 215 NA
15265 218 NA
15266 215 NA
15268 205 NA
15270 214 NA
15271 207 NA
15273 196 NA
15275 201 NA
15277 197 NA
15280 188 NA
15281 194 NA
15282 196 NA
15283 200 NA
15284 198 NA
15287 196 NA
15291 176 NA
15294 171 NA
15296 167 NA
15297 168 NA
15299 161 NA
15302 151 NA
15304 151 NA
15306 149 NA
15307 149 NA
15310 135 NA
15312 138 NA
15313 142 NA
15314 143 NA
15315 138 NA
15316 134 NA
15317 131 NA
15318 125 NA
15319 121 NA
15320 115 NA
15321 115 NA
15322 118 NA
15323 121 NA
15324 122 NA
15325 120 NA
15326 119 NA
15327 120 NA
15328 122 NA
15329 121 NA
15330 119 NA
15331 118 NA
15332 116 NA
15333 114 NA
15334 114 NA
15335 113 NA
15336 110 NA
15337 106 NA
15338 105 NA
15339 106 NA
15340 105 NA
15341 101 NA
15342 105 NA
15343 110 NA
15344 114 NA
15345 114 NA
15346 112 NA
15347 114 NA
15348 114 NA
15349 115 NA
15350 115 NA
15351 116 NA
15352 118 NA
15353 118 NA
15354 120 NA
15355 118 NA
15356 120 NA
15357 117 NA
15358 115 NA
15359 117 NA
15360 119 NA
15361 119 NA
15362 116 NA
15363 120 NA
15364 119 NA
15365 119 NA
15366 124 NA
15367 123 NA
15368 119 NA
15369 119 NA
15370 123 NA
15371 128 NA
15372 130 NA
15373 133 NA
15374 132 NA
15375 130 NA
15376 126 NA
15377 127 NA
15378 126 NA
15379 124 NA
15380 129 NA
15381 133 NA
15382 136 NA
15383 135 NA
15384 137 NA
15385 141 NA
15386 143 NA
15387 145 NA
15388 147 NA
15389 137 NA
15390 140 NA
15391 143 NA
15392 145 NA
15393 151 NA
15394 155 NA
15395 157 NA
15396 156 NA
15397 160 NA
15398 163 NA
15399 163 NA
15400 164 NA
15401 160 NA
15402 159 NA
15403 160 NA
15404 161 NA
15405 161 NA
15406 163 NA
15407 169 NA
15408 167 NA
15409 163 NA
15410 154 NA
15411 154 NA
15412 161 NA
15413 165 NA
15414 169 NA
15415 173 NA
15416 177 NA
15417 175 NA
15418 170 NA
15419 173 NA
15420 174 NA
15421 175 NA
15422 171 NA
15423 167 NA
15424 163 NA
15425 159 NA
15426 155 NA
15427 154 NA
15428 155 NA
15429 153 NA
15430 154 NA
15431 159 NA
15432 160 NA
15433 162 NA
15434 166 NA
15435 168 NA
15436 166 NA
15437 161 NA
15438 159 NA
15439 155 NA
15440 153 NA
15441 151 NA
15442 154 NA
15443 156 NA
15444 163 NA
15445 167 NA
15446 164 NA
15447 164 NA
15448 167 NA
15449 166 NA
15450 167 NA
15451 159 NA
15452 154 NA
15453 150 NA
15454 150 NA
15455 154 NA
15456 156 NA
15457 157 NA
15458 161 NA
15459 157 NA
15460 158 NA
15461 160 NA
15462 159 NA
15463 161 NA
15464 160 NA
15465 160 NA
15466 158 NA
15467 157 NA
15468 156 NA
15469 158 NA
15470 160 NA
15471 163 NA
15472 169 NA
15473 173 NA
15474 174 NA
15475 179 NA
15476 183 NA
15477 189 NA
15478 191 NA
15479 195 NA
15480 194 NA
15481 196 NA
15482 202 NA
15483 200 NA
15484 196 NA
15485 201 NA
15486 201 NA
15487 194 NA
15488 190 NA
15489 187 NA
15490 190 NA
15491 193 NA
15492 194 NA
15493 200 NA
15494 204 NA
15495 204 NA
15496 204 NA
15497 203 NA
15498 196 NA
15499 199 NA
15500 205 NA
15501 204 NA
15502 205 NA
15503 202 NA
15504 194 NA
15505 191 NA
15506 191 NA
15507 190 NA
15508 185 NA
15509 177 NA
15510 171 NA
15511 178 NA
15512 182 NA
15513 188 NA
15514 188 NA
15515 186 NA
15516 185 NA
15517 183 NA
15518 181 NA
15519 180 NA
15520 177 NA
15521 183 NA
15522 181 NA
15523 181 NA
15524 182 NA
15525 179 NA
15526 175 NA
15527 176 NA
15528 177 NA
15529 175 NA
15530 178 NA
15531 181 NA
15532 182 NA
15533 181 NA
15534 180 NA
15535 182 NA
15536 181 NA
15537 177 NA
15538 172 NA
15539 171 NA
15540 176 NA
15541 180 NA
15542 180 NA
15543 186 NA
15544 189 NA
15545 193 NA
15546 194 NA
15547 190 NA
15548 188 NA
15549 188 NA
15550 190 NA
15551 195 NA
15552 199 NA
15553 197 NA
15554 203 NA
15555 207 NA
15556 209 NA
15557 202 NA
15558 203 NA
15559 202 NA
15560 204 NA
15561 204 NA
15562 199 NA
15563 193 NA
15564 194 NA
15565 193 NA
15566 194 NA
15567 196 NA
15568 196 NA
15569 194 NA
15570 194 NA
15571 194 NA
15572 195 NA
15573 187 NA
15574 184 NA
15575 186 NA
15576 193 NA
15577 198 NA
15578 199 NA
15579 196 NA
15580 191 NA
15581 194 NA
15582 197 NA
15583 193 NA
15584 195 NA
15585 196 NA
15586 194 NA
15587 192 NA
15588 188 NA
15589 191 NA
15590 194 NA
15591 188 NA
15592 188 NA
15593 194 NA
15594 194 NA
15595 192 NA
15596 194 NA
15597 192 NA
15598 190 NA
15599 191 NA
15600 196 NA
15601 198 NA
15602 193 NA
15603 198 NA
15604 197 NA
15605 194 NA
15606 189 NA
15607 192 NA
15608 194 NA
15609 195 NA
15610 198 NA
15611 197 NA
15612 192 NA
15613 187 NA
15614 194 NA
15615 196 NA
15616 201 NA
15617 197 NA
15618 202 NA
15619 203 NA
15620 205 NA
15621 201 NA
15622 199 NA
15623 196 NA
15624 196 NA
15625 201 NA
15626 208 NA
15627 206 NA
15628 205 NA
15629 209 NA
15630 208 NA
15631 206 NA
15632 200 NA
15633 206 NA
15634 206 NA
15635 203 NA
15636 199 NA
15637 199 NA
15638 202 NA
15639 205 NA
15640 208 NA
15641 209 NA
15642 204 NA
15643 198 NA
15644 197 NA
15645 199 NA
15646 201 NA
15647 203 NA
15648 199 NA
15649 202 NA
15650 204 NA
15651 205 NA
15652 207 NA
15653 208 NA
15654 210 NA
15655 211 NA
15656 213 NA
15657 214 NA
15658 217 NA
15659 217 NA
15660 212 NA
15661 204 NA
15662 204 NA
15663 202 NA
15664 208 NA
15665 212 NA
15666 212 NA
15667 212 NA
15668 213 NA
15669 211 NA
15670 214 NA
15671 215 NA
15672 214 NA
15673 207 NA
15674 206 NA
15675 215 NA
15676 215 NA
15677 212 NA
15678 208 NA
15679 208 NA
15680 204 NA
15681 200 NA
15682 196 NA
15683 200 NA
15684 200 NA
15685 203 NA
15686 200 NA
15687 205 NA
15688 205 NA
15689 208 NA
15690 210 NA
15691 208 NA
15692 205 NA
15693 203 NA
15694 199 NA
15695 201 NA
15696 193 NA
15697 184 NA
15698 188 NA
15699 193 NA
15700 200 NA
15701 206 NA
15702 215 NA
15703 221 NA
15704 221 NA
15705 227 NA
15706 223 NA
15707 211 NA
15708 203 NA
15709 197 NA
15710 193 NA
15711 188 NA
15712 182 NA
15713 173 NA
15714 171 NA
15715 170 NA
15716 172 NA
15717 167 NA
15718 162 NA
15719 161 NA
15720 169 NA
15721 172 NA
15722 173 NA
15723 175 NA
15724 180 NA
15725 180 NA
15726 178 NA
15727 176 NA
15728 177 NA
15729 180 NA
15730 185 NA
15731 190 NA
15732 190 NA
15733 188 NA
15734 190 NA
15735 194 NA
15736 192 NA
15737 188 NA
15738 179 NA
15739 179 NA
15740 178 NA
15741 184 NA
15742 187 NA
15743 191 NA
15744 194 NA
15745 196 NA
15746 198 NA
15747 194 NA
15748 199 NA
15749 202 NA
15750 206 NA
15751 205 NA
15752 198 NA
15753 196 NA
15754 190 NA
15755 190 NA
15756 193 NA
15757 191 NA
15758 194 NA
15759 195 NA
15760 191 NA
15761 189 NA
15762 184 NA
15763 184 NA
15764 181 NA
15765 177 NA
15766 176 NA
15767 180 NA
15768 182 NA
15769 185 NA
15770 193 NA
15771 190 NA
15772 189 NA
15773 192 NA
15774 190 NA
15775 185 NA
15776 187 NA
15777 189 NA
15778 191 NA
15779 193 NA
15780 192 NA
15781 192 NA
15782 193 NA
15783 194 NA
15784 193 NA
15785 187 NA
15786 187 NA
15787 184 NA
15788 187 NA
15789 192 NA
15790 190 NA
15791 192 NA
15792 189 NA
15793 186 NA
15794 184 NA
15795 185 NA
15796 186 NA
15797 190 NA
15798 190 NA
15799 190 NA
15800 190 NA
15801 190 NA
15802 190 NA
15803 190 NA
15804 190 NA
15805 189 NA
15806 194 NA
15807 192 NA
15808 189 NA
15809 192 NA
15810 192 NA
15811 193 NA
15812 197 NA
15813 195 NA
15814 198 NA
15815 198 NA
15816 199 NA
15817 200 NA
15818 203 NA
15819 197 NA
15820 196 NA
15821 196 NA
15822 196 NA
15823 188 NA
15824 188 NA
15825 187 NA
15826 186 NA
15827 184 NA
15828 188 NA
15829 189 NA
15830 188 NA
15831 188 NA
15832 191 NA
15833 196 NA
15834 194 NA
15835 189 NA
15836 187 NA
15837 188 NA
15838 193 NA
15839 195 NA
15840 194 NA
15841 191 NA
15842 190 NA
15843 190 NA
15844 192 NA
15845 186 NA
15846 189 NA
15847 196 NA
15848 195 NA
15849 198 NA
15850 199 NA
15851 198 NA
15852 196 NA
15853 196 NA
15854 197 NA
15855 196 NA
15856 195 NA
15857 195 NA
15858 195 NA
15859 194 NA
15860 194 NA
15861 190 NA
15862 183 NA
15863 178 NA
15864 174 NA
15865 169 NA
15866 164 NA
15867 168 NA
15868 169 NA
15869 170 NA
15870 162 NA
15871 162 NA
15872 169 NA
15873 171 NA
15874 175 NA
15875 173 NA
15876 176 NA
15877 176 NA
15878 176 NA
15879 178 NA
15880 178 NA
15881 176 NA
15882 168 NA
15883 162 NA
15884 163 NA
15885 162 NA
15886 162 NA
15887 159 NA
15888 160 NA
15889 160 NA
15890 166 NA
15891 167 NA
15892 163 NA
15893 163 NA
15894 165 NA
15895 162 NA
15896 170 NA
15897 165 NA
15898 165 NA
15899 167 NA
15900 171 NA
15901 172 NA
15902 170 NA
15903 171 NA
15904 171 NA
15905 172 NA
15906 173 NA
15907 173 NA
15908 174 NA
15909 174 NA
15910 173 NA
15911 171 NA
15912 171 NA
15913 173 NA
15914 176 NA
15915 184 NA
15916 182 NA
15917 179 NA
15918 170 NA
15919 166 NA
15920 166 NA
15921 165 NA
15922 159 NA
15923 161 NA
15924 166 NA
15925 166 NA
15926 163 NA
15927 165 NA
15928 159 NA
15929 151 NA
15930 144 NA
15931 137 NA
15932 132 NA
15933 130 NA
15934 130 NA
15935 129 NA
15936 127 NA
15937 125 NA
15938 122 NA
15939 120 NA
15940 122 NA
15941 124 NA
15942 123 NA
15943 123 NA
15944 119 NA
15945 122 NA
15946 122 NA
15947 124 NA
15948 122 NA
15949 122 NA
15950 122 NA
15951 126 NA
15952 126 NA
15953 128 NA
15954 130 NA
15955 130 NA
15956 129 NA
15957 134 NA
15958 138 NA
15959 140 NA
15960 145 NA
15961 145 NA
15962 151 NA
15963 150 NA
15964 152 NA
15965 152 NA
15966 150 NA
15967 147 NA
15968 147 NA
15969 142 NA
15970 139 NA
15971 136 NA
15972 135 NA
15973 135 NA
15974 135 NA
15975 138 NA
15976 138 NA
15977 140 NA
15978 141 NA
15979 146 NA
15980 146 NA
15981 151 NA
15982 148 NA
15983 144 NA
15984 144 NA
15985 138 NA
15986 136 NA
15987 134 NA
15988 132 NA
15989 131 NA
15990 129 NA
15991 127 NA
15992 125 NA
15993 123 NA
15994 118 NA
15995 118 NA
15996 114 NA
15997 118 NA
15998 119 NA
15999 121 NA
16000 119 NA
16001 119 NA
16002 118 NA
16003 119 NA
16004 119 NA
16005 120 NA
16006 121 NA
16007 118 NA
16008 120 NA
16009 120 NA
16010 118 NA
16011 117 NA
16012 116 NA
16013 113 NA
16014 113 NA
16015 113 NA
16016 113 NA
16017 111 NA
16018 111 NA
16019 107 NA
16020 104 NA
16021 107 NA
16022 108 NA
16023 110 NA
16024 109 NA
16025 114 NA
16026 113 NA
16027 113 NA
16028 110 NA
16029 106 NA
16030 104 NA
16031 102 NA
16032 99 NA
16033 99 NA
16034 96 NA
16035 96 NA
16036 96 NA
16037 96 NA
16038 96 NA
16039 96 NA
16040 96 NA
16041 96 NA
16042 96 NA
16043 94 NA
16044 91 NA
16045 93 NA
16046 94 NA
16047 98 NA
16048 100 NA
16049 102 NA
16050 100 NA
16051 104 NA
16052 105 NA
16053 103 NA
16054 99 NA
16055 98 NA
16056 99 NA
16057 99 NA
16058 99 NA
16059 97 NA
16060 95 NA
16061 93 NA
16062 90 NA
16063 89 NA
16064 87 NA
16065 88 NA
16066 87 NA
16067 89 NA
16068 92 NA
16069 91 NA
16070 93 NA
16071 93 NA
16072 93 NA
16073 94 NA
16074 94 NA
16075 92 NA
16076 93 NA
16077 96 NA
16078 97 NA
16079 93 NA
16080 89 NA
16081 92 NA
16082 92 NA
16083 96 NA
16084 99 NA
16085 100 NA
16086 99 NA
16087 100 NA
16088 100 NA
16089 100 NA
16090 97 NA
16091 96 NA
16092 93 NA
16093 94 NA
16094 92 NA
16095 90 NA
16096 91 NA
16097 88 NA
16098 85 NA
16099 83 NA
16100 82 NA
16101 85 NA
16102 86 NA
16103 85 NA
16104 82 NA
16105 82 NA
16106 81 NA
16107 81 NA
16108 81 NA
16109 81 NA
16110 77 NA
16111 74 NA
16112 75 NA
16113 77 NA
16114 78 NA
16115 80 NA
16116 82 NA
16117 82 NA
16118 81 NA
16119 81 NA
16120 80 NA
16121 80 NA
16122 82 NA
16123 82 NA
16124 81 NA
16125 81 NA
16126 77 NA
16127 77 NA
16128 77 NA
16129 77 NA
16130 76 NA
16131 75 NA
16132 75 NA
16133 75 NA
16134 77 NA
16135 75 NA
16136 76 NA
16137 75 NA
16138 75 NA
16139 76 NA
16140 76 NA
16141 75 NA
16142 76 NA
16143 77 NA
16144 79 NA
16145 79 NA
16146 81 NA
16147 82 NA
16148 80 NA
16149 82 NA
16150 82 NA
16151 82 NA
16152 82 NA
16153 85 NA
16154 88 NA
16155 90 NA
16156 90 NA
16157 92 NA
16158 93 NA
16159 97 NA
16160 101 NA
16161 97 NA
16162 100 NA
16163 97 NA
16164 99 NA
16165 99 NA
16166 101 NA
16167 104 NA
16168 104 NA
16169 104 NA
16170 102 NA
16171 102 NA
16172 105 NA
16173 106 NA
16174 104 NA
16175 103 NA
16176 104 NA
16177 105 NA
16178 105 NA
16179 105 NA
16180 102 NA
16181 102 NA
16182 105 NA
16183 109 NA
16184 109 NA
16185 109 NA
16186 110 NA
16187 112 NA
16188 110 NA
16189 109 NA
16190 111 NA
16191 110 NA
16192 111 NA
16193 111 NA
16194 113 NA
16195 115 NA
16196 117 NA
16197 120 NA
16198 123 NA
16199 123 NA
16200 127 NA
16201 127 NA
16202 125 NA
16203 122 NA
16204 120 NA
16205 120 NA
16206 120 NA
16207 120 NA
16208 124 NA
16209 127 NA
16210 128 NA
16211 128 NA
16212 124 NA
16213 124 NA
16214 125 NA
16215 126 NA
16216 124 NA
16217 126 NA
16218 126 NA
16219 129 NA
16220 129 NA
16221 133 NA
16222 137 NA
16223 136 NA
16224 136 NA
16225 133 NA
16226 132 NA
16227 136 NA
16228 139 NA
16229 139 NA
16230 140 NA
16231 141 NA
16232 143 NA
16233 144 NA
16234 147 NA
16235 150 NA
16236 152 NA
16237 153 NA
16238 154 NA
16239 155 NA
16240 155 NA
16241 149 NA
16242 143 NA
16243 138 NA
16244 132 NA
16245 127 NA
16246 124 NA
16247 122 NA
16248 119 NA
16249 115 NA
16250 113 NA
16251 111 NA
16252 112 NA
16253 117 NA
16254 118 NA
16255 123 NA
16256 128 NA
16257 128 NA
16258 131 NA
16259 132 NA
16260 133 NA
16261 134 NA
16262 127 NA
16263 123 NA
16264 116 NA
16265 111 NA
16266 109 NA
16267 106 NA
16268 105 NA
16269 103 NA
16270 101 NA
16271 101 NA
16272 103 NA
16273 106 NA
16274 108 NA
16275 111 NA
16276 111 NA
16277 112 NA
16278 116 NA
16279 117 NA
16280 122 NA
16281 124 NA
16282 123 NA
16283 127 NA
16284 130 NA
16285 134 NA
16286 129 NA
16287 122 NA
16288 121 NA
16289 121 NA
16290 126 NA
16291 132 NA
16292 135 NA
16293 134 NA
16294 136 NA
16295 132 NA
16296 129 NA
16297 129 NA
16298 125 NA
16299 122 NA
16300 122 NA
16301 119 NA
16302 114 NA
16303 112 NA
16304 107 NA
16305 105 NA
16306 103 NA
16307 101 NA
16308 100 NA
16309 102 NA
16310 102 NA
16311 101 NA
16312 105 NA
16313 105 NA
16314 107 NA
16315 107 NA
16316 109 NA
16317 111 NA
16318 110 NA
16319 108 NA
16320 106 NA
16321 103 NA
16322 106 NA
16323 104 NA
16324 105 NA
16325 107 NA
16326 105 NA
16327 104 NA
16328 105 NA
16329 104 NA
16330 106 NA
16331 106 NA
16332 106 NA
16333 108 NA
16334 109 NA
16335 107 NA
16336 111 NA
16337 112 NA
16338 111 NA
16339 109 NA
16340 109 NA
16341 108 NA
16342 110 NA
16343 112 NA
16344 111 NA
16345 112 NA
16346 111 NA
16347 110 NA
16348 105 NA
16349 102 NA
16350 105 NA
16351 109 NA
16352 111 NA
16353 111 NA
16354 111 NA
16355 111 NA
16356 111 NA
16357 111 NA
16358 111 NA
16359 110 NA
16360 111 NA
16361 109 NA
16362 107 NA
16363 107 NA
16364 108 NA
16365 107 NA
16366 107 NA
16367 106 NA
16368 106 NA
16369 109 NA
16370 108 NA
16371 108 NA
16372 107 NA
16373 106 NA
16374 106 NA
16375 104 NA
16376 102 NA
16377 98 NA
16378 97 NA
16379 97 NA
16380 97 NA
16381 99 NA
16382 97 NA
16383 100 NA
16384 100 NA
16385 99 NA
16386 96 NA
16387 93 NA
16388 94 NA
16389 95 NA
16390 95 NA
16391 95 NA
16392 96 NA
16393 96 NA
16394 97 NA
16395 98 NA
16396 99 NA
16397 99 NA
16398 99 NA
16399 99 NA
16400 100 NA
16401 98 NA
16402 99 NA
16403 99 NA
16404 99 NA
16405 98 NA
16406 99 NA
16407 100 NA
16408 100 NA
16409 101 NA
16410 102 NA
16411 103 NA
16412 105 NA
16413 103 NA
16414 103 NA
16415 101 NA
16416 100 NA
16417 101 NA
16418 101 NA
16419 106 NA
16420 109 NA
16421 110 NA
16422 106 NA
16423 105 NA
16424 107 NA
16425 107 NA
16426 104 NA
16427 108 NA
16428 103 NA
16429 97 NA
16430 95 NA
16431 92 NA
16432 92 NA
16433 92 NA
16434 92 NA
16435 93 NA
16436 92 NA
16437 93 NA
16438 91 NA
16439 91 NA
16440 90 NA
16441 88 NA
16442 88 NA
16443 89 NA
16444 92 NA
16445 94 NA
16446 93 NA
16447 94 NA
16448 90 NA
16449 94 NA
16450 94 NA
16451 94 NA
16452 95 NA
16453 93 NA
16454 93 NA
16455 93 NA
16456 93 NA
16457 94 NA
16458 95 NA
16459 96 NA
16460 95 NA
16461 94 NA
16462 96 NA
16463 100 NA
16464 103 NA
16465 107 NA
16466 107 NA
16467 110 NA
16468 113 NA
16469 117 NA
16470 116 NA
16471 117 NA
16472 117 NA
16473 117 NA
16474 113 NA
16475 110 NA
16476 108 NA
16477 111 NA
16478 112 NA
16479 113 NA
16480 112 NA
16481 111 NA
16482 111 NA
16483 111 NA
16484 112 NA
16485 112 NA
16486 112 NA
16487 110 NA
16488 108 NA
16489 108 NA
16490 109 NA
16491 109 NA
16492 108 NA
16493 108 NA
16494 110 NA
16495 109 NA
16496 110 NA
16497 108 NA
16498 110 NA
16499 111 NA
16500 109 NA
16501 110 NA
16502 112 NA
16503 111 NA
16504 109 NA
16505 108 NA
16506 108 NA
16507 108 NA
16508 107 NA
16509 106 NA
16510 108 NA
16511 108 NA
16512 110 NA
16513 110 NA
16514 112 NA
16515 112 NA
16516 112 NA
16517 112 NA
16518 111 NA
16519 111 NA
16520 112 NA
16521 113 NA
16522 113 NA
16523 111 NA
16524 112 NA
16525 111 NA
16526 112 NA
16527 112 NA
16528 111 NA
16529 113 NA
16530 113 NA
16531 112 NA
16532 114 NA
16533 114 NA
16534 116 NA
16535 113 NA
16536 116 NA
16537 116 NA
16538 116 NA
16539 115 NA
16540 117 NA
16541 117 NA
16542 117 NA
16543 115 NA
16544 117 NA
16545 116 NA
16546 116 NA
16547 116 NA
16548 118 NA
16549 118 NA
16550 117 NA
16551 120 NA
16552 120 NA
16553 120 NA
16554 120 NA
16555 122 NA
16556 122 NA
16557 121 NA
16558 121 NA
16559 124 NA
16560 127 NA
16561 127 NA
16562 127 NA
16563 129 NA
16564 129 NA
16565 130 NA
16566 133 NA
16567 130 NA
16568 132 NA
16569 132 NA
16570 130 NA
16571 130 NA
16572 125 NA
16573 125 NA
16574 125 NA
16575 125 NA
16576 125 NA
16577 122 NA
16578 122 NA
16579 125 NA
16580 125 NA
16581 125 NA
16582 127 NA
16583 131 NA
16584 131 NA
16585 131 NA
16586 132 NA
16587 128 NA
16588 130 NA
16589 130 NA
16590 131 NA
16591 128 NA
16592 129 NA
16593 129 NA
16594 126 NA
16595 125 NA
16596 125 NA
16597 126 NA
16598 127 NA
16599 127 NA
16600 127 NA
16601 127 NA
16602 127 NA
16603 127 NA
16604 127 NA
16605 127 NA
16606 127 NA
16607 124 NA
16608 124 NA
16609 124 NA
16610 124 NA
16611 123 NA
16612 122 NA
16613 122 NA
16614 123 NA
16615 120 NA
16616 120 NA
16617 120 NA
16618 120 NA
16619 120 NA
16620 122 NA
16621 122 NA
16622 124 NA
16623 124 NA
16624 123 NA
16625 122 NA
16626 120 NA
16627 120 NA
16628 119 NA
16629 120 NA
16630 120 NA
16631 122 NA
16632 120 NA
16633 120 NA
16634 120 NA
16635 121 NA
16636 122 NA
16637 122 NA
16638 119 NA
16639 122 NA
16640 122 NA
16641 120 NA
16642 120 NA
16643 116 NA
16644 116 NA
16645 110 NA
16646 105 NA
16647 105 NA
16648 103 NA
16649 103 NA
16650 100 NA
16651 99 NA
16652 99 NA
16653 99 NA
16654 102 NA
16655 102 NA
16656 101 NA
16657 101 NA
16658 102 NA
16659 102 NA
16660 101 NA
16661 101 NA
16662 104 NA
16663 104 NA
16665 104 NA
16666 106 NA
16668 106 NA
16669 106 NA
16670 107 NA
16671 108 NA
16672 109 NA
16673 109 NA
16674 108 NA
16675 106 NA
16676 106 NA
16677 103 NA
16678 106 NA
16679 106 NA
16680 104 NA
16681 103 NA
16682 103 NA
16683 100 NA
16684 100 NA
16685 100 NA
16686 101 NA
16687 100 NA
16688 100 NA
16689 99 NA
16690 99 NA
16691 101 NA
16692 96 NA
16693 96 NA
16694 98 NA
16695 100 NA
16696 100 NA
16697 101 NA
16698 101 NA
16699 100 NA
16700 100 NA
16701 98 NA
16702 98 NA
16703 101 NA
16704 101 NA
16705 100 NA
16706 103 NA
16707 104 NA
16708 104 NA
16709 106 NA
16710 106 NA
16711 107 NA
16712 107 NA
16715 108 NA
16717 108 NA
16719 111 NA
16720 111 NA
16721 108 NA
16722 106 NA
16723 106 NA
16724 107 NA
16725 107 NA
16726 107 NA
16727 107 NA
16728 109 NA
16730 109 NA
16731 112 NA
16732 117 NA
16733 119 NA
16734 119 NA
16735 118 NA
16736 121 NA
16737 121 NA
16738 118 NA
16739 118 NA
16740 118 NA
16741 118 NA
16742 121 NA
16743 121 NA
16744 121 NA
16745 122 NA
16746 123 NA
16747 123 NA
16748 123 NA
16749 124 NA
16750 126 NA
16751 126 NA
16752 126 NA
16753 126 NA
16754 125 NA
16755 125 NA
16756 125 NA
16757 125 NA
16759 125 NA
16760 127 NA
16761 127 NA
16762 127 NA
16763 124 NA
16764 123 NA
16765 123 NA
16766 123 NA
16767 123 NA
16768 120 NA
16769 123 NA
16770 123 NA
16771 125 NA
16772 125 NA
16773 125 NA
16774 125 NA
16775 125 NA
16776 125 NA
16777 127 NA
16778 127 NA
16779 128 NA
16780 127 NA
16781 129 NA
16782 122 NA
16783 122 NA
16784 122 NA
16785 122 NA
16786 124 NA
16787 124 NA
16788 125 NA
16789 125 NA
16790 124 NA
16791 120 NA
16792 120 NA
16793 126 NA
16794 130 NA
16795 130 NA
16796 129 NA
16797 128 NA
16798 129 NA
16799 129 NA
16800 130 NA
16801 130 NA
16802 133 NA
16803 131 NA
16804 128 NA
16805 128 NA
16807 130 NA
16808 131 NA
16809 131 NA
16810 135 NA
16811 131 NA
16812 131 NA
16813 129 NA
16814 129 NA
16815 130 NA
16816 131 NA
16817 135 NA
16818 135 NA
16820 135 NA
16821 140 NA
16822 146 NA
16823 146 NA
16824 151 NA
16825 155 NA
16826 163 NA
16827 172 NA
16828 180 NA
16829 189 NA
16830 199 NA
16831 209 NA
16832 209 NA
16833 220 NA
16834 243 NA
16835 255 NA
16836 268 NA
16837 281 NA
16838 296 NA
16839 311 NA
16840 327 NA
16841 344 NA
16842 355 NA
16843 373 NA
16844 392 NA
16845 412 NA
16847 454 NA
16849 500 NA
16850 500 NA
16851 525 NA
16852 552 NA
16853 552 NA
16854 608 NA
16855 639 NA
16856 671 NA
16857 680 NA
16858 713 NA
16859 738 NA
16860 745 NA
16861 776 NA
16862 813 NA
16863 854 NA
16864 894 NA
16865 939 NA
16866 979 NA
16867 1018 NA
16869 1015 NA
16870 1015 NA
16871 982 NA
16872 1024 NA
16873 1061 NA
16874 1062 NA
16875 1111 NA
16876 1146 NA
16878 1246 NA
16879 1292 NA
16880 1330 NA
16881 1390 NA
16884 1510 NA
16885 1535 NA
16886 1562 NA
16887 1551 NA
16888 1595 NA
16889 1585 NA
16890 1614 NA
16892 1587 NA
16893 1540 NA
16894 1477 NA
16895 1509 NA
16896 1538 NA
16897 1535 NA
16898 1526 NA
16899 1526 NA
16900 1526 NA
16901 1516 NA
16902 1482 NA
16903 1481 NA
16904 1448 NA
16905 1405 NA
16906 1405 NA
16907 1346 NA
16908 1295 NA
16909 1237 NA
16910 1175 NA
16911 1123 NA
16912 1070 NA
16913 1045 NA
16914 1045 NA
16915 1015 NA
16916 1015 NA
16917 962 NA
16918 955 NA
16919 921 NA
16920 941 NA
16921 950 NA
16922 950 NA
16923 975 NA
16924 1006 NA
16925 1028 NA
16926 1011 NA
16927 1020 NA
16928 1004 NA
16929 1004 NA
16930 983 NA
16931 983 NA
16932 969 NA
16933 969 NA
16934 987 NA
16935 1018 NA
16937 1034 NA
16938 1072 NA
16939 1057 NA
16940 1090 NA
16941 1113 NA
16942 1123 NA
16943 1146 NA
16944 1146 NA
16945 1130 NA
16946 1123 NA
16949 1161 NA
16950 1125 NA
16951 1096 NA
16952 1126 NA
16953 1132 NA
16954 1133 NA
16955 1103 NA
16956 1072 NA
16957 1072 NA
16958 1103 NA
16959 1106 NA
16960 1134 NA
16967 1076 NA
16968 1061 NA
16969 1007 NA
16970 997 NA
16971 997 NA
16972 1039 NA
16974 1058 NA
16975 1097 NA
16976 1141 NA
16977 1141 NA
16978 1142 NA
16979 1142 NA
16980 1095 NA
16981 1040 NA
16982 1035 NA
16984 1072 NA
16985 1072 NA
16986 1035 NA
16987 1036 NA
16988 1052 NA
16989 1091 NA
16990 1104 NA
16991 1154 NA
16992 1183 NA
16993 1160 NA
16994 1160 NA
16999 1203 NA
17000 1217 NA
17001 1234 NA
17006 1191 NA
17007 1191 NA
17014 1252 NA
17015 1256 NA
17016 1249 NA
17017 1249 NA
17018 1242 NA
17019 1231 NA
17020 1231 NA
17021 1231 NA
17022 1175 NA
17023 1204 NA
17024 1204 NA
17025 1193 NA
17026 1177 NA
17027 1177 NA
17028 1206 NA
17029 1206 NA
17031 1188 NA
17032 1188 NA
17033 1201 NA
17034 1201 NA
17035 1201 NA
17036 1179 NA
17037 1186 NA
17038 1186 NA
17039 1173 NA
17040 1173 NA
17042 1206 NA
17044 1237 NA
17045 1236 NA
17046 1236 NA
17047 1258 NA
17048 1258 NA
17049 1267 NA
17050 1308 NA
17051 1299 NA
17052 1311 NA
17053 1311 NA
17054 1358 NA
17055 1363 NA
17056 1398 NA
17057 1398 NA
17058 1414 NA
17059 1402 NA
17060 1402 NA
17061 1430 NA
17062 1385 NA
17063 1359 NA
17064 1383 NA
17069 1304 NA
17070 1272 NA
17071 1272 NA
17072 1284 NA
17073 1267 NA
17075 1265 NA
17076 1241 NA
17077 1241 NA
17078 1227 NA
17079 1240 NA
17080 1244 NA
17081 1244 NA
17083 1225 NA
17084 1225 NA
17085 1244 NA
17086 1198 NA
17087 1138 NA
17088 1126 NA
17089 1138 NA
17091 1127 NA
17092 1127 NA
17093 1120 NA
17094 1120 NA
17095 1114 NA
17096 1103 NA
17097 1092 NA
17098 1096 NA
17099 1096 NA
17100 1101 NA
17101 1101 NA
17102 1101 NA
17103 1101 NA
17104 1111 NA
17105 1111 NA
17106 1128 NA
17107 1128 NA
17108 1116 NA
17109 1104 NA
17110 1104 NA
17111 1096 NA
17112 1096 NA
17113 1065 NA
17114 1049 NA
17115 1049 NA
17117 954 NA
17118 970 NA
17119 970 NA
17123 1013 NA
17124 996 NA
17125 1001 NA
17126 1027 NA
17127 1027 NA
17129 1088 NA
17130 1102 NA
17131 1102 NA
17132 1103 NA
17133 1103 NA
17134 1142 NA
17135 1173 NA
17136 1190 NA
17138 1187 NA
17139 1166 NA
17140 1193 NA
17141 1247 NA
17142 1247 NA
17143 1229 NA
17144 1218 NA
17145 1243 NA
17146 1243 NA
17147 1247 NA
17148 1241 NA
17149 1251 NA
