"Index" "Price" "Volume"
14019 285 NA
14020 285 NA
14021 294 NA
14022 294 NA
14023 294 NA
14024 294 NA
14025 303 NA
14026 303 NA
14027 303 NA
14028 303 NA
14029 303 NA
14030 303 NA
14031 300 NA
14032 300 NA
14033 300 NA
14034 300 NA
14035 300 NA
14036 298 NA
14037 298 NA
14038 298 NA
14039 288 NA
14040 288 NA
14041 288 NA
14042 277 NA
14043 277 NA
14044 277 NA
14045 270 NA
14046 270 NA
14047 270 NA
14048 270 NA
14049 256 NA
14050 256 NA
14051 256 NA
14052 256 NA
14053 243 NA
14054 243 NA
14055 243 NA
14056 235 NA
14057 235 NA
14058 235 NA
14059 226 NA
14060 226 NA
14061 226 NA
14062 221 NA
14063 221 NA
14064 221 NA
14065 221 NA
14066 221 NA
14067 213 NA
14068 213 NA
14069 210 NA
14070 210 NA
14071 210 NA
14072 210 NA
14073 209 NA
14074 209 NA
14075 209 NA
14076 202 NA
14077 202 NA
14078 202 NA
14079 193 NA
14080 193 NA
14081 193 NA
14082 188 NA
14083 188 NA
14084 188 NA
14085 182 NA
14086 182 NA
14087 182 NA
14088 182 NA
14089 182 NA
14090 182 NA
14091 182 NA
14092 182 NA
14093 182 NA
14094 184 NA
14095 184 NA
14096 184 NA
14097 184 NA
14098 184 NA
14099 184 NA
14100 184 NA
14101 184 NA
14102 192 NA
14103 192 NA
14104 192 NA
14105 196 NA
14106 196 NA
14107 196 NA
14108 196 NA
14109 196 NA
14110 199 NA
14111 199 NA
14112 199 NA
14113 204 NA
14114 204 NA
14115 204 NA
14116 207 NA
14117 207 NA
14118 207 NA
14119 200 NA
14120 200 NA
14121 199 NA
14122 199 NA
14123 199 NA
14124 193 NA
14125 193 NA
14126 193 NA
14127 194 NA
14128 194 NA
14129 194 NA
14130 195 NA
14131 195 NA
14132 195 NA
14133 195 NA
14134 195 NA
14135 199 NA
14136 199 NA
14137 199 NA
14138 199 NA
14139 199 NA
14140 199 NA
14141 193 NA
14142 193 NA
14143 193 NA
14144 194 NA
14145 194 NA
14146 194 NA
14147 198 NA
14148 198 NA
14149 198 NA
14150 198 NA
14151 203 NA
14152 203 NA
14153 203 NA
14154 206 NA
14155 206 NA
14156 198 NA
14157 198 NA
14158 198 NA
14159 198 NA
14160 198 NA
14161 198 NA
14162 198 NA
14163 202 NA
14164 202 NA
14165 202 NA
14166 206 NA
14167 206 NA
14168 206 NA
14169 206 NA
14170 211 NA
14171 211 NA
14172 211 NA
14173 219 NA
14174 219 NA
14175 219 NA
14176 219 NA
14177 224 NA
14178 224 NA
14179 224 NA
14180 231 NA
14181 231 NA
14182 231 NA
14183 228 NA
14184 228 NA
14185 230 NA
14186 230 NA
14187 235 NA
14188 235 NA
14189 235 NA
14190 235 NA
14191 246 NA
14192 246 NA
14193 242 NA
14194 242 NA
14195 242 NA
14196 242 NA
14197 247 NA
14198 247 NA
14199 257 NA
14200 257 NA
14201 257 NA
14202 257 NA
14203 269 NA
14204 269 NA
14205 269 NA
14206 276 NA
14207 276 NA
14208 276 NA
14209 276 NA
14210 271 NA
14211 271 NA
14212 271 NA
14213 280 NA
14214 280 NA
14215 292 NA
14216 292 NA
14217 292 NA
14218 292 NA
14219 299 NA
14220 299 NA
14221 312 NA
14222 312 NA
14223 312 NA
14224 313 NA
14225 313 NA
14226 313 NA
14227 319 NA
14228 319 NA
14229 319 NA
14230 308 NA
14231 308 NA
14232 303 NA
14233 303 NA
14234 303 NA
14235 289 NA
14236 286 NA
14237 286 NA
14238 286 NA
14239 287 NA
14240 287 NA
14241 280 NA
14242 280 NA
14243 288 NA
14244 288 NA
14245 288 NA
14246 297 NA
14247 297 NA
14248 290 NA
14249 290 NA
14250 290 NA
14251 281 NA
14252 281 NA
14253 281 NA
14254 285 NA
14255 285 NA
14256 299 NA
14257 299 NA
14258 299 NA
14259 306 NA
14260 306 NA
14261 311 NA
14262 323 NA
14263 323 NA
14264 323 NA
14265 325 NA
14266 325 NA
14267 325 NA
14268 325 NA
14269 314 NA
14270 314 NA
14271 305 NA
14272 314 NA
14273 314 NA
14274 314 NA
14275 303 NA
14276 303 NA
14277 303 NA
14278 298 NA
14279 298 NA
14280 304 NA
14281 304 NA
14282 303 NA
14283 303 NA
14284 303 NA
14285 300 NA
14286 300 NA
14287 300 NA
14288 306 NA
14289 306 NA
14290 300 NA
14291 300 NA
14292 285 NA
14293 285 NA
14294 280 NA
14295 280 NA
14296 269 NA
14297 269 NA
14298 278 NA
14299 278 NA
14300 278 NA
14301 281 NA
14302 284 NA
14303 284 NA
14304 283 NA
14305 283 NA
14306 283 NA
14307 278 NA
14308 278 NA
14309 278 NA
14310 285 NA
14311 285 NA
14312 279 NA
14313 279 NA
14314 279 NA
14315 285 NA
14316 285 NA
14317 285 NA
14318 275 NA
14319 275 NA
14320 278 NA
14321 278 NA
14322 291 NA
14323 291 NA
14324 291 NA
14325 291 NA
14326 291 NA
14327 291 NA
14328 299 NA
14329 299 NA
14330 304 NA
14331 304 NA
14332 302 NA
14333 302 NA
14334 302 NA
14335 315 NA
14336 315 NA
14337 315 NA
14338 302 NA
14339 302 NA
14340 302 NA
14341 286 NA
14342 286 NA
14343 271 NA
14344 271 NA
14345 257 NA
14346 257 NA
14347 244 NA
14348 244 NA
14349 244 NA
14350 244 NA
14351 244 NA
14352 252 NA
14353 252 NA
14354 252 NA
14355 264 NA
14356 264 NA
14357 269 NA
14358 269 NA
14359 280 NA
14360 280 NA
14361 285 NA
14362 285 NA
14363 293 NA
14364 293 NA
14365 293 NA
14366 292 NA
14367 277 NA
14368 277 NA
14369 277 NA
14370 271 NA
14371 271 NA
14372 277 NA
14373 277 NA
14374 277 NA
14375 264 NA
14376 264 NA
14377 260 NA
14378 260 NA
14379 267 NA
14380 267 NA
14381 267 NA
14382 276 NA
14383 276 NA
14384 282 NA
14385 282 NA
14386 282 NA
14387 283 NA
14388 283 NA
14389 283 NA
14390 283 NA
14391 283 NA
14392 281 NA
14393 281 NA
14394 280 NA
14395 282 NA
14396 282 NA
14397 294 NA
14398 294 NA
14399 296 NA
14400 296 NA
14401 296 NA
14402 281 NA
14403 281 NA
14404 273 NA
14405 260 NA
14406 260 NA
14407 257 NA
14408 257 NA
14409 257 NA
14410 255 NA
14411 255 NA
14412 265 NA
14413 268 NA
14414 268 NA
14415 268 NA
14416 270 NA
14417 270 NA
14418 256 NA
14419 244 NA
14420 244 NA
14421 244 NA
14422 239 NA
14423 236 NA
14424 236 NA
14425 236 NA
14426 238 NA
14428 241 NA
14429 254 NA
14430 254 NA
14431 262 NA
14432 262 NA
14433 267 NA
14434 267 NA
14435 267 NA
14436 272 NA
14437 272 NA
14438 277 NA
14439 277 NA
14440 286 NA
14441 286 NA
14442 299 NA
14443 299 NA
14444 293 NA
14445 293 NA
14446 306 NA
14447 297 NA
14448 297 NA
14449 297 NA
14450 285 NA
14451 285 NA
14452 279 NA
14453 279 NA
14454 281 NA
14455 281 NA
14456 291 NA
14457 291 NA
14458 298 NA
14459 301 NA
14460 301 NA
14461 307 NA
14462 307 NA
14463 296 NA
14464 296 NA
14465 286 NA
14466 286 NA
14467 276 NA
14468 276 NA
14469 263 NA
14470 263 NA
14471 254 NA
14472 254 NA
14473 254 NA
14474 256 NA
14475 252 NA
14476 252 NA
14477 247 NA
14478 247 NA
14479 247 NA
14480 248 NA
14481 258 NA
14482 258 NA
14483 265 NA
14484 265 NA
14485 265 NA
14486 274 NA
14487 274 NA
14488 274 NA
14489 284 NA
14490 284 NA
14491 284 NA
14492 288 NA
14493 288 NA
14494 289 NA
14495 289 NA
14496 295 NA
14497 295 NA
14498 295 NA
14499 309 NA
14500 309 NA
14501 317 NA
14502 317 NA
14503 319 NA
14504 319 NA
14505 319 NA
14506 334 NA
14507 334 NA
14508 332 NA
14509 332 NA
14510 331 NA
14511 331 NA
14512 335 NA
14513 335 NA
14514 343 NA
14515 343 NA
14516 343 NA
14517 354 NA
14518 354 NA
14519 368 NA
14520 368 NA
14521 363 NA
14522 363 NA
14523 363 NA
14524 357 NA
14525 357 NA
14526 353 NA
14527 353 NA
14528 359 NA
14529 359 NA
14530 361 NA
14531 361 NA
14532 363 NA
14533 363 NA
14534 363 NA
14535 363 NA
14536 354 NA
14537 354 NA
14538 354 NA
14539 354 NA
14540 366 NA
14541 366 NA
14542 373 NA
14543 373 NA
14544 373 NA
14545 383 NA
14546 383 NA
14547 383 NA
14548 384 NA
14549 384 NA
14550 376 NA
14551 376 NA
14552 376 NA
14553 388 NA
14554 388 NA
14555 375 NA
14556 375 NA
14557 375 NA
14558 361 NA
14559 361 NA
14560 361 NA
14561 357 NA
14562 357 NA
14563 357 NA
14564 357 NA
14565 365 NA
14566 365 NA
14567 365 NA
14568 365 NA
14569 376 NA
14570 393 NA
14571 393 NA
14572 393 NA
14573 399 NA
14574 399 NA
14575 399 NA
14576 398 NA
14577 398 NA
14578 383 NA
14579 383 NA
14580 383 NA
14581 378 NA
14582 378 NA
14583 378 NA
14584 392 NA
14585 392 NA
14586 392 NA
14587 391 NA
14588 391 NA
14589 391 NA
14590 394 NA
14591 394 NA
14592 387 NA
14593 387 NA
14594 387 NA
14595 390 NA
14596 390 NA
14597 374 NA
14598 374 NA
14599 374 NA
14600 374 NA
14601 385 NA
14602 385 NA
14603 384 NA
14604 384 NA
14605 397 NA
14606 397 NA
14607 388 NA
14608 388 NA
14609 388 NA
14610 400 NA
14611 400 NA
14612 399 NA
14613 399 NA
14614 397 NA
14615 397 NA
14616 397 NA
14617 397 NA
14618 398 NA
14619 398 NA
14620 398 NA
14621 397 NA
14622 397 NA
14623 399 NA
14624 399 NA
14625 400 NA
14626 400 NA
14627 400 NA
14628 394 NA
14629 394 NA
14630 394 NA
14631 400 NA
14632 400 NA
14633 399 NA
14634 399 NA
14635 392 NA
14636 392 NA
14637 393 NA
14638 393 NA
14639 394 NA
14640 394 NA
14641 389 NA
14642 389 NA
14643 389 NA
14644 389 NA
14645 384 NA
14646 384 NA
14647 388 NA
14648 388 NA
14649 388 NA
14650 378 NA
14651 379 NA
14653 379 NA
14654 387 NA
14655 391 NA
14656 391 NA
14657 391 NA
14658 383 NA
14659 378 NA
14660 378 NA
14661 378 NA
14662 390 NA
14663 390 NA
14664 376 NA
14665 376 NA
14666 377 NA
14667 377 NA
14668 377 NA
14669 381 NA
14670 381 NA
14671 390 NA
14672 390 NA
14673 390 NA
14674 390 NA
14675 390 NA
14676 385 NA
14677 385 NA
14678 385 NA
14679 394 NA
14680 394 NA
14681 386 NA
14682 395 NA
14683 395 NA
14684 395 NA
14685 388 NA
14686 388 NA
14687 398 NA
14688 398 NA
14689 400 NA
14690 396 NA
14691 396 NA
14692 396 NA
14693 389 NA
14694 389 NA
14695 389 NA
14696 391 NA
14697 391 NA
14698 390 NA
14699 390 NA
14700 392 NA
14701 392 NA
14702 389 NA
14703 389 NA
14704 388 NA
14705 388 NA
14706 388 NA
14707 386 NA
14708 386 NA
14709 386 NA
14710 379 NA
14711 379 NA
14712 363 NA
14713 363 NA
14714 363 NA
14715 361 NA
14716 361 NA
14717 361 NA
14718 370 NA
14719 370 NA
14720 370 NA
14721 370 NA
14722 372 NA
14723 372 NA
14724 386 NA
14725 386 NA
14726 399 NA
14727 399 NA
14728 399 NA
14729 397 NA
14730 397 NA
14731 397 NA
14732 398 NA
14733 398 NA
14734 398 NA
14735 398 NA
14736 398 NA
14737 398 NA
14738 399 NA
14739 399 NA
14740 399 NA
14741 400 NA
14742 400 NA
14743 400 NA
14744 400 NA
14745 400 NA
14746 400 NA
14747 400 NA
14748 400 NA
14749 400 NA
14750 395 NA
14751 395 NA
14752 398 NA
14753 398 NA
14754 398 NA
14755 389 NA
14756 389 NA
14757 389 NA
14758 390 NA
14759 390 NA
14760 396 NA
14761 396 NA
14762 391 NA
14763 391 NA
14764 391 NA
14765 396 NA
14766 396 NA
14767 400 NA
14768 400 NA
14769 400 NA
14770 396 NA
14771 396 NA
14772 396 NA
14773 393 NA
14774 393 NA
14775 396 NA
14776 396 NA
14777 396 NA
14778 400 NA
14779 400 NA
14780 399 NA
14781 400 NA
14782 400 NA
14783 400 NA
14784 400 NA
14785 400 NA
14786 385 NA
14787 385 NA
14788 392 NA
14789 392 NA
14790 379 NA
14791 379 NA
14792 379 NA
14793 381 NA
14794 381 NA
14795 381 NA
14796 381 NA
14797 381 NA
14798 382 NA
14799 382 NA
14800 382 NA
14801 387 NA
14802 387 NA
14803 400 NA
14804 400 NA
14805 400 NA
14806 400 NA
14807 398 NA
14808 398 NA
14809 400 NA
14810 400 NA
14811 400 NA
14812 394 NA
14813 394 NA
14814 394 NA
14815 393 NA
14816 393 NA
14817 399 NA
14818 399 NA
14819 390 NA
14820 390 NA
14821 390 NA
14822 395 NA
14823 395 NA
14824 395 NA
14825 400 NA
14826 400 NA
14827 400 NA
14828 400 NA
14829 396 NA
14830 396 NA
14831 388 NA
14832 388 NA
14833 388 NA
14834 389 NA
14835 389 NA
14836 387 NA
14837 387 NA
14838 393 NA
14839 393 NA
14840 400 NA
14841 400 NA
14842 400 NA
14843 400 NA
14844 400 NA
14845 396 NA
14846 396 NA
14847 392 NA
14848 392 NA
14849 392 NA
14850 383 NA
14851 383 NA
14852 399 NA
14853 399 NA
14854 399 NA
14855 398 NA
14856 398 NA
14857 399 NA
14858 399 NA
14859 399 NA
14860 399 NA
14861 385 NA
14862 385 NA
14863 376 NA
14864 376 NA
14865 393 NA
14866 393 NA
14867 393 NA
14868 388 NA
14869 388 NA
14870 400 NA
14871 400 NA
14872 400 NA
14873 400 NA
14874 395 NA
14875 395 NA
14876 395 NA
14877 392 NA
14878 392 NA
14879 393 NA
14880 393 NA
14881 393 NA
14882 389 NA
14883 389 NA
14884 389 NA
14885 390 NA
14886 390 NA
14887 390 NA
14888 380 NA
14889 380 NA
14890 390 NA
14891 390 NA
14892 390 NA
14893 397 NA
14894 397 NA
14895 397 NA
14896 397 NA
14897 397 NA
14898 397 NA
14899 394 NA
14900 394 NA
14901 384 NA
14902 384 NA
14903 384 NA
14904 384 NA
14905 397 NA
14906 399 NA
14907 399 NA
14908 399 NA
14909 399 NA
14910 397 NA
14911 397 NA
14912 397 NA
14913 397 NA
14914 397 NA
14915 397 NA
14916 399 NA
14917 399 NA
14918 399 NA
14920 400 NA
14921 399 NA
14922 399 NA
14923 399 NA
14924 396 NA
14925 396 NA
14926 396 NA
14927 399 NA
14928 399 NA
14929 399 NA
14930 400 NA
14931 400 NA
14932 400 NA
14933 400 NA
14934 400 NA
14935 400 NA
14936 395 NA
14937 395 NA
14938 392 NA
14939 392 NA
14940 392 NA
14941 397 NA
14942 397 NA
14943 397 NA
14944 395 NA
14945 395 NA
14946 395 NA
14947 400 NA
14948 400 NA
14949 397 NA
14950 397 NA
14951 397 NA
14952 390 NA
14953 390 NA
14954 390 NA
14955 400 NA
14956 400 NA
14957 400 NA
14958 398 NA
14959 398 NA
14960 394 NA
14961 394 NA
14962 395 NA
14963 395 NA
14964 395 NA
14965 394 NA
14966 394 NA
14967 400 NA
14968 400 NA
14969 400 NA
14970 393 NA
14971 393 NA
14972 397 NA
14973 397 NA
14974 389 NA
14975 389 NA
14979 391 NA
14981 395 NA
14984 391 NA
14987 391 NA
14988 389 NA
14990 389 NA
14991 398 NA
14992 393 NA
14993 393 NA
14995 399 NA
14998 399 NA
15000 394 NA
15003 394 NA
15005 397 NA
15008 383 NA
15009 383 NA
15011 394 NA
15012 389 NA
15013 384 NA
15014 384 NA
15016 389 NA
15018 396 NA
15019 407 NA
15020 394 NA
15021 394 NA
15023 399 NA
15025 418 NA
15026 439 NA
15028 451 NA
15029 460 NA
15031 445 NA
15032 439 NA
15033 431 NA
15036 423 NA
15037 423 NA
15038 421 NA
15039 414 NA
15042 411 NA
15044 428 NA
15046 425 NA
15047 425 NA
15048 434 NA
15049 434 NA
15050 452 NA
15052 462 NA
15054 476 NA
15055 481 NA
15058 508 NA
15060 503 NA
15061 499 NA
15063 491 NA
15064 501 NA
15066 510 NA
15067 508 NA
15070 509 NA
15072 523 NA
15073 534 NA
15076 557 NA
15078 578 NA
15080 587 NA
15082 588 NA
15084 611 NA
15085 637 NA
15086 616 NA
15087 616 NA
15088 600 NA
15089 582 NA
15090 582 NA
15091 558 NA
15093 543 NA
15094 543 NA
15095 525 NA
15096 520 NA
15097 520 NA
15098 526 NA
15101 522 NA
15103 514 NA
15104 499 NA
15106 499 NA
15107 489 NA
15109 478 NA
15110 475 NA
15114 471 NA
15115 470 NA
15116 488 NA
15119 497 NA
15120 497 NA
15121 503 NA
15122 503 NA
15123 506 NA
15125 512 NA
15128 503 NA
15130 488 NA
15131 488 NA
15132 477 NA
15133 473 NA
15136 489 NA
15137 499 NA
15140 531 NA
15143 546 NA
15145 537 NA
15147 530 NA
15149 537 NA
15150 536 NA
15151 530 NA
15154 503 NA
15156 501 NA
15157 494 NA
15158 491 NA
15159 493 NA
15161 497 NA
15163 515 NA
15164 515 NA
15165 532 NA
15168 517 NA
15170 539 NA
15172 548 NA
15175 555 NA
15177 534 NA
15178 513 NA
15179 493 NA
15182 477 NA
15184 472 NA
15185 472 NA
15186 469 NA
15187 468 NA
15189 464 NA
15191 455 NA
15193 458 NA
15194 451 NA
15196 449 NA
15197 456 NA
15199 463 NA
15204 448 NA
15207 441 NA
15210 446 NA
15212 458 NA
15214 465 NA
15215 475 NA
15217 478 NA
15219 479 NA
15221 479 NA
15222 487 NA
15224 490 NA
15226 496 NA
15227 496 NA
15228 513 NA
15231 527 NA
15232 533 NA
15233 533 NA
15235 540 NA
15238 557 NA
15240 556 NA
15242 565 NA
15243 572 NA
15244 572 NA
15247 599 NA
15248 626 NA
15249 626 NA
15250 652 NA
15252 654 NA
15254 639 NA
15256 625 NA
15258 610 NA
15261 598 NA
15263 588 NA
15264 616 NA
15266 605 NA
15270 590 NA
15271 560 NA
15273 548 NA
15275 547 NA
15277 514 NA
15280 493 NA
15281 475 NA
15283 455 NA
15284 432 NA
15287 427 NA
15291 429 NA
15294 423 NA
15296 426 NA
15297 409 NA
15302 426 NA
15303 426 NA
15304 430 NA
15307 429 NA
15308 429 NA
15310 423 NA
15312 418 NA
15313 410 NA
15314 410 NA
15315 395 NA
15316 395 NA
15317 392 NA
15318 392 NA
15319 389 NA
15320 389 NA
15321 386 NA
15323 386 NA
15324 391 NA
15326 391 NA
15327 395 NA
15328 395 NA
15329 392 NA
15330 392 NA
15331 384 NA
15332 384 NA
15333 375 NA
15334 375 NA
15335 369 NA
15336 369 NA
15337 370 NA
15338 370 NA
15339 360 NA
15340 360 NA
15341 350 NA
15342 350 NA
15343 361 NA
15344 361 NA
15345 352 NA
15346 352 NA
15347 340 NA
15348 340 NA
15349 337 NA
15350 337 NA
15351 350 NA
15352 350 NA
15353 364 NA
15354 364 NA
15355 360 NA
15356 360 NA
15357 352 NA
15358 352 NA
15359 352 NA
15360 358 NA
15361 358 NA
15362 359 NA
15363 359 NA
15364 377 NA
15365 377 NA
15366 396 NA
15367 415 NA
15368 415 NA
15369 436 NA
15370 436 NA
15371 436 NA
15372 458 NA
15373 458 NA
15374 466 NA
15375 466 NA
15376 489 NA
15377 489 NA
15378 513 NA
15379 513 NA
15380 533 NA
15381 533 NA
15382 534 NA
15383 534 NA
15384 523 NA
15385 523 NA
15386 523 NA
15387 507 NA
15388 507 NA
15389 523 NA
15390 523 NA
15391 531 NA
15392 531 NA
15393 530 NA
15394 530 NA
15395 530 NA
15396 530 NA
15397 517 NA
15398 517 NA
15399 509 NA
15400 509 NA
15401 488 NA
15402 488 NA
15403 475 NA
15404 475 NA
15405 464 NA
15406 464 NA
15407 453 NA
15408 453 NA
15409 431 NA
15410 431 NA
15411 409 NA
15412 409 NA
15413 391 NA
15414 391 NA
15415 375 NA
15416 375 NA
15417 360 NA
15418 360 NA
15419 344 NA
15420 344 NA
15421 331 NA
15422 326 NA
15423 321 NA
15424 315 NA
15425 310 NA
15426 305 NA
15427 316 NA
15428 316 NA
15429 320 NA
15430 320 NA
15431 319 NA
15432 319 NA
15433 313 NA
15434 313 NA
15435 315 NA
15436 315 NA
15437 317 NA
15438 317 NA
15439 330 NA
15440 330 NA
15441 347 NA
15442 347 NA
15443 348 NA
15444 348 NA
15445 348 NA
15446 349 NA
15447 349 NA
15448 348 NA
15449 348 NA
15450 348 NA
15451 342 NA
15452 342 NA
15453 339 NA
15454 339 NA
15455 339 NA
15456 330 NA
15457 330 NA
15458 330 NA
15459 326 NA
15460 326 NA
15461 322 NA
15462 322 NA
15463 322 NA
15464 315 NA
15465 315 NA
15466 320 NA
15467 320 NA
15468 316 NA
15469 316 NA
15470 311 NA
15471 311 NA
15472 311 NA
15473 300 NA
15474 300 NA
15475 296 NA
15476 296 NA
15477 296 NA
15478 305 NA
15479 305 NA
15480 321 NA
15481 321 NA
15482 321 NA
15483 338 NA
15484 338 NA
15485 351 NA
15486 351 NA
15487 369 NA
15488 369 NA
15489 368 NA
15490 368 NA
15491 363 NA
15492 363 NA
15493 360 NA
15494 360 NA
15495 352 NA
15496 352 NA
15497 346 NA
15498 346 NA
15499 363 NA
15500 363 NA
15501 374 NA
15502 374 NA
15503 366 NA
15504 366 NA
15505 369 NA
15506 369 NA
15507 372 NA
15508 372 NA
15509 370 NA
15510 370 NA
15511 379 NA
15512 379 NA
15513 378 NA
15514 378 NA
15515 374 NA
15516 374 NA
15517 368 NA
15518 368 NA
15519 362 NA
15520 362 NA
15521 362 NA
15522 358 NA
15523 358 NA
15524 364 NA
15525 364 NA
15526 359 NA
15527 359 NA
15528 342 NA
15529 342 NA
15530 324 NA
15531 324 NA
15532 316 NA
15533 316 NA
15534 320 NA
15535 320 NA
15536 321 NA
15537 321 NA
15538 319 NA
15539 319 NA
15540 324 NA
15541 324 NA
15542 320 NA
15543 320 NA
15544 320 NA
15545 317 NA
15546 317 NA
15547 311 NA
15548 311 NA
15549 311 NA
15550 300 NA
15551 300 NA
15552 295 NA
15553 295 NA
15554 288 NA
15555 288 NA
15556 284 NA
15557 284 NA
15558 284 NA
15559 284 NA
15560 294 NA
15561 294 NA
15562 294 NA
15563 305 NA
15564 305 NA
15565 319 NA
15566 319 NA
15567 330 NA
15568 330 NA
15569 330 NA
15570 336 NA
15571 336 NA
15572 324 NA
15573 324 NA
15574 322 NA
15575 322 NA
15576 325 NA
15577 325 NA
15578 325 NA
15579 317 NA
15580 317 NA
15581 304 NA
15582 304 NA
15583 291 NA
15584 291 NA
15585 276 NA
15586 276 NA
15587 269 NA
15588 269 NA
15589 261 NA
15590 261 NA
15591 259 NA
15592 259 NA
15593 260 NA
15594 260 NA
15595 257 NA
15596 257 NA
15597 249 NA
15598 249 NA
15599 241 NA
15600 241 NA
15601 239 NA
15602 239 NA
15603 239 NA
15604 240 NA
15605 240 NA
15606 239 NA
15607 239 NA
15608 239 NA
15609 244 NA
15610 244 NA
15611 244 NA
15612 244 NA
15613 244 NA
15614 245 NA
15615 245 NA
15616 249 NA
15617 249 NA
15618 250 NA
15619 250 NA
15620 252 NA
15621 252 NA
15622 250 NA
15623 250 NA
15624 250 NA
15625 256 NA
15626 256 NA
15627 256 NA
15628 256 NA
15629 257 NA
15630 257 NA
15631 268 NA
15632 268 NA
15633 268 NA
15634 282 NA
15635 282 NA
15636 297 NA
15637 297 NA
15638 297 NA
15639 312 NA
15640 312 NA
15641 312 NA
15642 308 NA
15643 308 NA
15644 318 NA
15645 318 NA
15646 318 NA
15647 315 NA
15648 315 NA
15649 314 NA
15650 313 NA
15651 312 NA
15652 311 NA
15653 310 NA
15654 308 NA
15655 307 NA
15656 306 NA
15657 305 NA
15658 310 NA
15659 310 NA
15660 310 NA
15661 303 NA
15662 303 NA
15663 303 NA
15664 302 NA
15665 302 NA
15666 302 NA
15667 307 NA
15668 307 NA
15669 316 NA
15670 316 NA
15671 316 NA
15672 318 NA
15673 318 NA
15674 318 NA
15675 328 NA
15676 328 NA
15677 328 NA
15678 334 NA
15679 334 NA
15680 334 NA
15681 339 NA
15682 339 NA
15683 339 NA
15684 339 NA
15685 337 NA
15686 337 NA
15687 337 NA
15688 337 NA
15689 327 NA
15690 327 NA
15691 327 NA
15692 327 NA
15693 320 NA
15694 320 NA
15695 320 NA
15696 320 NA
15697 322 NA
15698 322 NA
15699 320 NA
15700 320 NA
15701 320 NA
15702 320 NA
15703 318 NA
15704 318 NA
15705 318 NA
15706 318 NA
15707 318 NA
15708 318 NA
15709 318 NA
15710 318 NA
15711 318 NA
15712 318 NA
15713 318 NA
15714 318 NA
15715 312 NA
15716 312 NA
15717 312 NA
15718 312 NA
15719 312 NA
15720 312 NA
15721 312 NA
15722 312 NA
15723 306 NA
15724 306 NA
15725 306 NA
15726 306 NA
15727 310 NA
15728 310 NA
15729 310 NA
15730 310 NA
15731 324 NA
15732 324 NA
15733 324 NA
15734 318 NA
15735 318 NA
15736 318 NA
15737 318 NA
15738 320 NA
15739 320 NA
15740 320 NA
15741 320 NA
15742 326 NA
15743 326 NA
15744 326 NA
15745 326 NA
15746 324 NA
15747 324 NA
15748 324 NA
15749 323 NA
15750 323 NA
15751 323 NA
15752 336 NA
15753 336 NA
15754 336 NA
15755 336 NA
15756 353 NA
15757 353 NA
15758 353 NA
15759 353 NA
15760 361 NA
15761 361 NA
15762 361 NA
15763 361 NA
15764 355 NA
15765 355 NA
15766 355 NA
15767 355 NA
15768 355 NA
15769 358 NA
15770 358 NA
15771 358 NA
15772 358 NA
15773 375 NA
15774 375 NA
15775 375 NA
15776 375 NA
15777 393 NA
15778 393 NA
15779 393 NA
15780 393 NA
15781 387 NA
15782 387 NA
15783 387 NA
15784 387 NA
15785 381 NA
15786 381 NA
15787 381 NA
15788 381 NA
15789 375 NA
15790 375 NA
15791 375 NA
15792 375 NA
15793 375 NA
15794 370 NA
15795 370 NA
15796 370 NA
15797 370 NA
15798 367 NA
15799 364 NA
15800 361 NA
15801 359 NA
15802 356 NA
15803 353 NA
15804 350 NA
15805 350 NA
15806 350 NA
15807 349 NA
15808 349 NA
15809 349 NA
15810 349 NA
15811 344 NA
15812 344 NA
15813 344 NA
15814 344 NA
15815 344 NA
15816 334 NA
15817 334 NA
15818 334 NA
15819 334 NA
15820 334 NA
15821 327 NA
15822 327 NA
15823 327 NA
15824 327 NA
15825 314 NA
15826 314 NA
15827 314 NA
15828 314 NA
15829 314 NA
15830 306 NA
15831 306 NA
15832 306 NA
15833 306 NA
15834 306 NA
15835 308 NA
15836 308 NA
15837 308 NA
15838 308 NA
15839 307 NA
15840 307 NA
15841 307 NA
15842 307 NA
15843 307 NA
15844 310 NA
15845 310 NA
15846 310 NA
15847 310 NA
15848 310 NA
15849 314 NA
15850 314 NA
15851 314 NA
15852 314 NA
15853 314 NA
15854 325 NA
15855 325 NA
15856 325 NA
15857 325 NA
15858 325 NA
15859 322 NA
15860 322 NA
15861 322 NA
15862 322 NA
15863 322 NA
15864 316 NA
15865 316 NA
15866 316 NA
15867 316 NA
15868 308 NA
15869 308 NA
15870 308 NA
15871 308 NA
15872 303 NA
15873 303 NA
15874 303 NA
15875 298 NA
15876 298 NA
15877 298 NA
15878 298 NA
15879 298 NA
15880 293 NA
15881 293 NA
15882 293 NA
15883 293 NA
15884 290 NA
15885 290 NA
15886 290 NA
15887 290 NA
15888 290 NA
15889 290 NA
15890 290 NA
15891 290 NA
15892 290 NA
15893 280 NA
15894 280 NA
15895 280 NA
15896 280 NA
15897 280 NA
15898 280 NA
15899 280 NA
15900 280 NA
15901 273 NA
15902 273 NA
15903 273 NA
15904 273 NA
15905 273 NA
15906 272 NA
15907 272 NA
15908 272 NA
15909 272 NA
15910 273 NA
15911 273 NA
15912 273 NA
15913 273 NA
15914 273 NA
15915 276 NA
15916 276 NA
15917 276 NA
15918 276 NA
15919 276 NA
15920 276 NA
15921 272 NA
15922 272 NA
15923 272 NA
15924 272 NA
15925 272 NA
15926 274 NA
15927 274 NA
15928 274 NA
15929 274 NA
15930 274 NA
15931 265 NA
15932 265 NA
15933 265 NA
15934 265 NA
15935 265 NA
15936 265 NA
15937 265 NA
15938 260 NA
15939 260 NA
15940 260 NA
15941 260 NA
15942 260 NA
15943 260 NA
15944 260 NA
15945 259 NA
15946 259 NA
15947 259 NA
15948 259 NA
15949 259 NA
15950 259 NA
15951 259 NA
15952 259 NA
15953 257 NA
15954 257 NA
15955 257 NA
15956 257 NA
15957 257 NA
15958 257 NA
15959 257 NA
15960 257 NA
15961 257 NA
15962 257 NA
15963 252 NA
15964 252 NA
15965 252 NA
15966 252 NA
15967 252 NA
15968 252 NA
15969 252 NA
15970 252 NA
15971 252 NA
15972 252 NA
15973 248 NA
15974 248 NA
15975 248 NA
15976 248 NA
15977 248 NA
15978 248 NA
15979 248 NA
15980 248 NA
15981 248 NA
15982 241 NA
15983 241 NA
15984 241 NA
15985 241 NA
15986 241 NA
15987 242 NA
15988 242 NA
15989 242 NA
15990 242 NA
15991 243 NA
15992 243 NA
15993 243 NA
15994 243 NA
15995 243 NA
15996 243 NA
15997 243 NA
15998 243 NA
15999 239 NA
16000 239 NA
16001 239 NA
16002 239 NA
16003 239 NA
16004 239 NA
16005 239 NA
16006 245 NA
16007 245 NA
16008 245 NA
16009 245 NA
16010 245 NA
16011 245 NA
16012 245 NA
16013 245 NA
16014 248 NA
16015 248 NA
16016 248 NA
16017 248 NA
16018 248 NA
16019 248 NA
16020 248 NA
16021 248 NA
16022 250 NA
16023 250 NA
16024 250 NA
16025 250 NA
16026 250 NA
16027 250 NA
16028 250 NA
16029 252 NA
16030 252 NA
16031 252 NA
16032 252 NA
16033 252 NA
16034 252 NA
16035 252 NA
16036 253 NA
16037 253 NA
16038 253 NA
16039 253 NA
16040 254 NA
16041 254 NA
16042 254 NA
16043 259 NA
16044 259 NA
16045 259 NA
16046 259 NA
16047 259 NA
16048 259 NA
16049 259 NA
16050 266 NA
16051 266 NA
16052 266 NA
16053 266 NA
16054 266 NA
16055 266 NA
16056 266 NA
16057 266 NA
16058 276 NA
16059 276 NA
16060 276 NA
16061 276 NA
16062 276 NA
16063 276 NA
16064 276 NA
16065 288 NA
16066 288 NA
16067 288 NA
16068 288 NA
16069 288 NA
16070 288 NA
16071 288 NA
16072 289 NA
16073 289 NA
16074 289 NA
16075 289 NA
16076 289 NA
16077 289 NA
16078 298 NA
16079 298 NA
16080 298 NA
16081 298 NA
16082 298 NA
16083 298 NA
16084 296 NA
16085 296 NA
16086 296 NA
16087 296 NA
16088 296 NA
16089 296 NA
16090 296 NA
16091 296 NA
16092 296 NA
16093 296 NA
16094 293 NA
16095 293 NA
16096 293 NA
16097 293 NA
16098 285 NA
16099 285 NA
16100 285 NA
16101 285 NA
16102 285 NA
16103 282 NA
16104 282 NA
16105 282 NA
16106 282 NA
16107 282 NA
16108 271 NA
16109 271 NA
16110 271 NA
16111 271 NA
16112 272 NA
16113 272 NA
16114 272 NA
16115 272 NA
16116 282 NA
16117 282 NA
16118 282 NA
16119 282 NA
16120 282 NA
16121 297 NA
16122 297 NA
16123 297 NA
16124 297 NA
16125 303 NA
16126 303 NA
16127 303 NA
16128 303 NA
16129 303 NA
16130 303 NA
16131 303 NA
16132 303 NA
16133 303 NA
16134 303 NA
16135 301 NA
16136 301 NA
16137 301 NA
16138 301 NA
16139 292 NA
16140 292 NA
16141 292 NA
16142 292 NA
16143 292 NA
16144 291 NA
16145 291 NA
16146 291 NA
16147 291 NA
16148 291 NA
16149 287 NA
16150 287 NA
16151 287 NA
16152 287 NA
16153 287 NA
16154 282 NA
16155 282 NA
16156 282 NA
16157 282 NA
16158 282 NA
16159 286 NA
16160 286 NA
16161 286 NA
16162 286 NA
16163 286 NA
16164 297 NA
16165 297 NA
16166 297 NA
16167 297 NA
16168 297 NA
16169 312 NA
16170 312 NA
16171 312 NA
16172 312 NA
16173 312 NA
16174 318 NA
16175 318 NA
16176 318 NA
16177 318 NA
16178 318 NA
16179 318 NA
16180 331 NA
16181 331 NA
16182 331 NA
16183 331 NA
16184 331 NA
16185 331 NA
16186 331 NA
16187 331 NA
16188 331 NA
16189 331 NA
16190 331 NA
16191 330 NA
16192 330 NA
16193 330 NA
16194 326 NA
16195 326 NA
16196 326 NA
16197 326 NA
16198 326 NA
16199 326 NA
16200 337 NA
16201 337 NA
16202 337 NA
16203 337 NA
16204 337 NA
16205 337 NA
16206 349 NA
16207 349 NA
16208 349 NA
16209 349 NA
16210 349 NA
16211 359 NA
16212 359 NA
16213 359 NA
16214 359 NA
16215 359 NA
16216 359 NA
16217 351 NA
16218 351 NA
16219 351 NA
16220 351 NA
16221 351 NA
16222 351 NA
16223 355 NA
16224 355 NA
16225 355 NA
16226 355 NA
16227 355 NA
16228 355 NA
16229 355 NA
16230 355 NA
16231 355 NA
16232 355 NA
16233 355 NA
16234 355 NA
16235 361 NA
16236 361 NA
16237 361 NA
16238 361 NA
16239 361 NA
16240 372 NA
16241 372 NA
16242 372 NA
16243 372 NA
16244 391 NA
16245 391 NA
16246 391 NA
16247 391 NA
16248 391 NA
16249 391 NA
16250 411 NA
16251 411 NA
16252 411 NA
16253 411 NA
16254 430 NA
16255 430 NA
16256 430 NA
16257 430 NA
16258 430 NA
16259 452 NA
16260 452 NA
16261 452 NA
16262 452 NA
16263 452 NA
16264 472 NA
16265 472 NA
16266 472 NA
16267 472 NA
16268 496 NA
16269 496 NA
16270 496 NA
16271 496 NA
16272 514 NA
16273 514 NA
16274 514 NA
16275 515 NA
16276 515 NA
16277 515 NA
16278 515 NA
16279 537 NA
16280 537 NA
16281 537 NA
16282 537 NA
16283 537 NA
16284 551 NA
16285 551 NA
16286 551 NA
16287 551 NA
16288 564 NA
16289 564 NA
16290 564 NA
16291 564 NA
16292 564 NA
16293 564 NA
16294 564 NA
16295 564 NA
16296 571 NA
16297 571 NA
16298 571 NA
16299 571 NA
16300 587 NA
16301 587 NA
16302 587 NA
16303 587 NA
16304 601 NA
16305 601 NA
16306 601 NA
16307 601 NA
16308 612 NA
16309 612 NA
16310 612 NA
16311 612 NA
16312 619 NA
16313 619 NA
16314 619 NA
16315 619 NA
16316 619 NA
16317 623 NA
16318 623 NA
16319 623 NA
16320 623 NA
16321 653 NA
16322 653 NA
16323 653 NA
16324 653 NA
16325 653 NA
16326 659 NA
16327 659 NA
16328 659 NA
16329 659 NA
16330 661 NA
16331 661 NA
16332 661 NA
16333 661 NA
16334 661 NA
16335 652 NA
16336 652 NA
16337 652 NA
16338 652 NA
16339 652 NA
16340 650 NA
16341 650 NA
16342 650 NA
16343 650 NA
16344 650 NA
16345 649 NA
16346 649 NA
16347 649 NA
16348 649 NA
16349 649 NA
16350 646 NA
16351 646 NA
16352 646 NA
16353 646 NA
16354 646 NA
16355 646 NA
16356 651 NA
16357 651 NA
16358 651 NA
16359 651 NA
16360 651 NA
16361 624 NA
16362 624 NA
16363 624 NA
16364 624 NA
16365 595 NA
16366 595 NA
16367 595 NA
16368 595 NA
16369 595 NA
16370 591 NA
16371 591 NA
16372 591 NA
16373 591 NA
16374 591 NA
16375 591 NA
16376 600 NA
16377 600 NA
16378 600 NA
16379 600 NA
16380 600 NA
16381 600 NA
16382 600 NA
16383 600 NA
16384 600 NA
16385 599 NA
16386 599 NA
16387 599 NA
16388 599 NA
16389 601 NA
16390 601 NA
16391 601 NA
16392 601 NA
16393 601 NA
16394 601 NA
16395 599 NA
16396 599 NA
16397 599 NA
16398 599 NA
16399 599 NA
16400 592 NA
16401 592 NA
16402 592 NA
16403 592 NA
16404 592 NA
16405 582 NA
16406 582 NA
16407 582 NA
16408 582 NA
16409 582 NA
16410 582 NA
16411 566 NA
16412 566 NA
16413 566 NA
16414 566 NA
16415 566 NA
16416 566 NA
16417 565 NA
16418 565 NA
16419 565 NA
16420 565 NA
16421 565 NA
16422 571 NA
16423 571 NA
16424 571 NA
16425 571 NA
16426 571 NA
16427 564 NA
16428 564 NA
16429 564 NA
16430 564 NA
16431 565 NA
16432 565 NA
16433 565 NA
16434 565 NA
16435 559 NA
16436 559 NA
16437 559 NA
16438 559 NA
16439 564 NA
16440 564 NA
16441 564 NA
16442 564 NA
16443 553 NA
16444 553 NA
16445 553 NA
16446 553 NA
16447 553 NA
16448 553 NA
16449 553 NA
16450 553 NA
16451 553 NA
16452 560 NA
16453 560 NA
16454 560 NA
16455 560 NA
16456 569 NA
16457 569 NA
16458 569 NA
16459 569 NA
16460 569 NA
16461 567 NA
16462 567 NA
16463 567 NA
16464 567 NA
16465 567 NA
16466 552 NA
16467 552 NA
16468 552 NA
16469 552 NA
16470 552 NA
16471 544 NA
16472 544 NA
16473 544 NA
16474 544 NA
16475 563 NA
16476 563 NA
16477 563 NA
16478 563 NA
16479 563 NA
16480 582 NA
16481 582 NA
16482 582 NA
16483 582 NA
16484 568 NA
16485 568 NA
16486 568 NA
16487 568 NA
16488 566 NA
16489 566 NA
16490 566 NA
16491 566 NA
16492 587 NA
16493 587 NA
16494 587 NA
16495 587 NA
16496 592 NA
16497 592 NA
16498 592 NA
16499 592 NA
16500 606 NA
16501 606 NA
16502 606 NA
16503 606 NA
16504 637 NA
16505 637 NA
16506 637 NA
16507 637 NA
16508 637 NA
16509 669 NA
16510 669 NA
16511 669 NA
16512 669 NA
16513 669 NA
16514 669 NA
16515 674 NA
16516 674 NA
16517 674 NA
16518 674 NA
16519 674 NA
16520 658 NA
16521 658 NA
16522 658 NA
16523 658 NA
16524 658 NA
16525 643 NA
16526 643 NA
16527 643 NA
16528 643 NA
16529 643 NA
16530 642 NA
16531 642 NA
16532 642 NA
16533 642 NA
16534 642 NA
16535 643 NA
16536 643 NA
16537 643 NA
16538 643 NA
16539 643 NA
16540 658 NA
16541 658 NA
16542 658 NA
16543 658 NA
16544 658 NA
16545 658 NA
16546 664 NA
16547 664 NA
16548 664 NA
16549 664 NA
16550 664 NA
16551 664 NA
16552 660 NA
16553 660 NA
16554 660 NA
16555 660 NA
16556 660 NA
16557 660 NA
16558 661 NA
16559 661 NA
16560 661 NA
16561 661 NA
16562 661 NA
16563 661 NA
16564 648 NA
16565 648 NA
16566 648 NA
16567 648 NA
16568 648 NA
16569 648 NA
16570 645 NA
16571 645 NA
16572 645 NA
16573 669 NA
16574 669 NA
16575 669 NA
16576 669 NA
16577 669 NA
16578 669 NA
16579 644 NA
16580 644 NA
16581 644 NA
16582 644 NA
16583 644 NA
16584 644 NA
16585 618 NA
16586 618 NA
16587 618 NA
16588 618 NA
16589 618 NA
16590 618 NA
16591 594 NA
16592 594 NA
16593 594 NA
16594 594 NA
16595 594 NA
16596 594 NA
16597 568 NA
16598 568 NA
16599 568 NA
16600 568 NA
16601 568 NA
16602 568 NA
16603 574 NA
16604 574 NA
16605 574 NA
16606 574 NA
16607 574 NA
16608 574 NA
16609 564 NA
16610 564 NA
16611 564 NA
16612 564 NA
16613 564 NA
16614 564 NA
16615 564 NA
16616 559 NA
16617 559 NA
16618 559 NA
16619 559 NA
16620 559 NA
16621 559 NA
16622 568 NA
16623 568 NA
16624 568 NA
16625 568 NA
16626 568 NA
16627 568 NA
16628 543 NA
16629 543 NA
16630 543 NA
16631 543 NA
16632 543 NA
16633 517 NA
16634 517 NA
16635 517 NA
16636 517 NA
16637 517 NA
16638 517 NA
16639 501 NA
16640 501 NA
16641 501 NA
16642 501 NA
16643 501 NA
16644 501 NA
16645 492 NA
16646 492 NA
16647 492 NA
16648 492 NA
16649 492 NA
16650 492 NA
16651 490 NA
16652 490 NA
16653 490 NA
16654 490 NA
16655 490 NA
16656 490 NA
16657 491 NA
16658 491 NA
16659 491 NA
16660 491 NA
16661 491 NA
16662 491 NA
16663 483 NA
16665 483 NA
16666 483 NA
16668 483 NA
16669 488 NA
16670 488 NA
16671 488 NA
16672 488 NA
16673 488 NA
16674 488 NA
16675 499 NA
16676 499 NA
16677 499 NA
16678 499 NA
16679 499 NA
16680 499 NA
16681 499 NA
16682 504 NA
16683 504 NA
16684 504 NA
16685 504 NA
16686 504 NA
16687 504 NA
16688 504 NA
16689 503 NA
16690 503 NA
16691 503 NA
16692 503 NA
16693 503 NA
16694 503 NA
16695 499 NA
16696 499 NA
16697 499 NA
16698 499 NA
16699 499 NA
16700 499 NA
16701 499 NA
16702 499 NA
16703 499 NA
16704 499 NA
16705 499 NA
16706 499 NA
16707 499 NA
16708 499 NA
16709 502 NA
16710 502 NA
16711 502 NA
16712 502 NA
16715 501 NA
16717 501 NA
16719 501 NA
16720 501 NA
16721 501 NA
16722 500 NA
16723 500 NA
16724 500 NA
16725 500 NA
16726 500 NA
16727 500 NA
16728 500 NA
16730 495 NA
16731 495 NA
16732 495 NA
16733 495 NA
16734 495 NA
16735 495 NA
16736 508 NA
16737 508 NA
16738 508 NA
16739 508 NA
16740 508 NA
16741 508 NA
16742 508 NA
16743 517 NA
16744 517 NA
16745 517 NA
16746 517 NA
16747 517 NA
16748 517 NA
16749 517 NA
16750 517 NA
16751 517 NA
16752 517 NA
16753 517 NA
16754 518 NA
16755 518 NA
16756 518 NA
16757 518 NA
16759 518 NA
16760 516 NA
16761 516 NA
16762 516 NA
16763 516 NA
16764 516 NA
16765 516 NA
16766 516 NA
16767 525 NA
16768 525 NA
16769 525 NA
16770 525 NA
16771 525 NA
16772 525 NA
16773 525 NA
16774 530 NA
16775 530 NA
16776 530 NA
16777 530 NA
16778 530 NA
16779 530 NA
16780 530 NA
16781 545 NA
16782 545 NA
16783 545 NA
16784 545 NA
16785 545 NA
16786 563 NA
16787 563 NA
16788 563 NA
16789 563 NA
16790 563 NA
16791 563 NA
16792 563 NA
16793 561 NA
16794 561 NA
16795 561 NA
16796 561 NA
16797 561 NA
16798 561 NA
16799 561 NA
16800 557 NA
16801 557 NA
16802 557 NA
16803 557 NA
16804 557 NA
16807 558 NA
16808 558 NA
16809 558 NA
16810 558 NA
16811 558 NA
16812 558 NA
16813 561 NA
16814 561 NA
16815 561 NA
16816 561 NA
16817 561 NA
16818 561 NA
16820 561 NA
16821 561 NA
16823 561 NA
16824 561 NA
16825 561 NA
16826 567 NA
16827 567 NA
16828 567 NA
16829 567 NA
16830 592 NA
16831 592 NA
16832 592 NA
16833 592 NA
16834 620 NA
16835 620 NA
16836 620 NA
16837 620 NA
16838 620 NA
16839 620 NA
16840 650 NA
16841 650 NA
16842 650 NA
16843 650 NA
16844 650 NA
16845 682 NA
16847 682 NA
16849 682 NA
16850 682 NA
16851 716 NA
16852 716 NA
16853 716 NA
16854 716 NA
16855 716 NA
16856 750 NA
16857 750 NA
16858 750 NA
16859 750 NA
16860 750 NA
16861 773 NA
16862 773 NA
16863 773 NA
16864 773 NA
16865 773 NA
16866 811 NA
16867 811 NA
16869 811 NA
16870 811 NA
16871 811 NA
16872 848 NA
16873 848 NA
16874 848 NA
16875 848 NA
16876 848 NA
16878 889 NA
16879 889 NA
16880 889 NA
16881 889 NA
16884 891 NA
16885 891 NA
16886 891 NA
16887 891 NA
16888 891 NA
16889 891 NA
16890 928 NA
16892 928 NA
16893 928 NA
16894 928 NA
16895 928 NA
16896 957 NA
16897 957 NA
16898 957 NA
16899 957 NA
16900 957 NA
16901 957 NA
16902 1002 NA
16903 1002 NA
16904 1002 NA
16905 1002 NA
16906 1002 NA
16907 1002 NA
16908 1002 NA
16909 1021 NA
16910 1021 NA
16911 1021 NA
16912 1021 NA
16913 1021 NA
16914 1021 NA
16915 1067 NA
16916 1067 NA
16917 1067 NA
16918 1067 NA
16919 1067 NA
16920 1067 NA
16921 1086 NA
16922 1086 NA
16923 1086 NA
16924 1086 NA
16925 1086 NA
16926 1086 NA
16927 1095 NA
16928 1095 NA
16929 1095 NA
16930 1095 NA
16931 1095 NA
16932 1095 NA
16933 1095 NA
16934 1114 NA
16935 1114 NA
16937 1114 NA
16938 1114 NA
16939 1114 NA
16940 1129 NA
16941 1129 NA
16942 1129 NA
16943 1129 NA
16944 1129 NA
16945 1170 NA
16946 1170 NA
16949 1170 NA
16950 1170 NA
16951 1156 NA
16952 1156 NA
16953 1156 NA
16954 1156 NA
16955 1156 NA
16956 1156 NA
16957 1152 NA
16958 1152 NA
16959 1152 NA
16960 1152 NA
16967 1174 NA
16968 1174 NA
16969 1191 NA
16970 1191 NA
16971 1191 NA
16972 1191 NA
16974 1191 NA
16975 1190 NA
16976 1190 NA
16977 1190 NA
16978 1190 NA
16979 1190 NA
16980 1190 NA
16981 1208 NA
16982 1208 NA
16984 1208 NA
16985 1208 NA
16986 1208 NA
16987 1208 NA
16988 1174 NA
16989 1174 NA
16990 1174 NA
16991 1174 NA
16992 1174 NA
16993 1174 NA
16994 1174 NA
16999 1161 NA
17000 1161 NA
17001 1161 NA
17006 1141 NA
17007 1141 NA
17014 1134 NA
17015 1134 NA
17016 1134 NA
17017 1134 NA
17018 1134 NA
17019 1085 NA
17020 1085 NA
17021 1085 NA
17022 1085 NA
17023 1085 NA
17024 1085 NA
17025 1085 NA
17026 1049 NA
17027 1049 NA
17028 1049 NA
17029 1049 NA
17031 1049 NA
17032 1049 NA
17033 1049 NA
17034 1049 NA
17035 1049 NA
17036 1016 NA
17037 1016 NA
17038 1016 NA
17039 1016 NA
17040 1016 NA
17042 1016 NA
17044 1007 NA
17045 1007 NA
17046 1007 NA
17047 1007 NA
17048 1007 NA
17049 1007 NA
17050 1007 NA
17051 1007 NA
17052 1014 NA
17053 1014 NA
17054 1014 NA
17055 1014 NA
17056 1014 NA
17057 1014 NA
17058 1014 NA
17059 1014 NA
17060 1040 NA
17061 1040 NA
17062 1040 NA
17063 1040 NA
17064 1040 NA
17069 1020 NA
17070 1020 NA
17071 1020 NA
17072 1020 NA
17073 1020 NA
17075 1020 NA
17076 976 NA
17077 976 NA
17078 976 NA
17079 976 NA
17080 976 NA
17081 976 NA
17083 976 NA
17084 976 NA
17085 948 NA
17086 948 NA
17087 948 NA
17088 948 NA
17089 948 NA
17091 948 NA
17092 948 NA
17093 907 NA
17094 907 NA
17095 907 NA
17096 907 NA
17097 907 NA
17098 907 NA
17099 907 NA
17100 907 NA
17101 907 NA
17102 880 NA
17103 880 NA
17104 880 NA
17105 880 NA
17106 880 NA
17107 880 NA
17108 880 NA
17109 880 NA
17110 880 NA
17111 880 NA
17112 860 NA
17113 860 NA
17114 860 NA
17115 860 NA
17117 860 NA
17118 860 NA
17119 860 NA
17123 832 NA
17124 832 NA
17125 832 NA
17126 832 NA
17127 832 NA
17129 832 NA
17130 832 NA
17131 841 NA
17132 841 NA
17133 841 NA
17134 841 NA
17135 841 NA
17136 841 NA
17138 841 NA
17139 870 NA
17140 870 NA
17141 870 NA
17142 870 NA
17143 870 NA
17144 870 NA
17145 870 NA
17146 870 NA
17147 862 NA
17148 862 NA
17149 862 NA
