"Index" "Price" "Volume"
15664 3450 NA
15665 3450 NA
15666 3450 NA
15667 3324 NA
15668 3324 NA
15669 3324 NA
15670 3324 NA
15671 3190 NA
15672 3190 NA
15673 3190 NA
15674 3190 NA
15675 3190 NA
15676 3190 NA
15677 3050 NA
15678 3050 NA
15679 3050 NA
15680 3050 NA
15681 3050 NA
15682 3050 NA
15683 3050 NA
15684 2930 NA
15685 2930 NA
15686 2930 NA
15687 2930 NA
15688 2930 NA
15689 2930 NA
15690 2930 NA
15691 2930 NA
15692 2798 NA
15693 2798 NA
15694 2798 NA
15695 2798 NA
15696 2798 NA
15697 2798 NA
15698 2798 NA
15699 2798 NA
15700 2798 NA
15701 2674 NA
15702 2674 NA
15703 2674 NA
15704 2674 NA
15705 2674 NA
15706 2674 NA
15707 2674 NA
15708 2674 NA
15709 2674 NA
15710 2560 NA
15711 2560 NA
15712 2560 NA
15713 2560 NA
15714 2560 NA
15715 2560 NA
15716 2560 NA
15717 2560 NA
15718 2560 NA
15719 2560 NA
15720 2560 NA
15721 2560 NA
15722 2461 NA
15723 2461 NA
15724 2461 NA
15725 2461 NA
15726 2461 NA
15727 2461 NA
15728 2461 NA
15729 2461 NA
15730 2461 NA
15731 2461 NA
15732 2360 NA
15733 2360 NA
15734 2360 NA
15735 2360 NA
15736 2360 NA
15737 2360 NA
15738 2360 NA
15739 2360 NA
15740 2360 NA
15741 2360 NA
15742 2360 NA
15743 2275 NA
15744 2275 NA
15745 2275 NA
15746 2275 NA
15747 2275 NA
15748 2275 NA
15749 2275 NA
15750 2275 NA
15751 2275 NA
15752 2275 NA
15753 2275 NA
15754 2217 NA
15755 2217 NA
15756 2217 NA
15757 2217 NA
15758 2217 NA
15759 2217 NA
15760 2217 NA
15761 2217 NA
15762 2217 NA
15763 2217 NA
15764 2191 NA
15765 2191 NA
15766 2191 NA
15767 2191 NA
15768 2191 NA
15769 2191 NA
15770 2191 NA
15771 2191 NA
15772 2191 NA
15773 2191 NA
15774 2191 NA
15775 2185 NA
15776 2185 NA
15777 2185 NA
15778 2185 NA
15779 2185 NA
15780 2185 NA
15781 2185 NA
15782 2185 NA
15783 2185 NA
15784 2185 NA
15785 2185 NA
15786 2197 NA
15787 2197 NA
15788 2197 NA
15789 2197 NA
15790 2197 NA
15791 2197 NA
15792 2197 NA
15793 2197 NA
15794 2197 NA
15795 2197 NA
15796 2197 NA
15797 2213 NA
15798 2213 NA
15799 2213 NA
15800 2213 NA
15801 2213 NA
15802 2213 NA
15803 2213 NA
15804 2213 NA
15805 2213 NA
15806 2213 NA
15807 2213 NA
15808 2182 NA
15809 2182 NA
15810 2182 NA
15811 2182 NA
15812 2182 NA
15813 2182 NA
15814 2182 NA
15815 2182 NA
15816 2182 NA
15817 2182 NA
15818 2182 NA
15819 2197 NA
15820 2197 NA
15821 2197 NA
15822 2197 NA
15823 2197 NA
15824 2197 NA
15825 2197 NA
15826 2197 NA
15827 2197 NA
15828 2197 NA
15829 2197 NA
15830 2197 NA
15831 2197 NA
15832 2197 NA
15833 2197 NA
15834 2210 NA
15835 2210 NA
15836 2210 NA
15837 2210 NA
15838 2210 NA
15839 2210 NA
15840 2210 NA
15841 2210 NA
15842 2210 NA
15843 2210 NA
15844 2210 NA
15845 2210 NA
15846 2210 NA
15847 2210 NA
15848 2210 NA
15849 2210 NA
15850 2211 NA
15851 2211 NA
15852 2211 NA
15853 2211 NA
15854 2211 NA
15855 2211 NA
15856 2211 NA
15857 2211 NA
15858 2211 NA
15859 2211 NA
15860 2211 NA
15861 2211 NA
15862 2211 NA
15863 2211 NA
15864 2211 NA
15865 2221 NA
15866 2221 NA
15867 2221 NA
15868 2221 NA
15869 2221 NA
15870 2221 NA
15871 2221 NA
15872 2221 NA
15873 2221 NA
15874 2221 NA
15875 2221 NA
15876 2221 NA
15877 2221 NA
15878 2221 NA
15879 2221 NA
15880 2221 NA
15881 2221 NA
15882 2196 NA
15883 2196 NA
15884 2196 NA
15885 2196 NA
15886 2196 NA
15887 2196 NA
15888 2196 NA
15889 2196 NA
15890 2196 NA
15891 2196 NA
15892 2196 NA
15893 2196 NA
15894 2196 NA
15895 2196 NA
15896 2196 NA
15897 2170 NA
15898 2170 NA
15899 2170 NA
15900 2170 NA
15901 2170 NA
15902 2170 NA
15903 2170 NA
15904 2170 NA
15905 2170 NA
15906 2170 NA
15907 2170 NA
15908 2170 NA
15909 2170 NA
15910 2170 NA
15911 2140 NA
15912 2140 NA
15913 2140 NA
15914 2140 NA
15915 2140 NA
15916 2140 NA
15917 2140 NA
15918 2140 NA
15919 2140 NA
15920 2140 NA
15921 2140 NA
15922 2140 NA
15923 2140 NA
15924 2164 NA
15925 2164 NA
15926 2164 NA
15927 2164 NA
15928 2164 NA
15929 2164 NA
15930 2164 NA
15931 2164 NA
15932 2164 NA
15933 2164 NA
15934 2164 NA
15935 2164 NA
15936 2164 NA
15937 2164 NA
15938 2164 NA
15939 2164 NA
15940 2164 NA
15941 2169 NA
15942 2169 NA
15943 2169 NA
15944 2169 NA
15945 2169 NA
15946 2169 NA
15947 2169 NA
15948 2169 NA
15949 2169 NA
15950 2169 NA
15951 2169 NA
15952 2169 NA
15953 2169 NA
15954 2169 NA
15955 2169 NA
15956 2169 NA
15957 2169 NA
15958 2169 NA
15959 2169 NA
15960 2085 NA
15961 2085 NA
15962 2085 NA
15963 2085 NA
15964 2085 NA
15965 2085 NA
15966 2085 NA
15967 2085 NA
15968 2085 NA
15969 2085 NA
15970 2085 NA
15971 2085 NA
15972 2085 NA
15973 2085 NA
15974 2085 NA
15975 2085 NA
15976 2085 NA
15977 2085 NA
15978 2085 NA
15979 2085 NA
15980 2085 NA
15981 2085 NA
15982 2085 NA
15983 2085 NA
15984 2085 NA
15985 2081 NA
15986 2081 NA
15987 2081 NA
15988 2081 NA
15989 2081 NA
15990 2081 NA
15991 2081 NA
15992 2081 NA
15993 2081 NA
15994 2081 NA
15995 2081 NA
15996 2081 NA
15997 2081 NA
15998 2081 NA
15999 2081 NA
16000 2081 NA
16001 2081 NA
16002 2081 NA
16003 2081 NA
16004 2081 NA
16005 2081 NA
16006 2081 NA
16007 2081 NA
16008 2081 NA
16009 2081 NA
16010 2081 NA
16011 2042 NA
16012 2042 NA
16013 2042 NA
16014 2042 NA
16015 2042 NA
16016 2042 NA
16017 2042 NA
16018 2042 NA
16019 2042 NA
16020 2042 NA
16021 2042 NA
16022 2042 NA
16023 2042 NA
16024 2042 NA
16025 2042 NA
16026 2042 NA
16027 2042 NA
16028 2042 NA
16029 2042 NA
16030 2042 NA
16031 2042 NA
16032 2042 NA
16033 2042 NA
16034 2042 NA
16035 2042 NA
16036 2042 NA
16037 2042 NA
16038 2041 NA
16039 2041 NA
16040 2041 NA
16041 2041 NA
16042 2041 NA
16043 2041 NA
16044 2041 NA
16045 2041 NA
16046 2041 NA
16047 2041 NA
16048 2041 NA
16049 2041 NA
16050 2041 NA
16051 2041 NA
16052 2041 NA
16053 2041 NA
16054 2041 NA
16055 2041 NA
16056 2041 NA
16057 2041 NA
16058 2029 NA
16059 2029 NA
16060 2029 NA
16061 2029 NA
16062 2029 NA
16063 2029 NA
16064 2029 NA
16065 2029 NA
16066 2029 NA
16067 2029 NA
16068 2029 NA
16069 2029 NA
16070 2029 NA
16071 2029 NA
16072 2029 NA
16073 2029 NA
16074 2029 NA
16075 2029 NA
16076 2029 NA
16077 2029 NA
16078 2029 NA
16079 2029 NA
16080 2029 NA
16081 2029 NA
16082 2014 NA
16083 2014 NA
16084 2014 NA
16085 2014 NA
16086 2014 NA
16087 2014 NA
16088 2014 NA
16089 2014 NA
16090 2014 NA
16091 2014 NA
16092 2014 NA
16093 2014 NA
16094 2014 NA
16095 2014 NA
16096 2014 NA
16097 2014 NA
16098 2014 NA
16099 2014 NA
16100 2014 NA
16101 2014 NA
16102 2056 NA
16103 2056 NA
16104 2056 NA
16105 2056 NA
16106 2056 NA
16107 2056 NA
16108 2056 NA
16109 2056 NA
16110 2056 NA
16111 2056 NA
16112 2056 NA
16113 2056 NA
16114 2056 NA
16115 2056 NA
16116 2056 NA
16117 2056 NA
16118 2056 NA
16119 2056 NA
16120 2056 NA
16121 2056 NA
16122 2056 NA
16123 2058 NA
16124 2058 NA
16125 2058 NA
16126 2058 NA
16127 2058 NA
16128 2058 NA
16129 2058 NA
16130 2058 NA
16131 2058 NA
16132 2058 NA
16133 2058 NA
16134 2058 NA
16135 2058 NA
16136 2058 NA
16137 2058 NA
16138 2058 NA
16139 2058 NA
16140 2058 NA
16141 2058 NA
16142 2058 NA
16143 2058 NA
16144 2058 NA
16145 2058 NA
16146 2022 NA
16147 2022 NA
16148 2022 NA
16149 2022 NA
16150 2022 NA
16151 2022 NA
16152 2022 NA
16153 2022 NA
16154 2022 NA
16155 2022 NA
16156 2022 NA
16157 2022 NA
16158 2022 NA
16159 2022 NA
16160 2022 NA
16161 2022 NA
16162 2022 NA
16163 2022 NA
16164 2022 NA
16165 2022 NA
16166 2022 NA
16167 2022 NA
16168 2022 NA
16169 1933 NA
16170 1933 NA
16171 1933 NA
16172 1933 NA
16173 1933 NA
16174 1933 NA
16175 1933 NA
16176 1933 NA
16177 1933 NA
16178 1933 NA
16179 1933 NA
16180 1933 NA
16181 1933 NA
16182 1933 NA
16183 1933 NA
16184 1933 NA
16185 1933 NA
16186 1933 NA
16187 1933 NA
16188 1933 NA
16189 1905 NA
16190 1905 NA
16191 1905 NA
16192 1905 NA
16193 1905 NA
16194 1905 NA
16195 1905 NA
16196 1905 NA
16197 1905 NA
16198 1905 NA
16199 1905 NA
16200 1905 NA
16201 1905 NA
16202 1905 NA
16203 1905 NA
16204 1905 NA
16205 1905 NA
16206 1905 NA
16207 1905 NA
16208 1905 NA
16209 1905 NA
16210 1905 NA
16211 1905 NA
16212 1854 NA
16213 1854 NA
16214 1854 NA
16215 1854 NA
16216 1854 NA
16217 1854 NA
16218 1854 NA
16219 1854 NA
16220 1854 NA
16221 1854 NA
16222 1854 NA
16223 1854 NA
16224 1854 NA
16225 1854 NA
16226 1854 NA
16227 1854 NA
16228 1854 NA
16229 1854 NA
16230 1854 NA
16231 1854 NA
16232 1854 NA
16233 1854 NA
16234 1854 NA
16235 1829 NA
16236 1829 NA
16237 1829 NA
16238 1829 NA
16239 1829 NA
16240 1829 NA
16241 1829 NA
16242 1829 NA
16243 1829 NA
16244 1829 NA
16245 1829 NA
16246 1829 NA
16247 1829 NA
16248 1829 NA
16249 1829 NA
16250 1829 NA
16251 1829 NA
16252 1829 NA
16253 1829 NA
16254 1829 NA
16255 1829 NA
16256 1829 NA
16257 1829 NA
16258 1829 NA
16259 1824 NA
16260 1824 NA
16261 1824 NA
16262 1824 NA
16263 1824 NA
16264 1824 NA
16265 1824 NA
16266 1824 NA
16267 1824 NA
16268 1824 NA
16269 1824 NA
16270 1824 NA
16271 1824 NA
16272 1824 NA
16273 1824 NA
16274 1825 NA
16275 1825 NA
16276 1825 NA
16277 1825 NA
16278 1825 NA
16279 1825 NA
16280 1825 NA
16281 1825 NA
16282 1825 NA
16283 1825 NA
16284 1825 NA
16285 1825 NA
16286 1825 NA
16287 1825 NA
16288 1838 NA
16289 1838 NA
16290 1838 NA
16291 1838 NA
16292 1838 NA
16293 1838 NA
16294 1838 NA
16295 1838 NA
16296 1838 NA
16297 1838 NA
16298 1838 NA
16299 1838 NA
16300 1838 NA
16301 1838 NA
16302 1838 NA
16303 1847 NA
16304 1847 NA
16305 1847 NA
16306 1847 NA
16307 1847 NA
16308 1847 NA
16309 1847 NA
16310 1847 NA
16311 1847 NA
16312 1847 NA
16313 1847 NA
16314 1847 NA
16315 1847 NA
16316 1847 NA
16317 1847 NA
16318 1847 NA
16319 1847 NA
16320 1847 NA
16321 1847 NA
16322 1847 NA
16323 1847 NA
16324 1873 NA
16325 1873 NA
16326 1873 NA
16327 1873 NA
16328 1873 NA
16329 1873 NA
16330 1873 NA
16331 1873 NA
16332 1873 NA
16333 1873 NA
16334 1873 NA
16335 1873 NA
16336 1873 NA
16337 1873 NA
16338 1873 NA
16339 1873 NA
16340 1873 NA
16341 1873 NA
16342 1873 NA
16343 1873 NA
16344 1873 NA
16345 1873 NA
16346 1873 NA
16347 1873 NA
16348 1873 NA
16349 1873 NA
16350 1873 NA
16351 1873 NA
16352 1873 NA
16353 1873 NA
16354 1873 NA
16355 1890 NA
16356 1890 NA
16357 1890 NA
16358 1890 NA
16359 1890 NA
16360 1890 NA
16361 1890 NA
16362 1890 NA
16363 1890 NA
16364 1890 NA
16365 1890 NA
16366 1890 NA
16367 1890 NA
16368 1890 NA
16369 1890 NA
16370 1890 NA
16371 1890 NA
16372 1890 NA
16373 1890 NA
16374 1890 NA
16375 1890 NA
16376 1890 NA
16377 1890 NA
16378 1890 NA
16379 1869 NA
16380 1869 NA
16381 1869 NA
16382 1869 NA
16383 1869 NA
16384 1869 NA
16385 1869 NA
16386 1869 NA
16387 1869 NA
16388 1869 NA
16389 1869 NA
16390 1869 NA
16391 1869 NA
16392 1869 NA
16393 1869 NA
16394 1869 NA
16395 1869 NA
16396 1869 NA
16397 1869 NA
16398 1869 NA
16399 1869 NA
16400 1869 NA
16401 1869 NA
16402 1869 NA
16403 1843 NA
16404 1843 NA
16405 1843 NA
16406 1843 NA
16407 1843 NA
16408 1843 NA
16409 1843 NA
16410 1843 NA
16411 1843 NA
16412 1843 NA
16413 1843 NA
16414 1843 NA
16415 1843 NA
16416 1843 NA
16417 1843 NA
16418 1843 NA
16419 1843 NA
16420 1843 NA
16421 1843 NA
16422 1843 NA
16423 1843 NA
16424 1843 NA
16425 1805 NA
16426 1805 NA
16427 1805 NA
16428 1805 NA
16429 1805 NA
16430 1805 NA
16431 1805 NA
16432 1805 NA
16433 1805 NA
16434 1805 NA
16435 1805 NA
16436 1805 NA
16437 1805 NA
16438 1805 NA
16439 1805 NA
16440 1805 NA
16441 1805 NA
16442 1805 NA
16443 1805 NA
16444 1805 NA
16445 1778 NA
16446 1778 NA
16447 1778 NA
16448 1778 NA
16449 1778 NA
16450 1778 NA
16451 1778 NA
16452 1778 NA
16453 1778 NA
16454 1778 NA
16455 1778 NA
16456 1778 NA
16457 1778 NA
16458 1778 NA
16459 1778 NA
16460 1778 NA
16461 1778 NA
16462 1778 NA
16463 1778 NA
16464 1778 NA
16465 1778 NA
16466 1770 NA
16467 1770 NA
16468 1770 NA
16469 1770 NA
16470 1770 NA
16471 1770 NA
16472 1770 NA
16473 1770 NA
16474 1770 NA
16475 1770 NA
16476 1770 NA
16477 1770 NA
16478 1770 NA
16479 1770 NA
16480 1770 NA
16481 1770 NA
16482 1770 NA
16483 1770 NA
16484 1770 NA
16485 1770 NA
16486 1770 NA
16487 1755 NA
16488 1755 NA
16489 1755 NA
16490 1755 NA
16491 1755 NA
16492 1755 NA
16493 1755 NA
16494 1755 NA
16495 1755 NA
16496 1755 NA
16497 1755 NA
16498 1755 NA
16499 1755 NA
16500 1755 NA
16501 1755 NA
16502 1755 NA
16503 1755 NA
16504 1755 NA
16505 1699 NA
16506 1699 NA
16507 1699 NA
16508 1699 NA
16509 1699 NA
16510 1699 NA
16511 1699 NA
16512 1699 NA
16513 1699 NA
16514 1699 NA
16515 1699 NA
16516 1699 NA
16517 1699 NA
16518 1699 NA
16519 1699 NA
16520 1699 NA
16521 1699 NA
16522 1699 NA
16523 1699 NA
16524 1699 NA
16525 1699 NA
16526 1699 NA
16527 1699 NA
16528 1699 NA
16529 1699 NA
16530 1682 NA
16531 1682 NA
16532 1682 NA
16533 1682 NA
16534 1682 NA
16535 1682 NA
16536 1682 NA
16537 1682 NA
16538 1682 NA
16539 1682 NA
16540 1682 NA
16541 1682 NA
16542 1682 NA
16543 1682 NA
16544 1682 NA
16545 1682 NA
16546 1682 NA
16547 1682 NA
16548 1682 NA
16549 1682 NA
16550 1682 NA
16551 1682 NA
16552 1682 NA
16553 1682 NA
16554 1682 NA
16555 1671 NA
16556 1671 NA
16557 1671 NA
16558 1671 NA
16559 1671 NA
16560 1671 NA
16561 1671 NA
16562 1671 NA
16563 1671 NA
16564 1671 NA
16565 1671 NA
16566 1671 NA
16567 1671 NA
16568 1671 NA
16569 1671 NA
16570 1671 NA
16571 1671 NA
16572 1671 NA
16573 1671 NA
16574 1671 NA
16575 1671 NA
16576 1671 NA
16577 1671 NA
16578 1671 NA
16579 1671 NA
16580 1676 NA
16581 1676 NA
16582 1676 NA
16583 1676 NA
16584 1676 NA
16585 1676 NA
16586 1676 NA
16587 1676 NA
16588 1676 NA
16589 1676 NA
16590 1676 NA
16591 1676 NA
16592 1676 NA
16593 1676 NA
16594 1676 NA
16595 1676 NA
16596 1676 NA
16597 1676 NA
16598 1676 NA
16599 1676 NA
16600 1676 NA
16601 1676 NA
16602 1676 NA
16603 1667 NA
16604 1667 NA
16605 1667 NA
16606 1667 NA
16607 1667 NA
16608 1667 NA
16609 1667 NA
16610 1667 NA
16611 1667 NA
16612 1667 NA
16613 1667 NA
16614 1667 NA
16615 1667 NA
16616 1667 NA
16617 1667 NA
16618 1667 NA
16619 1667 NA
16620 1667 NA
16621 1667 NA
16622 1667 NA
16623 1667 NA
16624 1667 NA
16625 1667 NA
16626 1667 NA
16627 1667 NA
16628 1667 NA
16629 1665 NA
16630 1665 NA
16631 1665 NA
16632 1665 NA
16633 1665 NA
16634 1665 NA
16635 1665 NA
16636 1665 NA
16637 1665 NA
16638 1665 NA
16639 1665 NA
16640 1665 NA
16641 1665 NA
16642 1665 NA
16643 1665 NA
16644 1665 NA
16645 1665 NA
16646 1665 NA
16647 1665 NA
16648 1665 NA
16649 1665 NA
16650 1665 NA
16651 1665 NA
16652 1665 NA
16653 1665 NA
16654 1665 NA
16655 1678 NA
16656 1678 NA
16657 1678 NA
16658 1678 NA
16659 1678 NA
16660 1678 NA
16661 1678 NA
16662 1678 NA
16663 1678 NA
16665 1678 NA
16666 1678 NA
16668 1678 NA
16669 1678 NA
16670 1678 NA
16671 1678 NA
16672 1678 NA
16673 1678 NA
16674 1678 NA
16675 1678 NA
16676 1678 NA
16677 1678 NA
16678 1678 NA
16679 1678 NA
16680 1678 NA
16681 1678 NA
16682 1678 NA
16683 1678 NA
16684 1678 NA
16685 1689 NA
16686 1689 NA
16687 1689 NA
16688 1689 NA
16689 1689 NA
16690 1689 NA
16691 1689 NA
16692 1689 NA
16693 1689 NA
16694 1689 NA
16695 1689 NA
16696 1689 NA
16697 1689 NA
16698 1689 NA
16699 1689 NA
16700 1689 NA
16701 1689 NA
16702 1689 NA
16703 1689 NA
16704 1689 NA
16705 1689 NA
16706 1689 NA
16707 1689 NA
16708 1689 NA
16709 1689 NA
16710 1689 NA
16711 1689 NA
16712 1684 NA
16715 1684 NA
16717 1684 NA
16719 1684 NA
16720 1684 NA
16721 1684 NA
16722 1684 NA
16723 1684 NA
16724 1684 NA
16725 1684 NA
16726 1684 NA
16727 1684 NA
16728 1684 NA
16730 1684 NA
16731 1684 NA
16732 1684 NA
16733 1684 NA
16734 1684 NA
16735 1684 NA
16736 1684 NA
16737 1684 NA
16738 1653 NA
16739 1653 NA
16740 1653 NA
16741 1653 NA
16742 1653 NA
16743 1653 NA
16744 1653 NA
16745 1653 NA
16746 1653 NA
16747 1653 NA
16748 1653 NA
16749 1653 NA
16750 1653 NA
16751 1653 NA
16752 1653 NA
16753 1653 NA
16754 1653 NA
16755 1653 NA
16756 1653 NA
16757 1653 NA
16759 1653 NA
16760 1653 NA
16761 1653 NA
16762 1653 NA
16763 1653 NA
16764 1653 NA
16765 1653 NA
16766 1653 NA
16767 1653 NA
16768 1675 NA
16769 1675 NA
16770 1675 NA
16771 1675 NA
16772 1675 NA
16773 1675 NA
16774 1675 NA
16775 1675 NA
16776 1675 NA
16777 1675 NA
16778 1675 NA
16779 1675 NA
16780 1675 NA
16781 1675 NA
16782 1675 NA
16783 1675 NA
16784 1675 NA
16785 1675 NA
16786 1675 NA
16787 1675 NA
16788 1675 NA
16789 1675 NA
16790 1675 NA
16791 1675 NA
16792 1675 NA
16793 1675 NA
16794 1675 NA
16795 1675 NA
16796 1675 NA
16797 1675 NA
16798 1675 NA
16799 1675 NA
16800 1669 NA
16801 1669 NA
16802 1669 NA
16803 1669 NA
16804 1669 NA
16807 1669 NA
16808 1669 NA
16809 1669 NA
16810 1669 NA
16811 1669 NA
16812 1669 NA
16813 1669 NA
16814 1669 NA
16815 1669 NA
16816 1669 NA
16817 1669 NA
16818 1669 NA
16820 1669 NA
16821 1669 NA
16823 1669 NA
16824 1669 NA
16825 1669 NA
16826 1671 NA
16827 1671 NA
16828 1671 NA
16829 1671 NA
16830 1671 NA
16831 1671 NA
16832 1671 NA
16833 1671 NA
16834 1671 NA
16835 1671 NA
16836 1671 NA
16837 1730 NA
16838 1730 NA
16839 1730 NA
16840 1730 NA
16841 1730 NA
16842 1730 NA
16843 1730 NA
16844 1730 NA
16845 1730 NA
16847 1730 NA
16849 1730 NA
16850 1730 NA
16851 1730 NA
16852 1730 NA
16853 1730 NA
16854 1730 NA
16855 1730 NA
16856 1730 NA
16857 1730 NA
16858 1792 NA
16859 1792 NA
16860 1792 NA
16861 1792 NA
16862 1792 NA
16863 1792 NA
16864 1792 NA
16865 1841 NA
16866 1841 NA
16867 1841 NA
16869 1841 NA
16870 1841 NA
16871 1841 NA
16872 1841 NA
16873 1841 NA
16874 1902 NA
16875 1902 NA
16876 1902 NA
16878 1902 NA
16879 1902 NA
16880 1902 NA
16881 1902 NA
16884 1981 NA
16885 1981 NA
16886 1981 NA
16887 1981 NA
16888 1981 NA
16889 1981 NA
16890 1981 NA
16892 1981 NA
16893 2059 NA
16894 2059 NA
16895 2059 NA
16896 2059 NA
16897 2059 NA
16898 2059 NA
16899 2059 NA
16900 2059 NA
16901 2059 NA
16902 2141 NA
16903 2141 NA
16904 2141 NA
16905 2141 NA
16906 2141 NA
16907 2141 NA
16908 2141 NA
16909 2141 NA
16910 2141 NA
16911 2141 NA
16912 2141 NA
16913 2230 NA
16914 2230 NA
16915 2230 NA
16916 2230 NA
16917 2230 NA
16918 2230 NA
16919 2230 NA
16920 2230 NA
16921 2230 NA
16922 2230 NA
16923 2332 NA
16924 2332 NA
16925 2332 NA
16926 2332 NA
16927 2332 NA
16928 2332 NA
16929 2332 NA
16930 2332 NA
16931 2332 NA
16932 2332 NA
16933 2332 NA
16934 2332 NA
16935 2332 NA
16937 2431 NA
16938 2431 NA
16939 2431 NA
16940 2431 NA
16941 2431 NA
16942 2431 NA
16943 2431 NA
16944 2431 NA
16945 2431 NA
16946 2545 NA
16949 2545 NA
16950 2545 NA
16951 2545 NA
16952 2545 NA
16953 2545 NA
16954 2545 NA
16955 2545 NA
16956 2545 NA
16957 2622 NA
16958 2622 NA
16959 2622 NA
16960 2622 NA
16967 2722 NA
16968 2722 NA
16969 2722 NA
16970 2722 NA
16971 2722 NA
16972 2722 NA
16974 2722 NA
16975 2722 NA
16976 2831 NA
16977 2831 NA
16978 2831 NA
16979 2831 NA
16980 2831 NA
16981 2831 NA
16982 2831 NA
16984 2831 NA
16985 2831 NA
16986 2831 NA
16987 2939 NA
16988 2939 NA
16989 2939 NA
16990 2939 NA
16991 2939 NA
16992 2939 NA
16993 2939 NA
16994 2939 NA
16999 3038 NA
17000 3038 NA
17001 3038 NA
17006 3038 NA
17007 3038 NA
17014 3125 NA
17015 3125 NA
17016 3125 NA
17017 3125 NA
17018 3125 NA
17019 3125 NA
17020 3125 NA
17021 3125 NA
17022 3125 NA
17023 3125 NA
17024 3125 NA
17025 3125 NA
17026 3150 NA
17027 3150 NA
17028 3150 NA
17029 3150 NA
17031 3150 NA
17032 3150 NA
17033 3150 NA
17034 3150 NA
17035 3150 NA
17036 3150 NA
17037 3150 NA
17038 3150 NA
17039 3150 NA
17040 3150 NA
17042 3221 NA
17044 3221 NA
17045 3221 NA
17046 3221 NA
17047 3221 NA
17048 3221 NA
17049 3221 NA
17050 3221 NA
17051 3221 NA
17052 3221 NA
17053 3221 NA
17054 3221 NA
17055 3221 NA
17056 3304 NA
17057 3304 NA
17058 3304 NA
17059 3304 NA
17060 3304 NA
17061 3304 NA
17062 3304 NA
17063 3304 NA
17064 3304 NA
17069 3375 NA
17070 3375 NA
17071 3375 NA
17072 3375 NA
17073 3375 NA
17075 3375 NA
17076 3375 NA
17077 3375 NA
17078 3375 NA
17079 3264 NA
17080 3264 NA
17081 3264 NA
17083 3264 NA
17084 3264 NA
17085 3264 NA
17086 3264 NA
17087 3264 NA
17088 3264 NA
17089 3264 NA
17091 3264 NA
17092 3304 NA
17093 3304 NA
17094 3304 NA
17095 3304 NA
17096 3304 NA
17097 3304 NA
17098 3304 NA
17099 3304 NA
17100 3304 NA
17101 3304 NA
17102 3304 NA
17103 3304 NA
17104 3304 NA
17105 3304 NA
17106 3304 NA
17107 3396 NA
17108 3396 NA
17109 3396 NA
17110 3396 NA
17111 3396 NA
17112 3396 NA
17113 3396 NA
17114 3396 NA
17115 3396 NA
17117 3396 NA
17118 3396 NA
17119 3396 NA
17123 3510 NA
17124 3510 NA
17125 3510 NA
17126 3510 NA
17127 3510 NA
17129 3510 NA
17130 3510 NA
17131 3510 NA
17132 3510 NA
17133 3510 NA
17134 3510 NA
17135 3553 NA
17136 3553 NA
17138 3553 NA
17139 3553 NA
17140 3553 NA
17141 3553 NA
17142 3553 NA
17143 3553 NA
17144 3553 NA
17145 3553 NA
17146 3553 NA
17147 3640 NA
