"Index" "Price" "Volume"
15664 1300 NA
15665 1300 NA
15666 1253 NA
15667 1253 NA
15668 1253 NA
15669 1200 NA
15670 1200 NA
15671 1200 NA
15672 1200 NA
15673 1146 NA
15674 1146 NA
15675 1146 NA
15676 1094 NA
15677 1094 NA
15678 1094 NA
15679 1046 NA
15680 1046 NA
15681 1046 NA
15682 1046 NA
15683 1000 NA
15684 1000 NA
15685 1000 NA
15686 1000 NA
15687 958 NA
15688 958 NA
15689 958 NA
15690 958 NA
15691 918 NA
15692 918 NA
15693 918 NA
15694 918 NA
15695 880 NA
15696 880 NA
15697 880 NA
15698 880 NA
15699 840 NA
15700 840 NA
15701 840 NA
15702 840 NA
15703 804 NA
15704 804 NA
15705 804 NA
15706 804 NA
15707 767 NA
15708 767 NA
15709 767 NA
15710 767 NA
15711 733 NA
15712 733 NA
15713 733 NA
15714 733 NA
15715 733 NA
15716 699 NA
15717 699 NA
15718 699 NA
15719 699 NA
15720 699 NA
15721 669 NA
15722 669 NA
15723 669 NA
15724 669 NA
15725 669 NA
15726 638 NA
15727 638 NA
15728 638 NA
15729 638 NA
15730 610 NA
15731 610 NA
15732 610 NA
15733 610 NA
15734 610 NA
15735 584 NA
15736 584 NA
15737 584 NA
15738 584 NA
15739 584 NA
15740 558 NA
15741 558 NA
15742 558 NA
15743 558 NA
15744 558 NA
15745 558 NA
15746 533 NA
15747 533 NA
15748 533 NA
15749 533 NA
15750 533 NA
15751 533 NA
15752 520 NA
15753 520 NA
15754 520 NA
15755 520 NA
15756 520 NA
15757 520 NA
15758 511 NA
15759 511 NA
15760 511 NA
15761 511 NA
15762 511 NA
15763 511 NA
15764 500 NA
15765 500 NA
15766 500 NA
15767 500 NA
15768 500 NA
15769 502 NA
15770 502 NA
15771 502 NA
15772 502 NA
15773 502 NA
15774 502 NA
15775 502 NA
15776 489 NA
15777 489 NA
15778 489 NA
15779 489 NA
15780 489 NA
15781 489 NA
15782 489 NA
15783 486 NA
15784 486 NA
15785 486 NA
15786 486 NA
15787 486 NA
15788 486 NA
15789 486 NA
15790 486 NA
15791 473 NA
15792 473 NA
15793 473 NA
15794 473 NA
15795 473 NA
15796 473 NA
15797 473 NA
15798 472 NA
15799 471 NA
15800 470 NA
15801 468 NA
15802 467 NA
15803 466 NA
15804 465 NA
15805 466 NA
15806 466 NA
15807 466 NA
15808 466 NA
15809 466 NA
15810 466 NA
15811 479 NA
15812 479 NA
15813 479 NA
15814 479 NA
15815 479 NA
15816 479 NA
15817 479 NA
15818 486 NA
15819 486 NA
15820 486 NA
15821 486 NA
15822 486 NA
15823 486 NA
15824 486 NA
15825 497 NA
15826 497 NA
15827 497 NA
15828 497 NA
15829 497 NA
15830 497 NA
15831 497 NA
15832 497 NA
15833 511 NA
15834 511 NA
15835 511 NA
15836 511 NA
15837 511 NA
15838 511 NA
15839 511 NA
15840 511 NA
15841 512 NA
15842 512 NA
15843 512 NA
15844 512 NA
15845 512 NA
15846 512 NA
15847 512 NA
15848 512 NA
15849 525 NA
15850 525 NA
15851 525 NA
15852 525 NA
15853 525 NA
15854 525 NA
15855 525 NA
15856 525 NA
15857 525 NA
15858 532 NA
15859 532 NA
15860 532 NA
15861 532 NA
15862 532 NA
15863 532 NA
15864 532 NA
15865 532 NA
15866 532 NA
15867 534 NA
15868 534 NA
15869 534 NA
15870 534 NA
15871 534 NA
15872 534 NA
15873 534 NA
15874 534 NA
15875 542 NA
15876 542 NA
15877 542 NA
15878 542 NA
15879 542 NA
15880 542 NA
15881 542 NA
15882 542 NA
15883 542 NA
15884 554 NA
15885 554 NA
15886 554 NA
15887 554 NA
15888 554 NA
15889 554 NA
15890 554 NA
15891 554 NA
15892 554 NA
15893 553 NA
15894 553 NA
15895 553 NA
15896 553 NA
15897 553 NA
15898 553 NA
15899 553 NA
15900 553 NA
15901 561 NA
15902 561 NA
15903 561 NA
15904 561 NA
15905 561 NA
15906 561 NA
15907 561 NA
15908 561 NA
15909 561 NA
15910 568 NA
15911 568 NA
15912 568 NA
15913 568 NA
15914 568 NA
15915 568 NA
15916 568 NA
15917 563 NA
15918 563 NA
15919 563 NA
15920 563 NA
15921 563 NA
15922 563 NA
15923 563 NA
15924 563 NA
15925 569 NA
15926 569 NA
15927 569 NA
15928 569 NA
15929 569 NA
15930 569 NA
15931 569 NA
15932 569 NA
15933 569 NA
15934 552 NA
15935 552 NA
15936 552 NA
15937 552 NA
15938 552 NA
15939 552 NA
15940 552 NA
15941 552 NA
15942 552 NA
15943 552 NA
15944 552 NA
15945 543 NA
15946 543 NA
15947 543 NA
15948 543 NA
15949 543 NA
15950 543 NA
15951 543 NA
15952 543 NA
15953 543 NA
15954 543 NA
15955 543 NA
15956 543 NA
15957 543 NA
15958 532 NA
15959 532 NA
15960 532 NA
15961 532 NA
15962 532 NA
15963 532 NA
15964 532 NA
15965 532 NA
15966 532 NA
15967 532 NA
15968 532 NA
15969 532 NA
15970 532 NA
15971 532 NA
15972 532 NA
15973 532 NA
15974 536 NA
15975 536 NA
15976 536 NA
15977 536 NA
15978 536 NA
15979 536 NA
15980 536 NA
15981 536 NA
15982 536 NA
15983 536 NA
15984 536 NA
15985 536 NA
15986 535 NA
15987 533 NA
15988 532 NA
15989 531 NA
15990 529 NA
15991 528 NA
15992 526 NA
15993 525 NA
15994 525 NA
15995 525 NA
15996 525 NA
15997 525 NA
15998 525 NA
15999 525 NA
16000 525 NA
16001 525 NA
16002 525 NA
16003 525 NA
16004 525 NA
16005 525 NA
16006 525 NA
16007 525 NA
16008 521 NA
16009 521 NA
16010 521 NA
16011 521 NA
16012 521 NA
16013 521 NA
16014 521 NA
16015 521 NA
16016 521 NA
16017 521 NA
16018 521 NA
16019 521 NA
16020 521 NA
16021 521 NA
16022 521 NA
16023 521 NA
16024 510 NA
16025 510 NA
16026 510 NA
16027 510 NA
16028 510 NA
16029 510 NA
16030 510 NA
16031 510 NA
16032 510 NA
16033 510 NA
16034 510 NA
16035 509 NA
16036 509 NA
16037 508 NA
16038 507 NA
16039 506 NA
16040 506 NA
16041 505 NA
16042 505 NA
16043 505 NA
16044 505 NA
16045 505 NA
16046 505 NA
16047 505 NA
16048 505 NA
16049 505 NA
16050 505 NA
16051 505 NA
16052 505 NA
16053 486 NA
16054 486 NA
16055 486 NA
16056 486 NA
16057 486 NA
16058 486 NA
16059 486 NA
16060 486 NA
16061 486 NA
16062 486 NA
16063 486 NA
16064 486 NA
16065 486 NA
16066 486 NA
16067 486 NA
16068 471 NA
16069 471 NA
16070 471 NA
16071 471 NA
16072 471 NA
16073 471 NA
16074 471 NA
16075 471 NA
16076 471 NA
16077 471 NA
16078 471 NA
16079 482 NA
16080 482 NA
16081 482 NA
16082 482 NA
16083 482 NA
16084 482 NA
16085 482 NA
16086 482 NA
16087 482 NA
16088 482 NA
16089 495 NA
16090 495 NA
16091 495 NA
16092 495 NA
16093 495 NA
16094 495 NA
16095 495 NA
16096 495 NA
16097 495 NA
16098 495 NA
16099 495 NA
16100 495 NA
16101 489 NA
16102 489 NA
16103 489 NA
16104 489 NA
16105 489 NA
16106 489 NA
16107 489 NA
16108 489 NA
16109 489 NA
16110 480 NA
16111 480 NA
16112 480 NA
16113 480 NA
16114 480 NA
16115 480 NA
16116 480 NA
16117 480 NA
16118 480 NA
16119 480 NA
16120 480 NA
16121 470 NA
16122 470 NA
16123 470 NA
16124 470 NA
16125 470 NA
16126 470 NA
16127 470 NA
16128 470 NA
16129 470 NA
16130 470 NA
16131 470 NA
16132 470 NA
16133 470 NA
16134 470 NA
16135 470 NA
16136 470 NA
16137 470 NA
16138 470 NA
16139 470 NA
16140 470 NA
16141 470 NA
16142 470 NA
16143 470 NA
16144 462 NA
16145 462 NA
16146 462 NA
16147 462 NA
16148 462 NA
16149 462 NA
16150 462 NA
16151 462 NA
16152 462 NA
16153 462 NA
16154 462 NA
16155 462 NA
16156 441 NA
16157 441 NA
16158 441 NA
16159 441 NA
16160 441 NA
16161 441 NA
16162 441 NA
16163 441 NA
16164 441 NA
16165 441 NA
16166 441 NA
16167 420 NA
16168 420 NA
16169 420 NA
16170 420 NA
16171 420 NA
16172 420 NA
16173 420 NA
16174 420 NA
16175 420 NA
16176 420 NA
16177 420 NA
16178 420 NA
16179 402 NA
16180 402 NA
16181 402 NA
16182 402 NA
16183 402 NA
16184 402 NA
16185 402 NA
16186 402 NA
16187 402 NA
16188 402 NA
16189 402 NA
16190 402 NA
16191 402 NA
16192 400 NA
16193 400 NA
16194 400 NA
16195 400 NA
16196 400 NA
16197 400 NA
16198 400 NA
16199 400 NA
16200 400 NA
16201 400 NA
16202 400 NA
16203 400 NA
16204 400 NA
16205 400 NA
16206 392 NA
16207 392 NA
16208 392 NA
16209 392 NA
16210 392 NA
16211 392 NA
16212 392 NA
16213 392 NA
16214 392 NA
16215 392 NA
16216 392 NA
16217 392 NA
16218 392 NA
16219 377 NA
16220 377 NA
16221 377 NA
16222 377 NA
16223 377 NA
16224 377 NA
16225 377 NA
16226 377 NA
16227 377 NA
16228 377 NA
16229 377 NA
16230 377 NA
16231 360 NA
16232 360 NA
16233 360 NA
16234 360 NA
16235 360 NA
16236 360 NA
16237 360 NA
16238 360 NA
16239 360 NA
16240 360 NA
16241 354 NA
16242 354 NA
16243 354 NA
16244 354 NA
16245 354 NA
16246 354 NA
16247 354 NA
16248 354 NA
16249 354 NA
16250 354 NA
16251 354 NA
16252 348 NA
16253 348 NA
16254 348 NA
16255 348 NA
16256 348 NA
16257 348 NA
16258 348 NA
16259 348 NA
16260 348 NA
16261 337 NA
16262 337 NA
16263 337 NA
16264 337 NA
16265 337 NA
16266 337 NA
16267 337 NA
16268 341 NA
16269 341 NA
16270 341 NA
16271 341 NA
16272 341 NA
16273 341 NA
16274 341 NA
16275 337 NA
16276 337 NA
16277 337 NA
16278 337 NA
16279 337 NA
16280 337 NA
16281 337 NA
16282 337 NA
16283 337 NA
16284 343 NA
16285 343 NA
16286 343 NA
16287 343 NA
16288 343 NA
16289 343 NA
16290 343 NA
16291 343 NA
16292 353 NA
16293 353 NA
16294 353 NA
16295 353 NA
16296 353 NA
16297 353 NA
16298 353 NA
16299 353 NA
16300 363 NA
16301 363 NA
16302 363 NA
16303 363 NA
16304 363 NA
16305 363 NA
16306 363 NA
16307 363 NA
16308 363 NA
16309 361 NA
16310 361 NA
16311 361 NA
16312 361 NA
16313 361 NA
16314 361 NA
16315 361 NA
16316 361 NA
16317 361 NA
16318 361 NA
16319 352 NA
16320 352 NA
16321 352 NA
16322 352 NA
16323 352 NA
16324 352 NA
16325 352 NA
16326 352 NA
16327 352 NA
16328 352 NA
16329 352 NA
16330 355 NA
16331 355 NA
16332 355 NA
16333 355 NA
16334 355 NA
16335 355 NA
16336 355 NA
16337 355 NA
16338 355 NA
16339 355 NA
16340 355 NA
16341 355 NA
16342 341 NA
16343 341 NA
16344 341 NA
16345 341 NA
16346 341 NA
16347 341 NA
16348 341 NA
16349 341 NA
16350 341 NA
16351 341 NA
16352 341 NA
16353 341 NA
16354 341 NA
16355 334 NA
16356 334 NA
16357 334 NA
16358 334 NA
16359 334 NA
16360 334 NA
16361 334 NA
16362 334 NA
16363 334 NA
16364 334 NA
16365 334 NA
16366 334 NA
16367 334 NA
16368 338 NA
16369 338 NA
16370 338 NA
16371 338 NA
16372 338 NA
16373 338 NA
16374 338 NA
16375 338 NA
16376 338 NA
16377 338 NA
16378 333 NA
16379 333 NA
16380 333 NA
16381 333 NA
16382 333 NA
16383 333 NA
16384 333 NA
16385 333 NA
16386 333 NA
16387 333 NA
16388 333 NA
16389 322 NA
16390 322 NA
16391 322 NA
16392 322 NA
16393 322 NA
16394 322 NA
16395 322 NA
16396 322 NA
16397 322 NA
16398 322 NA
16399 322 NA
16400 322 NA
16401 313 NA
16402 313 NA
16403 313 NA
16404 313 NA
16405 313 NA
16406 313 NA
16407 313 NA
16408 313 NA
16409 313 NA
16410 313 NA
16411 313 NA
16412 313 NA
16413 313 NA
16414 313 NA
16415 307 NA
16416 307 NA
16417 307 NA
16418 307 NA
16419 307 NA
16420 307 NA
16421 307 NA
16422 307 NA
16423 307 NA
16424 307 NA
16425 307 NA
16426 307 NA
16427 307 NA
16428 307 NA
16429 304 NA
16430 304 NA
16431 304 NA
16432 304 NA
16433 304 NA
16434 304 NA
16435 304 NA
16436 304 NA
16437 304 NA
16438 304 NA
16439 301 NA
16440 301 NA
16441 301 NA
16442 301 NA
16443 301 NA
16444 301 NA
16445 301 NA
16446 301 NA
16447 301 NA
16448 301 NA
16449 301 NA
16450 306 NA
16451 306 NA
16452 306 NA
16453 306 NA
16454 306 NA
16455 306 NA
16456 306 NA
16457 306 NA
16458 306 NA
16459 306 NA
16460 306 NA
16461 306 NA
16462 300 NA
16463 300 NA
16464 300 NA
16465 300 NA
16466 300 NA
16467 300 NA
16468 300 NA
16469 300 NA
16470 300 NA
16471 300 NA
16472 297 NA
16473 297 NA
16474 297 NA
16475 297 NA
16476 297 NA
16477 297 NA
16478 297 NA
16479 297 NA
16480 297 NA
16481 297 NA
16482 302 NA
16483 302 NA
16484 302 NA
16485 302 NA
16486 302 NA
16487 302 NA
16488 302 NA
16489 302 NA
16490 301 NA
16491 301 NA
16492 301 NA
16493 301 NA
16494 301 NA
16495 301 NA
16496 301 NA
16497 301 NA
16498 301 NA
16499 301 NA
16500 301 NA
16501 292 NA
16502 292 NA
16503 292 NA
16504 292 NA
16505 292 NA
16506 292 NA
16507 292 NA
16508 292 NA
16509 292 NA
16510 292 NA
16511 292 NA
16512 292 NA
16513 292 NA
16514 292 NA
16515 292 NA
16516 287 NA
16517 287 NA
16518 287 NA
16519 287 NA
16520 287 NA
16521 287 NA
16522 287 NA
16523 287 NA
16524 287 NA
16525 287 NA
16526 287 NA
16527 288 NA
16528 288 NA
16529 288 NA
16530 288 NA
16531 288 NA
16532 288 NA
16533 288 NA
16534 288 NA
16535 288 NA
16536 288 NA
16537 290 NA
16538 290 NA
16539 290 NA
16540 290 NA
16541 290 NA
16542 290 NA
16543 290 NA
16544 290 NA
16545 290 NA
16546 290 NA
16547 290 NA
16548 290 NA
16549 290 NA
16550 295 NA
16551 295 NA
16552 295 NA
16553 295 NA
16554 295 NA
16555 295 NA
16556 295 NA
16557 295 NA
16558 295 NA
16559 295 NA
16560 295 NA
16561 295 NA
16562 295 NA
16563 301 NA
16564 301 NA
16565 301 NA
16566 301 NA
16567 301 NA
16568 301 NA
16569 301 NA
16570 301 NA
16571 301 NA
16572 301 NA
16573 301 NA
16574 301 NA
16575 301 NA
16576 301 NA
16577 301 NA
16578 302 NA
16579 302 NA
16580 302 NA
16581 302 NA
16582 302 NA
16583 302 NA
16584 302 NA
16585 302 NA
16586 302 NA
16587 302 NA
16588 302 NA
16589 302 NA
16590 302 NA
16591 302 NA
16592 305 NA
16593 305 NA
16594 305 NA
16595 305 NA
16596 305 NA
16597 305 NA
16598 305 NA
16599 305 NA
16600 305 NA
16601 305 NA
16602 305 NA
16603 305 NA
16604 305 NA
16605 305 NA
16606 305 NA
16607 310 NA
16608 310 NA
16609 310 NA
16610 310 NA
16611 310 NA
16612 310 NA
16613 310 NA
16614 310 NA
16615 310 NA
16616 310 NA
16617 310 NA
16618 310 NA
16619 310 NA
16620 310 NA
16621 310 NA
16622 310 NA
16623 310 NA
16624 308 NA
16625 308 NA
16626 308 NA
16627 308 NA
16628 308 NA
16629 308 NA
16630 308 NA
16631 308 NA
16632 308 NA
16633 308 NA
16634 308 NA
16635 308 NA
16636 308 NA
16637 308 NA
16638 294 NA
16639 294 NA
16640 294 NA
16641 294 NA
16642 294 NA
16643 294 NA
16644 294 NA
16645 294 NA
16646 294 NA
16647 294 NA
16648 294 NA
16649 294 NA
16650 294 NA
16651 294 NA
16652 294 NA
16653 294 NA
16654 294 NA
16655 294 NA
16656 294 NA
16657 294 NA
16658 294 NA
16659 294 NA
16660 294 NA
16661 294 NA
16662 294 NA
16663 294 NA
16665 294 NA
16666 294 NA
16668 286 NA
16669 286 NA
16670 286 NA
16671 286 NA
16672 286 NA
16673 286 NA
16674 286 NA
16675 286 NA
16676 286 NA
16677 286 NA
16678 286 NA
16679 286 NA
16680 286 NA
16681 286 NA
16682 286 NA
16683 286 NA
16684 287 NA
16685 287 NA
16686 287 NA
16687 287 NA
16688 287 NA
16689 287 NA
16690 287 NA
16691 287 NA
16692 287 NA
16693 287 NA
16694 287 NA
16695 287 NA
16696 287 NA
16697 287 NA
16698 287 NA
16699 287 NA
16700 287 NA
16701 290 NA
16702 290 NA
16703 290 NA
16704 290 NA
16705 290 NA
16706 290 NA
16707 290 NA
16708 290 NA
16709 290 NA
16710 290 NA
16711 290 NA
16712 290 NA
16715 281 NA
16717 281 NA
16719 281 NA
16720 281 NA
16721 281 NA
16722 281 NA
16723 281 NA
16724 281 NA
16725 281 NA
16726 281 NA
16727 281 NA
16728 280 NA
16730 280 NA
16731 280 NA
16732 280 NA
16733 280 NA
16734 280 NA
16735 280 NA
16736 280 NA
16737 280 NA
16738 280 NA
16739 280 NA
16740 280 NA
16741 280 NA
16742 287 NA
16743 287 NA
16744 287 NA
16745 287 NA
16746 287 NA
16747 287 NA
16748 287 NA
16749 287 NA
16750 287 NA
16751 287 NA
16752 287 NA
16753 287 NA
16754 287 NA
16755 287 NA
16756 287 NA
16757 287 NA
16759 287 NA
16760 286 NA
16761 286 NA
16762 286 NA
16763 286 NA
16764 286 NA
16765 286 NA
16766 286 NA
16767 286 NA
16768 286 NA
16769 286 NA
16770 286 NA
16771 286 NA
16772 286 NA
16773 286 NA
16774 286 NA
16775 286 NA
16776 286 NA
16777 286 NA
16778 286 NA
16779 273 NA
16780 273 NA
16781 273 NA
16782 273 NA
16783 273 NA
16784 273 NA
16785 273 NA
16786 273 NA
16787 273 NA
16788 273 NA
16789 273 NA
16790 273 NA
16791 273 NA
16792 273 NA
16793 273 NA
16794 273 NA
16795 265 NA
16796 265 NA
16797 265 NA
16798 265 NA
16799 265 NA
16800 265 NA
16801 265 NA
16802 265 NA
16803 265 NA
16804 265 NA
16807 265 NA
16808 265 NA
16809 265 NA
16810 265 NA
16811 265 NA
16812 263 NA
16813 263 NA
16814 263 NA
16815 263 NA
16816 263 NA
16817 263 NA
16818 263 NA
16820 263 NA
16821 263 NA
16823 263 NA
16824 263 NA
16825 263 NA
16826 271 NA
16827 271 NA
16828 271 NA
16829 271 NA
16830 284 NA
16831 284 NA
16832 284 NA
16833 284 NA
16834 284 NA
16835 284 NA
16836 284 NA
16837 284 NA
16838 284 NA
16839 297 NA
16840 297 NA
16841 297 NA
16842 297 NA
16843 297 NA
16844 297 NA
16845 297 NA
16847 297 NA
16849 297 NA
16850 297 NA
16851 311 NA
16852 311 NA
16853 311 NA
16854 311 NA
16855 311 NA
16856 311 NA
16857 311 NA
16858 311 NA
16859 311 NA
16860 324 NA
16861 324 NA
16862 324 NA
16863 324 NA
16864 324 NA
16865 338 NA
16866 338 NA
16867 338 NA
16869 338 NA
16870 338 NA
16871 338 NA
16872 352 NA
16873 352 NA
16874 352 NA
16875 352 NA
16876 352 NA
16878 368 NA
16879 368 NA
16880 368 NA
16881 368 NA
16884 385 NA
16885 385 NA
16886 385 NA
16887 385 NA
16888 385 NA
16889 385 NA
16890 404 NA
16892 404 NA
16893 404 NA
16894 404 NA
16895 422 NA
16896 422 NA
16897 422 NA
16898 422 NA
16899 422 NA
16900 443 NA
16901 443 NA
16902 443 NA
16903 443 NA
16904 443 NA
16905 443 NA
16906 443 NA
16907 465 NA
16908 465 NA
16909 465 NA
16910 465 NA
16911 465 NA
16912 465 NA
16913 488 NA
16914 488 NA
16915 488 NA
16916 488 NA
16917 488 NA
16918 512 NA
16919 512 NA
16920 512 NA
16921 512 NA
16922 512 NA
16923 512 NA
16924 537 NA
16925 537 NA
16926 537 NA
16927 537 NA
16928 537 NA
16929 537 NA
16930 562 NA
16931 562 NA
16932 562 NA
16933 562 NA
16934 562 NA
16935 562 NA
16937 587 NA
16938 587 NA
16939 587 NA
16940 587 NA
16941 587 NA
16942 587 NA
16943 587 NA
16944 587 NA
16945 607 NA
16946 607 NA
16949 607 NA
16950 607 NA
16951 634 NA
16952 634 NA
16953 634 NA
16954 634 NA
16955 634 NA
16956 634 NA
16957 660 NA
16958 660 NA
16959 660 NA
16960 660 NA
16967 692 NA
16968 724 NA
16969 724 NA
16970 724 NA
16971 724 NA
16972 724 NA
16974 756 NA
16975 756 NA
16976 756 NA
16977 756 NA
16978 756 NA
16979 756 NA
16980 788 NA
16981 788 NA
16982 788 NA
16984 788 NA
16985 788 NA
16986 823 NA
16987 823 NA
16988 823 NA
16989 823 NA
16990 823 NA
16991 823 NA
16992 823 NA
16993 849 NA
16994 849 NA
16999 849 NA
17000 849 NA
17001 849 NA
17006 878 NA
17007 878 NA
17014 917 NA
17015 917 NA
17016 917 NA
17017 917 NA
17018 917 NA
17019 917 NA
17020 954 NA
17021 954 NA
17022 954 NA
17023 954 NA
17024 954 NA
17025 954 NA
17026 954 NA
17027 954 NA
17028 954 NA
17029 954 NA
17031 993 NA
17032 993 NA
17033 993 NA
17034 993 NA
17035 993 NA
17036 993 NA
17037 993 NA
17038 993 NA
17039 1027 NA
17040 1027 NA
17042 1027 NA
17044 1027 NA
17045 1027 NA
17046 1027 NA
17047 1027 NA
17048 1027 NA
17049 1068 NA
17050 1068 NA
17051 1068 NA
17052 1068 NA
17053 1068 NA
17054 1068 NA
17055 1068 NA
17056 1068 NA
17057 1068 NA
17058 1118 NA
17059 1118 NA
17060 1118 NA
17061 1118 NA
17062 1118 NA
17063 1118 NA
17064 1118 NA
17069 1154 NA
17070 1154 NA
17071 1154 NA
17072 1154 NA
17073 1188 NA
17075 1188 NA
17076 1188 NA
17077 1188 NA
17078 1188 NA
17079 1188 NA
17080 1188 NA
17081 1188 NA
17083 1234 NA
17084 1234 NA
17085 1234 NA
17086 1234 NA
17087 1234 NA
17088 1234 NA
17089 1234 NA
17091 1234 NA
17092 1234 NA
17093 1268 NA
17094 1268 NA
17095 1268 NA
17096 1268 NA
17097 1268 NA
17098 1268 NA
17099 1268 NA
17100 1268 NA
17101 1268 NA
17102 1268 NA
17103 1317 NA
17104 1317 NA
17105 1317 NA
17106 1317 NA
17107 1317 NA
17108 1317 NA
17109 1317 NA
17110 1317 NA
17111 1317 NA
17112 1317 NA
17113 1317 NA
17114 1361 NA
17115 1361 NA
17117 1361 NA
17118 1361 NA
17119 1361 NA
17123 1403 NA
17124 1403 NA
17125 1403 NA
17126 1403 NA
17127 1403 NA
17129 1403 NA
17130 1403 NA
17131 1441 NA
17132 1441 NA
17133 1441 NA
17134 1441 NA
17135 1441 NA
17136 1441 NA
17138 1441 NA
17139 1457 NA
17140 1457 NA
17141 1457 NA
17142 1457 NA
17143 1457 NA
17144 1457 NA
17145 1457 NA
17146 1457 NA
17147 1457 NA
