"Index" "Price" "Volume"
15664 32 NA
15665 32 NA
15666 32 NA
15667 32 NA
15668 32 NA
15669 32 NA
15670 32 NA
15671 32 NA
15672 32 NA
15673 33 NA
15674 33 NA
15675 33 NA
15676 33 NA
15677 33 NA
15678 33 NA
15679 33 NA
15680 33 NA
15681 33 NA
15682 33 NA
15683 33 NA
15684 33 NA
15685 32 NA
15686 32 NA
15687 32 NA
15688 32 NA
15689 32 NA
15690 32 NA
15691 32 NA
15692 32 NA
15693 32 NA
15694 32 NA
15695 32 NA
15696 32 NA
15697 32 NA
15698 32 NA
15699 32 NA
15700 32 NA
15701 31 NA
15702 31 NA
15703 31 NA
15704 31 NA
15705 31 NA
15706 31 NA
15707 31 NA
15708 31 NA
15709 31 NA
15710 31 NA
15711 31 NA
15712 31 NA
15713 31 NA
15714 31 NA
15715 31 NA
15716 31 NA
15717 31 NA
15718 30 NA
15719 30 NA
15720 30 NA
15721 30 NA
15722 30 NA
15723 30 NA
15724 30 NA
15725 30 NA
15726 30 NA
15727 30 NA
15728 30 NA
15729 30 NA
15730 30 NA
15731 30 NA
15732 30 NA
15733 30 NA
15734 30 NA
15735 30 NA
15736 28 NA
15737 28 NA
15738 28 NA
15739 28 NA
15740 28 NA
15741 28 NA
15742 28 NA
15743 28 NA
15744 28 NA
15745 28 NA
15746 28 NA
15747 28 NA
15748 28 NA
15749 28 NA
15750 28 NA
15751 28 NA
15752 28 NA
15753 28 NA
15754 28 NA
15755 26 NA
15756 26 NA
15757 26 NA
15758 26 NA
15759 26 NA
15760 26 NA
15761 26 NA
15762 26 NA
15763 26 NA
15764 26 NA
15765 26 NA
15766 26 NA
15767 26 NA
15768 26 NA
15769 26 NA
15770 26 NA
15771 26 NA
15772 26 NA
15773 26 NA
15774 26 NA
15775 26 NA
15776 26 NA
15777 26 NA
15778 26 NA
15779 26 NA
15780 26 NA
15781 26 NA
15782 26 NA
15783 26 NA
15784 26 NA
15785 26 NA
15786 26 NA
15787 26 NA
15788 26 NA
15789 26 NA
15790 26 NA
15791 26 NA
15792 26 NA
15793 25 NA
15794 25 NA
15795 25 NA
15796 25 NA
15797 25 NA
15798 25 NA
15799 25 NA
15800 25 NA
15801 25 NA
15802 25 NA
15803 25 NA
15804 25 NA
15805 25 NA
15806 25 NA
15807 25 NA
15808 25 NA
15809 25 NA
15810 25 NA
15811 25 NA
15812 23 NA
15813 23 NA
15814 23 NA
15815 23 NA
15816 23 NA
15817 23 NA
15818 23 NA
15819 23 NA
15820 23 NA
15821 23 NA
15822 23 NA
15823 23 NA
15824 23 NA
15825 23 NA
15826 23 NA
15827 23 NA
15828 23 NA
15829 23 NA
15830 23 NA
15831 23 NA
15832 23 NA
15833 23 NA
15834 23 NA
15835 23 NA
15836 23 NA
15837 21 NA
15838 21 NA
15839 21 NA
15840 21 NA
15841 21 NA
15842 21 NA
15843 21 NA
15844 21 NA
15845 21 NA
15846 21 NA
15847 21 NA
15848 21 NA
15849 21 NA
15850 21 NA
15851 21 NA
15852 21 NA
15853 21 NA
15854 21 NA
15855 21 NA
15856 21 NA
15857 21 NA
15858 21 NA
15859 21 NA
15860 21 NA
15861 21 NA
15862 21 NA
15863 21 NA
15864 20 NA
15865 20 NA
15866 20 NA
15867 20 NA
15868 20 NA
15869 20 NA
15870 20 NA
15871 20 NA
15872 20 NA
15873 20 NA
15874 20 NA
15875 20 NA
15876 20 NA
15877 20 NA
15878 20 NA
15879 20 NA
15880 20 NA
15881 20 NA
15882 20 NA
15883 20 NA
15884 20 NA
15885 20 NA
15886 20 NA
15887 20 NA
15888 20 NA
15889 20 NA
15890 20 NA
15891 19 NA
15892 19 NA
15893 19 NA
15894 19 NA
15895 19 NA
15896 19 NA
15897 19 NA
15898 19 NA
15899 19 NA
15900 19 NA
15901 19 NA
15902 19 NA
15903 19 NA
15904 19 NA
15905 19 NA
15906 19 NA
15907 19 NA
15908 19 NA
15909 19 NA
15910 19 NA
15911 19 NA
15912 19 NA
15913 19 NA
15914 19 NA
15915 19 NA
15916 19 NA
15917 19 NA
15918 19 NA
15919 19 NA
15920 19 NA
15921 19 NA
15922 19 NA
15923 19 NA
15924 19 NA
15925 19 NA
15926 19 NA
15927 19 NA
15928 19 NA
15929 19 NA
15930 19 NA
15931 19 NA
15932 19 NA
15933 19 NA
15934 19 NA
15935 19 NA
15936 19 NA
15937 19 NA
15938 19 NA
15939 19 NA
15940 19 NA
15941 19 NA
15942 19 NA
15943 19 NA
15944 19 NA
15945 19 NA
15946 19 NA
15947 19 NA
15948 19 NA
15949 19 NA
15950 19 NA
15951 19 NA
15952 19 NA
15953 19 NA
15954 19 NA
15955 19 NA
15956 19 NA
15957 19 NA
15958 19 NA
15959 19 NA
15960 19 NA
15961 19 NA
15962 19 NA
15963 19 NA
15964 19 NA
15965 19 NA
15966 19 NA
15967 19 NA
15968 19 NA
15969 19 NA
15970 19 NA
15971 19 NA
15972 19 NA
15973 19 NA
15974 19 NA
15975 19 NA
15976 19 NA
15977 19 NA
15978 19 NA
15979 19 NA
15980 19 NA
15981 19 NA
15982 19 NA
15983 19 NA
15984 19 NA
15985 19 NA
15986 19 NA
15987 19 NA
15988 19 NA
15989 19 NA
15990 19 NA
15991 19 NA
15992 19 NA
15993 19 NA
15994 19 NA
15995 19 NA
15996 19 NA
15997 19 NA
15998 19 NA
15999 19 NA
16000 19 NA
16001 19 NA
16002 19 NA
16003 19 NA
16004 19 NA
16005 19 NA
16006 19 NA
16007 19 NA
16008 19 NA
16009 19 NA
16010 19 NA
16011 19 NA
16012 19 NA
16013 19 NA
16014 19 NA
16015 19 NA
16016 19 NA
16017 19 NA
16018 19 NA
16019 19 NA
16020 19 NA
16021 19 NA
16022 19 NA
16023 19 NA
16024 19 NA
16025 19 NA
16026 19 NA
16027 19 NA
16028 19 NA
16029 19 NA
16030 19 NA
16031 19 NA
16032 19 NA
16033 19 NA
16034 19 NA
16035 19 NA
16036 19 NA
16037 19 NA
16038 19 NA
16039 19 NA
16040 19 NA
16041 19 NA
16042 19 NA
16043 19 NA
16044 19 NA
16045 19 NA
16046 19 NA
16047 19 NA
16048 19 NA
16049 19 NA
16050 19 NA
16051 19 NA
16052 18 NA
16053 18 NA
16054 18 NA
16055 18 NA
16056 18 NA
16057 18 NA
16058 18 NA
16059 18 NA
16060 18 NA
16061 18 NA
16062 18 NA
16063 18 NA
16064 18 NA
16065 18 NA
16066 18 NA
16067 18 NA
16068 18 NA
16069 18 NA
16070 18 NA
16071 18 NA
16072 18 NA
16073 18 NA
16074 18 NA
16075 18 NA
16076 18 NA
16077 18 NA
16078 18 NA
16079 18 NA
16080 18 NA
16081 18 NA
16082 18 NA
16083 18 NA
16084 18 NA
16085 18 NA
16086 18 NA
16087 18 NA
16088 18 NA
16089 18 NA
16090 18 NA
16091 18 NA
16092 18 NA
16093 18 NA
16094 18 NA
16095 18 NA
16096 18 NA
16097 18 NA
16098 18 NA
16099 18 NA
16100 18 NA
16101 18 NA
16102 18 NA
16103 18 NA
16104 18 NA
16105 18 NA
16106 18 NA
16107 18 NA
16108 18 NA
16109 18 NA
16110 18 NA
16111 18 NA
16112 18 NA
16113 18 NA
16114 18 NA
16115 18 NA
16116 17 NA
16117 17 NA
16118 17 NA
16119 17 NA
16120 17 NA
16121 17 NA
16122 17 NA
16123 17 NA
16124 17 NA
16125 17 NA
16126 17 NA
16127 17 NA
16128 17 NA
16129 17 NA
16130 17 NA
16131 17 NA
16132 17 NA
16133 17 NA
16134 17 NA
16135 17 NA
16136 17 NA
16137 17 NA
16138 17 NA
16139 17 NA
16140 17 NA
16141 17 NA
16142 17 NA
16143 17 NA
16144 17 NA
16145 17 NA
16146 17 NA
16147 17 NA
16148 17 NA
16149 17 NA
16150 17 NA
16151 17 NA
16152 17 NA
16153 17 NA
16154 17 NA
16155 17 NA
16156 17 NA
16157 17 NA
16158 17 NA
16159 17 NA
16160 17 NA
16161 17 NA
16162 17 NA
16163 17 NA
16164 17 NA
16165 17 NA
16166 17 NA
16167 17 NA
16168 17 NA
16169 17 NA
16170 17 NA
16171 17 NA
16172 17 NA
16173 17 NA
16174 17 NA
16175 17 NA
16176 17 NA
16177 17 NA
16178 17 NA
16179 17 NA
16180 17 NA
16181 17 NA
16182 17 NA
16183 17 NA
16184 17 NA
16185 17 NA
16186 17 NA
16187 17 NA
16188 17 NA
16189 17 NA
16190 17 NA
16191 17 NA
16192 17 NA
16193 17 NA
16194 16 NA
16195 16 NA
16196 16 NA
16197 16 NA
16198 16 NA
16199 16 NA
16200 16 NA
16201 16 NA
16202 16 NA
16203 16 NA
16204 16 NA
16205 16 NA
16206 16 NA
16207 16 NA
16208 16 NA
16209 16 NA
16210 16 NA
16211 16 NA
16212 16 NA
16213 16 NA
16214 16 NA
16215 16 NA
16216 16 NA
16217 16 NA
16218 16 NA
16219 16 NA
16220 16 NA
16221 16 NA
16222 16 NA
16223 16 NA
16224 15 NA
16225 15 NA
16226 15 NA
16227 15 NA
16228 15 NA
16229 15 NA
16230 15 NA
16231 15 NA
16232 15 NA
16233 15 NA
16234 15 NA
16235 15 NA
16236 15 NA
16237 15 NA
16238 15 NA
16239 15 NA
16240 15 NA
16241 15 NA
16242 15 NA
16243 15 NA
16244 15 NA
16245 15 NA
16246 15 NA
16247 15 NA
16248 15 NA
16249 15 NA
16250 15 NA
16251 15 NA
16252 15 NA
16253 15 NA
16254 15 NA
16255 15 NA
16256 15 NA
16257 15 NA
16258 15 NA
16259 15 NA
16260 15 NA
16261 15 NA
16262 15 NA
16263 15 NA
16264 15 NA
16265 15 NA
16266 15 NA
16267 15 NA
16268 15 NA
16269 15 NA
16270 15 NA
16271 15 NA
16272 15 NA
16273 15 NA
16274 15 NA
16275 15 NA
16276 15 NA
16277 15 NA
16278 15 NA
16279 15 NA
16280 15 NA
16281 15 NA
16282 15 NA
16283 15 NA
16284 15 NA
16285 15 NA
16286 15 NA
16287 15 NA
16288 15 NA
16289 15 NA
16290 15 NA
16291 15 NA
16292 15 NA
16293 15 NA
16294 15 NA
16295 15 NA
16296 15 NA
16297 15 NA
16298 15 NA
16299 15 NA
16300 15 NA
16301 15 NA
16302 15 NA
16303 15 NA
16304 15 NA
16305 15 NA
16306 15 NA
16307 15 NA
16308 15 NA
16309 15 NA
16310 15 NA
16311 15 NA
16312 15 NA
16313 15 NA
16314 15 NA
16315 15 NA
16316 15 NA
16317 15 NA
16318 15 NA
16319 15 NA
16320 15 NA
16321 15 NA
16322 15 NA
16323 15 NA
16324 15 NA
16325 15 NA
16326 15 NA
16327 15 NA
16328 15 NA
16329 15 NA
16330 15 NA
16331 15 NA
16332 15 NA
16333 15 NA
16334 15 NA
16335 15 NA
16336 15 NA
16337 15 NA
16338 15 NA
16339 15 NA
16340 15 NA
16341 15 NA
16342 15 NA
16343 15 NA
16344 15 NA
16345 15 NA
16346 15 NA
16347 15 NA
16348 15 NA
16349 15 NA
16350 15 NA
16351 15 NA
16352 15 NA
16353 15 NA
16354 15 NA
16355 15 NA
16356 15 NA
16357 15 NA
16358 15 NA
16359 15 NA
16360 15 NA
16361 15 NA
16362 15 NA
16363 15 NA
16364 15 NA
16365 15 NA
16366 15 NA
16367 15 NA
16368 15 NA
16369 15 NA
16370 15 NA
16371 15 NA
16372 15 NA
16373 15 NA
16374 15 NA
16375 14 NA
16376 14 NA
16377 14 NA
16378 14 NA
16379 14 NA
16380 14 NA
16381 14 NA
16382 14 NA
16383 14 NA
16384 14 NA
16385 14 NA
16386 14 NA
16387 14 NA
16388 14 NA
16389 14 NA
16390 14 NA
16391 14 NA
16392 14 NA
16393 14 NA
16394 14 NA
16395 14 NA
16396 14 NA
16397 14 NA
16398 14 NA
16399 14 NA
16400 14 NA
16401 14 NA
16402 14 NA
16403 14 NA
16404 14 NA
16405 14 NA
16406 14 NA
16407 14 NA
16408 14 NA
16409 14 NA
16410 14 NA
16411 14 NA
16412 14 NA
16413 14 NA
16414 14 NA
16415 14 NA
16416 14 NA
16417 14 NA
16418 14 NA
16419 14 NA
16420 14 NA
16421 14 NA
16422 14 NA
16423 14 NA
16424 14 NA
16425 14 NA
16426 14 NA
16427 14 NA
16428 14 NA
16429 14 NA
16430 14 NA
16431 14 NA
16432 14 NA
16433 14 NA
16434 14 NA
16435 14 NA
16436 14 NA
16437 14 NA
16438 14 NA
16439 14 NA
16440 14 NA
16441 14 NA
16442 14 NA
16443 14 NA
16444 14 NA
16445 14 NA
16446 14 NA
16447 14 NA
16448 14 NA
16449 14 NA
16450 14 NA
16451 14 NA
16452 14 NA
16453 14 NA
16454 14 NA
16455 14 NA
16456 14 NA
16457 14 NA
16458 14 NA
16459 14 NA
16460 14 NA
16461 14 NA
16462 14 NA
16463 14 NA
16464 14 NA
16465 14 NA
16466 14 NA
16467 14 NA
16468 14 NA
16469 14 NA
16470 14 NA
16471 14 NA
16472 14 NA
16473 14 NA
16474 14 NA
16475 14 NA
16476 14 NA
16477 14 NA
16478 14 NA
16479 14 NA
16480 14 NA
16481 14 NA
16482 14 NA
16483 14 NA
16484 14 NA
16485 14 NA
16486 14 NA
16487 14 NA
16488 14 NA
16489 14 NA
16490 14 NA
16491 14 NA
16492 14 NA
16493 14 NA
16494 14 NA
16495 14 NA
16496 14 NA
16497 14 NA
16498 14 NA
16499 14 NA
16500 14 NA
16501 14 NA
16502 14 NA
16503 14 NA
16504 14 NA
16505 14 NA
16506 14 NA
16507 14 NA
16508 14 NA
16509 14 NA
16510 14 NA
16511 14 NA
16512 14 NA
16513 14 NA
16514 14 NA
16515 14 NA
16516 14 NA
16517 14 NA
16518 14 NA
16519 14 NA
16520 14 NA
16521 14 NA
16522 14 NA
16523 14 NA
16524 14 NA
16525 14 NA
16526 14 NA
16527 14 NA
16528 14 NA
16529 13 NA
16530 13 NA
16531 13 NA
16532 13 NA
16533 13 NA
16534 13 NA
16535 13 NA
16536 13 NA
16537 13 NA
16538 13 NA
16539 13 NA
16540 13 NA
16541 13 NA
16542 13 NA
16543 13 NA
16544 13 NA
16545 13 NA
16546 13 NA
16547 13 NA
16548 13 NA
16549 13 NA
16550 13 NA
16551 13 NA
16552 13 NA
16553 13 NA
16554 13 NA
16555 13 NA
16556 13 NA
16557 13 NA
16558 13 NA
16559 13 NA
16560 13 NA
16561 13 NA
16562 13 NA
16563 13 NA
16564 13 NA
16565 13 NA
16566 13 NA
16567 13 NA
16568 13 NA
16569 13 NA
16570 13 NA
16571 13 NA
16572 13 NA
16573 13 NA
16574 13 NA
16575 13 NA
16576 13 NA
16577 13 NA
16578 13 NA
16579 12 NA
16580 12 NA
16581 12 NA
16582 12 NA
16583 12 NA
16584 12 NA
16585 12 NA
16586 12 NA
16587 12 NA
16588 12 NA
16589 12 NA
16590 12 NA
16591 12 NA
16592 12 NA
16593 12 NA
16594 12 NA
16595 12 NA
16596 12 NA
16597 12 NA
16598 12 NA
16599 12 NA
16600 12 NA
16601 12 NA
16602 12 NA
16603 12 NA
16604 12 NA
16605 12 NA
16606 12 NA
16607 12 NA
16608 12 NA
16609 12 NA
16610 12 NA
16611 12 NA
16612 12 NA
16613 12 NA
16614 12 NA
16615 12 NA
16616 12 NA
16617 12 NA
16618 12 NA
16619 12 NA
16620 12 NA
16621 12 NA
16622 12 NA
16623 12 NA
16624 12 NA
16625 12 NA
16626 12 NA
16627 12 NA
16628 12 NA
16629 12 NA
16630 12 NA
16631 12 NA
16632 12 NA
16633 12 NA
16634 12 NA
16635 12 NA
16636 12 NA
16637 12 NA
16638 12 NA
16639 12 NA
16640 12 NA
16641 12 NA
16642 12 NA
16643 12 NA
16644 12 NA
16645 12 NA
16646 12 NA
16647 12 NA
16648 12 NA
16649 12 NA
16650 12 NA
16651 12 NA
16652 12 NA
16653 12 NA
16654 12 NA
16655 12 NA
16656 12 NA
16657 12 NA
16658 12 NA
16659 12 NA
16660 12 NA
16661 12 NA
16662 12 NA
16663 12 NA
16665 12 NA
16666 12 NA
16668 12 NA
16669 12 NA
16670 12 NA
16671 12 NA
16672 12 NA
16673 12 NA
16674 12 NA
16675 12 NA
16676 12 NA
16677 12 NA
16678 12 NA
16679 12 NA
16680 12 NA
16681 12 NA
16682 12 NA
16683 12 NA
16684 12 NA
16686 11 NA
16687 11 NA
16688 11 NA
16689 11 NA
16690 11 NA
16691 11 NA
16692 11 NA
16693 11 NA
16694 11 NA
16695 11 NA
16696 11 NA
16697 11 NA
16698 11 NA
16699 11 NA
16700 11 NA
16701 11 NA
16702 11 NA
16703 11 NA
16704 11 NA
16705 11 NA
16706 11 NA
16707 11 NA
16708 11 NA
16709 11 NA
16710 11 NA
16711 11 NA
16712 11 NA
16715 11 NA
16717 11 NA
16719 11 NA
16720 11 NA
16721 11 NA
16722 11 NA
16723 11 NA
16724 11 NA
16725 11 NA
16726 11 NA
16727 11 NA
16728 11 NA
16730 11 NA
16731 11 NA
16732 11 NA
16733 11 NA
16734 11 NA
16735 11 NA
16736 11 NA
16737 11 NA
16738 11 NA
16739 11 NA
16740 11 NA
16741 11 NA
16742 11 NA
16743 11 NA
16744 11 NA
16745 11 NA
16746 11 NA
16747 10 NA
16748 10 NA
16749 10 NA
16750 10 NA
16751 10 NA
16752 10 NA
16753 10 NA
16754 10 NA
16755 10 NA
16756 10 NA
16757 10 NA
16759 10 NA
16760 10 NA
16761 10 NA
16762 10 NA
16763 10 NA
16764 10 NA
16765 10 NA
16766 10 NA
16767 10 NA
16768 10 NA
16769 10 NA
16770 10 NA
16771 10 NA
16772 10 NA
16773 10 NA
16774 10 NA
16775 10 NA
16776 10 NA
16777 10 NA
16778 10 NA
16779 10 NA
16780 10 NA
16781 10 NA
16782 10 NA
16783 10 NA
16784 10 NA
16785 10 NA
16786 10 NA
16787 10 NA
16788 10 NA
16789 10 NA
16790 10 NA
16791 10 NA
16792 10 NA
16793 10 NA
16794 10 NA
16795 10 NA
16796 10 NA
16797 10 NA
16798 10 NA
16799 10 NA
16800 10 NA
16801 10 NA
16802 10 NA
16803 10 NA
16804 10 NA
16807 10 NA
16808 10 NA
16809 10 NA
16810 10 NA
16811 10 NA
16812 10 NA
16813 10 NA
16814 10 NA
16815 10 NA
16816 10 NA
16817 10 NA
16818 10 NA
16820 10 NA
16821 10 NA
16823 10 NA
16824 10 NA
16825 10 NA
16826 10 NA
16827 10 NA
16828 10 NA
16829 10 NA
16830 10 NA
16831 10 NA
16832 10 NA
16833 10 NA
16834 10 NA
16835 10 NA
16836 10 NA
16837 10 NA
16838 10 NA
16839 10 NA
16840 10 NA
16841 10 NA
16842 10 NA
16843 10 NA
16844 10 NA
16845 10 NA
16847 10 NA
16849 10 NA
16850 10 NA
16851 10 NA
16852 10 NA
16853 10 NA
16854 10 NA
16855 10 NA
16856 10 NA
16857 10 NA
16858 10 NA
16859 10 NA
16860 10 NA
16861 10 NA
16862 10 NA
16863 10 NA
16864 10 NA
16865 10 NA
16866 10 NA
16867 10 NA
16869 10 NA
16870 10 NA
16871 10 NA
16872 10 NA
16873 10 NA
16874 10 NA
16875 10 NA
16876 10 NA
16878 10 NA
16879 10 NA
16880 10 NA
16881 10 NA
16884 10 NA
16885 10 NA
16886 10 NA
16887 10 NA
16888 10 NA
16889 10 NA
16890 10 NA
16892 10 NA
16893 10 NA
16894 10 NA
16895 10 NA
16896 10 NA
16897 10 NA
16898 10 NA
16899 10 NA
16900 10 NA
16901 10 NA
16902 10 NA
16903 10 NA
16904 10 NA
16905 10 NA
16906 10 NA
16907 10 NA
16908 10 NA
16909 10 NA
16910 10 NA
16911 10 NA
16912 10 NA
16913 10 NA
16914 10 NA
16915 10 NA
16916 10 NA
16917 10 NA
16918 10 NA
16919 10 NA
16920 10 NA
16921 11 NA
16922 11 NA
16923 11 NA
16924 11 NA
16925 11 NA
16926 11 NA
16927 11 NA
16928 11 NA
16929 11 NA
16930 11 NA
16931 11 NA
16932 11 NA
16933 11 NA
16934 11 NA
16935 11 NA
16937 11 NA
16938 11 NA
16939 11 NA
16940 11 NA
16941 11 NA
16942 11 NA
16943 11 NA
16944 11 NA
16945 11 NA
16946 11 NA
16949 11 NA
16950 11 NA
16951 11 NA
16952 11 NA
16953 11 NA
16954 11 NA
16955 11 NA
16956 11 NA
16957 11 NA
16958 11 NA
16959 11 NA
16960 11 NA
16967 12 NA
16968 12 NA
16969 12 NA
16970 12 NA
16971 12 NA
16972 12 NA
16974 12 NA
16975 12 NA
16976 12 NA
16977 12 NA
16978 12 NA
16979 12 NA
16980 12 NA
16981 12 NA
16982 12 NA
16984 12 NA
16985 12 NA
16986 12 NA
16987 12 NA
16988 12 NA
16989 12 NA
16990 12 NA
16991 12 NA
16992 12 NA
16993 12 NA
16994 12 NA
16999 12 NA
17000 12 NA
17001 12 NA
17006 12 NA
17007 12 NA
17014 13 NA
17015 13 NA
17016 13 NA
17017 13 NA
17018 13 NA
17019 13 NA
17020 13 NA
17021 13 NA
17022 13 NA
17023 13 NA
17024 13 NA
17025 13 NA
17026 13 NA
17027 13 NA
17028 13 NA
17029 13 NA
17031 13 NA
17032 13 NA
17033 13 NA
17034 13 NA
17035 13 NA
17036 13 NA
17037 13 NA
17038 13 NA
17039 13 NA
17040 13 NA
17042 13 NA
17044 13 NA
17045 13 NA
17046 13 NA
17047 13 NA
17048 13 NA
17049 13 NA
17050 13 NA
17051 13 NA
17052 13 NA
17053 13 NA
17054 13 NA
17055 13 NA
17056 13 NA
17057 13 NA
17058 13 NA
17059 13 NA
17060 13 NA
17061 13 NA
17062 13 NA
17063 13 NA
17064 13 NA
17069 14 NA
17070 14 NA
17071 14 NA
17072 14 NA
17073 14 NA
17075 14 NA
17076 14 NA
17077 14 NA
17078 14 NA
17079 14 NA
17080 14 NA
17081 14 NA
17083 14 NA
17084 14 NA
17085 14 NA
17086 14 NA
17087 14 NA
17088 14 NA
17089 14 NA
17091 14 NA
17092 14 NA
17093 14 NA
17094 14 NA
17095 14 NA
17096 14 NA
17097 14 NA
17098 14 NA
17099 14 NA
17100 14 NA
17101 14 NA
17102 14 NA
17103 14 NA
17104 14 NA
17105 14 NA
17106 14 NA
17107 14 NA
17108 14 NA
17109 14 NA
17110 14 NA
17111 14 NA
17112 14 NA
17113 14 NA
17114 14 NA
17115 14 NA
17117 14 NA
17118 15 NA
17119 15 NA
17123 15 NA
17124 15 NA
17125 15 NA
17126 15 NA
17127 15 NA
17129 15 NA
17130 15 NA
17131 15 NA
17132 15 NA
17133 15 NA
17134 15 NA
17135 15 NA
17136 15 NA
17138 15 NA
17139 15 NA
17140 15 NA
17141 15 NA
17142 15 NA
17143 15 NA
17144 15 NA
17145 15 NA
17146 15 NA
17147 15 NA
