"Index" "Price" "Volume"
16384 8000 NA
16385 8391 NA
16386 8812 NA
16387 9232 NA
16388 9232 NA
16389 9694 NA
16390 9694 NA
16391 10155 NA
16392 10155 NA
16393 10663 NA
16394 10663 NA
16395 10663 NA
16396 11197 NA
16397 11197 NA
16398 11197 NA
16399 11756 NA
16400 11756 NA
16401 11756 NA
16402 11756 NA
16403 12301 NA
16404 12301 NA
16405 12301 NA
16406 12301 NA
16407 12813 NA
16408 12813 NA
16409 12813 NA
16410 12813 NA
16411 12813 NA
16412 13141 NA
16413 13141 NA
16414 13141 NA
16415 13141 NA
16416 13141 NA
16417 13357 NA
16418 13357 NA
16419 13357 NA
16420 13357 NA
16421 13357 NA
16422 13357 NA
16423 13357 NA
16424 13723 NA
16425 13723 NA
16426 13723 NA
16427 13723 NA
16428 13723 NA
16429 14094 NA
16430 14094 NA
16431 14094 NA
16432 14094 NA
16433 14094 NA
16434 14094 NA
16435 14094 NA
16436 13868 NA
16437 13868 NA
16438 13868 NA
16439 13868 NA
16440 13868 NA
16441 13868 NA
16442 13868 NA
16443 13279 NA
16444 13279 NA
16445 13279 NA
16446 13279 NA
16447 13279 NA
16448 13279 NA
16449 13305 NA
16450 13305 NA
16451 13305 NA
16452 13305 NA
16453 13305 NA
16454 13305 NA
16455 13305 NA
16456 13605 NA
16457 13605 NA
16458 13605 NA
16459 13605 NA
16460 13605 NA
16461 13605 NA
16462 13605 NA
16463 14075 NA
16464 14075 NA
16465 14075 NA
16466 14075 NA
16467 14075 NA
16468 14075 NA
16469 14596 NA
16470 14596 NA
16471 14596 NA
16472 14596 NA
16473 14596 NA
16474 14596 NA
16475 15261 NA
16476 15261 NA
16477 15261 NA
16478 15261 NA
16479 15261 NA
16480 15261 NA
16481 15261 NA
16482 16014 NA
16483 16014 NA
16484 16014 NA
16485 16014 NA
16486 16014 NA
16487 16639 NA
16488 16639 NA
16489 16639 NA
16490 16639 NA
16491 16639 NA
16492 17109 NA
16493 17109 NA
16494 17109 NA
16495 17109 NA
16496 17109 NA
16497 17109 NA
16498 17616 NA
16499 17616 NA
16500 17616 NA
16501 17616 NA
16502 17616 NA
16503 17616 NA
16504 17616 NA
16505 17989 NA
16506 17989 NA
16507 17989 NA
16508 17989 NA
16509 17989 NA
16510 17989 NA
16511 17989 NA
16512 17710 NA
16513 17710 NA
16514 17710 NA
16515 17710 NA
16516 17710 NA
16517 17710 NA
16518 17710 NA
16519 18455 NA
16520 18455 NA
16521 18455 NA
16522 18455 NA
16523 18455 NA
16524 18455 NA
16525 18455 NA
16526 18455 NA
16527 18688 NA
16528 18688 NA
16529 18688 NA
16530 18688 NA
16531 18688 NA
16532 18688 NA
16533 19003 NA
16534 19003 NA
16535 19003 NA
16536 19003 NA
16537 19003 NA
16538 19003 NA
16539 18267 NA
16540 18267 NA
16541 18267 NA
16542 18267 NA
16543 18267 NA
16544 18267 NA
16545 18267 NA
16546 18657 NA
16547 18657 NA
16548 18657 NA
16549 18657 NA
16550 18657 NA
16551 18657 NA
16552 18657 NA
16553 19572 NA
16554 19572 NA
16555 19572 NA
16556 19572 NA
16557 19572 NA
16558 19572 NA
16559 19572 NA
16560 20304 NA
16561 20304 NA
16562 20304 NA
16563 20304 NA
16564 20304 NA
16565 20304 NA
16566 20304 NA
16567 20356 NA
16568 20356 NA
16569 20356 NA
16570 20356 NA
16571 20356 NA
16572 20356 NA
16573 20831 NA
16574 20831 NA
16575 20831 NA
16576 20831 NA
16577 20831 NA
16578 20831 NA
16579 20831 NA
16580 20831 NA
16581 21162 NA
16582 21162 NA
16583 21162 NA
16584 21162 NA
16585 21162 NA
16586 21162 NA
16587 20645 NA
16588 20645 NA
16589 20645 NA
16590 20645 NA
16591 20645 NA
16592 20645 NA
16593 20645 NA
16594 20429 NA
16595 20429 NA
16596 20429 NA
16597 20429 NA
16598 20429 NA
16599 20429 NA
16600 20429 NA
16601 20616 NA
16602 20616 NA
16603 20616 NA
16604 20616 NA
16605 20616 NA
16606 20616 NA
16607 20616 NA
16608 20892 NA
16609 20892 NA
16610 20892 NA
16611 20892 NA
16612 20892 NA
16613 20892 NA
16614 20892 NA
16615 20892 NA
16616 20914 NA
16617 20914 NA
16618 20914 NA
16619 20914 NA
16620 20914 NA
16621 20914 NA
16622 20914 NA
16623 21713 NA
16624 21713 NA
16625 21713 NA
16626 21713 NA
16627 21713 NA
16628 21713 NA
16629 21713 NA
16630 22631 NA
16631 22631 NA
16632 22631 NA
16633 22631 NA
16634 22631 NA
16635 22631 NA
16636 22631 NA
16637 23301 NA
16638 23301 NA
16639 23301 NA
16640 23301 NA
16641 23301 NA
16642 23301 NA
16643 23301 NA
16644 24102 NA
16645 24102 NA
16646 24102 NA
16647 24102 NA
16648 24102 NA
16649 24102 NA
16650 24102 NA
16651 24382 NA
16652 24382 NA
16653 24382 NA
16654 24382 NA
16655 24382 NA
16656 24382 NA
16657 24382 NA
16658 24634 NA
16659 24634 NA
16660 24634 NA
16661 24634 NA
16662 24634 NA
16663 24634 NA
16665 25854 NA
16666 25854 NA
16668 25854 NA
16669 25854 NA
16670 25854 NA
16671 25854 NA
16672 26782 NA
16673 26782 NA
16674 26782 NA
16675 26782 NA
16676 26782 NA
16677 26782 NA
16678 27821 NA
16679 27821 NA
16680 27821 NA
16681 27821 NA
16682 27821 NA
16683 27821 NA
16684 27821 NA
16686 28735 NA
16687 28735 NA
16688 28735 NA
16689 28735 NA
16690 28735 NA
16691 28735 NA
16692 28440 NA
16693 28440 NA
16694 28440 NA
16695 28440 NA
16696 28440 NA
16697 28440 NA
16698 28440 NA
16699 28440 NA
16700 29186 NA
16701 29186 NA
16702 29186 NA
16703 29186 NA
16704 30503 NA
16705 30503 NA
16706 31161 NA
16707 31161 NA
16708 31161 NA
16709 31161 NA
16710 31161 NA
16711 31161 NA
16712 31161 NA
16715 30916 NA
16717 30916 NA
16719 30916 NA
16720 31622 NA
16721 31622 NA
16722 31622 NA
16723 31622 NA
16724 31622 NA
16725 31622 NA
16726 31622 NA
16727 31622 NA
16728 31299 NA
16730 31299 NA
16731 31299 NA
16732 31299 NA
16733 31299 NA
16734 32142 NA
16735 32142 NA
16736 32142 NA
16737 32142 NA
16738 32142 NA
16739 32142 NA
16740 32142 NA
16741 32202 NA
16742 32202 NA
16743 32202 NA
16744 32202 NA
16745 32202 NA
16746 32202 NA
16747 31220 NA
16748 31220 NA
16749 31220 NA
16750 31220 NA
16751 31220 NA
16752 31220 NA
16753 31220 NA
16754 31643 NA
16755 31643 NA
16756 31643 NA
16757 31643 NA
16759 31643 NA
16760 31643 NA
16761 31684 NA
16762 31684 NA
16763 31684 NA
16764 31684 NA
16765 31684 NA
16766 31684 NA
16767 31684 NA
16768 31684 NA
16769 30873 NA
16770 30873 NA
16771 30873 NA
16772 30873 NA
16773 30873 NA
16774 30873 NA
16775 30873 NA
16777 32203 NA
16778 32203 NA
16779 32203 NA
16780 32203 NA
16781 32203 NA
16782 32203 NA
16783 32203 NA
16784 32872 NA
16785 32872 NA
16786 32872 NA
16787 32872 NA
16788 32872 NA
16789 32872 NA
16790 32872 NA
16791 31946 NA
16792 31946 NA
16793 31946 NA
16794 31946 NA
16795 31946 NA
16796 31946 NA
16797 33263 NA
16798 33263 NA
16799 33263 NA
16800 33263 NA
16801 33263 NA
16802 33263 NA
16803 34458 NA
16804 34458 NA
16807 34458 NA
16808 34458 NA
16809 34458 NA
16810 34437 NA
16811 34437 NA
16812 34437 NA
16813 34437 NA
16814 34437 NA
16815 34437 NA
16816 34437 NA
16817 33444 NA
16818 33444 NA
16820 33444 NA
16821 33444 NA
16823 32656 NA
16824 32656 NA
16825 32656 NA
16826 32656 NA
16827 32656 NA
16828 32656 NA
16829 32656 NA
16830 32271 NA
16831 32271 NA
16832 32271 NA
16833 32271 NA
16834 32271 NA
16835 32271 NA
16836 32271 NA
16837 32271 NA
16838 32271 NA
16839 33058 NA
16840 33058 NA
16841 33058 NA
16842 33058 NA
16843 33058 NA
16844 33058 NA
16845 33058 NA
16847 33928 NA
16849 33928 NA
16850 33928 NA
16851 33928 NA
16852 33928 NA
16853 33928 NA
16854 33928 NA
16855 35612 NA
16856 35612 NA
16857 35612 NA
16858 35612 NA
16859 37393 NA
16860 37393 NA
16861 37393 NA
16862 37393 NA
16863 37393 NA
16864 37393 NA
16865 37393 NA
16866 39255 NA
16867 39255 NA
16869 39255 NA
16870 39255 NA
16871 39255 NA
16872 39255 NA
16873 39255 NA
16874 38302 NA
16875 38302 NA
16876 38302 NA
16878 38302 NA
16879 38302 NA
16880 38302 NA
16881 38302 NA
16884 37309 NA
16885 37309 NA
16886 37309 NA
16887 37309 NA
16888 37309 NA
16889 37309 NA
16890 36527 NA
16892 36527 NA
16893 36527 NA
16894 36527 NA
16895 36527 NA
16896 36527 NA
16897 35891 NA
16898 35891 NA
16899 35891 NA
16900 35891 NA
16901 35891 NA
16902 35891 NA
16903 35891 NA
16904 35891 NA
16905 36343 NA
16906 36343 NA
16907 36343 NA
16908 36343 NA
16909 36343 NA
16910 36343 NA
16911 36343 NA
16912 36343 NA
16913 36723 NA
16914 36723 NA
16915 36723 NA
16916 36723 NA
16917 36723 NA
16918 36723 NA
16919 36723 NA
16920 36723 NA
16921 36723 NA
16922 35583 NA
16923 35583 NA
16924 35583 NA
16925 35583 NA
16926 35583 NA
16927 35583 NA
16928 35583 NA
16929 35583 NA
16931 36271 NA
16932 36271 NA
16933 36271 NA
16934 36271 NA
16935 36271 NA
16937 36384 NA
16938 36384 NA
16939 36384 NA
16940 36384 NA
16941 36384 NA
16942 36384 NA
16943 36384 NA
16944 36384 NA
16945 36416 NA
16946 36416 NA
16949 36416 NA
16950 36416 NA
16951 36416 NA
16952 36416 NA
16953 35618 NA
16954 35618 NA
16955 35618 NA
16956 35618 NA
16957 35618 NA
16958 35618 NA
16959 35618 NA
16960 35260 NA
16967 35396 NA
16968 35396 NA
16969 35396 NA
16970 35396 NA
16971 35396 NA
16972 35396 NA
16974 34298 NA
16975 34298 NA
16976 34298 NA
16977 34298 NA
16978 34298 NA
16979 34298 NA
16980 33583 NA
16981 33583 NA
16982 33583 NA
16984 33583 NA
16985 33583 NA
16986 33583 NA
16987 34012 NA
16988 34012 NA
16989 34012 NA
16990 34012 NA
16991 34012 NA
16992 34012 NA
16993 34012 NA
16994 33960 NA
16999 33960 NA
17000 33960 NA
17001 33315 NA
17006 33315 NA
17007 33315 NA
17014 33083 NA
17015 33083 NA
17016 33057 NA
17017 33057 NA
17018 33057 NA
17019 33057 NA
17020 33057 NA
17021 33057 NA
17022 33057 NA
17023 31835 NA
17024 31835 NA
17025 31835 NA
17026 31835 NA
17027 31835 NA
17028 31835 NA
17029 31835 NA
17031 30737 NA
17032 30737 NA
17033 30737 NA
17034 30737 NA
17035 30737 NA
17036 30737 NA
17037 30737 NA
17038 30105 NA
17039 30105 NA
17040 30105 NA
17042 30105 NA
17044 30105 NA
17045 30105 NA
17046 30150 NA
17047 30150 NA
17048 30150 NA
17049 30150 NA
17050 30150 NA
17051 30150 NA
17052 30150 NA
17053 30150 NA
17054 29643 NA
17055 29643 NA
17056 29643 NA
17057 29643 NA
17058 29643 NA
17059 29643 NA
17060 29643 NA
17061 29643 NA
17062 29643 NA
17063 30348 NA
17064 30348 NA
17069 31239 NA
17070 31239 NA
17071 31912 NA
17072 31912 NA
17073 31912 NA
17075 31912 NA
17076 31912 NA
17077 31912 NA
17078 31235 NA
17079 31235 NA
17080 31235 NA
17081 31235 NA
17083 31235 NA
17084 31235 NA
17085 31235 NA
17086 30829 NA
17087 30829 NA
17088 30829 NA
17089 30829 NA
17091 30829 NA
17092 30829 NA
17093 29513 NA
17094 29513 NA
17095 29513 NA
17096 29513 NA
17097 29513 NA
17098 29513 NA
17099 29513 NA
17100 30139 NA
17101 30139 NA
17102 30139 NA
17103 30139 NA
17104 30139 NA
17105 30139 NA
17106 30139 NA
17107 30139 NA
17108 29550 NA
17109 29550 NA
17110 29550 NA
17111 29550 NA
17112 29550 NA
17113 29550 NA
17114 29550 NA
17115 29550 NA
17117 29429 NA
17118 29429 NA
17123 29429 NA
17124 29040 NA
17125 29040 NA
17126 29040 NA
17127 29040 NA
17129 29040 NA
17130 29040 NA
17131 29040 NA
17132 28275 NA
17133 28275 NA
17134 28275 NA
17135 28275 NA
17136 28275 NA
17138 28275 NA
17139 28275 NA
17140 28140 NA
17141 28140 NA
17142 28140 NA
17143 28140 NA
17144 28140 NA
17145 28140 NA
17146 28140 NA
17147 27753 NA
