"Index" "Price" "Volume"
16035 88607 NA
16036 88607 NA
16037 88607 NA
16038 88607 NA
16039 88607 NA
16040 88607 NA
16041 88607 NA
16042 88607 NA
16043 88607 NA
16044 88607 NA
16045 88607 NA
16046 88607 NA
16047 88607 NA
16048 88607 NA
16049 88607 NA
16050 88607 NA
16051 88607 NA
16052 88607 NA
16053 88607 NA
16054 88607 NA
16055 88607 NA
16056 88607 NA
16057 88607 NA
16058 88607 NA
16059 88607 NA
16060 88607 NA
16061 88607 NA
16062 88607 NA
16063 88607 NA
16064 88607 NA
16065 88607 NA
16066 88607 NA
16067 88607 NA
16068 88607 NA
16069 88607 NA
16070 88607 NA
16071 88607 NA
16072 88607 NA
16073 88607 NA
16074 88607 NA
16075 88607 NA
16076 88607 NA
16077 88607 NA
16078 88607 NA
16079 88607 NA
16080 88607 NA
16081 88607 NA
16082 88607 NA
16083 88607 NA
16084 88607 NA
16085 88607 NA
16086 88607 NA
16087 88607 NA
16088 88607 NA
16089 88607 NA
16090 88607 NA
16091 88607 NA
16092 88607 NA
16093 88607 NA
16094 88607 NA
16095 88607 NA
16096 88607 NA
16097 88607 NA
16098 88607 NA
16099 88607 NA
16100 88607 NA
16101 88608 NA
16102 88608 NA
16103 88608 NA
16104 88608 NA
16105 88608 NA
16106 88608 NA
16107 88608 NA
16108 88608 NA
16109 88608 NA
16110 88608 NA
16111 88608 NA
16112 88608 NA
16113 88608 NA
16114 88608 NA
16115 88608 NA
16116 88608 NA
16117 88608 NA
16118 88608 NA
16119 88608 NA
16120 88608 NA
16121 88608 NA
16122 88608 NA
16123 88608 NA
16124 88608 NA
16125 88608 NA
16126 88608 NA
16127 88608 NA
16128 88608 NA
16129 88608 NA
16130 88608 NA
16131 88608 NA
16132 88608 NA
16133 88608 NA
16134 88608 NA
16135 88608 NA
16136 88608 NA
16137 88608 NA
16138 88608 NA
16139 88608 NA
16140 88608 NA
16141 88608 NA
16142 88608 NA
16143 88608 NA
16144 88608 NA
16145 88608 NA
16146 88608 NA
16147 88608 NA
16148 88608 NA
16149 88608 NA
16150 88608 NA
16151 88608 NA
16152 88608 NA
16153 88608 NA
16154 88608 NA
16155 88608 NA
16156 88608 NA
16157 88608 NA
16158 88608 NA
16159 88609 NA
16160 88609 NA
16161 88609 NA
16162 88609 NA
16163 88609 NA
16164 88609 NA
16165 88609 NA
16166 88609 NA
16167 88609 NA
16168 88609 NA
16169 88609 NA
16170 88609 NA
16171 88609 NA
16172 88609 NA
16173 88609 NA
16174 88609 NA
16175 88609 NA
16176 88609 NA
16177 88609 NA
16178 88609 NA
16179 88609 NA
16180 88609 NA
16181 88609 NA
16182 88609 NA
16183 88609 NA
16184 88609 NA
16185 88609 NA
16186 88609 NA
16187 88609 NA
16188 88609 NA
16189 88609 NA
16190 88609 NA
16191 88609 NA
16192 88609 NA
16193 88609 NA
16194 88609 NA
16195 88609 NA
16196 88609 NA
16197 88609 NA
16198 88609 NA
16199 88609 NA
16200 88609 NA
16201 88609 NA
16202 88609 NA
16203 88609 NA
16204 88609 NA
16205 88609 NA
16206 88609 NA
16207 88609 NA
16208 88609 NA
16209 88609 NA
16210 88609 NA
16211 88609 NA
16212 88609 NA
16213 88609 NA
16214 88609 NA
16215 88609 NA
16216 88609 NA
16217 88609 NA
16218 88609 NA
16219 88609 NA
16220 88609 NA
16221 88609 NA
16222 88609 NA
16223 88609 NA
16224 88609 NA
16225 88609 NA
16226 88609 NA
16227 88609 NA
16228 88609 NA
16229 88609 NA
16230 88609 NA
16231 88609 NA
16232 88609 NA
16233 88609 NA
16234 88609 NA
16235 88609 NA
16236 88609 NA
16237 88609 NA
16238 88609 NA
16239 88609 NA
16240 88609 NA
16241 88609 NA
16242 88609 NA
16243 88609 NA
16244 88609 NA
16245 88609 NA
16246 88609 NA
16247 88609 NA
16248 88609 NA
16249 88609 NA
16250 88609 NA
16251 88609 NA
16252 88609 NA
16253 88609 NA
16254 88609 NA
16255 88609 NA
16256 88609 NA
16257 88609 NA
16258 88609 NA
16259 88609 NA
16260 88609 NA
16261 88609 NA
16262 88609 NA
16263 88609 NA
16264 88609 NA
16265 88609 NA
16266 88609 NA
16267 88609 NA
16268 88609 NA
16269 88609 NA
16270 88609 NA
16271 88609 NA
16272 88609 NA
16273 88609 NA
16274 88609 NA
16275 88609 NA
16276 88609 NA
16277 88609 NA
16278 88609 NA
16279 88609 NA
16280 88609 NA
16281 88609 NA
16282 88609 NA
16283 88609 NA
16284 88609 NA
16285 88609 NA
16286 88609 NA
16287 88609 NA
16288 88609 NA
16289 88609 NA
16290 88609 NA
16291 88609 NA
16292 88609 NA
16293 88609 NA
16294 88609 NA
16295 88609 NA
16296 88609 NA
16297 88609 NA
16298 88609 NA
16299 88609 NA
16300 88609 NA
16301 88609 NA
16302 88609 NA
16303 88609 NA
16304 88609 NA
16305 88609 NA
16306 88609 NA
16307 88609 NA
16308 88609 NA
16309 88609 NA
16310 88609 NA
16311 88609 NA
16312 88609 NA
16313 88609 NA
16314 88609 NA
16315 88609 NA
16316 88609 NA
16317 88609 NA
16318 88609 NA
16319 88609 NA
16320 88609 NA
16321 88609 NA
16322 88609 NA
16323 88609 NA
16324 88609 NA
16325 88609 NA
16326 88609 NA
16327 88609 NA
16328 88609 NA
16329 88610 NA
16330 88610 NA
16331 88610 NA
16332 88610 NA
16333 88610 NA
16334 88610 NA
16335 88610 NA
16336 88610 NA
16337 88610 NA
16338 88610 NA
16339 88610 NA
16340 88610 NA
16341 88610 NA
16342 88610 NA
16343 88610 NA
16344 88610 NA
16345 88610 NA
16346 88610 NA
16347 88610 NA
16348 88610 NA
16349 88610 NA
16350 88610 NA
16351 88610 NA
16352 88610 NA
16353 88610 NA
16354 88610 NA
16355 88610 NA
16356 88610 NA
16357 88610 NA
16358 88610 NA
16359 88610 NA
16360 88610 NA
16361 88610 NA
16362 88610 NA
16363 88610 NA
16364 88610 NA
16365 88610 NA
16366 88610 NA
16367 88610 NA
16368 88610 NA
16369 88610 NA
16370 88610 NA
16371 88610 NA
16372 88610 NA
16373 88610 NA
16374 88610 NA
16375 88610 NA
16376 88610 NA
16377 88610 NA
16378 88610 NA
16379 88610 NA
16380 88610 NA
16381 88610 NA
16382 88610 NA
16383 88610 NA
16384 88610 NA
16385 88610 NA
16386 88610 NA
16387 88610 NA
16388 88610 NA
16389 88610 NA
16390 88610 NA
16391 88610 NA
16392 88610 NA
16393 88610 NA
16394 88610 NA
16395 88610 NA
16396 88610 NA
16397 88610 NA
16398 88610 NA
16399 88610 NA
16400 88610 NA
16401 88610 NA
16402 88610 NA
16403 88610 NA
16404 88610 NA
16405 88610 NA
16406 88610 NA
16407 88610 NA
16408 88610 NA
16409 88610 NA
16410 88610 NA
16411 88610 NA
16412 88610 NA
16413 88610 NA
16414 88610 NA
16415 88610 NA
16416 88610 NA
16417 88610 NA
16418 88610 NA
16419 88610 NA
16420 88610 NA
16421 88610 NA
16422 88610 NA
16423 88610 NA
16424 88611 NA
16425 88611 NA
16426 88611 NA
16427 88611 NA
16428 88611 NA
16429 88611 NA
16430 88611 NA
16431 88611 NA
16432 88611 NA
16433 88611 NA
16434 88611 NA
16435 88611 NA
16436 88611 NA
16437 88611 NA
16438 88611 NA
16439 88611 NA
16440 88611 NA
16441 88611 NA
16442 88611 NA
16443 88611 NA
16444 88611 NA
16445 88611 NA
16446 88611 NA
16447 88611 NA
16448 88611 NA
16449 88611 NA
16450 88611 NA
16451 88611 NA
16452 88611 NA
16453 88611 NA
16454 88611 NA
16455 88611 NA
16456 88611 NA
16457 88611 NA
16458 88611 NA
16459 88611 NA
16460 88611 NA
16461 88611 NA
16462 88611 NA
16463 88611 NA
16464 88611 NA
16465 88611 NA
16466 88611 NA
16467 88611 NA
16468 88611 NA
16469 88611 NA
16470 88611 NA
16471 88611 NA
16472 88611 NA
16473 88611 NA
16474 88611 NA
16475 88611 NA
16476 88611 NA
16477 88611 NA
16478 88611 NA
16479 88611 NA
16480 88611 NA
16481 88611 NA
16482 131297 NA
16483 131297 NA
16484 131297 NA
16485 131297 NA
16486 131297 NA
16487 131297 NA
16488 131297 NA
16489 131297 NA
16490 131297 NA
16491 131297 NA
16492 131297 NA
16493 131297 NA
16494 131297 NA
16495 131297 NA
16496 131297 NA
16497 131297 NA
16498 131297 NA
16499 131297 NA
16500 131297 NA
16501 131297 NA
16502 131297 NA
16503 131297 NA
16504 131297 NA
16505 131297 NA
16506 131297 NA
16507 131297 NA
16508 131297 NA
16509 131297 NA
16510 131297 NA
16511 131297 NA
16512 131297 NA
16513 131297 NA
16514 131297 NA
16515 131297 NA
16516 131297 NA
16517 131297 NA
16518 131297 NA
16519 131297 NA
16520 131297 NA
16521 131297 NA
16522 131297 NA
16523 131297 NA
16524 131297 NA
16525 131297 NA
16526 131297 NA
16527 131297 NA
16528 131297 NA
16529 131297 NA
16530 131297 NA
16531 131297 NA
16532 131297 NA
16533 131297 NA
16534 131297 NA
16535 131297 NA
16536 131297 NA
16537 131297 NA
16538 131297 NA
16539 131297 NA
16540 131297 NA
16541 131297 NA
16542 131297 NA
16543 131297 NA
16544 131297 NA
16545 131297 NA
16546 131297 NA
16547 131297 NA
16548 131297 NA
16549 131297 NA
16550 131297 NA
16551 131297 NA
16552 131297 NA
16553 131297 NA
16554 131297 NA
16555 131297 NA
16556 131297 NA
16557 131297 NA
16558 131297 NA
16559 131297 NA
16560 131297 NA
16561 131297 NA
16562 131297 NA
16563 131297 NA
16564 131297 NA
16565 131297 NA
16566 131297 NA
16567 131297 NA
16568 131297 NA
16569 131297 NA
16570 131297 NA
16571 131297 NA
16572 131297 NA
16573 131297 NA
16574 131297 NA
16575 131297 NA
16576 131297 NA
16577 131297 NA
16578 131297 NA
16579 131297 NA
16580 131297 NA
16581 131297 NA
16582 131297 NA
16583 131297 NA
16584 131297 NA
16585 131297 NA
16586 131297 NA
16587 131297 NA
16588 131297 NA
16589 131297 NA
16590 131297 NA
16591 131297 NA
16592 131297 NA
16593 131297 NA
16594 131297 NA
16595 131297 NA
16596 131297 NA
16597 131297 NA
16598 131297 NA
16599 131297 NA
16600 131297 NA
16601 131297 NA
16602 131297 NA
16603 131297 NA
16604 131297 NA
16605 131297 NA
16606 131297 NA
16607 131297 NA
16608 131297 NA
16609 131297 NA
16610 131297 NA
16611 131297 NA
16612 131297 NA
16613 131297 NA
16614 131297 NA
16615 131297 NA
16616 131297 NA
16617 131297 NA
16618 131297 NA
16619 131297 NA
16620 131297 NA
16621 131297 NA
16622 131297 NA
16623 131297 NA
16624 131297 NA
16625 131297 NA
16626 131297 NA
16627 131297 NA
16628 131297 NA
16629 131297 NA
16630 131297 NA
16631 131297 NA
16632 131297 NA
16633 131297 NA
16634 131297 NA
16635 131297 NA
16636 131297 NA
16637 131297 NA
16638 131297 NA
16639 131297 NA
16640 131297 NA
16641 131297 NA
16642 131297 NA
16643 131297 NA
16644 131297 NA
16645 131297 NA
16646 131297 NA
16647 131297 NA
16648 131297 NA
16649 131297 NA
16650 131297 NA
16651 131297 NA
16652 131297 NA
16653 131297 NA
16654 131297 NA
16655 131297 NA
16656 131297 NA
16657 131297 NA
16658 131297 NA
16659 131297 NA
16660 131297 NA
16661 131297 NA
16662 131297 NA
16663 131297 NA
16665 131297 NA
16666 131297 NA
16668 131297 NA
16669 131297 NA
16670 131297 NA
16671 131297 NA
16672 131297 NA
16673 131297 NA
16674 131297 NA
16675 131297 NA
16676 131297 NA
16677 131297 NA
16678 131297 NA
16679 131297 NA
16680 131297 NA
16681 131297 NA
16682 131297 NA
16683 131297 NA
16684 131297 NA
16686 131297 NA
16687 131297 NA
16688 131297 NA
16689 131297 NA
16690 131297 NA
16691 131297 NA
16692 131297 NA
16693 131297 NA
16694 131297 NA
16695 131297 NA
16696 131297 NA
16697 131297 NA
16698 131297 NA
16699 131297 NA
16700 131297 NA
16701 131297 NA
16702 131297 NA
16703 131297 NA
16704 131297 NA
16705 131297 NA
16706 131297 NA
16707 131297 NA
16708 131297 NA
16709 131297 NA
16710 131297 NA
16711 131297 NA
16712 131297 NA
16715 131297 NA
16717 131297 NA
16719 131297 NA
16720 131297 NA
16721 131297 NA
16722 131297 NA
16723 131297 NA
16724 131297 NA
16725 131297 NA
16726 131297 NA
16727 131297 NA
16728 131297 NA
16730 131297 NA
16731 131297 NA
16732 131297 NA
16733 131297 NA
16734 131297 NA
16735 131297 NA
16736 131297 NA
16737 131297 NA
16738 131297 NA
16739 131297 NA
16740 131297 NA
16741 131297 NA
16742 131297 NA
16743 131297 NA
16744 131297 NA
16745 131297 NA
16746 131297 NA
16747 131298 NA
16748 131298 NA
16749 131298 NA
16750 131298 NA
16751 131298 NA
16752 131298 NA
16753 131298 NA
16754 131298 NA
16755 131298 NA
16756 131298 NA
16757 131298 NA
16759 131298 NA
16760 131298 NA
16761 131298 NA
16762 131298 NA
16763 131298 NA
16764 131298 NA
16765 131298 NA
16766 131298 NA
16767 131298 NA
16768 131298 NA
16769 131298 NA
16770 131298 NA
16771 131298 NA
16772 131298 NA
16773 131298 NA
16774 131298 NA
16775 131298 NA
16776 131298 NA
16777 131298 NA
16778 131298 NA
16779 131298 NA
16780 131298 NA
16781 131298 NA
16782 131298 NA
16783 131298 NA
16784 131298 NA
16785 131298 NA
16786 131298 NA
16787 131298 NA
16788 131298 NA
16789 131298 NA
16790 131298 NA
16791 131298 NA
16792 131298 NA
16793 131298 NA
16794 131298 NA
16795 131298 NA
16796 131298 NA
16797 131298 NA
16798 131298 NA
16799 131298 NA
16800 131298 NA
16801 131298 NA
16802 131298 NA
16803 131298 NA
16804 131298 NA
16807 131298 NA
16808 131298 NA
16809 131298 NA
16810 131298 NA
16811 131298 NA
16812 131298 NA
16813 131298 NA
16814 131298 NA
16815 131298 NA
16816 131298 NA
16817 131298 NA
16818 131298 NA
16820 131298 NA
16821 131298 NA
16823 131298 NA
16824 131298 NA
16825 131298 NA
16826 131298 NA
16827 131298 NA
16828 131298 NA
16829 131298 NA
16830 131298 NA
16831 131298 NA
16832 131298 NA
16833 131298 NA
16834 131298 NA
16835 131298 NA
16836 131298 NA
16837 131298 NA
16838 131298 NA
16839 131298 NA
16840 131298 NA
16841 131298 NA
16842 131298 NA
16843 131298 NA
16844 131298 NA
16845 131298 NA
16847 131298 NA
16849 131298 NA
16850 131298 NA
16851 131298 NA
16852 131298 NA
16853 131298 NA
16854 131298 NA
16855 131298 NA
16856 131298 NA
16857 43111 NA
16858 43111 NA
16859 43111 NA
16860 43111 NA
16861 43111 NA
16862 43111 NA
16863 43111 NA
16864 43111 NA
16865 43111 NA
16866 43111 NA
16867 43111 NA
16869 43111 NA
16870 43111 NA
16871 43111 NA
16872 43111 NA
16873 43111 NA
16874 43111 NA
16875 43111 NA
16876 43111 NA
16878 43111 NA
16879 43111 NA
16880 43111 NA
16881 43111 NA
16884 43111 NA
16885 43111 NA
16886 43111 NA
16887 43111 NA
16888 43111 NA
16889 43111 NA
16890 43111 NA
16892 43111 NA
16893 43111 NA
16894 43111 NA
16895 43111 NA
16896 43111 NA
16897 43111 NA
16898 43111 NA
16899 43111 NA
16900 43111 NA
16901 43111 NA
16902 43111 NA
16903 43111 NA
16904 43111 NA
16905 43111 NA
16906 43111 NA
16907 43111 NA
16908 43111 NA
16909 43111 NA
16910 43111 NA
16911 43111 NA
16912 43111 NA
16913 43111 NA
16914 43111 NA
16915 43111 NA
16916 43111 NA
16917 43111 NA
16918 43111 NA
16919 43111 NA
16920 43111 NA
16921 43111 NA
16922 43111 NA
16923 43111 NA
16924 43111 NA
16925 43111 NA
16926 43111 NA
16927 43111 NA
16928 43111 NA
16929 43111 NA
16930 43111 NA
16931 43111 NA
16932 43111 NA
16933 43111 NA
16934 43111 NA
16935 43111 NA
16937 43111 NA
16938 43111 NA
16939 43111 NA
16940 43111 NA
16941 43111 NA
16942 43111 NA
16943 43111 NA
16944 43111 NA
16945 43111 NA
16946 43111 NA
16949 43111 NA
16950 43111 NA
16951 43111 NA
16952 43111 NA
16953 43111 NA
16954 43111 NA
16955 43111 NA
16956 43111 NA
16957 43111 NA
16958 43111 NA
16959 43111 NA
16960 43112 NA
16967 43112 NA
16968 43112 NA
16969 43112 NA
16970 43112 NA
16971 43112 NA
16972 43112 NA
16974 43112 NA
16975 43112 NA
16976 43112 NA
16977 43112 NA
16978 43112 NA
16979 43112 NA
16980 43112 NA
16981 43112 NA
16982 43112 NA
16984 43112 NA
16985 43112 NA
16986 43112 NA
16987 43112 NA
16988 43112 NA
16989 43112 NA
16990 43112 NA
16991 43112 NA
16992 43112 NA
16993 43112 NA
16994 43112 NA
16999 43112 NA
17001 43112 NA
17006 43112 NA
17007 43112 NA
17014 43112 NA
17015 43112 NA
17016 43112 NA
17017 43112 NA
17018 43112 NA
17019 43112 NA
17020 43112 NA
17021 43112 NA
17022 43112 NA
17023 43112 NA
17024 43112 NA
17025 43112 NA
17026 43112 NA
17027 43112 NA
17028 43112 NA
17029 43112 NA
17031 43112 NA
17032 43112 NA
17033 43112 NA
17034 43112 NA
17035 43112 NA
17036 43112 NA
17037 43112 NA
17038 43112 NA
17039 43112 NA
17040 43112 NA
17042 43112 NA
17044 43112 NA
17045 43112 NA
17046 43112 NA
17047 43112 NA
17048 43112 NA
17049 43112 NA
17050 43112 NA
17051 43112 NA
17052 43112 NA
17053 43112 NA
17054 43112 NA
17055 43112 NA
17056 43112 NA
17057 43112 NA
17058 43112 NA
17059 43112 NA
17060 43112 NA
17061 43112 NA
17062 43112 NA
17063 43112 NA
17064 43112 NA
17069 43112 NA
17070 43112 NA
17071 43112 NA
17072 43112 NA
17073 43112 NA
17075 43112 NA
17076 43112 NA
17077 43112 NA
17078 43112 NA
17079 43112 NA
17080 43112 NA
17081 43112 NA
17083 43112 NA
17084 43112 NA
17085 43112 NA
17086 43112 NA
17087 43112 NA
17088 43112 NA
17089 43112 NA
17091 43112 NA
17092 43112 NA
17093 43112 NA
17094 43112 NA
17095 43113 NA
17096 43113 NA
17097 43113 NA
17098 43113 NA
17099 43113 NA
17100 43113 NA
17101 43113 NA
17102 43113 NA
17103 43113 NA
17104 43113 NA
17105 43113 NA
17106 43113 NA
17107 43113 NA
17108 43113 NA
17109 43113 NA
17110 43113 NA
17111 43113 NA
17112 43113 NA
17113 43113 NA
17114 43113 NA
17115 43113 NA
17117 43113 NA
17118 43113 NA
17123 43113 NA
17124 43113 NA
17125 43113 NA
17126 43113 NA
17127 43113 NA
17129 43113 NA
17130 43113 NA
17131 43113 NA
17132 43113 NA
17133 43113 NA
17134 43113 NA
17135 43113 NA
17136 43113 NA
17138 43113 NA
17139 43113 NA
17140 43113 NA
17141 43113 NA
17142 43113 NA
17143 43113 NA
17144 43113 NA
17145 43113 NA
17146 43113 NA
17147 43113 NA
