"Index" "Price" "Volume"
15895 500 NA
15896 500 NA
15897 500 NA
15898 500 NA
15899 500 NA
15900 500 NA
15901 500 NA
15902 500 NA
15903 500 NA
15904 500 NA
15905 500 NA
15906 500 NA
15907 500 NA
15908 500 NA
15909 500 NA
15910 500 NA
15911 500 NA
15912 500 NA
15913 500 NA
15914 500 NA
15915 500 NA
15916 500 NA
15917 500 NA
15918 500 NA
15919 500 NA
15920 500 NA
15921 500 NA
15922 500 NA
15923 500 NA
15924 500 NA
15925 500 NA
15926 500 NA
15927 500 NA
15928 500 NA
15929 500 NA
15930 500 NA
15931 500 NA
15932 500 NA
15933 500 NA
15934 500 NA
15935 500 NA
15936 500 NA
15937 500 NA
15938 500 NA
15939 500 NA
15940 500 NA
15941 500 NA
15942 500 NA
15943 500 NA
15944 500 NA
15945 500 NA
15946 500 NA
15947 500 NA
15948 500 NA
15949 500 NA
15950 500 NA
15951 500 NA
15952 500 NA
15953 500 NA
15954 500 NA
15955 500 NA
15956 500 NA
15957 500 NA
15958 500 NA
15959 500 NA
15960 510 NA
15961 510 NA
15962 510 NA
15963 510 NA
15964 510 NA
15965 510 NA
15966 510 NA
15967 510 NA
15968 510 NA
15969 510 NA
15970 510 NA
15971 510 NA
15972 510 NA
15973 510 NA
15974 510 NA
15975 510 NA
15976 510 NA
15977 510 NA
15978 510 NA
15979 510 NA
15980 510 NA
15981 510 NA
15982 510 NA
15983 510 NA
15984 510 NA
15985 510 NA
15986 510 NA
15987 510 NA
15988 510 NA
15989 510 NA
15990 510 NA
15991 510 NA
15992 510 NA
15993 510 NA
15994 510 NA
15995 510 NA
15996 510 NA
15997 510 NA
15998 510 NA
15999 510 NA
16000 510 NA
16001 510 NA
16002 510 NA
16003 510 NA
16004 510 NA
16005 510 NA
16006 510 NA
16007 510 NA
16008 510 NA
16009 510 NA
16010 510 NA
16011 510 NA
16012 510 NA
16013 510 NA
16014 510 NA
16015 510 NA
16016 510 NA
16017 510 NA
16018 510 NA
16019 510 NA
16020 510 NA
16021 510 NA
16022 510 NA
16023 510 NA
16024 510 NA
16025 510 NA
16026 510 NA
16027 510 NA
16028 510 NA
16029 510 NA
16030 510 NA
16031 510 NA
16032 510 NA
16033 510 NA
16034 510 NA
16035 510 NA
16036 510 NA
16037 510 NA
16038 510 NA
16039 510 NA
16040 510 NA
16041 510 NA
16042 510 NA
16043 510 NA
16044 510 NA
16045 510 NA
16046 510 NA
16047 510 NA
16048 510 NA
16049 510 NA
16050 510 NA
16051 510 NA
16052 510 NA
16053 510 NA
16054 510 NA
16055 510 NA
16056 510 NA
16057 510 NA
16058 510 NA
16059 510 NA
16060 510 NA
16061 510 NA
16062 510 NA
16063 510 NA
16064 510 NA
16065 510 NA
16066 510 NA
16067 510 NA
16068 510 NA
16069 510 NA
16070 510 NA
16071 510 NA
16072 510 NA
16073 510 NA
16074 510 NA
16075 510 NA
16076 510 NA
16077 510 NA
16078 510 NA
16079 510 NA
16080 510 NA
16081 510 NA
16082 510 NA
16083 510 NA
16084 510 NA
16085 510 NA
16086 510 NA
16087 510 NA
16088 510 NA
16089 510 NA
16090 510 NA
16091 510 NA
16092 510 NA
16093 510 NA
16094 510 NA
16095 510 NA
16096 510 NA
16097 510 NA
16098 510 NA
16099 510 NA
16100 510 NA
16101 510 NA
16102 510 NA
16103 510 NA
16104 510 NA
16105 510 NA
16106 510 NA
16107 510 NA
16108 510 NA
16109 510 NA
16110 510 NA
16111 510 NA
16112 510 NA
16113 510 NA
16114 510 NA
16115 510 NA
16116 510 NA
16117 510 NA
16118 510 NA
16119 510 NA
16120 510 NA
16121 510 NA
16122 510 NA
16123 510 NA
16124 510 NA
16125 510 NA
16126 510 NA
16127 510 NA
16128 510 NA
16129 510 NA
16130 510 NA
16131 510 NA
16132 510 NA
16133 510 NA
16134 510 NA
16135 510 NA
16136 510 NA
16137 510 NA
16138 510 NA
16139 510 NA
16140 510 NA
16141 510 NA
16142 510 NA
16143 510 NA
16144 510 NA
16145 510 NA
16146 510 NA
16147 510 NA
16148 510 NA
16149 529 NA
16150 529 NA
16151 529 NA
16152 529 NA
16153 529 NA
16154 529 NA
16155 529 NA
16156 529 NA
16157 529 NA
16158 529 NA
16159 529 NA
16160 529 NA
16161 529 NA
16162 529 NA
16163 529 NA
16164 529 NA
16165 529 NA
16166 529 NA
16167 529 NA
16168 529 NA
16169 529 NA
16170 529 NA
16171 529 NA
16172 529 NA
16173 529 NA
16174 529 NA
16175 529 NA
16176 529 NA
16177 529 NA
16178 529 NA
16179 529 NA
16180 529 NA
16181 529 NA
16182 529 NA
16183 529 NA
16184 529 NA
16185 529 NA
16186 529 NA
16187 529 NA
16188 529 NA
16189 529 NA
16190 529 NA
16191 529 NA
16192 529 NA
16193 529 NA
16194 529 NA
16195 529 NA
16196 529 NA
16197 529 NA
16198 529 NA
16199 529 NA
16200 529 NA
16201 529 NA
16202 529 NA
16203 529 NA
16204 529 NA
16205 529 NA
16206 529 NA
16207 529 NA
16208 529 NA
16209 529 NA
16210 529 NA
16211 529 NA
16212 529 NA
16213 529 NA
16214 529 NA
16215 529 NA
16216 529 NA
16217 529 NA
16218 529 NA
16219 529 NA
16220 529 NA
16221 529 NA
16222 529 NA
16223 529 NA
16224 529 NA
16225 529 NA
16226 529 NA
16227 529 NA
16228 529 NA
16229 529 NA
16230 529 NA
16231 529 NA
16232 529 NA
16233 529 NA
16234 529 NA
16235 529 NA
16236 529 NA
16237 529 NA
16238 529 NA
16239 529 NA
16240 529 NA
16241 529 NA
16242 529 NA
16243 529 NA
16244 529 NA
16245 529 NA
16246 529 NA
16247 529 NA
16248 529 NA
16249 529 NA
16250 529 NA
16251 529 NA
16252 529 NA
16253 529 NA
16254 529 NA
16255 529 NA
16256 529 NA
16257 529 NA
16258 529 NA
16259 552 NA
16260 552 NA
16261 552 NA
16262 552 NA
16263 552 NA
16264 552 NA
16265 552 NA
16266 552 NA
16267 552 NA
16268 552 NA
16269 552 NA
16270 552 NA
16271 552 NA
16272 552 NA
16273 552 NA
16274 552 NA
16275 552 NA
16276 552 NA
16277 552 NA
16278 552 NA
16279 552 NA
16280 552 NA
16281 552 NA
16282 552 NA
16283 552 NA
16284 552 NA
16285 552 NA
16286 552 NA
16287 552 NA
16288 552 NA
16289 552 NA
16290 552 NA
16291 552 NA
16292 552 NA
16293 552 NA
16294 552 NA
16295 552 NA
16296 552 NA
16297 579 NA
16298 579 NA
16299 579 NA
16300 579 NA
16301 579 NA
16302 579 NA
16303 579 NA
16304 579 NA
16305 579 NA
16306 579 NA
16307 579 NA
16308 579 NA
16309 579 NA
16310 579 NA
16311 579 NA
16312 579 NA
16313 579 NA
16314 579 NA
16315 579 NA
16316 579 NA
16317 579 NA
16318 579 NA
16319 579 NA
16320 579 NA
16321 579 NA
16322 579 NA
16323 579 NA
16324 579 NA
16325 579 NA
16326 579 NA
16327 579 NA
16328 579 NA
16329 579 NA
16330 579 NA
16331 579 NA
16332 579 NA
16333 579 NA
16334 579 NA
16335 579 NA
16336 579 NA
16337 579 NA
16338 579 NA
16339 579 NA
16340 579 NA
16341 579 NA
16342 579 NA
16343 579 NA
16344 579 NA
16345 579 NA
16346 579 NA
16347 579 NA
16348 579 NA
16349 579 NA
16350 607 NA
16351 607 NA
16352 607 NA
16353 607 NA
16354 607 NA
16355 607 NA
16356 607 NA
16357 607 NA
16358 607 NA
16359 607 NA
16360 607 NA
16361 607 NA
16362 607 NA
16363 607 NA
16364 607 NA
16365 607 NA
16366 607 NA
16367 607 NA
16368 607 NA
16369 607 NA
16370 607 NA
16371 607 NA
16372 607 NA
16373 607 NA
16374 607 NA
16375 607 NA
16376 607 NA
16377 607 NA
16378 607 NA
16379 607 NA
16380 607 NA
16381 607 NA
16382 607 NA
16383 607 NA
16384 607 NA
16385 607 NA
16386 607 NA
16387 607 NA
16388 607 NA
16389 607 NA
16390 607 NA
16391 607 NA
16392 607 NA
16393 607 NA
16394 607 NA
16395 607 NA
16396 607 NA
16397 607 NA
16398 607 NA
16399 607 NA
16400 607 NA
16401 607 NA
16402 607 NA
16403 607 NA
16404 607 NA
16405 607 NA
16406 607 NA
16407 607 NA
16408 607 NA
16409 607 NA
16410 607 NA
16411 607 NA
16412 607 NA
16413 607 NA
16414 607 NA
16415 607 NA
16416 607 NA
16417 607 NA
16418 634 NA
16419 634 NA
16420 634 NA
16421 634 NA
16422 634 NA
16423 634 NA
16424 634 NA
16425 634 NA
16426 634 NA
16427 634 NA
16428 634 NA
16429 634 NA
16430 634 NA
16431 634 NA
16432 634 NA
16433 634 NA
16434 634 NA
16435 634 NA
16436 634 NA
16437 634 NA
16438 634 NA
16439 634 NA
16440 634 NA
16441 634 NA
16442 634 NA
16443 634 NA
16444 634 NA
16445 634 NA
16446 634 NA
16447 634 NA
16448 634 NA
16449 634 NA
16450 634 NA
16451 634 NA
16452 634 NA
16453 634 NA
16454 634 NA
16455 634 NA
16456 634 NA
16457 634 NA
16458 634 NA
16459 634 NA
16460 634 NA
16461 634 NA
16462 634 NA
16463 634 NA
16464 634 NA
16465 634 NA
16466 634 NA
16467 634 NA
16468 634 NA
16469 634 NA
16470 634 NA
16471 634 NA
16472 634 NA
16473 634 NA
16474 634 NA
16475 634 NA
16476 634 NA
16477 634 NA
16478 634 NA
16479 634 NA
16480 634 NA
16481 634 NA
16482 634 NA
16483 634 NA
16484 634 NA
16485 663 NA
16486 663 NA
16487 663 NA
16488 663 NA
16489 663 NA
16490 663 NA
16491 663 NA
16492 663 NA
16493 663 NA
16494 663 NA
16495 663 NA
16496 663 NA
16497 663 NA
16498 663 NA
16499 663 NA
16500 663 NA
16501 663 NA
16502 663 NA
16503 663 NA
16504 663 NA
16505 663 NA
16506 663 NA
16507 663 NA
16508 663 NA
16509 663 NA
16510 663 NA
16511 663 NA
16512 663 NA
16513 663 NA
16514 663 NA
16515 663 NA
16516 663 NA
16517 663 NA
16518 663 NA
16519 663 NA
16520 663 NA
16521 663 NA
16522 663 NA
16523 663 NA
16524 663 NA
16525 663 NA
16526 663 NA
16527 663 NA
16528 663 NA
16529 663 NA
16530 663 NA
16531 663 NA
16532 663 NA
16533 663 NA
16534 663 NA
16535 663 NA
16536 663 NA
16537 663 NA
16538 663 NA
16539 663 NA
16540 663 NA
16541 663 NA
16542 663 NA
16543 663 NA
16544 663 NA
16545 663 NA
16546 663 NA
16547 663 NA
16548 663 NA
16549 663 NA
16550 663 NA
16551 663 NA
16552 663 NA
16553 663 NA
16554 663 NA
16555 663 NA
16556 663 NA
16557 663 NA
16558 663 NA
16559 663 NA
16560 663 NA
16561 663 NA
16562 663 NA
16563 663 NA
16564 663 NA
16565 663 NA
16566 663 NA
16567 663 NA
16568 663 NA
16569 663 NA
16570 663 NA
16571 663 NA
16572 663 NA
16573 694 NA
16574 694 NA
16575 694 NA
16576 694 NA
16577 694 NA
16578 694 NA
16579 694 NA
16580 694 NA
16581 694 NA
16582 694 NA
16583 694 NA
16584 694 NA
16585 694 NA
16586 694 NA
16587 694 NA
16588 694 NA
16589 694 NA
16590 694 NA
16591 694 NA
16592 694 NA
16593 694 NA
16594 694 NA
16595 694 NA
16596 694 NA
16597 694 NA
16598 694 NA
16599 694 NA
16600 694 NA
16601 694 NA
16602 694 NA
16603 694 NA
16604 694 NA
16605 694 NA
16606 694 NA
16607 694 NA
16608 694 NA
16609 694 NA
16610 694 NA
16611 694 NA
16612 694 NA
16613 694 NA
16614 694 NA
16615 694 NA
16616 694 NA
16617 694 NA
16618 694 NA
16619 694 NA
16620 694 NA
16621 694 NA
16622 694 NA
16623 694 NA
16624 694 NA
16625 694 NA
16626 694 NA
16627 694 NA
16628 694 NA
16629 694 NA
16630 694 NA
16631 694 NA
16632 694 NA
16633 694 NA
16634 694 NA
16635 694 NA
16636 694 NA
16637 694 NA
16638 694 NA
16639 694 NA
16640 694 NA
16641 694 NA
16642 694 NA
16643 694 NA
16644 694 NA
16645 694 NA
16646 694 NA
16647 694 NA
16648 694 NA
16649 694 NA
16650 694 NA
16651 694 NA
16652 694 NA
16653 694 NA
16654 694 NA
16655 694 NA
16656 694 NA
16657 694 NA
16658 694 NA
16659 694 NA
16660 694 NA
16661 694 NA
16662 694 NA
16663 694 NA
16665 694 NA
16666 694 NA
16668 694 NA
16669 694 NA
16670 694 NA
16671 694 NA
16672 694 NA
16673 694 NA
16674 694 NA
16675 694 NA
16676 694 NA
16677 694 NA
16678 724 NA
16679 724 NA
16680 724 NA
16681 724 NA
16682 724 NA
16683 724 NA
16684 724 NA
16686 724 NA
16687 724 NA
16688 724 NA
16689 724 NA
16690 724 NA
16691 724 NA
16692 724 NA
16693 724 NA
16694 724 NA
16695 724 NA
16696 724 NA
16697 724 NA
16698 724 NA
16699 724 NA
16700 724 NA
16701 724 NA
16702 724 NA
16703 724 NA
16704 724 NA
16705 724 NA
16706 724 NA
16707 724 NA
16708 724 NA
16709 724 NA
16710 724 NA
16711 724 NA
16712 724 NA
16715 724 NA
16717 724 NA
16719 724 NA
16720 724 NA
16721 724 NA
16722 724 NA
16723 724 NA
16724 724 NA
16725 724 NA
16726 724 NA
16727 724 NA
16728 724 NA
16730 724 NA
16731 724 NA
16732 724 NA
16733 724 NA
16734 724 NA
16735 724 NA
16736 724 NA
16737 724 NA
16738 724 NA
16739 724 NA
16740 724 NA
16741 724 NA
16742 724 NA
16743 724 NA
16744 724 NA
16745 724 NA
16746 724 NA
16747 724 NA
16748 724 NA
16749 724 NA
16750 724 NA
16751 724 NA
16752 724 NA
16753 724 NA
16754 724 NA
16755 724 NA
16756 724 NA
16757 724 NA
16759 724 NA
16760 724 NA
16761 724 NA
16762 724 NA
16763 724 NA
16764 724 NA
16765 724 NA
16766 724 NA
16767 724 NA
16768 724 NA
16769 724 NA
16770 724 NA
16771 724 NA
16772 724 NA
16773 724 NA
16774 724 NA
16775 724 NA
16776 724 NA
16777 724 NA
16778 724 NA
16779 724 NA
16780 724 NA
16781 724 NA
16782 724 NA
16783 724 NA
16784 724 NA
16785 724 NA
16786 724 NA
16787 724 NA
16788 724 NA
16789 724 NA
16790 724 NA
16791 724 NA
16792 724 NA
16793 724 NA
16794 724 NA
16795 724 NA
16796 724 NA
16797 724 NA
16798 724 NA
16799 724 NA
16800 724 NA
16801 724 NA
16802 724 NA
16803 724 NA
16804 760 NA
16807 760 NA
16808 760 NA
16809 760 NA
16810 760 NA
16811 760 NA
16812 760 NA
16813 760 NA
16814 760 NA
16815 760 NA
16816 760 NA
16817 760 NA
16818 760 NA
16820 760 NA
16821 760 NA
16823 760 NA
16824 760 NA
16825 760 NA
16826 760 NA
16827 760 NA
16828 760 NA
16829 760 NA
16830 760 NA
16831 760 NA
16832 760 NA
16833 760 NA
16834 760 NA
16835 760 NA
16836 760 NA
16837 760 NA
16838 760 NA
16839 760 NA
16840 760 NA
16841 760 NA
16842 760 NA
16843 760 NA
16844 760 NA
16845 760 NA
16847 760 NA
16849 760 NA
16850 760 NA
16851 760 NA
16852 760 NA
16853 760 NA
16854 760 NA
16855 760 NA
16856 760 NA
16857 760 NA
16858 760 NA
16859 760 NA
16860 760 NA
16861 760 NA
16862 760 NA
16863 760 NA
16864 760 NA
16865 760 NA
16866 760 NA
16867 760 NA
16869 760 NA
16870 760 NA
16871 760 NA
16872 760 NA
16873 760 NA
16874 760 NA
16875 760 NA
16876 760 NA
16878 760 NA
16879 760 NA
16880 760 NA
16881 760 NA
16884 760 NA
16885 760 NA
16886 760 NA
16887 760 NA
16888 760 NA
16889 760 NA
16890 760 NA
16892 760 NA
16893 760 NA
16894 760 NA
16895 760 NA
16896 760 NA
16897 760 NA
16898 760 NA
16899 760 NA
16900 760 NA
16901 760 NA
16902 760 NA
16903 760 NA
16904 760 NA
16905 760 NA
16906 760 NA
16907 760 NA
16908 760 NA
16909 760 NA
16910 789 NA
16911 789 NA
16912 789 NA
16913 789 NA
16914 789 NA
16915 789 NA
16916 789 NA
16917 789 NA
16918 789 NA
16919 789 NA
16920 789 NA
16921 789 NA
16922 789 NA
16923 789 NA
16924 789 NA
16925 789 NA
16926 789 NA
16927 789 NA
16928 789 NA
16929 789 NA
16930 789 NA
16931 789 NA
16932 789 NA
16933 789 NA
16934 789 NA
16935 789 NA
16937 789 NA
16938 789 NA
16939 789 NA
16940 789 NA
16941 789 NA
16942 789 NA
16943 789 NA
16944 789 NA
16945 789 NA
16946 789 NA
16949 789 NA
16950 789 NA
16951 789 NA
16952 789 NA
16953 789 NA
16954 789 NA
16955 789 NA
16956 789 NA
16957 789 NA
16958 789 NA
16959 789 NA
16960 789 NA
16967 789 NA
16968 789 NA
16969 789 NA
16970 789 NA
16971 789 NA
16972 789 NA
16974 789 NA
16975 789 NA
16976 789 NA
16977 789 NA
16978 789 NA
16979 789 NA
16980 789 NA
16981 789 NA
16982 789 NA
16984 789 NA
16985 789 NA
16986 789 NA
16987 789 NA
16988 789 NA
16989 789 NA
16990 789 NA
16991 789 NA
16992 789 NA
16993 789 NA
16994 789 NA
16999 789 NA
17001 789 NA
17006 789 NA
17007 789 NA
17014 789 NA
17015 789 NA
17016 789 NA
17017 789 NA
17018 789 NA
17019 789 NA
17020 789 NA
17021 789 NA
17022 789 NA
17023 789 NA
17024 789 NA
17025 789 NA
17026 789 NA
17027 789 NA
17028 789 NA
17029 789 NA
17031 789 NA
17032 789 NA
17033 789 NA
17034 789 NA
17035 789 NA
17036 789 NA
17037 789 NA
17038 789 NA
17039 789 NA
17040 789 NA
17042 789 NA
17044 789 NA
17045 789 NA
17046 789 NA
17047 789 NA
17048 789 NA
17049 789 NA
17050 789 NA
17051 789 NA
17052 789 NA
17053 789 NA
17054 789 NA
17055 789 NA
17056 789 NA
17057 789 NA
17058 821 NA
17059 821 NA
17060 821 NA
17061 821 NA
17062 821 NA
17063 821 NA
17064 821 NA
17069 821 NA
17070 821 NA
17071 821 NA
17072 821 NA
17073 821 NA
17075 821 NA
17076 821 NA
17077 821 NA
17078 821 NA
17079 821 NA
17080 821 NA
17081 821 NA
17083 821 NA
17084 821 NA
17085 821 NA
17086 821 NA
17087 821 NA
17088 821 NA
17089 821 NA
17091 821 NA
17092 821 NA
17093 821 NA
17094 821 NA
17095 821 NA
17096 821 NA
17097 821 NA
17098 821 NA
17099 821 NA
17100 821 NA
17101 821 NA
17102 821 NA
17103 821 NA
17104 821 NA
17105 821 NA
17106 821 NA
17107 821 NA
17108 821 NA
17109 821 NA
17110 821 NA
17111 821 NA
17112 821 NA
17113 821 NA
17114 821 NA
17115 821 NA
17117 821 NA
17118 821 NA
17123 821 NA
17124 821 NA
17125 821 NA
17126 821 NA
17127 821 NA
17129 821 NA
17130 821 NA
17131 821 NA
17132 821 NA
17133 821 NA
17134 821 NA
17135 821 NA
17136 821 NA
17138 821 NA
17139 821 NA
17140 821 NA
17141 821 NA
17142 821 NA
17143 821 NA
17144 821 NA
17145 821 NA
17146 821 NA
17147 821 NA
