"Index" "Price" "Volume"
14019 65 NA
14020 65 NA
14021 65 NA
14022 65 NA
14023 65 NA
14024 65 NA
14025 65 NA
14026 65 NA
14027 65 NA
14028 65 NA
14029 65 NA
14030 65 NA
14031 65 NA
14032 65 NA
14033 65 NA
14034 65 NA
14035 65 NA
14036 65 NA
14037 65 NA
14038 65 NA
14039 65 NA
14040 65 NA
14041 65 NA
14042 65 NA
14043 65 NA
14044 65 NA
14045 65 NA
14046 65 NA
14047 65 NA
14048 65 NA
14049 65 NA
14050 65 NA
14051 65 NA
14052 65 NA
14053 65 NA
14054 65 NA
14055 65 NA
14056 65 NA
14057 65 NA
14058 65 NA
14059 65 NA
14060 65 NA
14061 65 NA
14062 65 NA
14063 65 NA
14064 65 NA
14065 65 NA
14066 64 NA
14067 64 NA
14068 64 NA
14069 64 NA
14070 64 NA
14071 64 NA
14072 64 NA
14073 64 NA
14074 64 NA
14075 64 NA
14076 64 NA
14077 64 NA
14078 64 NA
14079 64 NA
14080 64 NA
14081 64 NA
14082 64 NA
14083 64 NA
14084 64 NA
14085 64 NA
14086 64 NA
14087 64 NA
14088 64 NA
14089 64 NA
14090 64 NA
14091 64 NA
14092 64 NA
14093 64 NA
14094 64 NA
14095 64 NA
14096 64 NA
14097 64 NA
14098 64 NA
14099 64 NA
14100 64 NA
14101 64 NA
14102 64 NA
14103 64 NA
14104 64 NA
14105 64 NA
14106 64 NA
14107 64 NA
14108 64 NA
14109 64 NA
14110 64 NA
14111 64 NA
14112 64 NA
14113 64 NA
14114 64 NA
14115 64 NA
14116 64 NA
14117 64 NA
14118 64 NA
14119 64 NA
14120 64 NA
14121 64 NA
14122 64 NA
14123 64 NA
14124 64 NA
14125 64 NA
14126 64 NA
14127 64 NA
14128 64 NA
14129 64 NA
14130 64 NA
14131 64 NA
14132 64 NA
14133 64 NA
14134 64 NA
14135 64 NA
14136 64 NA
14137 64 NA
14138 64 NA
14139 64 NA
14140 64 NA
14141 64 NA
14142 64 NA
14143 64 NA
14144 64 NA
14145 64 NA
14146 64 NA
14147 64 NA
14148 64 NA
14149 64 NA
14150 64 NA
14151 64 NA
14152 64 NA
14153 64 NA
14154 64 NA
14155 64 NA
14156 64 NA
14157 64 NA
14158 64 NA
14159 64 NA
14160 64 NA
14161 64 NA
14162 64 NA
14163 64 NA
14164 64 NA
14165 64 NA
14166 64 NA
14167 64 NA
14168 64 NA
14169 64 NA
14170 64 NA
14171 64 NA
14172 64 NA
14173 64 NA
14174 64 NA
14175 64 NA
14176 64 NA
14177 64 NA
14178 64 NA
14179 64 NA
14180 64 NA
14181 64 NA
14182 64 NA
14183 64 NA
14184 64 NA
14185 64 NA
14186 64 NA
14187 64 NA
14188 64 NA
14189 64 NA
14190 64 NA
14191 64 NA
14192 64 NA
14193 64 NA
14194 64 NA
14195 64 NA
14196 64 NA
14197 64 NA
14198 64 NA
14199 64 NA
14200 64 NA
14201 64 NA
14202 64 NA
14203 64 NA
14204 64 NA
14205 64 NA
14206 64 NA
14207 64 NA
14208 64 NA
14209 64 NA
14210 64 NA
14211 64 NA
14212 64 NA
14213 64 NA
14214 64 NA
14215 64 NA
14216 64 NA
14217 64 NA
14218 64 NA
14219 64 NA
14220 64 NA
14221 64 NA
14222 64 NA
14223 64 NA
14224 64 NA
14225 64 NA
14226 64 NA
14227 64 NA
14228 64 NA
14229 64 NA
14230 64 NA
14231 64 NA
14232 64 NA
14233 64 NA
14234 64 NA
14235 64 NA
14236 64 NA
14237 64 NA
14238 64 NA
14239 64 NA
14240 64 NA
14241 64 NA
14242 63 NA
14243 63 NA
14244 63 NA
14245 63 NA
14246 63 NA
14247 63 NA
14248 63 NA
14249 63 NA
14250 63 NA
14251 63 NA
14252 63 NA
14253 63 NA
14254 63 NA
14255 63 NA
14256 63 NA
14257 63 NA
14258 63 NA
14259 63 NA
14260 63 NA
14261 63 NA
14262 63 NA
14263 63 NA
14264 63 NA
14265 63 NA
14266 63 NA
14267 63 NA
14268 63 NA
14269 63 NA
14270 63 NA
14271 63 NA
14272 63 NA
14273 63 NA
14274 63 NA
14275 63 NA
14276 63 NA
14277 63 NA
14278 63 NA
14279 63 NA
14280 63 NA
14281 63 NA
14282 63 NA
14283 63 NA
14284 63 NA
14285 63 NA
14286 63 NA
14287 63 NA
14288 63 NA
14289 63 NA
14290 63 NA
14291 63 NA
14292 63 NA
14293 63 NA
14294 63 NA
14295 63 NA
14296 63 NA
14297 63 NA
14298 63 NA
14299 63 NA
14300 63 NA
14301 63 NA
14302 63 NA
14303 63 NA
14304 63 NA
14305 63 NA
14306 63 NA
14307 63 NA
14308 63 NA
14309 63 NA
14310 63 NA
14311 63 NA
14312 63 NA
14313 63 NA
14314 63 NA
14315 63 NA
14316 63 NA
14317 63 NA
14318 63 NA
14319 63 NA
14320 63 NA
14321 63 NA
14322 63 NA
14323 63 NA
14324 63 NA
14325 63 NA
14326 63 NA
14327 63 NA
14328 63 NA
14329 63 NA
14330 63 NA
14331 63 NA
14332 63 NA
14333 63 NA
14334 63 NA
14335 63 NA
14336 63 NA
14337 63 NA
14338 63 NA
14339 63 NA
14340 63 NA
14341 63 NA
14342 63 NA
14343 63 NA
14344 63 NA
14345 63 NA
14346 63 NA
14347 63 NA
14348 63 NA
14349 63 NA
14350 63 NA
14351 63 NA
14352 63 NA
14353 63 NA
14354 63 NA
14355 63 NA
14356 63 NA
14357 63 NA
14358 63 NA
14359 63 NA
14360 63 NA
14361 63 NA
14362 63 NA
14363 63 NA
14364 63 NA
14365 63 NA
14366 63 NA
14367 63 NA
14368 63 NA
14369 63 NA
14370 63 NA
14371 63 NA
14372 63 NA
14373 63 NA
14374 63 NA
14375 63 NA
14376 63 NA
14377 63 NA
14378 63 NA
14379 63 NA
14380 63 NA
14381 63 NA
14382 63 NA
14383 63 NA
14384 63 NA
14385 63 NA
14386 63 NA
14387 63 NA
14388 63 NA
14389 63 NA
14390 63 NA
14391 63 NA
14392 63 NA
14393 63 NA
14394 63 NA
14395 63 NA
14396 63 NA
14397 63 NA
14398 63 NA
14399 63 NA
14400 63 NA
14401 63 NA
14402 63 NA
14403 63 NA
14404 63 NA
14405 63 NA
14406 63 NA
14407 63 NA
14408 63 NA
14409 63 NA
14410 63 NA
14411 63 NA
14412 63 NA
14413 64 NA
14414 64 NA
14415 64 NA
14416 64 NA
14417 64 NA
14418 64 NA
14419 64 NA
14420 64 NA
14421 64 NA
14422 64 NA
14423 64 NA
14424 64 NA
14425 64 NA
14426 64 NA
14428 64 NA
14429 64 NA
14430 64 NA
14431 64 NA
14432 64 NA
14433 64 NA
14434 64 NA
14435 64 NA
14436 64 NA
14437 64 NA
14438 64 NA
14439 64 NA
14440 64 NA
14441 64 NA
14442 64 NA
14443 64 NA
14444 64 NA
14445 64 NA
14446 64 NA
14447 64 NA
14448 64 NA
14449 64 NA
14450 64 NA
14451 64 NA
14452 64 NA
14453 64 NA
14454 64 NA
14455 64 NA
14456 64 NA
14457 64 NA
14458 64 NA
14459 64 NA
14460 64 NA
14461 64 NA
14462 64 NA
14463 64 NA
14464 64 NA
14465 64 NA
14466 64 NA
14467 64 NA
14468 64 NA
14469 64 NA
14470 64 NA
14471 64 NA
14472 64 NA
14473 64 NA
14474 64 NA
14475 64 NA
14476 64 NA
14477 64 NA
14478 64 NA
14479 64 NA
14480 64 NA
14481 64 NA
14482 64 NA
14483 64 NA
14484 64 NA
14485 64 NA
14486 64 NA
14487 64 NA
14488 64 NA
14489 64 NA
14490 64 NA
14491 64 NA
14492 64 NA
14493 64 NA
14494 64 NA
14495 64 NA
14496 64 NA
14497 64 NA
14498 64 NA
14499 64 NA
14500 64 NA
14501 64 NA
14502 64 NA
14503 64 NA
14504 64 NA
14505 64 NA
14506 64 NA
14507 64 NA
14508 64 NA
14509 64 NA
14510 64 NA
14511 64 NA
14512 64 NA
14513 64 NA
14514 64 NA
14515 64 NA
14516 64 NA
14517 64 NA
14518 64 NA
14519 64 NA
14520 64 NA
14521 64 NA
14522 64 NA
14523 64 NA
14524 64 NA
14525 64 NA
14526 64 NA
14527 64 NA
14528 64 NA
14529 64 NA
14530 64 NA
14531 64 NA
14532 64 NA
14533 64 NA
14534 64 NA
14535 64 NA
14536 64 NA
14537 64 NA
14538 64 NA
14539 64 NA
14540 64 NA
14541 64 NA
14542 64 NA
14543 64 NA
14544 64 NA
14545 64 NA
14546 64 NA
14547 64 NA
14548 64 NA
14549 64 NA
14550 64 NA
14551 64 NA
14552 64 NA
14553 64 NA
14554 64 NA
14555 64 NA
14556 64 NA
14557 63 NA
14558 63 NA
14559 63 NA
14560 63 NA
14561 63 NA
14562 63 NA
14563 63 NA
14564 63 NA
14565 63 NA
14566 63 NA
14567 63 NA
14568 63 NA
14569 63 NA
14570 63 NA
14571 63 NA
14572 63 NA
14573 63 NA
14574 63 NA
14575 63 NA
14576 63 NA
14577 63 NA
14578 63 NA
14579 63 NA
14580 63 NA
14581 63 NA
14582 63 NA
14583 63 NA
14584 63 NA
14585 63 NA
14586 63 NA
14587 63 NA
14588 63 NA
14589 63 NA
14590 63 NA
14591 63 NA
14592 63 NA
14593 63 NA
14594 63 NA
14595 63 NA
14596 63 NA
14597 63 NA
14598 63 NA
14599 63 NA
14600 63 NA
14601 63 NA
14602 63 NA
14603 63 NA
14604 63 NA
14605 63 NA
14606 63 NA
14607 63 NA
14608 63 NA
14609 63 NA
14610 63 NA
14611 63 NA
14612 63 NA
14613 63 NA
14614 63 NA
14615 63 NA
14616 63 NA
14617 63 NA
14618 63 NA
14619 63 NA
14620 63 NA
14621 63 NA
14622 63 NA
14623 63 NA
14624 63 NA
14625 63 NA
14626 63 NA
14627 63 NA
14628 63 NA
14629 63 NA
14630 63 NA
14631 63 NA
14632 63 NA
14633 63 NA
14634 63 NA
14635 63 NA
14636 63 NA
14637 63 NA
14638 63 NA
14639 63 NA
14640 63 NA
14641 63 NA
14642 63 NA
14643 63 NA
14644 63 NA
14645 63 NA
14646 63 NA
14647 63 NA
14648 63 NA
14649 63 NA
14650 63 NA
14651 63 NA
14653 63 NA
14654 63 NA
14655 63 NA
14656 63 NA
14657 63 NA
14658 63 NA
14659 63 NA
14660 63 NA
14661 63 NA
14662 63 NA
14663 63 NA
14664 63 NA
14665 63 NA
14666 63 NA
14667 63 NA
14668 63 NA
14669 63 NA
14670 63 NA
14671 62 NA
14672 62 NA
14673 62 NA
14674 62 NA
14675 62 NA
14676 62 NA
14677 62 NA
14678 62 NA
14679 62 NA
14680 62 NA
14681 62 NA
14682 62 NA
14683 62 NA
14684 62 NA
14685 62 NA
14686 62 NA
14687 62 NA
14688 62 NA
14689 62 NA
14690 62 NA
14691 62 NA
14692 62 NA
14693 62 NA
14694 62 NA
14695 62 NA
14696 62 NA
14697 62 NA
14698 62 NA
14699 62 NA
14700 62 NA
14701 62 NA
14702 62 NA
14703 62 NA
14704 62 NA
14705 62 NA
14706 62 NA
14707 62 NA
14708 62 NA
14709 62 NA
14710 62 NA
14711 62 NA
14712 62 NA
14713 62 NA
14714 62 NA
14715 62 NA
14716 62 NA
14717 62 NA
14718 62 NA
14719 62 NA
14720 62 NA
14721 62 NA
14722 62 NA
14723 62 NA
14724 62 NA
14725 62 NA
14726 62 NA
14727 62 NA
14728 62 NA
14729 62 NA
14730 62 NA
14731 62 NA
14732 62 NA
14733 62 NA
14734 62 NA
14735 62 NA
14736 62 NA
14737 62 NA
14738 62 NA
14739 62 NA
14740 62 NA
14741 62 NA
14742 62 NA
14743 62 NA
14744 62 NA
14745 62 NA
14746 62 NA
14747 62 NA
14748 62 NA
14749 62 NA
14750 62 NA
14751 62 NA
14752 62 NA
14753 62 NA
14754 62 NA
14755 62 NA
14756 62 NA
14757 62 NA
14758 62 NA
14759 62 NA
14760 62 NA
14761 62 NA
14762 62 NA
14763 62 NA
14764 62 NA
14765 62 NA
14766 62 NA
14767 62 NA
14768 62 NA
14769 62 NA
14770 62 NA
14771 62 NA
14772 62 NA
14773 62 NA
14774 62 NA
14775 62 NA
14776 62 NA
14777 62 NA
14778 62 NA
14779 62 NA
14780 62 NA
14781 62 NA
14782 62 NA
14783 62 NA
14784 62 NA
14785 62 NA
14786 62 NA
14787 62 NA
14788 62 NA
14789 62 NA
14790 62 NA
14791 62 NA
14792 62 NA
14793 62 NA
14794 62 NA
14795 62 NA
14796 62 NA
14797 62 NA
14798 62 NA
14799 62 NA
14800 62 NA
14801 62 NA
14802 62 NA
14803 62 NA
14804 62 NA
14805 62 NA
14806 62 NA
14807 62 NA
14808 62 NA
14809 62 NA
14810 62 NA
14811 62 NA
14812 62 NA
14813 62 NA
14814 62 NA
14815 62 NA
14816 62 NA
14817 62 NA
14818 62 NA
14819 62 NA
14820 62 NA
14821 62 NA
14822 62 NA
14823 62 NA
14824 62 NA
14825 62 NA
14826 62 NA
14827 62 NA
14828 62 NA
14829 62 NA
14830 62 NA
14831 62 NA
14832 62 NA
14833 62 NA
14834 62 NA
14835 62 NA
14836 62 NA
14837 62 NA
14838 62 NA
14839 62 NA
14840 62 NA
14841 62 NA
14842 62 NA
14843 62 NA
14844 62 NA
14845 62 NA
14846 62 NA
14847 62 NA
14848 62 NA
14849 62 NA
14850 62 NA
14851 62 NA
14852 62 NA
14853 62 NA
14854 62 NA
14855 62 NA
14856 62 NA
14857 62 NA
14858 62 NA
14859 62 NA
14860 62 NA
14861 62 NA
14862 62 NA
14863 62 NA
14864 62 NA
14865 62 NA
14866 62 NA
14867 62 NA
14868 62 NA
14869 62 NA
14870 62 NA
14871 62 NA
14872 62 NA
14873 62 NA
14874 62 NA
14875 62 NA
14876 62 NA
14877 62 NA
14878 62 NA
14879 62 NA
14880 62 NA
14881 62 NA
14882 62 NA
14883 62 NA
14884 62 NA
14885 62 NA
14886 62 NA
14887 62 NA
14888 62 NA
14889 62 NA
14890 62 NA
14891 62 NA
14892 62 NA
14893 62 NA
14894 62 NA
14895 62 NA
14896 62 NA
14897 62 NA
14898 62 NA
14899 62 NA
14900 62 NA
14901 62 NA
14902 62 NA
14903 62 NA
14904 62 NA
14905 62 NA
14906 62 NA
14907 62 NA
14908 62 NA
14909 62 NA
14910 62 NA
14911 62 NA
14912 62 NA
14913 62 NA
14914 62 NA
14915 62 NA
14916 62 NA
14917 62 NA
14918 62 NA
14920 62 NA
14921 62 NA
14922 62 NA
14923 62 NA
14924 62 NA
14925 62 NA
14926 62 NA
14927 62 NA
14928 62 NA
14929 62 NA
14930 62 NA
14931 62 NA
14932 62 NA
14933 62 NA
14934 62 NA
14935 62 NA
14936 62 NA
14937 62 NA
14938 62 NA
14939 62 NA
14940 62 NA
14941 62 NA
14942 62 NA
14943 62 NA
14944 62 NA
14945 62 NA
14946 62 NA
14947 62 NA
14948 62 NA
14949 62 NA
14950 62 NA
14951 62 NA
14952 62 NA
14953 62 NA
14954 62 NA
14955 62 NA
14956 62 NA
14957 62 NA
14958 62 NA
14959 62 NA
14960 62 NA
14961 62 NA
14962 62 NA
14963 62 NA
14964 62 NA
14965 62 NA
14966 62 NA
14967 62 NA
14968 62 NA
14969 62 NA
14970 62 NA
14971 62 NA
14972 62 NA
14973 62 NA
14974 62 NA
14981 62 NA
14988 62 NA
14995 62 NA
15002 62 NA
15009 62 NA
15016 62 NA
15018 63 NA
15025 63 NA
15032 63 NA
15039 63 NA
15042 65 NA
15049 65 NA
15050 65 NA
15052 67 NA
15054 70 NA
15055 70 NA
15058 73 NA
15060 73 NA
15061 75 NA
15064 75 NA
15066 77 NA
15067 77 NA
15068 79 NA
15073 81 NA
15076 84 NA
15083 84 NA
15090 84 NA
15097 84 NA
15104 84 NA
15106 84 NA
15110 87 NA
15117 87 NA
15124 87 NA
15131 87 NA
15138 87 NA
15145 87 NA
15150 87 NA
15156 90 NA
15163 90 NA
15165 90 NA
15168 92 NA
15172 92 NA
15175 94 NA
15179 94 NA
15182 97 NA
15189 97 NA
15196 97 NA
15203 97 NA
15210 97 NA
15212 97 NA
15220 99 NA
15227 99 NA
15234 99 NA
15235 99 NA
15240 101 NA
15247 101 NA
15254 101 NA
15261 101 NA
15268 101 NA
15275 101 NA
15282 101 NA
15289 101 NA
15296 101 NA
15303 101 NA
15310 101 NA
15317 101 NA
15324 101 NA
15331 101 NA
15338 101 NA
15340 101 NA
15341 101 NA
15342 101 NA
15343 101 NA
15344 101 NA
15345 101 NA
15346 101 NA
15347 101 NA
15348 101 NA
15349 101 NA
15350 101 NA
15351 101 NA
15352 101 NA
15353 101 NA
15354 101 NA
15355 101 NA
15356 101 NA
15357 101 NA
15358 101 NA
15359 101 NA
15360 101 NA
15361 101 NA
15362 101 NA
15363 101 NA
15364 101 NA
15365 101 NA
15366 101 NA
15367 101 NA
15368 101 NA
15369 101 NA
15370 101 NA
15371 101 NA
15372 101 NA
15373 101 NA
15374 103 NA
15375 103 NA
15376 103 NA
15377 103 NA
15378 103 NA
15379 103 NA
15380 103 NA
15381 103 NA
15382 103 NA
15383 103 NA
15384 103 NA
15385 103 NA
15386 103 NA
15387 103 NA
15388 103 NA
15389 103 NA
15390 103 NA
15391 103 NA
15392 103 NA
15393 103 NA
15394 103 NA
15395 103 NA
15396 103 NA
15397 103 NA
15398 103 NA
15399 103 NA
15400 103 NA
15401 103 NA
15402 103 NA
15403 103 NA
15404 103 NA
15405 103 NA
15406 103 NA
15407 103 NA
15408 103 NA
15409 103 NA
15410 103 NA
15411 103 NA
15412 103 NA
15413 103 NA
15414 103 NA
15415 103 NA
15416 103 NA
15417 103 NA
15418 103 NA
15419 103 NA
15420 103 NA
15421 103 NA
15422 103 NA
15423 103 NA
15424 103 NA
15425 103 NA
15426 103 NA
15427 103 NA
15428 103 NA
15429 103 NA
15430 103 NA
15431 103 NA
15432 103 NA
15433 103 NA
15434 103 NA
15435 103 NA
15436 103 NA
15437 103 NA
15438 103 NA
15439 103 NA
15440 103 NA
15441 103 NA
15442 103 NA
15443 103 NA
15444 103 NA
15445 103 NA
15446 103 NA
15447 103 NA
15448 103 NA
15449 103 NA
15450 103 NA
15451 103 NA
15452 103 NA
15453 103 NA
15454 103 NA
15455 103 NA
15456 103 NA
15457 103 NA
15458 103 NA
15459 103 NA
15460 103 NA
15461 103 NA
15462 103 NA
15463 103 NA
15464 103 NA
15465 103 NA
15466 103 NA
15467 103 NA
15468 103 NA
15469 103 NA
15470 103 NA
15471 103 NA
15472 103 NA
15473 103 NA
15474 103 NA
15475 103 NA
15476 103 NA
15477 103 NA
15478 103 NA
15479 103 NA
15480 103 NA
15481 103 NA
15482 103 NA
15483 103 NA
15484 103 NA
15485 103 NA
15486 103 NA
15487 103 NA
15488 103 NA
15489 103 NA
15490 103 NA
15491 103 NA
15492 103 NA
15493 103 NA
15494 103 NA
15495 103 NA
15496 103 NA
15497 103 NA
15498 103 NA
15499 103 NA
15500 103 NA
15501 103 NA
15502 103 NA
15503 103 NA
15504 103 NA
15505 103 NA
15506 103 NA
15507 103 NA
15508 103 NA
15509 103 NA
15510 103 NA
15511 103 NA
15512 103 NA
15513 103 NA
15514 103 NA
15515 103 NA
15516 103 NA
15517 103 NA
15518 103 NA
15519 103 NA
15520 103 NA
15521 103 NA
15522 103 NA
15523 103 NA
15524 103 NA
15525 103 NA
15526 103 NA
15527 103 NA
15528 103 NA
15529 103 NA
15530 103 NA
15531 103 NA
15532 103 NA
15533 103 NA
15534 103 NA
15535 103 NA
15536 103 NA
15537 103 NA
15538 103 NA
15539 103 NA
15540 103 NA
15541 103 NA
15542 103 NA
15543 103 NA
15544 103 NA
15545 103 NA
15546 103 NA
15547 103 NA
15548 103 NA
15549 103 NA
15550 103 NA
15551 103 NA
15552 105 NA
15553 105 NA
15554 105 NA
15555 105 NA
15556 105 NA
15557 105 NA
15558 105 NA
15559 105 NA
15560 105 NA
15561 105 NA
15562 105 NA
15563 105 NA
15564 105 NA
15565 105 NA
15566 105 NA
15567 105 NA
15568 105 NA
15569 105 NA
15570 105 NA
15571 105 NA
15572 105 NA
15573 105 NA
15574 105 NA
15575 105 NA
15576 105 NA
15577 105 NA
15578 105 NA
15579 105 NA
15580 105 NA
15581 105 NA
15582 105 NA
15583 105 NA
15584 105 NA
15585 105 NA
15586 105 NA
15587 105 NA
15588 105 NA
15589 105 NA
15590 105 NA
15591 105 NA
15592 105 NA
15593 105 NA
15594 105 NA
15595 105 NA
15596 105 NA
15597 105 NA
15598 105 NA
15599 105 NA
15600 105 NA
15601 105 NA
15602 105 NA
15603 105 NA
15604 105 NA
15605 105 NA
15606 105 NA
15607 105 NA
15608 105 NA
15609 105 NA
15610 105 NA
15611 105 NA
15612 105 NA
15613 105 NA
15614 105 NA
15615 105 NA
15616 105 NA
15617 105 NA
15618 105 NA
15619 105 NA
15620 105 NA
15621 105 NA
15622 105 NA
15623 105 NA
15624 105 NA
15625 105 NA
15626 105 NA
15627 105 NA
15628 105 NA
15629 105 NA
15630 105 NA
15631 105 NA
15632 105 NA
15633 105 NA
15634 105 NA
15635 105 NA
15636 105 NA
15637 105 NA
15638 105 NA
15639 105 NA
15640 105 NA
15641 105 NA
15642 105 NA
15643 105 NA
15644 105 NA
15645 105 NA
15646 105 NA
15647 105 NA
15648 105 NA
15649 105 NA
15650 105 NA
15651 105 NA
15652 105 NA
15653 105 NA
15654 105 NA
15655 105 NA
15656 105 NA
15657 105 NA
15658 105 NA
15659 105 NA
15660 105 NA
15661 105 NA
15662 105 NA
15663 105 NA
15664 105 NA
15665 105 NA
15666 105 NA
15667 105 NA
15668 105 NA
15669 105 NA
15670 105 NA
15671 105 NA
15672 105 NA
15673 105 NA
15674 105 NA
15675 105 NA
15676 105 NA
15677 105 NA
15678 105 NA
15679 105 NA
15680 105 NA
15681 105 NA
15682 105 NA
15683 105 NA
15684 105 NA
15685 105 NA
15686 105 NA
15687 105 NA
15688 105 NA
15689 105 NA
15690 105 NA
15691 105 NA
15692 105 NA
15693 105 NA
15694 105 NA
15695 105 NA
15696 105 NA
15697 105 NA
15698 105 NA
15699 105 NA
15700 105 NA
15701 105 NA
15702 105 NA
15703 105 NA
15704 105 NA
15705 105 NA
15706 105 NA
15707 105 NA
15708 105 NA
15709 105 NA
15710 105 NA
15711 105 NA
15712 105 NA
15713 105 NA
15714 105 NA
15715 105 NA
15716 105 NA
15717 105 NA
15718 107 NA
15719 107 NA
15720 107 NA
15721 107 NA
15722 107 NA
15723 107 NA
15724 107 NA
15725 107 NA
15726 107 NA
15727 107 NA
15728 107 NA
15729 107 NA
15730 107 NA
15731 107 NA
15732 107 NA
15733 107 NA
15734 107 NA
15735 107 NA
15736 107 NA
15737 107 NA
15738 107 NA
15739 107 NA
15740 107 NA
15741 107 NA
15742 107 NA
15743 107 NA
15744 107 NA
15745 107 NA
15746 107 NA
15747 107 NA
15748 107 NA
15749 107 NA
15750 107 NA
15751 107 NA
15752 107 NA
15753 107 NA
15754 107 NA
15755 107 NA
15756 107 NA
15757 107 NA
15758 107 NA
15759 107 NA
15760 107 NA
15761 107 NA
15762 107 NA
15763 107 NA
15764 107 NA
15765 107 NA
15766 107 NA
15767 107 NA
15768 107 NA
15769 107 NA
15770 107 NA
15771 107 NA
15772 107 NA
15773 107 NA
15774 107 NA
15775 107 NA
15776 107 NA
15777 107 NA
15778 107 NA
15779 107 NA
15780 107 NA
15781 107 NA
15782 107 NA
15783 107 NA
15784 107 NA
15785 107 NA
15786 107 NA
15787 107 NA
15788 107 NA
15789 107 NA
15790 107 NA
15791 107 NA
15792 107 NA
15793 107 NA
15794 107 NA
15795 107 NA
15796 107 NA
15797 107 NA
15798 107 NA
15799 107 NA
15800 107 NA
15801 107 NA
15802 107 NA
15803 107 NA
15804 107 NA
15805 107 NA
15806 107 NA
15807 107 NA
15808 107 NA
15809 107 NA
15810 107 NA
15811 107 NA
15812 107 NA
15813 107 NA
15814 107 NA
15815 107 NA
15816 107 NA
15817 107 NA
15818 107 NA
15819 107 NA
15820 107 NA
15821 107 NA
15822 107 NA
15823 107 NA
15824 107 NA
15825 107 NA
15826 107 NA
15827 107 NA
15828 107 NA
15829 107 NA
15830 107 NA
15831 107 NA
15832 107 NA
15833 107 NA
15834 107 NA
15835 107 NA
15836 107 NA
15837 107 NA
15838 107 NA
15839 107 NA
15840 107 NA
15841 107 NA
15842 107 NA
15843 107 NA
15844 107 NA
15845 107 NA
15846 107 NA
15847 107 NA
15848 107 NA
15849 107 NA
15850 107 NA
15851 107 NA
15852 107 NA
15853 107 NA
15854 107 NA
15855 107 NA
15856 107 NA
15857 107 NA
15858 107 NA
15859 107 NA
15860 107 NA
15861 107 NA
15862 107 NA
15863 107 NA
15864 107 NA
15865 107 NA
15866 107 NA
15867 107 NA
15868 107 NA
15869 107 NA
15870 107 NA
15871 107 NA
15872 107 NA
15873 107 NA
15874 107 NA
15875 107 NA
15876 107 NA
15877 107 NA
15878 107 NA
15879 107 NA
15880 107 NA
15881 107 NA
15882 107 NA
15883 107 NA
15884 107 NA
15885 107 NA
15886 107 NA
15887 107 NA
15888 107 NA
15889 107 NA
15890 107 NA
15891 107 NA
15892 107 NA
15893 107 NA
15894 107 NA
15895 107 NA
15896 107 NA
15897 107 NA
15898 107 NA
15899 107 NA
15900 107 NA
15901 107 NA
15902 107 NA
15903 107 NA
15904 107 NA
15905 107 NA
15906 107 NA
15907 107 NA
15908 107 NA
15909 107 NA
15910 107 NA
15911 107 NA
15912 107 NA
15913 107 NA
15914 107 NA
15915 107 NA
15916 107 NA
15917 107 NA
15918 107 NA
15919 107 NA
15920 107 NA
15921 107 NA
15922 107 NA
15923 107 NA
15924 107 NA
15925 107 NA
15926 107 NA
15927 107 NA
15928 107 NA
15929 107 NA
15930 107 NA
15931 107 NA
15932 107 NA
15933 107 NA
15934 107 NA
15935 107 NA
15936 107 NA
15937 107 NA
15938 107 NA
15939 107 NA
15940 107 NA
15941 107 NA
15942 107 NA
15943 107 NA
15944 107 NA
15945 107 NA
15946 107 NA
15947 107 NA
15948 107 NA
15949 107 NA
15950 107 NA
15951 107 NA
15952 107 NA
15953 107 NA
15954 107 NA
15955 107 NA
15956 107 NA
15957 107 NA
15958 107 NA
15959 107 NA
15960 108 NA
15961 108 NA
15962 108 NA
15963 108 NA
15964 108 NA
15965 108 NA
15966 108 NA
15967 108 NA
15968 108 NA
15969 108 NA
15970 108 NA
15971 108 NA
15972 108 NA
15973 108 NA
15974 108 NA
15975 108 NA
15976 108 NA
15977 108 NA
15978 108 NA
15979 108 NA
15980 108 NA
15981 108 NA
15982 108 NA
15983 108 NA
15984 108 NA
15985 108 NA
15986 108 NA
15987 108 NA
15988 108 NA
15989 108 NA
15990 108 NA
15991 108 NA
15992 108 NA
15993 108 NA
15994 108 NA
15995 108 NA
15996 108 NA
15997 108 NA
15998 108 NA
15999 108 NA
16000 108 NA
16001 108 NA
16002 108 NA
16003 108 NA
16004 108 NA
16005 108 NA
16006 108 NA
16007 108 NA
16008 108 NA
16009 108 NA
16010 108 NA
16011 108 NA
16012 108 NA
16013 108 NA
16014 108 NA
16015 108 NA
16016 108 NA
16017 108 NA
16018 108 NA
16019 108 NA
16020 108 NA
16021 108 NA
16022 108 NA
16023 108 NA
16024 108 NA
16025 108 NA
16026 108 NA
16027 108 NA
16028 108 NA
16029 108 NA
16030 108 NA
16031 108 NA
16032 108 NA
16033 108 NA
16034 108 NA
16035 108 NA
16036 108 NA
16037 108 NA
16038 108 NA
16039 108 NA
16040 108 NA
16041 108 NA
16042 108 NA
16043 108 NA
16044 108 NA
16045 108 NA
16046 108 NA
16047 108 NA
16048 108 NA
16049 108 NA
16050 108 NA
16051 108 NA
16052 108 NA
16053 108 NA
16054 108 NA
16055 108 NA
16056 108 NA
16057 108 NA
16058 108 NA
16059 108 NA
16060 108 NA
16061 108 NA
16062 108 NA
16063 108 NA
16064 108 NA
16065 108 NA
16066 108 NA
16067 108 NA
16068 108 NA
16069 108 NA
16070 108 NA
16071 108 NA
16072 108 NA
16073 108 NA
16074 108 NA
16075 108 NA
16076 108 NA
16077 108 NA
16078 108 NA
16079 108 NA
16080 108 NA
16081 108 NA
16082 108 NA
16083 108 NA
16084 108 NA
16085 108 NA
16086 108 NA
16087 108 NA
16088 108 NA
16089 108 NA
16090 108 NA
16091 108 NA
16092 108 NA
16093 108 NA
16094 108 NA
16095 108 NA
16096 108 NA
16097 108 NA
16098 108 NA
16099 108 NA
16100 108 NA
16101 108 NA
16102 108 NA
16103 108 NA
16104 108 NA
16105 108 NA
16106 108 NA
16107 108 NA
16108 108 NA
16109 108 NA
16110 108 NA
16111 108 NA
16112 108 NA
16113 108 NA
16114 108 NA
16115 108 NA
16116 108 NA
16117 108 NA
16118 108 NA
16119 108 NA
16120 108 NA
16121 108 NA
16122 108 NA
16123 108 NA
16124 108 NA
16125 108 NA
16126 108 NA
16127 108 NA
16128 108 NA
16129 108 NA
16130 108 NA
16131 108 NA
16132 108 NA
16133 108 NA
16134 108 NA
16135 108 NA
16136 108 NA
16137 108 NA
16138 108 NA
16139 108 NA
16140 108 NA
16141 108 NA
16142 108 NA
16143 108 NA
16144 108 NA
16145 108 NA
16146 108 NA
16147 108 NA
16148 108 NA
16149 108 NA
16150 108 NA
16151 108 NA
16152 108 NA
16153 108 NA
16154 108 NA
16155 108 NA
16156 108 NA
16157 108 NA
16158 108 NA
16159 108 NA
16160 108 NA
16161 108 NA
16162 108 NA
16163 108 NA
16164 108 NA
16165 108 NA
16166 108 NA
16167 108 NA
16168 108 NA
16169 108 NA
16170 108 NA
16171 108 NA
16172 108 NA
16173 108 NA
16174 108 NA
16175 108 NA
16176 108 NA
16177 108 NA
16178 108 NA
16179 108 NA
16180 108 NA
16181 108 NA
16182 108 NA
16183 108 NA
16184 108 NA
16185 108 NA
16186 108 NA
16187 108 NA
16188 108 NA
16189 108 NA
16190 108 NA
16191 108 NA
16192 108 NA
16193 108 NA
16194 108 NA
16195 108 NA
16196 108 NA
16197 108 NA
16198 108 NA
16199 108 NA
16200 108 NA
16201 108 NA
16202 108 NA
16203 108 NA
16204 108 NA
16205 108 NA
16206 108 NA
16207 108 NA
16208 108 NA
16209 108 NA
16210 108 NA
16211 108 NA
16212 108 NA
16213 108 NA
16214 108 NA
16215 108 NA
16216 108 NA
16217 108 NA
16218 108 NA
16219 108 NA
16220 108 NA
16221 108 NA
16222 108 NA
16223 108 NA
16224 108 NA
16225 108 NA
16226 108 NA
16227 108 NA
16228 108 NA
16229 108 NA
16230 108 NA
16231 108 NA
16232 108 NA
16233 108 NA
16234 108 NA
16235 108 NA
16236 108 NA
16237 108 NA
16238 108 NA
16239 108 NA
16240 108 NA
16241 108 NA
16242 108 NA
16243 108 NA
16244 108 NA
16245 108 NA
16246 108 NA
16247 108 NA
16248 108 NA
16249 108 NA
16250 108 NA
16251 108 NA
16252 108 NA
16253 108 NA
16254 108 NA
16255 108 NA
16256 108 NA
16257 108 NA
16258 108 NA
16259 108 NA
16260 108 NA
16261 108 NA
16262 108 NA
16263 108 NA
16264 108 NA
16265 108 NA
16266 108 NA
16267 108 NA
16268 108 NA
16269 108 NA
16270 108 NA
16271 108 NA
16272 108 NA
16273 108 NA
16274 108 NA
16275 108 NA
16276 108 NA
16277 108 NA
16278 108 NA
16279 108 NA
16280 108 NA
16281 108 NA
16282 108 NA
16283 108 NA
16284 108 NA
16285 108 NA
16286 108 NA
16287 108 NA
16288 108 NA
16289 108 NA
16290 108 NA
16291 108 NA
16292 108 NA
16293 108 NA
16294 108 NA
16295 108 NA
16296 108 NA
16297 108 NA
16298 108 NA
16299 108 NA
16300 108 NA
16301 108 NA
16302 108 NA
16303 108 NA
16304 108 NA
16305 108 NA
16306 108 NA
16307 108 NA
16308 108 NA
16309 108 NA
16310 108 NA
16311 108 NA
16312 108 NA
16313 108 NA
16314 108 NA
16315 108 NA
16316 108 NA
16317 108 NA
16318 108 NA
16319 108 NA
16320 108 NA
16321 108 NA
16322 108 NA
16323 108 NA
16324 108 NA
16325 108 NA
16326 108 NA
16327 108 NA
16328 108 NA
16329 108 NA
16330 108 NA
16331 108 NA
16332 108 NA
16333 108 NA
16334 108 NA
16335 108 NA
16336 108 NA
16337 108 NA
16338 108 NA
16339 108 NA
16340 108 NA
16341 108 NA
16342 108 NA
16343 108 NA
16344 108 NA
16345 108 NA
16346 108 NA
16347 108 NA
16348 108 NA
16349 108 NA
16350 108 NA
16351 108 NA
16352 108 NA
16353 108 NA
16354 108 NA
16355 108 NA
16356 108 NA
16357 108 NA
16358 108 NA
16359 108 NA
16360 108 NA
16361 108 NA
16362 108 NA
16363 108 NA
16364 108 NA
16365 108 NA
16366 108 NA
16367 108 NA
16368 108 NA
16369 108 NA
16370 104 NA
16371 104 NA
16372 104 NA
16373 104 NA
16374 104 NA
16375 104 NA
16376 104 NA
16377 104 NA
16378 104 NA
16379 104 NA
16380 104 NA
16381 104 NA
16382 104 NA
16383 104 NA
16384 104 NA
16385 104 NA
16386 104 NA
16387 104 NA
16388 104 NA
16389 104 NA
16390 104 NA
16391 104 NA
16392 104 NA
16393 104 NA
16394 104 NA
16395 104 NA
16396 104 NA
16397 104 NA
16398 104 NA
16399 104 NA
16400 104 NA
16401 104 NA
16402 104 NA
16403 104 NA
16404 104 NA
16405 104 NA
16406 104 NA
16407 104 NA
16408 104 NA
16409 104 NA
16410 104 NA
16411 104 NA
16412 104 NA
16413 104 NA
16414 104 NA
16415 104 NA
16416 104 NA
16417 104 NA
16418 104 NA
16419 104 NA
16420 104 NA
16421 104 NA
16422 104 NA
16423 104 NA
16424 104 NA
16425 104 NA
16426 104 NA
16427 104 NA
16428 104 NA
16429 104 NA
16430 104 NA
16431 104 NA
16432 104 NA
16433 104 NA
16434 104 NA
16435 104 NA
16436 104 NA
16437 104 NA
16438 104 NA
16439 104 NA
16440 104 NA
16441 104 NA
16442 104 NA
16443 104 NA
16444 104 NA
16445 104 NA
16446 104 NA
16447 104 NA
16448 104 NA
16449 104 NA
16450 104 NA
16451 104 NA
16452 104 NA
16453 104 NA
16454 104 NA
16455 104 NA
16456 104 NA
16457 104 NA
16458 104 NA
16459 104 NA
16460 104 NA
16461 104 NA
16462 104 NA
16463 104 NA
16464 104 NA
16465 104 NA
16466 104 NA
16467 104 NA
16468 104 NA
16469 104 NA
16470 104 NA
16471 104 NA
16472 104 NA
16473 104 NA
16474 104 NA
16475 104 NA
16476 104 NA
16477 104 NA
16478 104 NA
16479 104 NA
16480 104 NA
16481 104 NA
16482 104 NA
16483 104 NA
16484 104 NA
16485 104 NA
16486 104 NA
16487 104 NA
16488 104 NA
16489 104 NA
16490 104 NA
16491 104 NA
16492 104 NA
16493 104 NA
16494 104 NA
16495 104 NA
16496 104 NA
16497 104 NA
16498 104 NA
16499 104 NA
16500 104 NA
16501 104 NA
16502 104 NA
16503 104 NA
16504 104 NA
16505 104 NA
16506 104 NA
16507 104 NA
16508 104 NA
16509 104 NA
16510 104 NA
16511 104 NA
16512 104 NA
16513 104 NA
16514 104 NA
16515 104 NA
16516 104 NA
16517 104 NA
16518 104 NA
16519 104 NA
16520 104 NA
16521 104 NA
16522 104 NA
16523 104 NA
16524 104 NA
16525 104 NA
16526 104 NA
16527 104 NA
16528 104 NA
16529 104 NA
16530 104 NA
16531 104 NA
16532 104 NA
16533 104 NA
16534 104 NA
16535 104 NA
16536 104 NA
16537 104 NA
16538 104 NA
16539 104 NA
16540 104 NA
16541 104 NA
16542 104 NA
16543 104 NA
16544 104 NA
16545 104 NA
16546 104 NA
16547 104 NA
16548 104 NA
16549 104 NA
16550 104 NA
16551 104 NA
16552 104 NA
16553 104 NA
16554 104 NA
16555 104 NA
16556 104 NA
16557 104 NA
16558 104 NA
16559 104 NA
16560 104 NA
16561 104 NA
16562 104 NA
16563 104 NA
16564 104 NA
16565 104 NA
16566 104 NA
16567 104 NA
16568 104 NA
16569 104 NA
16570 104 NA
16571 104 NA
16572 104 NA
16573 104 NA
16574 104 NA
16575 104 NA
16576 104 NA
16577 104 NA
16578 104 NA
16579 104 NA
16580 104 NA
16581 104 NA
16582 104 NA
16583 104 NA
16584 104 NA
16585 104 NA
16586 104 NA
16587 104 NA
16588 104 NA
16589 104 NA
16590 104 NA
16591 104 NA
16592 104 NA
16593 104 NA
16594 104 NA
16595 104 NA
16596 104 NA
16597 104 NA
16598 104 NA
16599 104 NA
16600 104 NA
16601 104 NA
16602 104 NA
16603 104 NA
16604 104 NA
16605 104 NA
16606 104 NA
16607 104 NA
16608 104 NA
16609 104 NA
16610 104 NA
16611 104 NA
16612 104 NA
16613 104 NA
16614 104 NA
16615 104 NA
16616 104 NA
16617 104 NA
16618 104 NA
16619 104 NA
16620 104 NA
16621 104 NA
16622 104 NA
16623 104 NA
16624 104 NA
16625 104 NA
16626 104 NA
16627 104 NA
16628 104 NA
16629 104 NA
16630 104 NA
16631 104 NA
16632 104 NA
16633 104 NA
16634 104 NA
16635 104 NA
16636 104 NA
16637 104 NA
16638 104 NA
16639 104 NA
16640 104 NA
16641 104 NA
16642 104 NA
16643 104 NA
16644 104 NA
16645 104 NA
16646 104 NA
16647 104 NA
16648 104 NA
16649 104 NA
16650 104 NA
16651 104 NA
16652 104 NA
16653 104 NA
16654 104 NA
16655 104 NA
16656 104 NA
16657 104 NA
16658 104 NA
16659 104 NA
16660 104 NA
16661 104 NA
16662 104 NA
16663 104 NA
16665 104 NA
16666 104 NA
16668 104 NA
16669 104 NA
16670 104 NA
16671 104 NA
16672 104 NA
16673 104 NA
16674 104 NA
16675 104 NA
16676 104 NA
16677 104 NA
16678 104 NA
16679 104 NA
16680 104 NA
16681 104 NA
16682 104 NA
16683 104 NA
16684 104 NA
16686 104 NA
16687 104 NA
16688 104 NA
16689 104 NA
16690 104 NA
16691 104 NA
16692 104 NA
16693 104 NA
16694 104 NA
16695 104 NA
16696 104 NA
16697 104 NA
16698 104 NA
16699 104 NA
16700 104 NA
16701 104 NA
16702 104 NA
16703 104 NA
16704 104 NA
16705 104 NA
16706 104 NA
16707 104 NA
16708 104 NA
16709 104 NA
16710 104 NA
16711 104 NA
16712 104 NA
16715 104 NA
16717 104 NA
16719 104 NA
16720 104 NA
16721 104 NA
16722 104 NA
16723 104 NA
16724 104 NA
16725 104 NA
16726 104 NA
16727 104 NA
16728 104 NA
16730 104 NA
16731 104 NA
16732 104 NA
16733 104 NA
16734 104 NA
16735 104 NA
16736 104 NA
16737 104 NA
16738 104 NA
16739 104 NA
16740 104 NA
16741 104 NA
16742 104 NA
16743 104 NA
16744 104 NA
16745 104 NA
16746 104 NA
16747 104 NA
16748 104 NA
16749 104 NA
16750 104 NA
16751 104 NA
16752 104 NA
16753 104 NA
16754 104 NA
16755 104 NA
16756 104 NA
16757 104 NA
16759 104 NA
16760 104 NA
16761 104 NA
16762 104 NA
16763 104 NA
16764 104 NA
16765 104 NA
16766 104 NA
16767 104 NA
16768 104 NA
16769 104 NA
16770 104 NA
16771 104 NA
16772 104 NA
16773 104 NA
16774 104 NA
16775 104 NA
16777 104 NA
16778 104 NA
16779 104 NA
16780 104 NA
16781 104 NA
16782 104 NA
16783 104 NA
16784 104 NA
16785 104 NA
16786 104 NA
16787 104 NA
16788 104 NA
16789 104 NA
16790 104 NA
16791 104 NA
16792 104 NA
16793 104 NA
16794 104 NA
16795 104 NA
16796 104 NA
16797 104 NA
16798 104 NA
16799 104 NA
16800 104 NA
16801 104 NA
16802 104 NA
16803 104 NA
16804 104 NA
16807 104 NA
16808 104 NA
16809 104 NA
16810 104 NA
16811 104 NA
16812 104 NA
16813 104 NA
16814 104 NA
16815 104 NA
16816 104 NA
16817 104 NA
16818 104 NA
16820 104 NA
16821 104 NA
16823 104 NA
16824 104 NA
16825 104 NA
16826 104 NA
16827 104 NA
16828 104 NA
16829 104 NA
16830 104 NA
16831 104 NA
16832 104 NA
16833 104 NA
16834 104 NA
16835 104 NA
16836 104 NA
16837 104 NA
16838 104 NA
16839 104 NA
16840 104 NA
16841 104 NA
16842 104 NA
16843 104 NA
16844 104 NA
16845 104 NA
16847 104 NA
16849 104 NA
16850 104 NA
16851 104 NA
16852 104 NA
16853 104 NA
16854 104 NA
16855 104 NA
16856 104 NA
16857 104 NA
16858 104 NA
16859 104 NA
16860 104 NA
16861 104 NA
16862 104 NA
16863 104 NA
16864 104 NA
16865 104 NA
16866 104 NA
16867 104 NA
16869 104 NA
16870 104 NA
16871 104 NA
16872 104 NA
16873 104 NA
16874 104 NA
16875 104 NA
16876 104 NA
16878 104 NA
16879 104 NA
16880 104 NA
16881 104 NA
16884 104 NA
16885 104 NA
16886 104 NA
16887 104 NA
16888 104 NA
16889 104 NA
16890 104 NA
16892 104 NA
16893 104 NA
16894 104 NA
16895 104 NA
16896 104 NA
16897 104 NA
16898 104 NA
16899 104 NA
16900 104 NA
16901 104 NA
16902 104 NA
16903 104 NA
16904 104 NA
16905 104 NA
16906 104 NA
16907 104 NA
16908 104 NA
16909 104 NA
16910 104 NA
16911 104 NA
16912 104 NA
16913 104 NA
16914 104 NA
16915 104 NA
16916 104 NA
16917 104 NA
16918 104 NA
16919 104 NA
16920 104 NA
16921 104 NA
16922 104 NA
16923 104 NA
16924 104 NA
16925 104 NA
16926 104 NA
16927 104 NA
16928 104 NA
16929 104 NA
16930 104 NA
16931 104 NA
16932 104 NA
16933 104 NA
16934 104 NA
16935 104 NA
16937 104 NA
16938 104 NA
16939 104 NA
16940 104 NA
16941 104 NA
16942 104 NA
16943 104 NA
16944 104 NA
16945 104 NA
16946 104 NA
16949 104 NA
16950 104 NA
16951 104 NA
16952 104 NA
16953 104 NA
16954 104 NA
16955 104 NA
16956 104 NA
16957 104 NA
16958 104 NA
16959 104 NA
16960 104 NA
16967 104 NA
16968 104 NA
16969 104 NA
16970 104 NA
16971 104 NA
16972 104 NA
16974 104 NA
16975 104 NA
16976 104 NA
16977 104 NA
16978 104 NA
16979 104 NA
16980 104 NA
16981 104 NA
16982 104 NA
16984 104 NA
16985 104 NA
16986 104 NA
16987 104 NA
16988 104 NA
16989 104 NA
16990 104 NA
16991 104 NA
16992 104 NA
16993 104 NA
16994 104 NA
16999 104 NA
17001 104 NA
17006 104 NA
17007 104 NA
17014 104 NA
17015 104 NA
17016 104 NA
17017 104 NA
17018 104 NA
17019 104 NA
17020 104 NA
17021 104 NA
17022 104 NA
17023 104 NA
17024 104 NA
17025 104 NA
17026 104 NA
17027 104 NA
17028 104 NA
17029 104 NA
17031 104 NA
17032 104 NA
17033 104 NA
17034 104 NA
17035 104 NA
17036 104 NA
17037 104 NA
17038 104 NA
17039 104 NA
17040 104 NA
17042 104 NA
17044 104 NA
17045 104 NA
17046 104 NA
17047 104 NA
17048 104 NA
17049 104 NA
17050 104 NA
17051 104 NA
17052 104 NA
17053 104 NA
17054 104 NA
17055 104 NA
17056 104 NA
17057 104 NA
17058 104 NA
17059 104 NA
17060 104 NA
17061 104 NA
17062 104 NA
17063 104 NA
17064 104 NA
17069 104 NA
17070 104 NA
17071 104 NA
17072 104 NA
17073 104 NA
17075 104 NA
17076 104 NA
17077 104 NA
17078 104 NA
17079 104 NA
17080 104 NA
17081 104 NA
17083 104 NA
17084 104 NA
17085 104 NA
17086 104 NA
17087 104 NA
17088 104 NA
17089 104 NA
17091 104 NA
17092 104 NA
17093 104 NA
17094 104 NA
17095 104 NA
17096 104 NA
17097 104 NA
17098 104 NA
17099 104 NA
17100 104 NA
17101 104 NA
17102 104 NA
17103 104 NA
17104 104 NA
17105 104 NA
17106 104 NA
17107 104 NA
17108 104 NA
17109 104 NA
17110 104 NA
17111 104 NA
17112 104 NA
17113 104 NA
17114 104 NA
17115 104 NA
17117 104 NA
17118 104 NA
17123 104 NA
17124 104 NA
17125 104 NA
17126 104 NA
17127 104 NA
17129 104 NA
17130 104 NA
17131 104 NA
17132 104 NA
17133 104 NA
17134 104 NA
17135 104 NA
17136 104 NA
17138 104 NA
17139 104 NA
17140 104 NA
17141 104 NA
17142 104 NA
17143 104 NA
17144 104 NA
17145 104 NA
17146 104 NA
17147 104 NA
