"Index" "Price" "Volume"
14019 3258 NA
14020 3385 NA
14021 3687 NA
14022 3687 NA
14023 3941 NA
14024 3941 NA
14025 3968 NA
14026 3968 NA
14027 3601 NA
14028 3601 NA
14029 3250 NA
14030 3250 NA
14031 3088 NA
14032 2817 NA
14033 2676 NA
14034 2426 NA
14035 2307 NA
14036 2200 NA
14037 2107 NA
14038 2025 NA
14039 2006 NA
14040 2006 NA
14041 2090 NA
14042 2191 NA
14043 2292 NA
14044 2393 NA
14045 2275 NA
14046 2275 NA
14047 2162 NA
14048 2062 NA
14049 1775 NA
14050 1775 NA
14051 1775 NA
14052 1853 NA
14053 2008 NA
14054 2008 NA
14055 2082 NA
14056 2158 NA
14057 2253 NA
14058 2346 NA
14059 2458 NA
14060 2586 NA
14061 2586 NA
14062 2380 NA
14063 2380 NA
14064 2264 NA
14065 2151 NA
14066 2045 NA
14067 1956 NA
14068 1862 NA
14069 1707 NA
14070 1707 NA
14071 1705 NA
14072 1766 NA
14073 1835 NA
14074 1982 NA
14075 1982 NA
14076 2040 NA
14077 1973 NA
14078 1879 NA
14079 1786 NA
14080 1707 NA
14081 1659 NA
14082 1732 NA
14083 1815 NA
14084 1853 NA
14085 1799 NA
14086 1799 NA
14087 1734 NA
14088 1729 NA
14089 1723 NA
14090 1723 NA
14091 1847 NA
14092 1847 NA
14093 1819 NA
14094 1842 NA
14095 1916 NA
14096 1893 NA
14097 1893 NA
14098 1878 NA
14099 1886 NA
14100 1900 NA
14101 1882 NA
14102 1904 NA
14103 1938 NA
14104 1918 NA
14105 1947 NA
14106 1983 NA
14107 2004 NA
14108 2010 NA
14109 1970 NA
14110 1917 NA
14111 1852 NA
14112 1852 NA
14113 1840 NA
14114 1934 NA
14115 1934 NA
14116 1928 NA
14117 1920 NA
14118 1928 NA
14119 1955 NA
14120 1954 NA
14121 1920 NA
14122 1886 NA
14123 1886 NA
14124 1847 NA
14125 1800 NA
14126 1703 NA
14127 1709 NA
14128 1709 NA
14129 1830 NA
14130 1816 NA
14131 1816 NA
14132 1780 NA
14133 1740 NA
14134 1766 NA
14135 1800 NA
14136 1828 NA
14137 1848 NA
14138 1848 NA
14139 1854 NA
14140 1845 NA
14141 1863 NA
14142 1894 NA
14143 1894 NA
14144 1918 NA
14145 1898 NA
14146 1907 NA
14147 1917 NA
14148 1915 NA
14149 2007 NA
14150 2007 NA
14151 1972 NA
14152 1971 NA
14153 1974 NA
14154 1962 NA
14155 1958 NA
14156 1990 NA
14157 1990 NA
14158 1994 NA
14159 2004 NA
14160 2006 NA
14161 2006 NA
14162 2013 NA
14163 2060 NA
14164 2199 NA
14165 2199 NA
14166 2297 NA
14167 2385 NA
14168 2423 NA
14169 2314 NA
14170 2098 NA
14171 1998 NA
14172 1998 NA
14173 1908 NA
14174 1812 NA
14175 1686 NA
14176 1686 NA
14177 1773 NA
14178 1773 NA
14179 1786 NA
14180 1778 NA
14181 1802 NA
14182 1838 NA
14183 1873 NA
14184 1869 NA
14185 1805 NA
14186 1702 NA
14187 1703 NA
14188 1703 NA
14189 1739 NA
14190 1765 NA
14191 1821 NA
14192 1832 NA
14193 1821 NA
14194 1765 NA
14195 1697 NA
14196 1677 NA
14197 1683 NA
14198 1736 NA
14199 1818 NA
14200 1755 NA
14201 1706 NA
14202 1706 NA
14203 1751 NA
14204 1799 NA
14205 1799 NA
14206 1814 NA
14207 1819 NA
14208 1802 NA
14209 1802 NA
14210 1823 NA
14211 1856 NA
14212 1856 NA
14213 1851 NA
14214 1853 NA
14215 1761 NA
14216 1761 NA
14217 1722 NA
14218 1713 NA
14219 1735 NA
14220 1790 NA
14221 1774 NA
14222 1774 NA
14223 1773 NA
14224 1835 NA
14225 1835 NA
14226 1828 NA
14227 1860 NA
14228 1913 NA
14229 1915 NA
14230 1905 NA
14231 1964 NA
14232 2028 NA
14233 2120 NA
14234 2120 NA
14235 2270 NA
14236 2266 NA
14237 2296 NA
14238 2271 NA
14239 2322 NA
14240 2322 NA
14241 2390 NA
14242 2474 NA
14243 2571 NA
14244 2665 NA
14245 2665 NA
14246 2764 NA
14247 2812 NA
14248 2891 NA
14249 2921 NA
14250 2957 NA
14251 2896 NA
14252 2786 NA
14253 2675 NA
14254 2459 NA
14255 2459 NA
14256 2343 NA
14257 2170 NA
14258 2170 NA
14259 2115 NA
14260 2104 NA
14261 2153 NA
14262 2312 NA
14263 2312 NA
14264 2313 NA
14265 2250 NA
14266 2250 NA
14267 2230 NA
14268 2230 NA
14269 2288 NA
14270 2288 NA
14271 2282 NA
14272 2358 NA
14273 2358 NA
14274 2471 NA
14275 2576 NA
14276 2677 NA
14277 2663 NA
14278 2549 NA
14279 2549 NA
14280 2339 NA
14281 2349 NA
14282 2393 NA
14283 2393 NA
14284 2444 NA
14285 2383 NA
14286 2304 NA
14287 2304 NA
14288 2258 NA
14289 2294 NA
14290 2386 NA
14291 2494 NA
14292 2454 NA
14293 2454 NA
14294 2575 NA
14295 2575 NA
14296 2485 NA
14297 2485 NA
14298 2513 NA
14299 2518 NA
14300 2502 NA
14301 2470 NA
14302 2336 NA
14303 2275 NA
14304 2301 NA
14305 2332 NA
14306 2323 NA
14307 2256 NA
14308 2256 NA
14309 2160 NA
14310 2191 NA
14311 2295 NA
14312 2241 NA
14313 2219 NA
14314 2219 NA
14315 2215 NA
14316 2156 NA
14317 2156 NA
14318 2155 NA
14319 2164 NA
14320 2140 NA
14321 2123 NA
14322 2076 NA
14323 2008 NA
14324 1960 NA
14325 1969 NA
14326 2124 NA
14327 2124 NA
14328 2222 NA
14329 2315 NA
14330 2173 NA
14331 2173 NA
14332 2065 NA
14333 1962 NA
14334 1864 NA
14335 1782 NA
14336 1674 NA
14337 1674 NA
14338 1678 NA
14339 1819 NA
14340 1819 NA
14341 1853 NA
14342 1769 NA
14343 1765 NA
14344 1850 NA
14345 1937 NA
14346 1941 NA
14347 1849 NA
14348 1756 NA
14349 1625 NA
14350 1642 NA
14351 1642 NA
14352 1696 NA
14353 1667 NA
14354 1667 NA
14355 1609 NA
14356 1586 NA
14357 1611 NA
14358 1678 NA
14359 1744 NA
14360 1797 NA
14361 1852 NA
14362 2025 NA
14363 2116 NA
14364 2108 NA
14365 2029 NA
14366 1960 NA
14367 1776 NA
14368 1776 NA
14369 1635 NA
14370 1634 NA
14371 1690 NA
14372 1835 NA
14373 1818 NA
14374 1818 NA
14375 1730 NA
14376 1611 NA
14377 1634 NA
14378 1645 NA
14379 1616 NA
14380 1616 NA
14381 1618 NA
14382 1687 NA
14383 1758 NA
14384 1750 NA
14385 1668 NA
14386 1592 NA
14387 1568 NA
14388 1601 NA
14389 1685 NA
14390 1654 NA
14391 1654 NA
14392 1695 NA
14393 1695 NA
14394 1727 NA
14395 1708 NA
14396 1641 NA
14397 1642 NA
14398 1642 NA
14399 1708 NA
14400 1736 NA
14401 1736 NA
14402 1743 NA
14403 1780 NA
14404 1776 NA
14405 1695 NA
14406 1614 NA
14407 1640 NA
14408 1640 NA
14409 1640 NA
14410 1659 NA
14411 1653 NA
14412 1642 NA
14413 1619 NA
14414 1619 NA
14415 1627 NA
14416 1593 NA
14417 1593 NA
14418 1607 NA
14419 1683 NA
14420 1665 NA
14421 1665 NA
14422 1644 NA
14423 1621 NA
14424 1621 NA
14425 1641 NA
14426 1648 NA
14427 1688 NA
14428 1700 NA
14429 1697 NA
14430 1697 NA
14431 1694 NA
14432 1756 NA
14433 1828 NA
14434 1828 NA
14435 1910 NA
14436 1974 NA
14437 1974 NA
14438 2008 NA
14439 1996 NA
14440 2019 NA
14441 1966 NA
14442 1900 NA
14443 1927 NA
14444 1989 NA
14445 1989 NA
14446 1980 NA
14447 2087 NA
14448 2087 NA
14449 2106 NA
14450 2140 NA
14451 2135 NA
14452 2070 NA
14453 2024 NA
14454 1985 NA
14455 1985 NA
14456 1973 NA
14457 2017 NA
14458 1985 NA
14459 1883 NA
14460 1883 NA
14461 1868 NA
14462 1838 NA
14463 1801 NA
14464 1736 NA
14465 1722 NA
14466 1752 NA
14467 1800 NA
14468 1802 NA
14469 1764 NA
14470 1725 NA
14471 1727 NA
14472 1775 NA
14473 1775 NA
14474 1887 NA
14475 1856 NA
14476 1856 NA
14477 1818 NA
14478 1818 NA
14479 1783 NA
14480 1750 NA
14481 1769 NA
14482 1769 NA
14483 1770 NA
14484 1770 NA
14485 1760 NA
14486 1790 NA
14487 1795 NA
14488 1839 NA
14489 1906 NA
14490 1911 NA
14491 1911 NA
14492 1872 NA
14493 1736 NA
14494 1719 NA
14495 1719 NA
14496 1710 NA
14497 1723 NA
14498 1732 NA
14499 1763 NA
14500 1722 NA
14501 1711 NA
14502 1711 NA
14503 1764 NA
14504 1760 NA
14505 1760 NA
14506 1777 NA
14507 1796 NA
14508 1783 NA
14509 1708 NA
14510 1702 NA
14511 1716 NA
14512 1716 NA
14513 1716 NA
14514 1663 NA
14515 1696 NA
14516 1696 NA
14517 1747 NA
14518 1747 NA
14519 1706 NA
14520 1706 NA
14521 1689 NA
14522 1676 NA
14523 1676 NA
14524 1667 NA
14525 1683 NA
14526 1667 NA
14527 1700 NA
14528 1671 NA
14529 1671 NA
14530 1734 NA
14531 1734 NA
14532 1661 NA
14533 1683 NA
14534 1683 NA
14535 1757 NA
14536 1707 NA
14537 1731 NA
14538 1745 NA
14539 1745 NA
14540 1738 NA
14541 1740 NA
14542 1756 NA
14543 1728 NA
14544 1728 NA
14545 1712 NA
14546 1712 NA
14547 1705 NA
14548 1855 NA
14549 1939 NA
14550 1933 NA
14551 1910 NA
14552 1868 NA
14553 1813 NA
14554 1813 NA
14555 1840 NA
14556 1840 NA
14557 1931 NA
14558 2013 NA
14559 2105 NA
14560 2105 NA
14561 2127 NA
14562 2038 NA
14563 1977 NA
14564 2057 NA
14565 1956 NA
14566 1926 NA
14567 1926 NA
14568 1965 NA
14569 2084 NA
14570 2138 NA
14571 2138 NA
14572 2047 NA
14573 2014 NA
14574 2074 NA
14575 2083 NA
14576 2141 NA
14577 2239 NA
14578 2381 NA
14579 2381 NA
14580 2378 NA
14581 2342 NA
14582 2217 NA
14583 2217 NA
14584 2141 NA
14585 2076 NA
14586 2076 NA
14587 2064 NA
14588 2141 NA
14589 2141 NA
14590 2119 NA
14591 2206 NA
14592 2309 NA
14593 2251 NA
14594 2251 NA
14595 2198 NA
14596 2198 NA
14597 2297 NA
14598 2400 NA
14599 2619 NA
14600 2619 NA
14601 2735 NA
14602 2866 NA
14603 2833 NA
14604 2649 NA
14605 2609 NA
14606 2609 NA
14607 2637 NA
14608 2637 NA
14609 2747 NA
14610 2794 NA
14611 2842 NA
14612 2914 NA
14613 2718 NA
14614 2602 NA
14615 2602 NA
14616 2544 NA
14617 2501 NA
14618 2581 NA
14619 2526 NA
14620 2526 NA
14621 2336 NA
14622 2336 NA
14623 2315 NA
14624 2315 NA
14625 2500 NA
14626 2583 NA
14627 2583 NA
14628 2502 NA
14629 2570 NA
14630 2570 NA
14631 2603 NA
14632 2603 NA
14633 2406 NA
14634 2406 NA
14635 2295 NA
14636 2264 NA
14637 2170 NA
14638 2287 NA
14639 2373 NA
14640 2446 NA
14641 2490 NA
14642 2490 NA
14643 2528 NA
14644 2528 NA
14645 2457 NA
14646 2498 NA
14647 2482 NA
14648 2591 NA
14649 2591 NA
14650 2849 NA
14651 2980 NA
14653 3129 NA
14654 3451 NA
14655 3624 NA
14656 3624 NA
14657 3806 NA
14658 4196 NA
14659 4406 NA
14660 4406 NA
14661 4627 NA
14662 5065 NA
14663 5065 NA
14664 5583 NA
14665 5862 NA
14666 6156 NA
14667 6464 NA
14668 6464 NA
14669 6182 NA
14670 6182 NA
14671 5889 NA
14672 5315 NA
14673 5315 NA
14674 5049 NA
14675 4796 NA
14676 4557 NA
14677 4329 NA
14678 4112 NA
14679 3988 NA
14680 3988 NA
14681 4387 NA
14682 4604 NA
14683 4834 NA
14684 4834 NA
14685 5075 NA
14686 5329 NA
14687 5596 NA
14688 5876 NA
14689 5554 NA
14690 5281 NA
14691 5017 NA
14692 5017 NA
14693 4528 NA
14694 4302 NA
14695 4302 NA
14696 4086 NA
14697 3881 NA
14698 3686 NA
14699 3501 NA
14700 3325 NA
14701 3158 NA
14702 3000 NA
14703 2850 NA
14704 2707 NA
14705 2442 NA
14706 2442 NA
14707 2320 NA
14708 2095 NA
14709 2095 NA
14710 1992 NA
14711 1977 NA
14712 2152 NA
14713 2152 NA
14714 2245 NA
14715 2407 NA
14716 2407 NA
14717 2606 NA
14718 2708 NA
14719 2708 NA
14720 2884 NA
14721 2884 NA
14722 2650 NA
14723 2650 NA
14724 2518 NA
14725 2393 NA
14726 2300 NA
14727 2224 NA
14728 2224 NA
14729 2307 NA
14730 2413 NA
14731 2471 NA
14732 2364 NA
14733 2364 NA
14734 2232 NA
14735 2232 NA
14736 2363 NA
14737 2363 NA
14738 2425 NA
14739 2425 NA
14740 2336 NA
14741 2286 NA
14742 2208 NA
14743 2174 NA
14744 2167 NA
14745 2167 NA
14746 2168 NA
14747 2165 NA
14748 2119 NA
14749 2119 NA
14750 2070 NA
14751 2079 NA
14752 2098 NA
14753 2142 NA
14754 2183 NA
14755 1970 NA
14756 1970 NA
14757 1948 NA
14758 2139 NA
14759 2179 NA
14760 2210 NA
14761 2168 NA
14762 2198 NA
14763 2198 NA
14764 2131 NA
14765 2101 NA
14766 2101 NA
14767 2070 NA
14768 2143 NA
14769 2143 NA
14770 2212 NA
14771 2290 NA
14772 2290 NA
14773 2421 NA
14774 2421 NA
14775 2623 NA
14776 2755 NA
14777 2755 NA
14778 2775 NA
14779 2775 NA
14780 2509 NA
14781 2389 NA
14782 2329 NA
14783 2329 NA
14784 2181 NA
14785 2181 NA
14786 2217 NA
14787 2325 NA
14788 2425 NA
14789 2394 NA
14790 2439 NA
14791 2439 NA
14792 2518 NA
14793 2590 NA
14794 2720 NA
14795 2667 NA
14796 2667 NA
14797 2706 NA
14798 2716 NA
14799 2656 NA
14800 2656 NA
14801 2583 NA
14802 2465 NA
14803 2397 NA
14804 2397 NA
14805 2352 NA
14806 2352 NA
14807 2402 NA
14808 2444 NA
14809 2437 NA
14810 2266 NA
14811 2266 NA
14812 2221 NA
14813 2245 NA
14814 2245 NA
14815 2303 NA
14816 2351 NA
14817 2423 NA
14818 2475 NA
14819 2433 NA
14820 2433 NA
14821 2554 NA
14822 2682 NA
14823 2831 NA
14824 2831 NA
14825 2757 NA
14826 2489 NA
14827 2489 NA
14828 2310 NA
14829 2310 NA
14830 2338 NA
14831 2301 NA
14832 2436 NA
14833 2436 NA
14834 2382 NA
14835 2345 NA
14836 2370 NA
14837 2523 NA
14838 2632 NA
14839 2632 NA
14840 2884 NA
14841 2884 NA
14842 2893 NA
14843 2831 NA
14844 2830 NA
14845 2942 NA
14846 3055 NA
14847 3055 NA
14848 3153 NA
14849 3153 NA
14850 3259 NA
14851 3529 NA
14852 3679 NA
14853 3763 NA
14854 3763 NA
14855 3737 NA
14856 3756 NA
14857 3992 NA
14858 3992 NA
14859 3897 NA
14860 3897 NA
14861 3945 NA
14862 4117 NA
14863 4145 NA
14864 4317 NA
14865 4515 NA
14866 4936 NA
14867 4936 NA
14868 5094 NA
14869 5225 NA
14870 5511 NA
14871 5511 NA
14872 5527 NA
14873 5527 NA
14874 5117 NA
14875 5117 NA
14876 4977 NA
14877 5025 NA
14878 5192 NA
14879 5290 NA
14880 5171 NA
14881 5171 NA
14882 4829 NA
14883 4829 NA
14884 4841 NA
14885 4952 NA
14886 4821 NA
14887 4618 NA
14888 4554 NA
14889 4661 NA
14890 4933 NA
14891 4933 NA
14892 4977 NA
14893 4763 NA
14894 4763 NA
14895 4561 NA
14896 4310 NA
14897 4417 NA
14898 4417 NA
14899 4520 NA
14900 4491 NA
14901 4694 NA
14902 4694 NA
14903 4549 NA
14904 4549 NA
14905 4594 NA
14906 5063 NA
14907 5259 NA
14908 5259 NA
14909 5508 NA
14910 5606 NA
14911 5559 NA
14912 5734 NA
14913 5840 NA
14914 5840 NA
14915 5840 NA
14916 5833 NA
14917 5726 NA
14918 5913 NA
14919 5726 NA
14920 6305 NA
14921 6748 NA
14922 6708 NA
14923 6708 NA
14924 6702 NA
14925 6792 NA
14926 6782 NA
14927 6755 NA
14928 6291 NA
14929 6291 NA
14930 5794 NA
14931 5547 NA
14932 5547 NA
14933 5493 NA
14934 5753 NA
14935 5753 NA
14936 5714 NA
14937 5914 NA
14938 6413 NA
14939 6413 NA
14940 6724 NA
14941 6743 NA
14942 6743 NA
14943 6662 NA
14944 6100 NA
14945 5815 NA
14946 5815 NA
14947 5853 NA
14948 5926 NA
14949 5985 NA
14950 5985 NA
14951 6592 NA
14952 6896 NA
14953 6896 NA
14954 7225 NA
14955 7582 NA
14956 7717 NA
14957 7482 NA
14958 7071 NA
14959 7071 NA
14960 6872 NA
14961 6872 NA
14962 6461 NA
14963 6461 NA
14964 6605 NA
14965 6949 NA
14966 7208 NA
14967 7565 NA
14968 7565 NA
14969 8255 NA
14970 8255 NA
14971 8859 NA
14972 8859 NA
14973 8498 NA
14974 7696 NA
14975 8076 NA
14976 7696 NA
14977 7311 NA
14979 6618 NA
14981 6113 NA
14983 6356 NA
14984 6537 NA
14985 6618 NA
14986 6039 NA
14987 5948 NA
14988 5734 NA
14990 5843 NA
14991 6442 NA
14992 6737 NA
14993 6525 NA
14995 6292 NA
14996 6862 NA
14998 7394 NA
15000 7696 NA
15001 7232 NA
15003 6996 NA
15005 6651 NA
15007 6231 NA
15008 5978 NA
15009 5771 NA
15011 6189 NA
15012 6498 NA
15013 7000 NA
15016 7893 NA
15017 8286 NA
15018 8636 NA
15019 9085 NA
15020 10040 NA
15021 10000 NA
15023 9680 NA
15025 9598 NA
15026 10108 NA
15029 10400 NA
15031 10500 NA
15032 10600 NA
15033 11100 NA
15035 11500 NA
15036 12400 NA
15037 12400 NA
15038 12985 NA
15039 13600 NA
15040 14300 NA
15042 15000 NA
15044 12900 NA
15045 11600 NA
15046 11000 NA
15047 10700 NA
15048 10500 NA
15049 10500 NA
15050 10900 NA
15052 11901 NA
15054 12300 NA
15055 12100 NA
15058 10900 NA
15060 10900 NA
15061 11300 NA
15063 12000 NA
15064 12300 NA
15065 12364 NA
15066 12400 NA
15067 12700 NA
15068 13300 NA
15070 13500 NA
15072 12864 NA
15074 12200 NA
15075 11993 NA
15076 11900 NA
15078 11600 NA
15079 11500 NA
15080 11400 NA
15082 11300 NA
15084 11000 NA
15085 10800 NA
15086 11000 NA
15087 11200 NA
15088 11362 NA
15090 11600 NA
15091 11900 NA
15093 12900 NA
15094 13400 NA
15095 14400 NA
15096 15000 NA
15097 15600 NA
15098 16300 NA
15100 15800 NA
15101 15200 NA
15102 14700 NA
15103 14200 NA
15104 12900 NA
15106 12400 NA
15107 11971 NA
15109 12300 NA
15110 12700 NA
15112 13800 NA
15114 13200 NA
15115 12700 NA
15116 12400 NA
15118 12300 NA
15119 12600 NA
15120 13000 NA
15121 13400 NA
15123 14500 NA
15124 14800 NA
15125 14700 NA
15126 14300 NA
15128 14112 NA
15130 14600 NA
15131 14900 NA
15132 14900 NA
15133 14700 NA
15135 14100 NA
15136 13700 NA
15138 13900 NA
15140 14476 NA
15142 14225 NA
15144 13700 NA
15145 13300 NA
15146 12500 NA
15149 12900 NA
15150 12900 NA
15151 13000 NA
15152 12900 NA
15153 13044 NA
15156 13300 NA
15157 13400 NA
15158 13100 NA
15159 12500 NA
15161 12400 NA
15162 12229 NA
15164 12500 NA
15165 12600 NA
15166 12800 NA
15168 12400 NA
15170 12900 NA
15172 12900 NA
15175 12700 NA
15177 12300 NA
15178 12100 NA
15179 11900 NA
15180 11700 NA
15182 10917 NA
15184 10800 NA
15185 10400 NA
15186 10100 NA
15187 9963 NA
15189 9774 NA
15191 10300 NA
15193 10800 NA
15194 10800 NA
15196 11600 NA
15197 11900 NA
15199 12400 NA
15204 13700 NA
15206 14100 NA
15208 14200 NA
15209 16000 NA
15212 14759 NA
15214 13800 NA
15215 13200 NA
15217 12000 NA
15219 11300 NA
15220 10900 NA
15221 10700 NA
15224 9737 NA
15226 9230 NA
15227 9476 NA
15229 9888 NA
15231 9956 NA
15232 9591 NA
15233 9591 NA
15235 10029 NA
15238 10700 NA
15240 10800 NA
15241 10574 NA
15242 10600 NA
15243 10400 NA
15244 9758 NA
15245 9431 NA
15247 9169 NA
15248 9416 NA
15249 9416 NA
15250 9479 NA
15252 9799 NA
15254 10100 NA
15255 10313 NA
15257 10200 NA
15258 9675 NA
15259 9222 NA
15260 8659 NA
15263 8390 NA
15264 8646 NA
15266 8797 NA
15268 8825 NA
15269 8955 NA
15270 8601 NA
15271 8601 NA
15273 8068 NA
15275 8071 NA
15276 8200 NA
15277 8262 NA
15280 8604 NA
15281 8939 NA
15282 8902 NA
15283 8902 NA
15284 9094 NA
15285 9033 NA
15287 8746 NA
15289 9065 NA
15291 9501 NA
15294 9572 NA
15296 9654 NA
15297 9884 NA
15299 9757 NA
15302 8651 NA
15303 8566 NA
15304 8741 NA
15306 8977 NA
15307 9197 NA
15308 9164 NA
15310 8795 NA
15312 8883 NA
15313 9284 NA
15314 9182 NA
15315 9182 NA
15316 9045 NA
15317 8971 NA
15318 8971 NA
15319 9091 NA
15320 9297 NA
15321 9532 NA
15322 9900 NA
15323 9900 NA
15324 10125 NA
15325 10125 NA
15326 10207 NA
15327 10429 NA
15328 10944 NA
15329 11392 NA
15330 11916 NA
15331 11916 NA
15332 12059 NA
15333 12338 NA
15334 12778 NA
15335 13335 NA
15336 13887 NA
15337 14549 NA
15338 15097 NA
15339 15830 NA
15340 16026 NA
15341 16195 NA
15342 15922 NA
15343 15288 NA
15344 14643 NA
15345 14171 NA
15346 14171 NA
15347 14223 NA
15348 14809 NA
15349 15289 NA
15350 16031 NA
15351 16738 NA
15352 16033 NA
15353 15757 NA
15354 15701 NA
15355 16152 NA
15356 15812 NA
15357 15591 NA
15358 15591 NA
15359 16206 NA
15360 16673 NA
15361 17150 NA
15362 17635 NA
15363 18517 NA
15364 18517 NA
15365 19318 NA
15366 18862 NA
15367 18080 NA
15368 17229 NA
15369 16369 NA
15370 15557 NA
15371 14825 NA
15372 14538 NA
15373 15256 NA
15374 15978 NA
15375 16777 NA
15376 16777 NA
15377 17616 NA
15378 18471 NA
15379 18524 NA
15380 19002 NA
15381 19781 NA
15382 20766 NA
15383 21805 NA
15384 22682 NA
15385 22682 NA
15386 22191 NA
15387 21284 NA
15388 20302 NA
15389 22706 NA
15390 21584 NA
15391 20504 NA
15392 19478 NA
15393 18504 NA
15394 17578 NA
15395 16706 NA
15396 15874 NA
15397 15080 NA
15398 14587 NA
15399 14010 NA
15400 13310 NA
15401 12822 NA
15402 12217 NA
15403 11606 NA
15404 11062 NA
15405 11062 NA
15406 10871 NA
15407 10421 NA
15408 10516 NA
15409 10860 NA
15410 10860 NA
15411 10764 NA
15412 10389 NA
15413 10346 NA
15414 10766 NA
15415 10766 NA
15416 11237 NA
15417 11556 NA
15418 11943 NA
15419 11768 NA
15420 11585 NA
15421 11299 NA
15422 11092 NA
15423 10885 NA
15424 10679 NA
15425 10472 NA
15426 10265 NA
15427 10265 NA
15428 10141 NA
15429 10112 NA
15430 10447 NA
15431 10970 NA
15432 11451 NA
15433 12024 NA
15434 12024 NA
15435 12625 NA
15436 13220 NA
15437 13220 NA
15438 13722 NA
15439 13998 NA
15440 14230 NA
15441 14514 NA
15442 14834 NA
15443 14739 NA
15444 14228 NA
15445 13523 NA
15446 12846 NA
15447 12203 NA
15448 11625 NA
15449 11625 NA
15450 11260 NA
15451 11074 NA
15452 11239 NA
15453 11613 NA
15454 11613 NA
15455 11561 NA
15456 11234 NA
15457 11106 NA
15458 10905 NA
15459 10639 NA
15460 10226 NA
15461 10215 NA
15462 10037 NA
15463 10037 NA
15464 10044 NA
15465 10185 NA
15466 10185 NA
15467 10130 NA
15468 9851 NA
15469 9645 NA
15470 9244 NA
15471 9244 NA
15472 8792 NA
15473 8603 NA
15474 8670 NA
15475 8405 NA
15476 8405 NA
15477 8003 NA
15478 7714 NA
15479 7626 NA
15480 7849 NA
15481 7985 NA
15482 7985 NA
15483 8050 NA
15484 7926 NA
15485 7878 NA
15486 8038 NA
15487 7990 NA
15488 8113 NA
15489 8088 NA
15490 7948 NA
15491 7657 NA
15492 7409 NA
15493 7141 NA
15494 6863 NA
15495 6611 NA
15496 6284 NA
15497 5969 NA
15498 5713 NA
15499 5441 NA
15500 5526 NA
15501 5730 NA
15502 5954 NA
15503 5770 NA
15504 5770 NA
15505 5609 NA
15506 5800 NA
15507 5933 NA
15508 6012 NA
15509 6167 NA
15510 6250 NA
15511 6460 NA
15512 6757 NA
15513 6753 NA
15514 6415 NA
15515 6098 NA
15516 5828 NA
15517 5561 NA
15518 5309 NA
15519 5173 NA
15520 5255 NA
15521 5209 NA
15522 5233 NA
15523 5200 NA
15524 5150 NA
15525 4957 NA
15526 4709 NA
15527 4473 NA
15528 4249 NA
15529 4036 NA
15530 3864 NA
15531 3671 NA
15532 3552 NA
15533 3606 NA
15534 3711 NA
15535 3802 NA
15536 3768 NA
15537 3840 NA
15538 3975 NA
15539 4062 NA
15540 4082 NA
15541 4242 NA
15542 4386 NA
15543 4386 NA
15544 4378 NA
15545 4398 NA
15546 4443 NA
15547 4435 NA
15548 4403 NA
15549 4325 NA
15550 4232 NA
15551 4173 NA
15552 4089 NA
15553 4027 NA
15554 3904 NA
15555 3794 NA
15556 3804 NA
15557 3804 NA
15558 3804 NA
15559 3951 NA
15560 4057 NA
15561 4219 NA
15562 4393 NA
15563 4511 NA
15564 4632 NA
15565 4632 NA
15566 4839 NA
15567 5053 NA
15568 5306 NA
15569 5494 NA
15570 5694 NA
15571 5934 NA
15572 6000 NA
15573 6103 NA
15574 6182 NA
15575 6218 NA
15576 6214 NA
15577 6214 NA
15578 6315 NA
15579 6316 NA
15580 6292 NA
15581 6137 NA
15582 5955 NA
15583 5695 NA
15584 5521 NA
15585 5382 NA
15586 5294 NA
15587 5070 NA
15588 4923 NA
15589 4808 NA
15590 4698 NA
15591 4788 NA
15592 4886 NA
15593 4933 NA
15594 4890 NA
15595 4890 NA
15596 4898 NA
15597 4867 NA
15598 4802 NA
15599 4802 NA
15600 4781 NA
15601 4826 NA
15602 4873 NA
15603 4875 NA
15604 4905 NA
15605 4967 NA
15606 5084 NA
15607 5084 NA
15608 5231 NA
15609 5370 NA
15610 5439 NA
15611 5439 NA
15612 5511 NA
15613 5473 NA
15614 5332 NA
15615 5232 NA
15616 5416 NA
15617 5686 NA
15618 5686 NA
15619 5967 NA
15620 6266 NA
15621 6538 NA
15622 6865 NA
15623 7209 NA
15624 7563 NA
15625 7751 NA
15626 7945 NA
15627 7616 NA
15628 7826 NA
15629 7826 NA
15630 7633 NA
15631 7314 NA
15632 6974 NA
15633 6700 NA
15634 6550 NA
15635 6310 NA
15636 6123 NA
15637 5948 NA
15638 5948 NA
15639 6000 NA
15640 6079 NA
15641 6079 NA
15642 5916 NA
15643 6031 NA
15644 6279 NA
15645 6593 NA
15646 6593 NA
15647 6923 NA
15648 7117 NA
15649 6895 NA
15650 6746 NA
15651 6596 NA
15652 6447 NA
15653 6298 NA
15654 6148 NA
15655 5999 NA
15656 5849 NA
15657 5700 NA
15658 5700 NA
15659 5614 NA
15660 5790 NA
15661 5790 NA
15662 5803 NA
15663 5651 NA
15664 5504 NA
15665 5504 NA
15666 5266 NA
15667 5266 NA
15668 5028 NA
15669 4842 NA
15670 4618 NA
15671 4402 NA
15672 4210 NA
15673 4012 NA
15674 3853 NA
15675 3727 NA
15676 3671 NA
15677 3671 NA
15678 3518 NA
15679 3371 NA
15680 3371 NA
15681 3247 NA
15682 3247 NA
15683 3084 NA
15684 2967 NA
15685 2867 NA
15686 2867 NA
15687 2724 NA
15688 2724 NA
15689 2592 NA
15690 2592 NA
15691 2473 NA
15692 2373 NA
15693 2260 NA
15694 2147 NA
15695 2039 NA
15696 1937 NA
15697 1872 NA
15698 1842 NA
15699 1888 NA
15700 1894 NA
15701 1961 NA
15702 2059 NA
15703 2129 NA
15704 2217 NA
15705 2323 NA
15706 2361 NA
15707 2295 NA
15708 2209 NA
15709 2111 NA
15710 2052 NA
15711 2065 NA
15712 2126 NA
15713 2233 NA
15714 2329 NA
15715 2423 NA
15716 2531 NA
15717 2658 NA
15718 2790 NA
15719 2930 NA
15720 3077 NA
15721 3231 NA
15722 3393 NA
15723 3386 NA
15724 3386 NA
15725 3230 NA
15726 3171 NA
15727 3033 NA
15728 3033 NA
15729 2911 NA
15730 2810 NA
15731 2810 NA
15732 2719 NA
15733 2719 NA
15734 2781 NA
15735 2781 NA
15736 2713 NA
15737 2612 NA
15738 2490 NA
15739 2468 NA
15740 2468 NA
15741 2443 NA
15742 2443 NA
15743 2527 NA
15744 2527 NA
15745 2579 NA
15746 2579 NA
15747 2496 NA
15748 2496 NA
15749 2424 NA
15750 2362 NA
15751 2362 NA
15752 2286 NA
15753 2286 NA
15754 2179 NA
15755 2092 NA
15756 1999 NA
15757 1999 NA
15758 1939 NA
15759 1969 NA
15760 1969 NA
15761 1967 NA
15762 1967 NA
15763 1967 NA
15764 2005 NA
15765 2005 NA
15766 2072 NA
15767 2072 NA
15768 2096 NA
15769 2096 NA
15770 2066 NA
15771 2066 NA
15772 2070 NA
15773 2070 NA
15774 2066 NA
15775 2066 NA
15776 2076 NA
15777 2076 NA
15778 2072 NA
15779 2072 NA
15780 2086 NA
15781 2086 NA
15782 2102 NA
15783 2102 NA
15784 2116 NA
15785 2116 NA
15786 2134 NA
15787 2134 NA
15788 2108 NA
15789 2082 NA
15790 2082 NA
15791 2025 NA
15792 2025 NA
15793 2069 NA
15794 2069 NA
15795 2115 NA
15796 2115 NA
15797 2116 NA
15798 2120 NA
15799 2123 NA
15800 2127 NA
15801 2130 NA
15802 2134 NA
15803 2137 NA
15804 2141 NA
15805 2141 NA
15806 2141 NA
15807 2156 NA
15808 2156 NA
15809 2169 NA
15810 2133 NA
15811 2133 NA
15812 2090 NA
15813 2090 NA
15814 2106 NA
15815 2106 NA
15816 2032 NA
15817 2032 NA
15818 1948 NA
15819 1948 NA
15820 1895 NA
15821 1895 NA
15822 1829 NA
15823 1829 NA
15824 1847 NA
15825 1847 NA
15826 1874 NA
15827 1874 NA
15828 1920 NA
15829 1920 NA
15830 1962 NA
15831 1962 NA
15832 1977 NA
15833 1977 NA
15834 2010 NA
15835 2010 NA
15836 2054 NA
15837 2054 NA
15838 2059 NA
15839 2059 NA
15840 2077 NA
15841 2077 NA
15842 2098 NA
15843 2098 NA
15844 2176 NA
15845 2176 NA
15846 2236 NA
15847 2236 NA
15848 2236 NA
15849 2281 NA
15850 2281 NA
15851 2354 NA
15852 2354 NA
15853 2429 NA
15854 2429 NA
15855 2534 NA
15856 2534 NA
15857 2639 NA
15858 2639 NA
15859 2718 NA
15860 2718 NA
15861 2784 NA
15862 2784 NA
15863 2784 NA
15864 2773 NA
15865 2773 NA
15866 2763 NA
15867 2791 NA
15868 2791 NA
15869 2713 NA
15870 2713 NA
15871 2727 NA
15872 2727 NA
15873 2748 NA
15874 2748 NA
15875 2692 NA
15876 2692 NA
15877 2692 NA
15878 2727 NA
15879 2727 NA
15880 2803 NA
15881 2803 NA
15882 2866 NA
15883 2866 NA
15884 2979 NA
15885 2979 NA
15886 3038 NA
15887 2988 NA
15888 2988 NA
15889 3040 NA
15890 3040 NA
15891 3101 NA
15892 3101 NA
15893 3147 NA
15894 3147 NA
15895 3242 NA
15896 3242 NA
15897 3273 NA
15898 3273 NA
15899 3322 NA
15900 3322 NA
15901 3446 NA
15902 3446 NA
15903 3386 NA
15904 3326 NA
15905 3266 NA
15906 3205 NA
15907 3145 NA
15908 3085 NA
15909 3085 NA
15910 3028 NA
15911 3028 NA
15912 3042 NA
15913 3042 NA
15914 2972 NA
15915 2972 NA
15916 2921 NA
15917 2921 NA
15918 2794 NA
15919 2794 NA
15920 2693 NA
15921 2693 NA
15922 2571 NA
15923 2571 NA
15924 2470 NA
15925 2470 NA
15926 2392 NA
15927 2392 NA
15928 2385 NA
15929 2385 NA
15930 2320 NA
15931 2320 NA
15932 2320 NA
15933 2316 NA
15934 2316 NA
15935 2316 NA
15936 2324 NA
15937 2324 NA
15938 2324 NA
15939 2309 NA
15940 2309 NA
15941 2309 NA
15942 2375 NA
15943 2375 NA
15944 2375 NA
15945 2494 NA
15946 2494 NA
15947 2494 NA
15948 2494 NA
15949 2440 NA
15950 2440 NA
15951 2440 NA
15952 2454 NA
15953 2454 NA
15954 2454 NA
15955 2454 NA
15956 2429 NA
15957 2429 NA
15958 2429 NA
15959 2429 NA
15960 2545 NA
15961 2545 NA
15962 2662 NA
15963 2662 NA
15964 2662 NA
15965 2662 NA
15966 2753 NA
15967 2753 NA
15968 2753 NA
15969 2753 NA
15970 2876 NA
15971 2876 NA
15972 2876 NA
15973 2876 NA
15974 2984 NA
15975 2984 NA
15976 2984 NA
15977 2984 NA
15978 3096 NA
15979 3096 NA
15980 3096 NA
15981 3096 NA
15982 3153 NA
15983 3153 NA
15984 3153 NA
15985 3292 NA
15986 3334 NA
15987 3376 NA
15988 3418 NA
15989 3461 NA
15990 3503 NA
15991 3545 NA
15992 3587 NA
15993 3629 NA
15994 3790 NA
15995 3790 NA
15996 3790 NA
15997 3790 NA
15998 3956 NA
15999 3956 NA
16000 3956 NA
16001 4152 NA
16002 4152 NA
16003 4152 NA
16004 4341 NA
16005 4341 NA
16006 4500 NA
16007 4500 NA
16008 4500 NA
16009 4460 NA
16010 4460 NA
16011 4534 NA
16012 4534 NA
16013 4534 NA
16014 4679 NA
16015 4679 NA
16016 4679 NA
16017 4880 NA
16018 4880 NA
16019 4880 NA
16020 4988 NA
16021 4988 NA
16022 4988 NA
16023 5019 NA
16024 5019 NA
16025 5019 NA
16026 5133 NA
16027 5133 NA
16028 5133 NA
16029 5378 NA
16030 5378 NA
16031 5378 NA
16032 5644 NA
16033 5644 NA
16034 5919 NA
16035 5960 NA
16036 6001 NA
16037 6042 NA
16038 6084 NA
16039 6125 NA
16040 6166 NA
16041 6207 NA
16042 6207 NA
16043 5942 NA
16044 5942 NA
16045 5687 NA
16046 5687 NA
16047 5456 NA
16048 5217 NA
16049 4996 NA
16050 4996 NA
16051 4773 NA
16052 4773 NA
16053 4554 NA
16054 4402 NA
16055 4402 NA
16056 4220 NA
16057 4220 NA
16058 4019 NA
16059 4019 NA
16060 3829 NA
16061 3829 NA
16062 3651 NA
16063 3483 NA
16064 3483 NA
16065 3323 NA
16066 3323 NA
16067 3220 NA
16068 3208 NA
16069 3208 NA
16070 3208 NA
16071 3088 NA
16072 3088 NA
16073 3047 NA
16074 3047 NA
16075 3128 NA
16076 3128 NA
16077 3256 NA
16078 3256 NA
16079 3256 NA
16080 3395 NA
16081 3395 NA
16082 3395 NA
16083 3535 NA
16084 3535 NA
16085 3685 NA
16086 3685 NA
16087 3685 NA
16088 3796 NA
16089 3796 NA
16090 3985 NA
16091 3985 NA
16092 4185 NA
16093 4185 NA
16094 4185 NA
16095 4395 NA
16096 4395 NA
16097 4615 NA
16098 4615 NA
16099 4846 NA
16100 4846 NA
16101 4846 NA
16102 5046 NA
16103 5046 NA
16104 4939 NA
16105 4939 NA
16106 4732 NA
16107 4732 NA
16108 4538 NA
16109 4345 NA
16110 4153 NA
16111 4153 NA
16112 4002 NA
16113 4002 NA
16114 3815 NA
16115 3815 NA
16116 3738 NA
16117 3738 NA
16118 3627 NA
16119 3627 NA
16120 3467 NA
16121 3467 NA
16122 3409 NA
16123 3409 NA
16124 3409 NA
16125 3270 NA
16126 3270 NA
16127 3188 NA
16128 3188 NA
16129 3213 NA
16130 3213 NA
16131 3207 NA
16132 3178 NA
16133 3178 NA
16134 3126 NA
16135 3126 NA
16136 3154 NA
16137 3154 NA
16138 3077 NA
16139 3021 NA
16140 3021 NA
16141 3021 NA
16142 2895 NA
16143 2825 NA
16144 2825 NA
16145 2716 NA
16146 2716 NA
16147 2677 NA
16148 2677 NA
16149 2685 NA
16150 2685 NA
16151 2685 NA
16152 2657 NA
16153 2657 NA
16154 2723 NA
16155 2723 NA
16156 2839 NA
16157 2839 NA
16158 2961 NA
16159 2961 NA
16160 3070 NA
16161 3070 NA
16162 3148 NA
16163 3148 NA
16164 3148 NA
16165 3253 NA
16166 3253 NA
16167 3149 NA
16168 3149 NA
16169 3049 NA
16170 3049 NA
16171 2939 NA
16172 2939 NA
16173 2840 NA
16174 2840 NA
16175 2872 NA
16176 2872 NA
16177 2808 NA
16178 2808 NA
16179 2910 NA
16180 2910 NA
16181 3017 NA
16182 3017 NA
16183 2993 NA
16184 2993 NA
16185 2993 NA
16186 3058 NA
16187 3058 NA
16188 3004 NA
16189 3004 NA
16190 3011 NA
16191 3011 NA
16192 3082 NA
16193 3082 NA
16194 3037 NA
16195 3037 NA
16196 3060 NA
16197 3060 NA
16198 3111 NA
16199 3111 NA
16200 3111 NA
16201 3093 NA
16202 3106 NA
16203 3119 NA
16204 3119 NA
16205 3119 NA
16206 3083 NA
16207 3083 NA
16208 3156 NA
16209 3156 NA
16210 3207 NA
16211 3207 NA
16212 3207 NA
16213 3096 NA
16214 3096 NA
16215 2973 NA
16216 2973 NA
16217 2973 NA
16218 2866 NA
16219 2866 NA
16220 2747 NA
16221 2747 NA
16222 2622 NA
16223 2622 NA
16224 2620 NA
16225 2620 NA
16226 2620 NA
16227 2600 NA
16228 2600 NA
16229 2637 NA
16230 2637 NA
16231 2639 NA
16232 2639 NA
16233 2638 NA
16234 2638 NA
16235 2613 NA
16236 2613 NA
16237 2587 NA
16238 2587 NA
16239 2697 NA
16240 2697 NA
16241 2697 NA
16242 2805 NA
16243 2805 NA
16244 2943 NA
16245 2943 NA
16246 3091 NA
16247 3091 NA
16248 3221 NA
16249 3221 NA
16250 3147 NA
16251 3137 NA
16252 3137 NA
16253 3129 NA
16254 3129 NA
16255 3114 NA
16256 3114 NA
16257 3104 NA
16258 3104 NA
16259 3097 NA
16260 3097 NA
16261 2998 NA
16262 2998 NA
16263 2929 NA
16264 2929 NA
16265 2834 NA
16266 2834 NA
16267 2757 NA
16268 2757 NA
16269 2746 NA
16270 2683 NA
16271 2683 NA
16272 2625 NA
16273 2625 NA
16274 2608 NA
16275 2589 NA
16276 2589 NA
16277 2577 NA
16278 2569 NA
16279 2559 NA
16280 2559 NA
16281 2530 NA
16282 2530 NA
16283 2501 NA
16284 2456 NA
16285 2418 NA
16286 2362 NA
16287 2362 NA
16288 2323 NA
16289 2323 NA
16290 2319 NA
16291 2319 NA
16292 2251 NA
16293 2251 NA
16294 2185 NA
16295 2090 NA
16296 2090 NA
16297 1995 NA
16298 1951 NA
16299 1951 NA
16300 1905 NA
16301 1890 NA
16302 1890 NA
16303 1909 NA
16304 1909 NA
16305 1939 NA
16306 1939 NA
16307 1985 NA
16308 1985 NA
16309 2085 NA
16310 2135 NA
16311 2135 NA
16312 2133 NA
16313 2133 NA
16314 2120 NA
16315 2107 NA
16316 2107 NA
16317 2105 NA
16318 2105 NA
16319 2125 NA
16320 2125 NA
16321 2217 NA
16322 2217 NA
16323 2291 NA
16324 2291 NA
16325 2277 NA
16326 2277 NA
16327 2260 NA
16328 2260 NA
16329 2307 NA
16330 2307 NA
16331 2314 NA
16332 2314 NA
16333 2410 NA
16334 2410 NA
16335 2495 NA
16336 2495 NA
16337 2576 NA
16338 2684 NA
16339 2684 NA
16340 2787 NA
16341 2787 NA
16342 2903 NA
16343 2903 NA
16344 3010 NA
16345 3010 NA
16346 3161 NA
16347 3161 NA
16348 3088 NA
16349 3088 NA
16350 2946 NA
16351 2946 NA
16352 2840 NA
16353 2712 NA
16354 2712 NA
16355 2576 NA
16356 2485 NA
16357 2484 NA
16358 2484 NA
16359 2535 NA
16360 2535 NA
16361 2539 NA
16362 2539 NA
16363 2543 NA
16364 2543 NA
16365 2581 NA
16366 2581 NA
16367 2581 NA
16368 2600 NA
16369 2600 NA
16370 2560 NA
16371 2560 NA
16372 2576 NA
16373 2576 NA
16374 2598 NA
16375 2598 NA
16376 2598 NA
16377 2663 NA
16378 2663 NA
16379 2627 NA
16380 2627 NA
16381 2598 NA
16382 2598 NA
16383 2565 NA
16384 2565 NA
16385 2575 NA
16386 2575 NA
16387 2498 NA
16388 2498 NA
16389 2437 NA
16390 2437 NA
16391 2396 NA
16392 2276 NA
16393 2162 NA
16394 2053 NA
16395 1950 NA
16396 1852 NA
16397 1773 NA
16398 1707 NA
16399 1654 NA
16400 1645 NA
16401 1624 NA
16402 1673 NA
16403 1723 NA
16404 1786 NA
16405 1745 NA
16406 1710 NA
16407 1681 NA
16408 1681 NA
16409 1630 NA
16410 1643 NA
16411 1606 NA
16412 1632 NA
16413 1595 NA
16414 1595 NA
16415 1570 NA
16416 1602 NA
16417 1602 NA
16418 1627 NA
16419 1627 NA
16420 1652 NA
16421 1654 NA
16422 1658 NA
16423 1658 NA
16424 1700 NA
16425 1700 NA
16426 1673 NA
16427 1673 NA
16428 1713 NA
16429 1748 NA
16430 1748 NA
16431 1768 NA
16432 1768 NA
16433 1806 NA
16434 1745 NA
16435 1682 NA
16436 1682 NA
16437 1660 NA
16438 1624 NA
16439 1624 NA
16440 1621 NA
16441 1621 NA
16442 1630 NA
16443 1622 NA
16444 1622 NA
16445 1575 NA
16446 1508 NA
16447 1545 NA
16448 1545 NA
16449 1543 NA
16450 1542 NA
16451 1542 NA
16452 1535 NA
16453 1536 NA
16454 1502 NA
16455 1500 NA
16456 1500 NA
16457 1521 NA
16458 1521 NA
16459 1510 NA
16460 1510 NA
16461 1548 NA
16462 1548 NA
16463 1593 NA
16464 1576 NA
16465 1576 NA
16466 1535 NA
16467 1535 NA
16468 1557 NA
16469 1557 NA
16470 1541 NA
16471 1541 NA
16472 1495 NA
16473 1495 NA
16474 1445 NA
16475 1468 NA
16476 1468 NA
16477 1480 NA
16478 1480 NA
16479 1427 NA
16480 1455 NA
16481 1468 NA
16482 1444 NA
16483 1429 NA
16484 1429 NA
16485 1468 NA
16486 1423 NA
16487 1423 NA
16488 1412 NA
16489 1412 NA
16490 1425 NA
16491 1425 NA
16492 1433 NA
16493 1433 NA
16494 1451 NA
16495 1451 NA
16496 1445 NA
16497 1445 NA
16498 1443 NA
16499 1443 NA
16500 1458 NA
16501 1441 NA
16502 1441 NA
16503 1377 NA
16504 1377 NA
16505 1339 NA
16506 1339 NA
16507 1342 NA
16508 1309 NA
16509 1322 NA
16510 1322 NA
16511 1333 NA
16512 1344 NA
16513 1344 NA
16514 1365 NA
16515 1365 NA
16516 1336 NA
16517 1336 NA
16518 1299 NA
16519 1299 NA
16520 1317 NA
16521 1317 NA
16522 1270 NA
16523 1215 NA
16524 1215 NA
16525 1183 NA
16526 1183 NA
16527 1159 NA
16528 1190 NA
16529 1190 NA
16530 1207 NA
16531 1230 NA
16532 1230 NA
16533 1219 NA
16534 1219 NA
16535 1180 NA
16536 1154 NA
16537 1128 NA
16538 1128 NA
16539 1128 NA
16540 1098 NA
16541 1098 NA
16542 1101 NA
16543 1078 NA
16544 1078 NA
16545 1091 NA
16546 1091 NA
16547 1086 NA
16548 1086 NA
16549 1099 NA
16550 1099 NA
16551 1119 NA
16552 1119 NA
16553 1119 NA
16554 1119 NA
16555 1065 NA
16556 1065 NA
16557 1022 NA
16558 1022 NA
16559 981 NA
16560 981 NA
16561 970 NA
16562 970 NA
16563 963 NA
16564 963 NA
16565 968 NA
16566 968 NA
16567 947 NA
16568 947 NA
16569 951 NA
16570 951 NA
16571 963 NA
16572 963 NA
16573 985 NA
16574 985 NA
16575 1013 NA
16576 1013 NA
16577 1051 NA
16578 1051 NA
16579 1076 NA
16580 1076 NA
16581 1104 NA
16582 1104 NA
16583 1146 NA
16584 1146 NA
16585 1151 NA
16586 1166 NA
16587 1166 NA
16588 1181 NA
16589 1181 NA
16590 1139 NA
16591 1139 NA
16592 1144 NA
16593 1144 NA
16594 1161 NA
16595 1176 NA
16596 1176 NA
16597 1147 NA
16598 1161 NA
16599 1161 NA
16600 1146 NA
16601 1112 NA
16602 1112 NA
16603 1117 NA
16604 1117 NA
16605 1121 NA
16606 1132 NA
16607 1132 NA
16608 1122 NA
16609 1076 NA
16610 1076 NA
16611 1067 NA
16612 1067 NA
16613 1024 NA
16614 984 NA
16615 984 NA
16616 940 NA
16617 940 NA
16618 963 NA
16619 963 NA
16620 993 NA
16621 993 NA
16622 1026 NA
16623 1026 NA
16624 1060 NA
16625 1060 NA
16626 1097 NA
16627 1097 NA
16628 1126 NA
16629 1126 NA
16630 1183 NA
16631 1183 NA
16632 1239 NA
16633 1301 NA
16634 1301 NA
16635 1367 NA
16636 1367 NA
16637 1411 NA
16638 1363 NA
16639 1363 NA
16640 1375 NA
16641 1375 NA
16642 1428 NA
16643 1428 NA
16644 1415 NA
16645 1375 NA
16646 1375 NA
16647 1335 NA
16648 1335 NA
16649 1356 NA
16650 1356 NA
16651 1379 NA
16652 1379 NA
16653 1359 NA
16654 1359 NA
16655 1335 NA
16656 1335 NA
16657 1318 NA
16658 1269 NA
16659 1269 NA
16660 1221 NA
16661 1221 NA
16662 1186 NA
16663 1186 NA
16665 1097 NA
16666 1054 NA
16668 1013 NA
16669 1013 NA
16670 999 NA
16671 999 NA
16672 1021 NA
16673 1021 NA
16674 1045 NA
16675 1045 NA
16676 1069 NA
16677 1069 NA
16678 1097 NA
16679 1097 NA
16680 1120 NA
16681 1120 NA
16682 1149 NA
16683 1149 NA
16684 1192 NA
16686 1232 NA
16687 1232 NA
16688 1232 NA
16689 1249 NA
16690 1249 NA
16691 1266 NA
16692 1225 NA
16693 1225 NA
16694 1197 NA
16695 1197 NA
16696 1182 NA
16697 1182 NA
16698 1182 NA
16699 1182 NA
16700 1181 NA
16701 1181 NA
16702 1152 NA
16703 1152 NA
16704 1104 NA
16705 1104 NA
16706 1104 NA
16707 1081 NA
16708 1081 NA
16709 1051 NA
16710 1051 NA
16711 1047 NA
16712 1047 NA
16715 1055 NA
16717 1055 NA
16719 1085 NA
16720 1085 NA
16721 1085 NA
16722 1106 NA
16723 1106 NA
16724 1148 NA
16725 1148 NA
16726 1181 NA
16727 1181 NA
16728 1200 NA
16730 1233 NA
16731 1233 NA
16732 1260 NA
16733 1260 NA
16734 1291 NA
16735 1291 NA
16736 1313 NA
16737 1313 NA
16738 1366 NA
16739 1366 NA
16740 1381 NA
16741 1381 NA
16742 1439 NA
16743 1439 NA
16744 1451 NA
16745 1451 NA
16746 1470 NA
16747 1470 NA
16748 1470 NA
16749 1478 NA
16750 1452 NA
16751 1452 NA
16752 1429 NA
16753 1429 NA
16754 1400 NA
16755 1400 NA
16756 1400 NA
16757 1400 NA
16759 1415 NA
16760 1448 NA
16761 1448 NA
16762 1448 NA
16763 1518 NA
16764 1518 NA
16765 1569 NA
16766 1569 NA
16767 1577 NA
16768 1577 NA
16769 1583 NA
16770 1583 NA
16771 1553 NA
16772 1553 NA
16773 1492 NA
16774 1492 NA
16775 1480 NA
16776 1480 NA
16777 1443 NA
16778 1456 NA
16779 1456 NA
16780 1416 NA
16781 1416 NA
16782 1361 NA
16783 1361 NA
16784 1352 NA
16785 1352 NA
16786 1395 NA
16787 1395 NA
16788 1415 NA
16789 1415 NA
16790 1383 NA
16791 1383 NA
16792 1441 NA
16793 1441 NA
16794 1510 NA
16795 1510 NA
16796 1556 NA
16797 1556 NA
16798 1601 NA
16799 1601 NA
16800 1682 NA
16801 1682 NA
16802 1758 NA
16803 1846 NA
16804 1846 NA
16807 2036 NA
16808 2134 NA
16809 2134 NA
16810 2241 NA
16811 2241 NA
16812 2354 NA
16813 2472 NA
16814 2472 NA
16815 2596 NA
16816 2708 NA
16817 2703 NA
16818 2703 NA
16820 2674 NA
16821 2691 NA
16823 2746 NA
16824 2650 NA
16825 2527 NA
16826 2412 NA
16827 2305 NA
16828 2206 NA
16829 2114 NA
16830 2022 NA
16831 1934 NA
16832 1840 NA
16833 1840 NA
16834 1693 NA
16835 1624 NA
16836 1566 NA
16837 1487 NA
16838 1458 NA
16839 1423 NA
16840 1386 NA
16841 1335 NA
16842 1335 NA
16843 1285 NA
16844 1235 NA
16845 1264 NA
16847 1300 NA
16849 1317 NA
16850 1317 NA
16851 1281 NA
16852 1281 NA
16853 1238 NA
16854 1238 NA
16855 1199 NA
16856 1199 NA
16857 1207 NA
16858 1207 NA
16859 1207 NA
16860 1208 NA
16861 1239 NA
16862 1239 NA
16863 1289 NA
16864 1289 NA
16865 1315 NA
16866 1315 NA
16867 1252 NA
16869 1193 NA
16870 1193 NA
16871 1150 NA
16872 1128 NA
16873 1115 NA
16874 1115 NA
16875 1083 NA
16876 1083 NA
16878 1124 NA
16879 1166 NA
16880 1166 NA
16881 1160 NA
16884 1181 NA
16885 1178 NA
16886 1178 NA
16887 1216 NA
16888 1216 NA
16889 1229 NA
16890 1229 NA
16892 1269 NA
16893 1281 NA
16894 1281 NA
16895 1312 NA
16896 1312 NA
16897 1341 NA
16898 1341 NA
16899 1343 NA
16900 1343 NA
16901 1320 NA
16902 1320 NA
16903 1308 NA
16904 1308 NA
16905 1314 NA
16906 1314 NA
16907 1322 NA
16908 1322 NA
16909 1291 NA
16910 1291 NA
16911 1294 NA
16912 1294 NA
16913 1306 NA
16914 1306 NA
16915 1291 NA
16916 1291 NA
16917 1294 NA
16918 1269 NA
16919 1269 NA
16920 1240 NA
16921 1240 NA
16922 1225 NA
16923 1187 NA
16924 1187 NA
16925 1182 NA
16926 1182 NA
16927 1213 NA
16928 1213 NA
16929 1206 NA
16930 1151 NA
16931 1151 NA
16932 1109 NA
16933 1109 NA
16934 1054 NA
16935 1073 NA
16937 1027 NA
16938 1027 NA
16939 1012 NA
16940 1012 NA
16941 993 NA
16942 993 NA
16943 1034 NA
16944 1034 NA
16945 1029 NA
16946 995 NA
16949 975 NA
16950 1004 NA
16951 1004 NA
16952 1002 NA
16953 1002 NA
16954 982 NA
16955 982 NA
16956 982 NA
16957 982 NA
16958 969 NA
16959 969 NA
16960 939 NA
16967 957 NA
16968 957 NA
16969 982 NA
16970 982 NA
16971 1002 NA
16972 1002 NA
16974 1022 NA
16975 1045 NA
16976 1044 NA
16977 1044 NA
16978 1025 NA
16979 1025 NA
16980 1034 NA
16981 1043 NA
16982 1043 NA
16984 1065 NA
16985 1087 NA
16986 1112 NA
16987 1112 NA
16988 1105 NA
16989 1103 NA
16990 1103 NA
16991 1072 NA
16992 1072 NA
16993 1066 NA
16994 1066 NA
16999 1033 NA
17001 1038 NA
17006 1068 NA
17007 1068 NA
17014 1096 NA
17015 1048 NA
17016 1023 NA
17017 1023 NA
17018 1032 NA
17019 1032 NA
17020 1036 NA
17021 1036 NA
17022 1020 NA
17023 1020 NA
17024 1009 NA
17025 1009 NA
17026 1013 NA
17027 1013 NA
17028 1035 NA
17029 1035 NA
17031 1037 NA
17032 1037 NA
17033 1037 NA
17034 1006 NA
17035 1006 NA
17036 990 NA
17037 981 NA
17038 981 NA
17039 961 NA
17040 961 NA
17042 960 NA
17044 960 NA
17045 985 NA
17046 985 NA
17047 971 NA
17048 971 NA
17049 947 NA
17050 947 NA
17051 923 NA
17052 923 NA
17053 939 NA
17054 939 NA
17055 961 NA
17056 961 NA
17057 1007 NA
17058 1007 NA
17059 1038 NA
17060 1038 NA
17061 1038 NA
17062 1050 NA
17063 1050 NA
17064 1024 NA
17069 1049 NA
17070 1049 NA
17071 1094 NA
17072 1094 NA
17073 1112 NA
17075 1132 NA
17076 1115 NA
17077 1115 NA
17078 1091 NA
17079 1077 NA
17080 1063 NA
17081 1066 NA
17083 1010 NA
17084 1010 NA
17085 984 NA
17086 984 NA
17087 1010 NA
17088 1010 NA
17089 1044 NA
17091 1041 NA
17092 1041 NA
17093 1077 NA
17094 1077 NA
17095 1077 NA
17096 1079 NA
17097 1079 NA
17098 1094 NA
17099 1094 NA
17100 1114 NA
17101 1114 NA
17102 1114 NA
17103 1105 NA
17104 1105 NA
17105 1108 NA
17106 1144 NA
17107 1144 NA
17108 1180 NA
17109 1180 NA
17110 1206 NA
17111 1241 NA
17112 1241 NA
17113 1241 NA
17114 1253 NA
17115 1253 NA
17117 1289 NA
17118 1289 NA
17123 1259 NA
17124 1231 NA
17125 1231 NA
17126 1192 NA
17127 1192 NA
17129 1137 NA
17130 1141 NA
17131 1141 NA
17132 1133 NA
17133 1133 NA
17134 1133 NA
17135 1135 NA
17136 1173 NA
17138 1230 NA
17139 1230 NA
17140 1275 NA
17141 1275 NA
17142 1316 NA
17143 1316 NA
17144 1286 NA
17145 1286 NA
17146 1257 NA
17147 1257 NA
17148 1196 NA
17149 1144 NA
