"Index" "Price" "Volume"
14508 1539 9
14509 1616 9
14510 1643 9
14511 1587 9
14512 1487 9
14513 1487 9
14514 1413 9
14515 1428 9
14516 1428 9
14517 1500 9
14518 1500 9
14519 1560 9
14520 1560 9
14521 1535 9
14522 1492 9
14523 1492 9
14524 1494 9
14525 1494 9
14526 1554 9
14527 1554 9
14528 1575 9
14529 1575 9
14530 1599 9
14531 1599 9
14532 1599 9
14533 1617 9
14534 1617 9
14535 1568 9
14536 1568 9
14537 1520 9
14538 1520 9
14539 1520 9
14540 1520 9
14541 1514 9
14542 1557 9
14543 1557 9
14544 1557 9
14545 1540 9
14546 1540 9
14547 1540 9
14548 1540 9
14549 1540 9
14550 1553 9
14551 1553 9
14552 1553 9
14553 1577 9
14554 1577 9
14555 1577 9
14556 1577 9
14557 1575 9
14558 1575 9
14559 1575 9
14560 1575 9
14561 1600 9
14562 1600 9
14563 1600 9
14564 1574 9
14565 1574 9
14566 1574 9
14567 1574 9
14568 1582 9
14569 1582 9
14570 1545 9
14571 1545 9
14572 1545 9
14573 1545 9
14574 1564 9
14575 1564 9
14576 1564 9
14577 1570 9
14578 1570 9
14579 1570 9
14580 1612 9
14581 1612 9
14582 1612 9
14583 1612 9
14584 1575 9
14585 1575 9
14586 1575 9
14587 1543 9
14588 1543 9
14589 1543 9
14590 1543 9
14591 1519 9
14592 1519 9
14593 1519 9
14594 1519 9
14595 1510 9
14596 1510 9
14597 1510 9
14598 1510 9
14599 1510 9
14600 1510 9
14601 1460 9
14602 1460 9
14603 1460 9
14604 1494 9
14605 1494 9
14606 1494 9
14607 1554 9
14608 1554 9
14609 1597 9
14610 1597 9
14611 1633 9
14612 1633 9
14613 1611 9
14614 1611 9
14615 1611 9
14616 1594 9
14617 1594 9
14618 1557 9
14619 1557 9
14620 1557 9
14621 1526 9
14622 1526 9
14623 1565 9
14624 1565 9
14625 1543 9
14626 1543 9
14627 1543 9
14628 1501 9
14629 1501 9
14630 1501 9
14631 1488 9
14632 1488 9
14633 1500 9
14634 1500 9
14635 1481 9
14636 1481 9
14637 1454 9
14638 1454 9
14639 1472 9
14640 1472 9
14641 1472 9
14642 1472 9
14643 1478 9
14644 1478 9
14645 1478 9
14646 1485 9
14647 1506 9
14648 1506 9
14649 1506 9
14650 1489 9
14651 1489 9
14653 1446 9
14654 1420 9
14655 1420 9
14656 1420 9
14657 1405 9
14658 1416 9
14659 1416 9
14660 1416 9
14661 1422 9
14662 1419 9
14663 1419 9
14664 1419 9
14665 1400 9
14666 1400 9
14667 1351 9
14668 1351 9
14669 1300 9
14670 1300 9
14671 1300 9
14672 1244 9
14673 1244 9
14674 1211 9
14675 1211 9
14676 1205 9
14677 1205 9
14678 1205 9
14679 1230 9
14680 1230 9
14681 1262 9
14682 1289 9
14683 1289 9
14684 1289 9
14685 1332 9
14686 1332 9
14687 1351 9
14688 1351 9
14689 1347 9
14690 1347 9
14691 1338 9
14692 1338 9
14693 1301 9
14694 1301 9
14695 1301 9
14696 1321 9
14697 1321 9
14698 1358 9
14699 1358 9
14700 1364 9
14701 1364 9
14702 1372 9
14703 1372 9
14704 1410 9
14705 1465 9
14706 1465 9
14707 1465 9
14708 1537 9
14709 1537 9
14710 1554 9
14711 1554 9
14712 1518 9
14713 1518 9
14714 1518 9
14715 1458 9
14716 1458 9
14717 1486 9
14718 1486 9
14719 1486 9
14720 1557 9
14721 1557 9
14722 1620 9
14723 1620 9
14724 1642 9
14725 1642 9
14726 1686 9
14727 1686 9
14728 1686 9
14729 1643 9
14730 1643 9
14731 1599 9
14732 1576 9
14733 1576 9
14734 1554 9
14735 1554 9
14736 1525 9
14737 1525 9
14738 1457 9
14739 1457 9
14740 1397 9
14741 1397 9
14742 1344 9
14743 1344 9
14744 1297 9
14745 1297 9
14746 1263 9
14747 1263 9
14748 1268 9
14749 1268 9
14750 1304 9
14751 1304 9
14752 1340 9
14753 1340 9
14754 1376 9
14755 1376 9
14756 1376 9
14757 1325 9
14758 1332 9
14759 1332 9
14760 1353 9
14761 1353 9
14762 1402 9
14763 1402 9
14764 1360 9
14765 1360 9
14766 1298 9
14767 1298 9
14768 1238 9
14769 1238 9
14770 1201 9
14771 1183 9
14772 1183 9
14773 1211 9
14774 1211 9
14775 1216 9
14776 1216 9
14777 1216 9
14778 1168 9
14779 1168 9
14780 1170 9
14781 1174 9
14782 1174 9
14783 1174 9
14784 1138 9
14785 1138 9
14786 1115 9
14787 1115 9
14788 1094 9
14789 1135 9
14790 1135 9
14791 1135 9
14792 1171 9
14793 1171 9
14794 1147 9
14795 1147 9
14796 1147 9
14797 1142 9
14798 1168 9
14799 1203 9
14800 1203 9
14801 1185 9
14802 1185 9
14803 1129 9
14804 1129 9
14805 1074 9
14806 1074 9
14807 1023 9
14808 1023 9
14809 978 9
14810 933 9
14811 933 9
14812 888 9
14813 886 9
14814 886 9
14815 858 9
14816 858 9
14817 837 9
14818 837 9
14819 850 9
14820 850 9
14821 890 9
14822 890 9
14823 920 9
14824 920 9
14825 902 9
14826 904 9
14827 904 9
14828 876 9
14829 876 9
14830 876 9
14831 844 9
14832 815 9
14833 815 9
14834 815 9
14835 806 9
14836 806 9
14837 805 9
14838 838 9
14839 838 9
14840 852 9
14841 852 9
14842 852 9
14843 854 9
14844 854 9
14845 856 9
14846 856 9
14847 832 9
14848 832 9
14849 832 9
14850 806 9
14851 806 9
14852 802 9
14853 802 9
14854 802 9
14855 772 9
14856 772 9
14857 773 9
14858 773 9
14859 812 9
14860 812 9
14861 852 9
14862 852 9
14863 847 9
14864 847 9
14865 818 9
14866 818 9
14867 818 9
14868 786 9
14869 786 9
14870 758 9
14871 758 9
14872 750 9
14873 750 9
14874 787 9
14875 787 9
14876 787 9
14877 817 9
14878 817 9
14879 806 9
14880 806 9
14881 806 9
14882 776 9
14883 776 9
14884 776 9
14885 761 9
14886 761 9
14887 761 9
14888 761 9
14889 761 9
14890 771 9
14891 771 9
14892 771 9
14893 798 9
14894 798 9
14895 827 9
14896 862 9
14897 862 9
14898 862 9
14899 904 9
14900 904 9
14901 945 9
14902 945 9
14903 964 9
14904 964 9
14905 993 9
14906 1038 9
14907 1038 9
14908 1038 9
14909 1078 9
14910 1078 9
14911 1047 9
14912 1047 9
14913 1031 9
14914 1031 9
14915 1031 9
14916 1023 9
14917 1023 9
14918 1023 9
14920 991 9
14921 955 9
14922 955 9
14923 955 9
14924 920 9
14925 920 9
14926 920 9
14927 888 9
14928 888 9
14929 888 9
14930 856 9
14931 856 9
14932 856 9
14933 835 9
14934 830 9
14935 830 9
14936 830 9
14937 839 9
14938 839 9
14939 839 9
14940 841 9
14941 871 9
14942 871 9
14943 871 9
14944 898 9
14945 898 9
14946 898 9
14947 914 9
14948 914 9
14949 952 9
14950 952 9
14951 993 9
14952 993 9
14953 993 9
14954 1017 9
14955 1017 9
14956 980 9
14957 980 9
14958 952 9
14959 952 9
14960 955 9
14961 955 9
14962 988 9
14963 988 9
14964 1016 9
14965 1050 9
14966 1100 9
14967 1100 9
14968 1100 9
14969 1147 9
14970 1147 9
14971 1195 9
14972 1195 9
14973 1207 9
14974 1158 9
14975 1207 9
14976 1158 9
14977 1118 9
14978 1078 9
14979 1043 9
14981 991 9
14983 1003 9
14984 1003 9
14985 1006 9
14986 964 9
14987 964 9
14988 915 9
14990 914 9
14991 944 9
14992 944 9
14995 984 9
14996 1022 9
14998 999 9
15000 1002 9
15001 1003 9
15003 955 9
15005 920 9
15007 877 9
15008 836 9
15009 796 9
15011 766 9
15012 727 9
15013 702 9
15014 702 9
15016 670 9
15017 651 9
15019 633 9
15020 635 9
15021 635 9
15023 606 9
15025 578 9
15026 549 9
15028 546 9
15029 556 9
15031 561 9
15032 562 9
15033 542 9
15036 523 9
15037 523 9
15038 504 9
15039 495 9
15042 501 9
15044 516 9
15046 528 9
15047 533 9
15048 533 9
15050 545 9
15052 550 9
15054 569 9
15055 569 9
15058 593 9
15060 610 9
15061 625 9
15063 625 9
15064 610 9
15066 606 9
15067 606 9
15068 598 9
15070 597 9
15072 605 9
15073 605 9
15076 607 9
15078 592 9
15080 592 9
15081 571 9
15084 558 9
15085 549 9
15087 550 9
15089 555 9
15090 555 9
15091 549 9
15094 549 9
15095 544 9
15096 543 9
15098 543 9
15100 546 9
15101 546 9
15103 543 9
15104 543 9
15106 542 9
15109 545 9
15110 545 9
15112 528 9
15115 519 9
15116 519 9
15118 500 9
15120 500 9
15121 486 9
15124 478 9
15125 478 9
15127 467 9
15128 467 9
15130 469 9
15132 469 9
15133 465 9
15136 469 9
15140 467 9
15142 477 9
15143 477 9
15144 487 9
15145 487 9
15147 491 9
15150 491 9
15154 489 9
15156 486 9
15157 473 9
15159 473 9
15161 461 9
15162 444 9
15164 444 9
15165 425 9
15168 441 9
15170 459 9
15172 459 9
15173 478 9
15175 500 9
15177 521 9
15178 521 9
15179 544 9
15182 562 9
15185 577 9
15186 577 9
15187 585 9
15189 585 9
15191 610 9
15192 619 9
15194 637 9
15196 637 9
15197 638 9
15199 656 9
15202 645 9
15204 619 9
15207 606 9
15210 597 9
15212 608 9
15215 615 9
15219 629 9
15220 652 9
15221 652 9
15224 646 9
15226 633 9
15227 633 9
15228 627 9
15230 618 9
15232 618 9
15233 600 9
15235 577 9
15240 574 9
15242 565 9
15243 565 9
15244 544 9
15248 536 9
15249 536 9
15250 524 9
15254 509 9
15258 514 9
15263 526 9
15264 547 9
15268 565 9
15271 591 9
15273 615 9
15275 615 9
15277 636 9
15280 659 9
15281 659 9
15282 681 9
15283 681 9
15284 707 9
15287 736 9
15291 767 9
15296 796 9
15297 796 9
15299 829 9
15302 863 9
15303 863 9
15304 900 9
15307 934 9
15308 934 9
15310 975 9
15312 975 9
15313 1014 9
15314 1014 9
15315 1060 9
15317 1060 9
15318 1105 9
15319 1105 9
15320 1161 9
15322 1161 9
15323 1214 9
15324 1214 9
15325 1264 9
15326 1264 9
15327 1320 9
15328 1320 9
15329 1379 9
15331 1379 9
15332 1448 9
15333 1448 9
15334 1511 9
15335 1511 9
15336 1570 9
15337 1570 9
15338 1641 9
15339 1641 9
15340 1707 9
15341 1707 9
15342 1733 9
15343 1733 9
15344 1733 9
15345 1690 9
15346 1690 9
15347 1690 9
15348 1631 9
15349 1631 9
15350 1569 9
15351 1569 9
15352 1569 9
15353 1533 9
15354 1533 9
15355 1548 9
15356 1548 9
15357 1510 9
15358 1510 9
15359 1510 9
15360 1549 9
15361 1549 9
15362 1612 9
15363 1612 9
15364 1677 9
15365 1677 9
15366 1760 9
15367 1760 9
15368 1819 9
15369 1819 9
15370 1819 9
15371 1808 9
15372 1808 9
15373 1739 9
15374 1739 9
15375 1665 9
15376 1665 9
15377 1665 9
15378 1670 9
15379 1670 9
15380 1670 9
15381 1631 9
15382 1631 9
15383 1588 9
15384 1588 9
15385 1588 9
15386 1579 9
15387 1579 9
15388 1565 9
15389 1565 9
15390 1565 9
15391 1591 9
15392 1591 9
15393 1612 9
15394 1612 9
15395 1574 9
15396 1574 9
15397 1526 9
15398 1526 9
15399 1466 9
15400 1466 9
15401 1392 9
15402 1392 9
15403 1332 9
15404 1278 9
15405 1278 9
15406 1229 9
15407 1229 9
15408 1178 9
15409 1130 9
15410 1130 9
15411 1080 9
15412 1080 9
15413 1031 9
15414 986 9
15415 986 9
15416 952 9
15417 959 9
15418 959 9
15419 951 9
15420 951 9
15421 911 9
15422 897 9
15423 883 9
15424 869 9
15425 855 9
15426 841 9
15427 807 9
15428 807 9
15429 773 9
15430 773 9
15431 745 9
15432 745 9
15433 723 9
15434 723 9
15435 708 9
15436 708 9
15437 708 9
15438 720 9
15439 720 9
15440 720 9
15441 731 9
15442 731 9
15443 731 9
15444 726 9
15445 726 9
15446 693 9
15447 693 9
15448 704 9
15449 704 9
15450 704 9
15451 707 9
15452 707 9
15453 707 9
15454 712 9
15455 712 9
15456 712 9
15457 719 9
15458 719 9
15459 719 9
15460 706 9
15461 706 9
15462 706 9
15463 706 9
15464 691 9
15465 691 9
15466 691 9
15467 702 9
15468 702 9
15469 702 9
15470 699 9
15471 699 9
15472 699 9
15473 699 9
15474 698 9
15475 698 9
15476 698 9
15477 698 9
15478 682 9
15479 682 9
15480 682 9
15481 698 9
15482 698 9
15483 698 9
15484 698 9
15485 689 9
15486 689 9
15487 689 9
15488 684 9
15489 684 9
15490 684 9
15491 660 9
15492 660 9
15493 660 9
15494 630 9
15495 630 9
15496 606 9
15497 606 9
15498 606 9
15499 594 9
15500 594 9
15501 594 9
15502 612 9
15503 612 9
15504 612 9
15505 594 9
15506 594 9
15507 575 9
15508 575 9
15509 575 9
15510 581 9
15511 581 9
15512 581 9
15513 580 9
15514 580 9
15515 587 9
15516 587 9
15517 587 9
15518 599 9
15519 599 9
15520 599 9
15521 600 9
15522 600 9
15523 600 9
15524 596 9
15525 596 9
15526 596 9
15527 595 9
15528 595 9
15529 595 9
15530 612 9
15531 612 9
15532 618 9
15533 618 9
15534 618 9
15535 612 9
15536 612 9
15537 612 9
15538 593 9
15539 593 9
15540 593 9
15541 578 9
15542 578 9
15543 578 9
15544 567 9
15545 567 9
15546 567 9
15547 548 9
15548 548 9
15549 548 9
15550 527 9
15551 527 9
15552 527 9
15553 516 9
15554 516 9
15555 516 9
15556 520 9
15557 520 9
15558 520 9
15559 524 9
15560 524 9
15561 524 9
15562 524 9
15563 550 9
15564 550 9
15565 550 9
15566 550 9
15567 556 9
15568 556 9
15569 556 9
15570 572 9
15571 572 9
15572 572 9
15573 572 9
15574 584 9
15575 584 9
15576 584 9
15577 575 9
15578 575 9
15579 589 9
15580 589 9
15581 589 9
15582 594 9
15583 594 9
15584 594 9
15585 615 9
15586 615 9
15587 615 9
15588 640 9
15589 640 9
15590 640 9
15591 640 9
15592 640 9
15593 640 9
15594 640 9
15595 666 9
15596 666 9
15597 666 9
15598 700 9
15599 700 9
15600 700 9
15601 718 9
15602 718 9
15603 753 9
15604 791 9
15605 831 9
15606 873 9
15607 913 9
15608 959 9
15609 1007 9
15610 1055 9
15611 1108 9
15612 1164 9
15613 1223 9
15614 1285 9
15615 1350 9
15616 1395 9
15617 1442 9
15618 1464 9
15619 1395 9
15620 1328 9
15621 1270 9
15622 1257 9
15623 1278 9
15624 1329 9
15625 1396 9
15626 1460 9
15627 1522 9
15628 1598 9
15629 1676 9
15630 1760 9
15631 1700 9
15632 1615 9
15633 1534 9
15634 1457 9
15635 1384 9
15636 1314 9
15637 1248 9
15638 1201 9
15639 1140 9
15640 1083 9
15641 1041 9
15642 1000 9
15643 951 9
15644 930 9
15645 917 9
15646 917 9
15647 921 9
15648 936 9
15649 960 9
15650 995 9
15651 1029 9
15652 1064 9
15653 1099 9
15654 1133 9
15655 1168 9
15656 1202 9
15657 1237 9
15658 1255 9
15659 1257 9
15660 1215 9
15661 1163 9
15662 1118 9
15663 1069 9
15664 1015 9
15665 1015 9
15666 964 9
15667 964 9
15668 915 9
15669 890 9
15670 862 9
15671 864 9
15672 864 9
15673 885 9
15674 885 9
15675 913 9
15676 943 9
15677 897 9
15678 852 9
15679 809 9
15680 768 9
15681 729 9
15682 699 9
15683 664 9
15684 643 9
15685 621 9
15686 606 9
15687 616 9
15688 625 9
15689 653 9
15690 653 9
15691 680 9
15692 680 9
15693 693 9
15694 693 9
15695 701 9
15696 701 9
15697 694 9
15698 674 9
15699 687 9
15700 687 9
15701 690 9
15702 690 9
15703 684 9
15704 684 9
15705 685 9
15706 685 9
15707 692 9
15708 667 9
15709 667 9
15710 678 9
15711 678 9
15712 702 9
15713 702 9
15714 730 9
15715 730 9
15716 767 9
15717 803 9
15718 838 9
15719 876 9
15720 876 9
15721 914 9
15722 914 9
15723 936 9
15724 936 9
15725 941 9
15726 941 9
15727 953 9
15728 953 9
15729 955 9
15730 955 9
15731 978 9
15732 981 9
15733 981 9
15734 947 9
15735 947 9
15736 901 9
15737 869 9
15738 828 9
15739 828 9
15740 815 9
15741 815 9
15742 854 9
15743 854 9
15744 897 9
15745 939 9
15746 939 9
15747 986 9
15748 986 9
15749 1035 9
15750 1073 9
15751 1073 9
15752 1104 9
15753 1104 9
15754 1154 9
15755 1154 9
15756 1202 9
15757 1202 9
15758 1211 9
15759 1211 9
15760 1218 9
15761 1206 9
15762 1206 9
15763 1169 9
15764 1169 9
15765 1138 9
15766 1102 9
15767 1102 9
15768 1073 9
15769 1040 9
15770 1040 9
15771 1008 9
15772 1008 9
15773 973 9
15774 973 9
15775 939 9
15776 939 9
15777 947 9
15778 947 9
15779 938 9
15780 938 9
15781 932 9
15782 932 9
15783 935 9
15784 935 9
15785 965 9
15786 965 9
15787 1012 9
15788 1012 9
15789 1062 9
15790 1062 9
15791 1111 9
15792 1111 9
15793 1167 9
15794 1167 9
15795 1226 9
15796 1226 9
15797 1288 9
15798 1303 9
15799 1319 9
15800 1334 9
15801 1349 9
15802 1364 9
15803 1380 9
15804 1395 9
15805 1395 9
15806 1430 9
15807 1430 9
15808 1427 9
15809 1427 9
15810 1381 9
15811 1381 9
15812 1319 9
15813 1319 9
15814 1259 9
15815 1223 9
15816 1223 9
15817 1203 9
15818 1203 9
15819 1231 9
15820 1231 9
15821 1289 9
15822 1289 9
15823 1347 9
15824 1410 9
15825 1410 9
15826 1479 9
15827 1479 9
15828 1522 9
15829 1522 9
15830 1573 9
15831 1573 9
15832 1632 9
15833 1581 9
15834 1501 9
15835 1446 9
15836 1402 9
15837 1381 9
15838 1381 9
15839 1366 9
15840 1366 9
15841 1381 9
15842 1381 9
15843 1400 9
15844 1460 9
15845 1460 9
15846 1491 9
15847 1491 9
15848 1458 9
15849 1458 9
15850 1525 9
15851 1568 9
15852 1568 9
15853 1585 9
15854 1585 9
15855 1585 9
15856 1613 9
15857 1613 9
15858 1677 9
15859 1677 9
15860 1729 9
15861 1729 9
15862 1699 9
15863 1699 9
15864 1676 9
15865 1676 9
15866 1650 9
15867 1650 9
15868 1639 9
15869 1639 9
15870 1631 9
15871 1631 9
15872 1680 9
15873 1680 9
15874 1695 9
15875 1695 9
15876 1683 9
15877 1683 9
15878 1703 9
15879 1703 9
15880 1705 9
15881 1705 9
15882 1727 9
15883 1727 9
15884 1721 9
15885 1721 9
15886 1686 9
15887 1686 9
15888 1688 9
15889 1688 9
15890 1688 9
15891 1740 9
15892 1740 9
15893 1813 9
15894 1813 9
15895 1887 9
15896 1887 9
15897 1912 9
15898 1912 9
15899 1912 9
15900 1850 9
15901 1850 9
15902 1798 9
15903 1769 9
15904 1739 9
15905 1710 9
15906 1681 9
15907 1651 9
15908 1622 9
15909 1622 9
15910 1622 9
15911 1555 9
15912 1555 9
15913 1495 9
15914 1495 9
15915 1434 9
15916 1434 9
15917 1376 9
15918 1376 9
15919 1402 9
15920 1402 9
15921 1441 9
15922 1441 9
15923 1478 9
15924 1478 9
15925 1549 9
15926 1549 9
15927 1626 9
15928 1626 9
15929 1706 9
15930 1706 9
15931 1768 9
15932 1768 9
15933 1834 9
15934 1834 9
15935 1899 9
15936 1899 9
15937 1991 9
15938 1991 9
15939 1991 9
15940 2003 9
15941 2003 9
15942 2056 9
15943 2056 9
15944 2132 9
15945 2132 9
15946 2221 9
15947 2221 9
15948 2221 9
15949 2186 9
15950 2186 9
15951 2265 9
15952 2265 9
15953 2342 9
15954 2342 9
15955 2438 9
15956 2540 9
15957 2540 9
15958 2648 9
15959 2648 9
15960 2667 9
15961 2667 9
15962 2599 9
15963 2652 9
15964 2610 9
15965 2610 9
15966 2588 9
15967 2588 9
15968 2620 9
15969 2695 9
15970 2695 9
15971 2750 9
15972 2750 9
15973 2709 9
15974 2709 9
15975 2588 9
15976 2489 9
15977 2379 9
15978 2279 9
15979 2181 9
15980 2181 9
15981 2088 9
15982 2000 9
15983 1921 9
15984 1921 9
15985 1838 9
15986 1840 9
15987 1842 9
15988 1844 9
15989 1846 9
15990 1848 9
15991 1850 9
15992 1852 9
15993 1854 9
15994 1854 9
15995 1875 9
15996 1875 9
15997 1885 9
15998 1885 9
15999 1927 9
16000 1927 9
16001 1956 9
16002 1956 9
16003 1974 9
16004 1974 9
16005 1951 9
16006 1898 9
16007 1898 9
16008 1824 9
16009 1824 9
16010 1824 9
16011 1764 9
16012 1764 9
16013 1730 9
16014 1730 9
16015 1731 9
16016 1731 9
16017 1745 9
16018 1745 9
16019 1753 9
16020 1753 9
16021 1790 9
16022 1790 9
16023 1874 9
16024 1874 9
16025 1966 9
16026 1966 9
16027 2037 9
16028 2037 9
16029 2066 9
16030 2066 9
16031 2040 9
16032 2040 9
16033 2015 9
16034 2015 9
16035 1998 9
16036 1980 9
16037 1963 9
16038 1945 9
16039 1928 9
16040 1910 9
16041 1893 9
16042 1893 9
16043 1907 9
16044 1907 9
16045 1992 9
16046 1992 9
16047 2073 9
16048 2144 9
16049 2144 9
16050 2154 9
16051 2154 9
16052 2160 9
16053 2160 9
16054 2234 9
16055 2234 9
16056 2276 9
16057 2276 9
16058 2292 9
16059 2292 9
16060 2380 9
16061 2380 9
16062 2427 9
16063 2506 9
16064 2506 9
16065 2632 9
16066 2632 9
16067 2764 9
16068 2877 9
16069 2877 9
16070 2831 9
16071 2745 9
16072 2701 9
16073 2701 9
16074 2574 9
16075 2574 9
16076 2466 9
16077 2466 9
16078 2360 9
16079 2360 9
16080 2260 9
16081 2219 9
16082 2232 9
16083 2232 9
16084 2311 9
16085 2311 9
16086 2323 9
16087 2381 9
16088 2381 9
16089 2371 9
16090 2371 9
16091 2382 9
16092 2382 9
16093 2304 9
16094 2304 9
16095 2287 9
16096 2228 9
16097 2228 9
16098 2222 9
16099 2222 9
16100 2121 9
16101 2121 9
16102 2076 9
16103 2127 9
16104 2177 9
16105 2177 9
16106 2104 9
16107 2104 9
16108 2083 9
16109 2033 9
16110 2033 9
16111 1986 9
16112 1986 9
16113 1979 9
16114 2003 9
16115 2019 9
16116 1975 9
16117 1975 9
16118 2012 9
16119 2012 9
16120 2021 9
16121 2021 9
16122 2035 9
16123 2033 9
16124 2023 9
16125 2016 9
16126 2016 9
16127 1987 9
16128 1961 9
16129 1961 9
16130 2005 9
16131 2005 9
16132 2057 9
16133 2057 9
16134 2054 9
16135 2054 9
16136 2067 9
16137 2067 9
16138 2114 9
16139 2084 9
16140 2084 9
16141 2029 9
16142 2029 9
16143 1982 9
16144 1997 9
16145 1997 9
16146 1975 9
16147 1975 9
16148 1966 9
16149 1966 9
16150 1996 9
16151 1996 9
16152 1954 9
16153 1929 9
16154 1906 9
16155 1952 9
16156 1952 9
16157 1926 9
16158 1866 9
16159 1867 9
16160 1822 9
16161 1804 9
16162 1757 9
16163 1757 9
16164 1782 9
16165 1861 9
16166 1949 9
16167 2023 9
16168 2023 9
16169 2067 9
16170 2108 9
16171 2108 9
16172 2061 9
16173 2004 9
16174 1949 9
16175 1912 9
16176 1886 9
16177 1888 9
16178 1881 9
16179 1881 9
16180 1944 9
16181 1944 9
16182 1932 9
16183 1934 9
16184 1928 9
16185 1928 9
16186 1920 9
16187 1945 9
16188 1979 9
16189 1988 9
16190 1983 9
16191 1987 9
16192 1995 9
16193 1994 9
16194 2016 9
16195 1989 9
16196 2017 9
16197 1978 9
16198 1981 9
16199 1981 9
16200 1982 9
16201 2050 9
16202 2033 9
16203 2016 9
16204 1968 9
16205 1968 9
16206 1921 9
16207 1921 9
16208 1887 9
16209 1865 9
16210 1860 9
16211 1904 9
16212 1904 9
16213 1926 9
16214 1940 9
16215 1926 9
16216 1926 9
16217 1933 9
16218 1933 9
16219 1960 9
16220 1960 9
16221 1955 9
16222 1960 9
16223 1968 9
16224 1972 9
16225 1972 9
16226 1958 9
16227 1963 9
16228 1991 9
16229 1939 9
16230 1948 9
16231 1948 9
16232 1917 9
16233 1917 9
16234 1876 9
16235 1905 9
16236 1939 9
16237 1939 9
16238 1980 9
16239 1967 9
16240 1967 9
16241 1950 9
16242 1950 9
16243 1897 9
16244 1819 9
16245 1819 9
16246 1756 9
16247 1739 9
16248 1701 9
16249 1673 9
16250 1649 9
16251 1685 9
16252 1685 9
16253 1735 9
16254 1744 9
16255 1733 9
16256 1768 9
16257 1768 9
16258 1766 9
16259 1757 9
16260 1757 9
16261 1754 9
16262 1754 9
16263 1774 9
16264 1820 9
16265 1813 9
16266 1813 9
16267 1774 9
16268 1722 9
16269 1743 9
16270 1741 9
16271 1741 9
16272 1755 9
16273 1800 9
16274 1766 9
16275 1753 9
16276 1753 9
16277 1758 9
16278 1815 9
16279 1873 9
16280 1873 9
16281 1841 9
16282 1827 9
16283 1859 9
16284 1868 9
16285 1933 9
16286 1891 9
16287 1881 9
16288 1924 9
16289 1927 9
16290 1963 9
16291 2043 9
16292 2080 9
16293 2053 9
16294 2092 9
16295 2077 9
16296 1976 9
16297 1935 9
16298 1884 9
16299 1844 9
16300 1845 9
16301 1910 9
16302 1969 9
16303 2030 9
16304 2040 9
16305 2123 9
16306 2208 9
16307 2296 9
16308 2316 9
16309 2344 9
16310 2397 9
16311 2347 9
16312 2237 9
16313 2150 9
16314 2102 9
16315 2079 9
16316 2039 9
16317 2024 9
16318 1967 9
16319 1992 9
16320 2037 9
16321 2053 9
16322 2112 9
16323 2141 9
16324 2173 9
16325 2217 9
16326 2164 9
16327 2129 9
16328 2147 9
16329 2201 9
16330 2132 9
16331 2056 9
16332 2002 9
16333 2019 9
16334 1991 9
16335 2016 9
16336 1976 9
16337 1939 9
16338 1952 9
16339 2019 9
16340 2068 9
16341 2105 9
16342 2113 9
16343 2124 9
16344 2164 9
16345 2133 9
16346 2070 9
16347 2012 9
16348 1972 9
16349 1912 9
16350 1959 9
16351 1999 9
16352 2013 9
16353 1988 9
16354 2015 9
16355 2030 9
16356 2033 9
16357 1963 9
16358 1939 9
16359 1904 9
16360 1900 9
16361 1946 9
16362 1928 9
16363 1953 9
16364 1992 9
16365 2030 9
16366 2116 9
16367 2037 9
16368 2058 9
16369 2081 9
16370 2036 9
16371 2013 9
16372 1960 9
16373 1907 9
16374 1865 9
16375 1834 9
16376 1821 9
16377 1863 9
16378 1881 9
16379 1881 9
16380 1878 9
16381 1937 9
16382 1883 9
16383 1878 9
16384 1833 9
16385 1850 9
16386 1825 9
16387 1849 9
16388 1841 9
16389 1851 9
16390 1831 9
16391 1916 9
16392 1928 9
16393 1887 9
16394 1893 9
16395 1842 9
16396 1865 9
16397 1842 9
16398 1882 9
16399 1862 9
16400 1951 9
16401 1897 9
16402 1900 9
16403 1923 9
16404 1868 9
16405 1920 9
16406 1856 9
16407 1878 9
16408 1797 9
16409 1744 9
16410 1730 9
16411 1682 9
16412 1617 9
16413 1625 9
16414 1603 9
16415 1599 9
16416 1645 9
16417 1661 9
16418 1699 9
16419 1718 9
16420 1758 9
16421 1793 9
16422 1824 9
16423 1832 9
16424 1792 9
16425 1743 9
16426 1694 9
16427 1705 9
16428 1682 9
16429 1637 9
16430 1626 9
16431 1595 9
16432 1631 9
16433 1647 9
16434 1660 9
16435 1678 9
16436 1656 9
16437 1643 9
16438 1659 9
16439 1654 9
16440 1666 9
16441 1653 9
16442 1613 9
16443 1562 9
16444 1549 9
16445 1539 9
16446 1563 9
16447 1614 9
16448 1645 9
16449 1584 9
16450 1543 9
16451 1530 9
16452 1565 9
16453 1584 9
16454 1563 9
16455 1519 9
16456 1497 9
16457 1546 9
16458 1613 9
16459 1569 9
16460 1551 9
16461 1576 9
16462 1539 9
16463 1573 9
16464 1557 9
16465 1556 9
16466 1566 9
16467 1566 9
16468 1538 9
16469 1556 9
16470 1551 9
16471 1559 9
16472 1539 9
16473 1518 9
16474 1542 9
16475 1606 9
16476 1590 9
16477 1571 9
16478 1537 9
16479 1526 9
16480 1533 9
16481 1584 9
16482 1561 9
16483 1559 9
16484 1578 9
16485 1558 9
16486 1544 9
16487 1562 9
16488 1547 9
16489 1589 9
16490 1564 9
16491 1539 9
16492 1559 9
16493 1562 9
16494 1575 9
16495 1644 9
16496 1614 9
16497 1640 9
16498 1702 9
16499 1668 9
16500 1649 9
16501 1635 9
16502 1592 9
16503 1568 9
16504 1585 9
16505 1615 9
16506 1681 9
16507 1694 9
16508 1663 9
16509 1626 9
16510 1617 9
16511 1623 9
16512 1596 9
16513 1658 9
16514 1652 9
16515 1698 9
16516 1690 9
16517 1633 9
16518 1649 9
16519 1675 9
16520 1722 9
16521 1785 9
16522 1869 9
16523 1835 9
16524 1851 9
16525 1783 9
16526 1730 9
16527 1684 9
16528 1712 9
16529 1773 9
16530 1796 9
16531 1845 9
16532 1778 9
16533 1714 9
16534 1647 9
16535 1627 9
16536 1658 9
16537 1671 9
16538 1645 9
16539 1684 9
16540 1678 9
16541 1651 9
16542 1695 9
16543 1679 9
16544 1661 9
16545 1645 9
16546 1662 9
16547 1588 9
16548 1508 9
16549 1432 9
16550 1371 9
16551 1323 9
16552 1337 9
16553 1316 9
16554 1268 9
16555 1280 9
16556 1296 9
16557 1259 9
16558 1251 9
16559 1286 9
16560 1304 9
16561 1312 9
16562 1326 9
16563 1315 9
16564 1302 9
16565 1338 9
16566 1368 9
16567 1402 9
16568 1435 9
16569 1427 9
16570 1398 9
16571 1410 9
16572 1372 9
16573 1328 9
16574 1328 9
16575 1359 9
16576 1366 9
16577 1347 9
16578 1326 9
16579 1314 9
16580 1296 9
16581 1290 9
16582 1332 9
16583 1358 9
16584 1376 9
16585 1351 9
16586 1364 9
16587 1350 9
16588 1336 9
16589 1357 9
16590 1349 9
16591 1392 9
16592 1353 9
16593 1346 9
16594 1356 9
16595 1342 9
16596 1382 9
16597 1342 9
16598 1343 9
16599 1405 9
16600 1404 9
16601 1408 9
16602 1420 9
16603 1456 9
16604 1448 9
16605 1457 9
16606 1499 9
16607 1508 9
16608 1503 9
16609 1469 9
16610 1440 9
16611 1503 9
16612 1577 9
16613 1601 9
16614 1619 9
16615 1700 9
16616 1698 9
16617 1652 9
16618 1637 9
16619 1614 9
16620 1589 9
16621 1596 9
16622 1662 9
16623 1663 9
16624 1675 9
16625 1668 9
16626 1705 9
16627 1753 9
16628 1793 9
16629 1879 9
16630 1962 9
16631 1932 9
16632 1886 9
16633 1840 9
16634 1775 9
16635 1784 9
16636 1808 9
16637 1895 9
16638 1914 9
16639 1943 9
16640 2031 9
16641 2036 9
16642 2107 9
16643 2203 9
16644 2123 9
16645 2060 9
16646 2091 9
16647 2174 9
16648 2232 9
16649 2258 9
16650 2234 9
16651 2208 9
16652 2219 9
16653 2173 9
16654 2205 9
16655 2237 9
16656 2250 9
16657 2237 9
16658 2266 9
16659 2205 9
16660 2207 9
16661 2290 9
16662 2339 9
16663 2352 9
16665 2351 9
16666 2284 9
16668 2199 9
16669 2194 9
16670 2115 9
16671 2150 9
16672 2248 9
16673 2290 9
16674 2297 9
16675 2349 9
16676 2324 9
16677 2337 9
16678 2299 9
16679 2249 9
16680 2296 9
16681 2260 9
16682 2233 9
16683 2275 9
16684 2305 9
16686 2216 9
16687 2210 9
16688 2210 9
16689 2262 9
16690 2301 9
16691 2328 9
16692 2318 9
16693 2391 9
16694 2337 9
16695 2237 9
16696 2147 9
16697 2066 9
16698 1971 9
16699 1899 9
16700 1898 9
16701 1909 9
16702 1890 9
16703 1867 9
16704 1855 9
16705 1915 9
16706 1982 9
16707 1999 9
16708 2077 9
16709 2167 9
16710 2163 9
16711 2140 9
16712 2127 9
16715 1972 9
16717 1835 9
16719 1939 9
16720 1930 9
16721 1904 9
16722 1825 9
16723 1813 9
16724 1803 9
16725 1837 9
16726 1902 9
16727 1902 9
16728 1835 9
16730 1761 9
16731 1775 9
16732 1837 9
16733 1862 9
16734 1952 9
16735 1947 9
16736 2030 9
16737 2082 9
16738 2113 9
16739 2179 9
16740 2220 9
16741 2169 9
16742 2085 9
16743 2053 9
16744 2099 9
16745 2201 9
16746 2249 9
16747 2324 9
16748 2324 9
16749 2374 9
16750 2400 9
16751 2436 9
16752 2431 9
16753 2377 9
16754 2322 9
16755 2233 9
16756 2248 9
16757 2330 9
16759 2355 9
16760 2364 9
16761 2443 9
16762 2443 9
16763 2306 9
16764 2356 9
16765 2363 9
16766 2411 9
16767 2420 9
16768 2439 9
16769 2464 9
16770 2416 9
16771 2320 9
16772 2234 9
16773 2177 9
16774 2200 9
16775 2276 9
16777 2429 9
16778 2344 9
16779 2301 9
16780 2290 9
16781 2265 9
16782 2264 9
16783 2308 9
16784 2365 9
16785 2336 9
16786 2268 9
16787 2265 9
16788 2270 9
16789 2197 9
16790 2225 9
16791 2251 9
16792 2329 9
16793 2282 9
16794 2249 9
16795 2157 9
16796 2230 9
16797 2261 9
16798 2293 9
16799 2356 9
16800 2318 9
16801 2265 9
16802 2248 9
16803 2270 9
16804 2235 9
16807 2323 9
16808 2321 9
16809 2395 9
16810 2409 9
16811 2384 9
16812 2373 9
16813 2337 9
16814 2314 9
16815 2275 9
16816 2255 9
16817 2263 9
16818 2261 9
16820 2279 9
16821 2322 9
16823 2346 9
16824 2297 9
16825 2266 9
16826 2240 9
16827 2128 9
16828 2028 9
16829 2029 9
16830 2106 9
16831 2097 9
16832 2117 9
16833 2117 9
16834 2090 9
16835 2048 9
16836 2004 9
16837 2038 9
16838 2083 9
16839 2168 9
16840 2244 9
16841 2337 9
16842 2387 9
16843 2427 9
16844 2544 9
16845 2667 9
16847 2559 9
16849 2626 9
16850 2544 9
16851 2518 9
16852 2591 9
16853 2586 9
16854 2659 9
16855 2701 9
16856 2690 9
16857 2693 9
16858 2603 9
16859 2542 9
16860 2556 9
16861 2492 9
16862 2486 9
16863 2426 9
16864 2380 9
16865 2472 9
16866 2557 9
16867 2534 9
16869 2542 9
16870 2526 9
16871 2432 9
16872 2550 9
16873 2613 9
16874 2507 9
16875 2454 9
16876 2410 9
16878 2386 9
16879 2370 9
16880 2350 9
16881 2413 9
16884 2577 9
16885 2655 9
16886 2716 9
16887 2628 9
16888 2603 9
16889 2551 9
16890 2503 9
16892 2349 9
16893 2374 9
16894 2386 9
16895 2289 9
16896 2312 9
16897 2233 9
16898 2268 9
16899 2268 9
16900 2294 9
16901 2399 9
16902 2464 9
16903 2556 9
16904 2637 9
16905 2752 9
16906 2889 9
16907 2829 9
16908 2746 9
16909 2648 9
16910 2628 9
16911 2702 9
16912 2648 9
16913 2661 9
16914 2602 9
16915 2516 9
16916 2516 9
16917 2380 9
16918 2398 9
16919 2434 9
16920 2456 9
16921 2486 9
16922 2428 9
16923 2390 9
16924 2352 9
16925 2296 9
16926 2248 9
16927 2330 9
16928 2437 9
16929 2520 9
16930 2417 9
16931 2399 9
16932 2450 9
16933 2426 9
16934 2313 9
16935 2244 9
16937 2189 9
16938 2185 9
16939 2205 9
16940 2308 9
16941 2386 9
16942 2352 9
16943 2447 9
16944 2447 9
16945 2502 9
16946 2469 9
16949 2277 9
16950 2261 9
16951 2237 9
16952 2287 9
16953 2251 9
16954 2359 9
16955 2477 9
16956 2577 9
16957 2519 9
16958 2456 9
16959 2466 9
16960 2479 9
16967 2182 9
16968 2159 9
16969 2231 9
16970 2229 9
16971 2337 9
16972 2353 9
16974 2405 9
16975 2427 9
16976 2380 9
16977 2380 9
16978 2413 9
16979 2464 9
16980 2485 9
16981 2446 9
16982 2414 9
16984 2347 9
16985 2347 9
16986 2449 9
16987 2528 9
16988 2525 9
16989 2499 9
16990 2500 9
16991 2613 9
16992 2637 9
16993 2677 9
16994 2677 9
16999 2700 9
17001 2603 9
17006 2431 9
17007 2431 9
17014 2387 9
17015 2383 9
17016 2410 9
17017 2438 9
17018 2372 9
17019 2407 9
17020 2524 9
17021 2524 9
17022 2583 9
17023 2655 9
17024 2763 9
17025 2759 9
17026 2734 9
17027 2734 9
17028 2819 9
17029 2821 9
17031 2712 9
17032 2638 9
17033 2617 9
17034 2580 9
17035 2580 9
17036 2557 9
17037 2534 9
17038 2508 9
17039 2494 9
17040 2619 9
17042 2691 9
17044 2734 9
17045 2764 9
17046 2764 9
17047 2681 9
17048 2595 9
17049 2542 9
17050 2522 9
17051 2464 9
17052 2481 9
17053 2566 9
17054 2648 9
17055 2725 9
17056 2736 9
17057 2677 9
17058 2546 9
17059 2476 9
17060 2459 9
17061 2449 9
17062 2478 9
17063 2430 9
17064 2360 9
17069 2214 9
17070 2291 9
17071 2245 9
17072 2174 9
17073 2222 9
17075 2364 9
17076 2454 9
17077 2427 9
17078 2374 9
17079 2361 9
17080 2291 9
17081 2218 9
17083 2180 9
17084 2180 9
17085 2332 9
17086 2443 9
17087 2535 9
17088 2624 9
17089 2530 9
17091 2523 9
17092 2625 9
17093 2674 9
17094 2606 9
17095 2606 9
17096 2566 9
17097 2563 9
17098 2563 9
17099 2607 9
17100 2660 9
17101 2599 9
17102 2625 9
17103 2694 9
17104 2647 9
17105 2565 9
17106 2641 9
17107 2736 9
17108 2736 9
17109 2792 9
17110 2792 9
17111 2851 9
17112 2761 9
17113 2764 9
17114 2851 9
17115 2851 9
17117 2999 9
17118 2977 9
17123 2960 9
17124 2868 9
17125 2801 9
17126 2718 9
17127 2665 9
17129 2610 9
17130 2646 9
17131 2646 9
17132 2681 9
17133 2681 9
17134 2610 9
17135 2554 9
17136 2481 9
17138 2438 9
17139 2371 9
17140 2365 9
17141 2387 9
17142 2415 9
17143 2398 9
17144 2380 9
17145 2365 9
17146 2365 9
17147 2362 9
