"Index" "Price" "Volume"
14019 20 NA
14020 19 NA
14021 18 NA
14022 18 NA
14023 18 NA
14024 18 NA
14025 18 NA
14026 18 NA
14027 18 NA
14028 18 NA
14029 18 NA
14030 18 NA
14031 18 NA
14032 18 NA
14033 18 NA
14034 18 NA
14035 18 NA
14036 18 NA
14037 18 NA
14038 19 NA
14039 19 NA
14040 19 NA
14041 19 NA
14042 18 NA
14043 17 NA
14044 17 NA
14045 17 NA
14046 17 NA
14047 17 NA
14048 17 NA
14049 17 NA
14050 17 NA
14051 17 NA
14052 17 NA
14053 17 NA
14054 17 NA
14055 17 NA
14056 17 NA
14057 17 NA
14058 17 NA
14059 18 NA
14060 18 NA
14061 18 NA
14062 18 NA
14063 18 NA
14064 18 NA
14065 18 NA
14066 17 NA
14067 17 NA
14068 16 NA
14069 16 NA
14070 16 NA
14071 16 NA
14072 16 NA
14073 15 NA
14074 16 NA
14075 16 NA
14076 16 NA
14077 16 NA
14078 16 NA
14079 16 NA
14080 15 NA
14081 15 NA
14082 15 NA
14083 15 NA
14084 16 NA
14085 16 NA
14086 16 NA
14087 16 NA
14088 16 NA
14089 16 NA
14090 17 NA
14091 16 NA
14092 16 NA
14093 16 NA
14094 16 NA
14095 16 NA
14096 16 NA
14097 16 NA
14098 16 NA
14099 16 NA
14100 16 NA
14101 16 NA
14102 16 NA
14103 15 NA
14104 15 NA
14105 15 NA
14106 15 NA
14107 16 NA
14108 16 NA
14109 16 NA
14110 16 NA
14111 16 NA
14112 16 NA
14113 16 NA
14114 17 NA
14115 17 NA
14116 17 NA
14117 17 NA
14118 17 NA
14119 16 NA
14120 16 NA
14121 17 NA
14122 16 NA
14123 16 NA
14124 15 NA
14125 15 NA
14126 14 NA
14127 14 NA
14128 14 NA
14129 14 NA
14130 14 NA
14131 14 NA
14132 14 NA
14133 15 NA
14134 15 NA
14135 15 NA
14136 14 NA
14137 14 NA
14138 14 NA
14139 13 NA
14140 12 NA
14141 12 NA
14142 13 NA
14143 13 NA
14144 13 NA
14145 13 NA
14146 14 NA
14147 14 NA
14148 14 NA
14149 15 NA
14150 15 NA
14151 15 NA
14152 16 NA
14153 16 NA
14154 15 NA
14155 15 NA
14156 15 NA
14157 15 NA
14158 15 NA
14159 15 NA
14160 15 NA
14161 15 NA
14162 14 NA
14163 14 NA
14164 14 NA
14165 13 NA
14166 13 NA
14167 14 NA
14168 13 NA
14169 14 NA
14170 14 NA
14171 14 NA
14172 14 NA
14173 15 NA
14174 15 NA
14175 15 NA
14176 15 NA
14177 13 NA
14178 13 NA
14179 13 NA
14180 13 NA
14181 13 NA
14182 13 NA
14183 13 NA
14184 13 NA
14185 14 NA
14186 15 NA
14187 15 NA
14188 15 NA
14189 15 NA
14190 14 NA
14191 14 NA
14192 14 NA
14193 14 NA
14194 14 NA
14195 14 NA
14196 14 NA
14197 15 NA
14198 15 NA
14199 15 NA
14200 14 NA
14201 14 NA
14202 14 NA
14203 13 NA
14204 13 NA
14205 13 NA
14206 13 NA
14207 13 NA
14208 13 NA
14209 13 NA
14210 14 NA
14211 15 NA
14212 15 NA
14213 15 NA
14214 16 NA
14215 16 NA
14216 17 NA
14217 16 NA
14218 15 NA
14219 15 NA
14220 15 NA
14221 14 NA
14222 14 NA
14223 13 NA
14224 13 NA
14225 13 NA
14226 13 NA
14227 13 NA
14228 13 NA
14229 12 NA
14230 13 NA
14231 13 NA
14232 13 NA
14233 13 NA
14234 14 NA
14235 14 NA
14236 14 NA
14237 13 NA
14238 13 NA
14239 12 NA
14240 12 NA
14241 13 NA
14242 12 NA
14243 13 NA
14244 13 NA
14245 13 NA
14246 13 NA
14247 12 NA
14248 12 NA
14249 12 NA
14250 12 NA
14251 12 NA
14252 11 NA
14253 10 NA
14254 11 NA
14255 11 NA
14256 11 NA
14257 12 NA
14258 12 NA
14259 13 NA
14260 12 NA
14261 12 NA
14262 11 NA
14263 11 NA
14264 11 NA
14265 11 NA
14266 11 NA
14267 11 NA
14268 11 NA
14269 11 NA
14270 11 NA
14271 12 NA
14272 12 NA
14273 12 NA
14274 12 NA
14275 12 NA
14276 12 NA
14277 12 NA
14278 12 NA
14279 12 NA
14280 12 NA
14281 12 NA
14282 12 NA
14283 12 NA
14284 11 NA
14285 10 NA
14286 10 NA
14287 10 NA
14288 10 NA
14289 10 NA
14290 10 NA
14291 10 NA
14292 11 NA
14293 11 NA
14294 11 NA
14295 11 NA
14296 12 NA
14297 12 NA
14298 11 NA
14299 11 NA
14300 11 NA
14301 10 NA
14302 10 NA
14303 10 NA
14304 9 NA
14305 9 NA
14306 9 NA
14307 9 NA
14308 9 NA
14309 9 NA
14310 10 NA
14311 10 NA
14312 10 NA
14313 10 NA
14314 10 NA
14315 10 NA
14316 10 NA
14317 10 NA
14318 10 NA
14319 10 NA
14320 11 NA
14321 11 NA
14322 11 NA
14323 11 NA
14324 11 NA
14325 11 NA
14326 12 NA
14327 12 NA
14328 12 NA
14329 12 NA
14330 12 NA
14331 12 NA
14332 12 NA
14333 13 NA
14334 13 NA
14335 13 NA
14336 13 NA
14337 13 NA
14338 13 NA
14339 13 NA
14340 13 NA
14341 14 NA
14342 14 NA
14343 14 NA
14344 13 NA
14345 12 NA
14346 12 NA
14347 12 NA
14348 12 NA
14349 12 NA
14350 12 NA
14351 12 NA
14352 12 NA
14353 12 NA
14354 12 NA
14355 11 NA
14356 10 NA
14357 10 NA
14358 10 NA
14359 10 NA
14360 10 NA
14361 10 NA
14362 11 NA
14363 12 NA
14364 12 NA
14365 12 NA
14366 13 NA
14367 13 NA
14368 13 NA
14369 12 NA
14370 12 NA
14371 12 NA
14372 12 NA
14373 12 NA
14374 12 NA
14375 13 NA
14376 13 NA
14377 13 NA
14378 13 NA
14379 13 NA
14380 13 NA
14381 12 NA
14382 12 NA
14383 12 NA
14384 12 NA
14385 12 NA
14386 12 NA
14387 13 NA
14388 14 NA
14389 14 NA
14390 15 NA
14391 15 NA
14392 15 NA
14393 15 NA
14394 15 NA
14395 14 NA
14396 14 NA
14397 13 NA
14398 13 NA
14399 12 NA
14400 12 NA
14401 12 NA
14402 12 NA
14403 12 NA
14404 11 NA
14405 11 NA
14406 11 NA
14407 12 NA
14408 12 NA
14409 13 NA
14410 13 NA
14411 13 NA
14412 13 NA
14413 13 NA
14414 13 NA
14415 13 NA
14416 13 NA
14417 13 NA
14418 13 NA
14419 11 NA
14420 11 NA
14421 11 NA
14422 11 NA
14423 11 NA
14424 11 NA
14425 12 NA
14426 12 NA
14427 13 NA
14428 14 NA
14429 15 NA
14430 15 NA
14431 15 NA
14432 16 NA
14433 16 NA
14434 16 NA
14435 16 NA
14436 16 NA
14437 16 NA
14438 17 NA
14439 16 NA
14440 16 NA
14441 16 NA
14442 16 NA
14443 16 NA
14444 14 NA
14445 14 NA
14446 14 NA
14447 12 NA
14448 12 NA
14449 12 NA
14450 13 NA
14451 13 NA
14452 13 NA
14453 13 NA
14454 13 NA
14455 13 NA
14456 13 NA
14457 13 NA
14458 13 NA
14459 14 NA
14460 14 NA
14461 14 NA
14462 14 NA
14463 14 NA
14464 14 NA
14465 14 NA
14466 14 NA
14467 14 NA
14468 15 NA
14469 15 NA
14470 15 NA
14471 14 NA
14472 13 NA
14473 13 NA
14474 15 NA
14475 15 NA
14476 15 NA
14477 14 NA
14478 14 NA
14479 14 NA
14480 14 NA
14481 13 NA
14482 13 NA
14483 13 NA
14484 13 NA
14485 13 NA
14486 14 NA
14487 14 NA
14488 14 NA
14489 14 NA
14490 14 NA
14491 14 NA
14492 14 NA
14493 14 NA
14494 13 NA
14495 13 NA
14496 13 NA
14497 14 NA
14498 14 NA
14499 14 NA
14500 13 NA
14501 13 NA
14502 13 NA
14503 11 NA
14504 11 NA
14505 11 NA
14506 11 NA
14507 12 NA
14508 12 NA
14509 12 NA
14510 12 NA
14511 13 NA
14512 13 NA
14513 13 NA
14514 12 NA
14515 13 NA
14516 13 NA
14517 12 NA
14518 12 NA
14519 12 NA
14520 12 NA
14521 11 NA
14522 12 NA
14523 12 NA
14524 12 NA
14525 13 NA
14526 13 NA
14527 13 NA
14528 14 NA
14529 14 NA
14530 13 NA
14531 13 NA
14532 13 NA
14533 13 NA
14534 13 NA
14535 14 NA
14536 14 NA
14537 13 NA
14538 13 NA
14539 13 NA
14540 13 NA
14541 13 NA
14542 14 NA
14543 14 NA
14544 14 NA
14545 15 NA
14546 15 NA
14547 15 NA
14548 16 NA
14549 15 NA
14550 15 NA
14551 15 NA
14552 14 NA
14553 15 NA
14554 15 NA
14555 16 NA
14556 16 NA
14557 16 NA
14558 16 NA
14559 16 NA
14560 16 NA
14561 16 NA
14562 16 NA
14563 16 NA
14564 17 NA
14565 16 NA
14566 16 NA
14567 16 NA
14568 16 NA
14569 14 NA
14570 14 NA
14571 14 NA
14572 13 NA
14573 13 NA
14574 13 NA
14575 13 NA
14576 13 NA
14577 13 NA
14578 13 NA
14579 13 NA
14580 13 NA
14581 13 NA
14582 13 NA
14583 13 NA
14584 12 NA
14585 12 NA
14586 12 NA
14587 11 NA
14588 13 NA
14589 13 NA
14590 13 NA
14591 13 NA
14592 13 NA
14593 14 NA
14594 14 NA
14595 14 NA
14596 14 NA
14597 13 NA
14598 13 NA
14599 14 NA
14600 14 NA
14601 14 NA
14602 13 NA
14603 12 NA
14604 12 NA
14605 11 NA
14606 11 NA
14607 10 NA
14608 10 NA
14609 11 NA
14610 12 NA
14611 13 NA
14612 14 NA
14613 15 NA
14614 15 NA
14615 15 NA
14616 15 NA
14617 15 NA
14618 16 NA
14619 15 NA
14620 15 NA
14621 14 NA
14622 14 NA
14623 14 NA
14624 14 NA
14625 14 NA
14626 14 NA
14627 14 NA
14628 15 NA
14629 15 NA
14630 16 NA
14631 17 NA
14632 17 NA
14633 18 NA
14634 18 NA
14635 17 NA
14636 17 NA
14637 17 NA
14638 16 NA
14639 16 NA
14640 16 NA
14641 16 NA
14642 16 NA
14643 16 NA
14644 16 NA
14645 16 NA
14646 16 NA
14647 16 NA
14648 16 NA
14649 16 NA
14650 17 NA
14651 17 NA
14652 18 NA
14653 18 NA
14654 18 NA
14655 18 NA
14656 18 NA
14657 18 NA
14658 16 NA
14659 16 NA
14660 16 NA
14661 16 NA
14662 16 NA
14663 16 NA
14664 15 NA
14665 15 NA
14666 15 NA
14667 15 NA
14668 15 NA
14669 15 NA
14670 15 NA
14671 15 NA
14672 15 NA
14673 15 NA
14674 15 NA
14675 15 NA
14676 15 NA
14677 15 NA
14678 15 NA
14679 15 NA
14680 16 NA
14681 17 NA
14682 18 NA
14683 18 NA
14684 18 NA
14685 18 NA
14686 17 NA
14687 17 NA
14688 17 NA
14689 17 NA
14690 17 NA
14691 17 NA
14692 17 NA
14693 16 NA
14694 16 NA
14695 16 NA
14696 17 NA
14697 18 NA
14698 18 NA
14699 19 NA
14700 20 NA
14701 21 NA
14702 23 NA
14703 25 NA
14704 27 NA
14705 30 NA
14706 30 NA
14707 31 NA
14708 34 NA
14709 34 NA
14710 35 NA
14711 36 NA
14712 34 NA
14713 34 NA
14714 33 NA
14715 29 NA
14716 29 NA
14717 25 NA
14718 23 NA
14719 23 NA
14720 22 NA
14721 22 NA
14722 23 NA
14723 23 NA
14724 24 NA
14725 26 NA
14726 28 NA
14727 32 NA
14728 32 NA
14729 32 NA
14730 30 NA
14731 28 NA
14732 24 NA
14733 24 NA
14734 20 NA
14735 20 NA
14736 19 NA
14737 19 NA
14738 21 NA
14739 21 NA
14740 23 NA
14741 25 NA
14742 26 NA
14743 28 NA
14744 30 NA
14745 32 NA
14746 34 NA
14747 36 NA
14748 40 NA
14749 40 NA
14750 42 NA
14751 45 NA
14752 48 NA
14753 51 NA
14754 54 NA
14755 60 NA
14756 60 NA
14757 63 NA
14758 70 NA
14759 74 NA
14760 77 NA
14761 77 NA
14762 84 NA
14763 84 NA
14764 89 NA
14765 92 NA
14766 97 NA
14767 102 NA
14768 104 NA
14769 110 NA
14770 110 NA
14771 102 NA
14772 102 NA
14773 96 NA
14774 91 NA
14775 81 NA
14776 76 NA
14777 76 NA
14778 68 NA
14779 68 NA
14780 60 NA
14781 57 NA
14782 54 NA
14783 54 NA
14784 48 NA
14785 48 NA
14786 45 NA
14787 42 NA
14788 39 NA
14789 37 NA
14790 37 NA
14791 37 NA
14792 39 NA
14793 40 NA
14794 42 NA
14795 47 NA
14796 47 NA
14797 50 NA
14798 53 NA
14799 57 NA
14800 57 NA
14801 60 NA
14802 62 NA
14803 68 NA
14804 68 NA
14805 63 NA
14806 63 NA
14807 59 NA
14808 56 NA
14809 53 NA
14810 47 NA
14811 47 NA
14812 41 NA
14813 38 NA
14814 38 NA
14815 36 NA
14816 34 NA
14817 32 NA
14818 31 NA
14819 28 NA
14820 28 NA
14821 29 NA
14822 32 NA
14823 34 NA
14824 34 NA
14825 33 NA
14826 31 NA
14827 29 NA
14828 27 NA
14829 25 NA
14830 24 NA
14831 25 NA
14832 27 NA
14833 27 NA
14834 27 NA
14835 27 NA
14836 26 NA
14837 24 NA
14838 24 NA
14839 24 NA
14840 23 NA
14841 23 NA
14842 22 NA
14843 21 NA
14844 22 NA
14845 24 NA
14846 26 NA
14847 27 NA
14848 29 NA
14849 29 NA
14850 30 NA
14851 34 NA
14852 36 NA
14853 36 NA
14854 37 NA
14855 39 NA
14856 41 NA
14857 45 NA
14858 45 NA
14859 50 NA
14860 50 NA
14861 53 NA
14862 55 NA
14863 57 NA
14864 60 NA
14865 59 NA
14866 53 NA
14867 53 NA
14868 50 NA
14869 47 NA
14870 41 NA
14871 41 NA
14872 36 NA
14873 36 NA
14874 35 NA
14875 35 NA
14876 36 NA
14877 38 NA
14878 39 NA
14879 43 NA
14880 42 NA
14881 42 NA
14882 38 NA
14883 38 NA
14884 38 NA
14885 40 NA
14886 39 NA
14887 41 NA
14888 44 NA
14889 45 NA
14890 44 NA
14891 44 NA
14892 46 NA
14893 50 NA
14894 50 NA
14895 53 NA
14896 56 NA
14897 62 NA
14898 62 NA
14899 66 NA
14900 70 NA
14901 66 NA
14902 66 NA
14903 60 NA
14904 60 NA
14905 57 NA
14906 51 NA
14907 48 NA
14908 48 NA
14909 45 NA
14910 42 NA
14911 38 NA
14912 38 NA
14913 40 NA
14914 40 NA
14915 40 NA
14916 41 NA
14917 41 NA
14918 39 NA
14920 36 NA
14921 37 NA
14922 39 NA
14923 39 NA
14924 41 NA
14925 42 NA
14926 43 NA
14927 42 NA
14928 37 NA
14929 37 NA
14930 38 NA
14931 38 NA
14932 40 NA
14933 42 NA
14934 46 NA
14935 46 NA
14936 46 NA
14937 44 NA
14938 41 NA
14939 39 NA
14940 37 NA
14941 34 NA
14942 34 NA
14943 34 NA
14944 37 NA
14945 38 NA
14946 38 NA
14947 39 NA
14948 41 NA
14949 43 NA
14950 43 NA
14951 40 NA
14952 39 NA
14953 39 NA
14954 38 NA
14955 39 NA
14956 40 NA
14957 40 NA
14958 39 NA
14959 38 NA
14960 39 NA
14961 39 NA
14962 44 NA
14963 44 NA
14964 47 NA
14965 48 NA
14966 47 NA
14967 46 NA
14968 46 NA
14969 43 NA
14970 41 NA
14971 38 NA
14972 36 NA
14973 34 NA
14974 32 NA
14975 32 NA
14976 31 NA
14977 29 NA
14979 25 NA
14981 24 NA
14985 24 NA
14986 25 NA
14990 25 NA
14991 26 NA
14993 25 NA
14995 23 NA
14998 23 NA
15001 20 NA
15003 18 NA
15005 17 NA
15007 16 NA
15008 15 NA
15013 15 NA
15016 14 NA
15018 12 NA
15020 11 NA
15021 11 NA
15023 10 NA
15025 10 NA
15026 11 NA
15028 12 NA
15029 12 NA
15031 11 NA
15036 11 NA
15038 12 NA
15039 12 NA
15042 13 NA
15044 14 NA
15046 15 NA
15047 16 NA
15048 17 NA
15049 17 NA
15050 18 NA
15052 17 NA
15054 18 NA
15055 19 NA
15061 20 NA
15063 19 NA
15064 20 NA
15066 20 NA
15067 19 NA
15073 20 NA
15078 20 NA
15080 19 NA
15081 18 NA
15082 17 NA
15084 15 NA
15085 14 NA
15086 12 NA
15087 11 NA
15088 10 NA
15089 11 NA
15090 12 NA
15091 13 NA
15094 13 NA
15096 14 NA
15097 15 NA
15098 15 NA
15100 16 NA
15101 16 NA
15103 15 NA
15106 15 NA
15107 16 NA
15109 15 NA
15110 15 NA
15112 16 NA
15116 16 NA
15120 17 NA
15125 16 NA
15128 18 NA
15130 17 NA
15131 16 NA
15132 15 NA
15133 14 NA
15136 14 NA
15140 13 NA
15143 15 NA
15145 16 NA
15149 15 NA
15150 14 NA
15151 13 NA
15153 12 NA
15156 11 NA
15163 11 NA
15165 11 NA
15166 12 NA
15168 13 NA
15170 15 NA
15172 16 NA
15173 17 NA
15175 18 NA
15178 18 NA
15179 19 NA
15186 19 NA
15187 19 NA
15189 20 NA
15193 19 NA
15194 19 NA
15196 18 NA
15199 18 NA
15204 17 NA
15207 18 NA
15210 16 NA
15212 14 NA
15215 15 NA
15219 14 NA
15221 14 NA
15222 13 NA
15224 12 NA
15227 12 NA
15231 13 NA
15232 13 NA
15235 12 NA
15242 13 NA
15243 12 NA
15248 12 NA
15250 13 NA
15257 13 NA
15258 13 NA
15263 14 NA
15264 14 NA
15270 15 NA
15271 15 NA
15273 17 NA
15280 17 NA
15287 17 NA
15294 17 NA
15297 17 NA
15302 16 NA
15304 16 NA
15305 17 NA
15307 18 NA
15308 19 NA
15310 18 NA
15312 17 NA
15313 16 NA
15314 16 NA
15315 15 NA
15316 14 NA
15317 13 NA
15318 14 NA
15325 14 NA
15326 15 NA
15328 15 NA
15329 16 NA
15330 17 NA
15331 18 NA
15332 17 NA
15333 16 NA
15340 16 NA
15341 17 NA
15342 17 NA
15343 17 NA
15344 18 NA
15345 18 NA
15346 18 NA
15347 17 NA
15348 17 NA
15349 18 NA
15350 18 NA
15351 18 NA
15352 19 NA
15353 19 NA
15354 19 NA
15355 19 NA
15356 19 NA
15357 19 NA
15358 19 NA
15359 19 NA
15360 19 NA
15361 20 NA
15362 21 NA
15363 21 NA
15364 21 NA
15365 21 NA
15366 22 NA
15367 23 NA
15368 23 NA
15369 23 NA
15370 22 NA
15371 21 NA
15372 22 NA
15373 24 NA
15374 26 NA
15375 28 NA
15376 28 NA
15377 29 NA
15378 31 NA
15379 32 NA
15380 33 NA
15381 34 NA
15382 33 NA
15383 32 NA
15384 31 NA
15385 31 NA
15386 30 NA
15387 28 NA
15388 26 NA
15389 30 NA
15390 29 NA
15391 29 NA
15392 28 NA
15393 28 NA
15394 28 NA
15395 27 NA
15396 26 NA
15397 26 NA
15398 25 NA
15399 25 NA
15400 25 NA
15401 23 NA
15402 21 NA
15403 19 NA
15404 19 NA
15405 19 NA
15406 19 NA
15407 20 NA
15408 20 NA
15409 20 NA
15410 20 NA
15411 20 NA
15412 20 NA
15413 20 NA
15414 20 NA
15415 20 NA
15416 21 NA
15417 21 NA
15418 22 NA
15419 20 NA
15420 20 NA
15421 21 NA
15422 21 NA
15423 21 NA
15424 21 NA
15425 21 NA
15426 21 NA
15427 21 NA
15428 21 NA
15429 21 NA
15430 21 NA
15431 21 NA
15432 22 NA
15433 23 NA
15434 23 NA
15435 23 NA
15436 23 NA
15437 22 NA
15438 22 NA
15439 20 NA
15440 20 NA
15441 20 NA
15442 20 NA
15443 21 NA
15444 23 NA
15445 24 NA
15446 24 NA
15447 24 NA
15448 24 NA
15449 24 NA
15450 24 NA
15451 25 NA
15452 25 NA
15453 26 NA
15454 27 NA
15455 27 NA
15456 28 NA
15457 28 NA
15458 27 NA
15459 27 NA
15460 26 NA
15461 26 NA
15462 24 NA
15463 24 NA
15464 25 NA
15465 27 NA
15466 29 NA
15467 31 NA
15468 33 NA
15469 35 NA
15470 37 NA
15471 38 NA
15472 40 NA
15473 42 NA
15474 45 NA
15475 46 NA
15476 48 NA
15477 48 NA
15478 47 NA
15479 47 NA
15480 50 NA
15481 52 NA
15482 54 NA
15483 57 NA
15484 60 NA
15485 63 NA
15486 67 NA
15487 70 NA
15488 73 NA
15489 75 NA
15490 78 NA
15491 79 NA
15492 83 NA
15493 88 NA
15494 93 NA
15495 93 NA
15496 93 NA
15497 93 NA
15498 91 NA
15499 86 NA
15500 81 NA
15501 76 NA
15502 72 NA
15503 68 NA
15504 64 NA
15505 60 NA
15506 57 NA
15507 56 NA
15508 56 NA
15509 56 NA
15510 56 NA
15511 55 NA
15512 54 NA
15513 52 NA
15514 49 NA
15515 46 NA
15516 43 NA
15517 41 NA
15518 40 NA
15519 39 NA
15520 38 NA
15521 38 NA
15522 38 NA
15523 37 NA
15524 38 NA
15525 39 NA
15526 39 NA
15527 39 NA
15528 38 NA
15529 36 NA
15530 36 NA
15531 38 NA
15532 37 NA
15533 36 NA
15534 35 NA
15535 35 NA
15536 35 NA
15537 36 NA
15538 36 NA
15539 36 NA
15540 37 NA
15541 36 NA
15542 37 NA
15543 37 NA
15544 37 NA
15545 37 NA
15546 37 NA
15547 37 NA
15548 37 NA
15549 37 NA
15550 38 NA
15551 38 NA
15552 38 NA
15553 38 NA
15554 38 NA
15555 38 NA
15556 38 NA
15557 39 NA
15558 39 NA
15559 38 NA
15560 38 NA
15561 38 NA
15562 38 NA
15563 39 NA
15564 38 NA
15565 38 NA
15566 38 NA
15567 39 NA
15568 39 NA
15569 38 NA
15570 38 NA
15571 38 NA
15572 39 NA
15573 39 NA
15574 38 NA
15575 38 NA
15576 39 NA
15577 39 NA
15578 39 NA
15579 40 NA
15580 41 NA
15581 43 NA
15582 43 NA
15583 45 NA
15584 45 NA
15585 46 NA
15586 47 NA
15587 48 NA
15588 47 NA
15589 46 NA
15590 46 NA
15591 46 NA
15592 45 NA
15593 45 NA
15594 45 NA
15595 44 NA
15596 43 NA
15597 41 NA
15598 42 NA
15599 42 NA
15600 41 NA
15601 42 NA
15602 42 NA
15603 42 NA
15604 42 NA
15605 42 NA
15606 41 NA
15607 41 NA
15608 40 NA
15609 40 NA
15610 40 NA
15611 40 NA
15612 40 NA
15613 40 NA
15614 40 NA
15615 40 NA
15616 41 NA
15617 39 NA
15618 38 NA
15619 36 NA
15620 37 NA
15621 38 NA
15622 38 NA
15623 38 NA
15624 39 NA
15625 40 NA
15626 41 NA
15627 39 NA
15628 38 NA
15629 38 NA
15630 38 NA
15631 39 NA
15632 39 NA
15633 39 NA
15634 39 NA
15635 39 NA
15636 38 NA
15637 37 NA
15638 37 NA
15639 36 NA
15640 35 NA
15641 35 NA
15642 35 NA
15643 34 NA
15644 33 NA
15645 32 NA
15646 32 NA
15647 31 NA
15648 31 NA
15649 32 NA
15650 32 NA
15651 32 NA
15652 32 NA
15653 32 NA
15654 32 NA
15655 32 NA
15656 32 NA
15657 32 NA
15658 32 NA
15659 33 NA
15660 34 NA
15661 35 NA
15662 36 NA
15663 37 NA
15664 38 NA
15665 38 NA
15666 39 NA
15667 39 NA
15668 40 NA
15669 41 NA
15670 42 NA
15671 41 NA
15672 41 NA
15673 42 NA
15674 42 NA
15675 43 NA
15676 45 NA
15677 48 NA
15678 48 NA
15679 49 NA
15680 49 NA
15681 51 NA
15682 51 NA
15683 53 NA
15684 53 NA
15685 54 NA
15686 54 NA
15687 53 NA
15688 53 NA
15689 51 NA
15690 51 NA
15691 50 NA
15692 50 NA
15693 50 NA
15694 50 NA
15695 49 NA
15696 49 NA
15697 47 NA
15698 50 NA
15699 52 NA
15700 52 NA
15701 55 NA
15702 55 NA
15703 58 NA
15704 59 NA
15705 59 NA
15706 59 NA
15707 58 NA
15708 58 NA
15709 58 NA
15710 56 NA
15711 56 NA
15712 55 NA
15713 55 NA
15714 54 NA
15715 54 NA
15716 56 NA
15717 56 NA
15718 55 NA
15719 55 NA
15720 52 NA
15721 52 NA
15722 49 NA
15723 47 NA
15724 47 NA
15725 45 NA
15726 45 NA
15727 43 NA
15728 43 NA
15729 42 NA
15730 42 NA
15731 40 NA
15732 39 NA
15733 39 NA
15734 38 NA
15735 38 NA
15736 37 NA
15737 37 NA
15738 37 NA
15739 37 NA
15740 36 NA
15741 36 NA
15742 37 NA
15743 37 NA
15744 36 NA
15745 36 NA
15746 36 NA
15747 36 NA
15748 36 NA
15749 35 NA
15750 36 NA
15751 36 NA
15752 36 NA
15753 36 NA
15754 35 NA
15755 35 NA
15756 34 NA
15757 34 NA
15758 34 NA
15759 34 NA
15760 34 NA
15761 32 NA
15762 32 NA
15763 32 NA
15764 31 NA
15765 31 NA
15766 30 NA
15767 30 NA
15768 30 NA
15769 30 NA
15770 30 NA
15771 30 NA
15772 31 NA
15773 31 NA
15774 30 NA
15775 30 NA
15776 30 NA
15777 29 NA
15778 29 NA
15779 27 NA
15780 27 NA
15781 26 NA
15782 26 NA
15783 26 NA
15784 25 NA
15785 25 NA
15786 25 NA
15787 23 NA
15788 23 NA
15789 23 NA
15790 23 NA
15791 24 NA
15792 24 NA
15793 25 NA
15794 26 NA
15795 26 NA
15796 26 NA
15797 26 NA
15798 26 NA
15799 25 NA
15800 25 NA
15801 25 NA
15802 25 NA
15803 24 NA
15804 24 NA
15805 24 NA
15806 23 NA
15807 23 NA
15808 22 NA
15809 22 NA
15810 23 NA
15811 23 NA
15812 24 NA
15813 24 NA
15814 25 NA
15815 26 NA
15816 26 NA
15817 27 NA
15818 27 NA
15819 27 NA
15820 27 NA
15821 27 NA
15822 27 NA
15823 27 NA
15824 28 NA
15825 28 NA
15826 28 NA
15827 28 NA
15828 29 NA
15829 29 NA
15830 28 NA
15831 28 NA
15832 27 NA
15833 27 NA
15834 26 NA
15835 26 NA
15836 26 NA
15837 26 NA
15838 26 NA
15839 25 NA
15840 25 NA
15841 25 NA
15842 25 NA
15843 24 NA
15844 25 NA
15845 25 NA
15846 24 NA
15847 24 NA
15848 23 NA
15849 22 NA
15850 22 NA
15851 22 NA
15852 22 NA
15853 23 NA
15854 23 NA
15855 25 NA
15856 25 NA
15857 27 NA
15858 27 NA
15859 27 NA
15860 27 NA
15861 28 NA
15862 28 NA
15863 30 NA
15864 30 NA
15865 30 NA
15866 30 NA
15867 30 NA
15868 29 NA
15869 29 NA
15870 30 NA
15871 30 NA
15872 31 NA
15873 31 NA
15874 31 NA
15875 30 NA
15876 30 NA
15877 28 NA
15878 28 NA
15879 30 NA
15880 32 NA
15881 32 NA
15882 34 NA
15883 34 NA
15884 36 NA
15885 36 NA
15886 38 NA
15887 39 NA
15888 39 NA
15889 39 NA
15890 39 NA
15891 39 NA
15892 39 NA
15893 41 NA
15894 41 NA
15895 43 NA
15896 43 NA
15897 45 NA
15898 45 NA
15899 46 NA
15900 46 NA
15901 46 NA
15902 46 NA
15903 46 NA
15904 46 NA
15905 46 NA
15906 46 NA
15907 46 NA
15908 46 NA
15909 46 NA
15910 46 NA
15911 45 NA
15912 45 NA
15913 44 NA
15914 44 NA
15915 46 NA
15916 46 NA
15917 46 NA
15918 45 NA
15919 45 NA
15920 45 NA
15921 45 NA
15922 44 NA
15923 44 NA
15924 43 NA
15925 43 NA
15926 42 NA
15927 42 NA
15928 39 NA
15929 39 NA
15930 39 NA
15931 39 NA
15932 40 NA
15933 40 NA
15934 40 NA
15935 40 NA
15936 40 NA
15937 41 NA
15938 41 NA
15939 42 NA
15940 42 NA
15941 42 NA
15942 42 NA
15943 42 NA
15944 42 NA
15945 42 NA
15946 45 NA
15947 45 NA
15948 47 NA
15949 47 NA
15950 48 NA
15951 48 NA
15952 48 NA
15953 47 NA
15954 47 NA
15955 47 NA
15956 47 NA
15957 47 NA
15958 47 NA
15959 48 NA
15960 48 NA
15961 48 NA
15962 50 NA
15963 50 NA
15964 50 NA
15965 50 NA
15966 50 NA
15967 47 NA
15968 47 NA
15969 47 NA
15970 46 NA
15971 46 NA
15972 46 NA
15973 46 NA
15974 46 NA
15975 46 NA
15976 44 NA
15977 44 NA
15978 43 NA
15979 43 NA
15980 43 NA
15981 40 NA
15982 40 NA
15983 41 NA
15984 41 NA
15985 41 NA
15986 41 NA
15987 42 NA
15988 42 NA
15989 42 NA
15990 42 NA
15991 43 NA
15992 43 NA
15993 43 NA
15994 41 NA
15995 41 NA
15996 41 NA
15997 41 NA
15998 41 NA
15999 40 NA
16000 40 NA
16001 40 NA
16002 39 NA
16003 39 NA
16004 39 NA
16005 40 NA
16006 40 NA
16007 38 NA
16008 38 NA
16009 38 NA
16010 38 NA
16011 38 NA
16012 38 NA
16013 37 NA
16014 37 NA
16015 37 NA
16016 37 NA
16017 37 NA
16018 37 NA
16019 36 NA
16020 36 NA
16021 34 NA
16022 34 NA
16023 34 NA
16024 33 NA
16025 33 NA
16026 31 NA
16027 31 NA
16028 31 NA
16029 30 NA
16030 30 NA
16031 30 NA
16032 29 NA
16033 29 NA
16034 28 NA
16035 28 NA
16036 28 NA
16037 28 NA
16038 28 NA
16039 28 NA
16040 28 NA
16041 28 NA
16042 28 NA
16043 28 NA
16044 27 NA
16045 27 NA
16046 27 NA
16047 26 NA
16048 26 NA
16049 27 NA
16050 27 NA
16051 27 NA
16052 26 NA
16053 26 NA
16054 26 NA
16055 25 NA
16056 25 NA
16057 25 NA
16058 24 NA
16059 24 NA
16060 24 NA
16061 24 NA
16062 24 NA
16063 23 NA
16064 23 NA
16065 23 NA
16066 23 NA
16067 23 NA
16068 24 NA
16069 24 NA
16070 24 NA
16071 23 NA
16072 23 NA
16073 24 NA
16074 24 NA
16075 25 NA
16076 25 NA
16077 25 NA
16078 25 NA
16079 25 NA
16080 25 NA
16081 25 NA
16082 26 NA
16083 26 NA
16084 27 NA
16085 27 NA
16086 28 NA
16087 28 NA
16088 30 NA
16089 32 NA
16090 32 NA
16091 34 NA
16092 34 NA
16093 36 NA
16094 36 NA
16095 35 NA
16096 34 NA
16097 34 NA
16098 33 NA
16099 33 NA
16100 33 NA
16101 33 NA
16102 34 NA
16103 34 NA
16104 34 NA
16105 34 NA
16106 34 NA
16107 34 NA
16108 32 NA
16109 32 NA
16110 32 NA
16111 33 NA
16112 33 NA
16113 32 NA
16114 32 NA
16115 31 NA
16116 31 NA
16117 30 NA
16118 30 NA
16119 30 NA
16120 31 NA
16121 31 NA
16122 31 NA
16123 31 NA
16124 30 NA
16125 30 NA
16126 30 NA
16127 30 NA
16128 30 NA
16129 30 NA
16130 30 NA
16131 30 NA
16132 29 NA
16133 29 NA
16134 30 NA
16135 30 NA
16136 30 NA
16137 30 NA
16138 28 NA
16139 30 NA
16140 30 NA
16141 30 NA
16142 30 NA
16143 31 NA
16144 31 NA
16145 31 NA
16146 31 NA
16147 31 NA
16148 31 NA
16149 31 NA
16150 31 NA
16151 31 NA
16152 30 NA
16153 30 NA
16154 29 NA
16155 29 NA
16156 29 NA
16157 29 NA
16158 29 NA
16159 29 NA
16160 29 NA
16161 29 NA
16162 29 NA
16163 29 NA
16164 29 NA
16165 28 NA
16166 28 NA
16167 27 NA
16168 27 NA
16169 27 NA
16170 29 NA
16171 29 NA
16172 29 NA
16173 29 NA
16174 29 NA
16175 29 NA
16176 29 NA
16177 30 NA
16178 30 NA
16179 30 NA
16180 30 NA
16181 29 NA
16182 29 NA
16183 29 NA
16184 29 NA
16185 29 NA
16186 29 NA
16187 29 NA
16188 31 NA
16189 31 NA
16190 30 NA
16191 30 NA
16192 31 NA
16193 31 NA
16194 30 NA
16195 30 NA
16196 30 NA
16197 30 NA
16198 30 NA
16199 30 NA
16200 28 NA
16201 28 NA
16202 29 NA
16203 29 NA
16204 31 NA
16205 31 NA
16206 31 NA
16207 33 NA
16208 33 NA
16209 34 NA
16210 34 NA
16211 35 NA
16212 35 NA
16213 35 NA
16214 36 NA
16215 36 NA
16216 35 NA
16217 35 NA
16218 35 NA
16219 35 NA
16220 35 NA
16221 34 NA
16222 34 NA
16223 33 NA
16224 33 NA
16225 31 NA
16226 31 NA
16227 31 NA
16228 31 NA
16229 30 NA
16230 30 NA
16231 29 NA
16232 29 NA
16233 29 NA
16234 29 NA
16235 28 NA
16236 28 NA
16237 28 NA
16238 28 NA
16239 28 NA
16240 28 NA
16241 28 NA
16242 28 NA
16243 28 NA
16244 29 NA
16245 29 NA
16246 30 NA
16247 30 NA
16248 31 NA
16249 31 NA
16250 32 NA
16251 32 NA
16252 34 NA
16253 34 NA
16254 36 NA
16255 37 NA
16256 37 NA
16257 37 NA
16258 37 NA
16259 38 NA
16260 38 NA
16261 38 NA
16262 38 NA
16263 39 NA
16264 39 NA
16265 40 NA
16266 40 NA
16267 40 NA
16268 40 NA
16269 39 NA
16270 40 NA
16271 40 NA
16272 40 NA
16273 40 NA
16274 40 NA
16275 40 NA
16276 40 NA
16277 40 NA
16278 40 NA
16279 40 NA
16280 40 NA
16281 40 NA
16282 40 NA
16283 42 NA
16284 45 NA
16285 48 NA
16286 50 NA
16287 50 NA
16288 51 NA
16289 51 NA
16290 52 NA
16291 52 NA
16292 54 NA
16293 54 NA
16294 54 NA
16295 55 NA
16296 55 NA
16297 54 NA
16298 54 NA
16299 55 NA
16300 57 NA
16301 58 NA
16302 58 NA
16303 60 NA
16304 60 NA
16305 60 NA
16306 60 NA
16307 61 NA
16308 61 NA
16309 60 NA
16310 61 NA
16311 61 NA
16312 65 NA
16313 65 NA
16314 68 NA
16315 72 NA
16316 72 NA
16317 76 NA
16318 76 NA
16319 78 NA
16320 78 NA
16321 78 NA
16322 78 NA
16323 77 NA
16324 77 NA
16325 75 NA
16326 75 NA
16327 75 NA
16328 75 NA
16329 74 NA
16330 74 NA
16331 74 NA
16332 72 NA
16333 72 NA
16334 69 NA
16335 69 NA
16336 67 NA
16337 67 NA
16338 64 NA
16339 64 NA
16340 64 NA
16341 60 NA
16342 61 NA
16343 61 NA
16344 61 NA
16345 61 NA
16346 61 NA
16347 58 NA
16348 58 NA
16349 56 NA
16350 56 NA
16351 54 NA
16352 54 NA
16353 54 NA
16354 52 NA
16355 52 NA
16356 49 NA
16357 49 NA
16358 48 NA
16359 48 NA
16360 46 NA
16361 46 NA
16362 46 NA
16363 46 NA
16364 46 NA
16365 46 NA
16366 46 NA
16367 45 NA
16368 45 NA
16369 43 NA
16370 41 NA
16371 41 NA
16372 39 NA
16373 39 NA
16374 38 NA
16375 38 NA
16376 38 NA
16377 37 NA
16378 36 NA
16379 36 NA
16380 35 NA
16381 35 NA
16382 36 NA
16383 36 NA
16384 36 NA
16385 36 NA
16386 36 NA
16387 36 NA
16388 38 NA
16389 38 NA
16390 39 NA
16391 39 NA
16392 41 NA
16393 41 NA
16394 42 NA
16395 42 NA
16396 42 NA
16397 42 NA
16398 44 NA
16399 44 NA
16400 45 NA
16401 45 NA
16402 48 NA
16403 48 NA
16404 51 NA
16405 51 NA
16406 51 NA
16407 51 NA
16408 50 NA
16409 50 NA
16410 53 NA
16411 56 NA
16412 56 NA
16413 54 NA
16414 54 NA
16415 54 NA
16416 53 NA
16417 53 NA
16418 52 NA
16419 52 NA
16420 51 NA
16421 51 NA
16422 50 NA
16423 50 NA
16424 49 NA
16425 49 NA
16426 48 NA
16427 48 NA
16428 51 NA
16429 51 NA
16430 54 NA
16431 54 NA
16432 56 NA
16433 56 NA
16434 56 NA
16435 56 NA
16436 56 NA
16437 56 NA
16438 57 NA
16439 57 NA
16440 56 NA
16441 56 NA
16442 57 NA
16443 57 NA
16444 57 NA
16445 55 NA
16446 55 NA
16447 54 NA
16448 54 NA
16449 52 NA
16450 52 NA
16451 50 NA
16452 48 NA
16453 48 NA
16454 49 NA
16455 49 NA
16456 47 NA
16457 47 NA
16458 47 NA
16459 47 NA
16460 48 NA
16461 48 NA
16462 47 NA
16463 47 NA
16464 47 NA
16465 47 NA
16466 45 NA
16467 45 NA
16468 45 NA
16469 45 NA
16470 44 NA
16471 44 NA
16472 43 NA
16473 43 NA
16474 42 NA
16475 42 NA
16476 42 NA
16477 42 NA
16478 41 NA
16479 41 NA
16480 40 NA
16481 40 NA
16482 39 NA
16483 39 NA
16484 38 NA
16485 38 NA
16486 37 NA
16487 37 NA
16488 35 NA
16489 35 NA
16490 33 NA
16491 33 NA
16492 31 NA
16493 31 NA
16494 29 NA
16495 29 NA
16496 28 NA
16497 28 NA
16498 28 NA
16499 28 NA
16500 29 NA
16501 29 NA
16502 29 NA
16503 29 NA
16504 29 NA
16505 29 NA
16506 28 NA
16507 28 NA
16508 30 NA
16509 32 NA
16510 32 NA
16511 32 NA
16512 34 NA
16513 34 NA
16514 36 NA
16515 36 NA
16516 38 NA
16517 38 NA
16518 39 NA
16519 39 NA
16520 39 NA
16521 41 NA
16522 41 NA
16523 41 NA
16524 41 NA
16525 41 NA
16526 41 NA
16527 41 NA
16528 41 NA
16529 41 NA
16530 42 NA
16531 42 NA
16532 42 NA
16533 42 NA
16534 40 NA
16535 40 NA
16536 40 NA
16537 40 NA
16538 39 NA
16539 39 NA
16540 38 NA
16541 38 NA
16542 38 NA
16543 38 NA
16544 38 NA
16545 37 NA
16546 37 NA
16547 38 NA
16548 38 NA
16549 38 NA
16550 38 NA
16551 36 NA
16552 36 NA
16553 36 NA
16554 36 NA
16555 35 NA
16556 35 NA
16557 35 NA
16558 33 NA
16559 33 NA
16560 33 NA
16561 34 NA
16562 34 NA
16563 36 NA
16564 36 NA
16565 34 NA
16566 34 NA
16567 33 NA
16568 33 NA
16569 33 NA
16570 35 NA
16571 35 NA
16572 33 NA
16573 33 NA
16574 31 NA
16575 31 NA
16576 29 NA
16577 29 NA
16578 28 NA
16579 28 NA
16580 28 NA
16581 28 NA
16582 27 NA
16583 27 NA
16584 27 NA
16585 27 NA
16586 26 NA
16587 26 NA
16588 24 NA
16589 24 NA
16590 24 NA
16591 25 NA
16592 25 NA
16593 25 NA
16594 25 NA
16595 24 NA
16596 24 NA
16597 24 NA
16598 24 NA
16599 24 NA
16600 24 NA
16601 24 NA
16602 24 NA
16603 24 NA
16604 23 NA
16605 23 NA
16606 23 NA
16607 23 NA
16608 23 NA
16609 24 NA
16610 24 NA
16611 24 NA
16612 24 NA
16613 24 NA
16614 24 NA
16615 24 NA
16616 24 NA
16617 24 NA
16618 24 NA
16619 24 NA
16620 24 NA
16621 24 NA
16622 24 NA
16623 24 NA
16624 24 NA
16625 26 NA
16626 26 NA
16627 26 NA
16628 26 NA
16629 26 NA
16630 26 NA
16631 26 NA
16632 25 NA
16633 25 NA
16634 23 NA
16635 23 NA
16636 23 NA
16637 23 NA
16638 23 NA
16639 23 NA
16640 23 NA
16641 24 NA
16642 24 NA
16643 26 NA
16644 26 NA
16645 28 NA
16646 28 NA
16647 28 NA
16648 30 NA
16649 30 NA
16650 31 NA
16651 31 NA
16652 31 NA
16653 31 NA
16654 31 NA
16655 31 NA
16656 31 NA
16657 31 NA
16658 32 NA
16659 32 NA
16660 32 NA
16661 34 NA
16662 34 NA
16663 34 NA
16665 35 NA
16666 37 NA
16668 37 NA
16669 36 NA
16670 36 NA
16671 36 NA
16672 36 NA
16673 36 NA
16674 37 NA
16675 37 NA
16676 37 NA
16677 36 NA
16678 36 NA
16679 37 NA
16680 37 NA
16681 37 NA
16682 36 NA
16683 36 NA
16684 35 NA
16686 35 NA
16687 33 NA
16688 33 NA
16689 33 NA
16690 32 NA
16691 32 NA
16692 33 NA
16693 33 NA
16694 33 NA
16695 35 NA
16696 35 NA
16697 35 NA
16698 37 NA
16699 37 NA
16700 37 NA
16701 39 NA
16702 39 NA
16703 41 NA
16704 41 NA
16705 41 NA
16706 43 NA
16707 43 NA
16708 46 NA
16709 46 NA
16710 49 NA
16711 49 NA
16712 52 NA
16715 55 NA
16717 58 NA
16719 61 NA
16720 64 NA
16721 64 NA
16722 67 NA
16723 67 NA
16724 67 NA
16725 70 NA
16726 70 NA
16727 70 NA
16728 74 NA
16730 75 NA
16731 75 NA
16732 75 NA
16733 76 NA
16734 76 NA
16735 76 NA
16736 79 NA
16737 79 NA
16738 79 NA
16739 80 NA
16740 80 NA
16741 77 NA
16742 77 NA
16743 75 NA
16744 75 NA
16745 72 NA
16746 72 NA
16747 72 NA
16748 72 NA
16749 72 NA
16750 72 NA
16751 69 NA
16752 69 NA
16753 69 NA
16754 67 NA
16755 67 NA
16756 67 NA
16757 65 NA
16759 65 NA
16760 63 NA
16761 63 NA
16762 63 NA
16763 59 NA
16764 59 NA
16765 56 NA
16766 56 NA
16767 56 NA
16768 54 NA
16769 54 NA
16770 54 NA
16771 57 NA
16772 57 NA
16773 57 NA
16774 60 NA
16775 60 NA
16776 60 NA
16777 59 NA
16778 59 NA
16779 61 NA
16780 61 NA
16781 61 NA
16782 65 NA
16783 65 NA
16784 65 NA
16785 66 NA
16786 66 NA
16787 66 NA
16788 63 NA
16789 63 NA
16790 63 NA
16791 60 NA
16792 60 NA
16793 63 NA
16794 63 NA
16795 63 NA
16796 64 NA
16797 64 NA
16798 64 NA
16799 64 NA
16800 64 NA
16801 64 NA
16802 64 NA
16803 64 NA
16804 62 NA
16807 60 NA
16808 60 NA
16809 60 NA
16810 59 NA
16811 59 NA
16812 59 NA
16813 57 NA
16814 57 NA
16815 57 NA
16816 54 NA
16817 54 NA
16818 51 NA
16820 49 NA
16821 49 NA
16823 48 NA
16824 48 NA
16825 47 NA
16826 47 NA
16827 47 NA
16828 47 NA
16829 47 NA
16830 44 NA
16831 44 NA
16832 42 NA
16833 42 NA
16834 43 NA
16835 43 NA
16836 45 NA
16837 45 NA
16838 46 NA
16839 46 NA
16840 49 NA
16841 49 NA
16842 51 NA
16843 51 NA
16844 51 NA
16845 54 NA
16847 54 NA
16849 53 NA
16850 53 NA
16851 55 NA
16852 55 NA
16853 54 NA
16854 54 NA
16855 52 NA
16856 52 NA
16857 52 NA
16858 52 NA
16859 54 NA
16860 54 NA
16861 55 NA
16862 55 NA
16863 55 NA
16864 57 NA
16865 57 NA
16866 57 NA
16867 57 NA
16869 54 NA
16870 54 NA
16871 54 NA
16872 52 NA
16873 52 NA
16874 50 NA
16875 50 NA
16876 50 NA
16878 49 NA
16879 49 NA
16880 47 NA
16881 47 NA
16884 47 NA
16885 46 NA
16886 46 NA
16887 44 NA
16888 44 NA
16889 44 NA
16890 42 NA
16892 40 NA
16893 40 NA
16894 40 NA
16895 39 NA
16896 39 NA
16897 38 NA
16898 38 NA
16899 38 NA
16900 36 NA
16901 36 NA
16902 35 NA
16903 35 NA
16904 35 NA
16905 36 NA
16906 36 NA
16907 36 NA
16908 36 NA
16909 36 NA
16910 36 NA
16911 36 NA
16912 36 NA
16913 36 NA
16914 36 NA
16915 36 NA
16916 36 NA
16917 36 NA
16918 36 NA
16919 37 NA
16920 37 NA
16921 37 NA
16922 37 NA
16923 37 NA
16924 37 NA
16925 37 NA
16926 37 NA
16927 37 NA
16928 37 NA
16929 37 NA
16930 37 NA
16931 36 NA
16932 36 NA
16933 36 NA
16934 36 NA
16935 36 NA
16937 37 NA
16938 37 NA
16939 37 NA
16940 38 NA
16941 38 NA
16942 38 NA
16943 38 NA
16944 38 NA
16945 38 NA
16946 38 NA
16949 38 NA
16950 38 NA
16951 38 NA
16952 38 NA
16953 38 NA
16954 37 NA
16955 37 NA
16956 37 NA
16957 38 NA
16958 38 NA
16959 38 NA
16960 38 NA
16967 38 NA
16968 38 NA
16969 38 NA
16970 38 NA
16971 38 NA
16972 38 NA
16974 38 NA
16975 38 NA
16976 38 NA
16977 38 NA
16978 38 NA
16979 38 NA
16980 38 NA
16981 37 NA
16982 37 NA
16984 36 NA
16985 36 NA
16986 36 NA
16987 35 NA
16988 35 NA
16989 34 NA
16990 34 NA
16991 34 NA
16992 33 NA
16993 33 NA
16994 33 NA
16999 31 NA
17001 31 NA
17006 29 NA
17007 29 NA
17014 34 NA
17015 34 NA
17016 34 NA
17017 36 NA
17018 36 NA
17019 36 NA
17020 38 NA
17021 38 NA
17022 38 NA
17023 39 NA
17024 39 NA
17025 39 NA
17026 41 NA
17027 41 NA
17028 41 NA
17029 41 NA
17031 41 NA
17032 41 NA
17033 41 NA
17034 44 NA
17035 44 NA
17036 44 NA
17037 45 NA
17038 45 NA
17039 45 NA
17040 45 NA
17042 47 NA
17044 47 NA
17045 46 NA
17046 46 NA
17047 46 NA
17048 46 NA
17049 47 NA
17050 47 NA
17051 47 NA
17052 48 NA
17053 48 NA
17054 48 NA
17055 48 NA
17056 46 NA
17057 46 NA
17058 46 NA
17059 47 NA
17060 47 NA
17061 47 NA
17062 47 NA
17063 49 NA
17064 49 NA
17069 49 NA
17070 48 NA
17071 48 NA
17072 48 NA
17073 47 NA
17075 47 NA
17076 46 NA
17077 46 NA
17078 46 NA
17079 46 NA
17080 43 NA
17081 43 NA
17083 42 NA
17084 42 NA
17085 42 NA
17086 42 NA
17087 41 NA
17088 41 NA
17089 41 NA
17091 43 NA
17092 43 NA
17093 41 NA
17094 41 NA
17095 41 NA
17096 41 NA
17097 41 NA
17098 41 NA
17099 41 NA
17100 43 NA
17101 43 NA
17102 43 NA
17103 43 NA
17104 42 NA
17105 42 NA
17106 42 NA
17107 42 NA
17108 42 NA
17109 42 NA
17110 42 NA
17111 42 NA
17112 42 NA
17113 42 NA
17114 42 NA
17115 43 NA
17117 43 NA
17118 43 NA
17123 45 NA
17124 45 NA
17125 46 NA
17126 46 NA
17127 46 NA
17129 47 NA
17130 47 NA
17131 47 NA
17132 48 NA
17133 48 NA
17134 48 NA
17135 48 NA
17136 48 NA
17138 50 NA
17139 50 NA
17140 50 NA
17141 49 NA
17142 49 NA
17143 49 NA
17144 51 NA
17145 51 NA
17146 51 NA
17147 48 NA
