"Index" "Price" "Volume"
14019 429 NA
14020 429 NA
14021 429 NA
14022 429 NA
14023 429 NA
14024 429 NA
14025 429 NA
14026 429 NA
14027 429 NA
14028 429 NA
14029 429 NA
14030 429 NA
14031 429 NA
14032 429 NA
14033 429 NA
14034 429 NA
14035 429 NA
14036 429 NA
14037 429 NA
14038 429 NA
14039 420 NA
14040 420 NA
14041 420 NA
14042 420 NA
14043 420 NA
14044 420 NA
14045 420 NA
14046 420 NA
14047 420 NA
14048 420 NA
14049 420 NA
14050 420 NA
14051 420 NA
14052 420 NA
14053 420 NA
14054 420 NA
14055 420 NA
14056 420 NA
14057 420 NA
14058 420 NA
14059 420 NA
14061 420 NA
14062 420 NA
14063 420 NA
14064 420 NA
14065 420 NA
14066 420 NA
14067 420 NA
14068 420 NA
14069 420 NA
14070 420 NA
14071 420 NA
14072 420 NA
14073 420 NA
14074 420 NA
14075 420 NA
14076 420 NA
14077 420 NA
14078 420 NA
14079 420 NA
14080 420 NA
14081 420 NA
14082 420 NA
14083 420 NA
14084 420 NA
14085 420 NA
14086 420 NA
14087 420 NA
14088 420 NA
14089 420 NA
14090 420 NA
14091 419 NA
14092 419 NA
14093 419 NA
14094 419 NA
14095 419 NA
14096 419 NA
14097 419 NA
14098 419 NA
14099 419 NA
14100 419 NA
14101 419 NA
14102 419 NA
14103 419 NA
14104 419 NA
14105 419 NA
14106 419 NA
14107 419 NA
14108 419 NA
14109 419 NA
14110 419 NA
14111 419 NA
14112 419 NA
14113 419 NA
14114 419 NA
14115 419 NA
14116 419 NA
14117 419 NA
14118 419 NA
14119 419 NA
14120 419 NA
14121 419 NA
14122 419 NA
14123 419 NA
14124 419 NA
14125 419 NA
14126 419 NA
14127 419 NA
14128 419 NA
14129 419 NA
14130 419 NA
14131 419 NA
14132 419 NA
14133 419 NA
14134 419 NA
14135 414 NA
14136 414 NA
14137 414 NA
14138 414 NA
14139 414 NA
14140 414 NA
14141 414 NA
14142 414 NA
14143 414 NA
14144 414 NA
14145 414 NA
14146 414 NA
14147 414 NA
14148 414 NA
14149 414 NA
14150 414 NA
14151 414 NA
14152 414 NA
14153 414 NA
14154 414 NA
14155 414 NA
14156 414 NA
14157 414 NA
14158 414 NA
14159 414 NA
14160 414 NA
14161 414 NA
14162 414 NA
14163 414 NA
14164 414 NA
14165 414 NA
14166 414 NA
14167 414 NA
14168 414 NA
14169 414 NA
14170 414 NA
14171 414 NA
14172 414 NA
14173 414 NA
14174 414 NA
14175 414 NA
14176 414 NA
14177 414 NA
14178 414 NA
14179 414 NA
14180 414 NA
14181 414 NA
14182 414 NA
14183 414 NA
14184 414 NA
14185 412 NA
14186 412 NA
14187 412 NA
14188 412 NA
14189 412 NA
14190 412 NA
14191 412 NA
14192 412 NA
14193 412 NA
14194 412 NA
14195 412 NA
14196 412 NA
14197 412 NA
14198 412 NA
14199 412 NA
14200 412 NA
14201 412 NA
14202 412 NA
14203 412 NA
14204 412 NA
14205 412 NA
14206 412 NA
14207 412 NA
14208 412 NA
14209 412 NA
14210 412 NA
14211 412 NA
14212 412 NA
14213 412 NA
14214 412 NA
14215 412 NA
14216 412 NA
14217 412 NA
14218 412 NA
14219 412 NA
14220 412 NA
14221 412 NA
14222 412 NA
14223 412 NA
14224 412 NA
14225 412 NA
14226 412 NA
14227 412 NA
14228 412 NA
14229 412 NA
14230 412 NA
14231 412 NA
14232 412 NA
14233 412 NA
14234 412 NA
14235 412 NA
14236 409 NA
14237 409 NA
14238 409 NA
14239 409 NA
14240 409 NA
14241 409 NA
14242 409 NA
14243 409 NA
14244 409 NA
14245 409 NA
14246 409 NA
14247 409 NA
14248 409 NA
14249 409 NA
14250 409 NA
14251 409 NA
14252 409 NA
14253 409 NA
14254 409 NA
14255 409 NA
14256 409 NA
14257 409 NA
14258 409 NA
14259 409 NA
14260 409 NA
14261 409 NA
14262 409 NA
14263 409 NA
14264 409 NA
14265 409 NA
14266 409 NA
14267 409 NA
14268 409 NA
14269 409 NA
14270 409 NA
14271 409 NA
14272 409 NA
14273 409 NA
14274 409 NA
14275 409 NA
14276 405 NA
14277 405 NA
14278 405 NA
14279 405 NA
14280 405 NA
14281 405 NA
14282 405 NA
14283 405 NA
14284 405 NA
14285 405 NA
14286 405 NA
14287 405 NA
14288 405 NA
14289 405 NA
14290 405 NA
14291 405 NA
14292 405 NA
14293 405 NA
14294 405 NA
14295 405 NA
14296 405 NA
14297 405 NA
14298 405 NA
14299 405 NA
14300 405 NA
14301 405 NA
14302 405 NA
14303 405 NA
14304 405 NA
14305 405 NA
14306 405 NA
14307 405 NA
14308 405 NA
14309 405 NA
14310 393 NA
14311 393 NA
14312 393 NA
14313 393 NA
14314 393 NA
14315 393 NA
14316 393 NA
14317 393 NA
14318 393 NA
14319 393 NA
14320 393 NA
14321 393 NA
14322 393 NA
14323 393 NA
14324 393 NA
14325 393 NA
14326 393 NA
14327 393 NA
14328 393 NA
14329 393 NA
14330 393 NA
14331 393 NA
14332 393 NA
14333 393 NA
14334 393 NA
14335 393 NA
14336 393 NA
14337 393 NA
14338 393 NA
14339 393 NA
14340 393 NA
14341 393 NA
14342 379 NA
14343 379 NA
14344 379 NA
14345 379 NA
14346 379 NA
14347 379 NA
14348 379 NA
14349 379 NA
14350 379 NA
14351 379 NA
14352 379 NA
14353 379 NA
14354 379 NA
14355 379 NA
14356 379 NA
14357 379 NA
14358 379 NA
14359 379 NA
14360 379 NA
14361 379 NA
14362 379 NA
14363 379 NA
14364 379 NA
14365 379 NA
14366 379 NA
14367 379 NA
14368 379 NA
14369 379 NA
14370 379 NA
14371 379 NA
14372 379 NA
14373 379 NA
14374 379 NA
14375 379 NA
14376 361 NA
14377 361 NA
14378 361 NA
14379 361 NA
14380 361 NA
14381 361 NA
14382 361 NA
14383 361 NA
14384 361 NA
14385 361 NA
14386 361 NA
14387 361 NA
14388 361 NA
14389 361 NA
14390 361 NA
14391 361 NA
14392 361 NA
14393 361 NA
14394 361 NA
14395 361 NA
14396 361 NA
14397 361 NA
14398 361 NA
14399 361 NA
14400 361 NA
14401 361 NA
14402 361 NA
14403 361 NA
14404 361 NA
14405 361 NA
14406 361 NA
14407 361 NA
14408 361 NA
14409 342 NA
14410 342 NA
14411 342 NA
14412 342 NA
14413 342 NA
14414 342 NA
14415 342 NA
14416 342 NA
14417 342 NA
14418 342 NA
14419 342 NA
14420 342 NA
14421 342 NA
14422 342 NA
14423 342 NA
14424 342 NA
14425 342 NA
14426 342 NA
14428 342 NA
14429 342 NA
14430 342 NA
14431 342 NA
14432 342 NA
14433 342 NA
14434 342 NA
14435 342 NA
14436 342 NA
14437 342 NA
14438 342 NA
14439 342 NA
14440 329 NA
14441 329 NA
14442 329 NA
14443 329 NA
14444 329 NA
14445 329 NA
14446 329 NA
14447 329 NA
14448 329 NA
14449 329 NA
14450 329 NA
14451 329 NA
14452 329 NA
14453 329 NA
14454 329 NA
14455 329 NA
14456 329 NA
14457 329 NA
14458 329 NA
14459 329 NA
14460 329 NA
14461 329 NA
14462 329 NA
14463 329 NA
14464 329 NA
14465 329 NA
14466 329 NA
14467 329 NA
14468 325 NA
14469 325 NA
14470 325 NA
14471 325 NA
14472 325 NA
14473 325 NA
14474 325 NA
14475 325 NA
14476 325 NA
14477 325 NA
14478 325 NA
14479 325 NA
14480 325 NA
14481 325 NA
14482 325 NA
14483 325 NA
14484 325 NA
14485 325 NA
14486 325 NA
14487 325 NA
14488 325 NA
14489 325 NA
14490 325 NA
14491 325 NA
14492 325 NA
14493 325 NA
14494 325 NA
14495 325 NA
14496 325 NA
14497 325 NA
14498 325 NA
14499 309 NA
14500 309 NA
14501 309 NA
14502 309 NA
14503 309 NA
14504 309 NA
14505 309 NA
14506 309 NA
14507 309 NA
14508 309 NA
14509 309 NA
14510 309 NA
14511 309 NA
14512 309 NA
14513 309 NA
14514 309 NA
14515 309 NA
14516 309 NA
14517 309 NA
14518 309 NA
14519 309 NA
14520 309 NA
14521 309 NA
14522 309 NA
14523 309 NA
14524 309 NA
14525 309 NA
14526 309 NA
14527 309 NA
14528 309 NA
14529 309 NA
14530 309 NA
14531 309 NA
14532 309 NA
14533 309 NA
14534 309 NA
14535 309 NA
14536 309 NA
14537 309 NA
14538 309 NA
14539 309 NA
14540 293 NA
14541 293 NA
14542 293 NA
14543 293 NA
14544 293 NA
14545 293 NA
14546 293 NA
14547 293 NA
14548 293 NA
14549 293 NA
14550 293 NA
14551 293 NA
14552 293 NA
14553 293 NA
14554 293 NA
14555 293 NA
14556 293 NA
14557 293 NA
14558 293 NA
14559 293 NA
14560 293 NA
14561 293 NA
14562 293 NA
14563 293 NA
14564 293 NA
14565 293 NA
14566 293 NA
14567 293 NA
14568 293 NA
14569 293 NA
14570 293 NA
14571 293 NA
14572 293 NA
14573 293 NA
14574 293 NA
14575 293 NA
14576 281 NA
14577 281 NA
14578 281 NA
14579 281 NA
14580 281 NA
14581 281 NA
14582 281 NA
14583 281 NA
14584 281 NA
14585 281 NA
14586 281 NA
14587 281 NA
14588 281 NA
14589 281 NA
14590 281 NA
14591 281 NA
14592 281 NA
14593 281 NA
14594 281 NA
14595 281 NA
14596 281 NA
14597 281 NA
14598 281 NA
14599 281 NA
14600 281 NA
14601 281 NA
14602 281 NA
14603 281 NA
14604 281 NA
14605 281 NA
14606 281 NA
14607 281 NA
14608 281 NA
14609 281 NA
14610 281 NA
14611 268 NA
14612 268 NA
14613 268 NA
14614 268 NA
14615 268 NA
14616 268 NA
14617 268 NA
14618 268 NA
14619 268 NA
14620 268 NA
14621 268 NA
14622 268 NA
14623 268 NA
14624 268 NA
14625 268 NA
14626 268 NA
14627 268 NA
14628 268 NA
14629 268 NA
14630 268 NA
14631 268 NA
14632 268 NA
14633 268 NA
14634 268 NA
14635 268 NA
14636 268 NA
14637 268 NA
14638 268 NA
14639 268 NA
14640 268 NA
14641 268 NA
14642 268 NA
14643 268 NA
14644 268 NA
14645 268 NA
14646 255 NA
14647 255 NA
14648 255 NA
14649 255 NA
14650 255 NA
14651 255 NA
14653 255 NA
14654 255 NA
14655 255 NA
14656 255 NA
14657 255 NA
14658 255 NA
14659 255 NA
14660 255 NA
14661 255 NA
14662 255 NA
14663 255 NA
14664 255 NA
14665 255 NA
14666 255 NA
14667 255 NA
14668 255 NA
14669 255 NA
14670 255 NA
14671 255 NA
14672 255 NA
14673 255 NA
14674 255 NA
14675 255 NA
14676 255 NA
14677 255 NA
14678 255 NA
14679 255 NA
14680 255 NA
14681 244 NA
14682 244 NA
14683 244 NA
14684 244 NA
14685 244 NA
14686 244 NA
14687 244 NA
14688 244 NA
14689 244 NA
14690 244 NA
14691 244 NA
14692 244 NA
14693 244 NA
14694 244 NA
14695 244 NA
14696 244 NA
14697 244 NA
14698 244 NA
14699 244 NA
14700 244 NA
14701 244 NA
14702 244 NA
14703 244 NA
14704 244 NA
14705 244 NA
14706 244 NA
14707 244 NA
14708 244 NA
14709 244 NA
14710 244 NA
14711 232 NA
14712 232 NA
14713 232 NA
14714 232 NA
14715 232 NA
14716 232 NA
14717 232 NA
14718 232 NA
14719 232 NA
14720 232 NA
14721 232 NA
14722 232 NA
14723 232 NA
14724 232 NA
14725 232 NA
14726 232 NA
14727 232 NA
14728 232 NA
14729 232 NA
14730 232 NA
14731 232 NA
14732 232 NA
14733 232 NA
14734 232 NA
14735 232 NA
14736 232 NA
14737 232 NA
14738 232 NA
14739 232 NA
14740 232 NA
14741 232 NA
14742 232 NA
14743 232 NA
14744 232 NA
14745 232 NA
14746 232 NA
14747 232 NA
14748 232 NA
14749 232 NA
14750 232 NA
14751 232 NA
14752 232 NA
14753 232 NA
14754 232 NA
14755 232 NA
14756 232 NA
14757 222 NA
14758 222 NA
14759 222 NA
14760 222 NA
14761 222 NA
14762 222 NA
14763 222 NA
14764 222 NA
14765 222 NA
14766 222 NA
14767 222 NA
14768 222 NA
14769 222 NA
14770 222 NA
14771 222 NA
14772 222 NA
14773 222 NA
14774 222 NA
14775 222 NA
14776 222 NA
14777 222 NA
14778 222 NA
14779 222 NA
14780 222 NA
14781 222 NA
14782 222 NA
14783 222 NA
14784 222 NA
14785 222 NA
14786 222 NA
14787 222 NA
14788 222 NA
14789 222 NA
14790 222 NA
14791 222 NA
14792 222 NA
14793 222 NA
14794 222 NA
14795 222 NA
14796 222 NA
14797 222 NA
14798 222 NA
14799 222 NA
14800 222 NA
14801 222 NA
14802 222 NA
14803 222 NA
14804 222 NA
14805 222 NA
14806 222 NA
14807 222 NA
14808 222 NA
14809 222 NA
14810 222 NA
14811 222 NA
14812 222 NA
14813 222 NA
14814 222 NA
14815 222 NA
14816 222 NA
14817 222 NA
14818 222 NA
14819 222 NA
14820 222 NA
14821 222 NA
14822 222 NA
14823 222 NA
14824 222 NA
14825 222 NA
14826 222 NA
14827 222 NA
14828 222 NA
14829 222 NA
14830 222 NA
14831 222 NA
14832 222 NA
14833 222 NA
14834 222 NA
14835 222 NA
14836 211 NA
14837 211 NA
14838 211 NA
14839 211 NA
14840 211 NA
14841 211 NA
14842 211 NA
14843 211 NA
14844 211 NA
14845 211 NA
14846 211 NA
14847 211 NA
14848 211 NA
14849 211 NA
14850 211 NA
14851 211 NA
14852 211 NA
14853 211 NA
14854 211 NA
14855 211 NA
14856 211 NA
14857 211 NA
14858 211 NA
14859 211 NA
14860 211 NA
14861 211 NA
14862 211 NA
14863 211 NA
14864 211 NA
14865 211 NA
14866 211 NA
14867 211 NA
14868 211 NA
14869 211 NA
14870 211 NA
14871 211 NA
14872 211 NA
14873 211 NA
14874 211 NA
14875 211 NA
14876 211 NA
14877 211 NA
14878 211 NA
14879 211 NA
14880 211 NA
14881 211 NA
14882 211 NA
14883 211 NA
14884 211 NA
14885 211 NA
14886 201 NA
14887 201 NA
14888 201 NA
14889 201 NA
14890 201 NA
14891 201 NA
14892 201 NA
14893 201 NA
14894 201 NA
14895 201 NA
14896 201 NA
14897 201 NA
14898 201 NA
14899 201 NA
14900 201 NA
14901 201 NA
14902 201 NA
14903 201 NA
14904 201 NA
14905 201 NA
14906 201 NA
14907 201 NA
14908 201 NA
14909 201 NA
14910 201 NA
14911 201 NA
14912 201 NA
14913 201 NA
14914 201 NA
14915 201 NA
14916 201 NA
14917 201 NA
14918 201 NA
14920 201 NA
14921 201 NA
14922 201 NA
14923 201 NA
14924 201 NA
14925 201 NA
14926 201 NA
14927 201 NA
14928 201 NA
14929 201 NA
14930 201 NA
14931 201 NA
14932 201 NA
14933 201 NA
14934 201 NA
14935 201 NA
14936 201 NA
14937 201 NA
14938 201 NA
14939 201 NA
14940 201 NA
14941 201 NA
14942 201 NA
14943 201 NA
14944 193 NA
14945 193 NA
14946 193 NA
14947 193 NA
14948 193 NA
14949 193 NA
14950 193 NA
14951 193 NA
14952 193 NA
14953 193 NA
14954 193 NA
14955 193 NA
14956 193 NA
14957 193 NA
14958 193 NA
14959 193 NA
14960 193 NA
14961 193 NA
14962 193 NA
14963 193 NA
14964 193 NA
14965 193 NA
14966 193 NA
14967 193 NA
14968 193 NA
14969 193 NA
14970 193 NA
14971 193 NA
14972 193 NA
14973 193 NA
14974 193 NA
14981 193 NA
14988 193 NA
14995 193 NA
15001 193 NA
15003 189 NA
15010 189 NA
15017 189 NA
15024 189 NA
15031 189 NA
15038 189 NA
15045 189 NA
15052 189 NA
15059 189 NA
15066 189 NA
15073 189 NA
15080 189 NA
15087 189 NA
15094 189 NA
15095 188 NA
15102 188 NA
15109 188 NA
15116 188 NA
15123 188 NA
15130 188 NA
15137 188 NA
15143 188 NA
15145 189 NA
15152 189 NA
15159 189 NA
15166 189 NA
15173 189 NA
15180 189 NA
15187 189 NA
15193 190 NA
15200 190 NA
15207 190 NA
15214 190 NA
15221 190 NA
15228 190 NA
15235 190 NA
15242 190 NA
15244 190 NA
15248 191 NA
15255 191 NA
15262 191 NA
15269 191 NA
15276 191 NA
15283 191 NA
15290 191 NA
15297 191 NA
15304 191 NA
15306 194 NA
15313 194 NA
15320 194 NA
15327 194 NA
15334 194 NA
15340 194 NA
15341 194 NA
15342 194 NA
15343 194 NA
15344 194 NA
15345 194 NA
15346 194 NA
15347 194 NA
15348 194 NA
15349 194 NA
15350 194 NA
15351 194 NA
15352 194 NA
15353 194 NA
15354 194 NA
15355 194 NA
15356 194 NA
15357 194 NA
15358 194 NA
15359 194 NA
15360 194 NA
15361 194 NA
15362 194 NA
15363 196 NA
15364 196 NA
15365 196 NA
15366 196 NA
15367 196 NA
15368 196 NA
15369 196 NA
15370 196 NA
15371 196 NA
15372 196 NA
15373 196 NA
15374 196 NA
15375 196 NA
15376 196 NA
15377 196 NA
15378 196 NA
15379 196 NA
15380 196 NA
15381 196 NA
15382 196 NA
15383 196 NA
15384 196 NA
15385 196 NA
15386 196 NA
15387 196 NA
15388 196 NA
15389 196 NA
15390 196 NA
15391 196 NA
15392 196 NA
15393 196 NA
15394 196 NA
15395 196 NA
15396 196 NA
15397 196 NA
15398 196 NA
15399 196 NA
15400 196 NA
15401 196 NA
15402 196 NA
15403 196 NA
15404 196 NA
15405 196 NA
15406 196 NA
15407 196 NA
15408 196 NA
15409 196 NA
15410 196 NA
15411 196 NA
15412 196 NA
15413 196 NA
15414 196 NA
15415 196 NA
15416 196 NA
15417 196 NA
15418 196 NA
15419 196 NA
15420 196 NA
15421 196 NA
15422 197 NA
15423 198 NA
15424 198 NA
15425 199 NA
15426 200 NA
15427 200 NA
15428 200 NA
15429 200 NA
15430 200 NA
15431 200 NA
15432 200 NA
15433 200 NA
15434 200 NA
15435 200 NA
15436 200 NA
15437 200 NA
15438 200 NA
15439 200 NA
15440 200 NA
15441 200 NA
15442 200 NA
15443 200 NA
15444 200 NA
15445 200 NA
15446 200 NA
15447 200 NA
15448 200 NA
15449 200 NA
15450 200 NA
15451 200 NA
15452 200 NA
15453 200 NA
15454 200 NA
15455 200 NA
15456 200 NA
15457 200 NA
15458 200 NA
15459 200 NA
15460 200 NA
15461 200 NA
15462 200 NA
15463 200 NA
15464 200 NA
15465 200 NA
15466 200 NA
15467 200 NA
15468 200 NA
15469 200 NA
15470 200 NA
15471 200 NA
15472 200 NA
15473 200 NA
15474 200 NA
15475 200 NA
15476 200 NA
15477 200 NA
15478 200 NA
15479 200 NA
15480 200 NA
15481 200 NA
15482 200 NA
15483 200 NA
15484 200 NA
15485 200 NA
15486 200 NA
15487 200 NA
15488 200 NA
15489 200 NA
15490 200 NA
15491 200 NA
15492 200 NA
15493 200 NA
15494 200 NA
15495 201 NA
15496 201 NA
15497 201 NA
15498 201 NA
15499 201 NA
15500 201 NA
15501 201 NA
15502 201 NA
15503 201 NA
15504 201 NA
15505 201 NA
15506 201 NA
15507 201 NA
15508 201 NA
15509 201 NA
15510 201 NA
15511 201 NA
15512 201 NA
15513 201 NA
15514 201 NA
15515 201 NA
15516 201 NA
15517 201 NA
15518 201 NA
15519 201 NA
15520 201 NA
15521 201 NA
15522 201 NA
15523 201 NA
15524 201 NA
15525 201 NA
15526 201 NA
15527 201 NA
15528 201 NA
15529 201 NA
15530 201 NA
15531 201 NA
15532 201 NA
15533 201 NA
15534 201 NA
15535 201 NA
15536 201 NA
15537 201 NA
15538 201 NA
15539 201 NA
15540 201 NA
15541 201 NA
15542 204 NA
15543 204 NA
15544 204 NA
15545 204 NA
15546 204 NA
15547 204 NA
15548 204 NA
15549 204 NA
15550 204 NA
15551 204 NA
15552 204 NA
15553 204 NA
15554 204 NA
15555 204 NA
15556 204 NA
15557 204 NA
15558 204 NA
15559 204 NA
15560 204 NA
15561 204 NA
15562 204 NA
15563 204 NA
15564 204 NA
15565 204 NA
15566 204 NA
15567 204 NA
15568 204 NA
15569 204 NA
15570 204 NA
15571 204 NA
15572 204 NA
15573 204 NA
15574 204 NA
15575 204 NA
15576 204 NA
15577 204 NA
15578 204 NA
15579 204 NA
15580 204 NA
15581 204 NA
15582 204 NA
15583 204 NA
15584 204 NA
15585 204 NA
15586 204 NA
15587 204 NA
15588 204 NA
15589 204 NA
15590 204 NA
15591 204 NA
15592 204 NA
15593 204 NA
15594 204 NA
15595 204 NA
15596 204 NA
15597 203 NA
15598 203 NA
15599 203 NA
15600 203 NA
15601 203 NA
15602 203 NA
15603 203 NA
15604 203 NA
15605 203 NA
15606 203 NA
15607 203 NA
15608 203 NA
15609 203 NA
15610 203 NA
15611 203 NA
15612 203 NA
15613 203 NA
15614 203 NA
15615 203 NA
15616 203 NA
15617 203 NA
15618 203 NA
15619 203 NA
15620 203 NA
15621 203 NA
15622 203 NA
15623 203 NA
15624 203 NA
15625 203 NA
15626 203 NA
15627 203 NA
15628 203 NA
15629 203 NA
15630 203 NA
15631 203 NA
15632 203 NA
15633 203 NA
15634 203 NA
15635 203 NA
15636 203 NA
15637 203 NA
15638 203 NA
15639 203 NA
15640 203 NA
15641 203 NA
15642 203 NA
15643 203 NA
15644 203 NA
15645 203 NA
15646 203 NA
15647 203 NA
15648 203 NA
15649 204 NA
15650 204 NA
15651 204 NA
15652 204 NA
15653 204 NA
15654 204 NA
15655 204 NA
15656 204 NA
15657 204 NA
15658 204 NA
15659 204 NA
15660 204 NA
15661 204 NA
15662 204 NA
15663 204 NA
15664 204 NA
15665 204 NA
15666 204 NA
15667 204 NA
15668 204 NA
15669 204 NA
15670 204 NA
15671 204 NA
15672 204 NA
15673 204 NA
15674 204 NA
15675 204 NA
15676 204 NA
15677 204 NA
15678 204 NA
15679 204 NA
15680 204 NA
15681 204 NA
15682 204 NA
15683 204 NA
15684 204 NA
15685 204 NA
15686 204 NA
15687 204 NA
15688 204 NA
15689 204 NA
15690 204 NA
15691 204 NA
15692 204 NA
15693 204 NA
15694 204 NA
15695 204 NA
15696 204 NA
15697 204 NA
15698 204 NA
15699 204 NA
15700 204 NA
15701 204 NA
15702 204 NA
15703 204 NA
15704 204 NA
15705 204 NA
15706 204 NA
15707 204 NA
15708 204 NA
15709 204 NA
15710 204 NA
15711 204 NA
15712 204 NA
15713 204 NA
15714 204 NA
15715 204 NA
15716 204 NA
15717 204 NA
15718 204 NA
15719 204 NA
15720 204 NA
15721 204 NA
15722 204 NA
15723 204 NA
15724 204 NA
15725 204 NA
15726 204 NA
15727 204 NA
15728 204 NA
15729 204 NA
15730 204 NA
15731 204 NA
15732 204 NA
15733 204 NA
15734 204 NA
15735 204 NA
15736 204 NA
15737 204 NA
15738 204 NA
15739 204 NA
15740 204 NA
15741 204 NA
15742 204 NA
15743 204 NA
15744 204 NA
15745 204 NA
15746 204 NA
15747 204 NA
15748 204 NA
15749 204 NA
15750 204 NA
15751 204 NA
15752 204 NA
15753 204 NA
15754 204 NA
15755 204 NA
15756 204 NA
15757 208 NA
15758 208 NA
15759 208 NA
15760 208 NA
15761 208 NA
15762 208 NA
15763 208 NA
15764 208 NA
15765 208 NA
15766 208 NA
15767 208 NA
15768 208 NA
15769 208 NA
15770 208 NA
15771 208 NA
15772 208 NA
15773 208 NA
15774 208 NA
15775 208 NA
15776 208 NA
15777 208 NA
15778 208 NA
15779 208 NA
15780 208 NA
15781 208 NA
15782 208 NA
15783 208 NA
15784 208 NA
15785 208 NA
15786 208 NA
15787 208 NA
15788 208 NA
15789 208 NA
15790 208 NA
15791 208 NA
15792 208 NA
15793 208 NA
15794 208 NA
15795 208 NA
15796 208 NA
15797 208 NA
15798 208 NA
15799 208 NA
15800 208 NA
15801 208 NA
15802 208 NA
15803 208 NA
15804 208 NA
15805 208 NA
15806 208 NA
15807 208 NA
15808 208 NA
15809 208 NA
15810 208 NA
15811 208 NA
15812 208 NA
15813 208 NA
15814 208 NA
15815 208 NA
15816 208 NA
15817 208 NA
15818 208 NA
15819 208 NA
15820 208 NA
15821 208 NA
15822 208 NA
15823 208 NA
15824 208 NA
15825 208 NA
15826 208 NA
15827 208 NA
15828 208 NA
15829 208 NA
15830 208 NA
15831 208 NA
15832 208 NA
15833 208 NA
15834 208 NA
15835 208 NA
15836 208 NA
15837 208 NA
15838 208 NA
15839 208 NA
15840 208 NA
15841 208 NA
15842 208 NA
15843 208 NA
15844 208 NA
15845 208 NA
15846 208 NA
15847 208 NA
15848 208 NA
15849 208 NA
15850 208 NA
15851 208 NA
15852 208 NA
15853 208 NA
15854 208 NA
15855 208 NA
15856 208 NA
15857 208 NA
15858 208 NA
15859 208 NA
15860 208 NA
15861 208 NA
15862 208 NA
15863 208 NA
15864 208 NA
15865 208 NA
15866 208 NA
15867 208 NA
15868 208 NA
15869 208 NA
15870 208 NA
15871 208 NA
15872 208 NA
15873 208 NA
15874 208 NA
15875 208 NA
15876 208 NA
15877 208 NA
15878 208 NA
15879 208 NA
15880 208 NA
15881 208 NA
15882 208 NA
15883 208 NA
15884 208 NA
15885 208 NA
15886 208 NA
15887 208 NA
15888 208 NA
15889 208 NA
15890 208 NA
15891 208 NA
15892 208 NA
15893 208 NA
15894 208 NA
15895 208 NA
15896 208 NA
15897 208 NA
15898 208 NA
15899 208 NA
15900 208 NA
15901 208 NA
15902 208 NA
15903 208 NA
15904 208 NA
15905 208 NA
15906 208 NA
15907 208 NA
15908 208 NA
15909 208 NA
15910 208 NA
15911 208 NA
15912 208 NA
15913 208 NA
15914 208 NA
15915 208 NA
15916 212 NA
15917 212 NA
15918 212 NA
15919 212 NA
15920 212 NA
15921 212 NA
15922 212 NA
15923 212 NA
15924 212 NA
15925 212 NA
15926 212 NA
15927 212 NA
15928 212 NA
15929 212 NA
15930 212 NA
15931 212 NA
15932 212 NA
15933 212 NA
15934 212 NA
15935 212 NA
15936 212 NA
15937 212 NA
15938 212 NA
15939 212 NA
15940 212 NA
15941 212 NA
15942 212 NA
15943 212 NA
15944 212 NA
15945 212 NA
15946 212 NA
15947 212 NA
15948 212 NA
15949 212 NA
15950 212 NA
15951 212 NA
15952 212 NA
15953 212 NA
15954 212 NA
15955 212 NA
15956 212 NA
15957 212 NA
15958 212 NA
15959 212 NA
15960 212 NA
15961 212 NA
15962 212 NA
15963 212 NA
15964 212 NA
15965 212 NA
15966 212 NA
15967 212 NA
15968 212 NA
15969 212 NA
15970 212 NA
15971 212 NA
15972 212 NA
15973 212 NA
15974 212 NA
15975 212 NA
15976 212 NA
15977 212 NA
15978 212 NA
15979 212 NA
15980 212 NA
15981 212 NA
15982 212 NA
15983 212 NA
15984 212 NA
15985 212 NA
15986 212 NA
15987 212 NA
15988 212 NA
15989 212 NA
15990 212 NA
15991 212 NA
15992 212 NA
15993 212 NA
15994 212 NA
15995 212 NA
15996 212 NA
15997 212 NA
15998 212 NA
15999 212 NA
16000 212 NA
16001 212 NA
16002 212 NA
16003 212 NA
16004 212 NA
16005 212 NA
16006 212 NA
16007 212 NA
16008 212 NA
16009 212 NA
16010 212 NA
16011 212 NA
16012 212 NA
16013 212 NA
16014 212 NA
16015 212 NA
16016 212 NA
16017 212 NA
16018 212 NA
16019 212 NA
16020 212 NA
16021 212 NA
16022 212 NA
16023 212 NA
16024 212 NA
16025 212 NA
16026 212 NA
16027 212 NA
16028 212 NA
16029 212 NA
16030 212 NA
16031 212 NA
16032 212 NA
16033 212 NA
16034 212 NA
16035 212 NA
16036 212 NA
16037 212 NA
16038 212 NA
16039 212 NA
16040 212 NA
16041 212 NA
16042 212 NA
16043 212 NA
16044 212 NA
16045 212 NA
16046 212 NA
16047 212 NA
16048 212 NA
16049 212 NA
16050 212 NA
16051 212 NA
16052 212 NA
16053 212 NA
16054 212 NA
16055 212 NA
16056 212 NA
16057 212 NA
16058 212 NA
16059 212 NA
16060 212 NA
16061 212 NA
16062 212 NA
16063 212 NA
16064 212 NA
16065 212 NA
16066 212 NA
16067 212 NA
16068 212 NA
16069 212 NA
16070 212 NA
16071 212 NA
16072 212 NA
16073 212 NA
16074 212 NA
16075 212 NA
16076 212 NA
16077 212 NA
16078 212 NA
16079 212 NA
16080 212 NA
16081 212 NA
16082 212 NA
16083 212 NA
16084 212 NA
16085 212 NA
16086 212 NA
16087 212 NA
16088 212 NA
16089 212 NA
16090 212 NA
16091 212 NA
16092 212 NA
16093 212 NA
16094 212 NA
16095 212 NA
16096 212 NA
16097 212 NA
16098 212 NA
16099 212 NA
16100 212 NA
16101 212 NA
16102 212 NA
16103 212 NA
16104 212 NA
16105 212 NA
16106 212 NA
16107 212 NA
16108 212 NA
16109 212 NA
16110 212 NA
16111 212 NA
16112 212 NA
16113 212 NA
16114 212 NA
16115 212 NA
16116 212 NA
16117 212 NA
16118 212 NA
16119 212 NA
16120 212 NA
16121 212 NA
16122 212 NA
16123 212 NA
16124 212 NA
16125 212 NA
16126 212 NA
16127 212 NA
16128 212 NA
16129 212 NA
16130 212 NA
16131 212 NA
16132 212 NA
16133 212 NA
16134 212 NA
16135 212 NA
16136 212 NA
16137 212 NA
16138 212 NA
16139 212 NA
16140 212 NA
16141 212 NA
16142 212 NA
16143 212 NA
16144 212 NA
16145 212 NA
16146 212 NA
16147 212 NA
16148 212 NA
16149 212 NA
16150 212 NA
16151 212 NA
16152 212 NA
16153 212 NA
16154 212 NA
16155 212 NA
16156 212 NA
16157 212 NA
16158 212 NA
16159 212 NA
16160 212 NA
16161 212 NA
16162 212 NA
16163 212 NA
16164 212 NA
16165 212 NA
16166 212 NA
16167 212 NA
16168 212 NA
16169 212 NA
16170 212 NA
16171 212 NA
16172 212 NA
16173 212 NA
16174 212 NA
16175 212 NA
16176 212 NA
16177 212 NA
16178 212 NA
16179 212 NA
16180 212 NA
16181 212 NA
16182 212 NA
16183 212 NA
16184 212 NA
16185 212 NA
16186 212 NA
16187 212 NA
16188 212 NA
16189 212 NA
16190 212 NA
16191 212 NA
16192 212 NA
16193 212 NA
16194 212 NA
16195 212 NA
16196 212 NA
16197 212 NA
16198 212 NA
16199 212 NA
16200 212 NA
16201 212 NA
16202 212 NA
16203 212 NA
16204 212 NA
16205 212 NA
16206 212 NA
16207 212 NA
16208 212 NA
16209 212 NA
16210 212 NA
16211 212 NA
16212 212 NA
16213 212 NA
16214 212 NA
16215 212 NA
16216 212 NA
16217 212 NA
16218 212 NA
16219 212 NA
16220 212 NA
16221 212 NA
16222 212 NA
16223 212 NA
16224 212 NA
16225 212 NA
16226 212 NA
16227 212 NA
16228 212 NA
16229 212 NA
16230 212 NA
16231 212 NA
16232 212 NA
16233 212 NA
16234 212 NA
16235 212 NA
16236 212 NA
16237 212 NA
16238 212 NA
16239 212 NA
16240 212 NA
16241 212 NA
16242 212 NA
16243 212 NA
16244 212 NA
16245 212 NA
16246 212 NA
16247 212 NA
16248 212 NA
16249 212 NA
16250 212 NA
16251 212 NA
16252 212 NA
16253 212 NA
16254 212 NA
16255 212 NA
16256 212 NA
16257 212 NA
16258 212 NA
16259 212 NA
16260 212 NA
16261 212 NA
16262 212 NA
16263 212 NA
16264 212 NA
16265 212 NA
16266 212 NA
16267 212 NA
16268 212 NA
16269 212 NA
16270 212 NA
16271 212 NA
16272 212 NA
16273 212 NA
16274 212 NA
16275 212 NA
16276 212 NA
16277 212 NA
16278 212 NA
16279 212 NA
16280 212 NA
16281 212 NA
16282 212 NA
16283 212 NA
16284 212 NA
16285 212 NA
16286 212 NA
16287 212 NA
16288 212 NA
16289 212 NA
16290 212 NA
16291 212 NA
16292 212 NA
16293 212 NA
16294 212 NA
16295 212 NA
16296 212 NA
16297 212 NA
16298 212 NA
16299 212 NA
16300 212 NA
16301 212 NA
16302 212 NA
16303 212 NA
16304 212 NA
16305 212 NA
16306 212 NA
16307 212 NA
16308 212 NA
16309 212 NA
16310 212 NA
16311 212 NA
16312 212 NA
16313 212 NA
16314 212 NA
16315 212 NA
16316 212 NA
16317 212 NA
16318 212 NA
16319 212 NA
16320 212 NA
16321 212 NA
16322 212 NA
16323 212 NA
16324 212 NA
16325 212 NA
16326 212 NA
16327 212 NA
16328 212 NA
16329 212 NA
16330 212 NA
16331 212 NA
16332 212 NA
16333 212 NA
16334 212 NA
16335 212 NA
16336 212 NA
16337 212 NA
16338 212 NA
16339 212 NA
16340 212 NA
16341 212 NA
16342 212 NA
16343 212 NA
16344 212 NA
16345 212 NA
16346 212 NA
16347 212 NA
16348 212 NA
16349 212 NA
16350 212 NA
16351 212 NA
16352 212 NA
16353 212 NA
16354 212 NA
16355 212 NA
16356 212 NA
16357 212 NA
16358 212 NA
16359 212 NA
16360 212 NA
16361 212 NA
16362 212 NA
16363 212 NA
16364 212 NA
16365 212 NA
16366 212 NA
16367 212 NA
16368 212 NA
16369 212 NA
16370 212 NA
16371 212 NA
16372 212 NA
16373 212 NA
16374 212 NA
16375 212 NA
16376 212 NA
16377 212 NA
16378 212 NA
16379 212 NA
16380 212 NA
16381 212 NA
16382 212 NA
16383 212 NA
16384 212 NA
16385 212 NA
16386 212 NA
16387 212 NA
16388 212 NA
16389 212 NA
16390 212 NA
16391 216 NA
16392 216 NA
16393 216 NA
16394 216 NA
16395 216 NA
16396 216 NA
16397 216 NA
16398 216 NA
16399 216 NA
16400 216 NA
16401 216 NA
16402 216 NA
16403 216 NA
16404 216 NA
16405 216 NA
16406 216 NA
16407 216 NA
16408 216 NA
16409 216 NA
16410 216 NA
16411 216 NA
16412 216 NA
16413 216 NA
16414 216 NA
16415 216 NA
16416 216 NA
16417 216 NA
16418 216 NA
16419 216 NA
16420 216 NA
16421 216 NA
16422 216 NA
16423 216 NA
16424 216 NA
16425 216 NA
16426 216 NA
16427 216 NA
16428 216 NA
16429 216 NA
16430 216 NA
16431 216 NA
16432 216 NA
16433 216 NA
16434 216 NA
16435 216 NA
16436 216 NA
16437 216 NA
16438 216 NA
16439 216 NA
16440 216 NA
16441 216 NA
16442 216 NA
16443 216 NA
16444 216 NA
16445 216 NA
16446 216 NA
16447 216 NA
16448 216 NA
16449 216 NA
16450 216 NA
16451 216 NA
16452 216 NA
16453 216 NA
16454 216 NA
16455 216 NA
16456 216 NA
16457 216 NA
16458 216 NA
16459 216 NA
16460 216 NA
16461 216 NA
16462 216 NA
16463 216 NA
16464 216 NA
16465 216 NA
16466 216 NA
16467 216 NA
16468 216 NA
16469 216 NA
16470 216 NA
16471 216 NA
16472 216 NA
16473 216 NA
16474 216 NA
16475 216 NA
16476 216 NA
16477 216 NA
16478 216 NA
16479 216 NA
16480 216 NA
16481 216 NA
16482 216 NA
16483 216 NA
16484 216 NA
16485 216 NA
16486 216 NA
16487 216 NA
16488 216 NA
16489 216 NA
16490 216 NA
16491 216 NA
16492 216 NA
16493 216 NA
16494 216 NA
16495 216 NA
16496 216 NA
16497 216 NA
16498 216 NA
16499 216 NA
16500 216 NA
16501 216 NA
16502 216 NA
16503 216 NA
16504 216 NA
16505 216 NA
16506 216 NA
16507 216 NA
16508 216 NA
16509 216 NA
16510 216 NA
16511 216 NA
16512 216 NA
16513 216 NA
16514 216 NA
16515 216 NA
16516 216 NA
16517 216 NA
16518 216 NA
16519 216 NA
16520 216 NA
16521 216 NA
16522 216 NA
16523 216 NA
16524 216 NA
16525 216 NA
16526 216 NA
16527 216 NA
16528 216 NA
16529 216 NA
16530 216 NA
16531 216 NA
16532 216 NA
16533 216 NA
16534 216 NA
16535 216 NA
16536 216 NA
16537 216 NA
16538 216 NA
16539 216 NA
16540 216 NA
16541 216 NA
16542 216 NA
16543 216 NA
16544 216 NA
16545 216 NA
16546 216 NA
16547 216 NA
16548 216 NA
16549 216 NA
16550 216 NA
16551 216 NA
16552 216 NA
16553 216 NA
16554 216 NA
16555 216 NA
16556 216 NA
16557 216 NA
16558 216 NA
16559 216 NA
16560 216 NA
16561 216 NA
16562 216 NA
16563 216 NA
16564 216 NA
16565 216 NA
16566 216 NA
16567 216 NA
16568 216 NA
16569 216 NA
16570 216 NA
16571 216 NA
16572 216 NA
16573 216 NA
16574 216 NA
16575 216 NA
16576 216 NA
16577 216 NA
16578 216 NA
16579 216 NA
16580 216 NA
16581 216 NA
16582 216 NA
16583 216 NA
16584 216 NA
16585 216 NA
16586 216 NA
16587 216 NA
16588 222 NA
16589 222 NA
16590 222 NA
16591 222 NA
16592 222 NA
16593 222 NA
16594 222 NA
16595 222 NA
16596 222 NA
16597 222 NA
16598 222 NA
16599 222 NA
16600 222 NA
16601 222 NA
16602 222 NA
16603 222 NA
16604 222 NA
16605 222 NA
16606 222 NA
16607 222 NA
16608 222 NA
16609 222 NA
16610 222 NA
16611 222 NA
16612 222 NA
16613 222 NA
16614 222 NA
16615 222 NA
16616 222 NA
16617 222 NA
16618 222 NA
16619 222 NA
16620 222 NA
16621 222 NA
16622 222 NA
16623 222 NA
16624 222 NA
16625 222 NA
16626 222 NA
16627 222 NA
16628 222 NA
16629 222 NA
16630 222 NA
16631 222 NA
16632 222 NA
16633 222 NA
16634 222 NA
16635 222 NA
16636 222 NA
16637 222 NA
16638 222 NA
16639 222 NA
16640 222 NA
16641 222 NA
16642 222 NA
16643 222 NA
16644 222 NA
16645 222 NA
16646 222 NA
16647 222 NA
16648 222 NA
16649 222 NA
16650 222 NA
16651 222 NA
16652 222 NA
16653 222 NA
16654 222 NA
16655 222 NA
16656 222 NA
16657 222 NA
16658 222 NA
16659 222 NA
16660 222 NA
16661 222 NA
16662 222 NA
16663 222 NA
16665 222 NA
16666 222 NA
16668 222 NA
16669 222 NA
16670 222 NA
16671 222 NA
16672 222 NA
16673 222 NA
16674 222 NA
16675 222 NA
16676 222 NA
16677 222 NA
16678 222 NA
16679 222 NA
16680 222 NA
16681 222 NA
16682 222 NA
16683 222 NA
16684 222 NA
16686 222 NA
16687 222 NA
16688 222 NA
16689 222 NA
16690 222 NA
16691 222 NA
16692 222 NA
16693 222 NA
16694 222 NA
16695 222 NA
16696 222 NA
16697 222 NA
16698 222 NA
16699 222 NA
16700 222 NA
16701 222 NA
16702 222 NA
16703 222 NA
16704 222 NA
16705 222 NA
16706 222 NA
16707 222 NA
16708 222 NA
16709 222 NA
16710 222 NA
16711 222 NA
16712 222 NA
16715 222 NA
16717 222 NA
16719 222 NA
16720 222 NA
16721 222 NA
16722 222 NA
16723 222 NA
16724 222 NA
16725 222 NA
16726 222 NA
16727 222 NA
16728 222 NA
16730 222 NA
16731 222 NA
16732 222 NA
16733 222 NA
16734 222 NA
16735 222 NA
16736 222 NA
16737 222 NA
16738 222 NA
16739 222 NA
16740 222 NA
16741 222 NA
16742 222 NA
16743 222 NA
16744 222 NA
16745 222 NA
16746 222 NA
16747 222 NA
16748 222 NA
16749 222 NA
16750 222 NA
16751 222 NA
16752 222 NA
16753 222 NA
16754 222 NA
16755 222 NA
16756 222 NA
16757 222 NA
16759 222 NA
16760 222 NA
16761 222 NA
16762 222 NA
16763 222 NA
16764 222 NA
16765 222 NA
16766 222 NA
16767 222 NA
16768 222 NA
16769 222 NA
16770 222 NA
16771 222 NA
16772 222 NA
16773 222 NA
16774 222 NA
16775 222 NA
16776 222 NA
16777 222 NA
16778 222 NA
16779 222 NA
16780 222 NA
16781 222 NA
16782 222 NA
16783 222 NA
16784 222 NA
16785 222 NA
16786 222 NA
16787 222 NA
16788 222 NA
16789 222 NA
16790 222 NA
16791 222 NA
16792 222 NA
16793 222 NA
16794 222 NA
16795 222 NA
16796 222 NA
16797 222 NA
16798 222 NA
16799 222 NA
16800 222 NA
16801 222 NA
16802 222 NA
16803 222 NA
16804 222 NA
16807 222 NA
16808 222 NA
16809 222 NA
16810 222 NA
16811 222 NA
16812 222 NA
16813 222 NA
16814 231 NA
16815 231 NA
16816 231 NA
16817 231 NA
16818 231 NA
16820 231 NA
16821 231 NA
16823 231 NA
16824 231 NA
16825 231 NA
16826 231 NA
16827 231 NA
16828 231 NA
16829 231 NA
16830 231 NA
16831 231 NA
16832 231 NA
16833 231 NA
16834 231 NA
16835 231 NA
16836 231 NA
16837 231 NA
16838 231 NA
16839 231 NA
16840 231 NA
16841 231 NA
16842 231 NA
16843 231 NA
16844 231 NA
16845 231 NA
16847 231 NA
16849 231 NA
16850 231 NA
16851 231 NA
16852 231 NA
16853 231 NA
16854 231 NA
16855 231 NA
16856 231 NA
16857 231 NA
16858 231 NA
16859 231 NA
16860 231 NA
16861 231 NA
16862 231 NA
16863 231 NA
16864 231 NA
16865 231 NA
16866 231 NA
16867 231 NA
16869 231 NA
16870 231 NA
16871 231 NA
16872 231 NA
16873 231 NA
16874 231 NA
16875 231 NA
16876 231 NA
16878 231 NA
16879 231 NA
16880 231 NA
16881 231 NA
16884 231 NA
16885 231 NA
16886 231 NA
16887 231 NA
16888 231 NA
16889 231 NA
16890 231 NA
16892 231 NA
16893 231 NA
16894 231 NA
16895 231 NA
16896 231 NA
16897 231 NA
16898 231 NA
16899 231 NA
16900 231 NA
16901 231 NA
16902 231 NA
16903 231 NA
16904 231 NA
16905 231 NA
16906 231 NA
16907 231 NA
16908 231 NA
16909 231 NA
16910 231 NA
16911 231 NA
16912 231 NA
16913 231 NA
16914 231 NA
16915 231 NA
16916 231 NA
16917 231 NA
16918 231 NA
16919 231 NA
16920 231 NA
16921 231 NA
16922 231 NA
16923 231 NA
16924 231 NA
16925 231 NA
16926 231 NA
16927 231 NA
16928 231 NA
16929 231 NA
16930 231 NA
16931 231 NA
16932 231 NA
16933 231 NA
16934 231 NA
16935 231 NA
16937 231 NA
16938 231 NA
16939 231 NA
16940 231 NA
16941 231 NA
16942 231 NA
16943 231 NA
16944 231 NA
16945 231 NA
16946 231 NA
16949 231 NA
16950 231 NA
16951 231 NA
16952 231 NA
16953 231 NA
16954 231 NA
16955 231 NA
16956 231 NA
16957 231 NA
16958 231 NA
16959 231 NA
16960 231 NA
16967 231 NA
16968 231 NA
16969 231 NA
16970 231 NA
16971 231 NA
16972 231 NA
16974 231 NA
16975 231 NA
16976 231 NA
16977 231 NA
16978 231 NA
16979 231 NA
16980 231 NA
16981 231 NA
16982 231 NA
16984 231 NA
16985 231 NA
16986 231 NA
16987 231 NA
16988 231 NA
16989 231 NA
16990 231 NA
16991 231 NA
16992 231 NA
16993 231 NA
16994 231 NA
16999 231 NA
17001 231 NA
17006 231 NA
17007 231 NA
17014 231 NA
17015 231 NA
17016 231 NA
17017 231 NA
17018 231 NA
17019 231 NA
17020 231 NA
17021 231 NA
17022 231 NA
17023 231 NA
17024 231 NA
17025 231 NA
17026 231 NA
17027 231 NA
17028 231 NA
17029 231 NA
17031 231 NA
17032 231 NA
17033 231 NA
17034 231 NA
17035 231 NA
17036 231 NA
17037 231 NA
17038 231 NA
17039 231 NA
17040 231 NA
17042 231 NA
17044 239 NA
17045 239 NA
17046 239 NA
17047 239 NA
17048 239 NA
17049 239 NA
17050 239 NA
17051 239 NA
17052 239 NA
17053 239 NA
17054 239 NA
17055 239 NA
17056 239 NA
17057 239 NA
17058 239 NA
17059 239 NA
17060 239 NA
17061 239 NA
17062 239 NA
17063 239 NA
17064 239 NA
17069 239 NA
17070 239 NA
17071 239 NA
17072 239 NA
17073 239 NA
17075 239 NA
17076 239 NA
17077 239 NA
17078 239 NA
17079 239 NA
17080 239 NA
17081 239 NA
17083 239 NA
17084 239 NA
17085 239 NA
17086 239 NA
17087 239 NA
17088 239 NA
17089 239 NA
17091 239 NA
17092 239 NA
17093 239 NA
17094 239 NA
17095 239 NA
17096 239 NA
17097 239 NA
17098 239 NA
17099 239 NA
17100 239 NA
17101 239 NA
17102 239 NA
17103 239 NA
17104 239 NA
17105 239 NA
17106 239 NA
17107 239 NA
17108 239 NA
17109 239 NA
17110 239 NA
17111 239 NA
17112 239 NA
17113 239 NA
17114 239 NA
17115 239 NA
17117 239 NA
17118 239 NA
17123 239 NA
17124 239 NA
17125 239 NA
17126 239 NA
17127 239 NA
17129 239 NA
17130 239 NA
17131 239 NA
17132 239 NA
17133 239 NA
17134 239 NA
17135 239 NA
17136 239 NA
17138 239 NA
17139 239 NA
17140 239 NA
17141 239 NA
17142 239 NA
17143 239 NA
17144 239 NA
17145 239 NA
17146 239 NA
17147 239 NA
17148 239 NA
17149 239 NA
