"Index" "Price" "Volume"
14019 11 NA
14020 11 NA
14021 10 NA
14022 10 NA
14023 9 NA
14024 9 NA
14025 10 NA
14026 10 NA
14027 10 NA
14028 10 NA
14029 10 NA
14030 10 NA
14031 10 NA
14032 10 NA
14033 10 NA
14034 10 NA
14035 10 NA
14036 10 NA
14037 10 NA
14038 9 NA
14039 9 NA
14040 9 NA
14041 9 NA
14042 9 NA
14043 9 NA
14044 9 NA
14045 9 NA
14046 9 NA
14047 9 NA
14048 9 NA
14049 9 NA
14050 9 NA
14051 9 NA
14052 9 NA
14053 9 NA
14054 9 NA
14055 9 NA
14056 9 NA
14057 9 NA
14058 9 NA
14059 9 NA
14060 9 NA
14061 9 NA
14062 9 NA
14063 9 NA
14064 9 NA
14065 9 NA
14066 9 NA
14067 9 NA
14068 9 NA
14069 9 NA
14070 9 NA
14071 9 NA
14072 9 NA
14073 9 NA
14074 9 NA
14075 9 NA
14076 9 NA
14077 9 NA
14078 9 NA
14079 9 NA
14080 9 NA
14081 9 NA
14082 9 NA
14083 9 NA
14084 9 NA
14085 10 NA
14086 10 NA
14087 10 NA
14088 10 NA
14089 10 NA
14090 10 NA
14091 10 NA
14092 10 NA
14093 10 NA
14094 10 NA
14095 10 NA
14096 10 NA
14097 10 NA
14098 10 NA
14099 10 NA
14100 10 NA
14101 10 NA
14102 10 NA
14103 10 NA
14104 10 NA
14105 10 NA
14106 10 NA
14107 10 NA
14108 10 NA
14109 10 NA
14110 10 NA
14111 10 NA
14112 10 NA
14113 10 NA
14114 10 NA
14115 10 NA
14116 10 NA
14117 10 NA
14118 10 NA
14119 10 NA
14120 10 NA
14121 10 NA
14122 10 NA
14123 10 NA
14124 10 NA
14125 10 NA
14126 9 NA
14127 9 NA
14128 9 NA
14129 9 NA
14130 9 NA
14131 9 NA
14132 9 NA
14133 9 NA
14134 9 NA
14135 9 NA
14136 9 NA
14137 9 NA
14138 9 NA
14139 9 NA
14140 10 NA
14141 10 NA
14142 10 NA
14143 10 NA
14144 10 NA
14145 10 NA
14146 10 NA
14147 10 NA
14148 10 NA
14149 10 NA
14150 10 NA
14151 10 NA
14152 10 NA
14153 10 NA
14154 10 NA
14155 10 NA
14156 9 NA
14157 9 NA
14158 9 NA
14159 9 NA
14160 9 NA
14161 9 NA
14162 9 NA
14163 9 NA
14164 9 NA
14165 9 NA
14166 9 NA
14167 9 NA
14168 9 NA
14169 9 NA
14170 9 NA
14171 9 NA
14172 9 NA
14173 9 NA
14174 9 NA
14175 10 NA
14176 10 NA
14177 10 NA
14178 10 NA
14179 10 NA
14180 10 NA
14181 10 NA
14182 10 NA
14183 10 NA
14184 10 NA
14185 10 NA
14186 10 NA
14187 10 NA
14188 10 NA
14189 10 NA
14190 10 NA
14191 10 NA
14192 10 NA
14193 10 NA
14194 11 NA
14195 11 NA
14196 10 NA
14197 10 NA
14198 10 NA
14199 10 NA
14200 11 NA
14201 11 NA
14202 11 NA
14203 11 NA
14204 11 NA
14205 11 NA
14206 11 NA
14207 11 NA
14208 11 NA
14209 11 NA
14210 11 NA
14211 11 NA
14212 11 NA
14213 11 NA
14214 11 NA
14215 11 NA
14216 11 NA
14217 12 NA
14218 12 NA
14219 12 NA
14220 12 NA
14221 12 NA
14222 12 NA
14223 12 NA
14224 12 NA
14225 12 NA
14226 12 NA
14227 12 NA
14228 12 NA
14229 12 NA
14230 12 NA
14231 12 NA
14232 12 NA
14233 12 NA
14234 12 NA
14235 12 NA
14236 12 NA
14237 12 NA
14238 12 NA
14239 12 NA
14240 12 NA
14241 12 NA
14242 12 NA
14243 12 NA
14244 12 NA
14245 12 NA
14246 12 NA
14247 12 NA
14248 12 NA
14249 12 NA
14250 12 NA
14251 13 NA
14252 13 NA
14253 12 NA
14254 11 NA
14255 11 NA
14256 11 NA
14257 11 NA
14258 11 NA
14259 11 NA
14260 11 NA
14261 11 NA
14262 11 NA
14263 11 NA
14264 11 NA
14265 11 NA
14266 11 NA
14267 11 NA
14268 11 NA
14269 12 NA
14270 12 NA
14271 12 NA
14272 13 NA
14273 13 NA
14274 12 NA
14275 12 NA
14276 12 NA
14277 12 NA
14278 12 NA
14279 12 NA
14280 12 NA
14281 12 NA
14282 12 NA
14283 12 NA
14284 12 NA
14285 12 NA
14286 12 NA
14287 12 NA
14288 12 NA
14289 12 NA
14290 12 NA
14291 13 NA
14292 13 NA
14293 13 NA
14294 13 NA
14295 13 NA
14296 13 NA
14297 13 NA
14298 13 NA
14299 13 NA
14300 13 NA
14301 14 NA
14302 14 NA
14303 14 NA
14304 15 NA
14305 15 NA
14306 15 NA
14307 15 NA
14308 15 NA
14309 15 NA
14310 15 NA
14311 15 NA
14312 16 NA
14313 16 NA
14314 16 NA
14315 17 NA
14316 18 NA
14317 18 NA
14318 18 NA
14319 19 NA
14320 19 NA
14321 19 NA
14322 19 NA
14323 19 NA
14324 19 NA
14325 19 NA
14326 19 NA
14327 19 NA
14328 19 NA
14329 19 NA
14330 19 NA
14331 19 NA
14332 19 NA
14333 20 NA
14334 20 NA
14335 20 NA
14336 20 NA
14337 20 NA
14338 20 NA
14339 20 NA
14340 20 NA
14341 20 NA
14342 20 NA
14343 20 NA
14344 20 NA
14345 20 NA
14346 20 NA
14347 20 NA
14348 20 NA
14349 20 NA
14350 19 NA
14351 19 NA
14352 19 NA
14353 19 NA
14354 19 NA
14355 20 NA
14356 20 NA
14357 20 NA
14358 20 NA
14359 20 NA
14360 20 NA
14361 20 NA
14362 20 NA
14363 21 NA
14364 22 NA
14365 22 NA
14366 22 NA
14367 22 NA
14368 22 NA
14369 22 NA
14370 22 NA
14371 22 NA
14372 22 NA
14373 22 NA
14374 22 NA
14375 22 NA
14376 22 NA
14377 21 NA
14378 21 NA
14379 21 NA
14380 21 NA
14381 21 NA
14382 21 NA
14383 21 NA
14384 21 NA
14385 21 NA
14386 22 NA
14387 22 NA
14388 23 NA
14389 25 NA
14390 26 NA
14391 26 NA
14392 27 NA
14393 27 NA
14394 28 NA
14395 30 NA
14396 28 NA
14397 28 NA
14398 28 NA
14399 29 NA
14400 30 NA
14401 30 NA
14402 29 NA
14403 28 NA
14404 27 NA
14405 28 NA
14406 29 NA
14407 29 NA
14408 29 NA
14409 30 NA
14410 30 NA
14411 30 NA
14412 30 NA
14413 30 NA
14414 30 NA
14415 30 NA
14416 30 NA
14417 29 NA
14418 29 NA
14419 31 NA
14420 31 NA
14421 31 NA
14422 30 NA
14423 31 NA
14424 31 NA
14425 31 NA
14426 31 NA
14428 32 NA
14429 34 NA
14430 34 NA
14431 34 NA
14432 36 NA
14433 37 NA
14434 37 NA
14435 37 NA
14436 39 NA
14437 39 NA
14438 40 NA
14439 41 NA
14440 42 NA
14441 43 NA
14442 41 NA
14443 39 NA
14444 39 NA
14445 39 NA
14446 39 NA
14447 39 NA
14448 39 NA
14449 39 NA
14450 40 NA
14451 41 NA
14452 39 NA
14453 39 NA
14454 40 NA
14455 40 NA
14456 40 NA
14457 39 NA
14458 40 NA
14459 41 NA
14460 42 NA
14461 41 NA
14462 42 NA
14463 42 NA
14464 41 NA
14465 41 NA
14466 41 NA
14467 41 NA
14468 42 NA
14469 42 NA
14470 42 NA
14471 43 NA
14472 46 NA
14473 46 NA
14474 47 NA
14475 48 NA
14476 48 NA
14477 47 NA
14478 47 NA
14479 46 NA
14480 46 NA
14481 46 NA
14482 46 NA
14483 44 NA
14484 44 NA
14485 43 NA
14486 44 NA
14487 46 NA
14488 48 NA
14489 49 NA
14490 49 NA
14491 49 NA
14492 49 NA
14493 51 NA
14494 52 NA
14495 52 NA
14496 52 NA
14497 52 NA
14498 52 NA
14499 52 NA
14500 51 NA
14501 51 NA
14502 51 NA
14503 50 NA
14504 49 NA
14505 49 NA
14506 49 NA
14507 48 NA
14508 49 NA
14509 50 NA
14510 49 NA
14511 49 NA
14512 48 NA
14513 48 NA
14514 48 NA
14515 47 NA
14516 47 NA
14517 47 NA
14518 47 NA
14519 50 NA
14520 50 NA
14521 52 NA
14522 50 NA
14523 50 NA
14524 52 NA
14525 52 NA
14526 52 NA
14527 53 NA
14528 55 NA
14529 55 NA
14530 55 NA
14531 55 NA
14532 55 NA
14533 54 NA
14534 54 NA
14535 53 NA
14536 53 NA
14537 51 NA
14538 50 NA
14539 50 NA
14540 49 NA
14541 49 NA
14542 50 NA
14543 51 NA
14544 51 NA
14545 54 NA
14546 54 NA
14547 52 NA
14548 51 NA
14549 52 NA
14550 54 NA
14551 52 NA
14552 51 NA
14553 50 NA
14554 50 NA
14555 50 NA
14556 50 NA
14557 49 NA
14558 52 NA
14559 53 NA
14560 53 NA
14561 54 NA
14562 53 NA
14563 51 NA
14564 52 NA
14565 51 NA
14566 50 NA
14567 50 NA
14568 50 NA
14569 52 NA
14570 52 NA
14571 52 NA
14572 52 NA
14573 53 NA
14574 51 NA
14575 50 NA
14576 49 NA
14577 49 NA
14578 49 NA
14579 49 NA
14580 50 NA
14581 51 NA
14582 54 NA
14583 54 NA
14584 54 NA
14585 54 NA
14586 54 NA
14587 55 NA
14588 55 NA
14589 55 NA
14590 55 NA
14591 52 NA
14592 50 NA
14593 50 NA
14594 47 NA
14595 46 NA
14596 46 NA
14597 45 NA
14598 46 NA
14599 48 NA
14600 48 NA
14601 49 NA
14602 50 NA
14603 51 NA
14604 50 NA
14605 50 NA
14606 50 NA
14607 51 NA
14608 51 NA
14609 51 NA
14610 51 NA
14611 53 NA
14612 55 NA
14613 57 NA
14614 58 NA
14615 58 NA
14616 56 NA
14617 56 NA
14618 57 NA
14619 59 NA
14620 59 NA
14621 64 NA
14622 64 NA
14623 71 NA
14624 71 NA
14625 73 NA
14626 71 NA
14627 71 NA
14628 68 NA
14629 68 NA
14630 69 NA
14631 64 NA
14632 64 NA
14633 65 NA
14634 65 NA
14635 65 NA
14636 66 NA
14637 65 NA
14638 63 NA
14639 62 NA
14640 63 NA
14641 65 NA
14642 65 NA
14643 63 NA
14644 63 NA
14645 64 NA
14646 67 NA
14647 68 NA
14648 63 NA
14649 63 NA
14650 59 NA
14651 59 NA
14652 59 NA
14653 59 NA
14654 59 NA
14655 59 NA
14656 59 NA
14657 60 NA
14658 65 NA
14659 68 NA
14660 68 NA
14661 69 NA
14662 71 NA
14663 71 NA
14664 72 NA
14665 74 NA
14666 74 NA
14667 74 NA
14668 74 NA
14669 77 NA
14670 76 NA
14671 75 NA
14672 78 NA
14673 78 NA
14674 78 NA
14675 79 NA
14676 80 NA
14677 80 NA
14678 76 NA
14679 76 NA
14680 77 NA
14681 76 NA
14682 76 NA
14683 76 NA
14684 76 NA
14685 76 NA
14686 76 NA
14687 77 NA
14688 77 NA
14689 77 NA
14690 77 NA
14691 77 NA
14692 77 NA
14693 77 NA
14694 77 NA
14695 77 NA
14696 80 NA
14697 79 NA
14698 76 NA
14699 77 NA
14700 79 NA
14701 82 NA
14702 85 NA
14703 84 NA
14704 81 NA
14705 77 NA
14706 77 NA
14707 79 NA
14708 82 NA
14709 82 NA
14710 82 NA
14711 84 NA
14712 75 NA
14713 75 NA
14714 75 NA
14715 76 NA
14716 76 NA
14717 77 NA
14718 80 NA
14719 80 NA
14720 79 NA
14721 79 NA
14722 76 NA
14723 76 NA
14724 77 NA
14725 80 NA
14726 82 NA
14727 84 NA
14728 84 NA
14729 84 NA
14730 87 NA
14731 88 NA
14732 89 NA
14733 89 NA
14734 88 NA
14735 88 NA
14736 90 NA
14737 90 NA
14738 89 NA
14739 89 NA
14740 87 NA
14741 88 NA
14742 91 NA
14743 90 NA
14744 92 NA
14745 96 NA
14746 94 NA
14747 93 NA
14748 95 NA
14749 95 NA
14750 97 NA
14751 98 NA
14752 97 NA
14753 97 NA
14754 97 NA
14755 93 NA
14756 93 NA
14757 93 NA
14758 93 NA
14759 91 NA
14760 91 NA
14761 91 NA
14762 90 NA
14763 90 NA
14764 93 NA
14765 92 NA
14766 92 NA
14767 92 NA
14768 91 NA
14769 94 NA
14770 93 NA
14771 93 NA
14772 93 NA
14773 93 NA
14774 93 NA
14775 94 NA
14776 93 NA
14777 93 NA
14778 95 NA
14779 95 NA
14780 94 NA
14781 94 NA
14782 94 NA
14783 94 NA
14784 91 NA
14785 91 NA
14786 90 NA
14787 92 NA
14788 93 NA
14789 94 NA
14790 94 NA
14791 94 NA
14792 96 NA
14793 95 NA
14794 92 NA
14795 90 NA
14796 90 NA
14797 91 NA
14798 92 NA
14799 92 NA
14800 92 NA
14801 92 NA
14802 91 NA
14803 95 NA
14804 95 NA
14805 96 NA
14806 96 NA
14807 97 NA
14808 96 NA
14809 91 NA
14810 94 NA
14811 94 NA
14812 88 NA
14813 84 NA
14814 84 NA
14815 84 NA
14816 85 NA
14817 87 NA
14818 88 NA
14819 90 NA
14820 90 NA
14821 93 NA
14822 94 NA
14823 94 NA
14824 94 NA
14825 93 NA
14826 97 NA
14827 101 NA
14828 101 NA
14829 104 NA
14830 105 NA
14831 103 NA
14832 96 NA
14833 96 NA
14834 96 NA
14835 96 NA
14836 100 NA
14837 102 NA
14838 102 NA
14839 102 NA
14840 99 NA
14841 99 NA
14842 99 NA
14843 99 NA
14844 99 NA
14845 99 NA
14846 99 NA
14847 101 NA
14848 101 NA
14849 101 NA
14850 101 NA
14851 103 NA
14852 102 NA
14853 102 NA
14854 104 NA
14855 102 NA
14856 102 NA
14857 102 NA
14858 102 NA
14859 102 NA
14860 102 NA
14861 101 NA
14862 100 NA
14863 102 NA
14864 103 NA
14865 103 NA
14866 105 NA
14867 105 NA
14868 105 NA
14869 103 NA
14870 97 NA
14871 97 NA
14872 91 NA
14873 91 NA
14874 95 NA
14875 95 NA
14876 96 NA
14877 97 NA
14878 96 NA
14879 97 NA
14880 97 NA
14881 97 NA
14882 99 NA
14883 99 NA
14884 100 NA
14885 101 NA
14886 102 NA
14887 105 NA
14888 103 NA
14889 104 NA
14890 101 NA
14891 101 NA
14892 100 NA
14893 102 NA
14894 102 NA
14895 100 NA
14896 99 NA
14897 98 NA
14898 98 NA
14899 98 NA
14900 98 NA
14901 96 NA
14902 96 NA
14903 98 NA
14904 98 NA
14905 97 NA
14906 99 NA
14907 101 NA
14908 101 NA
14909 102 NA
14910 103 NA
14911 103 NA
14912 104 NA
14913 102 NA
14914 103 NA
14915 103 NA
14916 102 NA
14917 100 NA
14918 103 NA
14920 100 NA
14921 97 NA
14922 98 NA
14923 98 NA
14924 99 NA
14925 99 NA
14926 98 NA
14927 95 NA
14928 91 NA
14929 91 NA
14930 97 NA
14931 97 NA
14932 99 NA
14933 102 NA
14934 102 NA
14935 102 NA
14936 99 NA
14937 99 NA
14938 102 NA
14939 103 NA
14940 103 NA
14941 103 NA
14942 103 NA
14943 102 NA
14944 98 NA
14945 99 NA
14946 99 NA
14947 100 NA
14948 102 NA
14949 102 NA
14950 102 NA
14951 94 NA
14952 93 NA
14953 93 NA
14954 93 NA
14955 94 NA
14956 93 NA
14957 91 NA
14958 92 NA
14959 93 NA
14960 91 NA
14961 91 NA
14962 90 NA
14963 90 NA
14964 90 NA
14965 94 NA
14966 96 NA
14967 95 NA
14968 95 NA
14969 96 NA
14970 99 NA
14971 100 NA
14972 102 NA
14973 97 NA
14974 94 NA
14975 94 NA
14979 97 NA
14981 103 NA
14984 103 NA
14985 102 NA
14986 102 NA
14987 101 NA
14988 100 NA
14990 102 NA
14992 102 NA
14993 103 NA
14996 104 NA
14998 103 NA
15000 100 NA
15001 97 NA
15003 104 NA
15005 105 NA
15007 102 NA
15008 99 NA
15009 99 NA
15011 100 NA
15012 112 NA
15013 105 NA
15014 105 NA
15016 104 NA
15018 102 NA
15019 103 NA
15020 103 NA
15023 106 NA
15025 107 NA
15026 111 NA
15028 120 NA
15029 133 NA
15031 135 NA
15032 135 NA
15033 131 NA
15035 130 NA
15036 140 NA
15037 140 NA
15038 143 NA
15039 147 NA
15040 149 NA
15042 155 NA
15044 155 NA
15046 158 NA
15047 162 NA
15048 169 NA
15049 169 NA
15050 180 NA
15052 186 NA
15054 192 NA
15055 204 NA
15058 231 NA
15060 240 NA
15061 249 NA
15063 263 NA
15064 263 NA
15066 262 NA
15067 249 NA
15068 241 NA
15070 221 NA
15072 210 NA
15073 194 NA
15076 205 NA
15078 209 NA
15080 217 NA
15081 223 NA
15082 228 NA
15084 223 NA
15085 216 NA
15086 212 NA
15087 208 NA
15088 207 NA
15089 204 NA
15090 200 NA
15091 197 NA
15093 189 NA
15094 186 NA
15095 183 NA
15096 178 NA
15097 170 NA
15098 164 NA
15100 160 NA
15101 157 NA
15103 153 NA
15104 142 NA
15106 140 NA
15109 139 NA
15110 134 NA
15114 128 NA
15115 129 NA
15116 127 NA
15119 123 NA
15120 120 NA
15121 119 NA
15123 118 NA
15125 117 NA
15126 114 NA
15128 112 NA
15130 111 NA
15132 109 NA
15133 111 NA
15135 121 NA
15136 120 NA
15137 121 NA
15138 122 NA
15140 124 NA
15142 130 NA
15143 136 NA
15144 134 NA
15145 133 NA
15147 126 NA
15150 125 NA
15151 124 NA
15152 123 NA
15154 122 NA
15156 119 NA
15157 121 NA
15158 124 NA
15159 128 NA
15161 135 NA
15163 145 NA
15164 143 NA
15165 142 NA
15166 140 NA
15168 147 NA
15170 160 NA
15172 164 NA
15173 162 NA
15175 164 NA
15177 156 NA
15178 156 NA
15179 162 NA
15181 161 NA
15184 151 NA
15185 149 NA
15186 156 NA
15187 164 NA
15189 182 NA
15191 201 NA
15193 215 NA
15194 215 NA
15196 240 NA
15197 244 NA
15199 261 NA
15204 287 NA
15207 298 NA
15208 305 NA
15210 302 NA
15214 304 NA
15215 310 NA
15217 309 NA
15219 316 NA
15220 314 NA
15221 314 NA
15222 308 NA
15224 288 NA
15226 301 NA
15227 295 NA
15228 286 NA
15229 284 NA
15231 271 NA
15232 275 NA
15233 283 NA
15235 277 NA
15238 272 NA
15240 260 NA
15242 252 NA
15243 250 NA
15244 248 NA
15247 245 NA
15248 246 NA
15249 246 NA
15250 241 NA
15252 236 NA
15254 218 NA
15256 213 NA
15257 212 NA
15258 209 NA
15259 202 NA
15261 196 NA
15263 189 NA
15264 186 NA
15266 183 NA
15268 174 NA
15270 173 NA
15271 166 NA
15273 170 NA
15275 167 NA
15277 166 NA
15280 165 NA
15281 164 NA
15283 161 NA
15284 163 NA
15287 159 NA
15289 156 NA
15291 150 NA
15294 147 NA
15296 145 NA
15297 149 NA
15299 150 NA
15302 149 NA
15303 151 NA
15304 146 NA
15306 144 NA
15307 142 NA
15308 145 NA
15310 144 NA
15312 146 NA
15313 142 NA
15314 142 NA
15315 137 NA
15316 133 NA
15317 128 NA
15318 126 NA
15319 123 NA
15320 121 NA
15321 121 NA
15322 126 NA
15323 129 NA
15324 132 NA
15325 135 NA
15326 130 NA
15327 129 NA
15328 133 NA
15329 139 NA
15330 142 NA
15331 145 NA
15332 148 NA
15333 149 NA
15334 156 NA
15335 160 NA
15336 166 NA
15337 173 NA
15338 177 NA
15339 182 NA
15340 190 NA
15341 198 NA
15342 204 NA
15343 205 NA
15344 203 NA
15345 202 NA
15346 202 NA
15347 201 NA
15348 199 NA
15349 198 NA
15350 199 NA
15351 199 NA
15352 195 NA
15353 193 NA
15354 195 NA
15355 198 NA
15356 201 NA
15357 201 NA
15358 201 NA
15359 203 NA
15360 207 NA
15361 212 NA
15362 214 NA
15363 219 NA
15364 219 NA
15365 227 NA
15366 239 NA
15367 249 NA
15368 259 NA
15369 268 NA
15370 277 NA
15371 287 NA
15372 301 NA
15373 305 NA
15374 300 NA
15375 295 NA
15376 295 NA
15377 300 NA
15378 300 NA
15379 293 NA
15380 302 NA
15381 308 NA
15382 308 NA
15383 309 NA
15384 316 NA
15385 316 NA
15386 316 NA
15387 319 NA
15388 320 NA
15389 315 NA
15390 308 NA
15391 307 NA
15392 312 NA
15393 309 NA
15394 302 NA
15395 286 NA
15396 278 NA
15397 273 NA
15398 273 NA
15399 282 NA
15400 284 NA
15401 274 NA
15402 263 NA
15403 267 NA
15404 261 NA
15405 261 NA
15406 255 NA
15407 255 NA
15408 256 NA
15409 254 NA
15410 254 NA
15411 260 NA
15412 255 NA
15413 255 NA
15414 242 NA
15415 242 NA
15416 233 NA
15417 226 NA
15418 223 NA
15419 214 NA
15420 214 NA
15421 207 NA
15422 201 NA
15423 196 NA
15424 190 NA
15425 185 NA
15426 179 NA
15427 179 NA
15428 172 NA
15429 172 NA
15430 169 NA
15431 162 NA
15432 159 NA
15433 156 NA
15434 156 NA
15435 152 NA
15436 149 NA
15437 149 NA
15438 148 NA
15439 142 NA
15440 139 NA
15441 136 NA
15442 135 NA
15443 135 NA
15444 131 NA
15445 126 NA
15446 122 NA
15447 116 NA
15448 111 NA
15449 111 NA
15450 112 NA
15451 115 NA
15452 111 NA
15453 108 NA
15454 108 NA
15455 109 NA
15456 109 NA
15457 109 NA
15458 109 NA
15459 106 NA
15460 106 NA
15461 106 NA
15462 103 NA
15463 103 NA
15464 100 NA
15465 97 NA
15466 97 NA
15467 95 NA
15468 93 NA
15469 90 NA
15470 86 NA
15471 86 NA
15472 82 NA
15473 77 NA
15474 74 NA
15475 74 NA
15476 70 NA
15477 70 NA
15478 66 NA
15479 62 NA
15480 58 NA
15481 56 NA
15482 56 NA
15483 53 NA
15484 51 NA
15485 51 NA
15486 48 NA
15487 46 NA
15488 45 NA
15489 45 NA
15490 45 NA
15491 44 NA
15492 43 NA
15493 43 NA
15494 43 NA
15495 42 NA
15496 43 NA
15497 43 NA
15498 43 NA
15499 43 NA
15500 40 NA
15501 40 NA
15502 38 NA
15503 37 NA
15504 37 NA
15505 36 NA
15506 36 NA
15507 34 NA
15508 33 NA
15509 32 NA
15510 30 NA
15511 29 NA
15512 29 NA
15513 28 NA
15514 27 NA
15515 27 NA
15516 27 NA
15517 27 NA
15518 27 NA
15519 28 NA
15520 28 NA
15521 28 NA
15522 28 NA
15523 27 NA
15524 27 NA
15525 26 NA
15526 26 NA
15527 27 NA
15528 27 NA
15529 29 NA
15530 30 NA
15531 29 NA
15532 29 NA
15533 29 NA
15534 28 NA
15535 28 NA
15536 28 NA
15537 28 NA
15538 28 NA
15539 27 NA
15540 27 NA
15541 27 NA
15542 27 NA
15543 27 NA
15544 27 NA
15545 26 NA
15546 27 NA
15547 28 NA
15548 28 NA
15549 28 NA
15550 28 NA
15551 28 NA
15552 28 NA
15553 28 NA
15554 29 NA
15555 29 NA
15556 29 NA
15557 29 NA
15558 28 NA
15559 26 NA
15560 26 NA
15561 27 NA
15562 27 NA
15563 26 NA
15564 26 NA
15565 26 NA
15566 26 NA
15567 27 NA
15568 27 NA
15569 26 NA
15570 26 NA
15571 25 NA
15572 25 NA
15573 23 NA
15574 21 NA
15575 19 NA
15576 18 NA
15577 18 NA
15578 18 NA
15579 19 NA
15580 19 NA
15581 19 NA
15582 20 NA
15583 20 NA
15584 21 NA
15585 21 NA
15586 21 NA
15587 21 NA
15588 21 NA
15589 21 NA
15590 21 NA
15591 21 NA
15592 21 NA
15593 23 NA
15594 23 NA
15595 23 NA
15596 25 NA
15597 25 NA
15598 24 NA
15599 24 NA
15600 22 NA
15601 21 NA
15602 21 NA
15603 21 NA
15604 22 NA
15605 22 NA
15606 22 NA
15607 22 NA
15608 22 NA
15609 22 NA
15610 22 NA
15611 23 NA
15612 23 NA
15613 23 NA
15614 23 NA
15615 23 NA
15616 23 NA
15617 23 NA
15618 24 NA
15619 24 NA
15620 24 NA
15621 25 NA
15622 25 NA
15623 25 NA
15624 25 NA
15625 24 NA
15626 24 NA
15627 24 NA
15628 24 NA
15629 24 NA
15630 23 NA
15631 22 NA
15632 22 NA
15633 22 NA
15634 23 NA
15635 23 NA
15636 24 NA
15637 24 NA
15638 22 NA
15639 22 NA
15640 23 NA
15641 23 NA
15642 24 NA
15643 24 NA
15644 25 NA
15645 25 NA
15646 25 NA
15647 26 NA
15648 28 NA
15649 28 NA
15650 29 NA
15651 30 NA
15652 30 NA
15653 31 NA
15654 32 NA
15655 33 NA
15656 33 NA
15657 34 NA
15658 34 NA
15659 34 NA
15660 34 NA
15661 35 NA
15662 35 NA
15663 35 NA
15664 35 NA
15665 35 NA
15666 35 NA
15667 35 NA
15668 37 NA
15669 37 NA
15670 37 NA
15671 37 NA
15672 37 NA
15673 36 NA
15674 36 NA
15675 36 NA
15676 38 NA
15677 38 NA
15678 38 NA
15679 40 NA
15680 40 NA
15681 40 NA
15682 42 NA
15683 42 NA
15684 44 NA
15685 44 NA
15686 44 NA
15687 46 NA
15688 46 NA
15689 46 NA
15690 45 NA
15691 45 NA
15692 45 NA
15693 43 NA
15694 43 NA
15695 43 NA
15696 42 NA
15697 42 NA
15698 42 NA
15699 42 NA
15700 42 NA
15701 42 NA
15702 41 NA
15703 41 NA
15704 41 NA
15705 40 NA
15706 40 NA
15707 40 NA
15708 39 NA
15709 39 NA
15710 39 NA
15711 39 NA
15712 39 NA
15713 39 NA
15714 39 NA
15715 39 NA
15716 39 NA
15717 39 NA
15718 38 NA
15719 38 NA
15720 38 NA
15721 38 NA
15722 37 NA
15723 37 NA
15724 37 NA
15725 36 NA
15726 36 NA
15727 35 NA
15728 35 NA
15729 35 NA
15730 34 NA
15731 34 NA
15732 34 NA
15733 34 NA
15734 34 NA
15735 34 NA
15736 34 NA
15737 34 NA
15738 34 NA
15739 34 NA
15740 34 NA
15741 34 NA
15742 34 NA
15743 34 NA
15744 34 NA
15745 34 NA
15746 34 NA
15747 35 NA
15748 35 NA
15749 35 NA
15750 35 NA
15751 35 NA
15752 35 NA
15753 35 NA
15754 36 NA
15755 36 NA
15756 36 NA
15757 36 NA
15758 36 NA
15759 36 NA
15760 36 NA
15761 36 NA
15762 36 NA
15763 36 NA
15764 36 NA
15765 36 NA
15766 36 NA
15767 36 NA
15768 36 NA
15769 35 NA
15770 35 NA
15771 35 NA
15772 34 NA
15773 34 NA
15774 34 NA
15775 33 NA
15776 33 NA
15777 33 NA
15778 32 NA
15779 32 NA
15780 32 NA
15781 31 NA
15782 31 NA
15783 31 NA
15784 31 NA
15785 31 NA
15786 31 NA
15787 31 NA
15788 31 NA
15789 31 NA
15790 30 NA
15791 30 NA
15792 30 NA
15793 28 NA
15794 28 NA
15795 28 NA
15796 28 NA
15797 28 NA
15798 28 NA
15799 28 NA
15800 28 NA
15801 27 NA
15802 27 NA
15803 27 NA
15804 27 NA
15805 27 NA
15806 27 NA
15807 27 NA
15808 26 NA
15809 26 NA
15810 25 NA
15811 25 NA
15812 25 NA
15813 25 NA
15814 25 NA
15815 25 NA
15816 25 NA
15817 24 NA
15818 24 NA
15819 24 NA
15820 23 NA
15821 23 NA
15822 23 NA
15823 22 NA
15824 22 NA
15825 22 NA
15826 21 NA
15827 21 NA
15828 21 NA
15829 21 NA
15830 21 NA
15831 21 NA
15832 21 NA
15833 21 NA
15834 21 NA
15835 21 NA
15836 21 NA
15837 21 NA
15838 21 NA
15839 21 NA
15840 21 NA
15841 21 NA
15842 21 NA
15843 21 NA
15844 22 NA
15845 22 NA
15846 22 NA
15847 23 NA
15848 23 NA
15849 23 NA
15850 23 NA
15851 23 NA
15852 22 NA
15853 22 NA
15854 22 NA
15855 20 NA
15856 20 NA
15857 20 NA
15858 20 NA
15859 20 NA
15860 20 NA
15861 20 NA
15862 20 NA
15863 20 NA
15864 20 NA
15865 20 NA
15866 20 NA
15867 20 NA
15868 20 NA
15869 20 NA
15870 21 NA
15871 21 NA
15872 21 NA
15873 20 NA
15874 20 NA
15875 20 NA
15876 20 NA
15877 20 NA
15878 20 NA
15879 21 NA
15880 21 NA
15881 22 NA
15882 22 NA
15883 22 NA
15884 22 NA
15885 22 NA
15886 22 NA
15887 22 NA
15888 22 NA
15889 22 NA
15890 22 NA
15891 22 NA
15892 22 NA
15893 22 NA
15894 22 NA
15895 22 NA
15896 24 NA
15897 24 NA
15898 24 NA
15899 25 NA
15900 25 NA
15901 25 NA
15902 24 NA
15903 24 NA
15904 24 NA
15905 24 NA
15906 24 NA
15907 24 NA
15908 24 NA
15909 24 NA
15910 24 NA
15911 24 NA
15912 25 NA
15913 25 NA
15914 25 NA
15915 26 NA
15916 26 NA
15917 26 NA
15918 28 NA
15919 28 NA
15920 28 NA
15921 30 NA
15922 30 NA
15923 30 NA
15924 32 NA
15925 32 NA
15926 32 NA
15927 32 NA
15928 34 NA
15929 34 NA
15930 34 NA
15931 34 NA
15932 36 NA
15933 36 NA
15934 36 NA
15935 36 NA
15936 36 NA
15937 35 NA
15938 35 NA
15939 35 NA
15940 35 NA
15941 35 NA
15942 36 NA
15943 36 NA
15944 36 NA
15945 36 NA
15946 36 NA
15947 34 NA
15948 34 NA
15949 34 NA
15950 34 NA
15951 34 NA
15952 33 NA
15953 33 NA
15954 33 NA
15955 33 NA
15956 33 NA
15957 32 NA
15958 32 NA
15959 32 NA
15960 32 NA
15961 32 NA
15962 32 NA
15963 31 NA
15964 31 NA
15965 31 NA
15966 31 NA
15967 31 NA
15968 31 NA
15969 31 NA
15970 30 NA
15971 30 NA
15972 30 NA
15973 30 NA
15974 30 NA
15975 30 NA
15976 30 NA
15977 30 NA
15978 30 NA
15979 30 NA
15980 30 NA
15981 30 NA
15982 30 NA
15983 29 NA
15984 29 NA
15985 29 NA
15986 29 NA
15987 29 NA
15988 29 NA
15989 29 NA
15990 28 NA
15991 28 NA
15992 28 NA
15993 28 NA
15994 28 NA
15995 28 NA
15996 27 NA
15997 27 NA
15998 27 NA
15999 27 NA
16000 27 NA
16001 26 NA
16002 26 NA
16003 26 NA
16004 26 NA
16005 26 NA
16006 24 NA
16007 24 NA
16008 24 NA
16009 24 NA
16010 24 NA
16011 24 NA
16012 24 NA
16013 24 NA
16014 24 NA
16015 24 NA
16016 24 NA
16017 24 NA
16018 24 NA
16019 24 NA
16020 24 NA
16021 24 NA
16022 24 NA
16023 24 NA
16024 25 NA
16025 25 NA
16026 25 NA
16027 25 NA
16028 25 NA
16029 25 NA
16030 24 NA
16031 24 NA
16032 24 NA
16033 24 NA
16034 24 NA
16035 24 NA
16036 23 NA
16037 23 NA
16038 23 NA
16039 23 NA
16040 22 NA
16041 22 NA
16042 22 NA
16043 22 NA
16044 22 NA
16045 22 NA
16046 22 NA
16047 22 NA
16048 22 NA
16049 22 NA
16050 22 NA
16051 22 NA
16052 22 NA
16053 21 NA
16054 21 NA
16055 21 NA
16056 21 NA
16057 21 NA
16058 21 NA
16059 20 NA
16060 20 NA
16061 20 NA
16062 20 NA
16063 20 NA
16064 20 NA
16065 20 NA
16066 20 NA
16067 20 NA
16068 20 NA
16069 20 NA
16070 20 NA
16071 20 NA
16072 20 NA
16073 20 NA
16074 20 NA
16075 20 NA
16076 20 NA
16077 20 NA
16078 20 NA
16079 20 NA
16080 20 NA
16081 20 NA
16082 20 NA
16083 20 NA
16084 20 NA
16085 20 NA
16086 20 NA
16087 20 NA
16088 20 NA
16089 20 NA
16090 20 NA
16091 20 NA
16092 20 NA
16093 20 NA
16094 20 NA
16095 20 NA
16096 20 NA
16097 20 NA
16098 20 NA
16099 20 NA
16100 20 NA
16101 20 NA
16102 20 NA
16103 20 NA
16104 20 NA
16105 20 NA
16106 20 NA
16107 20 NA
16108 20 NA
16109 20 NA
16110 20 NA
16111 20 NA
16112 20 NA
16113 20 NA
16114 20 NA
16115 20 NA
16116 20 NA
16117 20 NA
16118 20 NA
16119 20 NA
16120 20 NA
16121 20 NA
16122 20 NA
16123 20 NA
16124 19 NA
16125 19 NA
16126 19 NA
16127 19 NA
16128 19 NA
16129 19 NA
16130 19 NA
16131 19 NA
16132 19 NA
16133 19 NA
16134 19 NA
16135 19 NA
16136 19 NA
16137 19 NA
16138 19 NA
16139 19 NA
16140 19 NA
16141 19 NA
16142 19 NA
16143 19 NA
16144 19 NA
16145 19 NA
16146 19 NA
16147 19 NA
16148 19 NA
16149 19 NA
16150 19 NA
16151 19 NA
16152 19 NA
16153 19 NA
16154 19 NA
16155 19 NA
16156 19 NA
16157 19 NA
16158 19 NA
16159 19 NA
16160 19 NA
16161 19 NA
16162 19 NA
16163 19 NA
16164 19 NA
16165 19 NA
16166 19 NA
16167 19 NA
16168 19 NA
16169 19 NA
16170 19 NA
16171 20 NA
16172 20 NA
16173 20 NA
16174 20 NA
16175 20 NA
16176 20 NA
16177 20 NA
16178 20 NA
16179 20 NA
16180 21 NA
16181 21 NA
16182 21 NA
16183 21 NA
16184 21 NA
16185 21 NA
16186 20 NA
16187 20 NA
16188 20 NA
16189 20 NA
16190 20 NA
16191 20 NA
16192 20 NA
16193 20 NA
16194 20 NA
16195 20 NA
16196 20 NA
16197 20 NA
16198 20 NA
16199 20 NA
16200 20 NA
16201 20 NA
16202 20 NA
16203 20 NA
16204 20 NA
16205 20 NA
16206 20 NA
16207 20 NA
16208 20 NA
16209 20 NA
16210 20 NA
16211 20 NA
16212 20 NA
16213 20 NA
16214 20 NA
16215 20 NA
16216 20 NA
16217 20 NA
16218 20 NA
16219 19 NA
16220 19 NA
16221 19 NA
16222 19 NA
16223 19 NA
16224 18 NA
16225 18 NA
16226 18 NA
16227 18 NA
16228 18 NA
16229 18 NA
16230 18 NA
16231 18 NA
16232 18 NA
16233 18 NA
16234 19 NA
16235 19 NA
16236 19 NA
16237 19 NA
16238 19 NA
16239 20 NA
16240 20 NA
16241 20 NA
16242 20 NA
16243 20 NA
16244 21 NA
16245 21 NA
16246 21 NA
16247 21 NA
16248 23 NA
16249 23 NA
16250 23 NA
16251 23 NA
16252 23 NA
16253 24 NA
16254 24 NA
16255 24 NA
16256 24 NA
16257 24 NA
16258 26 NA
16259 26 NA
16260 26 NA
16261 26 NA
16262 28 NA
16263 28 NA
16264 28 NA
16265 30 NA
16266 30 NA
16267 30 NA
16268 30 NA
16269 32 NA
16270 32 NA
16271 32 NA
16272 32 NA
16273 34 NA
16274 34 NA
16275 34 NA
16276 36 NA
16277 36 NA
16278 36 NA
16279 38 NA
16280 38 NA
16281 38 NA
16282 38 NA
16283 40 NA
16284 40 NA
16285 40 NA
16286 40 NA
16287 40 NA
16288 40 NA
16289 40 NA
16290 42 NA
16291 42 NA
16292 42 NA
16293 42 NA
16294 45 NA
16295 45 NA
16296 45 NA
16297 45 NA
16298 44 NA
16299 44 NA
16300 44 NA
16301 44 NA
16302 44 NA
16303 44 NA
16304 44 NA
16305 44 NA
16306 43 NA
16307 43 NA
16308 43 NA
16309 43 NA
16310 42 NA
16311 42 NA
16312 42 NA
16313 42 NA
16314 41 NA
16315 41 NA
16316 41 NA
16317 41 NA
16318 41 NA
16319 41 NA
16320 41 NA
16321 41 NA
16322 40 NA
16323 40 NA
16324 40 NA
16325 40 NA
16326 40 NA
16327 39 NA
16328 39 NA
16329 39 NA
16330 39 NA
16331 39 NA
16332 38 NA
16333 38 NA
16334 38 NA
16335 38 NA
16336 38 NA
16337 38 NA
16338 38 NA
16339 38 NA
16340 38 NA
16341 37 NA
16342 37 NA
16343 37 NA
16344 37 NA
16345 37 NA
16346 37 NA
16347 37 NA
16348 37 NA
16349 37 NA
16350 37 NA
16351 37 NA
16352 37 NA
16353 37 NA
16354 37 NA
16355 37 NA
16356 37 NA
16357 37 NA
16358 37 NA
16359 37 NA
16360 37 NA
16361 37 NA
16362 38 NA
16363 38 NA
16364 38 NA
16365 38 NA
16366 38 NA
16367 36 NA
16368 36 NA
16369 36 NA
16370 36 NA
16371 36 NA
16372 36 NA
16373 36 NA
16374 36 NA
16375 36 NA
16376 36 NA
16377 36 NA
16378 36 NA
16379 36 NA
16380 36 NA
16381 37 NA
16382 37 NA
16383 37 NA
16384 37 NA
16385 37 NA
16386 37 NA
16387 37 NA
16388 37 NA
16389 37 NA
16390 37 NA
16391 37 NA
16392 37 NA
16393 37 NA
16394 37 NA
16395 37 NA
16396 37 NA
16397 37 NA
16398 37 NA
16399 36 NA
16400 36 NA
16401 36 NA
16402 36 NA
16403 36 NA
16404 35 NA
16405 35 NA
16406 35 NA
16407 35 NA
16408 35 NA
16409 35 NA
16410 34 NA
16411 34 NA
16412 34 NA
16413 34 NA
16414 34 NA
16415 34 NA
16416 34 NA
16417 34 NA
16418 34 NA
16419 33 NA
16420 33 NA
16421 33 NA
16422 33 NA
16423 33 NA
16424 32 NA
16425 32 NA
16426 32 NA
16427 32 NA
16428 32 NA
16429 31 NA
16430 31 NA
16431 31 NA
16432 31 NA
16433 31 NA
16434 31 NA
16435 31 NA
16436 31 NA
16437 31 NA
16438 31 NA
16439 31 NA
16440 31 NA
16441 31 NA
16442 30 NA
16443 30 NA
16444 30 NA
16445 30 NA
16446 30 NA
16447 30 NA
16448 30 NA
16449 30 NA
16450 30 NA
16451 30 NA
16452 30 NA
16453 30 NA
16454 30 NA
16455 30 NA
16456 30 NA
16457 30 NA
16458 30 NA
16459 30 NA
16460 29 NA
16461 29 NA
16462 29 NA
16463 29 NA
16464 29 NA
16465 29 NA
16466 29 NA
16467 29 NA
16468 29 NA
16469 29 NA
16470 29 NA
16471 29 NA
16472 29 NA
16473 29 NA
16474 30 NA
16475 30 NA
16476 30 NA
16477 30 NA
16478 30 NA
16479 30 NA
16480 30 NA
16481 30 NA
16482 30 NA
16483 30 NA
16484 30 NA
16485 30 NA
16486 30 NA
16487 30 NA
16488 30 NA
16489 30 NA
16490 30 NA
16491 30 NA
16492 30 NA
16493 30 NA
16494 30 NA
16495 30 NA
16496 31 NA
16497 31 NA
16498 31 NA
16499 31 NA
16500 31 NA
16501 31 NA
16502 31 NA
16503 31 NA
16504 31 NA
16505 30 NA
16506 30 NA
16507 30 NA
16508 30 NA
16509 30 NA
16510 30 NA
16511 30 NA
16512 30 NA
16513 30 NA
16514 30 NA
16515 30 NA
16516 29 NA
16517 29 NA
16518 29 NA
16519 29 NA
16520 29 NA
16521 29 NA
16522 30 NA
16523 30 NA
16524 30 NA
16525 30 NA
16526 30 NA
16527 29 NA
16528 29 NA
16529 29 NA
16530 29 NA
16531 30 NA
16532 30 NA
16533 30 NA
16534 30 NA
16535 30 NA
16536 30 NA
16537 30 NA
16538 30 NA
16539 30 NA
16540 30 NA
16541 30 NA
16542 30 NA
16543 30 NA
16544 30 NA
16545 30 NA
16546 30 NA
16547 30 NA
16548 30 NA
16549 30 NA
16550 30 NA
16551 30 NA
16552 30 NA
16553 30 NA
16554 30 NA
16555 30 NA
16556 30 NA
16557 30 NA
16558 30 NA
16559 30 NA
16560 30 NA
16561 29 NA
16562 29 NA
16563 29 NA
16564 29 NA
16565 29 NA
16566 29 NA
16567 28 NA
16568 28 NA
16569 28 NA
16570 28 NA
16571 28 NA
16572 28 NA
16573 28 NA
16574 28 NA
16575 28 NA
16576 28 NA
16577 28 NA
16578 28 NA
16579 28 NA
16580 28 NA
16581 28 NA
16582 28 NA
16583 28 NA
16584 28 NA
16585 28 NA
16586 29 NA
16587 29 NA
16588 29 NA
16589 29 NA
16590 29 NA
16591 29 NA
16592 29 NA
16593 29 NA
16594 29 NA
16595 29 NA
16596 29 NA
16597 29 NA
16598 29 NA
16599 29 NA
16600 29 NA
16601 29 NA
16602 29 NA
16603 29 NA
16604 29 NA
16605 29 NA
16606 28 NA
16607 28 NA
16608 28 NA
16609 28 NA
16610 28 NA
16611 28 NA
16612 28 NA
16613 28 NA
16614 28 NA
16615 28 NA
16616 28 NA
16617 28 NA
16618 28 NA
16619 27 NA
16620 27 NA
16621 27 NA
16622 27 NA
16623 27 NA
16624 27 NA
16625 28 NA
16626 28 NA
16627 28 NA
16628 28 NA
16629 28 NA
16630 28 NA
16631 30 NA
16632 30 NA
16633 30 NA
16634 30 NA
16635 30 NA
16636 30 NA
16637 32 NA
16638 32 NA
16639 32 NA
16640 32 NA
16641 32 NA
16642 32 NA
16643 34 NA
16644 34 NA
16645 34 NA
16646 34 NA
16647 34 NA
16648 34 NA
16649 36 NA
16650 36 NA
16651 36 NA
16652 36 NA
16653 36 NA
16654 36 NA
16655 37 NA
16656 37 NA
16657 37 NA
16658 37 NA
16659 37 NA
16660 37 NA
16661 36 NA
16662 36 NA
16663 36 NA
16665 36 NA
16666 36 NA
16668 36 NA
16669 36 NA
16670 36 NA
16671 36 NA
16672 36 NA
16673 35 NA
16674 35 NA
16675 35 NA
16676 35 NA
16677 35 NA
16678 35 NA
16679 35 NA
16680 35 NA
16681 34 NA
16682 34 NA
16683 34 NA
16684 34 NA
16686 34 NA
16687 34 NA
16688 34 NA
16689 33 NA
16690 33 NA
16691 33 NA
16692 33 NA
16693 33 NA
16694 33 NA
16695 33 NA
16696 33 NA
16697 33 NA
16698 33 NA
16699 33 NA
16700 33 NA
16701 33 NA
16702 33 NA
16703 33 NA
16704 33 NA
16705 33 NA
16706 33 NA
16707 33 NA
16708 33 NA
16709 33 NA
16710 32 NA
16711 32 NA
16712 32 NA
16715 32 NA
16717 33 NA
16719 33 NA
16720 33 NA
16721 33 NA
16722 33 NA
16723 33 NA
16724 34 NA
16725 34 NA
16726 34 NA
16727 34 NA
16728 34 NA
16730 34 NA
16731 36 NA
16732 36 NA
16733 36 NA
16734 36 NA
16735 36 NA
16736 36 NA
16737 36 NA
16738 37 NA
16739 37 NA
16740 37 NA
16741 37 NA
16742 37 NA
16743 37 NA
16744 37 NA
16745 38 NA
16746 38 NA
16747 38 NA
16748 38 NA
16749 38 NA
16750 38 NA
16751 38 NA
16752 38 NA
16753 38 NA
16754 38 NA
16755 38 NA
16756 38 NA
16757 38 NA
16759 38 NA
16760 38 NA
16761 38 NA
16762 38 NA
16763 38 NA
16764 38 NA
16765 38 NA
16766 39 NA
16767 39 NA
16768 39 NA
16769 39 NA
16770 39 NA
16771 39 NA
16772 39 NA
16773 39 NA
16774 40 NA
16775 40 NA
16777 40 NA
16778 40 NA
16779 40 NA
16780 40 NA
16781 40 NA
16782 40 NA
16783 40 NA
16784 40 NA
16785 40 NA
16786 40 NA
16787 39 NA
16788 39 NA
16789 39 NA
16790 39 NA
16791 39 NA
16792 39 NA
16793 39 NA
16794 39 NA
16795 39 NA
16796 39 NA
16797 39 NA
16798 39 NA
16799 39 NA
16800 39 NA
16801 39 NA
16802 39 NA
16803 38 NA
16804 38 NA
16807 38 NA
16808 38 NA
16809 38 NA
16810 36 NA
16811 36 NA
16812 36 NA
16813 36 NA
16814 36 NA
16815 36 NA
16816 35 NA
16817 35 NA
16818 35 NA
16820 35 NA
16821 35 NA
16823 35 NA
16824 35 NA
16825 35 NA
16826 35 NA
16827 35 NA
16828 35 NA
16829 35 NA
16830 35 NA
16831 35 NA
16832 35 NA
16833 35 NA
16834 35 NA
16835 35 NA
16836 35 NA
16837 34 NA
16838 34 NA
16839 34 NA
16840 34 NA
16841 34 NA
16842 34 NA
16843 34 NA
16844 34 NA
16845 34 NA
16847 34 NA
16849 36 NA
16850 36 NA
16851 36 NA
16852 36 NA
16853 36 NA
16854 36 NA
16855 37 NA
16856 37 NA
16857 37 NA
16858 37 NA
16859 37 NA
16860 38 NA
16861 38 NA
16862 38 NA
16863 38 NA
16864 38 NA
16865 40 NA
16866 40 NA
16867 40 NA
16869 40 NA
16870 40 NA
16871 42 NA
16872 42 NA
16873 42 NA
16874 42 NA
16875 42 NA
16876 42 NA
16878 45 NA
16879 45 NA
16880 45 NA
16881 45 NA
16884 48 NA
16885 48 NA
16886 48 NA
16887 48 NA
16888 48 NA
16889 51 NA
16890 51 NA
16892 51 NA
16893 51 NA
16894 51 NA
16895 53 NA
16896 53 NA
16897 53 NA
16898 53 NA
16899 53 NA
16900 53 NA
16901 53 NA
16902 53 NA
16903 53 NA
16904 53 NA
16905 53 NA
16906 53 NA
16907 53 NA
16908 56 NA
16909 56 NA
16910 56 NA
16911 56 NA
16912 56 NA
16913 59 NA
16914 59 NA
16915 59 NA
16916 59 NA
16917 59 NA
16918 61 NA
16919 61 NA
16920 61 NA
16921 61 NA
16922 61 NA
16923 61 NA
16924 65 NA
16925 65 NA
16926 65 NA
16927 65 NA
16928 65 NA
16929 65 NA
16930 69 NA
16931 69 NA
16932 69 NA
16933 69 NA
16934 69 NA
16935 69 NA
16937 73 NA
16938 73 NA
16939 73 NA
16940 73 NA
16941 73 NA
16942 73 NA
16943 77 NA
16944 77 NA
16945 77 NA
16946 77 NA
16949 81 NA
16950 81 NA
16951 81 NA
16952 81 NA
16953 81 NA
16954 82 NA
16955 82 NA
16956 82 NA
16957 82 NA
16958 82 NA
16959 82 NA
16960 85 NA
16967 90 NA
16968 90 NA
16969 90 NA
16970 95 NA
16971 95 NA
16972 95 NA
16974 95 NA
16975 95 NA
16976 97 NA
16977 97 NA
16978 97 NA
16979 97 NA
16980 97 NA
16981 97 NA
16982 95 NA
16984 95 NA
16985 95 NA
16986 95 NA
16987 95 NA
16988 97 NA
16989 97 NA
16990 97 NA
16991 97 NA
16992 97 NA
16993 97 NA
16994 96 NA
16999 96 NA
17001 100 NA
17006 100 NA
17007 100 NA
17014 102 NA
17015 102 NA
17016 107 NA
17017 107 NA
17018 107 NA
17019 107 NA
17020 107 NA
17021 107 NA
17022 107 NA
17023 107 NA
17024 107 NA
17025 107 NA
17026 107 NA
17027 107 NA
17028 107 NA
17029 107 NA
17031 107 NA
17032 107 NA
17033 107 NA
17034 107 NA
17035 107 NA
17036 107 NA
17037 107 NA
17038 107 NA
17039 107 NA
17040 106 NA
17042 106 NA
17044 106 NA
17045 106 NA
17046 106 NA
17047 106 NA
17048 106 NA
17049 106 NA
17050 106 NA
17051 106 NA
17052 106 NA
17053 106 NA
17054 106 NA
17055 106 NA
17056 107 NA
17057 107 NA
17058 107 NA
17059 107 NA
17060 107 NA
17061 107 NA
17062 107 NA
17063 107 NA
17064 106 NA
17069 106 NA
17070 106 NA
17071 107 NA
17072 107 NA
17073 107 NA
17075 107 NA
17076 107 NA
17077 107 NA
17078 106 NA
17079 106 NA
17080 106 NA
17081 106 NA
17083 106 NA
17084 106 NA
17085 106 NA
17086 106 NA
17087 106 NA
17088 106 NA
17089 106 NA
17091 106 NA
17092 106 NA
17093 104 NA
17094 104 NA
17095 104 NA
17096 104 NA
17097 104 NA
17098 104 NA
17099 104 NA
17100 104 NA
17101 105 NA
17102 105 NA
17103 105 NA
17104 105 NA
17105 105 NA
17106 105 NA
17107 105 NA
17108 105 NA
17109 105 NA
17110 104 NA
17111 104 NA
17112 104 NA
17113 104 NA
17114 104 NA
17115 104 NA
17117 104 NA
17118 100 NA
17123 100 NA
17124 100 NA
17125 100 NA
17126 97 NA
17127 97 NA
17129 97 NA
17130 97 NA
17131 97 NA
17132 97 NA
17133 96 NA
17134 96 NA
17135 96 NA
17136 96 NA
17138 96 NA
17139 96 NA
17140 96 NA
17141 96 NA
17142 96 NA
17143 96 NA
17144 96 NA
17145 96 NA
17146 96 NA
17147 96 NA
17148 96 NA
17149 96 NA
