"Index" "Price" "Volume"
14662 183600 NA
14663 183600 NA
14664 192700 NA
14665 202400 NA
14666 212500 NA
14667 212700 NA
14668 212700 NA
14669 223500 NA
14670 223500 NA
14671 234300 NA
14672 250100 NA
14673 250100 NA
14674 259300 NA
14675 268300 NA
14676 278400 NA
14677 287300 NA
14678 297700 NA
14679 321700 NA
14680 321700 NA
14681 334100 NA
14682 347800 NA
14683 360700 NA
14684 360700 NA
14685 375000 NA
14686 375000 NA
14687 390000 NA
14688 390000 NA
14689 405200 NA
14690 422200 NA
14691 422200 NA
14692 422200 NA
14693 438200 NA
14694 455400 NA
14695 455400 NA
14696 475000 NA
14697 475000 NA
14698 495100 NA
14699 495100 NA
14700 516200 NA
14701 516200 NA
14702 537400 NA
14703 537400 NA
14704 559900 NA
14705 584000 NA
14706 584000 NA
14707 608300 NA
14708 634700 NA
14709 634700 NA
14710 661700 NA
14711 661700 NA
14712 680000 NA
14713 680000 NA
14714 680000 NA
14715 650200 NA
14716 650200 NA
14717 622000 NA
14718 596200 NA
14719 596200 NA
14720 570200 NA
14721 570200 NA
14722 547300 NA
14723 547300 NA
14724 525700 NA
14725 505300 NA
14726 484500 NA
14727 465000 NA
14728 465000 NA
14729 447400 NA
14730 447400 NA
14731 428600 NA
14732 413100 NA
14733 413100 NA
14734 396500 NA
14735 396500 NA
14736 381700 NA
14737 381700 NA
14738 362700 NA
14739 362700 NA
14740 349400 NA
14741 336700 NA
14742 324000 NA
14743 313100 NA
14744 301600 NA
14745 301600 NA
14746 286500 NA
14747 279500 NA
14748 268100 NA
14749 268100 NA
14750 254700 NA
14751 247800 NA
14752 238400 NA
14753 230400 NA
14754 221800 NA
14755 213600 NA
14756 213600 NA
14757 206300 NA
14758 199100 NA
14759 191300 NA
14760 184200 NA
14761 177200 NA
14762 177200 NA
14763 177200 NA
14764 168600 NA
14765 168600 NA
14766 160200 NA
14767 154400 NA
14768 146600 NA
14769 146600 NA
14770 141100 NA
14771 135400 NA
14772 135400 NA
14773 129000 NA
14774 129000 NA
14775 123200 NA
14776 117500 NA
14777 117500 NA
14778 113200 NA
14779 113200 NA
14780 107600 NA
14781 102400 NA
14782 102400 NA
14783 102400 NA
14784 99400 NA
14785 99400 NA
14786 96700 NA
14787 96700 NA
14788 92800 NA
14789 90600 NA
14790 87800 NA
14791 87800 NA
14792 84500 NA
14793 84500 NA
14794 84100 NA
14795 84100 NA
14796 84100 NA
14797 84200 NA
14798 89100 NA
14799 93000 NA
14800 93000 NA
14801 96300 NA
14802 96300 NA
14803 97700 NA
14804 97700 NA
14805 98500 NA
14806 98500 NA
14807 95300 NA
14808 95300 NA
14809 91000 NA
14810 87500 NA
14811 87500 NA
14812 84000 NA
14813 81400 NA
14814 81400 NA
14815 78100 NA
14816 75400 NA
14817 75400 NA
14818 72700 NA
14819 69400 NA
14820 69400 NA
14821 66600 NA
14822 66600 NA
14823 63300 NA
14824 63300 NA
14825 60300 NA
14826 59600 NA
14827 59600 NA
14828 59600 NA
14829 59600 NA
14830 60100 NA
14831 60100 NA
14832 61200 NA
14833 61200 NA
14834 61100 NA
14835 61100 NA
14836 61400 NA
14837 63600 NA
14838 63600 NA
14839 63600 NA
14840 61100 NA
14841 61100 NA
14842 60500 NA
14843 60500 NA
14844 60100 NA
14845 60100 NA
14846 59600 NA
14847 60000 NA
14848 60000 NA
14849 60000 NA
14850 60400 NA
14851 60400 NA
14852 60300 NA
14853 60300 NA
14854 60300 NA
14855 60700 NA
14856 60700 NA
14857 60200 NA
14858 60200 NA
14859 60500 NA
14860 60500 NA
14861 60500 NA
14862 60700 NA
14863 60700 NA
14864 60700 NA
14865 60100 NA
14866 60100 NA
14867 60100 NA
14868 60300 NA
14869 60300 NA
14870 60300 NA
14871 60300 NA
14872 60700 NA
14873 60700 NA
14874 60700 NA
14875 60700 NA
14876 60000 NA
14877 60000 NA
14878 59600 NA
14879 59600 NA
14880 60700 NA
14881 60700 NA
14882 60700 NA
14883 60700 NA
14884 61000 NA
14885 61000 NA
14886 63400 NA
14887 63400 NA
14888 63400 NA
14889 63400 NA
14890 61600 NA
14891 61600 NA
14892 60000 NA
14893 60000 NA
14894 60000 NA
14895 59700 NA
14896 59700 NA
14897 60000 NA
14898 60000 NA
14899 60000 NA
14900 60000 NA
14901 60000 NA
14902 60000 NA
14903 60800 NA
14904 60800 NA
14905 60800 NA
14906 60300 NA
14907 60300 NA
14908 60300 NA
14909 59800 NA
14910 59800 NA
14911 59800 NA
14912 59800 NA
14913 59800 NA
14914 60400 NA
14915 60400 NA
14916 60400 NA
14917 60400 NA
14918 59900 NA
14920 59900 NA
14921 60700 NA
14922 60700 NA
14923 60700 NA
14924 63400 NA
14925 63400 NA
14926 63400 NA
14927 65100 NA
14928 65100 NA
14929 65100 NA
14930 63200 NA
14931 63200 NA
14932 63200 NA
14933 61000 NA
14934 61000 NA
14935 61000 NA
14936 59700 NA
14937 59700 NA
14938 59600 NA
14939 59600 NA
14940 59600 NA
14941 59700 NA
14942 59700 NA
14943 59700 NA
14944 59600 NA
14945 59600 NA
14946 59600 NA
14947 59600 NA
14948 59600 NA
14949 60700 NA
14950 60700 NA
14951 60700 NA
14952 59700 NA
14953 59700 NA
14954 59700 NA
14955 60300 NA
14956 60300 NA
14957 60300 NA
14958 60300 NA
14959 60300 NA
14960 60300 NA
14961 60300 NA
14962 59700 NA
14963 59700 NA
14964 59700 NA
14965 59600 NA
14966 59600 NA
14967 59600 NA
14968 59600 NA
14969 59600 NA
14970 59600 NA
14971 59600 NA
14972 59600 NA
14973 59600 NA
14974 59600 NA
14979 59600 NA
14981 59700 NA
14982 59681 NA
14984 60300 NA
14988 60300 NA
14990 60400 NA
14991 60400 NA
14992 60800 NA
14995 60800 NA
14996 60400 NA
14998 59700 NA
15001 60600 NA
15003 60600 NA
15005 61400 NA
15007 60100 NA
15009 59700 NA
15012 60300 NA
15013 60700 NA
15014 60700 NA
15016 60800 NA
15019 60400 NA
15020 60400 NA
15023 60900 NA
15025 61100 NA
15028 61900 NA
15029 62000 NA
15031 62000 NA
15032 61100 NA
15033 61100 NA
15035 60400 NA
15036 60400 NA
15038 59500 NA
15039 60300 NA
15044 60000 NA
15046 59800 NA
15048 59800 NA
15050 60700 NA
15052 61000 NA
15055 61800 NA
15058 62900 NA
15060 64300 NA
15061 64300 NA
15063 64700 NA
15064 64700 NA
15066 63300 NA
15067 63300 NA
15070 62500 NA
15072 63500 NA
15073 63500 NA
15076 63800 NA
15078 63025 NA
15080 63000 NA
15082 61300 NA
15085 60500 NA
15087 60500 NA
15088 60700 NA
15090 60700 NA
15091 59300 NA
15093 59500 NA
15094 59500 NA
15096 60315 NA
15097 60300 NA
15098 60800 NA
15101 60800 NA
15102 61200 NA
15104 61200 NA
15106 60100 NA
15110 59200 NA
15114 60000 NA
15115 60000 NA
15116 61100 NA
15120 62800 NA
15124 63300 NA
15125 63300 NA
15128 63400 NA
15131 64000 NA
15133 64000 NA
15135 64300 NA
15136 64300 NA
15140 64900 NA
15143 65100 NA
15144 65050 NA
15145 65050 NA
15147 66600 NA
15149 67100 NA
15150 67100 NA
15152 66500 NA
15156 65300 NA
15157 65300 NA
15158 63300 NA
15159 63300 NA
15161 61800 NA
15164 61800 NA
15165 60700 NA
15168 59400 NA
15170 60000 NA
15172 60000 NA
15175 60600 NA
15177 60500 NA
15179 60500 NA
15182 60400 NA
15184 61200 NA
15186 61200 NA
15187 61700 NA
15191 60700 NA
15193 60400 NA
15194 60400 NA
15196 59600 NA
15197 59600 NA
15199 60200 NA
15204 60100 NA
15207 60800 NA
15210 60400 NA
15214 59900 NA
15217 59400 NA
15219 60000 NA
15221 60000 NA
15224 60200 NA
15227 60600 NA
15231 59800 NA
15232 59800 NA
15235 60400 NA
15238 59700 NA
15242 60400 NA
15244 60400 NA
15247 60700 NA
15250 60700 NA
15252 60600 NA
15257 60900 NA
15258 60900 NA
15263 60600 NA
15264 60600 NA
15266 59800 NA
15273 59800 NA
15275 60800 NA
15280 60800 NA
15281 60100 NA
15284 60100 NA
15287 60000 NA
15294 59700 NA
15297 60200 NA
15302 60900 NA
15307 60900 NA
15308 60800 NA
15310 60800 NA
15313 60845 NA
15314 60537 NA
15320 60537 NA
15321 60499 NA
15327 60499 NA
15328 59947 NA
15333 59947 NA
15334 59719 NA
15336 59719 NA
15337 60249 NA
15340 60249 NA
15341 60249 NA
15342 60249 NA
15343 60539 NA
15344 60539 NA
15345 60539 NA
15346 60539 NA
15347 60539 NA
15348 60539 NA
15349 59930 NA
15350 59930 NA
15351 59930 NA
15352 59930 NA
15353 59930 NA
15354 59930 NA
15355 59505 NA
15356 59505 NA
15357 59881 NA
15358 59881 NA
15359 59881 NA
15360 59881 NA
15361 59881 NA
15362 59881 NA
15363 60136 NA
15364 60136 NA
15365 60136 NA
15366 60136 NA
15367 60136 NA
15368 60136 NA
15369 59351 NA
15370 59351 NA
15371 59826 NA
15372 59826 NA
15373 59826 NA
15374 59826 NA
15375 59826 NA
15376 59826 NA
15377 60004 NA
15378 60004 NA
15379 60004 NA
15380 60004 NA
15381 60004 NA
15382 60004 NA
15383 60004 NA
15384 59267 NA
15385 59267 NA
15386 59761 NA
15387 59761 NA
15388 59761 NA
15389 59233 NA
15390 59233 NA
15391 59826 NA
15392 59826 NA
15393 59826 NA
15394 59826 NA
15395 59826 NA
15396 61428 NA
15397 61428 NA
15398 61428 NA
15399 61428 NA
15400 61428 NA
15401 61428 NA
15402 61428 NA
15403 61598 NA
15404 61598 NA
15405 61598 NA
15406 61598 NA
15407 61598 NA
15408 61598 NA
15409 61598 NA
15410 61866 NA
15411 61866 NA
15412 61866 NA
15413 61866 NA
15414 61866 NA
15415 61866 NA
15416 61866 NA
15417 59823 NA
15418 59823 NA
15419 59823 NA
15420 59823 NA
15421 59823 NA
15422 59645 NA
15423 59467 NA
15424 59289 NA
15425 59111 NA
15426 58933 NA
15427 58933 NA
15428 59491 NA
15429 59491 NA
15430 60213 NA
15431 60213 NA
15432 60213 NA
15433 60213 NA
15434 60213 NA
15435 60213 NA
15436 61722 NA
15437 61722 NA
15438 61722 NA
15439 61722 NA
15440 61722 NA
15441 61722 NA
15442 61072 NA
15443 61072 NA
15444 61072 NA
15445 61072 NA
15446 61072 NA
15447 61072 NA
15448 61072 NA
15449 61072 NA
15450 60663 NA
15451 60663 NA
15452 60663 NA
15453 60663 NA
15454 60663 NA
15455 60663 NA
15456 60663 NA
15457 60663 NA
15458 60666 NA
15459 60666 NA
15460 60666 NA
15461 60666 NA
15462 60666 NA
15463 60666 NA
15464 60666 NA
15465 60666 NA
15466 59281 NA
15467 59281 NA
15468 59775 NA
15469 59775 NA
15470 59775 NA
15471 59775 NA
15472 60435 NA
15473 60435 NA
15474 60435 NA
15475 60435 NA
15476 60435 NA
15477 60435 NA
15478 60435 NA
15479 62284 NA
15480 62284 NA
15481 62284 NA
15482 62284 NA
15483 62284 NA
15484 64014 NA
15485 64014 NA
15486 64014 NA
15487 64014 NA
15488 64728 NA
15489 64728 NA
15490 66600 NA
15491 66600 NA
15492 66600 NA
15493 68472 NA
15494 68472 NA
15495 68472 NA
15496 68472 NA
15497 69553 NA
15498 69553 NA
15499 69553 NA
15500 69553 NA
15501 69553 NA
15502 68644 NA
15503 68644 NA
15504 68644 NA
15505 68644 NA
15506 68644 NA
15507 67432 NA
15508 67432 NA
15509 67432 NA
15510 67432 NA
15511 67432 NA
15512 67432 NA
15513 66071 NA
15514 66071 NA
15515 66071 NA
15516 66071 NA
15517 66071 NA
15518 66071 NA
15519 64741 NA
15520 64741 NA
15521 64741 NA
15522 64741 NA
15523 64741 NA
15524 64741 NA
15525 63370 NA
15526 63370 NA
15527 63370 NA
15528 63370 NA
15529 63370 NA
15530 63370 NA
15531 61189 NA
15532 61189 NA
15533 61189 NA
15534 61189 NA
15535 61189 NA
15536 61189 NA
15537 61189 NA
15538 60960 NA
15539 60960 NA
15540 60960 NA
15541 60960 NA
15542 60960 NA
15543 60960 NA
15544 60960 NA
15545 61548 NA
15546 61548 NA
15547 61548 NA
15548 61548 NA
15549 61548 NA
15550 61548 NA
15551 61548 NA
15552 60262 NA
15553 60262 NA
15554 60262 NA
15555 60262 NA
15556 60262 NA
15557 60262 NA
15558 60262 NA
15559 58062 NA
15560 58713 NA
15561 59202 NA
15562 59202 NA
15563 59748 NA
15564 59748 NA
15565 59748 NA
15566 59748 NA
15567 60445 NA
15568 60445 NA
15569 60445 NA
15570 60445 NA
15571 60445 NA
15572 60445 NA
15573 60445 NA
15574 60445 NA
15575 60045 NA
15576 60045 NA
15577 60045 NA
15578 60045 NA
15579 60045 NA
15580 60045 NA
15581 60045 NA
15582 60045 NA
15583 57867 NA
15584 58470 NA
15585 59184 NA
15586 59184 NA
15587 59792 NA
15588 59792 NA
15589 59792 NA
15590 59792 NA
15591 60465 NA
15592 60465 NA
15593 60465 NA
15594 60465 NA
15595 60465 NA
15596 60465 NA
15597 60465 NA
15598 60465 NA
15599 60552 NA
15600 60552 NA
15601 60552 NA
15602 60552 NA
15603 60552 NA
15604 60552 NA
15605 60552 NA
15606 60552 NA
15607 60552 NA
15608 59796 NA
15609 59796 NA
15610 59796 NA
15611 59796 NA
15612 59796 NA
15613 60118 NA
15614 60118 NA
15615 60118 NA
15616 60118 NA
15617 60118 NA
15618 60118 NA
15619 60118 NA
15620 60118 NA
15621 59941 NA
15622 59941 NA
15623 59941 NA
15624 59941 NA
15625 59941 NA
15626 59941 NA
15627 59941 NA
15628 59941 NA
15629 59941 NA
15630 59941 NA
15631 57246 NA
15632 57246 NA
15633 58169 NA
15634 58839 NA
15635 58839 NA
15636 59456 NA
15637 59456 NA
15638 59456 NA
15639 59456 NA
15640 59966 NA
15641 59966 NA
15642 59966 NA
15643 59966 NA
15644 59966 NA
15645 59966 NA
15646 59966 NA
15647 59966 NA
15648 59966 NA
15649 60599 NA
15650 60599 NA
15651 60599 NA
15652 60599 NA
15653 60599 NA
15654 60599 NA
15655 60599 NA
15656 60599 NA
15657 60599 NA
15658 60599 NA
15659 60599 NA
15660 59922 NA
15661 59922 NA
15662 59922 NA
15663 59922 NA
15664 59922 NA
15665 59922 NA
15666 59922 NA
15667 59922 NA
15668 59922 NA
15669 59922 NA
15670 59922 NA
15671 59902 NA
15672 59902 NA
15673 59902 NA
15674 59902 NA
15675 59902 NA
15676 59902 NA
15677 59902 NA
15678 59902 NA
15679 59902 NA
15680 59902 NA
15681 59902 NA
15682 59902 NA
15683 59902 NA
15684 59902 NA
15685 59018 NA
15686 59018 NA
15687 59018 NA
15688 59018 NA
15689 59018 NA
15690 59018 NA
15691 59018 NA
15692 59018 NA
15693 59018 NA
15694 59018 NA
15695 59018 NA
15696 59018 NA
15697 59642 NA
15698 59642 NA
15699 59642 NA
15700 59642 NA
15701 59642 NA
15702 59642 NA
15703 59642 NA
15704 59642 NA
15705 59642 NA
15706 59642 NA
15707 59642 NA
15708 59297 NA
15709 59297 NA
15710 59297 NA
15711 59297 NA
15712 59297 NA
15713 59297 NA
15714 59297 NA
15715 59297 NA
15716 59297 NA
15717 59297 NA
15718 58865 NA
15719 58865 NA
15720 58865 NA
15721 58865 NA
15722 58865 NA
15723 58865 NA
15724 58865 NA
15725 58865 NA
15726 58865 NA
15727 59180 NA
15728 59180 NA
15729 59180 NA
15730 59180 NA
15731 59180 NA
15732 59180 NA
15733 59180 NA
15734 59180 NA
15735 59180 NA
15736 59180 NA
15737 59180 NA
15738 59228 NA
15739 59228 NA
15740 59228 NA
15741 59228 NA
15742 59228 NA
15743 59228 NA
15744 59228 NA
15745 59228 NA
15746 59228 NA
15747 59228 NA
15748 59228 NA
15749 59228 NA
15750 59145 NA
15751 59145 NA
15752 59145 NA
15753 59145 NA
15754 59145 NA
15755 59145 NA
15756 59145 NA
15757 59145 NA
15758 59145 NA
15759 59145 NA
15760 59145 NA
15761 59792 NA
15762 59792 NA
15763 59792 NA
15764 59792 NA
15765 59792 NA
15766 59792 NA
15767 59792 NA
15768 59792 NA
15769 59792 NA
15770 59792 NA
15771 59792 NA
15772 59792 NA
15773 59792 NA
15774 59792 NA
15775 59792 NA
15776 59792 NA
15777 60116 NA
15778 60116 NA
15779 60116 NA
15780 60116 NA
15781 60116 NA
15782 60116 NA
15783 60116 NA
15784 60116 NA
15785 60116 NA
15786 60116 NA
15787 60116 NA
15788 60116 NA
15789 60116 NA
15790 60116 NA
15791 60116 NA
15792 59289 NA
15793 59289 NA
15794 59289 NA
15795 59289 NA
15796 59289 NA
15797 59289 NA
15798 59289 NA
15799 59289 NA
15800 59289 NA
15801 59289 NA
15802 59289 NA
15803 59289 NA
15804 59289 NA
15805 60502 NA
15806 60502 NA
15807 60502 NA
15808 60502 NA
15809 60502 NA
15810 60502 NA
15811 60502 NA
15812 60502 NA
15813 60502 NA
15814 60502 NA
15815 60502 NA
15816 60502 NA
15817 60502 NA
15818 60502 NA
15819 60502 NA
15820 60502 NA
15821 60502 NA
15822 60502 NA
15823 60502 NA
15824 60658 NA
15825 60658 NA
15826 60658 NA
15827 60658 NA
15828 60658 NA
15829 60658 NA
15830 60658 NA
15831 60658 NA
15832 60658 NA
15833 60658 NA
15834 60658 NA
15835 60658 NA
15836 60658 NA
15837 60658 NA
15838 60658 NA
15839 60658 NA
15840 60658 NA
15841 59533 NA
15842 59533 NA
15843 59533 NA
15844 59533 NA
15845 59533 NA
15846 59533 NA
15847 59533 NA
15848 59533 NA
15849 59533 NA
15850 59533 NA
15851 59533 NA
15852 59533 NA
15853 59533 NA
15854 59533 NA
15855 59533 NA
15856 59533 NA
15857 58811 NA
15858 58811 NA
15859 58811 NA
15860 58811 NA
15861 58811 NA
15862 58811 NA
15863 58811 NA
15864 58811 NA
15865 58811 NA
15866 58811 NA
15867 58811 NA
15868 59413 NA
15869 59413 NA
15870 59413 NA
15871 59413 NA
15872 59413 NA
15873 59413 NA
15874 59413 NA
15875 59413 NA
15876 59413 NA
15877 59413 NA
15878 59413 NA
15879 59413 NA
15880 59413 NA
15881 59413 NA
15882 59307 NA
15883 59307 NA
15884 59307 NA
15885 59307 NA
15886 59307 NA
15887 59307 NA
15888 59307 NA
15889 59307 NA
15890 59307 NA
15891 59307 NA
15892 59307 NA
15893 59307 NA
15894 59307 NA
15895 58104 NA
15896 58104 NA
15897 58104 NA
15898 58104 NA
15899 58104 NA
15900 58104 NA
15901 58104 NA
15902 58104 NA
15903 58296 NA
15904 58487 NA
15905 58679 NA
15906 58870 NA
15907 59062 NA
15908 59253 NA
15909 59253 NA
15910 59253 NA
15911 59253 NA
15912 59253 NA
15913 59253 NA
15914 59253 NA
15915 59253 NA
15916 59253 NA
15917 59253 NA
15918 59253 NA
15919 59253 NA
15920 59253 NA
15921 59253 NA
15922 59253 NA
15923 59253 NA
15924 59253 NA
15925 59253 NA
15926 59253 NA
15927 60240 NA
15928 60240 NA
15929 60240 NA
15930 60240 NA
15931 60240 NA
15932 60240 NA
15933 60240 NA
15934 60240 NA
15935 60240 NA
15936 60240 NA
15937 60240 NA
15938 60240 NA
15939 60240 NA
15940 60240 NA
15941 60240 NA
15942 60240 NA
15943 60240 NA
15944 60240 NA
15945 60240 NA
15946 60240 NA
15947 60240 NA
15948 60240 NA
15949 60240 NA
15950 60240 NA
15951 60240 NA
15952 60240 NA
15953 60240 NA
15954 60240 NA
15955 60240 NA
15956 60240 NA
15957 60240 NA
15958 61373 NA
15959 61373 NA
15960 61373 NA
15961 61373 NA
15962 61373 NA
15963 61373 NA
15964 61373 NA
15965 61373 NA
15966 61373 NA
15967 61373 NA
15968 61373 NA
15969 61373 NA
15970 61373 NA
15971 61373 NA
15972 61373 NA
15973 61373 NA
15974 61373 NA
15975 61373 NA
15976 61373 NA
15977 61373 NA
15978 61373 NA
15979 61373 NA
15980 61373 NA
15981 61373 NA
15982 61373 NA
15983 61373 NA
15984 61373 NA
15985 61373 NA
15986 61471 NA
15987 61570 NA
15988 61668 NA
15989 61766 NA
15990 61864 NA
15991 61963 NA
15992 62061 NA
15993 62159 NA
15994 62159 NA
15995 62159 NA
15996 62159 NA
15997 62159 NA
15998 62159 NA
15999 62159 NA
16000 62159 NA
16001 62159 NA
16002 62159 NA
16003 62159 NA
16004 62159 NA
16005 62159 NA
16006 62159 NA
16007 62159 NA
16008 62159 NA
16009 62159 NA
16010 62159 NA
16011 62159 NA
16012 62159 NA
16013 62159 NA
16014 62159 NA
16015 62102 NA
16016 62102 NA
16017 62102 NA
16018 62102 NA
16019 62102 NA
16020 62102 NA
16021 62102 NA
16022 62102 NA
16023 62102 NA
16024 62102 NA
16025 62102 NA
16026 62102 NA
16027 62102 NA
16028 62102 NA
16029 62102 NA
16030 62102 NA
16031 62102 NA
16032 62102 NA
16033 62102 NA
16034 62102 NA
16035 62263 NA
16036 62424 NA
16037 62585 NA
16038 62746 NA
16039 62907 NA
16040 63068 NA
16041 63229 NA
16042 63229 NA
16043 63229 NA
16044 63229 NA
16045 63229 NA
16046 63229 NA
16047 63229 NA
16048 63229 NA
16049 63229 NA
16050 63229 NA
16051 63229 NA
16052 63229 NA
16053 63229 NA
16054 63229 NA
16055 63229 NA
16056 63229 NA
16057 63229 NA
16058 63229 NA
16059 63229 NA
16060 63229 NA
16061 63229 NA
16062 63229 NA
16063 63188 NA
16064 63188 NA
16065 63188 NA
16066 63188 NA
16067 63188 NA
16068 63188 NA
16069 63188 NA
16070 63188 NA
16071 63188 NA
16072 63188 NA
16073 63188 NA
16074 63188 NA
16075 63188 NA
16076 63188 NA
16077 63188 NA
16078 63188 NA
16079 63188 NA
16080 63188 NA
16081 63188 NA
16082 63188 NA
16083 63188 NA
16084 61612 NA
16085 61612 NA
16086 61612 NA
16087 61612 NA
16088 61612 NA
16089 61612 NA
16090 61612 NA
16091 61612 NA
16092 61612 NA
16093 61612 NA
16094 61612 NA
16095 61612 NA
16096 61612 NA
16097 61612 NA
16098 61612 NA
16099 61612 NA
16100 61612 NA
16101 61612 NA
16102 61612 NA
16103 61612 NA
16104 61612 NA
16105 59602 NA
16106 59602 NA
16107 59602 NA
16108 59602 NA
16109 59602 NA
16110 59602 NA
16111 59602 NA
16112 59602 NA
16113 59602 NA
16114 59602 NA
16115 59602 NA
16116 59602 NA
16117 59602 NA
16118 59602 NA
16119 59602 NA
16120 59602 NA
16121 59602 NA
16122 59602 NA
16123 59602 NA
16124 59602 NA
16125 59602 NA
16126 59602 NA
16127 59602 NA
16128 56903 NA
16129 56903 NA
16130 56903 NA
16131 56903 NA
16132 56903 NA
16133 56903 NA
16134 56903 NA
16135 56903 NA
16136 57684 NA
16137 57684 NA
16138 57684 NA
16139 57684 NA
16140 57684 NA
16141 57684 NA
16142 57684 NA
16143 57684 NA
16144 57684 NA
16145 57684 NA
16146 58246 NA
16147 58246 NA
16148 58246 NA
16149 58246 NA
16150 58246 NA
16151 58246 NA
16152 58246 NA
16153 58246 NA
16154 58246 NA
16155 58246 NA
16156 58246 NA
16157 58246 NA
16158 58246 NA
16159 58246 NA
16160 58246 NA
16161 58663 NA
16162 58663 NA
16163 58663 NA
16164 58663 NA
16165 58663 NA
16166 58663 NA
16167 58663 NA
16168 58663 NA
16169 58663 NA
16170 58663 NA
16171 58663 NA
16172 58663 NA
16173 58663 NA
16174 58663 NA
16175 58663 NA
16176 58663 NA
16177 58663 NA
16178 58663 NA
16179 58663 NA
16180 58663 NA
16181 58663 NA
16182 58667 NA
16183 58667 NA
16184 58667 NA
16185 58667 NA
16186 58667 NA
16187 58667 NA
16188 58667 NA
16189 58667 NA
16190 58667 NA
16191 58667 NA
16192 58667 NA
16193 58667 NA
16194 58667 NA
16195 58667 NA
16196 58667 NA
16197 58667 NA
16198 58667 NA
16199 58667 NA
16200 58667 NA
16201 58667 NA
16202 58667 NA
16203 58667 NA
16204 58667 NA
16205 58830 NA
16206 58830 NA
16207 58830 NA
16208 58830 NA
16209 58830 NA
16210 58830 NA
16211 58830 NA
16212 58830 NA
16213 58830 NA
16214 58830 NA
16215 58830 NA
16216 58830 NA
16217 58830 NA
16218 58830 NA
16219 58830 NA
16220 58830 NA
16221 58830 NA
16222 58830 NA
16223 58830 NA
16224 58830 NA
16225 58830 NA
16226 58830 NA
16227 58830 NA
16228 58830 NA
16229 57581 NA
16230 57581 NA
16231 57581 NA
16232 57581 NA
16233 57581 NA
16234 57581 NA
16235 57581 NA
16236 57581 NA
16237 57581 NA
16238 57581 NA
16239 57581 NA
16240 57581 NA
16241 57581 NA
16242 57581 NA
16243 57581 NA
16244 58287 NA
16245 58287 NA
16246 58287 NA
16247 58287 NA
16248 58287 NA
16249 58287 NA
16250 58287 NA
16251 58287 NA
16252 58287 NA
16253 58287 NA
16254 58287 NA
16255 58287 NA
16256 58287 NA
16257 58287 NA
16258 58287 NA
16259 58287 NA
16260 58287 NA
16261 58287 NA
16262 58287 NA
16263 58590 NA
16264 58590 NA
16265 58590 NA
16266 58590 NA
16267 58590 NA
16268 58590 NA
16269 58590 NA
16270 58590 NA
16271 58590 NA
16272 58590 NA
16273 58590 NA
16274 58590 NA
16275 58590 NA
16276 58590 NA
16277 58590 NA
16278 58590 NA
16279 58590 NA
16280 58590 NA
16281 58590 NA
16282 58590 NA
16283 58590 NA
16284 58891 NA
16285 58891 NA
16286 58891 NA
16287 58891 NA
16288 58891 NA
16289 58891 NA
16290 58891 NA
16291 58891 NA
16292 58891 NA
16293 58891 NA
16294 58891 NA
16295 58891 NA
16296 58891 NA
16297 58891 NA
16298 58891 NA
16299 58891 NA
16300 58891 NA
16301 58891 NA
16302 58891 NA
16303 58891 NA
16304 58891 NA
16305 58891 NA
16306 59305 NA
16307 59305 NA
16308 59305 NA
16309 59305 NA
16310 59305 NA
16311 59305 NA
16312 59305 NA
16313 59305 NA
16314 59305 NA
16315 59305 NA
16316 59305 NA
16317 59305 NA
16318 59305 NA
16319 59305 NA
16320 59305 NA
16321 59305 NA
16322 59305 NA
16323 59305 NA
16324 59305 NA
16325 59305 NA
16326 59305 NA
16327 59305 NA
16328 59305 NA
16329 59305 NA
16330 59305 NA
16331 58804 NA
16332 58804 NA
16333 58804 NA
16334 58804 NA
16335 58804 NA
16336 58804 NA
16337 58804 NA
16338 58804 NA
16339 58804 NA
16340 58804 NA
16341 58804 NA
16342 58804 NA
16343 58804 NA
16344 58804 NA
16345 58804 NA
16346 58804 NA
16347 58804 NA
16348 58804 NA
16349 58804 NA
16350 58804 NA
16351 58804 NA
16352 58804 NA
16353 58804 NA
16354 58804 NA
16355 58804 NA
16356 58804 NA
16357 58247 NA
16358 58247 NA
16359 58247 NA
16360 58247 NA
16361 58247 NA
16362 58247 NA
16363 58247 NA
16364 58247 NA
16365 58247 NA
16366 58247 NA
16367 58247 NA
16368 58247 NA
16369 58247 NA
16370 58247 NA
16371 58247 NA
16372 58247 NA
16373 58247 NA
16374 58247 NA
16375 58247 NA
16376 58247 NA
16377 58247 NA
16378 58247 NA
16379 58247 NA
16380 57865 NA
16381 57865 NA
16382 57865 NA
16383 57865 NA
16384 57865 NA
16385 57865 NA
16386 57865 NA
16387 57865 NA
16388 57865 NA
16389 57865 NA
16390 57865 NA
16391 57865 NA
16392 57865 NA
16393 57865 NA
16394 57865 NA
16395 57865 NA
16396 57741 NA
16397 57741 NA
16398 57741 NA
16399 57741 NA
16400 57741 NA
16401 57741 NA
16402 57741 NA
16403 57741 NA
16404 57741 NA
16405 57741 NA
16406 57741 NA
16407 57741 NA
16408 57741 NA
16409 57741 NA
16410 57741 NA
16411 57741 NA
16412 57741 NA
16413 57924 NA
16414 57924 NA
16415 57924 NA
16416 57924 NA
16417 57924 NA
16418 57924 NA
16419 57924 NA
16420 57924 NA
16421 57924 NA
16422 57924 NA
16423 57924 NA
16424 57924 NA
16425 57924 NA
16426 57924 NA
16427 57924 NA
16428 57924 NA
16429 57924 NA
16430 57924 NA
16431 57924 NA
16432 57924 NA
16433 57924 NA
16434 57924 NA
16435 57193 NA
16436 57193 NA
16437 57193 NA
16438 57193 NA
16439 57193 NA
16440 57193 NA
16441 57193 NA
16442 57193 NA
16443 57193 NA
16444 57193 NA
16445 57193 NA
16446 57193 NA
16447 57193 NA
16448 57193 NA
16449 57193 NA
16450 57193 NA
16451 57193 NA
16452 57643 NA
16453 57643 NA
16454 57643 NA
16455 57643 NA
16456 57643 NA
16457 57643 NA
16458 57643 NA
16459 57643 NA
16460 57643 NA
16461 57643 NA
16462 57643 NA
16463 57643 NA
16464 57643 NA
16465 57643 NA
16466 57643 NA
16467 57643 NA
16468 57643 NA
16469 57643 NA
16470 57643 NA
16471 57643 NA
16472 58058 NA
16473 58058 NA
16474 58058 NA
16475 58058 NA
16476 58058 NA
16477 58058 NA
16478 58058 NA
16479 58058 NA
16480 58058 NA
16481 58058 NA
16482 58058 NA
16483 58058 NA
16484 58058 NA
16485 58058 NA
16486 58058 NA
16487 58058 NA
16488 58058 NA
16489 58058 NA
16490 58058 NA
16491 58058 NA
16492 58058 NA
16493 57356 NA
16494 57356 NA
16495 57356 NA
16496 57356 NA
16497 57356 NA
16498 57356 NA
16499 57356 NA
16500 57356 NA
16501 57356 NA
16502 57356 NA
16503 57356 NA
16504 57356 NA
16505 57356 NA
16506 57356 NA
16507 57356 NA
16508 57356 NA
16509 57356 NA
16510 57356 NA
16511 57421 NA
16512 57421 NA
16513 57421 NA
16514 57421 NA
16515 57421 NA
16516 57421 NA
16517 57421 NA
16518 57421 NA
16519 57421 NA
16520 57421 NA
16521 57421 NA
16522 57421 NA
16523 57421 NA
16524 57421 NA
16525 57421 NA
16526 57421 NA
16527 57421 NA
16528 57421 NA
16529 57421 NA
16530 57421 NA
16531 57421 NA
16532 57421 NA
16533 57421 NA
16534 57778 NA
16535 57778 NA
16536 57778 NA
16537 57778 NA
16538 57778 NA
16539 57778 NA
16540 57778 NA
16541 57778 NA
16542 57778 NA
16543 57778 NA
16544 57778 NA
16545 57778 NA
16546 57778 NA
16547 57778 NA
16548 57778 NA
16549 57778 NA
16550 57778 NA
16551 57778 NA
16552 57778 NA
16553 57778 NA
16554 57778 NA
16555 57778 NA
16556 57778 NA
16557 57837 NA
16558 57837 NA
16559 57837 NA
16560 57837 NA
16561 57837 NA
16562 57837 NA
16563 57837 NA
16564 57837 NA
16565 57837 NA
16566 57837 NA
16567 57837 NA
16568 57837 NA
16569 57837 NA
16570 57837 NA
16571 57837 NA
16572 57837 NA
16573 57837 NA
16574 57837 NA
16575 57837 NA
16576 57837 NA
16577 57837 NA
16578 57837 NA
16579 57837 NA
16580 57883 NA
16581 57883 NA
16582 57883 NA
16583 57883 NA
16584 57883 NA
16585 57883 NA
16586 57883 NA
16587 57883 NA
16588 57883 NA
16589 57883 NA
16590 57883 NA
16591 57883 NA
16592 57883 NA
16593 57883 NA
16594 57883 NA
16595 57883 NA
16596 57883 NA
16597 57883 NA
16598 57883 NA
16599 57883 NA
16600 57883 NA
16601 57883 NA
16602 57883 NA
16603 58324 NA
16604 58324 NA
16605 58324 NA
16606 58324 NA
16607 58324 NA
16608 58324 NA
16609 58324 NA
16610 58324 NA
16611 58324 NA
16612 58324 NA
16613 58324 NA
16614 58324 NA
16615 58324 NA
16616 58324 NA
16617 58324 NA
16618 58324 NA
16619 58324 NA
16620 58324 NA
16621 58324 NA
16622 58324 NA
16623 58324 NA
16624 58324 NA
16625 58324 NA
16626 58324 NA
16627 58324 NA
16628 58324 NA
16629 58324 NA
16630 58324 NA
16631 58324 NA
16632 58324 NA
16633 57879 NA
16634 57879 NA
16635 57879 NA
16636 57879 NA
16637 57879 NA
16638 57879 NA
16639 57879 NA
16640 57879 NA
16641 57879 NA
16642 57879 NA
16643 57879 NA
16644 57879 NA
16645 57879 NA
16646 57879 NA
16647 57879 NA
16648 57879 NA
16649 57879 NA
16650 57879 NA
16651 57879 NA
16652 57879 NA
16653 57879 NA
16654 57879 NA
16655 57879 NA
16656 57879 NA
16657 57848 NA
16658 57848 NA
16659 57848 NA
16660 57848 NA
16661 57848 NA
16662 57848 NA
16663 57848 NA
16665 57848 NA
16666 57848 NA
16668 57848 NA
16669 57848 NA
16670 57848 NA
16671 57848 NA
16672 57848 NA
16673 57848 NA
16674 57848 NA
16675 57848 NA
16676 57848 NA
16677 57848 NA
16678 57848 NA
16679 57848 NA
16680 57848 NA
16681 57848 NA
16682 57848 NA
16683 57848 NA
16684 57806 NA
16686 57806 NA
16687 57806 NA
16688 57806 NA
16689 57806 NA
16690 57806 NA
16691 57806 NA
16692 57806 NA
16693 57806 NA
16694 57806 NA
16695 57806 NA
16696 57806 NA
16697 57806 NA
16698 57806 NA
16699 57806 NA
16700 57806 NA
16701 57806 NA
16702 57806 NA
16703 57806 NA
16704 57806 NA
16705 57806 NA
16706 57806 NA
16707 57806 NA
16708 57806 NA
16709 57806 NA
16710 57806 NA
16711 57806 NA
16712 57790 NA
16715 57790 NA
16717 57790 NA
16719 57790 NA
16720 57790 NA
16721 57790 NA
16722 57790 NA
16723 57790 NA
16724 57790 NA
16725 57790 NA
16726 57790 NA
16727 57790 NA
16728 57790 NA
16730 57790 NA
16731 57790 NA
16732 57790 NA
16733 57790 NA
16734 57790 NA
16735 57790 NA
16736 58379 NA
16737 58379 NA
16738 58379 NA
16739 58379 NA
16740 58379 NA
16741 58379 NA
16742 58379 NA
16743 58379 NA
16744 58379 NA
16745 58379 NA
16746 58379 NA
16747 58379 NA
16748 58379 NA
16749 58379 NA
16750 58379 NA
16751 58379 NA
16752 58379 NA
16753 58379 NA
16754 58379 NA
16755 58379 NA
16756 58379 NA
16757 58379 NA
16759 58379 NA
16760 58379 NA
16761 58379 NA
16762 58379 NA
16763 58379 NA
16764 58379 NA
16765 58379 NA
16766 58521 NA
16767 58521 NA
16768 58521 NA
16769 58521 NA
16770 58521 NA
16771 58521 NA
16772 58521 NA
16773 58521 NA
16774 58521 NA
16775 58521 NA
16776 58521 NA
16777 58521 NA
16778 58521 NA
16779 58521 NA
16780 58521 NA
16781 58521 NA
16782 58521 NA
16783 58521 NA
16784 58521 NA
16785 58521 NA
16786 58521 NA
16787 58521 NA
16788 58521 NA
16789 58521 NA
16790 58521 NA
16791 58521 NA
16792 58521 NA
16793 58521 NA
16794 58521 NA
16795 58521 NA
16796 58867 NA
16797 58867 NA
16798 58867 NA
16799 58867 NA
16800 58867 NA
16801 58867 NA
16802 58867 NA
16803 58867 NA
16804 58867 NA
16807 58867 NA
16808 58867 NA
16809 58867 NA
16810 58867 NA
16811 58867 NA
16812 58867 NA
16813 58867 NA
16814 58867 NA
16815 58867 NA
16816 58867 NA
16817 58867 NA
16818 58867 NA
16820 58867 NA
16821 58867 NA
16823 58867 NA
16824 58472 NA
16825 58472 NA
16826 58472 NA
16827 58472 NA
16828 58472 NA
16829 58472 NA
16830 58472 NA
16831 58472 NA
16832 58472 NA
16833 58472 NA
16834 58472 NA
16835 58472 NA
16836 58472 NA
16837 58472 NA
16838 58472 NA
16839 58472 NA
16840 58472 NA
16841 58472 NA
16842 58472 NA
16843 58472 NA
16844 58472 NA
16845 58472 NA
16847 58332 NA
16849 58332 NA
16850 58332 NA
16851 58332 NA
16852 58332 NA
16853 58332 NA
16854 58332 NA
16855 58332 NA
16856 58332 NA
16857 58332 NA
16858 58332 NA
16859 58332 NA
16860 58332 NA
16861 58332 NA
16862 58332 NA
16863 58332 NA
16864 58332 NA
16865 58332 NA
16866 58332 NA
16867 58332 NA
16869 58332 NA
16870 58332 NA
16871 58332 NA
16872 58332 NA
16873 58332 NA
16874 58332 NA
16875 58332 NA
16876 58332 NA
16878 58202 NA
16879 58202 NA
16880 58202 NA
16881 58202 NA
16884 58202 NA
16885 58202 NA
16886 58202 NA
16887 58202 NA
16888 58202 NA
16889 58202 NA
16890 58202 NA
16892 58202 NA
16893 58202 NA
16894 58202 NA
16895 58202 NA
16896 58202 NA
16897 58202 NA
16898 58202 NA
16899 58202 NA
16900 58202 NA
16901 58202 NA
16902 58202 NA
16903 58202 NA
16904 58202 NA
16905 58202 NA
16906 58202 NA
16907 58050 NA
16908 58050 NA
16909 58050 NA
16910 58050 NA
16911 58050 NA
16912 58050 NA
16913 58050 NA
16914 58050 NA
16915 58050 NA
16916 58050 NA
16917 58050 NA
16918 58050 NA
16919 58050 NA
16920 58050 NA
16921 58050 NA
16922 58050 NA
16923 58050 NA
16924 58050 NA
16925 58050 NA
16926 58050 NA
16927 58050 NA
16928 58050 NA
16929 58050 NA
16930 58507 NA
16931 58507 NA
16932 58507 NA
16933 58507 NA
16934 58507 NA
16935 58507 NA
16937 58507 NA
16938 58507 NA
16939 58507 NA
16940 58507 NA
16941 58507 NA
16942 58507 NA
16943 58507 NA
16944 58507 NA
16945 58507 NA
16946 58507 NA
16949 58507 NA
16950 58507 NA
16951 58507 NA
16952 58965 NA
16953 58965 NA
16954 58965 NA
16955 58965 NA
16956 58965 NA
16957 58965 NA
16958 58965 NA
16959 58965 NA
16960 58965 NA
16967 58965 NA
16968 58965 NA
16969 58965 NA
16970 58965 NA
16971 58965 NA
16972 58965 NA
16974 58965 NA
16975 58965 NA
16976 58965 NA
16977 58965 NA
16978 58965 NA
16979 58965 NA
16980 58965 NA
16981 58965 NA
16982 58965 NA
16984 59106 NA
16985 59106 NA
16986 59106 NA
16987 59106 NA
16988 59106 NA
16989 59106 NA
16990 59106 NA
16991 59106 NA
16992 59106 NA
16993 59106 NA
16994 59106 NA
16999 59106 NA
17001 59106 NA
17006 59106 NA
17007 59106 NA
17014 59106 NA
17015 59106 NA
17016 59106 NA
17017 59106 NA
17018 59106 NA
17019 59106 NA
17020 59106 NA
17021 59106 NA
17022 59106 NA
17023 59106 NA
17024 59106 NA
17025 59106 NA
17026 57966 NA
17027 57966 NA
17028 57966 NA
17029 57966 NA
17031 57966 NA
17032 57966 NA
17033 57966 NA
17034 57966 NA
17035 57966 NA
17036 57966 NA
17037 57966 NA
17038 57966 NA
17039 57966 NA
17040 57966 NA
17042 57966 NA
17044 57966 NA
17045 57966 NA
17046 57966 NA
17047 57966 NA
17048 57966 NA
17049 57966 NA
17050 57966 NA
17051 57966 NA
17052 57966 NA
17053 57966 NA
17054 57966 NA
17055 57966 NA
17056 57966 NA
17057 57966 NA
17058 57966 NA
17059 57966 NA
17060 57966 NA
17061 57966 NA
17062 57966 NA
17063 57551 NA
17064 57551 NA
17069 57551 NA
17070 57551 NA
17071 57551 NA
17072 57551 NA
17073 57551 NA
17075 57551 NA
17076 57551 NA
17077 57551 NA
17078 57551 NA
17079 57551 NA
17080 57551 NA
17081 57551 NA
17083 57551 NA
17084 57551 NA
17085 57551 NA
17086 57551 NA
17087 57551 NA
17088 57551 NA
17089 57551 NA
17091 57551 NA
17092 57551 NA
17093 57551 NA
17094 57551 NA
17095 57551 NA
17096 57551 NA
17097 57551 NA
17098 57556 NA
17099 57556 NA
17100 57556 NA
17101 57556 NA
17102 57556 NA
17103 57556 NA
17104 57556 NA
17105 57556 NA
17106 57556 NA
17107 57556 NA
17108 57556 NA
17109 57556 NA
17110 57556 NA
17111 57556 NA
17112 57556 NA
17113 57556 NA
17114 57556 NA
17115 57556 NA
17117 57556 NA
17118 57556 NA
17123 57556 NA
17124 57556 NA
17125 57556 NA
17126 57556 NA
17127 57556 NA
17129 57556 NA
17130 57556 NA
17131 57556 NA
17132 57004 NA
17133 57004 NA
17134 57004 NA
17135 57004 NA
17136 57004 NA
17138 57004 NA
17139 57004 NA
17140 57004 NA
17141 57004 NA
17142 57004 NA
17143 57004 NA
17144 57004 NA
17145 57004 NA
17146 57004 NA
17147 57004 NA
