"Index" "Price" "Volume"
14019 59400 NA
14020 59600 NA
14021 59500 NA
14022 59500 NA
14023 59600 NA
14024 59600 NA
14025 59500 NA
14026 59500 NA
14027 59700 NA
14028 59700 NA
14029 59600 NA
14030 59600 NA
14031 59600 NA
14032 59600 NA
14033 59500 NA
14034 59400 NA
14035 59400 NA
14036 59200 NA
14037 59200 NA
14038 59200 NA
14039 58800 NA
14040 58800 NA
14041 58300 NA
14042 58300 NA
14043 58400 NA
14044 58200 NA
14045 58300 NA
14046 58300 NA
14047 58200 NA
14048 58200 NA
14049 58200 NA
14050 57900 NA
14051 57900 NA
14052 57700 NA
14053 57600 NA
14054 57600 NA
14055 57300 NA
14056 57300 NA
14057 57500 NA
14058 57400 NA
14059 57200 NA
14060 57000 NA
14061 57000 NA
14062 55100 NA
14063 55100 NA
14064 54500 NA
14065 53700 NA
14066 53200 NA
14067 53000 NA
14068 52800 NA
14069 52300 NA
14070 52300 NA
14071 52300 NA
14072 52500 NA
14073 52500 NA
14074 51500 NA
14075 51500 NA
14076 51600 NA
14077 51500 NA
14078 51600 NA
14079 51600 NA
14080 51600 NA
14081 51300 NA
14082 51200 NA
14083 51300 NA
14084 51300 NA
14085 51100 NA
14086 51100 NA
14087 50700 NA
14088 50650 NA
14089 50600 NA
14090 50600 NA
14091 50600 NA
14092 50600 NA
14093 50900 NA
14094 50900 NA
14095 50900 NA
14096 51000 NA
14097 51000 NA
14098 50900 NA
14099 50500 NA
14100 50200 NA
14101 50000 NA
14102 50000 NA
14103 49700 NA
14104 50400 NA
14105 50300 NA
14106 50100 NA
14107 50200 NA
14108 50400 NA
14109 50700 NA
14110 51200 NA
14111 51200 NA
14112 51200 NA
14113 51600 NA
14114 51900 NA
14115 51900 NA
14116 52200 NA
14117 52400 NA
14118 52700 NA
14119 52700 NA
14120 52700 NA
14121 51900 NA
14122 51600 NA
14123 51600 NA
14124 51400 NA
14125 51400 NA
14126 51300 NA
14127 51300 NA
14128 51300 NA
14129 51200 NA
14130 51300 NA
14131 51300 NA
14132 51100 NA
14133 51300 NA
14134 51300 NA
14135 51100 NA
14136 51400 NA
14137 51500 NA
14138 51500 NA
14139 51800 NA
14140 51900 NA
14141 52100 NA
14142 52100 NA
14143 52100 NA
14144 51900 NA
14145 51900 NA
14146 52000 NA
14147 52700 NA
14148 52700 NA
14149 53500 NA
14150 53500 NA
14151 53300 NA
14152 52900 NA
14153 52900 NA
14154 52400 NA
14155 51300 NA
14156 50900 NA
14157 50900 NA
14158 50500 NA
14159 50500 NA
14160 50800 NA
14161 50800 NA
14162 49800 NA
14163 49300 NA
14164 49600 NA
14165 49600 NA
14166 49600 NA
14167 49600 NA
14168 49500 NA
14169 50700 NA
14170 50800 NA
14171 52000 NA
14172 52000 NA
14173 52000 NA
14174 52800 NA
14175 52000 NA
14176 52000 NA
14177 51800 NA
14178 51800 NA
14179 51200 NA
14180 51200 NA
14181 50400 NA
14182 50800 NA
14183 50800 NA
14184 50200 NA
14185 49400 NA
14186 48900 NA
14187 49700 NA
14188 49700 NA
14189 49000 NA
14190 49000 NA
14191 48200 NA
14192 48200 NA
14193 49100 NA
14194 49100 NA
14195 48700 NA
14196 48700 NA
14197 48900 NA
14198 49000 NA
14199 49100 NA
14200 49100 NA
14201 49200 NA
14202 49200 NA
14203 50200 NA
14204 49800 NA
14205 49800 NA
14206 49600 NA
14207 50700 NA
14208 51400 NA
14209 51400 NA
14210 51200 NA
14211 50800 NA
14212 50800 NA
14213 50400 NA
14214 50400 NA
14215 50000 NA
14216 50000 NA
14217 49800 NA
14218 49900 NA
14219 51100 NA
14220 51000 NA
14221 50400 NA
14222 50400 NA
14223 49900 NA
14224 49400 NA
14225 49400 NA
14226 49000 NA
14227 48600 NA
14228 48500 NA
14229 48800 NA
14230 48800 NA
14231 48500 NA
14232 47800 NA
14233 47300 NA
14234 47300 NA
14235 46500 NA
14236 46200 NA
14237 45600 NA
14238 45600 NA
14239 45100 NA
14240 45100 NA
14241 45300 NA
14242 45400 NA
14243 45700 NA
14244 46200 NA
14245 46200 NA
14246 45400 NA
14247 45400 NA
14248 44700 NA
14249 44700 NA
14250 44300 NA
14251 45000 NA
14252 45000 NA
14253 44500 NA
14254 45900 NA
14255 45900 NA
14256 45900 NA
14257 46100 NA
14258 46100 NA
14259 45900 NA
14260 46300 NA
14261 47000 NA
14262 46800 NA
14263 46800 NA
14264 46300 NA
14265 46200 NA
14266 46200 NA
14267 46700 NA
14268 46700 NA
14269 46200 NA
14270 46200 NA
14271 46100 NA
14272 46300 NA
14273 46300 NA
14274 45900 NA
14275 45800 NA
14276 45900 NA
14277 46700 NA
14278 47700 NA
14279 47700 NA
14280 48300 NA
14281 48000 NA
14282 48800 NA
14283 48800 NA
14284 48700 NA
14285 48400 NA
14286 49300 NA
14287 49300 NA
14288 49200 NA
14289 48400 NA
14290 47800 NA
14291 47300 NA
14292 46700 NA
14293 46700 NA
14294 46500 NA
14295 46500 NA
14296 46400 NA
14297 46400 NA
14298 46000 NA
14299 46000 NA
14300 45800 NA
14301 45800 NA
14302 46000 NA
14303 45500 NA
14304 45200 NA
14305 45300 NA
14306 45300 NA
14307 45000 NA
14308 45000 NA
14309 44300 NA
14310 43900 NA
14311 44200 NA
14312 43600 NA
14313 43300 NA
14314 43300 NA
14315 43600 NA
14316 43100 NA
14317 43100 NA
14318 43100 NA
14319 42200 NA
14320 42200 NA
14321 41800 NA
14322 42000 NA
14323 42000 NA
14324 41800 NA
14325 41400 NA
14326 41800 NA
14327 41800 NA
14328 41500 NA
14329 41600 NA
14330 41200 NA
14331 41200 NA
14332 41100 NA
14333 41100 NA
14334 40600 NA
14335 40600 NA
14336 40000 NA
14337 40000 NA
14338 39600 NA
14339 39300 NA
14340 39300 NA
14341 39200 NA
14342 38800 NA
14343 39000 NA
14344 39100 NA
14345 38800 NA
14346 38800 NA
14347 39200 NA
14348 39200 NA
14349 39700 NA
14350 40200 NA
14351 40200 NA
14352 40200 NA
14353 40700 NA
14354 40700 NA
14355 40400 NA
14356 41000 NA
14357 41000 NA
14358 40900 NA
14359 40800 NA
14360 41200 NA
14361 40900 NA
14362 40700 NA
14363 40700 NA
14364 40700 NA
14365 40700 NA
14366 40300 NA
14367 40200 NA
14368 40200 NA
14369 40200 NA
14370 40200 NA
14371 40200 NA
14372 39900 NA
14373 39900 NA
14374 39900 NA
14375 40200 NA
14376 40500 NA
14377 40500 NA
14378 40300 NA
14379 40100 NA
14380 40100 NA
14381 39900 NA
14382 39500 NA
14383 40200 NA
14384 40600 NA
14385 40600 NA
14386 40200 NA
14387 39800 NA
14388 39800 NA
14389 39600 NA
14390 39200 NA
14391 39200 NA
14392 38900 NA
14393 38900 NA
14394 38500 NA
14395 38400 NA
14396 38600 NA
14397 38600 NA
14398 38600 NA
14399 38300 NA
14400 37800 NA
14401 37800 NA
14402 37700 NA
14403 38300 NA
14404 38300 NA
14405 38200 NA
14406 38200 NA
14407 37900 NA
14408 37900 NA
14409 37700 NA
14410 38200 NA
14411 38200 NA
14412 37700 NA
14413 37500 NA
14414 37500 NA
14415 37500 NA
14416 37600 NA
14417 38300 NA
14418 37900 NA
14419 37700 NA
14420 37800 NA
14421 37800 NA
14422 37600 NA
14423 38200 NA
14424 38200 NA
14425 38200 NA
14426 38200 NA
14427 39000 NA
14428 39000 NA
14429 40300 NA
14430 40300 NA
14431 40200 NA
14432 39900 NA
14433 41100 NA
14434 41100 NA
14435 40900 NA
14436 40500 NA
14437 40500 NA
14438 40400 NA
14439 40200 NA
14440 40200 NA
14441 40100 NA
14442 40100 NA
14443 40100 NA
14444 41100 NA
14445 41100 NA
14446 41600 NA
14447 41700 NA
14448 41700 NA
14449 42600 NA
14450 42400 NA
14451 42400 NA
14452 42300 NA
14453 42100 NA
14454 41800 NA
14455 41800 NA
14456 41600 NA
14457 42700 NA
14458 43000 NA
14459 42800 NA
14460 42800 NA
14461 42400 NA
14462 42400 NA
14463 42100 NA
14464 41800 NA
14465 42000 NA
14466 42300 NA
14467 41800 NA
14468 41500 NA
14469 42400 NA
14470 42400 NA
14471 42300 NA
14472 41900 NA
14473 41900 NA
14474 42300 NA
14475 43200 NA
14476 43200 NA
14477 43000 NA
14478 43000 NA
14479 42700 NA
14480 42400 NA
14481 42200 NA
14482 42200 NA
14483 42100 NA
14484 42100 NA
14485 42300 NA
14486 43300 NA
14487 43700 NA
14488 44000 NA
14489 43500 NA
14490 43800 NA
14491 43800 NA
14492 43800 NA
14493 43600 NA
14494 44400 NA
14495 44400 NA
14496 44100 NA
14497 44100 NA
14498 44100 NA
14499 44900 NA
14500 45400 NA
14501 45100 NA
14502 45100 NA
14503 44900 NA
14504 44900 NA
14505 44900 NA
14506 44800 NA
14507 45700 NA
14508 46500 NA
14509 47300 NA
14510 48200 NA
14511 48200 NA
14512 48000 NA
14513 48000 NA
14514 48300 NA
14515 48900 NA
14516 48900 NA
14517 48700 NA
14518 48700 NA
14519 49400 NA
14520 49400 NA
14521 49200 NA
14522 49700 NA
14523 49700 NA
14524 50200 NA
14525 50200 NA
14526 49200 NA
14527 50300 NA
14528 50200 NA
14529 50200 NA
14530 50100 NA
14531 50100 NA
14532 50300 NA
14533 51200 NA
14534 51200 NA
14535 52800 NA
14536 53500 NA
14537 53500 NA
14538 53400 NA
14539 53400 NA
14540 54100 NA
14541 55000 NA
14542 54700 NA
14543 55100 NA
14544 55100 NA
14545 54400 NA
14546 54400 NA
14547 54800 NA
14548 54600 NA
14549 55100 NA
14550 55100 NA
14551 55000 NA
14552 56100 NA
14553 57600 NA
14554 57600 NA
14555 60300 NA
14556 60300 NA
14557 61000 NA
14558 61700 NA
14559 61700 NA
14560 61700 NA
14561 61800 NA
14562 61800 NA
14563 61400 NA
14564 62300 NA
14565 61900 NA
14566 61900 NA
14567 61900 NA
14568 61900 NA
14569 62300 NA
14570 62500 NA
14571 62500 NA
14572 62800 NA
14573 63000 NA
14574 63000 NA
14575 62700 NA
14576 62700 NA
14577 61700 NA
14578 61000 NA
14579 61000 NA
14580 60500 NA
14581 61900 NA
14582 62900 NA
14583 62900 NA
14584 62200 NA
14585 61400 NA
14586 61400 NA
14587 61400 NA
14588 60500 NA
14589 60500 NA
14590 59300 NA
14591 58400 NA
14592 58400 NA
14593 58300 NA
14594 58300 NA
14595 58600 NA
14596 58600 NA
14597 58000 NA
14598 58400 NA
14599 57700 NA
14600 57700 NA
14601 57300 NA
14602 57300 NA
14603 57100 NA
14604 56100 NA
14605 55100 NA
14606 55100 NA
14607 55100 NA
14608 55100 NA
14609 54200 NA
14610 54700 NA
14611 54100 NA
14612 54100 NA
14613 53400 NA
14614 54000 NA
14615 54000 NA
14616 54200 NA
14617 53500 NA
14618 53600 NA
14619 52900 NA
14620 52900 NA
14621 53200 NA
14622 53200 NA
14623 52700 NA
14624 52700 NA
14625 53100 NA
14626 52300 NA
14627 52300 NA
14628 52500 NA
14629 51800 NA
14630 51800 NA
14631 53800 NA
14632 53800 NA
14633 53800 NA
14634 53800 NA
14635 53900 NA
14636 54000 NA
14637 54600 NA
14638 53900 NA
14639 53400 NA
14640 53600 NA
14641 53600 NA
14642 53600 NA
14643 53200 NA
14644 53200 NA
14645 52800 NA
14646 52400 NA
14647 53000 NA
14648 53700 NA
14649 53700 NA
14650 54500 NA
14651 53700 NA
14653 53500 NA
14654 53200 NA
14655 53000 NA
14656 53000 NA
14657 53300 NA
14658 54200 NA
14659 53500 NA
14660 53500 NA
14661 52700 NA
14662 52100 NA
14663 52100 NA
14664 51800 NA
14665 51700 NA
14666 52100 NA
14667 52000 NA
14668 52000 NA
14669 52800 NA
14670 52800 NA
14671 52400 NA
14672 52100 NA
14673 52100 NA
14674 52300 NA
14675 52300 NA
14676 52400 NA
14677 52800 NA
14678 52800 NA
14679 52800 NA
14680 52800 NA
14681 52900 NA
14682 52800 NA
14683 53400 NA
14684 53400 NA
14685 53800 NA
14686 53800 NA
14687 53300 NA
14688 54400 NA
14689 54600 NA
14690 54600 NA
14691 53900 NA
14692 53900 NA
14693 54200 NA
14694 54500 NA
14695 54500 NA
14696 55100 NA
14697 56100 NA
14698 56800 NA
14699 57700 NA
14700 59100 NA
14701 59100 NA
14702 59200 NA
14703 59700 NA
14704 59100 NA
14705 59800 NA
14706 59800 NA
14707 60600 NA
14708 59900 NA
14709 59900 NA
14710 60100 NA
14711 60600 NA
14712 60600 NA
14713 60600 NA
14714 60500 NA
14715 60800 NA
14716 60800 NA
14717 61600 NA
14718 62100 NA
14719 62100 NA
14720 62800 NA
14721 62800 NA
14722 63000 NA
14723 63000 NA
14724 62100 NA
14725 62100 NA
14726 61500 NA
14727 61500 NA
14728 61500 NA
14729 62200 NA
14730 62200 NA
14731 60900 NA
14732 61200 NA
14733 61200 NA
14734 59800 NA
14735 59800 NA
14736 59300 NA
14737 59300 NA
14738 58600 NA
14739 58600 NA
14740 59300 NA
14741 59300 NA
14742 59900 NA
14743 59900 NA
14744 59800 NA
14745 59800 NA
14746 59900 NA
14747 59900 NA
14748 60600 NA
14749 60600 NA
14750 60400 NA
14751 61900 NA
14752 62800 NA
14753 62800 NA
14754 64600 NA
14755 66700 NA
14756 66700 NA
14757 68800 NA
14758 70600 NA
14759 72800 NA
14760 72800 NA
14761 75100 NA
14762 75100 NA
14763 75100 NA
14764 77200 NA
14765 77200 NA
14766 80000 NA
14767 80000 NA
14768 81000 NA
14769 81000 NA
14770 82000 NA
14771 78500 NA
14772 78500 NA
14773 75200 NA
14774 75200 NA
14775 72100 NA
14776 69600 NA
14777 69600 NA
14778 67900 NA
14779 67900 NA
14780 66800 NA
14781 63600 NA
14782 63600 NA
14783 63600 NA
14784 61900 NA
14785 61900 NA
14786 59900 NA
14787 59900 NA
14788 58800 NA
14789 58300 NA
14790 56600 NA
14791 56600 NA
14792 55800 NA
14793 53600 NA
14794 53600 NA
14795 52400 NA
14796 52400 NA
14797 51300 NA
14798 49800 NA
14799 49100 NA
14800 49100 NA
14801 48500 NA
14802 48500 NA
14803 47900 NA
14804 47900 NA
14805 47500 NA
14806 47500 NA
14807 47100 NA
14808 47300 NA
14809 47700 NA
14810 48100 NA
14811 48100 NA
14812 47400 NA
14813 46900 NA
14814 46900 NA
14815 47600 NA
14816 48200 NA
14817 48300 NA
14818 48600 NA
14819 48900 NA
14820 48900 NA
14821 49400 NA
14822 49500 NA
14823 49600 NA
14824 49600 NA
14825 49200 NA
14826 50100 NA
14827 50100 NA
14828 49300 NA
14829 49300 NA
14830 48700 NA
14831 47800 NA
14832 46400 NA
14833 46400 NA
14834 45600 NA
14835 44500 NA
14836 44100 NA
14837 43200 NA
14838 42700 NA
14839 42700 NA
14840 42000 NA
14841 42000 NA
14842 41300 NA
14843 40800 NA
14844 40800 NA
14845 40200 NA
14846 40200 NA
14847 38900 NA
14848 38700 NA
14849 38700 NA
14850 38300 NA
14851 37600 NA
14852 37700 NA
14853 38200 NA
14854 38200 NA
14855 38400 NA
14856 38900 NA
14857 38900 NA
14858 38900 NA
14859 39500 NA
14860 39500 NA
14861 39100 NA
14862 38900 NA
14863 39700 NA
14864 40300 NA
14865 41400 NA
14866 41200 NA
14867 41200 NA
14868 41300 NA
14869 41500 NA
14870 43000 NA
14871 43000 NA
14872 43400 NA
14873 43400 NA
14874 43200 NA
14875 43200 NA
14876 43200 NA
14877 43300 NA
14878 43600 NA
14879 44500 NA
14880 45600 NA
14881 45600 NA
14882 47100 NA
14883 47100 NA
14884 47000 NA
14885 47300 NA
14886 47900 NA
14887 47900 NA
14888 48500 NA
14889 49100 NA
14890 48900 NA
14891 48900 NA
14892 49300 NA
14893 49600 NA
14894 49600 NA
14895 49200 NA
14896 48300 NA
14897 48300 NA
14898 48300 NA
14899 47400 NA
14900 47300 NA
14901 46900 NA
14902 46900 NA
14903 45400 NA
14904 45400 NA
14905 45000 NA
14906 45100 NA
14907 45600 NA
14908 45600 NA
14909 45400 NA
14910 46200 NA
14911 47700 NA
14912 48200 NA
14913 48700 NA
14914 48500 NA
14915 48500 NA
14916 48900 NA
14917 48900 NA
14918 48600 NA
14920 49800 NA
14921 49600 NA
14922 49400 NA
14923 49400 NA
14924 48500 NA
14925 48500 NA
14926 48500 NA
14927 49000 NA
14928 50100 NA
14929 50100 NA
14930 50900 NA
14931 52000 NA
14932 52000 NA
14933 53000 NA
14934 54500 NA
14935 54500 NA
14936 56000 NA
14937 56600 NA
14938 58500 NA
14939 58500 NA
14940 58200 NA
14941 59000 NA
14942 59000 NA
14943 59300 NA
14944 60300 NA
14945 60600 NA
14946 60600 NA
14947 59500 NA
14948 58900 NA
14949 58500 NA
14950 58500 NA
14951 58600 NA
14952 58600 NA
14953 58600 NA
14954 58500 NA
14955 57100 NA
14956 57100 NA
14957 57100 NA
14958 56800 NA
14959 56800 NA
14960 57100 NA
14961 57100 NA
14962 56000 NA
14963 56000 NA
14964 54500 NA
14965 52700 NA
14966 51600 NA
14967 51000 NA
14968 51000 NA
14969 49900 NA
14970 49900 NA
14971 48300 NA
14972 48300 NA
14973 46800 NA
14974 45300 NA
14975 46800 NA
14976 45300 NA
14979 43800 NA
14981 41800 NA
14983 41100 NA
14984 40900 NA
14985 40900 NA
14986 39800 NA
14987 38200 NA
14988 37400 NA
14990 36500 NA
14991 35600 NA
14992 35700 NA
14993 35700 NA
14995 35500 NA
14996 35400 NA
14998 35100 NA
15000 34700 NA
15001 34200 NA
15003 34000 NA
15005 33600 NA
15007 32700 NA
15008 31600 NA
15009 30600 NA
15011 29200 NA
15012 28600 NA
15013 27300 NA
15014 27300 NA
15016 26000 NA
15018 25400 NA
15019 24900 NA
15020 24600 NA
15021 24600 NA
15023 23800 NA
15025 23500 NA
15026 23400 NA
15029 24000 NA
15031 24100 NA
15032 23900 NA
15033 23700 NA
15035 23900 NA
15036 24200 NA
15038 24200 NA
15039 24700 NA
15042 25100 NA
15044 25900 NA
15046 26600 NA
15047 27200 NA
15048 27558 NA
15050 27800 NA
15052 28100 NA
15054 28000 NA
15055 28200 NA
15058 28500 NA
15060 28500 NA
15061 28200 NA
15063 27900 NA
15064 27600 NA
15066 27500 NA
15067 27400 NA
15068 27600 NA
15070 27400 NA
15072 28200 NA
15073 28600 NA
15076 28100 NA
15078 28200 NA
15080 28500 NA
15082 28700 NA
15084 29600 NA
15085 30200 NA
15086 30000 NA
15087 30000 NA
15088 30100 NA
15089 29900 NA
15090 29900 NA
15093 29800 NA
15094 29800 NA
15095 29900 NA
15096 30000 NA
15097 30200 NA
15098 30200 NA
15100 30100 NA
15101 30200 NA
15103 30000 NA
15104 30100 NA
15106 30500 NA
15109 29800 NA
15110 29200 NA
15112 29000 NA
15114 29400 NA
15115 28500 NA
15116 28800 NA
15120 28400 NA
15124 27900 NA
15125 27700 NA
15126 27500 NA
15128 27600 NA
15130 27300 NA
15132 27300 NA
15133 27000 NA
15135 26800 NA
15136 26800 NA
15137 26700 NA
15140 26400 NA
15142 26200 NA
15143 26000 NA
15144 25600 NA
15145 25200 NA
15147 24700 NA
15149 24600 NA
15150 24800 NA
15151 24600 NA
15154 24300 NA
15156 24600 NA
15157 24900 NA
15158 25000 NA
15159 25000 NA
15161 25300 NA
15163 25500 NA
15164 25400 NA
15165 25200 NA
15168 24600 NA
15170 24300 NA
15172 24200 NA
15175 23900 NA
15178 24000 NA
15179 23900 NA
15182 24400 NA
15184 23900 NA
15185 24300 NA
15186 24300 NA
15187 24400 NA
15189 24100 NA
15191 23800 NA
15193 23500 NA
15194 23500 NA
15196 23100 NA
15197 23100 NA
15199 23000 NA
15204 23600 NA
15207 23900 NA
15210 23800 NA
15214 24100 NA
15215 24000 NA
15217 24300 NA
15219 24400 NA
15220 24400 NA
15221 24700 NA
15222 25000 NA
15224 25500 NA
15226 25900 NA
15227 25700 NA
15229 26100 NA
15231 26600 NA
15232 26600 NA
15233 27200 NA
15235 27600 NA
15238 27300 NA
15240 27400 NA
15242 27700 NA
15243 27400 NA
15244 27400 NA
15247 26900 NA
15248 26800 NA
15250 26800 NA
15252 26900 NA
15254 26500 NA
15256 26800 NA
15258 26600 NA
15261 26800 NA
15263 26700 NA
15264 26800 NA
15266 26300 NA
15268 26500 NA
15270 26700 NA
15271 26700 NA
15273 26500 NA
15275 26600 NA
15277 26400 NA
15280 26000 NA
15281 26000 NA
15282 25700 NA
15283 25700 NA
15284 25500 NA
15287 25200 NA
15291 24400 NA
15294 24600 NA
15296 24900 NA
15297 24900 NA
15299 25400 NA
15302 25400 NA
15303 25100 NA
15304 25100 NA
15306 24900 NA
15307 24900 NA
15310 25000 NA
15312 24600 NA
15313 24415 NA
15314 24415 NA
15315 24574 NA
15316 24574 NA
15317 24531 NA
15318 24531 NA
15319 23981 NA
15320 23981 NA
15321 24172 NA
15323 24172 NA
15324 23926 NA
15325 23926 NA
15326 24073 NA
15327 24073 NA
15328 23852 NA
15329 23852 NA
15330 23321 NA
15331 23321 NA
15332 23560 NA
15333 23560 NA
15334 23605 NA
15335 23605 NA
15336 23540 NA
15337 23540 NA
15338 23007 NA
15339 23007 NA
15340 22806 NA
15341 22806 NA
15342 22547 NA
15343 22547 NA
15344 22621 NA
15345 22621 NA
15346 22966 NA
15347 22966 NA
15348 23135 NA
15349 23135 NA
15350 23301 NA
15351 23301 NA
15352 23301 NA
15353 23345 NA
15354 23345 NA
15355 22948 NA
15356 22948 NA
15357 23053 NA
15358 23053 NA
15359 23053 NA
15360 22800 NA
15361 22800 NA
15362 22746 NA
15363 22746 NA
15364 22746 NA
15365 22652 NA
15366 22652 NA
15367 22734 NA
15368 22734 NA
15369 22988 NA
15370 22988 NA
15371 22988 NA
15372 22804 NA
15373 22804 NA
15374 23021 NA
15375 23021 NA
15376 23049 NA
15377 23049 NA
15378 22967 NA
15379 22967 NA
15380 23287 NA
15381 23287 NA
15382 23281 NA
15383 23281 NA
15384 23623 NA
15385 23623 NA
15386 23623 NA
15387 23801 NA
15388 23801 NA
15389 23741 NA
15390 23741 NA
15391 23727 NA
15392 23727 NA
15393 23765 NA
15394 23765 NA
15395 23755 NA
15396 23755 NA
15397 23855 NA
15398 23855 NA
15399 23855 NA
15400 23735 NA
15401 23735 NA
15402 23735 NA
15403 23474 NA
15404 23474 NA
15405 23729 NA
15406 23422 NA
15407 23719 NA
15408 24595 NA
15409 24704 NA
15410 24704 NA
15411 25306 NA
15412 26053 NA
15413 26053 NA
15414 26238 NA
15415 26238 NA
15416 27049 NA
15417 27919 NA
15418 27919 NA
15419 28667 NA
15420 28667 NA
15421 29308 NA
15422 29585 NA
15423 29862 NA
15424 30138 NA
15425 30415 NA
15426 30692 NA
15427 31833 NA
15428 31833 NA
15429 32592 NA
15430 32592 NA
15431 32824 NA
15432 32824 NA
15433 32992 NA
15434 32992 NA
15435 33273 NA
15436 33273 NA
15437 33582 NA
15438 33759 NA
15439 33759 NA
15440 34029 NA
15441 34029 NA
15442 34379 NA
15443 34379 NA
15444 34379 NA
15445 34120 NA
15446 34120 NA
15447 33783 NA
15448 33783 NA
15449 33783 NA
15450 33460 NA
15451 33460 NA
15452 33235 NA
15453 33235 NA
15454 33235 NA
15455 32692 NA
15456 32692 NA
15457 32692 NA
15458 31887 NA
15459 31887 NA
15460 31087 NA
15461 31087 NA
15462 30298 NA
15463 30298 NA
15464 30298 NA
15465 29561 NA
15466 29561 NA
15467 29262 NA
15468 29262 NA
15469 28380 NA
15470 28380 NA
15471 27679 NA
15472 27679 NA
15473 26894 NA
15474 26894 NA
15475 26440 NA
15476 26440 NA
15477 26440 NA
15478 26655 NA
15479 26655 NA
15480 26343 NA
15481 26343 NA
15482 26557 NA
15483 26557 NA
15484 26489 NA
15485 26489 NA
15486 25395 NA
15487 25395 NA
15488 25199 NA
15489 25199 NA
15490 25045 NA
15491 25045 NA
15492 25594 NA
15493 25594 NA
15494 26031 NA
15495 26031 NA
15496 25848 NA
15497 25848 NA
15498 26222 NA
15499 26222 NA
15500 26083 NA
15501 26083 NA
15502 26194 NA
15503 26574 NA
15504 26574 NA
15505 26855 NA
15506 26855 NA
15507 26773 NA
15508 26773 NA
15509 26904 NA
15510 26904 NA
15511 27058 NA
15512 27317 NA
15513 27478 NA
15514 27865 NA
15515 27865 NA
15516 27719 NA
15517 27719 NA
15518 27341 NA
15519 27924 NA
15520 27924 NA
15521 28283 NA
15522 28283 NA
15523 28533 NA
15524 28533 NA
15525 28853 NA
15526 28853 NA
15527 27976 NA
15528 27976 NA
15529 28441 NA
15530 28441 NA
15531 28489 NA
15532 28489 NA
15533 28160 NA
15534 28160 NA
15535 27803 NA
15536 27803 NA
15537 27281 NA
15538 27281 NA
15539 26817 NA
15540 26817 NA
15541 26482 NA
15542 26573 NA
15543 26573 NA
15544 26573 NA
15545 26458 NA
15546 26458 NA
15547 25933 NA
15548 25933 NA
15549 25572 NA
15550 25572 NA
15551 25999 NA
15552 25999 NA
15553 25846 NA
15554 26144 NA
15555 26144 NA
15556 26260 NA
15557 26260 NA
15558 26168 NA
15559 26168 NA
15560 25590 NA
15561 25590 NA
15562 25623 NA
15563 25623 NA
15564 25576 NA
15565 25576 NA
15566 25576 NA
15567 25338 NA
15568 25338 NA
15569 25682 NA
15570 25682 NA
15571 25206 NA
15572 25206 NA
15573 25206 NA
15574 24842 NA
15575 24842 NA
15576 25073 NA
15577 25073 NA
15578 25073 NA
15579 25135 NA
15580 25135 NA
15581 25266 NA
15582 25266 NA
15583 25325 NA
15584 25325 NA
15585 25379 NA
15586 25379 NA
15587 25379 NA
15588 25329 NA
15589 25329 NA
15590 25329 NA
15591 25141 NA
15592 25141 NA
15593 25104 NA
15594 25104 NA
15595 25104 NA
15596 25303 NA
15597 25303 NA
15598 25550 NA
15599 25550 NA
15600 25550 NA
15601 25793 NA
15602 25793 NA
15603 25793 NA
15604 25782 NA
15605 25782 NA
15606 25774 NA
15607 25774 NA
15608 25774 NA
15609 25537 NA
15610 25537 NA
15611 25537 NA
15612 25598 NA
15613 25598 NA
15614 25790 NA
15615 25790 NA
15616 25790 NA
15617 25587 NA
15618 25587 NA
15619 25952 NA
15620 25952 NA
15621 25952 NA
15622 26073 NA
15623 26073 NA
15624 26073 NA
15625 26491 NA
15626 26491 NA
15627 26795 NA
15628 26795 NA
15629 26996 NA
15630 26996 NA
15631 26996 NA
15632 27487 NA
15633 27487 NA
15634 27718 NA
15635 27718 NA
15636 27718 NA
15637 27860 NA
15638 27860 NA
15639 27860 NA
15640 28119 NA
15641 28119 NA
15642 28119 NA
15643 28474 NA
15644 28474 NA
15645 28474 NA
15646 28926 NA
15647 28926 NA
15648 29290 NA
15649 29290 NA
15650 29314 NA
15651 29338 NA
15652 29362 NA
15653 29386 NA
15654 29409 NA
15655 29433 NA
15656 29457 NA
15657 29481 NA
15658 29481 NA
15659 29481 NA
15660 29568 NA
15661 29568 NA
15662 29568 NA
15663 29806 NA
15664 29806 NA
15665 29806 NA
15666 29114 NA
15667 29114 NA
15668 29114 NA
15669 28702 NA
15670 28702 NA
15671 28702 NA
15672 28702 NA
15673 27951 NA
15674 27951 NA
15675 27951 NA
15676 27951 NA
15677 27415 NA
15678 27415 NA
15679 27415 NA
15680 27415 NA
15681 27116 NA
15682 27116 NA
15683 27116 NA
15684 27116 NA
15685 27150 NA
15686 27150 NA
15687 27150 NA
15688 27150 NA
15689 26810 NA
15690 26810 NA
15691 26810 NA
15692 26810 NA
15693 26987 NA
15694 26987 NA
15695 26987 NA
15696 26987 NA
15697 26988 NA
15698 26988 NA
15699 26988 NA
15700 26988 NA
15701 27210 NA
15702 27210 NA
15703 27210 NA
15704 27210 NA
15705 27210 NA
15706 27090 NA
15707 27090 NA
15708 27090 NA
15709 27090 NA
15710 27058 NA
15711 27058 NA
15712 27058 NA
15713 27058 NA
15714 27058 NA
15715 26983 NA
15716 26983 NA
15717 26983 NA
15718 26983 NA
15719 26983 NA
15720 27019 NA
15721 27019 NA
15722 27019 NA
15723 27019 NA
15724 27019 NA
15725 26980 NA
15726 26980 NA
15727 26980 NA
15728 26980 NA
15729 26980 NA
15730 26953 NA
15731 26953 NA
15732 26953 NA
15733 26953 NA
15734 26104 NA
15735 26104 NA
15736 26104 NA
15737 26104 NA
15738 26022 NA
15739 26022 NA
15740 26022 NA
15741 26022 NA
15742 26022 NA
15743 26248 NA
15744 26248 NA
15745 26248 NA
15746 26248 NA
15747 26248 NA
15748 26311 NA
15749 26311 NA
15750 26311 NA
15751 26311 NA
15752 26311 NA
15753 26311 NA
15754 26311 NA
15755 26311 NA
15756 26311 NA
15757 26632 NA
15758 26632 NA
15759 26632 NA
15760 26632 NA
15761 26632 NA
15762 26925 NA
15763 26925 NA
15764 26925 NA
15765 26925 NA
15766 26925 NA
15767 26381 NA
15768 26381 NA
15769 26381 NA
15770 26381 NA
15771 26381 NA
15772 26012 NA
15773 26012 NA
15774 26012 NA
15775 26012 NA
15776 25917 NA
15777 25917 NA
15778 25917 NA
15779 25917 NA
15780 25917 NA
15781 25803 NA
15782 25803 NA
15783 25803 NA
15784 25803 NA
15785 25803 NA
15786 25586 NA
15787 25586 NA
15788 25586 NA
15789 25586 NA
15790 25653 NA
15791 25653 NA
15792 25653 NA
15793 25653 NA
15794 25466 NA
15795 25466 NA
15796 25466 NA
15797 25466 NA
15798 25468 NA
15799 25469 NA
15800 25471 NA
15801 25472 NA
15802 25474 NA
15803 25475 NA
15804 25477 NA
15805 25477 NA
15806 25477 NA
15807 25477 NA
15808 25631 NA
15809 25631 NA
15810 25631 NA
15811 25631 NA
15812 25631 NA
15813 25591 NA
15814 25591 NA
15815 25591 NA
15816 25591 NA
15817 25591 NA
15818 25674 NA
15819 25674 NA
15820 25674 NA
15821 25674 NA
15822 25674 NA
15823 25674 NA
15824 25724 NA
15825 25724 NA
15826 25724 NA
15827 25724 NA
15828 25724 NA
15829 25724 NA
15830 25942 NA
15831 25942 NA
15832 25942 NA
15833 25942 NA
15834 25942 NA
15835 25942 NA
15836 26152 NA
15837 26152 NA
15838 26152 NA
15839 26152 NA
15840 26152 NA
15841 26294 NA
15842 26294 NA
15843 26294 NA
15844 26294 NA
15845 26294 NA
15846 26578 NA
15847 26578 NA
15848 26578 NA
15849 26578 NA
15850 26578 NA
15851 26833 NA
15852 26833 NA
15853 26833 NA
15854 26833 NA
15855 26833 NA
15856 26833 NA
15857 27120 NA
15858 27120 NA
15859 27120 NA
15860 27120 NA
15861 27120 NA
15862 27112 NA
15863 27112 NA
15864 27112 NA
15865 27112 NA
15866 27229 NA
15867 27229 NA
15868 27229 NA
15869 27229 NA
15870 27229 NA
15871 27282 NA
15872 27282 NA
15873 27282 NA
15874 27282 NA
15875 27533 NA
15876 27533 NA
15877 27533 NA
15878 27533 NA
15879 27533 NA
15880 27733 NA
15881 27733 NA
15882 27733 NA
15883 27733 NA
15884 27987 NA
15885 27987 NA
15886 27987 NA
15887 27987 NA
15888 27489 NA
15889 27489 NA
15890 27489 NA
15891 27489 NA
15892 27489 NA
15893 26900 NA
15894 26900 NA
15895 26900 NA
15896 26900 NA
15897 26689 NA
15898 26689 NA
15899 26689 NA
15900 26689 NA
15901 26778 NA
15902 26778 NA
15903 26779 NA
15904 26780 NA
15905 26781 NA
15906 26782 NA
15907 26783 NA
15908 26784 NA
15909 26784 NA
15910 26944 NA
15911 26944 NA
15912 26944 NA
15913 26944 NA
15914 26944 NA
15915 27200 NA
15916 27200 NA
15917 27200 NA
15918 27200 NA
15919 27404 NA
15920 27404 NA
15921 27404 NA
15922 27404 NA
15923 27404 NA
15924 27404 NA
15925 27632 NA
15926 27632 NA
15927 27632 NA
15928 27632 NA
15929 27632 NA
15930 27721 NA
15931 27721 NA
15932 27721 NA
15933 27721 NA
15934 27721 NA
15935 27721 NA
15936 27783 NA
15937 27783 NA
15938 27783 NA
15939 27783 NA
15940 27783 NA
15941 27783 NA
15942 27943 NA
15943 27943 NA
15944 27943 NA
15945 27943 NA
15946 27943 NA
15947 27943 NA
15948 27943 NA
15949 27943 NA
15950 28065 NA
15951 28065 NA
15952 28065 NA
15953 28065 NA
15954 28065 NA
15955 28065 NA
15956 28065 NA
15957 28065 NA
15958 28065 NA
15959 27647 NA
15960 27647 NA
15961 27647 NA
15962 27647 NA
15963 27647 NA
15964 27647 NA
15965 27647 NA
15966 27647 NA
15967 27647 NA
15968 27751 NA
15969 27751 NA
15970 27751 NA
15971 27751 NA
15972 27751 NA
15973 27751 NA
15974 27751 NA
15975 27751 NA
15976 27751 NA
15977 27751 NA
15978 27696 NA
15979 27696 NA
15980 27696 NA
15981 27696 NA
15982 27696 NA
15983 27696 NA
15984 27696 NA
15985 27696 NA
15986 27693 NA
15987 27690 NA
15988 27686 NA
15989 27683 NA
15990 27680 NA
15991 27677 NA
15992 27673 NA
15993 27670 NA
15994 27670 NA
15995 27670 NA
15996 27670 NA
15997 27670 NA
15998 27800 NA
15999 27800 NA
16000 27800 NA
16001 27800 NA
16002 27800 NA
16003 27800 NA
16004 27800 NA
16005 27800 NA
16006 27800 NA
16007 27896 NA
16008 27896 NA
16009 27896 NA
16010 27896 NA
16011 27896 NA
16012 27896 NA
16013 27896 NA
16014 27896 NA
16015 27896 NA
16016 27896 NA
16017 27763 NA
16018 27763 NA
16019 27763 NA
16020 27763 NA
16021 27763 NA
16022 27763 NA
16023 27763 NA
16024 27763 NA
16025 27763 NA
16026 27687 NA
16027 27687 NA
16028 27687 NA
16029 27687 NA
16030 27687 NA
16031 27687 NA
16032 27687 NA
16033 27687 NA
16034 27687 NA
16035 27654 NA
16036 27621 NA
16037 27588 NA
16038 27554 NA
16039 27521 NA
16040 27488 NA
16041 27455 NA
16042 27455 NA
16043 27344 NA
16044 27344 NA
16045 27344 NA
16046 27344 NA
16047 27344 NA
16048 27344 NA
16049 27344 NA
16050 27344 NA
16051 27335 NA
16052 27335 NA
16053 27335 NA
16054 27335 NA
16055 27335 NA
16056 27335 NA
16057 27335 NA
16058 27335 NA
16059 27157 NA
16060 27157 NA
16061 27157 NA
16062 27157 NA
16063 27157 NA
16064 27157 NA
16065 26452 NA
16066 26452 NA
16067 26452 NA
16068 26452 NA
16069 26452 NA
16070 26452 NA
16071 26452 NA
16072 26305 NA
16073 26305 NA
16074 26305 NA
16075 26305 NA
16076 26305 NA
16077 26305 NA
16078 26305 NA
16079 26092 NA
16080 26092 NA
16081 26092 NA
16082 26092 NA
16083 26092 NA
16084 26092 NA
16085 26092 NA
16086 25839 NA
16087 25839 NA
16088 25839 NA
16089 25839 NA
16090 25839 NA
16091 25839 NA
16092 25839 NA
16093 25535 NA
16094 25535 NA
16095 25535 NA
16096 25535 NA
16097 25535 NA
16098 25535 NA
16099 25150 NA
16100 25150 NA
16101 25150 NA
16102 25150 NA
16103 25150 NA
16104 25150 NA
16105 25150 NA
16106 25186 NA
16107 25186 NA
16108 25186 NA
16109 25186 NA
16110 25186 NA
16111 25186 NA
16112 25186 NA
16113 24763 NA
16114 24763 NA
16115 24763 NA
16116 24763 NA
16117 24763 NA
16118 24763 NA
16119 23965 NA
16120 23965 NA
16121 23965 NA
16122 23965 NA
16123 23965 NA
16124 23965 NA
16125 23726 NA
16126 23726 NA
16127 23726 NA
16128 23726 NA
16129 23726 NA
16130 23726 NA
16131 23726 NA
16132 23426 NA
16133 23426 NA
16134 23426 NA
16135 23426 NA
16136 23426 NA
16137 23426 NA
16138 23426 NA
16139 23023 NA
16140 23023 NA
16141 23023 NA
16142 23023 NA
16143 23023 NA
16144 23023 NA
16145 23023 NA
16146 22608 NA
16147 22608 NA
16148 22608 NA
16149 22608 NA
16150 22608 NA
16151 22608 NA
16152 22608 NA
16153 22308 NA
16154 22308 NA
16155 22308 NA
16156 22308 NA
16157 22308 NA
16158 22308 NA
16159 22308 NA
16160 22124 NA
16161 22124 NA
16162 22124 NA
16163 22124 NA
16164 22124 NA
16165 22124 NA
16166 22124 NA
16167 22125 NA
16168 22125 NA
16169 22125 NA
16170 22125 NA
16171 22125 NA
16172 22125 NA
16173 22125 NA
16174 22125 NA
16175 21767 NA
16176 21767 NA
16177 21767 NA
16178 21767 NA
16179 21767 NA
16180 21767 NA
16181 21767 NA
16182 21767 NA
16183 21719 NA
16184 21719 NA
16185 21719 NA
16186 21719 NA
16187 21719 NA
16188 21719 NA
16189 21719 NA
16190 21738 NA
16191 21738 NA
16192 21738 NA
16193 21738 NA
16194 21738 NA
16195 21738 NA
16196 21738 NA
16197 21464 NA
16198 21464 NA
16199 21464 NA
16200 21464 NA
16201 21464 NA
16202 21464 NA
16203 21464 NA
16204 21464 NA
16205 21302 NA
16206 21302 NA
16207 21302 NA
16208 21302 NA
16209 21302 NA
16210 21302 NA
16211 21302 NA
16212 21302 NA
16213 21172 NA
16214 21172 NA
16215 21172 NA
16216 21172 NA
16217 21172 NA
16218 21172 NA
16219 21172 NA
16220 21172 NA
16221 20960 NA
16222 20960 NA
16223 20960 NA
16224 20960 NA
16225 20960 NA
16226 20960 NA
16227 20960 NA
16228 20989 NA
16229 20989 NA
16230 20989 NA
16231 20989 NA
16232 20989 NA
16233 20989 NA
16234 20989 NA
16235 21129 NA
16236 21129 NA
16237 21129 NA
16238 21129 NA
16239 21129 NA
16240 21129 NA
16241 21129 NA
16242 21129 NA
16243 21128 NA
16244 21128 NA
16245 21128 NA
16246 21128 NA
16247 21128 NA
16248 21128 NA
16249 21128 NA
16250 20671 NA
16251 20671 NA
16252 20671 NA
16253 20671 NA
16254 20671 NA
16255 20671 NA
16256 20761 NA
16257 20761 NA
16258 20761 NA
16259 20761 NA
16260 20761 NA
16261 20761 NA
16262 20761 NA
16263 20841 NA
16264 20841 NA
16265 20841 NA
16266 20841 NA
16267 20841 NA
16268 20824 NA
16269 20824 NA
16270 20824 NA
16271 20824 NA
16272 20824 NA
16273 20696 NA
16274 20696 NA
16275 20696 NA
16276 20696 NA
16277 20696 NA
16278 20574 NA
16279 20574 NA
16280 20574 NA
16281 20574 NA
16282 20574 NA
16283 20574 NA
16284 20481 NA
16285 20481 NA
16286 20481 NA
16287 20481 NA
16288 20481 NA
16289 20282 NA
16290 20282 NA
16291 20282 NA
16292 20282 NA
16293 20282 NA
16294 19945 NA
16295 19945 NA
16296 19945 NA
16297 19945 NA
16298 19945 NA
16299 19945 NA
16300 19805 NA
16301 19805 NA
16302 19805 NA
16303 19805 NA
16304 19805 NA
16305 19527 NA
16306 19527 NA
16307 19527 NA
16308 19527 NA
16309 19527 NA
16310 19409 NA
16311 19409 NA
16312 19409 NA
16313 19409 NA
16314 19409 NA
16315 19409 NA
16316 19369 NA
16317 19369 NA
16318 19369 NA
16319 19369 NA
16320 19369 NA
16321 19369 NA
16322 19696 NA
16323 19696 NA
16324 19696 NA
16325 19696 NA
16326 19696 NA
16327 19696 NA
16328 19696 NA
16329 20102 NA
16330 20102 NA
16331 20102 NA
16332 20102 NA
16333 20102 NA
16334 20102 NA
16335 20102 NA
16336 20102 NA
16337 20053 NA
16338 20053 NA
16339 20053 NA
16340 20053 NA
16341 20053 NA
16342 20053 NA
16343 20053 NA
16344 20053 NA
16345 19745 NA
16346 19745 NA
16347 19745 NA
16348 19745 NA
16349 19745 NA
16350 19745 NA
16351 19745 NA
16352 19867 NA
16353 19867 NA
16354 19867 NA
16355 19867 NA
16356 19867 NA
16357 19867 NA
16358 19867 NA
16359 19867 NA
16360 20069 NA
16361 20069 NA
16362 20069 NA
16363 20069 NA
16364 20069 NA
16365 20069 NA
16366 20069 NA
16367 20069 NA
16368 20206 NA
16369 20206 NA
16370 20206 NA
16371 20206 NA
16372 20206 NA
16373 20206 NA
16374 20206 NA
16375 20206 NA
16376 20177 NA
16377 20177 NA
16378 20177 NA
16379 20177 NA
16380 20177 NA
16381 20177 NA
16382 20177 NA
16383 20177 NA
16384 20090 NA
16385 20090 NA
16386 20090 NA
16387 20090 NA
16388 20090 NA
16389 20090 NA
16390 20090 NA
16391 20090 NA
16392 20189 NA
16393 20189 NA
16394 20189 NA
16395 20189 NA
16396 20189 NA
16397 20189 NA
16398 19651 NA
16399 19651 NA
16400 19651 NA
16401 19651 NA
16402 19651 NA
16403 19651 NA
16404 19519 NA
16405 19519 NA
16406 19519 NA
16407 19519 NA
16408 19519 NA
16409 19519 NA
16410 19519 NA
16411 19573 NA
16412 19573 NA
16413 19573 NA
16414 19573 NA
16415 19573 NA
16416 19573 NA
16417 19573 NA
16418 19573 NA
16419 19511 NA
16420 19511 NA
16421 19511 NA
16422 19511 NA
16423 19511 NA
16424 19511 NA
16425 19511 NA
16426 19528 NA
16427 19528 NA
16428 19528 NA
16429 19528 NA
16430 19528 NA
16431 19528 NA
16432 19528 NA
16433 19528 NA
16434 19706 NA
16435 19706 NA
16436 19706 NA
16437 19706 NA
16438 19706 NA
16439 19706 NA
16440 19676 NA
16441 19676 NA
16442 19676 NA
16443 19676 NA
16444 19676 NA
16445 19676 NA
16446 19676 NA
16447 19677 NA
16448 19677 NA
16449 19677 NA
16450 19677 NA
16451 19677 NA
16452 19677 NA
16453 19677 NA
16454 19718 NA
16455 19718 NA
16456 19718 NA
16457 19718 NA
16458 19718 NA
16459 19718 NA
16460 19718 NA
16461 19618 NA
16462 19618 NA
16463 19618 NA
16464 19618 NA
16465 19618 NA
16466 19618 NA
16467 19618 NA
16468 19618 NA
16469 19613 NA
16470 19613 NA
16471 19613 NA
16472 19613 NA
16473 19613 NA
16474 19613 NA
16475 19613 NA
16476 19613 NA
16477 19819 NA
16478 19819 NA
16479 19819 NA
16480 19819 NA
16481 19819 NA
16482 19819 NA
16483 19819 NA
16484 19794 NA
16485 19794 NA
16486 19794 NA
16487 19794 NA
16488 19794 NA
16489 19794 NA
16490 19794 NA
16491 19756 NA
16492 19756 NA
16493 19756 NA
16494 19756 NA
16495 19756 NA
16496 19756 NA
16497 19756 NA
16498 19668 NA
16499 19668 NA
16500 19668 NA
16501 19668 NA
16502 19668 NA
16503 19668 NA
16504 19668 NA
16505 19766 NA
16506 19766 NA
16507 19766 NA
16508 19766 NA
16509 19766 NA
16510 19766 NA
16511 19766 NA
16512 19766 NA
16513 19766 NA
16514 19813 NA
16515 19813 NA
16516 19813 NA
16517 19813 NA
16518 19813 NA
16519 19813 NA
16520 19813 NA
16521 19813 NA
16522 19813 NA
16523 19713 NA
16524 19713 NA
16525 19713 NA
16526 19713 NA
16527 19713 NA
16528 19713 NA
16529 19713 NA
16530 19713 NA
16531 19713 NA
16532 19901 NA
16533 19901 NA
16534 19901 NA
16535 19901 NA
16536 19901 NA
16537 19901 NA
16538 19901 NA
16539 19901 NA
16540 19901 NA
16541 19901 NA
16542 19756 NA
16543 19756 NA
16544 19756 NA
16545 19756 NA
16546 19756 NA
16547 19756 NA
16548 19756 NA
16549 19756 NA
16550 19756 NA
16551 19745 NA
16552 19745 NA
16553 19745 NA
16554 19745 NA
16555 19745 NA
16556 19745 NA
16557 19745 NA
16558 19745 NA
16559 19745 NA
16560 19745 NA
16561 19583 NA
16562 19583 NA
16563 19583 NA
16564 19583 NA
16565 19583 NA
16566 19583 NA
16567 19583 NA
16568 19583 NA
16569 19583 NA
16570 19518 NA
16571 19518 NA
16572 19518 NA
16573 19518 NA
16574 19518 NA
16575 19518 NA
16576 19518 NA
16577 19518 NA
16578 19518 NA
16579 19559 NA
16580 19559 NA
16581 19559 NA
16582 19559 NA
16583 19559 NA
16584 19559 NA
16585 19559 NA
16586 19559 NA
16587 19559 NA
16588 19441 NA
16589 19441 NA
16590 19441 NA
16591 19441 NA
16592 19441 NA
16593 19441 NA
16594 19441 NA
16595 19441 NA
16596 19441 NA
16597 19441 NA
16598 19475 NA
16599 19475 NA
16600 19475 NA
16601 19475 NA
16602 19475 NA
16603 19475 NA
16604 19475 NA
16605 19475 NA
16606 19475 NA
16607 19475 NA
16608 19475 NA
16609 19734 NA
16610 19734 NA
16611 19734 NA
16612 19734 NA
16613 19734 NA
16614 19734 NA
16615 19734 NA
16616 19734 NA
16617 19734 NA
16618 19734 NA
16619 19734 NA
16620 19753 NA
16621 19753 NA
16622 19753 NA
16623 19753 NA
16624 19753 NA
16625 19753 NA
16626 19753 NA
16627 19753 NA
16628 19753 NA
16629 19753 NA
16630 19753 NA
16631 19891 NA
16632 19891 NA
16633 19891 NA
16634 19891 NA
16635 19891 NA
16636 19891 NA
16637 19891 NA
16638 19891 NA
16639 19891 NA
16640 19891 NA
16641 19891 NA
16642 19891 NA
16643 20078 NA
16644 20078 NA
16645 20078 NA
16646 20078 NA
16647 20078 NA
16648 20078 NA
16649 20078 NA
16650 20078 NA
16651 20078 NA
16652 20078 NA
16653 20078 NA
16654 20078 NA
16655 20018 NA
16656 20018 NA
16657 20018 NA
16658 20018 NA
16659 20018 NA
16660 20018 NA
16661 20018 NA
16662 20018 NA
16663 20018 NA
16665 20018 NA
16666 20018 NA
16668 20062 NA
16669 20062 NA
16670 20062 NA
16671 20062 NA
16672 20062 NA
16673 20062 NA
16674 20062 NA
16675 20062 NA
16676 20062 NA
16677 20062 NA
16678 20062 NA
16679 20062 NA
16680 19920 NA
16681 19920 NA
16682 19920 NA
16683 19920 NA
16684 19920 NA
16686 19920 NA
16687 19920 NA
16688 19920 NA
16689 19920 NA
16690 19920 NA
16691 19920 NA
16692 19920 NA
16693 19984 NA
16694 19984 NA
16695 19984 NA
16696 19984 NA
16697 19984 NA
16698 19984 NA
16699 19984 NA
16700 19984 NA
16701 19984 NA
16702 19984 NA
16703 19984 NA
16704 19984 NA
16705 19984 NA
16706 19984 NA
16707 20032 NA
16708 20032 NA
16709 20032 NA
16710 20032 NA
16711 20032 NA
16712 20032 NA
16715 20032 NA
16717 20032 NA
16719 20032 NA
16720 20032 NA
16721 20032 NA
16722 19857 NA
16723 19857 NA
16724 19857 NA
16725 19857 NA
16726 19857 NA
16727 19857 NA
16728 19857 NA
16730 19857 NA
16731 19857 NA
16732 19857 NA
16733 19857 NA
16734 20046 NA
16735 20046 NA
16736 20046 NA
16737 20046 NA
16738 20046 NA
16739 20046 NA
16740 20046 NA
16741 20046 NA
16742 20046 NA
16743 20046 NA
16744 20046 NA
16745 20046 NA
16746 20046 NA
16747 20046 NA
16748 20046 NA
16749 20229 NA
16750 20229 NA
16751 20229 NA
16752 20229 NA
16753 20229 NA
16754 20229 NA
16755 20229 NA
16756 20229 NA
16757 20229 NA
16759 20229 NA
16760 20229 NA
16761 20229 NA
16762 20229 NA
16763 20229 NA
16764 20229 NA
16765 20712 NA
16766 20712 NA
16767 20712 NA
16768 20712 NA
16769 20712 NA
16770 20712 NA
16771 20712 NA
16772 20712 NA
16773 20712 NA
16774 20712 NA
16775 20712 NA
16776 20712 NA
16777 20712 NA
16778 20712 NA
16779 20712 NA
16780 20712 NA
16781 21044 NA
16782 21044 NA
16783 21044 NA
16784 21044 NA
16785 21044 NA
16786 21044 NA
16787 21044 NA
16788 21044 NA
16789 21044 NA
16790 21044 NA
16791 21044 NA
16792 21044 NA
16793 20981 NA
16794 20981 NA
16795 20981 NA
16796 20981 NA
16797 20981 NA
16798 20981 NA
16799 20981 NA
16800 20981 NA
16801 20981 NA
16802 20981 NA
16803 20981 NA
16804 20981 NA
16807 21259 NA
16808 21259 NA
16809 21259 NA
16810 21259 NA
16811 21259 NA
16812 21259 NA
16813 21259 NA
16814 21259 NA
16815 21259 NA
16816 21259 NA
16817 21259 NA
16818 20504 NA
16820 20504 NA
16821 20504 NA
16823 20504 NA
16824 20504 NA
16825 20504 NA
16826 20504 NA
16827 19901 NA
16828 19901 NA
16829 19901 NA
16830 19901 NA
16831 19901 NA
16832 19901 NA
16833 19901 NA
16834 19901 NA
16835 19901 NA
16836 19901 NA
16837 20495 NA
16838 20495 NA
16839 20495 NA
16840 20495 NA
16841 20495 NA
16842 20495 NA
16843 20495 NA
16844 20495 NA
16845 20495 NA
16847 20495 NA
16849 20983 NA
16850 20983 NA
16851 20983 NA
16852 20983 NA
16853 20983 NA
16854 20983 NA
16855 20983 NA
16856 20983 NA
16857 20983 NA
16858 20983 NA
16859 20983 NA
16860 20983 NA
16861 20983 NA
16862 21219 NA
16863 21219 NA
16864 21219 NA
16865 21219 NA
16866 21219 NA
16867 21219 NA
16869 21219 NA
16870 21219 NA
16871 21219 NA
16872 21219 NA
16873 21219 NA
16874 21219 NA
16875 21072 NA
16876 21072 NA
16878 21072 NA
16879 21072 NA
16880 21072 NA
16881 21072 NA
16884 21072 NA
16885 21072 NA
16886 21072 NA
16887 20724 NA
16888 20724 NA
16889 20724 NA
16890 20724 NA
16892 20724 NA
16893 20724 NA
16894 20724 NA
16895 20724 NA
16896 20724 NA
16897 20724 NA
16898 20724 NA
16899 20724 NA
16900 20724 NA
16901 20297 NA
16902 20297 NA
16903 20297 NA
16904 20297 NA
16905 20297 NA
16906 20297 NA
16907 20297 NA
16908 20297 NA
16909 20297 NA
16910 20297 NA
16911 20297 NA
16912 20297 NA
16913 20297 NA
16914 20001 NA
16915 20001 NA
16916 20001 NA
16917 20001 NA
16918 20001 NA
16919 20001 NA
16920 20001 NA
16921 20001 NA
16922 20001 NA
16923 20001 NA
16924 20210 NA
16925 20210 NA
16926 20210 NA
16927 20210 NA
16928 20210 NA
16929 20210 NA
16930 20210 NA
16931 20210 NA
16932 20210 NA
16933 20210 NA
16934 20210 NA
16935 20210 NA
16937 20356 NA
16938 20356 NA
16939 20356 NA
16940 20356 NA
16941 20356 NA
16942 20356 NA
16943 20356 NA
16944 20356 NA
16945 20356 NA
16946 20356 NA
16949 20473 NA
16950 20473 NA
16951 20473 NA
16952 20473 NA
16953 20473 NA
16954 20473 NA
16955 20473 NA
16956 20473 NA
16957 20473 NA
16958 20473 NA
16959 20473 NA
16960 20473 NA
16967 20558 NA
16968 20558 NA
16969 20558 NA
16970 20558 NA
16971 20558 NA
16972 20558 NA
16974 20512 NA
16975 20512 NA
16976 20512 NA
16977 20512 NA
16978 20512 NA
16979 20512 NA
16980 20512 NA
16981 20512 NA
16982 20512 NA
16984 20512 NA
16985 20512 NA
16986 20315 NA
16987 20315 NA
16988 20315 NA
16989 20315 NA
16990 20315 NA
16991 20315 NA
16992 20315 NA
16993 20315 NA
16994 20315 NA
16999 19965 NA
17001 19965 NA
17006 19965 NA
17007 19965 NA
17014 20076 NA
17015 20076 NA
17016 20076 NA
17017 20076 NA
17018 20076 NA
17019 20076 NA
17020 20076 NA
17021 20076 NA
17022 20076 NA
17023 20076 NA
17024 20076 NA
17025 20076 NA
17026 20076 NA
17027 20137 NA
17028 20137 NA
17029 20137 NA
17031 20137 NA
17032 20137 NA
17033 20137 NA
17034 20137 NA
17035 20137 NA
17036 20137 NA
17037 20137 NA
17038 20137 NA
17039 20137 NA
17040 20137 NA
17042 20137 NA
17044 20137 NA
17045 20541 NA
17046 20541 NA
17047 20541 NA
17048 20541 NA
17049 20541 NA
17050 20541 NA
17051 20541 NA
17052 20541 NA
17053 20541 NA
17054 20541 NA
17055 20541 NA
17056 20541 NA
17057 20541 NA
17058 20541 NA
17059 20541 NA
17060 20541 NA
17061 20541 NA
17062 20649 NA
17063 20649 NA
17064 20649 NA
17069 20649 NA
17070 20649 NA
17071 20649 NA
17072 20649 NA
17073 20649 NA
17075 20649 NA
17076 20649 NA
17077 20649 NA
17078 20123 NA
17079 20123 NA
17080 20123 NA
17081 20123 NA
17083 19324 NA
17084 19324 NA
17085 19324 NA
17086 19324 NA
17087 18589 NA
17088 18589 NA
17089 18589 NA
17091 18589 NA
17092 18589 NA
17093 18589 NA
17094 18589 NA
17095 18589 NA
17096 18589 NA
17097 18884 NA
17098 18884 NA
17099 18884 NA
17100 18884 NA
17101 18884 NA
17102 18884 NA
17103 18884 NA
17104 18884 NA
17105 18884 NA
17106 18884 NA
17107 18884 NA
17108 18884 NA
17109 18884 NA
17110 18884 NA
17111 18884 NA
17112 19055 NA
17113 19055 NA
17114 19055 NA
17115 19055 NA
17117 19055 NA
17118 19055 NA
17123 19055 NA
17124 19055 NA
17125 19055 NA
17126 19055 NA
17127 19202 NA
17129 19202 NA
17130 19202 NA
17131 19202 NA
17132 19202 NA
17133 19202 NA
17134 19202 NA
17135 19202 NA
17136 19202 NA
17138 19202 NA
17139 19202 NA
17140 19202 NA
17141 19155 NA
17142 19155 NA
17143 19155 NA
17144 19155 NA
17145 19155 NA
17146 19155 NA
17147 19155 NA
