"Index" "Price" "Volume"
14019 48300 NA
14020 47800 NA
14021 47400 NA
14022 47400 NA
14023 46900 NA
14024 46900 NA
14025 46600 NA
14026 46600 NA
14027 46400 NA
14028 46400 NA
14029 46800 NA
14030 46800 NA
14031 46700 NA
14032 46600 NA
14033 46400 NA
14034 46300 NA
14035 46200 NA
14036 45900 NA
14037 45600 NA
14038 45600 NA
14039 44800 NA
14040 44800 NA
14041 44700 NA
14042 44800 NA
14043 44800 NA
14044 44500 NA
14045 44000 NA
14046 44000 NA
14047 44000 NA
14048 44000 NA
14049 43900 NA
14050 43400 NA
14051 43400 NA
14052 43000 NA
14053 42400 NA
14054 42400 NA
14055 42200 NA
14056 42200 NA
14057 41800 NA
14058 41300 NA
14059 40800 NA
14061 40700 NA
14062 40500 NA
14063 40500 NA
14064 40300 NA
14065 40600 NA
14066 40700 NA
14067 40500 NA
14068 40100 NA
14069 40000 NA
14070 40000 NA
14071 39700 NA
14073 39100 NA
14074 38900 NA
14075 38900 NA
14076 38800 NA
14077 38800 NA
14078 38700 NA
14079 38700 NA
14080 38600 NA
14081 38300 NA
14082 38300 NA
14083 38300 NA
14084 38200 NA
14085 38300 NA
14086 38300 NA
14087 38200 NA
14088 38500 NA
14089 38800 NA
14090 38800 NA
14091 38800 NA
14092 38800 NA
14093 38900 NA
14094 39100 NA
14095 39500 NA
14096 39800 NA
14097 39800 NA
14098 40100 NA
14099 40300 NA
14100 40300 NA
14101 40400 NA
14102 40400 NA
14103 40400 NA
14104 40400 NA
14105 40500 NA
14106 40400 NA
14107 40700 NA
14108 41100 NA
14109 41800 NA
14110 42100 NA
14111 41900 NA
14112 41900 NA
14113 41700 NA
14114 41900 NA
14115 41900 NA
14116 41800 NA
14117 42100 NA
14118 41900 NA
14119 42000 NA
14120 42200 NA
14121 42100 NA
14122 42000 NA
14123 42000 NA
14124 41900 NA
14125 41400 NA
14126 40900 NA
14127 40500 NA
14128 40500 NA
14129 39900 NA
14130 40600 NA
14131 40600 NA
14132 40700 NA
14133 40800 NA
14134 40800 NA
14135 40200 NA
14136 40100 NA
14137 40400 NA
14138 40400 NA
14139 40400 NA
14140 39900 NA
14141 39900 NA
14142 39200 NA
14143 39200 NA
14144 39200 NA
14145 39800 NA
14146 40400 NA
14147 40000 NA
14148 40000 NA
14149 39700 NA
14150 39700 NA
14151 39400 NA
14152 39400 NA
14153 40100 NA
14154 40400 NA
14155 40500 NA
14156 40400 NA
14157 40400 NA
14158 40500 NA
14159 40500 NA
14160 40800 NA
14161 40800 NA
14162 40700 NA
14163 41500 NA
14164 41100 NA
14165 41100 NA
14166 41300 NA
14167 41300 NA
14168 39600 NA
14169 37600 NA
14170 34000 NA
14171 32300 NA
14172 32300 NA
14173 30600 NA
14174 29100 NA
14175 26300 NA
14176 26300 NA
14177 23800 NA
14178 23800 NA
14179 23700 NA
14180 23700 NA
14181 23700 NA
14182 23800 NA
14183 23800 NA
14184 23800 NA
14185 23800 NA
14186 23900 NA
14187 23900 NA
14188 23900 NA
14189 23900 NA
14190 23900 NA
14191 24000 NA
14192 23900 NA
14193 23800 NA
14194 23800 NA
14195 23800 NA
14196 23900 NA
14197 23900 NA
14198 23900 NA
14199 24200 NA
14200 24000 NA
14201 23900 NA
14202 23900 NA
14203 23900 NA
14204 23900 NA
14205 23900 NA
14206 23900 NA
14207 24100 NA
14208 24000 NA
14209 24000 NA
14210 24000 NA
14211 24000 NA
14212 24000 NA
14213 23900 NA
14214 23900 NA
14215 24000 NA
14216 24000 NA
14217 24000 NA
14218 24000 NA
14219 24000 NA
14220 24000 NA
14221 24000 NA
14222 24000 NA
14223 23900 NA
14224 23800 NA
14225 23800 NA
14226 23900 NA
14227 23800 NA
14228 23800 NA
14229 23800 NA
14230 23800 NA
14231 23800 NA
14232 23900 NA
14233 23900 NA
14234 23900 NA
14235 23900 NA
14236 23900 NA
14237 23900 NA
14238 23800 NA
14239 23900 NA
14240 23900 NA
14241 23800 NA
14242 23700 NA
14243 23800 NA
14244 23900 NA
14245 23900 NA
14246 23900 NA
14247 23900 NA
14248 23900 NA
14249 23800 NA
14250 23800 NA
14251 23900 NA
14252 23900 NA
14253 23900 NA
14254 23800 NA
14255 23800 NA
14256 23800 NA
14257 23900 NA
14258 23900 NA
14259 23900 NA
14260 23900 NA
14261 23900 NA
14262 23900 NA
14263 23900 NA
14264 23900 NA
14265 23900 NA
14266 23900 NA
14267 23800 NA
14268 23800 NA
14269 23900 NA
14270 23900 NA
14271 23800 NA
14272 23800 NA
14273 23800 NA
14274 23900 NA
14275 23800 NA
14276 23800 NA
14277 23900 NA
14278 23900 NA
14279 23900 NA
14280 24000 NA
14281 23900 NA
14282 24000 NA
14283 24000 NA
14284 23900 NA
14285 23900 NA
14286 23900 NA
14287 23900 NA
14288 23900 NA
14289 23900 NA
14290 23900 NA
14291 23800 NA
14292 23900 NA
14293 23900 NA
14294 23800 NA
14295 23800 NA
14296 23800 NA
14297 23800 NA
14298 23900 NA
14299 23900 NA
14300 23900 NA
14301 23900 NA
14302 23800 NA
14303 23900 NA
14304 23900 NA
14305 23800 NA
14306 23900 NA
14307 23900 NA
14308 23900 NA
14309 23900 NA
14310 23900 NA
14311 23800 NA
14312 23800 NA
14313 23800 NA
14314 23800 NA
14315 23800 NA
14316 23800 NA
14317 23800 NA
14318 23800 NA
14319 23800 NA
14320 23800 NA
14321 23900 NA
14322 23800 NA
14323 23800 NA
14324 23900 NA
14325 23900 NA
14326 23900 NA
14327 23900 NA
14328 23900 NA
14329 23800 NA
14330 23900 NA
14331 23900 NA
14332 23900 NA
14333 23800 NA
14334 23900 NA
14335 23800 NA
14336 23800 NA
14337 23800 NA
14338 23900 NA
14339 23800 NA
14340 23800 NA
14341 23900 NA
14342 23800 NA
14343 23800 NA
14344 23900 NA
14345 23900 NA
14346 23800 NA
14347 23900 NA
14348 23900 NA
14349 23800 NA
14350 23800 NA
14351 23800 NA
14352 23800 NA
14353 23800 NA
14354 23800 NA
14355 23800 NA
14356 23900 NA
14357 23800 NA
14358 23800 NA
14359 23900 NA
14360 23800 NA
14361 23800 NA
14362 23900 NA
14363 23900 NA
14364 23900 NA
14365 23900 NA
14366 23900 NA
14367 23900 NA
14368 23900 NA
14369 23900 NA
14370 23900 NA
14371 23800 NA
14372 23700 NA
14373 23800 NA
14374 23800 NA
14375 23800 NA
14376 23800 NA
14377 23800 NA
14378 23800 NA
14379 23800 NA
14380 23800 NA
14381 23800 NA
14382 23800 NA
14383 23800 NA
14384 23800 NA
14385 23800 NA
14386 23900 NA
14387 23800 NA
14388 23800 NA
14389 23800 NA
14390 23800 NA
14391 23800 NA
14392 23800 NA
14393 23800 NA
14394 23800 NA
14395 23800 NA
14396 23800 NA
14397 23800 NA
14398 23800 NA
14399 23800 NA
14400 23800 NA
14401 23800 NA
14402 23800 NA
14403 23800 NA
14404 23800 NA
14405 23800 NA
14406 23800 NA
14407 23800 NA
14408 23800 NA
14409 23800 NA
14410 23800 NA
14411 23800 NA
14412 24000 NA
14413 24100 NA
14414 24100 NA
14415 24200 NA
14416 24300 NA
14417 24400 NA
14418 24400 NA
14419 24400 NA
14420 24500 NA
14421 24500 NA
14422 24600 NA
14423 24700 NA
14424 24700 NA
14425 24800 NA
14426 24700 NA
14427 24900 NA
14428 25100 NA
14429 25300 NA
14430 25300 NA
14431 25300 NA
14432 25400 NA
14433 25200 NA
14434 25200 NA
14435 25000 NA
14436 25100 NA
14437 25100 NA
14438 25100 NA
14439 25000 NA
14440 25000 NA
14441 25100 NA
14442 25100 NA
14443 25200 NA
14444 26200 NA
14445 26200 NA
14446 26700 NA
14447 28000 NA
14448 28000 NA
14449 28900 NA
14450 29900 NA
14451 29900 NA
14452 31300 NA
14453 32600 NA
14454 33800 NA
14455 33800 NA
14456 35000 NA
14457 35600 NA
14458 36500 NA
14459 38100 NA
14460 38100 NA
14461 38700 NA
14462 38700 NA
14463 38800 NA
14464 38400 NA
14465 38200 NA
14466 38200 NA
14467 37800 NA
14468 36700 NA
14469 37300 NA
14470 37300 NA
14471 37200 NA
14472 36900 NA
14473 36900 NA
14474 36900 NA
14475 37200 NA
14476 37200 NA
14477 38300 NA
14478 38300 NA
14479 39300 NA
14480 39700 NA
14481 39100 NA
14482 39100 NA
14483 38200 NA
14484 38200 NA
14485 37800 NA
14486 38100 NA
14487 38200 NA
14488 38600 NA
14489 38400 NA
14490 38500 NA
14491 38500 NA
14492 39900 NA
14493 40900 NA
14494 40900 NA
14495 40900 NA
14496 40500 NA
14497 40500 NA
14498 39800 NA
14499 38000 NA
14500 36900 NA
14501 36100 NA
14502 36100 NA
14503 35700 NA
14504 35700 NA
14505 35700 NA
14506 35400 NA
14507 36200 NA
14508 37100 NA
14509 37600 NA
14510 37000 NA
14511 37000 NA
14512 36900 NA
14513 36900 NA
14514 36900 NA
14515 37600 NA
14516 37600 NA
14517 38100 NA
14518 38100 NA
14519 38000 NA
14520 38000 NA
14521 37800 NA
14522 38400 NA
14523 38400 NA
14524 38400 NA
14525 38600 NA
14526 39000 NA
14527 39000 NA
14528 39800 NA
14529 39800 NA
14530 40000 NA
14531 40000 NA
14532 40600 NA
14533 41000 NA
14534 41000 NA
14535 41400 NA
14536 42000 NA
14537 42000 NA
14538 42500 NA
14539 42500 NA
14540 42000 NA
14541 42400 NA
14542 43200 NA
14543 44400 NA
14544 44400 NA
14545 44600 NA
14546 44600 NA
14547 44600 NA
14548 45200 NA
14549 46000 NA
14550 46000 NA
14551 47100 NA
14552 47100 NA
14553 48500 NA
14554 48500 NA
14555 51600 NA
14556 51600 NA
14557 53100 NA
14558 53500 NA
14559 53500 NA
14560 53500 NA
14561 54300 NA
14562 54300 NA
14563 54500 NA
14564 55400 NA
14565 55200 NA
14566 55200 NA
14567 55200 NA
14568 55100 NA
14569 55100 NA
14570 55700 NA
14571 55700 NA
14572 55700 NA
14573 55700 NA
14574 55700 NA
14575 55600 NA
14576 55300 NA
14577 55800 NA
14578 56200 NA
14579 56200 NA
14580 56200 NA
14581 57200 NA
14582 58500 NA
14583 58500 NA
14584 59400 NA
14585 59400 NA
14586 59400 NA
14587 59200 NA
14588 59300 NA
14589 59300 NA
14590 59600 NA
14591 61000 NA
14592 61000 NA
14593 61300 NA
14594 61300 NA
14595 62700 NA
14596 62700 NA
14597 64600 NA
14598 65000 NA
14599 65000 NA
14600 65000 NA
14601 63600 NA
14602 63600 NA
14603 62400 NA
14604 62500 NA
14605 62500 NA
14606 62500 NA
14607 61800 NA
14608 61800 NA
14609 61400 NA
14610 61400 NA
14611 61300 NA
14612 61300 NA
14613 59600 NA
14614 59600 NA
14615 59600 NA
14616 59900 NA
14617 62100 NA
14618 62100 NA
14619 61700 NA
14620 61700 NA
14621 62800 NA
14622 62800 NA
14623 62800 NA
14624 62800 NA
14625 62500 NA
14626 61300 NA
14627 61300 NA
14628 61700 NA
14629 61900 NA
14630 61900 NA
14631 61800 NA
14632 61800 NA
14633 62600 NA
14634 62600 NA
14635 62600 NA
14636 62600 NA
14637 62700 NA
14638 63500 NA
14639 63900 NA
14640 63800 NA
14641 63800 NA
14642 63800 NA
14643 64300 NA
14644 64300 NA
14645 64400 NA
14646 65800 NA
14647 66500 NA
14648 65900 NA
14649 65900 NA
14650 65100 NA
14651 65100 NA
14653 65600 NA
14654 67500 NA
14655 68500 NA
14656 68500 NA
14657 68500 NA
14658 69800 NA
14659 71000 NA
14660 71000 NA
14661 72500 NA
14662 74000 NA
14663 74000 NA
14664 74600 NA
14665 74600 NA
14666 75100 NA
14667 75900 NA
14668 75900 NA
14669 77600 NA
14670 77600 NA
14671 78700 NA
14672 78700 NA
14673 78700 NA
14674 77100 NA
14675 77100 NA
14676 75100 NA
14677 75100 NA
14678 75400 NA
14679 74800 NA
14680 74800 NA
14681 75300 NA
14682 74400 NA
14683 74400 NA
14684 74400 NA
14685 75200 NA
14686 75200 NA
14687 76500 NA
14688 76500 NA
14689 81700 NA
14690 81700 NA
14691 84600 NA
14692 84600 NA
14693 87300 NA
14694 87300 NA
14695 87300 NA
14696 89900 NA
14697 89900 NA
14698 92000 NA
14699 92000 NA
14700 94100 NA
14701 94100 NA
14702 96700 NA
14703 96700 NA
14704 99800 NA
14705 99800 NA
14706 99800 NA
14707 101900 NA
14708 104500 NA
14709 104500 NA
14710 104500 NA
14711 107900 NA
14712 107900 NA
14713 107900 NA
14714 107900 NA
14715 110400 NA
14716 110400 NA
14717 107400 NA
14718 107400 NA
14719 107400 NA
14720 102300 NA
14721 102300 NA
14722 99000 NA
14723 99000 NA
14724 97300 NA
14725 97300 NA
14726 96500 NA
14727 96500 NA
14728 96500 NA
14729 96000 NA
14730 96000 NA
14731 95300 NA
14732 93400 NA
14733 93400 NA
14734 93400 NA
14735 93400 NA
14736 93700 NA
14737 93700 NA
14738 93800 NA
14739 93800 NA
14740 93800 NA
14741 94000 NA
14742 94000 NA
14743 94800 NA
14744 95000 NA
14745 95000 NA
14746 95000 NA
14747 96500 NA
14748 96500 NA
14749 96500 NA
14750 98100 NA
14751 98100 NA
14752 100200 NA
14753 100200 NA
14754 100200 NA
14755 100200 NA
14756 100200 NA
14757 100200 NA
14758 98000 NA
14759 98000 NA
14760 97600 NA
14761 97600 NA
14762 98000 NA
14763 98000 NA
14764 98000 NA
14765 98500 NA
14766 98500 NA
14767 95900 NA
14768 95900 NA
14769 95900 NA
14770 93300 NA
14771 89600 NA
14772 89600 NA
14773 86600 NA
14774 86600 NA
14775 85200 NA
14776 83600 NA
14777 83600 NA
14778 81800 NA
14779 81800 NA
14780 78800 NA
14781 78800 NA
14782 76200 NA
14783 76200 NA
14784 76100 NA
14785 76100 NA
14786 76100 NA
14787 77700 NA
14788 77700 NA
14789 79300 NA
14790 79300 NA
14791 79300 NA
14792 78100 NA
14793 78100 NA
14794 79300 NA
14795 79300 NA
14796 79300 NA
14797 79100 NA
14798 79300 NA
14799 81000 NA
14800 81000 NA
14801 82900 NA
14802 82900 NA
14803 83000 NA
14804 83000 NA
14805 83500 NA
14806 83500 NA
14807 85300 NA
14808 85300 NA
14809 85700 NA
14810 86100 NA
14811 86100 NA
14812 88300 NA
14813 88300 NA
14814 88300 NA
14815 90100 NA
14816 90100 NA
14817 91500 NA
14818 91500 NA
14819 91100 NA
14820 91100 NA
14821 92400 NA
14822 92400 NA
14823 90600 NA
14824 90600 NA
14825 88400 NA
14826 86500 NA
14827 86500 NA
14828 84900 NA
14829 84900 NA
14830 82200 NA
14831 82200 NA
14832 80900 NA
14833 80900 NA
14834 80700 NA
14835 80700 NA
14836 80300 NA
14837 80300 NA
14838 79900 NA
14839 79900 NA
14840 80500 NA
14841 80500 NA
14842 80500 NA
14843 80600 NA
14844 80600 NA
14845 81500 NA
14846 81500 NA
14847 84600 NA
14848 84600 NA
14849 84600 NA
14850 87100 NA
14851 87100 NA
14852 85200 NA
14853 85200 NA
14854 85200 NA
14855 85100 NA
14856 85100 NA
14857 85600 NA
14858 85600 NA
14859 86500 NA
14860 86500 NA
14861 88500 NA
14862 88500 NA
14863 89800 NA
14864 89800 NA
14865 90900 NA
14866 90900 NA
14867 90900 NA
14868 92400 NA
14869 92400 NA
14870 93100 NA
14871 93100 NA
14872 96300 NA
14873 96300 NA
14874 96300 NA
14875 96300 NA
14876 97500 NA
14877 97500 NA
14878 101100 NA
14879 101100 NA
14880 104600 NA
14881 104600 NA
14882 104600 NA
14883 104600 NA
14884 107800 NA
14885 107800 NA
14886 110600 NA
14887 110600 NA
14888 110600 NA
14889 109800 NA
14890 109800 NA
14891 109800 NA
14892 107500 NA
14893 107500 NA
14894 107500 NA
14895 103800 NA
14896 103800 NA
14897 102300 NA
14898 102300 NA
14899 102300 NA
14900 101800 NA
14901 101800 NA
14902 101800 NA
14903 100700 NA
14904 100700 NA
14905 100700 NA
14906 102300 NA
14907 104100 NA
14908 104100 NA
14909 104100 NA
14910 104600 NA
14911 104600 NA
14912 107100 NA
14913 107100 NA
14914 107300 NA
14915 107300 NA
14916 107300 NA
14917 107300 NA
14918 109000 NA
14920 109000 NA
14921 110000 NA
14922 110000 NA
14923 110000 NA
14924 110400 NA
14925 110400 NA
14926 110400 NA
14927 108200 NA
14928 108200 NA
14929 108200 NA
14930 107200 NA
14931 107200 NA
14932 107200 NA
14933 107600 NA
14934 107600 NA
14935 107600 NA
14936 107400 NA
14937 107400 NA
14938 107900 NA
14939 107900 NA
14940 107900 NA
14941 109300 NA
14942 109300 NA
14943 109300 NA
14944 110800 NA
14945 110800 NA
14946 110800 NA
14947 110800 NA
14948 108400 NA
14949 108400 NA
14950 108400 NA
14951 106900 NA
14952 106900 NA
14953 106900 NA
14954 104200 NA
14955 104200 NA
14956 103000 NA
14957 103000 NA
14958 104100 NA
14959 104100 NA
14960 103600 NA
14961 103600 NA
14962 102500 NA
14963 102500 NA
14964 102500 NA
14965 101600 NA
14966 101600 NA
14967 101600 NA
14968 101600 NA
14969 101600 NA
14970 101600 NA
14971 102300 NA
14972 102300 NA
14973 102300 NA
14974 101300 NA
14975 101300 NA
14976 101322 NA
14979 102600 NA
14981 99300 NA
14984 97300 NA
14986 97300 NA
14987 93900 NA
14990 90500 NA
14991 90500 NA
14993 87845 NA
14995 87800 NA
14996 87400 NA
14998 85700 NA
15001 83600 NA
15003 81200 NA
15005 81200 NA
15007 77800 NA
15009 72300 NA
15011 69300 NA
15013 66100 NA
15014 66100 NA
15016 60800 NA
15019 58000 NA
15020 57300 NA
15021 57300 NA
15023 58900 NA
15025 60000 NA
15028 61100 NA
15029 61800 NA
15031 61800 NA
15032 63800 NA
15033 63800 NA
15035 65800 NA
15036 65800 NA
15038 67700 NA
15039 67700 NA
15042 67600 NA
15044 67200 NA
15046 66200 NA
15050 66200 NA
15052 63700 NA
15054 61900 NA
15055 61900 NA
15058 61100 NA
15060 59700 NA
15061 59700 NA
15063 57600 NA
15064 57600 NA
15066 56300 NA
15067 56300 NA
15070 54600 NA
15072 53900 NA
15073 53900 NA
15076 52900 NA
15078 51000 NA
15080 49300 NA
15082 48100 NA
15084 47500 NA
15085 47500 NA
15086 46400 NA
15087 46400 NA
15089 45500 NA
15090 45500 NA
15091 45400 NA
15094 44600 NA
15096 44200 NA
15097 44200 NA
15098 43600 NA
15101 43600 NA
15102 44600 NA
15104 45200 NA
15106 45200 NA
15109 44700 NA
15110 43900 NA
15114 43000 NA
15115 43000 NA
15116 42400 NA
15119 41700 NA
15120 41700 NA
15123 40700 NA
15124 39700 NA
15125 39700 NA
15128 39000 NA
15130 38700 NA
15132 38700 NA
15133 38900 NA
15136 38600 NA
15138 38000 NA
15142 37600 NA
15143 37600 NA
15144 37200 NA
15145 37200 NA
15147 36800 NA
15150 37100 NA
15154 37400 NA
15156 37300 NA
15157 37300 NA
15158 37000 NA
15159 37000 NA
15161 36100 NA
15164 35700 NA
15165 35700 NA
15168 35500 NA
15170 35000 NA
15172 35000 NA
15173 35300 NA
15175 35500 NA
15178 35300 NA
15179 35300 NA
15182 35500 NA
15184 35800 NA
15186 35800 NA
15187 35500 NA
15193 35800 NA
15194 35800 NA
15196 35900 NA
15197 36400 NA
15199 36400 NA
15204 36300 NA
15207 36200 NA
15210 37000 NA
15212 37600 NA
15215 37200 NA
15219 38400 NA
15221 38400 NA
15222 39800 NA
15224 39800 NA
15226 40400 NA
15233 40400 NA
15235 40400 NA
15238 40600 NA
15242 41200 NA
15244 41200 NA
15247 41900 NA
15248 41900 NA
15250 42500 NA
15254 43600 NA
15258 44400 NA
15263 45500 NA
15264 45500 NA
15266 45400 NA
15270 44300 NA
15271 44300 NA
15273 43200 NA
15275 43200 NA
15277 42400 NA
15280 42400 NA
15281 41500 NA
15283 41500 NA
15284 41600 NA
15291 41800 NA
15296 42100 NA
15297 42100 NA
15302 42300 NA
15303 42300 NA
15304 42700 NA
15307 42700 NA
15310 42800 NA
15312 42800 NA
15313 43055 NA
15317 43055 NA
15318 43913 NA
15320 43913 NA
15321 45325 NA
15325 45325 NA
15326 45061 NA
15328 45061 NA
15329 46048 NA
15332 46048 NA
15333 47222 NA
15337 47222 NA
15338 47999 NA
15340 47999 NA
15341 47999 NA
15342 47999 NA
15343 48356 NA
15344 48356 NA
15345 48356 NA
15346 48356 NA
15347 48356 NA
15348 47673 NA
15349 47673 NA
15350 47673 NA
15351 47673 NA
15352 47673 NA
15353 47567 NA
15354 47567 NA
15355 47567 NA
15356 47567 NA
15357 48412 NA
15358 48412 NA
15359 48412 NA
15360 48412 NA
15361 48412 NA
15362 49250 NA
15363 49250 NA
15364 49250 NA
15365 49250 NA
15366 49250 NA
15367 49980 NA
15368 49980 NA
15369 49980 NA
15370 49980 NA
15371 49980 NA
15372 49697 NA
15373 49697 NA
15374 49697 NA
15375 49697 NA
15376 49697 NA
15377 49697 NA
15378 50222 NA
15379 50222 NA
15380 50222 NA
15381 50222 NA
15382 50222 NA
15383 50504 NA
15384 50504 NA
15385 50504 NA
15386 50504 NA
15387 50504 NA
15388 50504 NA
15389 50504 NA
15390 50504 NA
15391 50504 NA
15392 50504 NA
15393 50504 NA
15394 51303 NA
15395 51303 NA
15396 51303 NA
15397 51303 NA
15398 51303 NA
15399 51303 NA
15400 51377 NA
15401 51377 NA
15402 51377 NA
15403 51377 NA
15404 51377 NA
15405 51117 NA
15406 51117 NA
15407 51117 NA
15408 51584 NA
15409 51584 NA
15410 51584 NA
15411 52456 NA
15412 52456 NA
15413 52456 NA
15414 52456 NA
15415 52456 NA
15416 54101 NA
15417 54101 NA
15418 54101 NA
15419 54101 NA
15420 55347 NA
15421 55347 NA
15422 55338 NA
15423 55329 NA
15424 55319 NA
15425 55310 NA
15426 55301 NA
15427 55301 NA
15428 55301 NA
15429 55301 NA
15430 55211 NA
15431 55211 NA
15432 55211 NA
15433 55211 NA
15434 55211 NA
15435 55413 NA
15436 55413 NA
15437 55413 NA
15438 55413 NA
15439 55413 NA
15440 56144 NA
15441 56144 NA
15442 56144 NA
15443 56144 NA
15444 56144 NA
15445 56144 NA
15446 57019 NA
15447 57019 NA
15448 57019 NA
15449 57019 NA
15450 57019 NA
15451 57019 NA
15452 57929 NA
15453 57929 NA
15454 57929 NA
15455 57929 NA
15456 57929 NA
15457 57929 NA
15458 57929 NA
15459 57548 NA
15460 57548 NA
15461 57548 NA
15462 57548 NA
15463 57548 NA
15464 57548 NA
15465 56646 NA
15466 56646 NA
15467 56646 NA
15468 56646 NA
15469 56646 NA
15470 55717 NA
15471 55717 NA
15472 55717 NA
15473 55717 NA
15474 55717 NA
15475 54058 NA
15476 54058 NA
15477 54058 NA
15478 54058 NA
15479 54058 NA
15480 53490 NA
15481 53490 NA
15482 53490 NA
15483 53490 NA
15484 53490 NA
15485 53490 NA
15486 53967 NA
15487 53967 NA
15488 53967 NA
15489 53967 NA
15490 53967 NA
15491 53967 NA
15492 53503 NA
15493 53503 NA
15494 53503 NA
15495 53503 NA
15496 53503 NA
15497 53033 NA
15498 53033 NA
15499 53033 NA
15500 53033 NA
15501 53033 NA
15502 52927 NA
15503 52927 NA
15504 52927 NA
15505 52927 NA
15506 52927 NA
15507 53228 NA
15508 53228 NA
15509 53228 NA
15510 53228 NA
15511 53500 NA
15512 53500 NA
15513 53500 NA
15514 53615 NA
15515 53615 NA
15516 53615 NA
15517 53615 NA
15518 53615 NA
15519 53926 NA
15520 53926 NA
15521 53926 NA
15522 53926 NA
15523 53657 NA
15524 53657 NA
15525 53657 NA
15526 53657 NA
15527 54551 NA
15528 54551 NA
15529 54551 NA
15530 54551 NA
15531 55101 NA
15532 55101 NA
15533 55101 NA
15534 55101 NA
15535 55101 NA
15536 55658 NA
15537 55658 NA
15538 55658 NA
15539 55658 NA
15540 55658 NA
15541 55111 NA
15542 55111 NA
15543 55111 NA
15544 55111 NA
15545 55268 NA
15546 55268 NA
15547 55268 NA
15548 55268 NA
15549 55268 NA
15550 56062 NA
15551 56062 NA
15552 56062 NA
15553 56062 NA
15554 56062 NA
15555 55936 NA
15556 55936 NA
15557 55936 NA
15558 55936 NA
15559 55936 NA
15560 56712 NA
15561 56712 NA
15562 56712 NA
15563 56712 NA
15564 56712 NA
15565 57706 NA
15566 57706 NA
15567 57706 NA
15568 57706 NA
15569 57706 NA
15570 58347 NA
15571 58347 NA
15572 58347 NA
15573 58347 NA
15574 58347 NA
15575 58347 NA
15576 58480 NA
15577 58480 NA
15578 58480 NA
15579 58480 NA
15580 58480 NA
15581 58480 NA
15582 58480 NA
15583 58671 NA
15584 58671 NA
15585 58671 NA
15586 58671 NA
15587 58671 NA
15588 58671 NA
15589 58671 NA
15590 59025 NA
15591 59025 NA
15592 59025 NA
15593 59025 NA
15594 59025 NA
15595 59025 NA
15596 59275 NA
15597 59275 NA
15598 59275 NA
15599 59275 NA
15600 59275 NA
15601 59275 NA
15602 59322 NA
15603 59322 NA
15604 59322 NA
15605 59322 NA
15606 59322 NA
15607 59322 NA
15608 59567 NA
15609 59567 NA
15610 59567 NA
15611 59567 NA
15612 59567 NA
15613 59567 NA
15614 60766 NA
15615 60766 NA
15616 60766 NA
15617 60766 NA
15618 60766 NA
15619 60766 NA
15620 60766 NA
15621 60976 NA
15622 60976 NA
15623 60976 NA
15624 60976 NA
15625 60976 NA
15626 60976 NA
15627 60976 NA
15628 62010 NA
15629 62010 NA
15630 62010 NA
15631 62010 NA
15632 62010 NA
15633 62010 NA
15634 62010 NA
15635 62335 NA
15636 62335 NA
15637 62335 NA
15638 62335 NA
15639 62335 NA
15640 62335 NA
15641 62335 NA
15642 62988 NA
15643 62988 NA
15644 62988 NA
15645 62988 NA
15646 62988 NA
15647 62988 NA
15648 62988 NA
15649 64111 NA
15650 64136 NA
15651 64160 NA
15652 64185 NA
15653 64209 NA
15654 64234 NA
15655 64258 NA
15656 64283 NA
15657 64307 NA
15658 64307 NA
15659 64307 NA
15660 64307 NA
15661 64307 NA
15662 64307 NA
15663 63988 NA
15664 63988 NA
15665 63988 NA
15666 63988 NA
15667 63988 NA
15668 63988 NA
15669 63988 NA
15670 63988 NA
15671 62417 NA
15672 62417 NA
15673 62417 NA
15674 62417 NA
15675 62417 NA
15676 62417 NA
15677 62417 NA
15678 62417 NA
15679 62417 NA
15680 62417 NA
15681 62417 NA
15682 62417 NA
15683 62417 NA
15684 62417 NA
15685 62417 NA
15686 62417 NA
15687 62122 NA
15688 62122 NA
15689 62122 NA
15690 62122 NA
15691 62122 NA
15692 62122 NA
15693 62122 NA
15694 62122 NA
15695 62122 NA
15696 62122 NA
15697 62122 NA
15698 62122 NA
15699 62122 NA
15700 62122 NA
15701 62122 NA
15702 62122 NA
15703 62242 NA
15704 62242 NA
15705 62242 NA
15706 62242 NA
15707 62242 NA
15708 62242 NA
15709 62242 NA
15710 62242 NA
15711 62242 NA
15712 62242 NA
15713 62242 NA
15714 62242 NA
15715 62242 NA
15716 62242 NA
15717 62242 NA
15718 62242 NA
15719 60742 NA
15720 60742 NA
15721 60742 NA
15722 60742 NA
15723 60742 NA
15724 60742 NA
15725 60742 NA
15726 60742 NA
15727 60742 NA
15728 60742 NA
15729 60742 NA
15730 60742 NA
15731 60742 NA
15732 60742 NA
15733 60742 NA
15734 60742 NA
15735 60742 NA
15736 60742 NA
15737 60742 NA
15738 60742 NA
15739 61252 NA
15740 61252 NA
15741 61252 NA
15742 61252 NA
15743 61252 NA
15744 61252 NA
15745 61252 NA
15746 61252 NA
15747 61252 NA
15748 61252 NA
15749 61252 NA
15750 61252 NA
15751 61252 NA
15752 61252 NA
15753 61252 NA
15754 61252 NA
15755 61252 NA
15756 61252 NA
15757 61252 NA
15758 61252 NA
15759 61900 NA
15760 61900 NA
15761 61900 NA
15762 61900 NA
15763 61900 NA
15764 61900 NA
15765 61900 NA
15766 61900 NA
15767 61900 NA
15768 61900 NA
15769 61900 NA
15770 61900 NA
15771 61900 NA
15772 61900 NA
15773 61900 NA
15774 61900 NA
15775 61900 NA
15776 61900 NA
15777 61489 NA
15778 61489 NA
15779 61489 NA
15780 61489 NA
15781 61489 NA
15782 61489 NA
15783 61489 NA
15784 61489 NA
15785 61489 NA
15786 61489 NA
15787 61489 NA
15788 61489 NA
15789 61489 NA
15790 61489 NA
15791 61489 NA
15792 61489 NA
15793 61218 NA
15794 61218 NA
15795 61218 NA
15796 61218 NA
15797 61218 NA
15798 61218 NA
15799 61218 NA
15800 61218 NA
15801 61218 NA
15802 61218 NA
15803 61218 NA
15804 61218 NA
15805 61218 NA
15806 61218 NA
15807 61218 NA
15808 61218 NA
15809 61218 NA
15810 61218 NA
15811 61218 NA
15812 61344 NA
15813 61344 NA
15814 61344 NA
15815 61344 NA
15816 61344 NA
15817 61344 NA
15818 61344 NA
15819 61344 NA
15820 61344 NA
15821 61344 NA
15822 61344 NA
15823 61344 NA
15824 61344 NA
15825 61344 NA
15826 61344 NA
15827 61344 NA
15828 61344 NA
15829 61344 NA
15830 61344 NA
15831 61344 NA
15832 61344 NA
15833 61344 NA
15834 61945 NA
15835 61945 NA
15836 61945 NA
15837 61945 NA
15838 61945 NA
15839 61945 NA
15840 61945 NA
15841 61945 NA
15842 61945 NA
15843 61945 NA
15844 61945 NA
15845 61945 NA
15846 61945 NA
15847 61945 NA
15848 61945 NA
15849 61945 NA
15850 61945 NA
15851 61945 NA
15852 59797 NA
15853 59797 NA
15854 59797 NA
15855 59797 NA
15856 59797 NA
15857 59797 NA
15858 59797 NA
15859 59797 NA
15860 59797 NA
15861 59797 NA
15862 59797 NA
15863 59797 NA
15864 59797 NA
15865 57621 NA
15866 57621 NA
15867 57621 NA
15868 57621 NA
15869 57621 NA
15870 57621 NA
15871 57621 NA
15872 57621 NA
15873 57621 NA
15874 57621 NA
15875 57621 NA
15876 57621 NA
15877 57621 NA
15878 57621 NA
15879 57621 NA
15880 57621 NA
15881 56186 NA
15882 56186 NA
15883 56186 NA
15884 56186 NA
15885 56186 NA
15886 56186 NA
15887 56186 NA
15888 56186 NA
15889 56186 NA
15890 56186 NA
15891 56186 NA
15892 56186 NA
15893 56186 NA
15894 56186 NA
15895 56186 NA
15896 56186 NA
15897 56186 NA
15898 56186 NA
15899 56186 NA
15900 56186 NA
15901 56397 NA
15902 56397 NA
15903 56397 NA
15904 56397 NA
15905 56397 NA
15906 56397 NA
15907 56397 NA
15908 56397 NA
15909 56397 NA
15910 56397 NA
15911 56397 NA
15912 56397 NA
15913 56397 NA
15914 56397 NA
15915 56397 NA
15916 56397 NA
15917 56397 NA
15918 56397 NA
15919 56397 NA
15920 56397 NA
15921 57117 NA
15922 57117 NA
15923 57117 NA
15924 57117 NA
15925 57117 NA
15926 57117 NA
15927 57117 NA
15928 57117 NA
15929 57117 NA
15930 57117 NA
15931 57117 NA
15932 57117 NA
15933 57117 NA
15934 57117 NA
15935 57117 NA
15936 57117 NA
15937 57117 NA
15938 57117 NA
15939 57117 NA
15940 57117 NA
15941 57117 NA
15942 57117 NA
15943 57117 NA
15944 57117 NA
15945 57117 NA
15946 57117 NA
15947 57117 NA
15948 57117 NA
15949 57314 NA
15950 57314 NA
15951 57314 NA
15952 57314 NA
15953 57314 NA
15954 57314 NA
15955 57314 NA
15956 57314 NA
15957 57314 NA
15958 57314 NA
15959 57314 NA
15960 57314 NA
15961 57314 NA
15962 57314 NA
15963 57314 NA
15964 57314 NA
15965 57314 NA
15966 57314 NA
15967 57314 NA
15968 57314 NA
15969 57314 NA
15970 57314 NA
15971 57314 NA
15972 57314 NA
15973 57314 NA
15974 57314 NA
15975 57314 NA
15976 57314 NA
15977 57314 NA
15978 57314 NA
15979 57314 NA
15980 57314 NA
15981 57314 NA
15982 57314 NA
15983 56745 NA
15984 56745 NA
15985 56745 NA
15986 56745 NA
15987 56745 NA
15988 56745 NA
15989 56745 NA
15990 56745 NA
15991 56745 NA
15992 56745 NA
15993 56745 NA
15994 56745 NA
15995 56745 NA
15996 56745 NA
15997 56745 NA
15998 56745 NA
15999 56745 NA
16000 56745 NA
16001 56745 NA
16002 56745 NA
16003 56745 NA
16004 56745 NA
16005 56745 NA
16006 56745 NA
16007 56745 NA
16008 56745 NA
16009 56745 NA
16010 56745 NA
16011 56745 NA
16012 54469 NA
16013 54469 NA
16014 54469 NA
16015 54469 NA
16016 54469 NA
16017 54469 NA
16018 54469 NA
16019 54469 NA
16020 54469 NA
16021 54469 NA
16022 54469 NA
16023 54469 NA
16024 54469 NA
16025 54469 NA
16026 54469 NA
16027 54469 NA
16028 54469 NA
16029 54469 NA
16030 54469 NA
16031 54469 NA
16032 54469 NA
16033 54469 NA
16034 54469 NA
16035 54452 NA
16036 54435 NA
16037 54418 NA
16038 54402 NA
16039 54385 NA
16040 54368 NA
16041 54351 NA
16042 54351 NA
16043 54351 NA
16044 54351 NA
16045 54351 NA
16046 54351 NA
16047 54351 NA
16048 54351 NA
16049 54351 NA
16050 54351 NA
16051 54351 NA
16052 54351 NA
16053 54351 NA
16054 54351 NA
16055 54351 NA
16056 54351 NA
16057 54351 NA
16058 54351 NA
16059 54351 NA
16060 54351 NA
16061 54351 NA
16062 54351 NA
16063 53890 NA
16064 53890 NA
16065 53890 NA
16066 53890 NA
16067 53890 NA
16068 53890 NA
16069 53890 NA
16070 53890 NA
16071 53890 NA
16072 53890 NA
16073 53890 NA
16074 53890 NA
16075 53890 NA
16076 53890 NA
16077 53890 NA
16078 53890 NA
16079 53890 NA
16080 53890 NA
16081 53890 NA
16082 53890 NA
16083 53890 NA
16084 53890 NA
16085 53890 NA
16086 53890 NA
16087 53890 NA
16088 53890 NA
16089 53890 NA
16090 53890 NA
16091 53890 NA
16092 53890 NA
16093 53890 NA
16094 53909 NA
16095 53909 NA
16096 53909 NA
16097 53909 NA
16098 53909 NA
16099 53909 NA
16100 53909 NA
16101 53909 NA
16102 53909 NA
16103 53909 NA
16104 53909 NA
16105 53909 NA
16106 53909 NA
16107 53909 NA
16108 53909 NA
16109 53909 NA
16110 53909 NA
16111 53909 NA
16112 53909 NA
16113 53909 NA
16114 53909 NA
16115 53909 NA
16116 53909 NA
16117 53909 NA
16118 53909 NA
16119 53909 NA
16120 53909 NA
16121 53909 NA
16122 54766 NA
16123 54766 NA
16124 54766 NA
16125 54766 NA
16126 54766 NA
16127 54766 NA
16128 54766 NA
16129 54766 NA
16130 54766 NA
16131 54766 NA
16132 54766 NA
16133 54766 NA
16134 54766 NA
16135 54766 NA
16136 54766 NA
16137 54766 NA
16138 54766 NA
16139 54766 NA
16140 54766 NA
16141 54766 NA
16142 54766 NA
16143 54766 NA
16144 53851 NA
16145 53851 NA
16146 53851 NA
16147 53851 NA
16148 53851 NA
16149 53851 NA
16150 53851 NA
16151 53851 NA
16152 53851 NA
16153 53851 NA
16154 53851 NA
16155 53851 NA
16156 53851 NA
16157 53851 NA
16158 53851 NA
16159 53851 NA
16160 53851 NA
16161 53851 NA
16162 53851 NA
16163 53851 NA
16164 53851 NA
16165 53851 NA
16166 53851 NA
16167 53851 NA
16168 53851 NA
16169 53851 NA
16170 53851 NA
16171 53851 NA
16172 53851 NA
16173 53851 NA
16174 53851 NA
16175 53851 NA
16176 53265 NA
16177 53265 NA
16178 53265 NA
16179 53265 NA
16180 53265 NA
16181 53265 NA
16182 53265 NA
16183 53265 NA
16184 53265 NA
16185 53265 NA
16186 53265 NA
16187 53265 NA
16188 53265 NA
16189 53265 NA
16190 53265 NA
16191 53265 NA
16192 53265 NA
16193 53265 NA
16194 53265 NA
16195 53265 NA
16196 53265 NA
16197 53265 NA
16198 53265 NA
16199 53265 NA
16200 53265 NA
16201 53265 NA
16202 53265 NA
16203 53265 NA
16204 54116 NA
16205 54116 NA
16206 54116 NA
16207 54116 NA
16208 54116 NA
16209 54116 NA
16210 54116 NA
16211 54116 NA
16212 54116 NA
16213 54116 NA
16214 54116 NA
16215 54116 NA
16216 54116 NA
16217 54116 NA
16218 54116 NA
16219 54116 NA
16220 54116 NA
16221 54116 NA
16222 54116 NA
16223 54116 NA
16224 54116 NA
16225 54116 NA
16226 54116 NA
16227 54116 NA
16228 54116 NA
16229 54116 NA
16230 54116 NA
16231 54116 NA
16232 54116 NA
16233 54116 NA
16234 54116 NA
16235 54116 NA
16236 54116 NA
16237 54116 NA
16238 54116 NA
16239 54522 NA
16240 54522 NA
16241 54522 NA
16242 54522 NA
16243 54522 NA
16244 54522 NA
16245 54522 NA
16246 54522 NA
16247 54522 NA
16248 54522 NA
16249 54522 NA
16250 54522 NA
16251 54522 NA
16252 54522 NA
16253 54522 NA
16254 54522 NA
16255 54522 NA
16256 54522 NA
16257 54522 NA
16258 54522 NA
16259 54522 NA
16260 54522 NA
16261 54522 NA
16262 54522 NA
16263 54522 NA
16264 54522 NA
16265 54522 NA
16266 54522 NA
16267 54862 NA
16268 54862 NA
16269 54862 NA
16270 54862 NA
16271 54862 NA
16272 54862 NA
16273 54862 NA
16274 54862 NA
16275 54862 NA
16276 54862 NA
16277 54862 NA
16278 54862 NA
16279 54862 NA
16280 54862 NA
16281 54862 NA
16282 54862 NA
16283 54862 NA
16284 54862 NA
16285 54862 NA
16286 54862 NA
16287 54862 NA
16288 54862 NA
16289 54862 NA
16290 54862 NA
16291 54862 NA
16292 54862 NA
16293 54862 NA
16294 54862 NA
16295 55843 NA
16296 55843 NA
16297 55843 NA
16298 55843 NA
16299 55843 NA
16300 55843 NA
16301 55843 NA
16302 55843 NA
16303 55843 NA
16304 55843 NA
16305 55843 NA
16306 55843 NA
16307 55843 NA
16308 55843 NA
16309 55843 NA
16310 55843 NA
16311 55843 NA
16312 55843 NA
16313 55843 NA
16314 55843 NA
16315 55843 NA
16316 55843 NA
16317 55843 NA
16318 55843 NA
16319 55843 NA
16320 55843 NA
16321 55843 NA
16322 55843 NA
16323 55843 NA
16324 55843 NA
16325 55843 NA
16326 55843 NA
16327 55843 NA
16328 55843 NA
16329 56242 NA
16330 56242 NA
16331 56242 NA
16332 56242 NA
16333 56242 NA
16334 56242 NA
16335 56242 NA
16336 56242 NA
16337 56242 NA
16338 56242 NA
16339 56242 NA
16340 56242 NA
16341 56242 NA
16342 56242 NA
16343 56242 NA
16344 56242 NA
16345 56242 NA
16346 56242 NA
16347 56242 NA
16348 56242 NA
16349 56242 NA
16350 56242 NA
16351 56242 NA
16352 56242 NA
16353 56242 NA
16354 56242 NA
16355 56242 NA
16356 56242 NA
16357 56242 NA
16358 56242 NA
16359 56242 NA
16360 56242 NA
16361 56242 NA
16362 56242 NA
16363 56242 NA
16364 56242 NA
16365 56242 NA
16366 56242 NA
16367 57000 NA
16368 57000 NA
16369 57000 NA
16370 57000 NA
16371 57000 NA
16372 57000 NA
16373 57000 NA
16374 57000 NA
16375 57000 NA
16376 57000 NA
16377 57000 NA
16378 57000 NA
16379 57000 NA
16380 57000 NA
16381 57000 NA
16382 57000 NA
16383 57000 NA
16384 57000 NA
16385 57000 NA
16386 57000 NA
16387 57000 NA
16388 57000 NA
16389 57000 NA
16390 57000 NA
16391 57000 NA
16392 57000 NA
16393 57000 NA
16394 57000 NA
16395 57000 NA
16396 57000 NA
16397 57000 NA
16398 57000 NA
16399 57000 NA
16400 57000 NA
16401 57000 NA
16402 57000 NA
16403 57659 NA
16404 57659 NA
16405 57659 NA
16406 57659 NA
16407 57659 NA
16408 57659 NA
16409 57659 NA
16410 57659 NA
16411 57659 NA
16412 57659 NA
16413 57659 NA
16414 57659 NA
16415 57659 NA
16416 57659 NA
16417 57659 NA
16418 57659 NA
16419 57659 NA
16420 57659 NA
16421 57659 NA
16422 57659 NA
16423 57659 NA
16424 57659 NA
16425 57659 NA
16426 57659 NA
16427 57659 NA
16428 57659 NA
16429 57659 NA
16430 57659 NA
16431 57659 NA
16432 57659 NA
16433 57659 NA
16434 57659 NA
16435 57659 NA
16436 57659 NA
16437 57659 NA
16438 57403 NA
16439 57403 NA
16440 57403 NA
16441 57403 NA
16442 57403 NA
16443 57403 NA
16444 57403 NA
16445 57403 NA
16446 57403 NA
16447 57403 NA
16448 57403 NA
16449 57403 NA
16450 57403 NA
16451 57403 NA
16452 57403 NA
16453 57403 NA
16454 57403 NA
16455 57403 NA
16456 57403 NA
16457 57403 NA
16458 57403 NA
16459 57403 NA
16460 57403 NA
16461 57403 NA
16462 57403 NA
16463 57403 NA
16464 57403 NA
16465 57403 NA
16466 57403 NA
16467 57403 NA
16468 57403 NA
16469 57403 NA
16470 57403 NA
16471 57403 NA
16472 56828 NA
16473 56828 NA
16474 56828 NA
16475 56828 NA
16476 56828 NA
16477 56828 NA
16478 56828 NA
16479 56828 NA
16480 56828 NA
16481 56828 NA
16482 56828 NA
16483 56828 NA
16484 56828 NA
16485 56828 NA
16486 56828 NA
16487 56828 NA
16488 56828 NA
16489 56828 NA
16490 56828 NA
16491 56828 NA
16492 56828 NA
16493 56828 NA
16494 56828 NA
16495 56828 NA
16496 56828 NA
16497 56828 NA
16498 56828 NA
16499 56828 NA
16500 56828 NA
16501 56828 NA
16502 56828 NA
16503 56828 NA
16504 56828 NA
16505 56828 NA
16506 56828 NA
16507 55381 NA
16508 55381 NA
16509 55381 NA
16510 55381 NA
16511 55381 NA
16512 55381 NA
16513 55381 NA
16514 55381 NA
16515 55381 NA
16516 55381 NA
16517 55381 NA
16518 55381 NA
16519 55381 NA
16520 55381 NA
16521 55381 NA
16522 55381 NA
16523 55381 NA
16524 55381 NA
16525 55381 NA
16526 55381 NA
16527 55381 NA
16528 55381 NA
16529 55381 NA
16530 55381 NA
16531 55381 NA
16532 55381 NA
16533 55381 NA
16534 55381 NA
16535 55381 NA
16536 55381 NA
16537 55381 NA
16538 55381 NA
16539 55381 NA
16540 55381 NA
16541 55381 NA
16542 55381 NA
16543 55381 NA
16544 55381 NA
16545 55381 NA
16546 55381 NA
16547 55381 NA
16548 55381 NA
16549 55381 NA
16550 55381 NA
16551 55604 NA
16552 55604 NA
16553 55604 NA
16554 55604 NA
16555 55604 NA
16556 55604 NA
16557 55604 NA
16558 55604 NA
16559 55604 NA
16560 55604 NA
16561 55604 NA
16562 55604 NA
16563 55604 NA
16564 55604 NA
16565 55604 NA
16566 55604 NA
16567 55604 NA
16568 55604 NA
16569 55604 NA
16570 55604 NA
16571 55604 NA
16572 55604 NA
16573 55604 NA
16574 55604 NA
16575 55604 NA
16576 55604 NA
16577 55604 NA
16578 55604 NA
16579 55604 NA
16580 55604 NA
16581 55604 NA
16582 55604 NA
16583 55604 NA
16584 55604 NA
16585 55604 NA
16586 55604 NA
16587 55604 NA
16588 55604 NA
16589 55604 NA
16590 55604 NA
16591 55604 NA
16592 55604 NA
16593 55604 NA
16594 55604 NA
16595 55604 NA
16596 55604 NA
16597 55604 NA
16598 56149 NA
16599 56149 NA
16600 56149 NA
16601 56149 NA
16602 56149 NA
16603 56149 NA
16604 56149 NA
16605 56149 NA
16606 56149 NA
16607 56149 NA
16608 56149 NA
16609 56149 NA
16610 56149 NA
16611 56149 NA
16612 56149 NA
16613 56149 NA
16614 56149 NA
16615 56149 NA
16616 56149 NA
16617 56149 NA
16618 56149 NA
16619 56149 NA
16620 56149 NA
16621 56149 NA
16622 56149 NA
16623 56149 NA
16624 56149 NA
16625 56149 NA
16626 56149 NA
16627 56149 NA
16628 56149 NA
16629 56149 NA
16630 56149 NA
16631 56149 NA
16632 56149 NA
16633 56149 NA
16634 56149 NA
16635 56149 NA
16636 56149 NA
16637 56149 NA
16638 56149 NA
16639 56149 NA
16640 56149 NA
16641 56149 NA
16642 56149 NA
16643 56149 NA
16644 56149 NA
16645 56149 NA
16646 56149 NA
16647 56149 NA
16648 56149 NA
16649 56149 NA
16650 56149 NA
16651 56356 NA
16652 56356 NA
16653 56356 NA
16654 56356 NA
16655 56356 NA
16656 56356 NA
16657 56356 NA
16658 56356 NA
16659 56356 NA
16660 56356 NA
16661 56356 NA
16662 56356 NA
16663 56356 NA
16665 56356 NA
16666 56356 NA
16668 56356 NA
16669 56356 NA
16670 56356 NA
16671 56356 NA
16672 56356 NA
16673 56356 NA
16674 56356 NA
16675 56356 NA
16676 56356 NA
16677 56356 NA
16678 56356 NA
16679 56356 NA
16680 56356 NA
16681 56356 NA
16682 56356 NA
16683 56356 NA
16684 56356 NA
16686 56356 NA
16687 56356 NA
16688 56356 NA
16689 56356 NA
16690 56356 NA
16691 56356 NA
16692 56356 NA
16693 56356 NA
16694 56356 NA
16695 56356 NA
16696 56356 NA
16697 56356 NA
16698 56356 NA
16699 56356 NA
16700 56356 NA
16701 56356 NA
16702 56356 NA
16703 56356 NA
16704 56356 NA
16705 56356 NA
16706 56356 NA
16707 56356 NA
16708 56356 NA
16709 56356 NA
16710 56356 NA
16711 56356 NA
16712 56356 NA
16715 56846 NA
16717 56846 NA
16719 56846 NA
16720 56846 NA
16721 56846 NA
16722 56846 NA
16723 56846 NA
16724 56846 NA
16725 56846 NA
16726 56846 NA
16727 56846 NA
16728 56846 NA
16730 56846 NA
16731 56846 NA
16732 56846 NA
16733 56846 NA
16734 56846 NA
16735 56846 NA
16736 56846 NA
16737 56846 NA
16738 56846 NA
16739 56846 NA
16740 56846 NA
16741 56846 NA
16742 56846 NA
16743 56846 NA
16744 56846 NA
16745 56846 NA
16746 56846 NA
16747 56846 NA
16748 56846 NA
16749 56846 NA
16750 56846 NA
16751 56846 NA
16752 56846 NA
16753 56846 NA
16754 56846 NA
16755 56846 NA
16756 56846 NA
16757 56846 NA
16759 56846 NA
16760 56846 NA
16761 56846 NA
16762 56846 NA
16763 56846 NA
16764 56846 NA
16765 56846 NA
16766 56846 NA
16767 56846 NA
16768 56846 NA
16769 56846 NA
16770 56846 NA
16771 56846 NA
16772 56846 NA
16773 58105 NA
16774 58105 NA
16775 58105 NA
16776 58105 NA
16777 58105 NA
16778 58105 NA
16779 58105 NA
16780 58105 NA
16781 58105 NA
16782 58105 NA
16783 58105 NA
16784 58105 NA
16785 58105 NA
16786 58105 NA
16787 58105 NA
16788 58105 NA
16789 58105 NA
16790 58105 NA
16791 58105 NA
16792 58105 NA
16793 58105 NA
16794 58105 NA
16795 58105 NA
16796 58105 NA
16797 58105 NA
16798 58105 NA
16799 58105 NA
16800 58105 NA
16801 58105 NA
16802 58105 NA
16803 58105 NA
16804 58105 NA
16807 58105 NA
16808 58105 NA
16809 58105 NA
16810 58105 NA
16811 58105 NA
16812 58105 NA
16813 58105 NA
16814 58105 NA
16815 58105 NA
16816 58105 NA
16817 58105 NA
16818 58105 NA
16820 58105 NA
16821 58105 NA
16823 58105 NA
16824 58105 NA
16825 58105 NA
16826 58105 NA
16827 58105 NA
16828 58105 NA
16829 58105 NA
16830 59897 NA
16831 59897 NA
16832 59897 NA
16833 59897 NA
16834 59897 NA
16835 59897 NA
16836 59897 NA
16837 59897 NA
16838 59897 NA
16839 59897 NA
16840 59897 NA
16841 59897 NA
16842 59897 NA
16843 59897 NA
16844 59897 NA
16845 59897 NA
16847 59897 NA
16849 59897 NA
16850 59897 NA
16851 59897 NA
16852 59897 NA
16853 59897 NA
16854 59897 NA
16855 59897 NA
16856 59897 NA
16857 59897 NA
16858 59897 NA
16859 59897 NA
16860 59897 NA
16861 59897 NA
16862 59897 NA
16863 59897 NA
16864 59897 NA
16865 59897 NA
16866 59897 NA
16867 59897 NA
16869 59897 NA
16870 59897 NA
16871 59897 NA
16872 59897 NA
16873 59897 NA
16874 59897 NA
16875 59897 NA
16876 59897 NA
16878 59897 NA
16879 59897 NA
16880 59897 NA
16881 59897 NA
16884 59897 NA
16885 59897 NA
16886 59897 NA
16887 59897 NA
16888 59897 NA
16889 59897 NA
16890 59897 NA
16892 59897 NA
16893 59897 NA
16894 61421 NA
16895 61421 NA
16896 61421 NA
16897 61421 NA
16898 61421 NA
16899 61421 NA
16900 61421 NA
16901 61421 NA
16902 61421 NA
16903 61421 NA
16904 61421 NA
16905 61421 NA
16906 61421 NA
16907 61421 NA
16908 61421 NA
16909 61421 NA
16910 61421 NA
16911 61421 NA
16912 61421 NA
16913 61421 NA
16914 61421 NA
16915 61421 NA
16916 61421 NA
16917 61421 NA
16918 61421 NA
16919 61421 NA
16920 61421 NA
16921 61421 NA
16922 61421 NA
16923 61421 NA
16924 61421 NA
16925 61421 NA
16926 61421 NA
16927 61421 NA
16928 61421 NA
16929 61421 NA
16930 61421 NA
16931 61421 NA
16932 61421 NA
16933 61421 NA
16934 61421 NA
16935 61421 NA
16937 61421 NA
16938 61421 NA
16939 61421 NA
16940 61421 NA
16941 61421 NA
16942 61421 NA
16943 61421 NA
16944 61421 NA
16945 61421 NA
16946 61421 NA
16949 61421 NA
16950 61421 NA
16951 61421 NA
16952 61421 NA
16953 61421 NA
16954 61421 NA
16955 61421 NA
16956 61421 NA
16957 61421 NA
16958 61421 NA
16959 61421 NA
16960 61421 NA
16967 61421 NA
16968 61421 NA
16969 62701 NA
16970 62701 NA
16971 62701 NA
16972 62701 NA
16974 62701 NA
16975 62701 NA
16976 62701 NA
16977 62701 NA
16978 62701 NA
16979 62701 NA
16980 62701 NA
16981 62701 NA
16982 62701 NA
16984 62701 NA
16985 62701 NA
16986 62701 NA
16987 62701 NA
16988 62701 NA
16989 62701 NA
16990 62701 NA
16991 62701 NA
16992 62701 NA
16993 62701 NA
16994 62701 NA
16999 62701 NA
17001 62701 NA
17006 62701 NA
17007 62701 NA
17014 62701 NA
17015 62701 NA
17016 62701 NA
17017 62701 NA
17018 62701 NA
17019 62701 NA
17020 62701 NA
17021 62701 NA
17022 62701 NA
17023 62701 NA
17024 62701 NA
17025 62701 NA
17026 62701 NA
17027 62701 NA
17028 62701 NA
17029 62701 NA
17031 62701 NA
17032 62701 NA
17033 62701 NA
17034 62701 NA
17035 62701 NA
17036 62701 NA
17037 62701 NA
17038 62701 NA
17039 62701 NA
17040 62701 NA
17042 62701 NA
17044 62701 NA
17045 62701 NA
17046 62701 NA
17047 62701 NA
17048 62701 NA
17049 62701 NA
17050 62701 NA
17051 62701 NA
17052 62701 NA
17053 62701 NA
17054 62701 NA
17055 62701 NA
17056 62701 NA
17057 62701 NA
17058 62701 NA
17059 62701 NA
17060 62701 NA
17061 62701 NA
17062 62701 NA
17063 62701 NA
17064 63391 NA
17069 63391 NA
17070 63391 NA
17071 63391 NA
17072 63391 NA
17073 63391 NA
17075 63391 NA
17076 63391 NA
17077 63391 NA
17078 63391 NA
17079 63391 NA
17080 63391 NA
17081 63391 NA
17083 63391 NA
17084 63391 NA
17085 47680 NA
17086 47680 NA
17087 47680 NA
17088 47680 NA
17089 47680 NA
17091 47680 NA
17092 47680 NA
17093 47680 NA
17094 47680 NA
17095 47680 NA
17096 47680 NA
17097 47680 NA
17098 47680 NA
17099 47680 NA
17100 47680 NA
17101 47680 NA
17102 47680 NA
17103 47680 NA
17104 47680 NA
17105 47680 NA
17106 47680 NA
17107 47680 NA
17108 47680 NA
17109 47680 NA
17110 47680 NA
17111 47680 NA
17112 47680 NA
17113 47680 NA
17114 47680 NA
17115 47680 NA
17117 47680 NA
17118 47680 NA
17123 47680 NA
17124 47680 NA
17125 47680 NA
17126 47680 NA
17127 47680 NA
17129 47680 NA
17130 47680 NA
17131 47680 NA
17132 47680 NA
17133 47680 NA
17134 47680 NA
17135 47680 NA
17136 47680 NA
17138 47680 NA
17139 47680 NA
17140 47680 NA
17141 47680 NA
17142 47680 NA
17143 47680 NA
17144 47680 NA
17145 47680 NA
17146 47680 NA
17147 47680 NA
17148 47680 NA
17149 47680 NA
