"Index" "Price" "Volume"
14828 411600 NA
14829 411600 NA
14830 430000 NA
14831 430000 NA
14832 443900 NA
14833 443900 NA
14834 425900 NA
14835 409400 NA
14836 394600 NA
14837 368700 NA
14838 355000 NA
14839 355000 NA
14840 333500 NA
14841 333500 NA
14842 323200 NA
14843 314100 NA
14844 303800 NA
14845 293200 NA
14846 284700 NA
14847 266000 NA
14848 257600 NA
14849 257600 NA
14850 249800 NA
14851 234200 NA
14852 227000 NA
14853 220400 NA
14854 220400 NA
14855 213400 NA
14856 207300 NA
14857 193900 NA
14858 193900 NA
14859 182300 NA
14860 182300 NA
14861 176500 NA
14862 171200 NA
14863 165700 NA
14864 160600 NA
14865 155100 NA
14866 144500 NA
14867 144500 NA
14868 139300 NA
14869 134500 NA
14870 125700 NA
14871 125700 NA
14872 120900 NA
14873 120900 NA
14874 116900 NA
14875 116900 NA
14876 111100 NA
14877 107100 NA
14878 102800 NA
14879 99100 NA
14880 95300 NA
14881 95300 NA
14882 90500 NA
14883 90500 NA
14884 87000 NA
14885 83800 NA
14886 81300 NA
14887 81300 NA
14888 79300 NA
14889 79300 NA
14890 76600 NA
14891 76600 NA
14892 74700 NA
14893 73700 NA
14894 73700 NA
14895 73700 NA
14896 71800 NA
14897 69400 NA
14898 69400 NA
14899 68300 NA
14900 67000 NA
14901 67000 NA
14902 67000 NA
14903 65300 NA
14904 65300 NA
14905 65700 NA
14906 66700 NA
14907 66400 NA
14908 66400 NA
14909 66300 NA
14910 65600 NA
14911 65600 NA
14912 65600 NA
14913 65900 NA
14914 65900 NA
14915 65900 NA
14916 65500 NA
14917 65500 NA
14918 66100 NA
14920 65800 NA
14921 66000 NA
14922 66000 NA
14923 66000 NA
14924 65100 NA
14925 65100 NA
14926 64400 NA
14927 64800 NA
14928 65400 NA
14929 65400 NA
14930 66600 NA
14931 66600 NA
14932 66600 NA
14933 66200 NA
14934 67000 NA
14935 67000 NA
14936 67300 NA
14937 67300 NA
14938 66400 NA
14939 66400 NA
14940 66900 NA
14941 67200 NA
14942 67200 NA
14943 67400 NA
14944 68300 NA
14945 68300 NA
14946 68300 NA
14947 66600 NA
14948 67800 NA
14949 67800 NA
14950 67800 NA
14951 66600 NA
14952 66100 NA
14953 66100 NA
14954 66100 NA
14955 65000 NA
14956 66000 NA
14957 66000 NA
14958 65700 NA
14959 65700 NA
14960 65100 NA
14961 65100 NA
14962 63800 NA
14963 63800 NA
14964 62500 NA
14965 61900 NA
14966 61600 NA
14967 61600 NA
14968 61600 NA
14969 60500 NA
14970 60500 NA
14971 59300 NA
14972 59300 NA
14973 57900 NA
14974 56600 NA
14975 57900 NA
14976 56600 NA
14979 55300 NA
14981 54000 NA
14983 53500 NA
14984 53500 NA
14985 52500 NA
14986 52200 NA
14987 52200 NA
14988 51100 NA
14990 51200 NA
14991 49900 NA
14992 49900 NA
14993 48200 NA
14995 48200 NA
14996 46800 NA
14998 46200 NA
15000 45600 NA
15001 46300 NA
15003 45200 NA
15005 45500 NA
15007 45100 NA
15009 43200 NA
15011 40200 NA
15013 39300 NA
15014 39300 NA
15016 38200 NA
15018 38220 NA
15019 37600 NA
15020 37700 NA
15021 37717 NA
15024 38185 NA
15025 38200 NA
15028 38100 NA
15029 38600 NA
15031 39500 NA
15032 39700 NA
15033 39800 NA
15036 39700 NA
15037 39700 NA
15038 40000 NA
15039 40000 NA
15042 40200 NA
15044 40400 NA
15046 41000 NA
15047 41000 NA
15048 41400 NA
15050 41400 NA
15052 41300 NA
15054 40400 NA
15055 40400 NA
15058 40000 NA
15060 39600 NA
15061 39700 NA
15063 39700 NA
15064 40400 NA
15066 40400 NA
15067 40700 NA
15070 40800 NA
15073 40100 NA
15076 39400 NA
15078 39500 NA
15080 39500 NA
15081 39700 NA
15084 39900 NA
15085 39900 NA
15086 39200 NA
15087 39200 NA
15089 38200 NA
15090 38200 NA
15093 38300 NA
15094 38300 NA
15095 38400 NA
15096 38900 NA
15101 38900 NA
15103 38800 NA
15104 38800 NA
15106 39000 NA
15110 39300 NA
15114 40100 NA
15115 40100 NA
15116 41200 NA
15120 41400 NA
15125 41400 NA
15128 40800 NA
15130 40200 NA
15132 40200 NA
15133 40100 NA
15136 40200 NA
15140 40100 NA
15142 40500 NA
15145 40500 NA
15147 40000 NA
15149 38900 NA
15150 38900 NA
15151 37700 NA
15154 37147 NA
15156 37653 NA
15157 37700 NA
15158 38400 NA
15159 38400 NA
15161 39100 NA
15164 38900 NA
15165 38900 NA
15168 38300 NA
15169 37300 NA
15172 37600 NA
15175 38300 NA
15177 38700 NA
15179 38700 NA
15182 39300 NA
15184 39400 NA
15186 39400 NA
15187 39200 NA
15191 39300 NA
15193 40200 NA
15194 40200 NA
15196 41500 NA
15197 41500 NA
15199 41700 NA
15204 41300 NA
15207 40000 NA
15210 39700 NA
15214 39100 NA
15217 40100 NA
15220 41100 NA
15221 41100 NA
15224 40500 NA
15227 40500 NA
15228 40600 NA
15232 40300 NA
15239 40300 NA
15244 40300 NA
15247 40200 NA
15248 40200 NA
15250 40700 NA
15254 40500 NA
15258 40200 NA
15264 41400 NA
15270 41100 NA
15271 41100 NA
15273 40200 NA
15275 40200 NA
15277 39700 NA
15281 39700 NA
15282 39100 NA
15284 39100 NA
15287 38200 NA
15291 38000 NA
15296 38100 NA
15297 38100 NA
15302 37800 NA
15303 37800 NA
15304 37900 NA
15307 38500 NA
15310 38500 NA
15313 39140 NA
15317 39140 NA
15318 39195 NA
15321 39195 NA
15322 38220 NA
15326 38220 NA
15327 37063 NA
15328 37063 NA
15329 37381 NA
15331 37381 NA
15332 37826 NA
15335 37826 NA
15336 38523 NA
15340 38523 NA
15341 39143 NA
15342 39143 NA
15343 39143 NA
15344 39143 NA
15345 39143 NA
15346 39143 NA
15347 39347 NA
15348 39347 NA
15349 39347 NA
15350 39347 NA
15351 39347 NA
15352 39347 NA
15353 39347 NA
15354 39027 NA
15355 39027 NA
15356 39027 NA
15357 39027 NA
15358 39027 NA
15359 39027 NA
15360 39824 NA
15361 39824 NA
15362 39824 NA
15363 39824 NA
15364 39824 NA
15365 39588 NA
15366 39588 NA
15367 39588 NA
15368 39588 NA
15369 39406 NA
15370 39406 NA
15371 39406 NA
15372 39406 NA
15373 39406 NA
15374 38852 NA
15375 38852 NA
15376 38852 NA
15377 38852 NA
15378 38852 NA
15379 38852 NA
15380 38728 NA
15381 38728 NA
15382 38728 NA
15383 38728 NA
15384 38728 NA
15385 38728 NA
15386 38518 NA
15387 38518 NA
15388 38518 NA
15389 38518 NA
15390 38518 NA
15391 38255 NA
15392 38255 NA
15393 38255 NA
15394 38255 NA
15395 38255 NA
15396 37897 NA
15397 37897 NA
15398 37897 NA
15399 37897 NA
15400 38702 NA
15401 38702 NA
15402 38702 NA
15403 38702 NA
15404 38702 NA
15405 38702 NA
15406 39349 NA
15407 39349 NA
15408 39349 NA
15409 39349 NA
15410 40570 NA
15411 40570 NA
15412 40570 NA
15413 40570 NA
15414 40570 NA
15415 41238 NA
15416 41238 NA
15417 41238 NA
15418 41238 NA
15419 41238 NA
15420 41238 NA
15421 41870 NA
15422 41870 NA
15423 41870 NA
15424 41870 NA
15425 41870 NA
15426 41870 NA
15427 42103 NA
15428 42103 NA
15429 42103 NA
15430 42103 NA
15431 42103 NA
15432 41865 NA
15433 41865 NA
15434 41865 NA
15435 41865 NA
15436 41865 NA
15437 41865 NA
15438 41566 NA
15439 41566 NA
15440 41566 NA
15441 41566 NA
15442 41566 NA
15443 41566 NA
15444 41432 NA
15445 41432 NA
15446 41432 NA
15447 41432 NA
15448 41432 NA
15449 41432 NA
15450 41333 NA
15451 41333 NA
15452 41333 NA
15453 41333 NA
15454 41333 NA
15455 40292 NA
15456 40292 NA
15457 40292 NA
15458 40292 NA
15459 40292 NA
15460 39112 NA
15461 39112 NA
15462 39112 NA
15463 39112 NA
15464 39112 NA
15465 39112 NA
15466 38403 NA
15467 38403 NA
15468 38403 NA
15469 38403 NA
15470 38403 NA
15471 37065 NA
15472 37065 NA
15473 37479 NA
15474 37479 NA
15475 37882 NA
15476 37882 NA
15477 37882 NA
15478 37882 NA
15479 37882 NA
15480 38662 NA
15481 38662 NA
15482 38662 NA
15483 38662 NA
15484 38662 NA
15485 38662 NA
15486 39066 NA
15487 39066 NA
15488 39066 NA
15489 39066 NA
15490 39066 NA
15491 38454 NA
15492 38454 NA
15493 38454 NA
15494 38454 NA
15495 38223 NA
15496 38223 NA
15497 38223 NA
15498 38223 NA
15499 38223 NA
15500 37877 NA
15501 37877 NA
15502 37877 NA
15503 37877 NA
15504 37877 NA
15505 37766 NA
15506 37766 NA
15507 37766 NA
15508 38269 NA
15509 38269 NA
15510 38269 NA
15511 38269 NA
15512 38269 NA
15513 38322 NA
15514 38322 NA
15515 38322 NA
15516 38322 NA
15517 38322 NA
15518 38255 NA
15519 38255 NA
15520 38255 NA
15521 38255 NA
15522 38255 NA
15523 38323 NA
15524 38323 NA
15525 38323 NA
15526 38323 NA
15527 38323 NA
15528 38323 NA
15529 38740 NA
15530 38740 NA
15531 38740 NA
15532 38740 NA
15533 38707 NA
15534 38707 NA
15535 38707 NA
15536 38707 NA
15537 38707 NA
15538 38753 NA
15539 38753 NA
15540 38753 NA
15541 38753 NA
15542 38753 NA
15543 37869 NA
15544 37869 NA
15545 37869 NA
15546 37825 NA
15547 37825 NA
15548 37825 NA
15549 37825 NA
15550 38417 NA
15551 38417 NA
15552 38417 NA
15553 38417 NA
15554 38417 NA
15555 39215 NA
15556 39215 NA
15557 39215 NA
15558 39215 NA
15559 39215 NA
15560 39380 NA
15561 39380 NA
15562 39380 NA
15563 39380 NA
15564 39380 NA
15565 39380 NA
15566 39961 NA
15567 39961 NA
15568 39961 NA
15569 39961 NA
15570 39961 NA
15571 39961 NA
15572 40052 NA
15573 40052 NA
15574 40052 NA
15575 40052 NA
15576 40052 NA
15577 40052 NA
15578 39391 NA
15579 39391 NA
15580 39391 NA
15581 39391 NA
15582 39391 NA
15583 39391 NA
15584 39068 NA
15585 39068 NA
15586 39068 NA
15587 39068 NA
15588 39068 NA
15589 39068 NA
15590 38394 NA
15591 38394 NA
15592 38394 NA
15593 38394 NA
15594 38394 NA
15595 38394 NA
15596 38588 NA
15597 38588 NA
15598 38588 NA
15599 38588 NA
15600 38588 NA
15601 38588 NA
15602 38588 NA
15603 37980 NA
15604 37980 NA
15605 37980 NA
15606 37980 NA
15607 37980 NA
15608 38284 NA
15609 38284 NA
15610 38284 NA
15611 38284 NA
15612 38284 NA
15613 38284 NA
15614 38284 NA
15615 37827 NA
15616 37827 NA
15617 37827 NA
15618 37827 NA
15619 37827 NA
15620 37846 NA
15621 37846 NA
15622 37846 NA
15623 37846 NA
15624 38267 NA
15625 38267 NA
15626 38267 NA
15627 38267 NA
15628 38267 NA
15629 38267 NA
15630 38267 NA
15631 38267 NA
15632 38473 NA
15633 38473 NA
15634 38473 NA
15635 38473 NA
15636 38473 NA
15637 38473 NA
15638 38473 NA
15639 38732 NA
15640 38732 NA
15641 38732 NA
15642 38732 NA
15643 38732 NA
15644 38732 NA
15645 38732 NA
15646 38732 NA
15647 38269 NA
15648 38269 NA
15649 38269 NA
15650 38281 NA
15651 38293 NA
15652 38305 NA
15653 38317 NA
15654 38328 NA
15655 38340 NA
15656 38352 NA
15657 38364 NA
15658 38364 NA
15659 38364 NA
15660 38364 NA
15661 38364 NA
15662 38364 NA
15663 37762 NA
15664 37762 NA
15665 37762 NA
15666 37762 NA
15667 37762 NA
15668 37762 NA
15669 36968 NA
15670 36968 NA
15671 37364 NA
15672 37364 NA
15673 37364 NA
15674 37364 NA
15675 37784 NA
15676 37784 NA
15677 37784 NA
15678 37784 NA
15679 37784 NA
15680 37784 NA
15681 37784 NA
15682 37784 NA
15683 38388 NA
15684 38388 NA
15685 38388 NA
15686 38388 NA
15687 38388 NA
15688 38388 NA
15689 38388 NA
15690 38388 NA
15691 38388 NA
15692 38388 NA
15693 38388 NA
15694 38388 NA
15695 38388 NA
15696 38388 NA
15697 38388 NA
15698 38495 NA
15699 38495 NA
15700 38495 NA
15701 38495 NA
15702 38495 NA
15703 38495 NA
15704 38495 NA
15705 38495 NA
15706 38495 NA
15707 38495 NA
15708 38495 NA
15709 38495 NA
15710 38495 NA
15711 37757 NA
15712 37757 NA
15713 37757 NA
15714 37757 NA
15715 37757 NA
15716 37757 NA
15717 37757 NA
15718 37757 NA
15719 37757 NA
15720 37757 NA
15721 37757 NA
15722 37757 NA
15723 37615 NA
15724 37615 NA
15725 37615 NA
15726 37615 NA
15727 37615 NA
15728 37615 NA
15729 37615 NA
15730 37615 NA
15731 37615 NA
15732 37615 NA
15733 37615 NA
15734 37615 NA
15735 37615 NA
15736 37745 NA
15737 37745 NA
15738 37745 NA
15739 37745 NA
15740 37745 NA
15741 37745 NA
15742 37745 NA
15743 37745 NA
15744 37745 NA
15745 37745 NA
15746 37745 NA
15747 37745 NA
15748 37745 NA
15749 37971 NA
15750 37971 NA
15751 37971 NA
15752 37971 NA
15753 37971 NA
15754 37971 NA
15755 37971 NA
15756 37971 NA
15757 37971 NA
15758 37971 NA
15759 37971 NA
15760 37971 NA
15761 37971 NA
15762 37971 NA
15763 38406 NA
15764 38406 NA
15765 38406 NA
15766 38406 NA
15767 38406 NA
15768 38406 NA
15769 38406 NA
15770 38406 NA
15771 38406 NA
15772 38406 NA
15773 38406 NA
15774 38406 NA
15775 38406 NA
15776 38406 NA
15777 38258 NA
15778 38258 NA
15779 38258 NA
15780 38258 NA
15781 38258 NA
15782 38258 NA
15783 38258 NA
15784 38258 NA
15785 38258 NA
15786 38258 NA
15787 38258 NA
15788 38258 NA
15789 37603 NA
15790 37603 NA
15791 37603 NA
15792 37603 NA
15793 37603 NA
15794 37603 NA
15795 37603 NA
15796 37603 NA
15797 37603 NA
15798 37541 NA
15799 37478 NA
15800 37416 NA
15801 37353 NA
15802 37291 NA
15803 37228 NA
15804 37166 NA
15805 37166 NA
15806 37166 NA
15807 37586 NA
15808 37586 NA
15809 37586 NA
15810 37586 NA
15811 37586 NA
15812 37586 NA
15813 37586 NA
15814 37586 NA
15815 37586 NA
15816 37586 NA
15817 37749 NA
15818 37749 NA
15819 37749 NA
15820 37749 NA
15821 37749 NA
15822 37749 NA
15823 37749 NA
15824 37749 NA
15825 37749 NA
15826 37749 NA
15827 37749 NA
15828 37749 NA
15829 37749 NA
15830 37749 NA
15831 37749 NA
15832 38009 NA
15833 38009 NA
15834 38009 NA
15835 38009 NA
15836 38009 NA
15837 38009 NA
15838 38009 NA
15839 38009 NA
15840 38009 NA
15841 38009 NA
15842 38009 NA
15843 38009 NA
15844 38009 NA
15845 38009 NA
15846 38068 NA
15847 38068 NA
15848 38068 NA
15849 38068 NA
15850 38068 NA
15851 38068 NA
15852 38068 NA
15853 38068 NA
15854 38068 NA
15855 38068 NA
15856 38068 NA
15857 38068 NA
15858 38068 NA
15859 38068 NA
15860 38068 NA
15861 37912 NA
15862 37912 NA
15863 37912 NA
15864 37912 NA
15865 37912 NA
15866 37912 NA
15867 37912 NA
15868 37912 NA
15869 37912 NA
15870 37912 NA
15871 37912 NA
15872 37444 NA
15873 37444 NA
15874 37444 NA
15875 37444 NA
15876 37444 NA
15877 37444 NA
15878 37444 NA
15879 37444 NA
15880 37444 NA
15881 37858 NA
15882 37858 NA
15883 37858 NA
15884 37858 NA
15885 37858 NA
15886 37858 NA
15887 37858 NA
15888 37858 NA
15889 37858 NA
15890 37858 NA
15891 37858 NA
15892 37858 NA
15893 38123 NA
15894 38123 NA
15895 38123 NA
15896 38123 NA
15897 38123 NA
15898 38123 NA
15899 38123 NA
15900 38123 NA
15901 38123 NA
15902 38123 NA
15903 38181 NA
15904 38238 NA
15905 38296 NA
15906 38354 NA
15907 38411 NA
15908 38469 NA
15909 38469 NA
15910 38469 NA
15911 38469 NA
15912 38469 NA
15913 38469 NA
15914 38469 NA
15915 38469 NA
15916 38469 NA
15917 38469 NA
15918 38651 NA
15919 38651 NA
15920 38651 NA
15921 38651 NA
15922 38651 NA
15923 38651 NA
15924 38651 NA
15925 38651 NA
15926 38651 NA
15927 38651 NA
15928 38651 NA
15929 38651 NA
15930 38651 NA
15931 38757 NA
15932 38757 NA
15933 38757 NA
15934 38757 NA
15935 38757 NA
15936 38757 NA
15937 38757 NA
15938 38757 NA
15939 38757 NA
15940 38757 NA
15941 38757 NA
15942 38757 NA
15943 38757 NA
15944 38757 NA
15945 38757 NA
15946 38757 NA
15947 38757 NA
15948 38757 NA
15949 38757 NA
15950 38757 NA
15951 38757 NA
15952 38495 NA
15953 38495 NA
15954 38495 NA
15955 38495 NA
15956 38495 NA
15957 38495 NA
15958 38495 NA
15959 38495 NA
15960 38495 NA
15961 38495 NA
15962 38495 NA
15963 38495 NA
15964 38495 NA
15965 38495 NA
15966 38495 NA
15967 38495 NA
15968 38495 NA
15969 38495 NA
15970 38495 NA
15971 38495 NA
15972 38495 NA
15973 38495 NA
15974 38495 NA
15975 38495 NA
15976 38495 NA
15977 38495 NA
15978 38495 NA
15979 38495 NA
15980 38495 NA
15981 38323 NA
15982 38323 NA
15983 38323 NA
15984 38323 NA
15985 38323 NA
15986 38323 NA
15987 38323 NA
15988 38323 NA
15989 38323 NA
15990 38323 NA
15991 38323 NA
15992 38323 NA
15993 38323 NA
15994 38323 NA
15995 38323 NA
15996 38323 NA
15997 38323 NA
15998 38323 NA
15999 38323 NA
16000 38323 NA
16001 38323 NA
16002 38323 NA
16003 38323 NA
16004 38323 NA
16005 38323 NA
16006 37504 NA
16007 37504 NA
16008 37504 NA
16009 37504 NA
16010 37504 NA
16011 37504 NA
16012 37504 NA
16013 37504 NA
16014 37504 NA
16015 37504 NA
16016 37504 NA
16017 37504 NA
16018 37504 NA
16019 37504 NA
16020 37504 NA
16021 37504 NA
16022 37504 NA
16023 37504 NA
16024 37504 NA
16025 37504 NA
16026 37360 NA
16027 37360 NA
16028 37360 NA
16029 37360 NA
16030 37360 NA
16031 37360 NA
16032 37360 NA
16033 37360 NA
16034 37360 NA
16035 37360 NA
16036 37360 NA
16037 37360 NA
16038 37360 NA
16039 37360 NA
16040 37360 NA
16041 37360 NA
16042 37360 NA
16043 37360 NA
16044 37360 NA
16045 37360 NA
16046 37565 NA
16047 37565 NA
16048 37565 NA
16049 37565 NA
16050 37565 NA
16051 37565 NA
16052 37565 NA
16053 37565 NA
16054 37565 NA
16055 37565 NA
16056 37565 NA
16057 37565 NA
16058 37565 NA
16059 37565 NA
16060 37565 NA
16061 37565 NA
16062 37565 NA
16063 37565 NA
16064 37565 NA
16065 37565 NA
16066 37565 NA
16067 37565 NA
16068 37826 NA
16069 37826 NA
16070 37826 NA
16071 37826 NA
16072 37826 NA
16073 37826 NA
16074 37826 NA
16075 37826 NA
16076 37826 NA
16077 37826 NA
16078 37826 NA
16079 37826 NA
16080 37826 NA
16081 37826 NA
16082 37826 NA
16083 37826 NA
16084 37826 NA
16085 37826 NA
16086 37826 NA
16087 37826 NA
16088 37776 NA
16089 37776 NA
16090 37776 NA
16091 37776 NA
16092 37776 NA
16093 37776 NA
16094 37776 NA
16095 37776 NA
16096 37776 NA
16097 37776 NA
16098 37776 NA
16099 37776 NA
16100 37776 NA
16101 37776 NA
16102 37776 NA
16103 37776 NA
16104 37644 NA
16105 37644 NA
16106 37644 NA
16107 37644 NA
16108 37644 NA
16109 37644 NA
16110 37644 NA
16111 37644 NA
16112 37644 NA
16113 37644 NA
16114 37644 NA
16115 37644 NA
16116 37644 NA
16117 37644 NA
16118 37644 NA
16119 37644 NA
16120 37644 NA
16121 36839 NA
16122 36839 NA
16123 36839 NA
16124 36839 NA
16125 36839 NA
16126 36839 NA
16127 36839 NA
16128 36839 NA
16129 36839 NA
16130 36839 NA
16131 36839 NA
16132 36839 NA
16133 36839 NA
16134 36839 NA
16135 36839 NA
16136 36839 NA
16137 36675 NA
16138 36675 NA
16139 36675 NA
16140 36675 NA
16141 36675 NA
16142 36675 NA
16143 36675 NA
16144 36675 NA
16145 36675 NA
16146 36675 NA
16147 36675 NA
16148 36675 NA
16149 36675 NA
16150 36675 NA
16151 36744 NA
16152 36744 NA
16153 36744 NA
16154 36744 NA
16155 36744 NA
16156 36744 NA
16157 36744 NA
16158 36744 NA
16159 36744 NA
16160 36744 NA
16161 36744 NA
16162 36744 NA
16163 36744 NA
16164 36744 NA
16165 36744 NA
16166 36744 NA
16167 36749 NA
16168 36749 NA
16169 36749 NA
16170 36749 NA
16171 36749 NA
16172 36749 NA
16173 36749 NA
16174 36749 NA
16175 36749 NA
16176 36749 NA
16177 36749 NA
16178 36749 NA
16179 36749 NA
16180 36749 NA
16181 36749 NA
16182 36749 NA
16183 36749 NA
16184 36310 NA
16185 36310 NA
16186 36310 NA
16187 36310 NA
16188 36310 NA
16189 36310 NA
16190 36310 NA
16191 36310 NA
16192 36310 NA
16193 36310 NA
16194 36310 NA
16195 36310 NA
16196 36310 NA
16197 36310 NA
16198 36310 NA
16199 36310 NA
16200 36310 NA
16201 36832 NA
16202 36832 NA
16203 36832 NA
16204 36832 NA
16205 36832 NA
16206 36832 NA
16207 36832 NA
16208 36832 NA
16209 36832 NA
16210 36832 NA
16211 36832 NA
16212 36832 NA
16213 36832 NA
16214 36832 NA
16215 36832 NA
16216 36832 NA
16217 36832 NA
16218 36832 NA
16219 36832 NA
16220 36832 NA
16221 36832 NA
16222 37191 NA
16223 37191 NA
16224 37191 NA
16225 37191 NA
16226 37191 NA
16227 37191 NA
16228 37191 NA
16229 37191 NA
16230 37191 NA
16231 37191 NA
16232 37191 NA
16233 37191 NA
16234 37191 NA
16235 37191 NA
16236 37191 NA
16237 37191 NA
16238 37191 NA
16239 37191 NA
16240 37191 NA
16241 36775 NA
16242 36775 NA
16243 36775 NA
16244 36775 NA
16245 36775 NA
16246 36775 NA
16247 36775 NA
16248 36775 NA
16249 36775 NA
16250 36775 NA
16251 36775 NA
16252 36775 NA
16253 36775 NA
16254 36775 NA
16255 36775 NA
16256 36775 NA
16257 36775 NA
16258 36000 NA
16259 36000 NA
16260 36000 NA
16261 36000 NA
16262 36000 NA
16263 36000 NA
16264 36000 NA
16265 36000 NA
16266 36000 NA
16267 36000 NA
16268 36000 NA
16269 36190 NA
16270 36190 NA
16271 36190 NA
16272 36190 NA
16273 36190 NA
16274 36190 NA
16275 36190 NA
16276 36190 NA
16277 36190 NA
16278 36190 NA
16279 36098 NA
16280 36098 NA
16281 36098 NA
16282 36098 NA
16283 36098 NA
16284 36098 NA
16285 36098 NA
16286 36098 NA
16287 36098 NA
16288 36098 NA
16289 36098 NA
16290 35513 NA
16291 35513 NA
16292 35513 NA
16293 35513 NA
16294 35513 NA
16295 35513 NA
16296 35513 NA
16297 35513 NA
16298 35513 NA
16299 35513 NA
16300 35828 NA
16301 35828 NA
16302 35828 NA
16303 35828 NA
16304 35828 NA
16305 35828 NA
16306 35828 NA
16307 35828 NA
16308 35828 NA
16309 35828 NA
16310 35828 NA
16311 35828 NA
16312 35828 NA
16313 35828 NA
16314 36150 NA
16315 36150 NA
16316 36150 NA
16317 36150 NA
16318 36150 NA
16319 36150 NA
16320 36150 NA
16321 36150 NA
16322 36150 NA
16323 36150 NA
16324 36150 NA
16325 36150 NA
16326 36150 NA
16327 36150 NA
16328 36150 NA
16329 36150 NA
16330 35993 NA
16331 35993 NA
16332 35993 NA
16333 35993 NA
16334 35993 NA
16335 35993 NA
16336 35993 NA
16337 35993 NA
16338 35993 NA
16339 35993 NA
16340 35993 NA
16341 35993 NA
16342 35993 NA
16343 35993 NA
16344 35993 NA
16345 35993 NA
16346 35993 NA
16347 35991 NA
16348 35991 NA
16349 35991 NA
16350 35991 NA
16351 35991 NA
16352 35991 NA
16353 35991 NA
16354 35991 NA
16355 35991 NA
16356 35991 NA
16357 35991 NA
16358 35991 NA
16359 35991 NA
16360 35991 NA
16361 35991 NA
16362 35991 NA
16363 35991 NA
16364 35991 NA
16365 36118 NA
16366 36118 NA
16367 36118 NA
16368 36118 NA
16369 36118 NA
16370 36118 NA
16371 36118 NA
16372 36118 NA
16373 36118 NA
16374 36118 NA
16375 36118 NA
16376 36118 NA
16377 36118 NA
16378 36118 NA
16379 36118 NA
16380 36118 NA
16381 36118 NA
16382 36118 NA
16383 36118 NA
16384 36118 NA
16385 36579 NA
16386 36579 NA
16387 36579 NA
16388 36579 NA
16389 36579 NA
16390 36579 NA
16391 36579 NA
16392 36579 NA
16393 36579 NA
16394 36579 NA
16395 36579 NA
16396 36579 NA
16397 36579 NA
16398 35503 NA
16399 35503 NA
16400 35503 NA
16401 35503 NA
16402 35503 NA
16403 35503 NA
16404 35503 NA
16405 35508 NA
16406 35508 NA
16407 35508 NA
16408 35508 NA
16409 35508 NA
16410 35508 NA
16411 35508 NA
16412 35508 NA
16413 35508 NA
16414 35508 NA
16415 35508 NA
16416 35895 NA
16417 35895 NA
16418 35895 NA
16419 35895 NA
16420 35895 NA
16421 35895 NA
16422 35895 NA
16423 35895 NA
16424 35895 NA
16425 35895 NA
16426 35895 NA
16427 35895 NA
16428 35895 NA
16429 35895 NA
16430 35895 NA
16431 35895 NA
16432 36169 NA
16433 36169 NA
16434 36169 NA
16435 36169 NA
16436 36169 NA
16437 36169 NA
16438 36169 NA
16439 36169 NA
16440 36169 NA
16441 36169 NA
16442 36169 NA
16443 36169 NA
16444 36169 NA
16445 36169 NA
16446 35839 NA
16447 35839 NA
16448 35839 NA
16449 35839 NA
16450 35839 NA
16451 35839 NA
16452 35839 NA
16453 35839 NA
16454 35839 NA
16455 35839 NA
16456 35839 NA
16457 35839 NA
16458 35839 NA
16459 35839 NA
16460 35839 NA
16461 35839 NA
16462 36014 NA
16463 36014 NA
16464 36014 NA
16465 36014 NA
16466 36014 NA
16467 36014 NA
16468 36014 NA
16469 36014 NA
16470 36014 NA
16471 36014 NA
16472 36014 NA
16473 36014 NA
16474 36014 NA
16475 36014 NA
16476 36014 NA
16477 35935 NA
16478 35935 NA
16479 35935 NA
16480 35935 NA
16481 35935 NA
16482 35935 NA
16483 35935 NA
16484 35935 NA
16485 35935 NA
16486 35935 NA
16487 35935 NA
16488 35935 NA
16489 35935 NA
16490 35935 NA
16491 35935 NA
16492 35935 NA
16493 35734 NA
16494 35734 NA
16495 35734 NA
16496 35734 NA
16497 35734 NA
16498 35734 NA
16499 35734 NA
16500 35734 NA
16501 35734 NA
16502 35734 NA
16503 35734 NA
16504 35734 NA
16505 35734 NA
16506 35734 NA
16507 35734 NA
16508 35825 NA
16509 35825 NA
16510 35825 NA
16511 35825 NA
16512 35825 NA
16513 35825 NA
16514 35825 NA
16515 35825 NA
16516 35825 NA
16517 35825 NA
16518 35825 NA
16519 35825 NA
16520 35825 NA
16521 35825 NA
16522 35825 NA
16523 35825 NA
16524 35825 NA
16525 35920 NA
16526 35920 NA
16527 35920 NA
16528 35920 NA
16529 35920 NA
16530 35920 NA
16531 35920 NA
16532 35920 NA
16533 35920 NA
16534 35920 NA
16535 35920 NA
16536 35920 NA
16537 35920 NA
16538 35920 NA
16539 35920 NA
16540 35920 NA
16541 35920 NA
16542 35920 NA
16543 36208 NA
16544 36208 NA
16545 36208 NA
16546 36208 NA
16547 36208 NA
16548 36208 NA
16549 36208 NA
16550 36208 NA
16551 36208 NA
16552 36208 NA
16553 36208 NA
16554 36208 NA
16555 36208 NA
16556 36208 NA
16557 36208 NA
16558 36208 NA
16559 36208 NA
16560 36208 NA
16561 36208 NA
16562 35491 NA
16563 35491 NA
16564 35491 NA
16565 35491 NA
16566 35491 NA
16567 35491 NA
16568 35491 NA
16569 35491 NA
16570 35491 NA
16571 35959 NA
16572 35959 NA
16573 35959 NA
16574 35959 NA
16575 35959 NA
16576 35959 NA
16577 35959 NA
16578 35959 NA
16579 35959 NA
16580 35959 NA
16581 35959 NA
16582 35959 NA
16583 35959 NA
16584 35959 NA
16585 35959 NA
16586 35959 NA
16587 36425 NA
16588 36425 NA
16589 36425 NA
16590 36425 NA
16591 36425 NA
16592 36425 NA
16593 36425 NA
16594 36425 NA
16595 36425 NA
16596 36425 NA
16597 36425 NA
16598 36425 NA
16599 36425 NA
16600 36425 NA
16601 36425 NA
16602 36425 NA
16603 36425 NA
16604 36425 NA
16605 36425 NA
16606 36425 NA
16607 36182 NA
16608 36182 NA
16609 36182 NA
16610 36182 NA
16611 36182 NA
16612 36182 NA
16613 36182 NA
16614 36182 NA
16615 36182 NA
16616 36182 NA
16617 36182 NA
16618 36182 NA
16619 36182 NA
16620 36182 NA
16621 36182 NA
16622 36182 NA
16623 36182 NA
16624 36182 NA
16625 36182 NA
16626 36050 NA
16627 36050 NA
16628 36050 NA
16629 36050 NA
16630 36050 NA
16631 36050 NA
16632 36050 NA
16633 36050 NA
16634 36050 NA
16635 36050 NA
16636 36050 NA
16637 36050 NA
16638 36050 NA
16639 36050 NA
16640 36050 NA
16641 36050 NA
16642 36050 NA
16643 36175 NA
16644 36175 NA
16645 36175 NA
16646 36175 NA
16647 36175 NA
16648 36175 NA
16649 36175 NA
16650 36175 NA
16651 36175 NA
16652 36175 NA
16653 36175 NA
16654 36175 NA
16655 36175 NA
16656 36175 NA
16657 36175 NA
16658 36175 NA
16659 36175 NA
16660 36297 NA
16661 36297 NA
16662 36297 NA
16663 36297 NA
16665 36297 NA
16666 36297 NA
16668 36297 NA
16669 36297 NA
16670 36297 NA
16671 36297 NA
16672 36297 NA
16673 36297 NA
16674 36297 NA
16675 36297 NA
16676 36297 NA
16677 36297 NA
16678 36297 NA
16679 36297 NA
16680 36297 NA
16681 36068 NA
16682 36068 NA
16683 36068 NA
16684 36068 NA
16686 36068 NA
16687 36068 NA
16688 36068 NA
16689 36068 NA
16690 36068 NA
16691 36068 NA
16692 36068 NA
16693 36068 NA
16694 36068 NA
16695 36068 NA
16696 36068 NA
16697 36068 NA
16698 36068 NA
16699 36327 NA
16700 36327 NA
16701 36327 NA
16702 36327 NA
16703 36327 NA
16704 36327 NA
16705 36327 NA
16706 36327 NA
16707 36327 NA
16708 36327 NA
16709 36327 NA
16710 36327 NA
16711 36327 NA
16712 36327 NA
16715 36327 NA
16717 36327 NA
16719 36327 NA
16720 36327 NA
16721 36012 NA
16722 36012 NA
16723 36012 NA
16724 36012 NA
16725 36012 NA
16726 36012 NA
16727 36012 NA
16728 36012 NA
16730 36012 NA
16731 36012 NA
16732 36012 NA
16733 36468 NA
16734 36468 NA
16735 36468 NA
16736 36468 NA
16737 36468 NA
16738 36468 NA
16739 36468 NA
16740 36468 NA
16741 36468 NA
16742 36468 NA
16743 36468 NA
16744 36468 NA
16745 36468 NA
16746 36468 NA
16747 36468 NA
16748 36468 NA
16749 36468 NA
16750 36468 NA
16751 36468 NA
16752 36468 NA
16753 36468 NA
16754 36562 NA
16755 36562 NA
16756 36562 NA
16757 36562 NA
16759 36562 NA
16760 36562 NA
16761 36562 NA
16762 36562 NA
16763 36562 NA
16764 36562 NA
16765 36562 NA
16766 36562 NA
16767 36562 NA
16768 36562 NA
16769 36562 NA
16770 36562 NA
16771 36562 NA
16772 36562 NA
16773 36562 NA
16774 36562 NA
16775 36562 NA
16776 36562 NA
16777 37007 NA
16778 37007 NA
16779 37007 NA
16780 37007 NA
16781 37007 NA
16782 37007 NA
16783 37007 NA
16784 37007 NA
16785 37007 NA
16786 37007 NA
16787 37007 NA
16788 37007 NA
16789 37007 NA
16790 37007 NA
16791 37007 NA
16792 37007 NA
16793 37007 NA
16794 37007 NA
16795 37007 NA
16796 37007 NA
16797 36853 NA
16798 36853 NA
16799 36853 NA
16800 36853 NA
16801 36853 NA
16802 36853 NA
16803 36853 NA
16804 36853 NA
16807 36853 NA
16808 36853 NA
16809 36853 NA
16810 36853 NA
16811 36853 NA
16812 36853 NA
16813 36853 NA
16814 37282 NA
16815 37282 NA
16816 37282 NA
16817 37282 NA
16818 37282 NA
16820 37282 NA
16821 37282 NA
16823 37282 NA
16824 37282 NA
16825 37282 NA
16826 37282 NA
16827 37282 NA
16828 37282 NA
16829 37282 NA
16830 37282 NA
16831 37282 NA
16832 36773 NA
16833 36773 NA
16834 36773 NA
16835 36773 NA
16836 36773 NA
16837 36773 NA
16838 36773 NA
16839 36773 NA
16840 36773 NA
16841 36773 NA
16842 36773 NA
16843 36773 NA
16844 36773 NA
16845 36773 NA
16847 36773 NA
16849 37010 NA
16850 37010 NA
16851 37010 NA
16852 37010 NA
16853 37010 NA
16854 37010 NA
16855 37010 NA
16856 37010 NA
16857 37010 NA
16858 37010 NA
16859 37010 NA
16860 37010 NA
16861 37010 NA
16862 37010 NA
16863 37010 NA
16864 37010 NA
16865 37010 NA
16866 37010 NA
16867 37010 NA
16869 36923 NA
16870 36923 NA
16871 36923 NA
16872 36923 NA
16873 36923 NA
16874 36923 NA
16875 36923 NA
16876 36923 NA
16878 36923 NA
16879 36923 NA
16880 36923 NA
16881 36923 NA
16884 36923 NA
16885 36923 NA
16886 36923 NA
16887 36923 NA
16888 36923 NA
16889 36923 NA
16890 36923 NA
16892 37223 NA
16893 37223 NA
16894 37223 NA
16895 37223 NA
16896 37223 NA
16897 37223 NA
16898 37223 NA
16899 37223 NA
16900 37223 NA
16901 37223 NA
16902 37223 NA
16903 37223 NA
16904 37223 NA
16905 37223 NA
16906 37223 NA
16907 37223 NA
16908 37223 NA
16909 37223 NA
16910 37223 NA
16911 37223 NA
16912 36884 NA
16913 36884 NA
16914 36884 NA
16915 36884 NA
16916 36884 NA
16917 36884 NA
16918 36884 NA
16919 36884 NA
16920 36884 NA
16921 36884 NA
16922 36884 NA
16923 36884 NA
16924 36884 NA
16925 36884 NA
16926 36884 NA
16927 36844 NA
16928 36844 NA
16929 36844 NA
16930 36844 NA
16931 36844 NA
16932 36844 NA
16933 36844 NA
16934 36844 NA
16935 36844 NA
16937 36844 NA
16938 36844 NA
16939 36844 NA
16940 37156 NA
16941 37156 NA
16942 37156 NA
16943 37156 NA
16944 37156 NA
16945 37156 NA
16946 37156 NA
16949 37156 NA
16950 37156 NA
16951 37156 NA
16952 37156 NA
16953 37156 NA
16954 37156 NA
16955 37156 NA
16956 37028 NA
16957 37028 NA
16958 37028 NA
16959 37028 NA
16960 37028 NA
16967 37028 NA
16968 37028 NA
16969 37028 NA
16970 37028 NA
16971 37028 NA
16972 37028 NA
16974 36784 NA
16975 36784 NA
16976 36784 NA
16977 36784 NA
16978 36784 NA
16979 36784 NA
16980 36784 NA
16981 36784 NA
16982 36784 NA
16984 36784 NA
16985 36784 NA
16986 36784 NA
16987 36784 NA
16988 36784 NA
16989 36784 NA
16990 36784 NA
16991 36784 NA
16992 36784 NA
16993 36447 NA
16994 36447 NA
16999 36447 NA
17001 36447 NA
17006 36447 NA
17007 36447 NA
17014 36447 NA
17015 36447 NA
17016 35846 NA
17017 35846 NA
17018 35846 NA
17019 35846 NA
17020 35846 NA
17021 35846 NA
17022 35846 NA
17023 35846 NA
17024 35846 NA
17025 35846 NA
17026 35846 NA
17027 35846 NA
17028 35846 NA
17029 35846 NA
17031 35846 NA
17032 35846 NA
17033 35846 NA
17034 35846 NA
17035 35846 NA
17036 35846 NA
17037 35846 NA
17038 35846 NA
17039 35385 NA
17040 35385 NA
17042 35385 NA
17044 35385 NA
17045 35385 NA
17046 35385 NA
17047 35385 NA
17048 35385 NA
17049 35385 NA
17050 35385 NA
17051 35385 NA
17052 35385 NA
17053 35385 NA
17054 35385 NA
17055 35385 NA
17056 35385 NA
17057 35827 NA
17058 35827 NA
17059 35827 NA
17060 35827 NA
17061 35827 NA
17062 35827 NA
17063 35827 NA
17064 35827 NA
17069 35827 NA
17070 35827 NA
17071 35827 NA
17072 35827 NA
17073 35827 NA
17075 35827 NA
17076 35827 NA
17077 35827 NA
17078 35679 NA
17079 35679 NA
17080 35679 NA
17081 35679 NA
17083 34378 NA
17084 34378 NA
17085 34378 NA
17086 34378 NA
17087 34378 NA
17088 34378 NA
17089 34378 NA
17091 34378 NA
17092 34378 NA
17093 34378 NA
17094 34378 NA
17095 34378 NA
17096 34378 NA
17097 34378 NA
17098 34378 NA
17099 34950 NA
17100 34950 NA
17101 34950 NA
17102 34950 NA
17103 34950 NA
17104 34950 NA
17105 34950 NA
17106 34950 NA
17107 34950 NA
17108 34950 NA
17109 34950 NA
17110 34950 NA
17111 34950 NA
17112 34950 NA
17113 34950 NA
17114 34950 NA
17115 34950 NA
17117 34950 NA
17118 34950 NA
17123 35234 NA
17124 35234 NA
17125 35234 NA
17126 35234 NA
17127 35234 NA
17129 35234 NA
17130 35234 NA
17131 35234 NA
17132 35234 NA
17133 35234 NA
17134 35234 NA
17135 35234 NA
17136 35234 NA
17138 35234 NA
17139 35234 NA
17140 35234 NA
17141 35234 NA
17142 35234 NA
17143 35234 NA
17144 35234 NA
17145 35234 NA
17146 35425 NA
17147 35425 NA
