"Index" "Price" "Volume"
14019 192 NA
14020 192 NA
14021 193 NA
14022 193 NA
14023 194 NA
14024 194 NA
14025 190 NA
14026 190 NA
14027 186 NA
14028 186 NA
14029 181 NA
14030 181 NA
14031 180 NA
14032 180 NA
14033 179 NA
14034 181 NA
14035 179 NA
14036 183 NA
14037 187 NA
14038 187 NA
14039 181 NA
14040 181 NA
14041 179 NA
14042 181 NA
14043 176 NA
14044 175 NA
14045 169 NA
14046 169 NA
14047 169 NA
14048 169 NA
14049 172 NA
14050 172 NA
14051 172 NA
14052 173 NA
14053 175 NA
14054 175 NA
14055 176 NA
14056 175 NA
14057 175 NA
14058 173 NA
14059 174 NA
14060 174 NA
14061 174 NA
14062 174 NA
14063 174 NA
14064 174 NA
14065 171 NA
14066 175 NA
14067 171 NA
14068 170 NA
14069 166 NA
14070 166 NA
14071 163 NA
14072 166 NA
14073 166 NA
14074 165 NA
14075 165 NA
14076 162 NA
14077 163 NA
14078 164 NA
14079 164 NA
14080 167 NA
14081 168 NA
14082 165 NA
14083 164 NA
14084 165 NA
14085 167 NA
14086 167 NA
14087 168 NA
14088 165 NA
14089 161 NA
14090 163 NA
14091 165 NA
14092 165 NA
14093 166 NA
14094 163 NA
14095 161 NA
14096 162 NA
14097 162 NA
14098 162 NA
14099 164 NA
14100 166 NA
14101 166 NA
14102 166 NA
14103 164 NA
14104 168 NA
14105 167 NA
14106 170 NA
14107 168 NA
14108 165 NA
14109 162 NA
14110 160 NA
14111 159 NA
14112 159 NA
14113 160 NA
14114 161 NA
14115 161 NA
14116 161 NA
14117 162 NA
14118 160 NA
14119 157 NA
14120 160 NA
14121 159 NA
14122 161 NA
14123 161 NA
14124 164 NA
14125 161 NA
14126 160 NA
14127 163 NA
14128 163 NA
14129 162 NA
14130 160 NA
14131 160 NA
14132 159 NA
14133 160 NA
14134 160 NA
14135 159 NA
14136 160 NA
14137 160 NA
14138 160 NA
14139 159 NA
14140 161 NA
14141 161 NA
14142 161 NA
14143 161 NA
14144 161 NA
14145 159 NA
14146 161 NA
14147 161 NA
14148 161 NA
14149 160 NA
14150 160 NA
14151 159 NA
14152 158 NA
14153 160 NA
14154 159 NA
14155 158 NA
14156 166 NA
14157 166 NA
14158 165 NA
14159 161 NA
14160 163 NA
14161 163 NA
14162 160 NA
14163 160 NA
14164 160 NA
14165 160 NA
14166 159 NA
14167 159 NA
14168 163 NA
14169 169 NA
14170 172 NA
14171 179 NA
14172 179 NA
14173 176 NA
14174 173 NA
14175 172 NA
14176 172 NA
14177 176 NA
14178 176 NA
14179 180 NA
14180 180 NA
14181 183 NA
14182 187 NA
14183 187 NA
14184 190 NA
14185 187 NA
14186 188 NA
14187 192 NA
14188 192 NA
14189 192 NA
14190 197 NA
14191 198 NA
14192 198 NA
14193 192 NA
14194 188 NA
14195 184 NA
14196 176 NA
14197 174 NA
14198 172 NA
14199 171 NA
14200 172 NA
14201 170 NA
14202 170 NA
14203 176 NA
14204 177 NA
14205 177 NA
14206 175 NA
14207 173 NA
14208 176 NA
14209 176 NA
14210 176 NA
14211 180 NA
14212 180 NA
14213 180 NA
14214 180 NA
14215 182 NA
14216 184 NA
14217 188 NA
14218 185 NA
14219 185 NA
14220 186 NA
14221 195 NA
14222 195 NA
14223 200 NA
14224 195 NA
14225 195 NA
14226 191 NA
14227 197 NA
14228 200 NA
14229 197 NA
14230 194 NA
14231 190 NA
14232 190 NA
14233 190 NA
14234 187 NA
14235 190 NA
14236 189 NA
14237 186 NA
14238 186 NA
14239 192 NA
14240 192 NA
14241 183 NA
14242 185 NA
14243 184 NA
14244 179 NA
14245 179 NA
14246 178 NA
14247 181 NA
14248 182 NA
14249 178 NA
14250 177 NA
14251 175 NA
14252 168 NA
14253 171 NA
14254 170 NA
14255 170 NA
14256 170 NA
14257 170 NA
14258 170 NA
14259 171 NA
14260 170 NA
14261 168 NA
14262 169 NA
14263 169 NA
14264 166 NA
14265 169 NA
14266 169 NA
14267 165 NA
14268 165 NA
14269 169 NA
14270 169 NA
14271 171 NA
14272 178 NA
14273 178 NA
14274 184 NA
14275 186 NA
14276 187 NA
14277 187 NA
14278 188 NA
14279 191 NA
14280 192 NA
14281 192 NA
14282 192 NA
14283 192 NA
14284 194 NA
14285 198 NA
14286 198 NA
14287 207 NA
14288 217 NA
14289 225 NA
14290 235 NA
14291 244 NA
14292 266 NA
14293 266 NA
14294 288 NA
14295 288 NA
14296 312 NA
14297 312 NA
14298 317 NA
14299 325 NA
14300 338 NA
14301 347 NA
14302 362 NA
14303 373 NA
14304 381 NA
14305 399 NA
14306 410 NA
14307 423 NA
14308 423 NA
14309 441 NA
14310 453 NA
14311 443 NA
14312 399 NA
14313 379 NA
14314 379 NA
14315 360 NA
14316 324 NA
14317 324 NA
14318 307 NA
14319 291 NA
14320 276 NA
14321 262 NA
14322 248 NA
14323 223 NA
14324 222 NA
14325 230 NA
14326 239 NA
14327 248 NA
14328 261 NA
14329 270 NA
14330 250 NA
14331 250 NA
14332 237 NA
14333 225 NA
14334 213 NA
14335 202 NA
14336 182 NA
14337 182 NA
14338 173 NA
14339 157 NA
14340 157 NA
14341 158 NA
14342 161 NA
14343 167 NA
14344 172 NA
14345 173 NA
14346 174 NA
14347 171 NA
14348 171 NA
14349 162 NA
14350 158 NA
14351 158 NA
14352 158 NA
14353 157 NA
14354 157 NA
14355 157 NA
14356 158 NA
14357 159 NA
14358 163 NA
14359 161 NA
14360 159 NA
14361 157 NA
14362 157 NA
14363 157 NA
14364 157 NA
14365 157 NA
14366 158 NA
14367 157 NA
14368 157 NA
14369 157 NA
14370 157 NA
14371 157 NA
14372 157 NA
14373 157 NA
14374 157 NA
14375 157 NA
14376 157 NA
14377 157 NA
14378 158 NA
14379 157 NA
14380 157 NA
14381 157 NA
14382 157 NA
14383 157 NA
14384 157 NA
14385 157 NA
14386 157 NA
14387 157 NA
14388 157 NA
14389 157 NA
14390 157 NA
14391 157 NA
14392 157 NA
14393 157 NA
14394 157 NA
14395 157 NA
14396 157 NA
14397 157 NA
14398 157 NA
14399 157 NA
14400 157 NA
14401 157 NA
14402 157 NA
14403 157 NA
14404 157 NA
14405 157 NA
14406 157 NA
14407 158 NA
14408 158 NA
14409 161 NA
14410 164 NA
14411 164 NA
14412 165 NA
14413 167 NA
14414 167 NA
14415 170 NA
14416 174 NA
14417 179 NA
14418 181 NA
14419 185 NA
14420 188 NA
14421 188 NA
14422 193 NA
14423 188 NA
14424 188 NA
14425 178 NA
14426 178 NA
14427 181 NA
14428 184 NA
14429 194 NA
14430 194 NA
14431 196 NA
14432 200 NA
14433 206 NA
14434 206 NA
14435 212 NA
14436 219 NA
14437 219 NA
14438 223 NA
14439 228 NA
14440 226 NA
14441 228 NA
14442 228 NA
14443 228 NA
14444 227 NA
14445 227 NA
14446 225 NA
14447 222 NA
14448 222 NA
14449 223 NA
14450 223 NA
14451 223 NA
14452 231 NA
14453 231 NA
14454 237 NA
14455 237 NA
14456 220 NA
14457 212 NA
14458 203 NA
14459 190 NA
14460 190 NA
14461 196 NA
14462 201 NA
14463 201 NA
14464 195 NA
14465 187 NA
14466 184 NA
14467 189 NA
14468 189 NA
14469 185 NA
14470 179 NA
14471 176 NA
14472 188 NA
14473 188 NA
14474 202 NA
14475 205 NA
14476 205 NA
14477 195 NA
14478 195 NA
14479 191 NA
14480 187 NA
14481 183 NA
14482 183 NA
14483 201 NA
14484 201 NA
14485 208 NA
14486 211 NA
14487 215 NA
14488 212 NA
14489 205 NA
14490 208 NA
14491 208 NA
14492 211 NA
14493 217 NA
14494 220 NA
14495 220 NA
14496 211 NA
14497 200 NA
14498 191 NA
14499 191 NA
14500 199 NA
14501 204 NA
14502 210 NA
14503 214 NA
14504 223 NA
14505 223 NA
14506 229 NA
14507 233 NA
14508 231 NA
14509 221 NA
14510 216 NA
14511 218 NA
14512 201 NA
14513 201 NA
14514 190 NA
14515 182 NA
14516 182 NA
14517 183 NA
14518 183 NA
14519 184 NA
14520 184 NA
14521 178 NA
14522 174 NA
14523 174 NA
14524 172 NA
14525 173 NA
14526 175 NA
14527 178 NA
14528 177 NA
14529 177 NA
14530 165 NA
14531 165 NA
14532 167 NA
14533 168 NA
14534 168 NA
14535 165 NA
14536 160 NA
14537 166 NA
14538 172 NA
14539 172 NA
14540 171 NA
14541 168 NA
14542 177 NA
14543 180 NA
14544 180 NA
14545 185 NA
14546 185 NA
14547 182 NA
14548 166 NA
14549 166 NA
14550 175 NA
14551 169 NA
14552 170 NA
14553 171 NA
14554 171 NA
14555 167 NA
14556 167 NA
14557 167 NA
14558 172 NA
14559 168 NA
14560 168 NA
14561 165 NA
14562 165 NA
14563 161 NA
14564 164 NA
14565 167 NA
14566 168 NA
14567 168 NA
14568 174 NA
14569 169 NA
14570 161 NA
14571 161 NA
14572 162 NA
14573 162 NA
14574 165 NA
14575 169 NA
14576 168 NA
14577 166 NA
14578 164 NA
14579 164 NA
14580 162 NA
14581 165 NA
14582 168 NA
14583 168 NA
14584 172 NA
14585 172 NA
14586 172 NA
14587 172 NA
14588 174 NA
14589 174 NA
14590 175 NA
14591 179 NA
14592 188 NA
14593 198 NA
14594 205 NA
14595 227 NA
14596 227 NA
14597 239 NA
14598 251 NA
14599 278 NA
14600 278 NA
14601 276 NA
14602 263 NA
14603 249 NA
14604 224 NA
14605 213 NA
14606 213 NA
14607 200 NA
14608 200 NA
14609 193 NA
14610 198 NA
14611 208 NA
14612 219 NA
14613 219 NA
14614 219 NA
14615 219 NA
14616 214 NA
14617 217 NA
14618 221 NA
14619 213 NA
14620 213 NA
14621 209 NA
14622 209 NA
14623 220 NA
14624 220 NA
14625 237 NA
14626 236 NA
14627 236 NA
14628 236 NA
14629 236 NA
14630 241 NA
14631 255 NA
14632 255 NA
14633 262 NA
14634 262 NA
14635 274 NA
14636 266 NA
14637 268 NA
14638 274 NA
14639 280 NA
14640 276 NA
14641 262 NA
14642 262 NA
14643 240 NA
14644 240 NA
14645 235 NA
14646 234 NA
14647 235 NA
14648 232 NA
14649 232 NA
14650 235 NA
14651 240 NA
14652 251 NA
14653 251 NA
14654 247 NA
14655 247 NA
14656 247 NA
14657 241 NA
14658 252 NA
14659 262 NA
14660 262 NA
14661 264 NA
14662 256 NA
14663 256 NA
14664 243 NA
14665 234 NA
14666 232 NA
14667 232 NA
14668 230 NA
14669 230 NA
14670 231 NA
14671 232 NA
14672 230 NA
14673 230 NA
14674 230 NA
14675 241 NA
14676 240 NA
14677 236 NA
14678 235 NA
14679 232 NA
14680 226 NA
14681 245 NA
14682 242 NA
14683 239 NA
14684 239 NA
14685 237 NA
14686 233 NA
14687 222 NA
14688 216 NA
14689 220 NA
14690 220 NA
14691 211 NA
14692 211 NA
14693 201 NA
14694 195 NA
14695 195 NA
14696 198 NA
14697 203 NA
14698 204 NA
14699 202 NA
14700 193 NA
14701 186 NA
14702 192 NA
14703 197 NA
14704 201 NA
14705 208 NA
14706 208 NA
14707 216 NA
14708 226 NA
14709 226 NA
14710 217 NA
14711 206 NA
14712 201 NA
14713 201 NA
14714 201 NA
14715 206 NA
14716 206 NA
14717 204 NA
14718 203 NA
14719 203 NA
14720 209 NA
14721 209 NA
14722 230 NA
14723 230 NA
14724 242 NA
14725 253 NA
14726 265 NA
14727 290 NA
14728 290 NA
14729 305 NA
14730 321 NA
14731 338 NA
14732 372 NA
14733 372 NA
14734 410 NA
14735 410 NA
14736 453 NA
14737 453 NA
14738 500 NA
14739 500 NA
14740 525 NA
14741 552 NA
14742 577 NA
14743 602 NA
14744 630 NA
14745 656 NA
14746 689 NA
14747 694 NA
14748 632 NA
14749 632 NA
14750 600 NA
14751 570 NA
14752 541 NA
14753 513 NA
14754 487 NA
14755 438 NA
14756 438 NA
14757 416 NA
14758 375 NA
14759 356 NA
14760 338 NA
14761 321 NA
14762 304 NA
14763 304 NA
14764 288 NA
14765 273 NA
14766 259 NA
14767 246 NA
14768 233 NA
14769 221 NA
14770 209 NA
14771 188 NA
14772 188 NA
14773 179 NA
14774 180 NA
14775 195 NA
14776 199 NA
14777 199 NA
14778 190 NA
14779 190 NA
14780 186 NA
14781 190 NA
14782 193 NA
14783 193 NA
14784 204 NA
14785 204 NA
14786 196 NA
14787 190 NA
14788 188 NA
14789 196 NA
14790 190 NA
14791 190 NA
14792 182 NA
14793 187 NA
14794 190 NA
14795 194 NA
14796 194 NA
14797 193 NA
14798 186 NA
14799 186 NA
14800 186 NA
14801 190 NA
14802 196 NA
14803 204 NA
14804 204 NA
14805 219 NA
14806 219 NA
14807 229 NA
14808 241 NA
14809 254 NA
14810 276 NA
14811 276 NA
14812 249 NA
14813 236 NA
14814 236 NA
14815 224 NA
14816 213 NA
14817 211 NA
14818 216 NA
14819 237 NA
14820 237 NA
14821 249 NA
14822 262 NA
14823 287 NA
14824 287 NA
14825 302 NA
14826 318 NA
14827 334 NA
14828 351 NA
14829 368 NA
14830 387 NA
14831 407 NA
14832 443 NA
14833 443 NA
14834 466 NA
14835 490 NA
14836 515 NA
14837 569 NA
14838 598 NA
14839 598 NA
14840 660 NA
14841 660 NA
14842 646 NA
14843 613 NA
14844 585 NA
14845 556 NA
14846 529 NA
14847 478 NA
14848 454 NA
14849 454 NA
14850 431 NA
14851 388 NA
14852 368 NA
14853 368 NA
14854 349 NA
14855 331 NA
14856 314 NA
14857 283 NA
14858 283 NA
14859 254 NA
14860 254 NA
14861 241 NA
14862 229 NA
14863 219 NA
14864 215 NA
14865 213 NA
14866 231 NA
14867 231 NA
14868 242 NA
14869 252 NA
14870 236 NA
14871 236 NA
14872 241 NA
14873 241 NA
14874 256 NA
14875 256 NA
14876 264 NA
14877 276 NA
14878 284 NA
14879 307 NA
14880 314 NA
14881 314 NA
14882 288 NA
14883 288 NA
14884 273 NA
14885 259 NA
14886 246 NA
14887 233 NA
14888 222 NA
14889 234 NA
14890 255 NA
14891 255 NA
14892 267 NA
14893 295 NA
14894 295 NA
14895 310 NA
14896 326 NA
14897 360 NA
14898 360 NA
14899 375 NA
14900 394 NA
14901 415 NA
14902 415 NA
14903 391 NA
14904 391 NA
14905 371 NA
14906 334 NA
14907 317 NA
14908 317 NA
14909 301 NA
14910 285 NA
14911 257 NA
14912 245 NA
14913 233 NA
14914 222 NA
14915 222 NA
14916 225 NA
14917 236 NA
14918 248 NA
14920 274 NA
14921 284 NA
14922 290 NA
14923 290 NA
14924 301 NA
14925 311 NA
14926 327 NA
14927 325 NA
14928 343 NA
14929 343 NA
14930 336 NA
14931 336 NA
14932 319 NA
14933 312 NA
14934 308 NA
14935 308 NA
14936 293 NA
14937 291 NA
14938 299 NA
14939 314 NA
14940 329 NA
14941 356 NA
14942 356 NA
14943 372 NA
14944 406 NA
14945 412 NA
14946 412 NA
14947 433 NA
14948 455 NA
14949 502 NA
14950 502 NA
14951 555 NA
14952 583 NA
14953 583 NA
14954 613 NA
14955 644 NA
14956 677 NA
14957 711 NA
14958 747 NA
14959 782 NA
14960 864 NA
14961 864 NA
14962 954 NA
14963 954 NA
14964 1002 NA
14965 1103 NA
14966 1139 NA
14967 1179 NA
14968 1179 NA
14969 1196 NA
14970 1116 NA
14971 1060 NA
14972 1057 NA
14973 1007 NA
14974 1005 NA
14975 1005 NA
14976 999 NA
14977 956 NA
14979 904 NA
14981 817 NA
14983 778 NA
14984 739 NA
14985 736 NA
14986 698 NA
14987 666 NA
14988 632 NA
14990 600 NA
14991 570 NA
14992 566 NA
14993 537 NA
14995 510 NA
14996 459 NA
14998 456 NA
15000 411 NA
15001 390 NA
15003 351 NA
15005 333 NA
15007 285 NA
15009 270 NA
15011 243 NA
15012 230 NA
15013 207 NA
15014 207 NA
15016 176 NA
15018 167 NA
15019 158 NA
15020 141 NA
15023 107 NA
15025 103 NA
15026 99 NA
15029 101 NA
15030 108 NA
15031 109 NA
15032 111 NA
15033 110 NA
15035 113 NA
15036 105 NA
15037 105 NA
15038 106 NA
15039 109 NA
15042 113 NA
15044 111 NA
15046 114 NA
15047 113 NA
15048 113 NA
15050 112 NA
15052 109 NA
15055 111 NA
15058 110 NA
15060 111 NA
15061 109 NA
15063 110 NA
15064 110 NA
15066 108 NA
15067 107 NA
15068 105 NA
15070 102 NA
15072 104 NA
15073 102 NA
15076 99 NA
15078 101 NA
15080 101 NA
15081 102 NA
15085 104 NA
15086 101 NA
15087 100 NA
15088 99 NA
15089 98 NA
15090 98 NA
15093 102 NA
15094 107 NA
15095 109 NA
15096 111 NA
15097 105 NA
15098 101 NA
15100 97 NA
15101 96 NA
15102 97 NA
15103 98 NA
15104 99 NA
15106 100 NA
15107 103 NA
15109 105 NA
15110 104 NA
15112 103 NA
15115 104 NA
15116 105 NA
15119 109 NA
15120 110 NA
15121 111 NA
15123 108 NA
15124 105 NA
15125 102 NA
15126 97 NA
15128 91 NA
15131 89 NA
15132 87 NA
15133 85 NA
15135 89 NA
15136 91 NA
15137 92 NA
15138 93 NA
15140 92 NA
15142 93 NA
15143 92 NA
15144 89 NA
15145 87 NA
15147 86 NA
15149 89 NA
15150 90 NA
15151 92 NA
15152 93 NA
15154 94 NA
15156 96 NA
15157 96 NA
15158 93 NA
15159 96 NA
15161 102 NA
15163 99 NA
15164 100 NA
15165 101 NA
15166 106 NA
15168 109 NA
15170 112 NA
15172 113 NA
15173 112 NA
15175 108 NA
15177 110 NA
15178 112 NA
15179 111 NA
15182 108 NA
15184 107 NA
15185 104 NA
15186 107 NA
15187 108 NA
15189 102 NA
15191 103 NA
15193 102 NA
15194 105 NA
15196 109 NA
15197 109 NA
15199 108 NA
15204 100 NA
15207 104 NA
15209 102 NA
15210 105 NA
15214 100 NA
15215 103 NA
15217 106 NA
15219 108 NA
15220 109 NA
15221 109 NA
15222 108 NA
15224 105 NA
15226 109 NA
15227 109 NA
15228 110 NA
15229 111 NA
15231 108 NA
15232 105 NA
15233 103 NA
15235 105 NA
15238 97 NA
15240 101 NA
15242 104 NA
15243 103 NA
15244 102 NA
15247 101 NA
15248 99 NA
15249 99 NA
15250 100 NA
15254 105 NA
15256 107 NA
15257 109 NA
15258 109 NA
15259 110 NA
15261 112 NA
15263 108 NA
15264 108 NA
15266 107 NA
15268 108 NA
15271 107 NA
15273 100 NA
15275 94 NA
15277 96 NA
15280 97 NA
15281 98 NA
15282 99 NA
15283 101 NA
15284 100 NA
15285 99 NA
15287 101 NA
15289 103 NA
15291 101 NA
15294 99 NA
15296 95 NA
15297 95 NA
15299 93 NA
15302 96 NA
15303 95 NA
15304 93 NA
15306 92 NA
15307 92 NA
15308 96 NA
15310 97 NA
15311 96 NA
15313 95 NA
15314 97 NA
15315 97 NA
15316 96 NA
15318 96 NA
15319 97 NA
15321 97 NA
15322 99 NA
15323 101 NA
15324 102 NA
15325 104 NA
15326 106 NA
15327 108 NA
15328 107 NA
15329 106 NA
15330 103 NA
15331 101 NA
15332 104 NA
15333 108 NA
15334 108 NA
15335 110 NA
15336 113 NA
15337 113 NA
15338 118 NA
15339 121 NA
15340 122 NA
15341 126 NA
15342 125 NA
15343 122 NA
15344 121 NA
15345 120 NA
15346 120 NA
15347 119 NA
15348 117 NA
15349 114 NA
15350 114 NA
15351 116 NA
15352 118 NA
15353 120 NA
15354 119 NA
15355 120 NA
15356 123 NA
15357 126 NA
15358 127 NA
15359 130 NA
15360 133 NA
15361 134 NA
15362 135 NA
15363 140 NA
15364 141 NA
15365 143 NA
15366 146 NA
15367 146 NA
15368 145 NA
15369 147 NA
15370 146 NA
15371 143 NA
15372 140 NA
15373 138 NA
15374 137 NA
15375 134 NA
15376 134 NA
15377 130 NA
15378 126 NA
15379 126 NA
15380 122 NA
15381 119 NA
15382 120 NA
15383 121 NA
15384 122 NA
15385 122 NA
15386 118 NA
15387 116 NA
15388 115 NA
15389 124 NA
15390 121 NA
15391 122 NA
15392 122 NA
15393 121 NA
15394 117 NA
15395 117 NA
15396 115 NA
15397 116 NA
15398 116 NA
15399 114 NA
15400 114 NA
15401 114 NA
15402 116 NA
15403 117 NA
15404 118 NA
15405 118 NA
15406 115 NA
15407 115 NA
15408 118 NA
15409 120 NA
15410 120 NA
15411 122 NA
15412 124 NA
15413 126 NA
15414 125 NA
15415 129 NA
15416 129 NA
15417 133 NA
15418 131 NA
15419 130 NA
15420 132 NA
15421 130 NA
15422 128 NA
15423 127 NA
15424 125 NA
15425 124 NA
15426 122 NA
15427 118 NA
15428 116 NA
15429 117 NA
15430 115 NA
15431 113 NA
15432 112 NA
15433 110 NA
15434 110 NA
15435 111 NA
15436 111 NA
15437 111 NA
15438 112 NA
15439 111 NA
15440 112 NA
15441 114 NA
15442 114 NA
15443 109 NA
15444 107 NA
15445 107 NA
15446 106 NA
15447 105 NA
15448 105 NA
15449 105 NA
15450 101 NA
15451 102 NA
15452 103 NA
15453 104 NA
15454 100 NA
15455 102 NA
15456 104 NA
15457 104 NA
15458 103 NA
15459 104 NA
15460 102 NA
15461 106 NA
15462 104 NA
15463 108 NA
15464 107 NA
15465 104 NA
15466 104 NA
15467 105 NA
15468 106 NA
15469 108 NA
15470 108 NA
15471 110 NA
15472 111 NA
15473 111 NA
15474 108 NA
15475 108 NA
15476 112 NA
15477 114 NA
15478 113 NA
15479 111 NA
15480 111 NA
15481 112 NA
15482 110 NA
15483 107 NA
15484 107 NA
15485 109 NA
15486 111 NA
15487 113 NA
15488 113 NA
15489 112 NA
15490 111 NA
15491 110 NA
15492 109 NA
15493 111 NA
15494 108 NA
15495 107 NA
15496 108 NA
15497 109 NA
15498 106 NA
15499 106 NA
15500 107 NA
15501 109 NA
15502 111 NA
15503 108 NA
15504 107 NA
15505 106 NA
15506 108 NA
15507 108 NA
15508 110 NA
15509 110 NA
15510 113 NA
15511 114 NA
15512 117 NA
15513 116 NA
15514 115 NA
15515 117 NA
15516 119 NA
15517 119 NA
15518 119 NA
15519 120 NA
15520 121 NA
15521 122 NA
15522 121 NA
15523 122 NA
15524 118 NA
15525 117 NA
15526 117 NA
15527 115 NA
15528 114 NA
15529 113 NA
15530 111 NA
15531 112 NA
15532 111 NA
15533 113 NA
15534 112 NA
15535 111 NA
15536 111 NA
15537 108 NA
15538 109 NA
15539 112 NA
15540 112 NA
15541 112 NA
15542 113 NA
15543 113 NA
15544 113 NA
15545 113 NA
15546 112 NA
15547 112 NA
15548 113 NA
15549 113 NA
15550 112 NA
15551 113 NA
15552 113 NA
15553 110 NA
15554 111 NA
15555 113 NA
15556 113 NA
15557 113 NA
15558 112 NA
15559 111 NA
15560 112 NA
15561 115 NA
15562 114 NA
15563 114 NA
15564 114 NA
15565 114 NA
15566 112 NA
15567 112 NA
15568 109 NA
15569 110 NA
15570 110 NA
15571 111 NA
15572 106 NA
15573 105 NA
15574 107 NA
15575 107 NA
15576 106 NA
15577 106 NA
15578 106 NA
15579 106 NA
15580 107 NA
15581 109 NA
15582 111 NA
15583 108 NA
15584 108 NA
15585 107 NA
15586 110 NA
15587 107 NA
15588 103 NA
15589 102 NA
15590 103 NA
15591 104 NA
15592 105 NA
15593 106 NA
15594 108 NA
15595 105 NA
15596 106 NA
15597 107 NA
15598 106 NA
15599 106 NA
15600 105 NA
15601 104 NA
15602 103 NA
15603 104 NA
15604 103 NA
15605 101 NA
15606 101 NA
15607 103 NA
15608 103 NA
15609 106 NA
15610 102 NA
15611 102 NA
15612 105 NA
15613 107 NA
15614 105 NA
15615 105 NA
15616 107 NA
15617 108 NA
15618 107 NA
15619 107 NA
15620 107 NA
15621 106 NA
15622 107 NA
15623 105 NA
15624 107 NA
15625 107 NA
15626 108 NA
15627 109 NA
15628 110 NA
15629 109 NA
15630 109 NA
15631 110 NA
15632 111 NA
15633 112 NA
15634 111 NA
15635 112 NA
15636 114 NA
15637 114 NA
15638 114 NA
15639 114 NA
15640 115 NA
15641 118 NA
15642 118 NA
15643 113 NA
15644 107 NA
15645 107 NA
15646 107 NA
15647 107 NA
15648 106 NA
15649 107 NA
15650 107 NA
15651 106 NA
15652 106 NA
15653 105 NA
15654 105 NA
15655 104 NA
15656 104 NA
15657 103 NA
15658 101 NA
15659 102 NA
15660 102 NA
15661 103 NA
15662 103 NA
15663 104 NA
15664 106 NA
15665 110 NA
15666 113 NA
15667 112 NA
15668 113 NA
15669 113 NA
15670 112 NA
15671 111 NA
15672 109 NA
15673 105 NA
15674 103 NA
15675 102 NA
15676 99 NA
15677 100 NA
15678 102 NA
15679 104 NA
15680 104 NA
15681 104 NA
15682 103 NA
15683 104 NA
15684 104 NA
15685 103 NA
15686 101 NA
15687 102 NA
15688 102 NA
15689 103 NA
15690 103 NA
15691 102 NA
15692 96 NA
15693 94 NA
15694 90 NA
15695 88 NA
15696 87 NA
15697 86 NA
15698 84 NA
15699 83 NA
15700 86 NA
15701 84 NA
15702 84 NA
15703 85 NA
15704 85 NA
15705 87 NA
15706 83 NA
15707 85 NA
15708 84 NA
15709 87 NA
15710 86 NA
15711 89 NA
15712 89 NA
15713 90 NA
15714 89 NA
15715 89 NA
15716 86 NA
15717 88 NA
15718 89 NA
15719 90 NA
15720 92 NA
15721 93 NA
15722 95 NA
15723 95 NA
15724 94 NA
15725 95 NA
15726 96 NA
15727 97 NA
15728 97 NA
15729 94 NA
15730 97 NA
15731 99 NA
15732 98 NA
15733 99 NA
15734 98 NA
15735 97 NA
15736 97 NA
15737 95 NA
15738 97 NA
15739 99 NA
15740 97 NA
15741 97 NA
15742 98 NA
15743 98 NA
15744 98 NA
15745 98 NA
15746 95 NA
15747 97 NA
15748 93 NA
15749 94 NA
15750 92 NA
15751 91 NA
15752 92 NA
15753 94 NA
15754 94 NA
15755 94 NA
15756 95 NA
15757 96 NA
15758 95 NA
15759 94 NA
15760 96 NA
15761 97 NA
15762 95 NA
15763 94 NA
15764 93 NA
15765 94 NA
15766 94 NA
15767 94 NA
15768 94 NA
15769 96 NA
15770 98 NA
15771 97 NA
15772 96 NA
15773 94 NA
15774 97 NA
15775 99 NA
15776 98 NA
15777 98 NA
15778 100 NA
15779 99 NA
15780 96 NA
15781 94 NA
15782 95 NA
15783 96 NA
15784 97 NA
15785 99 NA
15786 99 NA
15787 100 NA
15788 99 NA
15789 99 NA
15790 97 NA
15791 98 NA
15792 97 NA
15793 97 NA
15794 96 NA
15795 97 NA
15796 97 NA
15797 97 NA
15798 98 NA
15799 98 NA
15800 99 NA
15801 100 NA
15802 101 NA
15803 101 NA
15804 102 NA
15805 101 NA
15806 98 NA
15807 100 NA
15808 100 NA
15809 99 NA
15810 100 NA
15811 101 NA
15812 102 NA
15813 102 NA
15814 101 NA
15815 99 NA
15816 98 NA
15817 100 NA
15818 100 NA
15819 101 NA
15820 101 NA
15821 101 NA
15822 100 NA
15823 99 NA
15824 99 NA
15825 99 NA
15826 99 NA
15827 100 NA
15828 100 NA
15829 99 NA
15830 99 NA
15831 98 NA
15832 99 NA
15833 101 NA
15834 101 NA
15835 100 NA
15836 97 NA
15837 95 NA
15838 96 NA
15839 96 NA
15840 99 NA
15841 100 NA
15842 99 NA
15843 99 NA
15844 101 NA
15845 101 NA
15846 99 NA
15847 99 NA
15848 98 NA
15849 98 NA
15850 97 NA
15851 99 NA
15852 100 NA
15853 99 NA
15854 98 NA
15855 99 NA
15856 99 NA
15857 99 NA
15858 98 NA
15859 99 NA
15860 99 NA
15861 101 NA
15862 101 NA
15863 102 NA
15864 100 NA
15865 98 NA
15866 99 NA
15867 97 NA
15868 98 NA
15869 100 NA
15870 99 NA
15871 97 NA
15872 97 NA
15873 98 NA
15874 99 NA
15875 99 NA
15876 100 NA
15877 100 NA
15878 101 NA
15879 100 NA
15880 99 NA
15881 99 NA
15882 96 NA
15883 96 NA
15884 97 NA
15885 98 NA
15886 98 NA
15887 98 NA
15888 98 NA
15889 97 NA
15890 98 NA
15891 98 NA
15892 96 NA
15893 93 NA
15894 96 NA
15895 96 NA
15896 98 NA
15897 98 NA
15898 99 NA
15899 99 NA
15900 98 NA
15901 98 NA
15902 99 NA
15903 99 NA
15904 98 NA
15905 98 NA
15906 97 NA
15907 97 NA
15908 96 NA
15909 96 NA
15910 94 NA
15911 98 NA
15912 97 NA
15913 97 NA
15914 97 NA
15915 98 NA
15916 98 NA
15917 97 NA
15918 98 NA
15919 98 NA
15920 98 NA
15921 97 NA
15922 99 NA
15923 98 NA
15924 99 NA
15925 98 NA
15926 96 NA
15927 92 NA
15928 96 NA
15929 98 NA
15930 98 NA
15931 98 NA
15932 99 NA
15933 99 NA
15934 99 NA
15935 99 NA
15936 99 NA
15937 98 NA
15938 98 NA
15939 100 NA
15940 100 NA
15941 99 NA
15942 101 NA
15943 101 NA
15944 100 NA
15945 100 NA
15946 100 NA
15947 102 NA
15948 102 NA
15949 101 NA
15950 101 NA
15951 101 NA
15952 101 NA
15953 101 NA
15954 102 NA
15955 102 NA
15956 102 NA
15957 102 NA
15958 101 NA
15959 101 NA
15960 101 NA
15961 101 NA
15962 100 NA
15963 102 NA
15964 100 NA
15965 100 NA
15966 101 NA
15967 100 NA
15968 103 NA
15969 102 NA
15970 100 NA
15971 100 NA
15972 99 NA
15973 100 NA
15974 100 NA
15975 102 NA
15976 102 NA
15977 103 NA
15978 101 NA
15979 103 NA
15980 103 NA
15981 103 NA
15982 102 NA
15983 100 NA
15984 100 NA
15985 97 NA
15986 97 NA
15987 97 NA
15988 97 NA
15989 98 NA
15990 98 NA
15991 98 NA
15992 98 NA
15993 98 NA
15994 99 NA
15995 99 NA
15996 100 NA
15997 99 NA
15998 98 NA
15999 99 NA
16000 99 NA
16001 96 NA
16002 93 NA
16003 96 NA
16004 96 NA
16005 93 NA
16006 92 NA
16007 93 NA
16008 95 NA
16009 95 NA
16010 95 NA
16011 98 NA
16012 97 NA
16013 98 NA
16014 98 NA
16015 98 NA
16016 98 NA
16017 98 NA
16018 98 NA
16019 99 NA
16020 99 NA
16021 98 NA
16022 98 NA
16023 98 NA
16024 99 NA
16025 99 NA
16026 97 NA
16027 97 NA
16028 99 NA
16029 98 NA
16030 97 NA
16031 99 NA
16032 98 NA
16033 100 NA
16034 99 NA
16035 99 NA
16036 99 NA
16037 99 NA
16038 100 NA
16039 100 NA
16040 100 NA
16041 100 NA
16042 100 NA
16043 99 NA
16044 99 NA
16045 98 NA
16046 96 NA
16047 95 NA
16048 94 NA
16049 98 NA
16050 100 NA
16051 101 NA
16052 99 NA
16053 99 NA
16054 98 NA
16055 98 NA
16056 100 NA
16057 100 NA
16058 99 NA
16059 99 NA
16060 100 NA
16061 98 NA
16062 94 NA
16063 95 NA
16064 95 NA
16065 97 NA
16066 97 NA
16067 98 NA
16068 99 NA
16069 97 NA
16070 96 NA
16071 97 NA
16072 96 NA
16073 97 NA
16074 96 NA
16075 93 NA
16076 94 NA
16077 91 NA
16078 88 NA
16079 90 NA
16080 94 NA
16081 97 NA
16082 97 NA
16083 98 NA
16084 97 NA
16085 99 NA
16086 96 NA
16087 95 NA
16088 95 NA
16089 95 NA
16090 95 NA
16091 96 NA
16092 94 NA
16093 90 NA
16094 90 NA
16095 93 NA
16096 95 NA
16097 96 NA
16098 97 NA
16099 96 NA
16100 96 NA
16101 96 NA
16102 96 NA
16103 96 NA
16104 96 NA
16105 95 NA
16106 97 NA
16107 97 NA
16108 99 NA
16109 98 NA
16110 98 NA
16111 97 NA
16112 98 NA
16113 97 NA
16114 96 NA
16115 96 NA
16116 96 NA
16117 97 NA
16118 98 NA
16119 98 NA
16120 96 NA
16121 93 NA
16122 94 NA
16123 97 NA
16124 96 NA
16125 96 NA
16126 96 NA
16127 97 NA
16128 96 NA
16129 97 NA
16130 96 NA
16131 94 NA
16132 92 NA
16133 89 NA
16134 92 NA
16135 94 NA
16136 93 NA
16137 91 NA
16138 90 NA
16139 91 NA
16140 91 NA
16141 93 NA
16142 92 NA
16143 93 NA
16144 95 NA
16145 95 NA
16146 93 NA
16147 94 NA
16148 93 NA
16149 96 NA
16150 97 NA
16151 95 NA
16152 95 NA
16153 94 NA
16154 93 NA
16155 92 NA
16156 88 NA
16157 86 NA
16158 88 NA
16159 91 NA
16160 93 NA
16161 95 NA
16162 95 NA
16163 94 NA
16164 95 NA
16165 96 NA
16166 96 NA
16167 96 NA
16168 96 NA
16169 97 NA
16170 96 NA
16171 96 NA
16172 94 NA
16173 94 NA
16174 92 NA
16175 91 NA
16176 89 NA
16177 86 NA
16178 85 NA
16179 84 NA
16180 83 NA
16181 79 NA
16182 77 NA
16183 76 NA
16184 78 NA
16185 78 NA
16186 79 NA
16187 80 NA
16188 79 NA
16189 80 NA
16190 81 NA
16191 85 NA
16192 88 NA
16193 89 NA
16194 89 NA
16195 87 NA
16196 85 NA
16197 81 NA
16198 81 NA
16199 81 NA
16200 84 NA
16201 85 NA
16202 87 NA
16203 88 NA
16204 89 NA
16205 89 NA
16206 89 NA
16207 88 NA
16208 88 NA
16209 89 NA
16210 90 NA
16211 92 NA
16212 90 NA
16213 90 NA
16214 92 NA
16215 92 NA
16216 90 NA
16217 91 NA
16218 94 NA
16219 95 NA
16220 96 NA
16221 96 NA
16222 94 NA
16223 92 NA
16224 92 NA
16225 93 NA
16226 93 NA
16227 92 NA
16228 90 NA
16229 92 NA
16230 90 NA
16231 89 NA
16232 93 NA
16233 93 NA
16234 92 NA
16235 92 NA
16236 93 NA
16237 93 NA
16238 94 NA
16239 94 NA
16240 94 NA
16241 94 NA
16242 94 NA
16243 95 NA
16244 94 NA
16245 95 NA
16246 95 NA
16247 95 NA
16248 95 NA
16249 95 NA
16250 95 NA
16251 92 NA
16252 91 NA
16253 93 NA
16254 90 NA
16255 92 NA
16256 94 NA
16257 94 NA
16258 94 NA
16259 95 NA
16260 96 NA
16261 97 NA
16262 96 NA
16263 95 NA
16264 96 NA
16265 96 NA
16266 96 NA
16267 96 NA
16268 95 NA
16269 95 NA
16270 94 NA
16271 94 NA
16272 92 NA
16273 92 NA
16274 91 NA
16275 91 NA
16276 91 NA
16277 91 NA
16278 90 NA
16279 86 NA
16280 82 NA
16281 79 NA
16282 80 NA
16283 81 NA
16284 83 NA
16285 85 NA
16286 86 NA
16287 86 NA
16288 85 NA
16289 84 NA
16290 87 NA
16291 86 NA
16292 86 NA
16293 86 NA
16294 85 NA
16295 85 NA
16296 85 NA
16297 85 NA
16298 85 NA
16299 86 NA
16300 86 NA
16301 85 NA
16302 86 NA
16303 88 NA
16304 89 NA
16305 89 NA
16306 88 NA
16307 90 NA
16308 91 NA
16309 89 NA
16310 91 NA
16311 88 NA
16312 89 NA
16313 88 NA
16314 89 NA
16315 89 NA
16316 86 NA
16317 89 NA
16318 91 NA
16319 90 NA
16320 89 NA
16321 91 NA
16322 92 NA
16323 92 NA
16324 91 NA
16325 92 NA
16326 92 NA
16327 93 NA
16328 92 NA
16329 91 NA
16330 91 NA
16331 93 NA
16332 92 NA
16333 94 NA
16334 94 NA
16335 94 NA
16336 96 NA
16337 96 NA
16338 96 NA
16339 95 NA
16340 90 NA
16341 85 NA
16342 81 NA
16343 80 NA
16344 79 NA
16345 83 NA
16346 87 NA
16347 88 NA
16348 89 NA
16349 91 NA
16350 93 NA
16351 95 NA
16352 95 NA
16353 95 NA
16354 96 NA
16355 96 NA
16356 96 NA
16357 96 NA
16358 96 NA
16359 96 NA
16360 96 NA
16361 97 NA
16362 96 NA
16363 96 NA
16364 97 NA
16365 97 NA
16366 97 NA
16367 98 NA
16368 98 NA
16369 97 NA
16370 95 NA
16371 97 NA
16372 96 NA
16373 97 NA
16374 97 NA
16375 98 NA
16376 97 NA
16377 95 NA
16378 95 NA
16379 95 NA
16380 95 NA
16381 95 NA
16382 96 NA
16383 96 NA
16384 97 NA
16385 98 NA
16386 99 NA
16387 100 NA
16388 99 NA
16389 97 NA
16390 98 NA
16391 96 NA
16392 96 NA
16393 97 NA
16394 98 NA
16395 100 NA
16396 100 NA
16397 98 NA
16398 99 NA
16399 100 NA
16400 99 NA
16401 99 NA
16402 97 NA
16403 99 NA
16404 98 NA
16405 97 NA
16406 99 NA
16407 100 NA
16408 100 NA
16409 100 NA
16410 100 NA
16411 100 NA
16412 99 NA
16413 101 NA
16414 101 NA
16415 100 NA
16416 99 NA
16417 101 NA
16418 100 NA
16419 99 NA
16420 100 NA
16421 99 NA
16422 99 NA
16423 99 NA
16424 100 NA
16425 98 NA
16426 97 NA
16427 94 NA
16428 94 NA
16429 95 NA
16430 94 NA
16431 91 NA
16432 87 NA
16433 82 NA
16434 80 NA
16435 81 NA
16436 84 NA
16437 86 NA
16438 86 NA
16439 84 NA
16440 87 NA
16441 89 NA
16442 88 NA
16443 90 NA
16444 90 NA
16445 91 NA
16446 91 NA
16447 92 NA
16448 93 NA
16449 94 NA
16450 93 NA
16451 91 NA
16452 91 NA
16453 93 NA
16454 94 NA
16455 95 NA
16456 97 NA
16457 98 NA
16458 98 NA
16459 99 NA
16460 100 NA
16461 100 NA
16462 100 NA
16463 98 NA
16464 99 NA
16465 100 NA
16466 100 NA
16467 100 NA
16468 99 NA
16469 98 NA
16470 99 NA
16471 100 NA
16472 100 NA
16473 100 NA
16474 99 NA
16475 100 NA
16476 101 NA
16477 101 NA
16478 101 NA
16479 100 NA
16480 99 NA
16481 98 NA
16482 99 NA
16483 98 NA
16484 98 NA
16485 97 NA
16486 95 NA
16487 97 NA
16488 99 NA
16489 98 NA
16490 98 NA
16491 100 NA
16492 99 NA
16493 98 NA
16494 100 NA
16495 98 NA
16496 98 NA
16497 98 NA
16498 99 NA
16499 99 NA
16500 99 NA
16501 98 NA
16502 100 NA
16503 99 NA
16504 100 NA
16505 98 NA
16506 99 NA
16507 98 NA
16508 97 NA
16509 95 NA
16510 93 NA
16511 92 NA
16512 94 NA
16513 95 NA
16514 95 NA
16515 94 NA
16516 95 NA
16517 93 NA
16518 95 NA
16519 95 NA
16520 96 NA
16521 96 NA
16522 96 NA
16523 97 NA
16524 96 NA
16525 98 NA
16526 97 NA
16527 97 NA
16528 97 NA
16529 97 NA
16530 94 NA
16531 96 NA
16532 97 NA
16533 99 NA
16534 99 NA
16535 99 NA
16536 99 NA
16537 98 NA
16538 98 NA
16539 98 NA
16540 98 NA
16541 100 NA
16542 100 NA
16543 100 NA
16544 99 NA
16545 98 NA
16546 100 NA
16547 100 NA
16548 100 NA
16549 100 NA
16550 100 NA
16551 100 NA
16552 100 NA
16553 99 NA
16554 100 NA
16555 101 NA
16556 101 NA
16557 101 NA
16558 100 NA
16559 99 NA
16560 100 NA
16561 102 NA
16562 100 NA
16563 100 NA
16564 99 NA
16565 98 NA
16566 98 NA
16567 99 NA
16568 101 NA
16569 101 NA
16570 101 NA
16571 101 NA
16572 101 NA
16573 101 NA
16574 101 NA
16575 101 NA
16576 99 NA
16577 101 NA
16578 101 NA
16579 101 NA
16580 99 NA
16581 99 NA
16582 99 NA
16583 98 NA
16584 98 NA
16585 98 NA
16586 98 NA
16587 94 NA
16588 94 NA
16589 97 NA
16590 98 NA
16591 99 NA
16592 99 NA
16593 96 NA
16594 98 NA
16595 100 NA
16596 99 NA
16597 100 NA
16598 101 NA
16599 101 NA
16600 100 NA
16601 101 NA
16602 100 NA
16603 100 NA
16604 101 NA
16605 102 NA
16606 101 NA
16607 100 NA
16608 100 NA
16609 102 NA
16610 101 NA
16611 101 NA
16612 101 NA
16613 101 NA
16614 101 NA
16615 100 NA
16616 101 NA
16617 99 NA
16618 98 NA
16619 98 NA
16620 100 NA
16621 101 NA
16622 100 NA
16623 100 NA
16624 101 NA
16625 100 NA
16626 99 NA
16627 101 NA
16628 101 NA
16629 101 NA
16630 99 NA
16631 97 NA
16632 99 NA
16633 99 NA
16634 100 NA
16635 99 NA
16636 99 NA
16637 100 NA
16638 101 NA
16639 102 NA
16640 100 NA
16641 101 NA
16642 101 NA
16643 99 NA
16644 101 NA
16645 102 NA
16646 102 NA
16647 99 NA
16648 99 NA
16649 97 NA
16650 93 NA
16651 93 NA
16652 93 NA
16653 91 NA
16654 95 NA
16655 93 NA
16656 91 NA
16657 90 NA
16658 92 NA
16659 94 NA
16660 94 NA
16661 96 NA
16662 97 NA
16663 96 NA
16665 98 NA
16666 98 NA
16668 99 NA
16669 99 NA
16670 98 NA
16671 99 NA
16672 97 NA
16673 99 NA
16674 100 NA
16675 100 NA
16676 100 NA
16677 100 NA
16678 100 NA
16679 100 NA
16680 100 NA
16681 100 NA
16682 101 NA
16683 98 NA
16684 100 NA
16686 99 NA
16687 100 NA
16688 100 NA
16689 101 NA
16690 100 NA
16691 99 NA
16692 96 NA
16693 100 NA
16694 101 NA
16695 100 NA
16696 100 NA
16697 100 NA
16698 101 NA
16699 100 NA
16700 101 NA
16701 101 NA
16702 101 NA
16703 100 NA
16704 101 NA
16705 100 NA
16706 98 NA
16707 98 NA
16708 97 NA
16709 100 NA
16710 100 NA
16711 100 NA
16712 100 NA
16715 99 NA
16717 100 NA
16719 100 NA
16720 101 NA
16721 98 NA
16722 99 NA
16723 100 NA
16724 100 NA
16725 99 NA
16726 99 NA
16727 99 NA
16728 99 NA
16730 101 NA
16731 100 NA
16732 101 NA
16733 101 NA
16734 101 NA
16735 100 NA
16736 101 NA
16737 101 NA
16738 101 NA
16739 102 NA
16740 101 NA
16741 101 NA
16742 100 NA
16743 99 NA
16744 101 NA
16745 100 NA
16746 101 NA
16747 100 NA
16748 100 NA
16749 103 NA
16750 101 NA
16751 101 NA
16752 101 NA
16753 101 NA
16754 100 NA
16755 98 NA
16756 98 NA
16757 99 NA
16759 100 NA
16760 99 NA
16761 98 NA
16762 98 NA
16763 98 NA
16764 98 NA
16765 98 NA
16766 97 NA
16767 97 NA
16768 99 NA
16769 98 NA
16770 99 NA
16771 100 NA
16772 101 NA
16773 101 NA
16774 101 NA
16775 101 NA
16776 101 NA
16777 100 NA
16778 97 NA
16779 101 NA
16780 100 NA
16781 102 NA
16782 101 NA
16783 97 NA
16784 98 NA
16785 100 NA
16786 101 NA
16787 101 NA
16788 102 NA
16789 102 NA
16790 101 NA
16791 99 NA
16792 100 NA
16793 101 NA
16794 102 NA
16795 102 NA
16796 102 NA
16797 102 NA
16798 102 NA
16799 101 NA
16800 99 NA
16801 97 NA
16802 100 NA
16803 101 NA
16804 100 NA
16807 102 NA
16808 102 NA
16809 101 NA
16810 101 NA
16811 101 NA
16812 100 NA
16813 101 NA
16814 102 NA
16815 102 NA
16816 102 NA
16817 101 NA
16818 100 NA
16820 103 NA
16821 105 NA
16823 108 NA
16824 108 NA
16825 106 NA
16826 112 NA
16827 118 NA
16828 124 NA
16829 130 NA
16830 136 NA
16831 141 NA
16832 149 NA
16833 149 NA
16834 164 NA
16835 169 NA
16836 177 NA
16837 184 NA
16838 191 NA
16839 200 NA
16840 209 NA
16841 208 NA
16842 213 NA
16843 223 NA
16844 233 NA
16845 243 NA
16847 255 NA
16849 270 NA
16850 271 NA
16851 279 NA
16852 288 NA
16853 295 NA
16854 294 NA
16855 295 NA
16856 293 NA
16857 290 NA
16858 277 NA
16859 276 NA
16860 275 NA
16861 281 NA
16862 291 NA
16863 296 NA
16864 306 NA
16865 307 NA
16866 301 NA
16867 297 NA
16869 287 NA
16870 287 NA
16871 287 NA
16872 280 NA
16873 271 NA
16874 265 NA
16875 277 NA
16876 291 NA
16878 322 NA
16879 339 NA
16880 356 NA
16881 373 NA
16884 433 NA
16885 455 NA
16886 478 NA
16887 501 NA
16888 524 NA
16889 546 NA
16890 569 NA
16892 604 NA
16893 627 NA
16894 645 NA
16895 664 NA
16896 690 NA
16897 716 NA
16898 741 NA
16899 770 NA
16900 790 NA
16901 798 NA
16902 800 NA
16903 807 NA
16904 822 NA
16905 829 NA
16906 828 NA
16907 820 NA
16908 785 NA
16909 746 NA
16910 711 NA
16911 684 NA
16912 652 NA
16913 621 NA
16914 602 NA
16915 575 NA
16916 557 NA
16917 540 NA
16918 520 NA
16919 503 NA
16920 502 NA
16921 503 NA
16922 501 NA
16923 506 NA
16924 524 NA
16925 518 NA
16926 519 NA
16927 513 NA
16928 504 NA
16929 488 NA
16930 490 NA
16931 477 NA
16932 473 NA
16933 462 NA
16934 466 NA
16935 461 NA
16937 424 NA
16938 414 NA
16939 411 NA
16940 404 NA
16941 402 NA
16942 400 NA
16943 404 NA
16944 404 NA
16945 411 NA
16946 412 NA
16949 407 NA
16950 388 NA
16951 368 NA
16952 358 NA
16953 353 NA
16954 346 NA
16955 349 NA
16956 348 NA
16957 352 NA
16958 360 NA
16959 361 NA
16960 349 NA
16967 333 NA
16968 338 NA
16969 349 NA
16970 352 NA
16971 351 NA
16972 350 NA
16974 343 NA
16975 345 NA
16976 349 NA
16977 354 NA
16978 361 NA
16979 352 NA
16980 357 NA
16981 364 NA
16982 359 NA
16984 348 NA
16985 345 NA
16986 337 NA
16987 331 NA
16988 328 NA
16989 333 NA
16990 343 NA
16991 350 NA
16992 348 NA
16993 348 NA
16994 346 NA
16999 341 NA
17001 337 NA
17006 328 NA
17007 328 NA
17014 324 NA
17015 321 NA
17016 322 NA
17017 319 NA
17018 320 NA
17019 322 NA
17020 309 NA
17021 309 NA
17022 300 NA
17023 298 NA
17024 301 NA
17025 306 NA
17026 305 NA
17027 302 NA
17028 296 NA
17029 300 NA
17031 305 NA
17032 311 NA
17033 317 NA
17034 322 NA
17035 322 NA
17036 328 NA
17037 331 NA
17038 329 NA
17039 328 NA
17040 331 NA
17042 343 NA
17044 360 NA
17045 366 NA
17046 359 NA
17047 367 NA
17048 350 NA
17049 347 NA
17050 356 NA
17051 368 NA
17052 373 NA
17053 379 NA
17054 379 NA
17055 378 NA
17056 380 NA
17057 388 NA
17058 382 NA
17059 371 NA
17060 356 NA
17061 342 NA
17062 339 NA
17063 340 NA
17064 342 NA
17069 354 NA
17070 363 NA
17071 370 NA
17072 368 NA
17073 377 NA
17075 386 NA
17076 388 NA
17077 388 NA
17078 394 NA
17079 400 NA
17080 403 NA
17081 399 NA
17083 393 NA
17084 393 NA
17085 385 NA
17086 391 NA
17087 391 NA
17088 387 NA
17089 388 NA
17091 377 NA
17092 372 NA
17093 369 NA
17094 371 NA
17095 366 NA
17096 356 NA
17097 344 NA
17098 342 NA
17099 342 NA
17100 336 NA
17101 331 NA
17102 326 NA
17103 318 NA
17104 316 NA
17105 309 NA
17106 304 NA
17107 300 NA
17108 299 NA
17109 295 NA
17110 299 NA
17111 297 NA
17112 298 NA
17113 294 NA
17114 293 NA
17115 292 NA
17117 290 NA
17118 290 NA
17123 255 NA
17124 255 NA
17125 254 NA
17126 251 NA
17127 246 NA
17129 239 NA
17130 239 NA
17131 239 NA
17132 238 NA
17133 231 NA
17134 230 NA
17135 232 NA
17136 236 NA
17138 239 NA
17139 239 NA
17140 241 NA
17141 243 NA
17142 238 NA
17143 238 NA
17144 239 NA
17145 236 NA
17146 232 NA
17147 231 NA
17148 228 NA
17149 225 NA
