"Index" "Price" "Volume"
14019 19 NA
14020 19 NA
14021 18 NA
14022 18 NA
14023 19 NA
14024 19 NA
14025 18 NA
14026 18 NA
14027 18 NA
14028 18 NA
14029 19 NA
14030 19 NA
14031 19 NA
14032 19 NA
14033 19 NA
14034 19 NA
14035 19 NA
14036 19 NA
14037 19 NA
14038 19 NA
14039 19 NA
14040 19 NA
14041 19 NA
14042 19 NA
14043 19 NA
14044 19 NA
14045 19 NA
14046 19 NA
14047 20 NA
14048 20 NA
14049 21 NA
14050 20 NA
14051 20 NA
14052 20 NA
14053 21 NA
14054 21 NA
14055 21 NA
14056 21 NA
14057 21 NA
14058 22 NA
14059 21 NA
14060 20 NA
14061 20 NA
14062 20 NA
14063 20 NA
14064 20 NA
14065 21 NA
14066 21 NA
14067 21 NA
14068 21 NA
14069 21 NA
14070 21 NA
14071 21 NA
14072 21 NA
14073 22 NA
14074 22 NA
14075 22 NA
14076 22 NA
14077 23 NA
14078 23 NA
14079 24 NA
14080 23 NA
14081 23 NA
14082 23 NA
14083 24 NA
14084 24 NA
14085 23 NA
14086 23 NA
14087 24 NA
14088 25 NA
14089 25 NA
14090 25 NA
14091 25 NA
14092 25 NA
14093 24 NA
14094 22 NA
14095 22 NA
14096 23 NA
14097 23 NA
14098 23 NA
14099 23 NA
14100 24 NA
14101 24 NA
14102 24 NA
14103 24 NA
14104 24 NA
14105 25 NA
14106 25 NA
14107 26 NA
14108 26 NA
14109 27 NA
14110 27 NA
14111 27 NA
14112 27 NA
14113 27 NA
14114 26 NA
14115 26 NA
14116 26 NA
14117 27 NA
14118 28 NA
14119 28 NA
14120 28 NA
14121 28 NA
14122 28 NA
14123 28 NA
14124 27 NA
14125 26 NA
14126 22 NA
14127 20 NA
14128 20 NA
14129 20 NA
14130 21 NA
14131 21 NA
14132 20 NA
14133 19 NA
14134 18 NA
14135 17 NA
14136 17 NA
14137 18 NA
14138 18 NA
14139 18 NA
14140 18 NA
14141 19 NA
14142 19 NA
14143 19 NA
14144 19 NA
14145 19 NA
14146 20 NA
14147 20 NA
14148 20 NA
14149 20 NA
14150 20 NA
14151 20 NA
14152 21 NA
14153 21 NA
14154 21 NA
14155 21 NA
14156 19 NA
14157 19 NA
14158 19 NA
14159 19 NA
14160 19 NA
14161 19 NA
14162 19 NA
14163 19 NA
14164 19 NA
14165 19 NA
14166 19 NA
14167 19 NA
14168 19 NA
14169 18 NA
14170 18 NA
14171 18 NA
14172 18 NA
14173 19 NA
14174 19 NA
14175 20 NA
14176 20 NA
14177 21 NA
14178 21 NA
14179 21 NA
14180 21 NA
14181 22 NA
14182 22 NA
14183 22 NA
14184 23 NA
14185 23 NA
14186 23 NA
14187 25 NA
14188 25 NA
14189 25 NA
14190 23 NA
14191 23 NA
14192 23 NA
14193 23 NA
14194 21 NA
14195 21 NA
14196 21 NA
14197 22 NA
14198 22 NA
14199 21 NA
14200 22 NA
14201 22 NA
14202 22 NA
14203 23 NA
14204 23 NA
14205 23 NA
14206 24 NA
14207 23 NA
14208 24 NA
14209 24 NA
14210 24 NA
14211 24 NA
14212 24 NA
14213 24 NA
14214 23 NA
14215 23 NA
14216 23 NA
14217 23 NA
14218 24 NA
14219 24 NA
14220 25 NA
14221 25 NA
14222 25 NA
14223 25 NA
14224 24 NA
14225 24 NA
14226 22 NA
14227 20 NA
14228 20 NA
14229 20 NA
14230 21 NA
14231 21 NA
14232 21 NA
14233 21 NA
14234 21 NA
14235 21 NA
14236 21 NA
14237 20 NA
14238 19 NA
14239 18 NA
14240 18 NA
14241 18 NA
14242 18 NA
14243 18 NA
14244 18 NA
14245 18 NA
14246 18 NA
14247 18 NA
14248 18 NA
14249 18 NA
14250 19 NA
14251 19 NA
14252 19 NA
14253 19 NA
14254 19 NA
14255 19 NA
14256 20 NA
14257 20 NA
14258 20 NA
14259 20 NA
14260 20 NA
14261 20 NA
14262 20 NA
14263 20 NA
14264 21 NA
14265 21 NA
14266 21 NA
14267 22 NA
14268 22 NA
14269 22 NA
14270 22 NA
14271 22 NA
14272 20 NA
14273 20 NA
14274 20 NA
14275 20 NA
14276 20 NA
14277 20 NA
14278 20 NA
14279 21 NA
14280 22 NA
14281 23 NA
14282 23 NA
14283 23 NA
14284 24 NA
14285 25 NA
14286 26 NA
14287 26 NA
14288 26 NA
14289 26 NA
14290 27 NA
14291 27 NA
14292 28 NA
14293 28 NA
14294 29 NA
14295 29 NA
14296 30 NA
14297 30 NA
14298 31 NA
14299 32 NA
14300 32 NA
14301 32 NA
14302 34 NA
14303 34 NA
14304 34 NA
14305 34 NA
14306 34 NA
14307 33 NA
14308 33 NA
14309 33 NA
14310 31 NA
14311 28 NA
14312 26 NA
14313 24 NA
14314 24 NA
14315 22 NA
14316 19 NA
14317 19 NA
14318 18 NA
14319 17 NA
14320 17 NA
14321 17 NA
14322 17 NA
14323 16 NA
14324 15 NA
14325 15 NA
14326 16 NA
14327 16 NA
14328 16 NA
14329 16 NA
14330 16 NA
14331 16 NA
14332 16 NA
14333 16 NA
14334 16 NA
14335 16 NA
14336 17 NA
14337 17 NA
14338 17 NA
14339 17 NA
14340 17 NA
14341 17 NA
14342 17 NA
14343 17 NA
14344 17 NA
14345 17 NA
14346 17 NA
14347 17 NA
14348 17 NA
14349 17 NA
14350 16 NA
14351 16 NA
14352 15 NA
14353 14 NA
14354 14 NA
14355 14 NA
14356 14 NA
14357 14 NA
14358 14 NA
14359 14 NA
14360 14 NA
14361 15 NA
14362 15 NA
14363 15 NA
14364 15 NA
14365 15 NA
14366 15 NA
14367 15 NA
14368 15 NA
14369 15 NA
14370 15 NA
14371 15 NA
14372 15 NA
14373 15 NA
14374 15 NA
14375 15 NA
14376 15 NA
14377 16 NA
14378 15 NA
14379 15 NA
14380 15 NA
14381 16 NA
14382 16 NA
14383 16 NA
14384 16 NA
14385 16 NA
14386 16 NA
14387 16 NA
14388 16 NA
14389 16 NA
14390 16 NA
14391 16 NA
14392 16 NA
14393 16 NA
14394 16 NA
14395 16 NA
14396 17 NA
14397 17 NA
14398 17 NA
14399 17 NA
14400 17 NA
14401 17 NA
14402 17 NA
14403 18 NA
14404 18 NA
14405 18 NA
14406 17 NA
14407 17 NA
14408 17 NA
14409 17 NA
14410 17 NA
14411 17 NA
14412 17 NA
14413 17 NA
14414 17 NA
14415 17 NA
14416 17 NA
14417 17 NA
14418 18 NA
14419 18 NA
14420 18 NA
14421 18 NA
14422 18 NA
14423 18 NA
14424 18 NA
14425 18 NA
14426 19 NA
14428 19 NA
14429 19 NA
14430 19 NA
14431 19 NA
14432 19 NA
14433 19 NA
14434 19 NA
14435 19 NA
14436 19 NA
14437 19 NA
14438 19 NA
14439 19 NA
14440 19 NA
14441 19 NA
14442 19 NA
14443 19 NA
14444 19 NA
14445 19 NA
14446 19 NA
14447 19 NA
14448 19 NA
14449 19 NA
14450 19 NA
14451 18 NA
14452 18 NA
14453 18 NA
14454 18 NA
14455 18 NA
14456 18 NA
14457 18 NA
14458 18 NA
14459 18 NA
14460 18 NA
14461 18 NA
14462 18 NA
14463 18 NA
14464 18 NA
14465 18 NA
14466 18 NA
14467 18 NA
14468 18 NA
14469 18 NA
14470 18 NA
14471 18 NA
14472 18 NA
14473 18 NA
14474 18 NA
14475 18 NA
14476 18 NA
14477 18 NA
14478 18 NA
14479 18 NA
14480 18 NA
14481 18 NA
14482 18 NA
14483 18 NA
14484 18 NA
14485 18 NA
14486 18 NA
14487 18 NA
14488 18 NA
14489 18 NA
14490 18 NA
14491 18 NA
14492 18 NA
14493 18 NA
14494 18 NA
14495 18 NA
14496 18 NA
14497 18 NA
14498 18 NA
14499 18 NA
14500 18 NA
14501 18 NA
14502 18 NA
14503 18 NA
14504 18 NA
14505 18 NA
14506 17 NA
14507 16 NA
14508 15 NA
14509 14 NA
14510 13 NA
14511 13 NA
14512 15 NA
14513 15 NA
14514 16 NA
14515 16 NA
14516 16 NA
14517 15 NA
14518 15 NA
14519 15 NA
14520 15 NA
14521 14 NA
14522 14 NA
14523 14 NA
14524 14 NA
14525 14 NA
14526 14 NA
14527 14 NA
14528 15 NA
14529 15 NA
14530 15 NA
14531 15 NA
14532 16 NA
14533 16 NA
14534 16 NA
14535 16 NA
14536 16 NA
14537 16 NA
14538 16 NA
14539 16 NA
14540 16 NA
14541 16 NA
14542 17 NA
14543 17 NA
14544 17 NA
14545 17 NA
14546 17 NA
14547 17 NA
14548 16 NA
14549 17 NA
14550 17 NA
14551 17 NA
14552 17 NA
14553 18 NA
14554 18 NA
14555 18 NA
14556 18 NA
14557 18 NA
14558 19 NA
14559 19 NA
14560 19 NA
14561 19 NA
14562 19 NA
14563 18 NA
14564 18 NA
14565 18 NA
14566 18 NA
14567 18 NA
14568 19 NA
14569 19 NA
14570 20 NA
14571 20 NA
14572 20 NA
14573 21 NA
14574 21 NA
14575 20 NA
14576 20 NA
14577 21 NA
14578 22 NA
14579 22 NA
14580 21 NA
14581 23 NA
14582 22 NA
14583 22 NA
14584 23 NA
14585 23 NA
14586 23 NA
14587 23 NA
14588 22 NA
14589 22 NA
14590 22 NA
14591 21 NA
14592 21 NA
14593 20 NA
14594 20 NA
14595 20 NA
14596 20 NA
14597 21 NA
14598 21 NA
14599 22 NA
14600 22 NA
14601 22 NA
14602 22 NA
14603 21 NA
14604 22 NA
14605 22 NA
14606 22 NA
14607 23 NA
14608 23 NA
14609 24 NA
14610 23 NA
14611 21 NA
14612 21 NA
14613 20 NA
14614 19 NA
14615 19 NA
14616 19 NA
14617 19 NA
14618 20 NA
14619 20 NA
14620 20 NA
14621 20 NA
14622 20 NA
14623 20 NA
14624 20 NA
14625 19 NA
14626 19 NA
14627 19 NA
14628 19 NA
14629 19 NA
14630 19 NA
14631 20 NA
14632 20 NA
14633 20 NA
14634 20 NA
14635 20 NA
14636 20 NA
14637 20 NA
14638 20 NA
14639 21 NA
14640 21 NA
14641 21 NA
14642 21 NA
14643 22 NA
14644 22 NA
14645 24 NA
14646 25 NA
14647 25 NA
14648 25 NA
14649 25 NA
14650 26 NA
14651 27 NA
14653 27 NA
14654 27 NA
14655 27 NA
14656 27 NA
14657 28 NA
14658 29 NA
14659 29 NA
14660 29 NA
14661 29 NA
14662 30 NA
14663 30 NA
14664 31 NA
14665 31 NA
14666 31 NA
14667 31 NA
14668 31 NA
14669 30 NA
14670 30 NA
14671 31 NA
14672 31 NA
14673 31 NA
14674 32 NA
14675 32 NA
14676 33 NA
14677 33 NA
14678 34 NA
14679 34 NA
14680 35 NA
14681 35 NA
14682 36 NA
14683 36 NA
14684 36 NA
14685 36 NA
14686 36 NA
14687 37 NA
14688 37 NA
14689 39 NA
14690 40 NA
14691 40 NA
14692 40 NA
14693 41 NA
14694 41 NA
14695 41 NA
14696 41 NA
14697 41 NA
14698 42 NA
14699 42 NA
14700 41 NA
14701 41 NA
14702 40 NA
14703 36 NA
14704 34 NA
14705 33 NA
14706 33 NA
14707 33 NA
14708 33 NA
14709 33 NA
14710 33 NA
14711 33 NA
14712 33 NA
14713 33 NA
14714 34 NA
14715 34 NA
14716 34 NA
14717 35 NA
14718 35 NA
14719 35 NA
14720 34 NA
14721 34 NA
14722 35 NA
14723 35 NA
14724 36 NA
14725 36 NA
14726 38 NA
14727 38 NA
14728 38 NA
14729 39 NA
14730 39 NA
14731 39 NA
14732 40 NA
14733 40 NA
14734 38 NA
14735 38 NA
14736 36 NA
14737 36 NA
14738 34 NA
14739 34 NA
14740 34 NA
14741 34 NA
14742 36 NA
14743 36 NA
14744 37 NA
14745 37 NA
14746 38 NA
14747 38 NA
14748 39 NA
14749 39 NA
14750 39 NA
14751 40 NA
14752 40 NA
14753 39 NA
14754 39 NA
14755 38 NA
14756 38 NA
14757 37 NA
14758 34 NA
14759 33 NA
14760 33 NA
14761 33 NA
14762 33 NA
14763 33 NA
14764 31 NA
14765 31 NA
14766 31 NA
14767 33 NA
14768 33 NA
14769 33 NA
14770 33 NA
14771 32 NA
14772 32 NA
14773 31 NA
14774 31 NA
14775 30 NA
14776 29 NA
14777 29 NA
14778 28 NA
14779 28 NA
14780 28 NA
14781 28 NA
14782 30 NA
14783 30 NA
14784 31 NA
14785 31 NA
14786 30 NA
14787 30 NA
14788 29 NA
14789 28 NA
14790 27 NA
14791 27 NA
14792 26 NA
14793 25 NA
14794 25 NA
14795 26 NA
14796 26 NA
14797 26 NA
14798 25 NA
14799 24 NA
14800 24 NA
14801 24 NA
14802 24 NA
14803 26 NA
14804 26 NA
14805 27 NA
14806 27 NA
14807 29 NA
14808 29 NA
14809 30 NA
14810 30 NA
14811 30 NA
14812 30 NA
14813 30 NA
14814 30 NA
14815 31 NA
14816 31 NA
14817 31 NA
14818 31 NA
14819 29 NA
14820 29 NA
14821 28 NA
14822 28 NA
14823 26 NA
14824 26 NA
14825 25 NA
14826 24 NA
14827 24 NA
14828 25 NA
14829 25 NA
14830 25 NA
14831 27 NA
14832 26 NA
14833 26 NA
14834 26 NA
14835 24 NA
14836 24 NA
14837 26 NA
14838 26 NA
14839 26 NA
14840 27 NA
14841 27 NA
14842 29 NA
14843 29 NA
14844 30 NA
14845 30 NA
14846 28 NA
14847 29 NA
14848 29 NA
14849 29 NA
14850 31 NA
14851 31 NA
14852 32 NA
14853 32 NA
14854 32 NA
14855 33 NA
14856 33 NA
14857 34 NA
14858 34 NA
14859 35 NA
14860 35 NA
14861 35 NA
14862 36 NA
14863 36 NA
14864 37 NA
14865 37 NA
14866 39 NA
14867 39 NA
14868 39 NA
14869 41 NA
14870 41 NA
14871 41 NA
14872 43 NA
14873 43 NA
14874 43 NA
14875 43 NA
14876 45 NA
14877 45 NA
14878 44 NA
14879 44 NA
14880 43 NA
14881 43 NA
14882 43 NA
14883 43 NA
14884 41 NA
14885 41 NA
14886 39 NA
14887 39 NA
14888 39 NA
14889 38 NA
14890 38 NA
14891 38 NA
14892 37 NA
14893 37 NA
14894 37 NA
14895 36 NA
14896 36 NA
14897 35 NA
14898 35 NA
14899 35 NA
14900 35 NA
14901 35 NA
14902 35 NA
14903 37 NA
14904 37 NA
14905 37 NA
14906 39 NA
14907 39 NA
14908 39 NA
14909 40 NA
14910 40 NA
14911 41 NA
14912 41 NA
14913 42 NA
14914 42 NA
14915 42 NA
14916 44 NA
14917 44 NA
14918 44 NA
14920 46 NA
14921 47 NA
14922 47 NA
14923 47 NA
14924 49 NA
14925 49 NA
14926 49 NA
14927 51 NA
14928 51 NA
14929 51 NA
14930 52 NA
14931 52 NA
14932 52 NA
14933 52 NA
14934 52 NA
14935 52 NA
14936 51 NA
14937 51 NA
14938 53 NA
14939 53 NA
14940 53 NA
14941 54 NA
14942 54 NA
14943 54 NA
14944 54 NA
14945 54 NA
14946 54 NA
14947 55 NA
14948 55 NA
14949 56 NA
14950 56 NA
14951 56 NA
14952 59 NA
14953 59 NA
14954 59 NA
14955 61 NA
14956 61 NA
14957 61 NA
14958 64 NA
14959 64 NA
14960 64 NA
14961 64 NA
14962 65 NA
14963 65 NA
14964 65 NA
14965 69 NA
14966 69 NA
14967 72 NA
14968 72 NA
14969 72 NA
14970 72 NA
14971 75 NA
14972 75 NA
14973 75 NA
14974 78 NA
14975 78 NA
14978 79 NA
14979 79 NA
14981 82 NA
14984 80 NA
14990 80 NA
14991 83 NA
14992 83 NA
14993 85 NA
14996 85 NA
14998 90 NA
15001 86 NA
15003 86 NA
15005 82 NA
15008 75 NA
15009 75 NA
15011 72 NA
15013 68 NA
15014 68 NA
15016 65 NA
15019 62 NA
15020 62 NA
15023 66 NA
15025 66 NA
15026 70 NA
15029 73 NA
15031 75 NA
15032 75 NA
15033 77 NA
15036 80 NA
15038 80 NA
15039 82 NA
15042 83 NA
15044 83 NA
15046 88 NA
15047 92 NA
15048 92 NA
15050 96 NA
15052 96 NA
15054 98 NA
15055 98 NA
15060 103 NA
15061 103 NA
15063 105 NA
15064 105 NA
15066 111 NA
15067 111 NA
15068 114 NA
15070 120 NA
15073 125 NA
15076 128 NA
15078 132 NA
15080 132 NA
15084 126 NA
15085 126 NA
15086 132 NA
15087 132 NA
15089 130 NA
15090 130 NA
15093 123 NA
15094 124 NA
15096 130 NA
15098 130 NA
15100 132 NA
15104 132 NA
15106 137 NA
15110 142 NA
15114 149 NA
15115 153 NA
15116 153 NA
15119 151 NA
15120 151 NA
15121 155 NA
15124 160 NA
15125 160 NA
15128 164 NA
15130 159 NA
15132 159 NA
15133 156 NA
15136 164 NA
15138 170 NA
15140 165 NA
15143 173 NA
15145 177 NA
15149 181 NA
15150 181 NA
15151 187 NA
15154 193 NA
15157 193 NA
15158 185 NA
15159 185 NA
15161 184 NA
15163 181 NA
15164 181 NA
15165 180 NA
15168 179 NA
15170 176 NA
15172 176 NA
15173 168 NA
15175 160 NA
15178 155 NA
15179 155 NA
15182 156 NA
15184 157 NA
15186 157 NA
15187 160 NA
15189 159 NA
15194 159 NA
15196 156 NA
15197 152 NA
15199 152 NA
15204 138 NA
15207 132 NA
15210 127 NA
15214 129 NA
15220 130 NA
15224 130 NA
15227 128 NA
15231 127 NA
15232 127 NA
15235 123 NA
15240 120 NA
15242 120 NA
15243 114 NA
15244 114 NA
15248 111 NA
15250 111 NA
15252 112 NA
15256 114 NA
15258 114 NA
15261 116 NA
15264 114 NA
15270 113 NA
15271 113 NA
15273 109 NA
15275 109 NA
15277 105 NA
15281 105 NA
15282 101 NA
15284 101 NA
15287 96 NA
15291 94 NA
15297 95 NA
15302 97 NA
15309 97 NA
15310 97 NA
15312 92 NA
15314 92 NA
15315 88 NA
15319 88 NA
15320 92 NA
15325 92 NA
15326 95 NA
15329 95 NA
15330 97 NA
15334 97 NA
15335 94 NA
15338 94 NA
15339 93 NA
15340 93 NA
15341 93 NA
15342 93 NA
15343 93 NA
15344 92 NA
15345 92 NA
15346 92 NA
15347 92 NA
15348 92 NA
15349 96 NA
15350 96 NA
15351 96 NA
15352 96 NA
15353 96 NA
15354 96 NA
15355 93 NA
15356 93 NA
15357 93 NA
15358 93 NA
15359 93 NA
15360 93 NA
15361 94 NA
15362 94 NA
15363 94 NA
15364 94 NA
15365 94 NA
15366 99 NA
15367 99 NA
15368 99 NA
15369 99 NA
15370 99 NA
15371 99 NA
15372 99 NA
15373 99 NA
15374 99 NA
15375 99 NA
15376 99 NA
15377 99 NA
15378 99 NA
15379 99 NA
15380 99 NA
15381 99 NA
15382 99 NA
15383 100 NA
15384 100 NA
15385 100 NA
15386 100 NA
15387 100 NA
15388 100 NA
15389 100 NA
15390 100 NA
15391 100 NA
15392 100 NA
15393 100 NA
15394 100 NA
15395 103 NA
15396 103 NA
15397 103 NA
15398 103 NA
15399 103 NA
15400 103 NA
15401 103 NA
15402 109 NA
15403 109 NA
15404 109 NA
15405 109 NA
15406 109 NA
15407 109 NA
15408 110 NA
15409 110 NA
15410 110 NA
15411 110 NA
15412 110 NA
15413 110 NA
15414 107 NA
15415 107 NA
15416 107 NA
15417 107 NA
15418 107 NA
15419 107 NA
15420 102 NA
15421 102 NA
15422 101 NA
15423 100 NA
15424 99 NA
15425 98 NA
15426 97 NA
15427 97 NA
15428 97 NA
15429 97 NA
15430 97 NA
15431 97 NA
15432 96 NA
15433 96 NA
15434 96 NA
15435 96 NA
15436 96 NA
15437 96 NA
15438 91 NA
15439 91 NA
15440 91 NA
15441 91 NA
15442 91 NA
15443 91 NA
15444 91 NA
15445 87 NA
15446 87 NA
15447 87 NA
15448 87 NA
15449 87 NA
15450 87 NA
15451 88 NA
15452 88 NA
15453 88 NA
15454 88 NA
15455 88 NA
15456 88 NA
15457 88 NA
15458 88 NA
15459 91 NA
15460 91 NA
15461 91 NA
15462 91 NA
15463 91 NA
15464 91 NA
15465 91 NA
15466 91 NA
15467 90 NA
15468 90 NA
15469 90 NA
15470 90 NA
15471 90 NA
15472 90 NA
15473 90 NA
15474 89 NA
15475 89 NA
15476 89 NA
15477 89 NA
15478 89 NA
15479 89 NA
15480 89 NA
15481 89 NA
15482 89 NA
15483 87 NA
15484 87 NA
15485 87 NA
15486 87 NA
15487 87 NA
15488 87 NA
15489 87 NA
15490 88 NA
15491 88 NA
15492 88 NA
15493 88 NA
15494 88 NA
15495 88 NA
15496 88 NA
15497 86 NA
15498 86 NA
15499 86 NA
15500 86 NA
15501 86 NA
15502 86 NA
15503 83 NA
15504 83 NA
15505 83 NA
15506 83 NA
15507 83 NA
15508 83 NA
15509 83 NA
15510 79 NA
15511 79 NA
15512 79 NA
15513 79 NA
15514 79 NA
15515 76 NA
15516 76 NA
15517 76 NA
15518 76 NA
15519 76 NA
15520 79 NA
15521 79 NA
15522 79 NA
15523 79 NA
15524 79 NA
15525 76 NA
15526 76 NA
15527 76 NA
15528 76 NA
15529 76 NA
15530 76 NA
15531 76 NA
15532 76 NA
15533 76 NA
15534 76 NA
15535 76 NA
15536 76 NA
15537 79 NA
15538 79 NA
15539 79 NA
15540 79 NA
15541 79 NA
15542 79 NA
15543 79 NA
15544 81 NA
15545 81 NA
15546 81 NA
15547 81 NA
15548 81 NA
15549 81 NA
15550 84 NA
15551 84 NA
15552 84 NA
15553 84 NA
15554 84 NA
15555 84 NA
15556 86 NA
15557 86 NA
15558 86 NA
15559 86 NA
15560 86 NA
15561 86 NA
15562 86 NA
15563 91 NA
15564 91 NA
15565 91 NA
15566 91 NA
15567 91 NA
15568 91 NA
15569 91 NA
15570 95 NA
15571 95 NA
15572 95 NA
15573 95 NA
15574 95 NA
15575 95 NA
15576 95 NA
15577 95 NA
15578 96 NA
15579 96 NA
15580 96 NA
15581 96 NA
15582 96 NA
15583 96 NA
15584 96 NA
15585 96 NA
15586 96 NA
15587 96 NA
15588 96 NA
15589 96 NA
15590 96 NA
15591 96 NA
15592 96 NA
15593 96 NA
15594 96 NA
15595 96 NA
15596 100 NA
15597 100 NA
15598 100 NA
15599 100 NA
15600 100 NA
15601 100 NA
15602 100 NA
15603 100 NA
15604 100 NA
15605 99 NA
15606 99 NA
15607 99 NA
15608 99 NA
15609 99 NA
15610 99 NA
15611 99 NA
15612 99 NA
15613 97 NA
15614 97 NA
15615 97 NA
15616 97 NA
15617 97 NA
15618 97 NA
15619 97 NA
15620 97 NA
15621 97 NA
15622 100 NA
15623 100 NA
15624 100 NA
15625 100 NA
15626 100 NA
15627 100 NA
15628 100 NA
15629 100 NA
15630 100 NA
15631 99 NA
15632 99 NA
15633 99 NA
15634 99 NA
15635 99 NA
15636 99 NA
15637 99 NA
15638 99 NA
15639 99 NA
15640 99 NA
15641 100 NA
15642 100 NA
15643 100 NA
15644 100 NA
15645 100 NA
15646 100 NA
15647 100 NA
15648 100 NA
15649 104 NA
15650 104 NA
15651 104 NA
15652 104 NA
15653 104 NA
15654 104 NA
15655 104 NA
15656 104 NA
15657 104 NA
15658 104 NA
15659 104 NA
15660 108 NA
15661 108 NA
15662 108 NA
15663 108 NA
15664 108 NA
15665 108 NA
15666 108 NA
15667 108 NA
15668 108 NA
15669 108 NA
15670 112 NA
15671 112 NA
15672 112 NA
15673 112 NA
15674 112 NA
15675 112 NA
15676 112 NA
15677 112 NA
15678 112 NA
15679 112 NA
15680 112 NA
15681 112 NA
15682 111 NA
15683 111 NA
15684 111 NA
15685 111 NA
15686 111 NA
15687 111 NA
15688 111 NA
15689 111 NA
15690 111 NA
15691 111 NA
15692 111 NA
15693 111 NA
15694 111 NA
15695 114 NA
15696 114 NA
15697 114 NA
15698 114 NA
15699 114 NA
15700 114 NA
15701 114 NA
15702 114 NA
15703 114 NA
15704 114 NA
15705 114 NA
15706 114 NA
15707 114 NA
15708 119 NA
15709 119 NA
15710 119 NA
15711 119 NA
15712 119 NA
15713 119 NA
15714 119 NA
15715 119 NA
15716 119 NA
15717 119 NA
15718 119 NA
15719 119 NA
15720 119 NA
15721 119 NA
15722 119 NA
15723 123 NA
15724 123 NA
15725 123 NA
15726 123 NA
15727 123 NA
15728 123 NA
15729 123 NA
15730 123 NA
15731 123 NA
15732 123 NA
15733 123 NA
15734 123 NA
15735 128 NA
15736 128 NA
15737 128 NA
15738 128 NA
15739 128 NA
15740 128 NA
15741 128 NA
15742 128 NA
15743 128 NA
15744 128 NA
15745 128 NA
15746 128 NA
15747 130 NA
15748 130 NA
15749 130 NA
15750 130 NA
15751 130 NA
15752 130 NA
15753 130 NA
15754 130 NA
15755 130 NA
15756 130 NA
15757 130 NA
15758 130 NA
15759 128 NA
15760 128 NA
15761 128 NA
15762 128 NA
15763 128 NA
15764 128 NA
15765 128 NA
15766 128 NA
15767 128 NA
15768 128 NA
15769 128 NA
15770 128 NA
15771 128 NA
15772 130 NA
15773 130 NA
15774 130 NA
15775 130 NA
15776 130 NA
15777 130 NA
15778 130 NA
15779 130 NA
15780 130 NA
15781 130 NA
15782 130 NA
15783 136 NA
15784 136 NA
15785 136 NA
15786 136 NA
15787 136 NA
15788 136 NA
15789 136 NA
15790 136 NA
15791 136 NA
15792 136 NA
15793 136 NA
15794 142 NA
15795 142 NA
15796 142 NA
15797 142 NA
15798 143 NA
15799 144 NA
15800 145 NA
15801 145 NA
15802 146 NA
15803 147 NA
15804 148 NA
15805 148 NA
15806 148 NA
15807 148 NA
15808 148 NA
15809 148 NA
15810 148 NA
15811 148 NA
15812 148 NA
15813 148 NA
15814 148 NA
15815 148 NA
15816 155 NA
15817 155 NA
15818 155 NA
15819 155 NA
15820 155 NA
15821 155 NA
15822 155 NA
15823 155 NA
15824 155 NA
15825 155 NA
15826 155 NA
15827 155 NA
15828 155 NA
15829 162 NA
15830 162 NA
15831 162 NA
15832 162 NA
15833 162 NA
15834 162 NA
15835 162 NA
15836 162 NA
15837 162 NA
15838 162 NA
15839 162 NA
15840 162 NA
15841 162 NA
15842 166 NA
15843 166 NA
15844 166 NA
15845 166 NA
15846 166 NA
15847 166 NA
15848 166 NA
15849 166 NA
15850 166 NA
15851 166 NA
15852 166 NA
15853 173 NA
15854 173 NA
15855 173 NA
15856 173 NA
15857 173 NA
15858 173 NA
15859 173 NA
15860 173 NA
15861 173 NA
15862 173 NA
15863 173 NA
15864 181 NA
15865 181 NA
15866 181 NA
15867 181 NA
15868 181 NA
15869 181 NA
15870 181 NA
15871 181 NA
15872 181 NA
15873 181 NA
15874 181 NA
15875 190 NA
15876 190 NA
15877 190 NA
15878 190 NA
15879 190 NA
15880 190 NA
15881 190 NA
15882 190 NA
15883 190 NA
15884 190 NA
15885 195 NA
15886 195 NA
15887 195 NA
15888 195 NA
15889 195 NA
15890 195 NA
15891 195 NA
15892 195 NA
15893 195 NA
15894 195 NA
15895 201 NA
15896 201 NA
15897 201 NA
15898 201 NA
15899 201 NA
15900 201 NA
15901 201 NA
15902 201 NA
15903 202 NA
15904 203 NA
15905 204 NA
15906 205 NA
15907 206 NA
15908 207 NA
15909 207 NA
15910 207 NA
15911 207 NA
15912 207 NA
15913 207 NA
15914 207 NA
15915 207 NA
15916 217 NA
15917 217 NA
15918 217 NA
15919 217 NA
15920 217 NA
15921 217 NA
15922 217 NA
15923 217 NA
15924 217 NA
15925 217 NA
15926 217 NA
15927 228 NA
15928 228 NA
15929 228 NA
15930 228 NA
15931 228 NA
15932 228 NA
15933 228 NA
15934 228 NA
15935 228 NA
15936 228 NA
15937 228 NA
15938 238 NA
15939 238 NA
15940 238 NA
15941 238 NA
15942 238 NA
15943 238 NA
15944 238 NA
15945 238 NA
15946 238 NA
15947 238 NA
15948 238 NA
15949 238 NA
15950 238 NA
15951 238 NA
15952 238 NA
15953 242 NA
15954 242 NA
15955 242 NA
15956 242 NA
15957 242 NA
15958 242 NA
15959 242 NA
15960 242 NA
15961 242 NA
15962 242 NA
15963 242 NA
15964 242 NA
15965 242 NA
15966 242 NA
15967 242 NA
15968 242 NA
15969 242 NA
15970 242 NA
15971 245 NA
15972 245 NA
15973 245 NA
15974 245 NA
15975 245 NA
15976 245 NA
15977 245 NA
15978 245 NA
15979 245 NA
15980 245 NA
15981 245 NA
15982 245 NA
15983 245 NA
15984 245 NA
15985 245 NA
15986 246 NA
15987 247 NA
15988 247 NA
15989 248 NA
15990 249 NA
15991 250 NA
15992 250 NA
15993 251 NA
15994 251 NA
15995 251 NA
15996 251 NA
15997 251 NA
15998 251 NA
15999 251 NA
16000 251 NA
16001 251 NA
16002 251 NA
16003 251 NA
16004 251 NA
16005 251 NA
16006 251 NA
16007 251 NA
16008 251 NA
16009 251 NA
16010 251 NA
16011 262 NA
16012 262 NA
16013 262 NA
16014 262 NA
16015 262 NA
16016 262 NA
16017 262 NA
16018 262 NA
16019 262 NA
16020 262 NA
16021 262 NA
16022 262 NA
16023 262 NA
16024 262 NA
16025 262 NA
16026 262 NA
16027 262 NA
16028 262 NA
16029 269 NA
16030 269 NA
16031 269 NA
16032 269 NA
16033 269 NA
16034 269 NA
16035 269 NA
16036 269 NA
16037 269 NA
16038 269 NA
16039 269 NA
16040 269 NA
16041 269 NA
16042 269 NA
16043 269 NA
16044 259 NA
16045 259 NA
16046 259 NA
16047 259 NA
16048 259 NA
16049 259 NA
16050 259 NA
16051 259 NA
16052 259 NA
16053 259 NA
16054 259 NA
16055 259 NA
16056 259 NA
16057 259 NA
16058 259 NA
16059 259 NA
16060 259 NA
16061 259 NA
16062 259 NA
16063 252 NA
16064 252 NA
16065 252 NA
16066 252 NA
16067 252 NA
16068 252 NA
16069 252 NA
16070 252 NA
16071 252 NA
16072 252 NA
16073 252 NA
16074 252 NA
16075 252 NA
16076 252 NA
16077 252 NA
16078 252 NA
16079 252 NA
16080 262 NA
16081 262 NA
16082 262 NA
16083 262 NA
16084 262 NA
16085 262 NA
16086 262 NA
16087 262 NA
16088 262 NA
16089 262 NA
16090 262 NA
16091 262 NA
16092 262 NA
16093 262 NA
16094 262 NA
16095 262 NA
16096 262 NA
16097 262 NA
16098 264 NA
16099 264 NA
16100 264 NA
16101 264 NA
16102 264 NA
16103 264 NA
16104 264 NA
16105 264 NA
16106 264 NA
16107 264 NA
16108 264 NA
16109 264 NA
16110 264 NA
16111 264 NA
16112 264 NA
16113 264 NA
16114 264 NA
16115 264 NA
16116 264 NA
16117 264 NA
16118 264 NA
16119 264 NA
16120 264 NA
16121 264 NA
16122 264 NA
16123 264 NA
16124 264 NA
16125 264 NA
16126 264 NA
16127 264 NA
16128 264 NA
16129 264 NA
16130 264 NA
16131 264 NA
16132 264 NA
16133 264 NA
16134 264 NA
16135 264 NA
16136 264 NA
16137 264 NA
16138 264 NA
16139 264 NA
16140 264 NA
16141 264 NA
16142 264 NA
16143 264 NA
16144 264 NA
16145 264 NA
16146 264 NA
16147 264 NA
16148 270 NA
16149 270 NA
16150 270 NA
16151 270 NA
16152 270 NA
16153 270 NA
16154 270 NA
16155 270 NA
16156 270 NA
16157 270 NA
16158 270 NA
16159 270 NA
16160 270 NA
16161 270 NA
16162 270 NA
16163 270 NA
16164 270 NA
16165 270 NA
16166 276 NA
16167 276 NA
16168 276 NA
16169 276 NA
16170 276 NA
16171 276 NA
16172 276 NA
16173 276 NA
16174 276 NA
16175 276 NA
16176 276 NA
16177 276 NA
16178 276 NA
16179 276 NA
16180 276 NA
16181 276 NA
16182 276 NA
16183 276 NA
16184 276 NA
16185 276 NA
16186 276 NA
16187 276 NA
16188 276 NA
16189 276 NA
16190 276 NA
16191 276 NA
16192 276 NA
16193 276 NA
16194 276 NA
16195 276 NA
16196 276 NA
16197 276 NA
16198 276 NA
16199 276 NA
16200 273 NA
16201 273 NA
16202 273 NA
16203 273 NA
16204 273 NA
16205 273 NA
16206 273 NA
16207 273 NA
16208 273 NA
16209 273 NA
16210 273 NA
16211 273 NA
16212 273 NA
16213 273 NA
16214 273 NA
16215 273 NA
16216 273 NA
16217 273 NA
16218 281 NA
16219 281 NA
16220 281 NA
16221 281 NA
16222 281 NA
16223 281 NA
16224 281 NA
16225 281 NA
16226 281 NA
16227 281 NA
16228 281 NA
16229 281 NA
16230 281 NA
16231 281 NA
16232 281 NA
16233 281 NA
16234 281 NA
16235 281 NA
16236 292 NA
16237 292 NA
16238 292 NA
16239 292 NA
16240 292 NA
16241 292 NA
16242 292 NA
16243 292 NA
16244 292 NA
16245 292 NA
16246 292 NA
16247 292 NA
16248 292 NA
16249 292 NA
16250 292 NA
16251 291 NA
16252 291 NA
16253 291 NA
16254 291 NA
16255 291 NA
16256 291 NA
16257 291 NA
16258 291 NA
16259 291 NA
16260 291 NA
16261 291 NA
16262 291 NA
16263 289 NA
16264 289 NA
16265 289 NA
16266 289 NA
16267 289 NA
16268 289 NA
16269 289 NA
16270 289 NA
16271 289 NA
16272 289 NA
16273 289 NA
16274 289 NA
16275 296 NA
16276 296 NA
16277 296 NA
16278 296 NA
16279 296 NA
16280 296 NA
16281 296 NA
16282 296 NA
16283 296 NA
16284 296 NA
16285 296 NA
16286 296 NA
16287 296 NA
16288 303 NA
16289 303 NA
16290 303 NA
16291 303 NA
16292 303 NA
16293 303 NA
16294 303 NA
16295 303 NA
16296 303 NA
16297 303 NA
16298 303 NA
16299 299 NA
16300 299 NA
16301 299 NA
16302 299 NA
16303 299 NA
16304 299 NA
16305 299 NA
16306 299 NA
16307 299 NA
16308 299 NA
16309 299 NA
16310 299 NA
16311 299 NA
16312 303 NA
16313 303 NA
16314 303 NA
16315 303 NA
16316 303 NA
16317 303 NA
16318 303 NA
16319 303 NA
16320 303 NA
16321 303 NA
16322 303 NA
16323 303 NA
16324 303 NA
16325 303 NA
16326 300 NA
16327 300 NA
16328 300 NA
16329 300 NA
16330 300 NA
16331 300 NA
16332 300 NA
16333 300 NA
16334 300 NA
16335 300 NA
16336 300 NA
16337 300 NA
16338 300 NA
16339 300 NA
16340 300 NA
16341 300 NA
16342 300 NA
16343 300 NA
16344 300 NA
16345 300 NA
16346 300 NA
16347 300 NA
16348 300 NA
16349 300 NA
16350 300 NA
16351 300 NA
16352 300 NA
16353 300 NA
16354 300 NA
16355 300 NA
16356 300 NA
16357 300 NA
16358 300 NA
16359 300 NA
16360 300 NA
16361 300 NA
16362 300 NA
16363 300 NA
16364 300 NA
16365 300 NA
16366 300 NA
16367 300 NA
16368 300 NA
16369 300 NA
16370 302 NA
16371 302 NA
16372 302 NA
16373 302 NA
16374 302 NA
16375 302 NA
16376 302 NA
16377 302 NA
16378 302 NA
16379 302 NA
16380 302 NA
16381 302 NA
16382 302 NA
16383 302 NA
16384 302 NA
16385 302 NA
16386 300 NA
16387 300 NA
16388 300 NA
16389 300 NA
16390 300 NA
16391 300 NA
16392 300 NA
16393 300 NA
16394 300 NA
16395 300 NA
16396 300 NA
16397 300 NA
16398 300 NA
16399 300 NA
16400 300 NA
16401 307 NA
16402 307 NA
16403 307 NA
16404 307 NA
16405 307 NA
16406 307 NA
16407 307 NA
16408 307 NA
16409 307 NA
16410 307 NA
16411 307 NA
16412 307 NA
16413 307 NA
16414 307 NA
16415 307 NA
16416 311 NA
16417 311 NA
16418 311 NA
16419 311 NA
16420 311 NA
16421 311 NA
16422 311 NA
16423 311 NA
16424 311 NA
16425 311 NA
16426 311 NA
16427 311 NA
16428 311 NA
16429 311 NA
16430 312 NA
16431 312 NA
16432 312 NA
16433 312 NA
16434 312 NA
16435 312 NA
16436 312 NA
16437 312 NA
16438 312 NA
16439 312 NA
16440 312 NA
16441 312 NA
16442 312 NA
16443 306 NA
16444 306 NA
16445 306 NA
16446 306 NA
16447 306 NA
16448 306 NA
16449 306 NA
16450 306 NA
16451 306 NA
16452 306 NA
16453 306 NA
16454 306 NA
16455 306 NA
16456 297 NA
16457 297 NA
16458 297 NA
16459 297 NA
16460 297 NA
16461 297 NA
16462 297 NA
16463 297 NA
16464 297 NA
16465 297 NA
16466 297 NA
16467 297 NA
16468 297 NA
16469 297 NA
16470 284 NA
16471 284 NA
16472 284 NA
16473 284 NA
16474 284 NA
16475 284 NA
16476 284 NA
16477 284 NA
16478 284 NA
16479 284 NA
16480 284 NA
16481 284 NA
16482 284 NA
16483 284 NA
16484 284 NA
16485 284 NA
16486 285 NA
16487 285 NA
16488 285 NA
16489 285 NA
16490 285 NA
16491 285 NA
16492 285 NA
16493 285 NA
16494 285 NA
16495 285 NA
16496 285 NA
16497 285 NA
16498 285 NA
16499 285 NA
16500 287 NA
16501 287 NA
16502 287 NA
16503 287 NA
16504 287 NA
16505 287 NA
16506 287 NA
16507 287 NA
16508 287 NA
16509 287 NA
16510 287 NA
16511 287 NA
16512 287 NA
16513 287 NA
16514 287 NA
16515 287 NA
16516 280 NA
16517 280 NA
16518 280 NA
16519 280 NA
16520 280 NA
16521 280 NA
16522 280 NA
16523 280 NA
16524 280 NA
16525 280 NA
16526 280 NA
16527 280 NA
16528 280 NA
16529 280 NA
16530 280 NA
16531 267 NA
16532 267 NA
16533 267 NA
16534 267 NA
16535 267 NA
16536 267 NA
16537 267 NA
16538 267 NA
16539 267 NA
16540 267 NA
16541 267 NA
16542 267 NA
16543 267 NA
16544 267 NA
16545 267 NA
16546 267 NA
16547 265 NA
16548 265 NA
16549 265 NA
16550 265 NA
16551 265 NA
16552 265 NA
16553 265 NA
16554 265 NA
16555 265 NA
16556 265 NA
16557 265 NA
16558 265 NA
16559 265 NA
16560 265 NA
16561 265 NA
16562 265 NA
16563 265 NA
16564 265 NA
16565 265 NA
16566 265 NA
16567 259 NA
16568 259 NA
16569 259 NA
16570 259 NA
16571 259 NA
16572 259 NA
16573 259 NA
16574 259 NA
16575 259 NA
16576 259 NA
16577 259 NA
16578 259 NA
16579 259 NA
16580 259 NA
16581 259 NA
16582 259 NA
16583 259 NA
16584 259 NA
16585 259 NA
16586 259 NA
16587 247 NA
16588 247 NA
16589 247 NA
16590 247 NA
16591 247 NA
16592 247 NA
16593 247 NA
16594 247 NA
16595 247 NA
16596 247 NA
16597 247 NA
16598 247 NA
16599 247 NA
16600 247 NA
16601 247 NA
16602 247 NA
16603 247 NA
16604 247 NA
16605 247 NA
16606 236 NA
16607 236 NA
16608 236 NA
16609 236 NA
16610 236 NA
16611 236 NA
16612 236 NA
16613 236 NA
16614 236 NA
16615 236 NA
16616 236 NA
16617 236 NA
16618 236 NA
16619 236 NA
16620 236 NA
16621 236 NA
16622 236 NA
16623 236 NA
16624 236 NA
16625 236 NA
16626 231 NA
16627 231 NA
16628 231 NA
16629 231 NA
16630 231 NA
16631 231 NA
16632 231 NA
16633 231 NA
16634 231 NA
16635 231 NA
16636 231 NA
16637 231 NA
16638 231 NA
16639 231 NA
16640 231 NA
16641 231 NA
16642 231 NA
16643 231 NA
16644 231 NA
16645 231 NA
16646 241 NA
16647 241 NA
16648 241 NA
16649 241 NA
16650 241 NA
16651 241 NA
16652 241 NA
16653 241 NA
16654 241 NA
16655 241 NA
16656 241 NA
16657 241 NA
16658 241 NA
16659 241 NA
16660 241 NA
16661 241 NA
16662 241 NA
16663 241 NA
16665 241 NA
16666 241 NA
16668 253 NA
16669 253 NA
16670 253 NA
16671 253 NA
16672 253 NA
16673 253 NA
16674 253 NA
16675 253 NA
16676 253 NA
16677 253 NA
16678 253 NA
16679 253 NA
16680 253 NA
16681 253 NA
16682 253 NA
16683 253 NA
16684 253 NA
16686 253 NA
16687 253 NA
16688 253 NA
16689 257 NA
16690 257 NA
16691 257 NA
16692 257 NA
16693 257 NA
16694 257 NA
16695 257 NA
16696 257 NA
16697 257 NA
16698 257 NA
16699 257 NA
16700 257 NA
16701 257 NA
16702 257 NA
16703 257 NA
16704 257 NA
16705 257 NA
16706 257 NA
16707 257 NA
16708 257 NA
16709 257 NA
16710 257 NA
16711 268 NA
16712 268 NA
16715 268 NA
16717 268 NA
16719 268 NA
16720 268 NA
16721 268 NA
16722 268 NA
16723 268 NA
16724 268 NA
16725 268 NA
16726 268 NA
16727 268 NA
16728 268 NA
16730 268 NA
16731 268 NA
16732 268 NA
16733 268 NA
16734 275 NA
16735 275 NA
16736 275 NA
16737 275 NA
16738 275 NA
16739 275 NA
16740 275 NA
16741 275 NA
16742 275 NA
16743 275 NA
16744 275 NA
16745 275 NA
16746 275 NA
16747 275 NA
16748 275 NA
16749 275 NA
16750 275 NA
16751 275 NA
16752 275 NA
16753 275 NA
16754 275 NA
16755 279 NA
16756 279 NA
16757 279 NA
16759 279 NA
16760 279 NA
16761 279 NA
16762 279 NA
16763 279 NA
16764 279 NA
16765 279 NA
16766 279 NA
16767 279 NA
16768 279 NA
16769 279 NA
16770 279 NA
16771 279 NA
16772 279 NA
16773 279 NA
16774 279 NA
16775 279 NA
16777 280 NA
16778 280 NA
16779 280 NA
16780 280 NA
16781 280 NA
16782 280 NA
16783 280 NA
16784 280 NA
16785 280 NA
16786 280 NA
16787 280 NA
16788 280 NA
16789 280 NA
16790 280 NA
16791 280 NA
16792 280 NA
16793 280 NA
16794 278 NA
16795 278 NA
16796 278 NA
16797 278 NA
16798 278 NA
16799 278 NA
16800 278 NA
16801 278 NA
16802 278 NA
16803 278 NA
16804 278 NA
16807 278 NA
16808 278 NA
16809 278 NA
16810 278 NA
16811 278 NA
16812 278 NA
16813 278 NA
16814 274 NA
16815 274 NA
16816 274 NA
16817 274 NA
16818 274 NA
16820 274 NA
16821 274 NA
16823 274 NA
16824 274 NA
16825 274 NA
16826 274 NA
16827 274 NA
16828 274 NA
16829 270 NA
16830 270 NA
16831 270 NA
16832 270 NA
16833 270 NA
16834 270 NA
16835 270 NA
16836 270 NA
16837 270 NA
16838 270 NA
16839 270 NA
16840 270 NA
16841 270 NA
16842 270 NA
16843 270 NA
16844 270 NA
16845 279 NA
16847 279 NA
16849 279 NA
16850 279 NA
16851 279 NA
16852 279 NA
16853 279 NA
16854 279 NA
16855 279 NA
16856 279 NA
16857 279 NA
16858 279 NA
16859 279 NA
16860 279 NA
16861 285 NA
16862 285 NA
16863 285 NA
16864 285 NA
16865 285 NA
16866 285 NA
16867 285 NA
16869 285 NA
16870 285 NA
16871 285 NA
16872 285 NA
16873 285 NA
16874 285 NA
16875 285 NA
16876 285 NA
16878 285 NA
16879 270 NA
16880 270 NA
16881 270 NA
16884 270 NA
16885 270 NA
16886 270 NA
16887 270 NA
16888 270 NA
16889 270 NA
16890 270 NA
16892 270 NA
16893 270 NA
16894 270 NA
16895 270 NA
16896 277 NA
16897 277 NA
16898 277 NA
16899 277 NA
16900 277 NA
16901 277 NA
16902 277 NA
16903 277 NA
16904 277 NA
16905 277 NA
16906 277 NA
16907 277 NA
16908 277 NA
16909 277 NA
16910 277 NA
16911 277 NA
16912 277 NA
16913 277 NA
16914 277 NA
16915 277 NA
16916 286 NA
16917 286 NA
16918 286 NA
16919 286 NA
16920 286 NA
16921 286 NA
16922 286 NA
16923 286 NA
16924 286 NA
16925 286 NA
16926 286 NA
16927 286 NA
16928 286 NA
16929 286 NA
16930 286 NA
16931 286 NA
16932 286 NA
16933 286 NA
16934 299 NA
16935 299 NA
16937 299 NA
16938 299 NA
16939 299 NA
16940 299 NA
16941 299 NA
16942 299 NA
16943 299 NA
16944 299 NA
16945 299 NA
16946 299 NA
16949 299 NA
16950 299 NA
16951 309 NA
16952 309 NA
16953 309 NA
16954 309 NA
16955 309 NA
16956 309 NA
16957 309 NA
16958 309 NA
16959 309 NA
16960 309 NA
16967 313 NA
16968 313 NA
16969 313 NA
16970 313 NA
16971 313 NA
16972 313 NA
16974 313 NA
16975 313 NA
16976 313 NA
16977 313 NA
16978 313 NA
16979 313 NA
16980 313 NA
16981 313 NA
16982 313 NA
16984 321 NA
16985 321 NA
16986 321 NA
16987 321 NA
16988 321 NA
16989 321 NA
16990 321 NA
16991 321 NA
16992 321 NA
16993 321 NA
16994 321 NA
16999 321 NA
17001 321 NA
17006 322 NA
17007 322 NA
17014 322 NA
17015 322 NA
17016 322 NA
17017 322 NA
17018 322 NA
17019 322 NA
17020 322 NA
17021 322 NA
17022 322 NA
17023 322 NA
17024 322 NA
17025 323 NA
17026 323 NA
17027 323 NA
17028 323 NA
17029 323 NA
17031 323 NA
17032 323 NA
17033 323 NA
17034 323 NA
17035 323 NA
17036 323 NA
17037 323 NA
17038 323 NA
17039 323 NA
17040 323 NA
17042 323 NA
17044 323 NA
17045 323 NA
17046 323 NA
17047 323 NA
17048 323 NA
17049 333 NA
17050 333 NA
17051 333 NA
17052 333 NA
17053 333 NA
17054 333 NA
17055 333 NA
17056 333 NA
17057 333 NA
17058 333 NA
17059 333 NA
17060 333 NA
17061 333 NA
17062 333 NA
17063 333 NA
17064 333 NA
17069 333 NA
17070 333 NA
17071 333 NA
17072 333 NA
17073 333 NA
17075 329 NA
17076 329 NA
17077 329 NA
17078 329 NA
17079 329 NA
17080 329 NA
17081 329 NA
17083 329 NA
17084 329 NA
17085 329 NA
17086 329 NA
17087 329 NA
17088 329 NA
17089 329 NA
17091 329 NA
17092 329 NA
17093 329 NA
17094 329 NA
17095 329 NA
17096 329 NA
17097 338 NA
17098 338 NA
17099 338 NA
17100 338 NA
17101 338 NA
17102 338 NA
17103 338 NA
17104 338 NA
17105 338 NA
17106 338 NA
17107 338 NA
17108 338 NA
17109 338 NA
17110 338 NA
17111 338 NA
17112 338 NA
17113 338 NA
17114 338 NA
17115 338 NA
17117 338 NA
17118 338 NA
17123 344 NA
17124 344 NA
17125 344 NA
17126 344 NA
17127 344 NA
17129 344 NA
17130 344 NA
17131 344 NA
17132 344 NA
17133 344 NA
17134 344 NA
17135 344 NA
17136 344 NA
17138 344 NA
17139 344 NA
17140 344 NA
17141 344 NA
17142 344 NA
17143 344 NA
17144 344 NA
17145 344 NA
17146 344 NA
17147 344 NA
