"Index" "Price" "Volume"
14019 4 10
14020 4 10
14021 4 10
14022 4 10
14023 3 10
14024 3 10
14025 3 10
14026 3 10
14027 3 10
14028 3 10
14029 4 10
14030 4 10
14031 4 10
14032 4 10
14033 4 10
14034 4 10
14035 4 10
14036 4 10
14037 4 10
14038 4 10
14039 4 10
14040 4 10
14041 4 10
14042 4 10
14043 4 10
14044 4 10
14045 3 10
14046 3 10
14047 3 10
14048 3 10
14049 3 10
14050 3 10
14051 3 10
14052 3 10
14053 3 10
14054 3 10
14055 3 10
14056 3 10
14057 3 10
14058 3 10
14059 3 10
14060 3 10
14061 3 10
14062 3 10
14063 3 10
14064 3 10
14065 3 10
14066 3 10
14067 3 10
14068 3 10
14069 3 10
14070 3 10
14071 4 10
14072 4 10
14073 4 10
14074 4 10
14075 4 10
14076 4 10
14077 4 10
14078 4 10
14079 4 10
14080 4 10
14081 3 10
14082 3 10
14083 4 10
14084 4 10
14085 3 10
14086 3 10
14087 4 10
14088 4 10
14089 4 10
14090 4 10
14091 4 10
14092 4 10
14093 4 10
14094 5 10
14095 5 10
14096 4 10
14097 4 10
14098 4 10
14099 4 10
14100 4 10
14101 4 10
14102 4 10
14103 4 10
14104 3 10
14105 3 10
14106 3 10
14107 3 10
14108 4 10
14109 4 10
14110 4 10
14111 4 10
14112 4 10
14113 4 10
14114 4 10
14115 4 10
14116 3 10
14117 3 10
14118 3 10
14119 4 10
14120 4 10
14121 4 10
14122 4 10
14123 4 10
14124 4 10
14125 4 10
14126 3 10
14127 3 10
14128 3 10
14129 3 10
14130 3 10
14131 3 10
14132 3 10
14133 3 10
14134 3 10
14135 3 10
14136 3 10
14137 3 10
14138 3 10
14139 3 10
14140 3 10
14141 3 10
14142 3 10
14143 3 10
14144 3 10
14145 3 10
14146 3 10
14147 3 10
14148 3 10
14149 4 10
14150 4 10
14151 3 10
14152 3 10
14153 3 10
14154 3 10
14155 4 10
14156 4 10
14157 4 10
14158 4 10
14159 4 10
14160 4 10
14161 4 10
14162 4 10
14163 4 10
14164 4 10
14165 4 10
14166 4 10
14167 4 10
14168 4 10
14169 4 10
14170 4 10
14171 4 10
14172 4 10
14173 4 10
14174 4 10
14175 3 10
14176 3 10
14177 3 10
14178 3 10
14179 3 10
14180 3 10
14181 3 10
14182 4 10
14183 4 10
14184 4 10
14185 4 10
14186 4 10
14187 4 10
14188 4 10
14189 4 10
14190 4 10
14191 3 10
14192 3 10
14193 3 10
14194 3 10
14195 3 10
14196 3 10
14197 3 10
14198 3 10
14199 3 10
14200 4 10
14201 3 10
14202 3 10
14203 3 10
14204 4 10
14205 4 10
14206 4 10
14207 3 10
14208 3 10
14209 3 10
14210 4 10
14211 4 10
14212 4 10
14213 4 10
14214 4 10
14215 4 10
14216 4 10
14217 4 10
14218 4 10
14219 4 10
14220 4 10
14221 4 10
14222 4 10
14223 4 10
14224 5 10
14225 5 10
14226 6 10
14227 7 10
14228 8 10
14229 9 10
14230 10 10
14231 10 10
14232 10 10
14233 10 10
14234 9 10
14235 7 10
14236 6 10
14237 5 10
14238 5 10
14239 4 10
14240 4 10
14241 3 10
14242 4 10
14243 4 10
14244 5 10
14245 5 10
14246 5 10
14247 5 10
14248 5 10
14249 5 10
14250 5 10
14251 5 10
14252 5 10
14253 5 10
14254 4 10
14255 4 10
14256 4 10
14257 4 10
14258 4 10
14259 4 10
14260 4 10
14261 4 10
14262 4 10
14263 4 10
14264 5 10
14265 5 10
14266 5 10
14267 5 10
14268 5 10
14269 4 10
14270 4 10
14271 5 10
14272 5 10
14273 5 10
14274 5 10
14275 4 10
14276 4 10
14277 4 10
14278 4 10
14279 4 10
14280 4 10
14281 4 10
14282 4 10
14283 4 10
14284 4 10
14285 4 10
14286 4 10
14287 4 10
14288 4 10
14289 4 10
14290 4 10
14291 4 10
14292 3 10
14293 3 10
14294 3 10
14295 3 10
14296 3 10
14297 3 10
14298 3 10
14299 3 10
14300 3 10
14301 3 10
14302 3 10
14303 3 10
14304 3 10
14305 3 10
14306 2 10
14307 3 10
14308 3 10
14309 3 10
14310 3 10
14311 3 10
14312 3 10
14313 3 10
14314 3 10
14315 3 10
14316 3 10
14317 3 10
14318 3 10
14319 3 10
14320 3 10
14321 3 10
14322 3 10
14323 3 10
14324 3 10
14325 3 10
14326 3 10
14327 3 10
14328 3 10
14329 3 10
14330 3 10
14331 3 10
14332 3 10
14333 3 10
14334 3 10
14335 3 10
14336 3 10
14337 3 10
14338 3 10
14339 3 10
14340 3 10
14341 3 10
14342 3 10
14343 3 10
14344 3 10
14345 3 10
14346 3 10
14347 3 10
14348 3 10
14349 3 10
14350 3 10
14351 3 10
14352 3 10
14353 3 10
14354 3 10
14355 3 10
14356 3 10
14357 3 10
14358 3 10
14359 3 10
14360 3 10
14361 3 10
14362 3 10
14363 2 10
14364 2 10
14365 2 10
14366 3 10
14367 3 10
14368 3 10
14369 3 10
14370 3 10
14371 3 10
14372 3 10
14373 3 10
14374 3 10
14375 3 10
14376 3 10
14377 3 10
14378 3 10
14379 3 10
14380 3 10
14381 3 10
14382 3 10
14383 3 10
14384 3 10
14385 3 10
14386 3 10
14387 3 10
14388 3 10
14389 3 10
14390 3 10
14391 3 10
14392 2 10
14393 2 10
14394 3 10
14395 3 10
14396 3 10
14397 3 10
14398 3 10
14399 3 10
14400 3 10
14401 3 10
14402 3 10
14403 3 10
14404 3 10
14405 3 10
14406 3 10
14407 3 10
14408 3 10
14409 3 10
14410 3 10
14411 3 10
14412 3 10
14413 3 10
14414 3 10
14415 3 10
14416 3 10
14417 3 10
14418 3 10
14419 3 10
14420 2 10
14421 2 10
14422 2 10
14423 3 10
14424 3 10
14425 3 10
14426 3 10
14428 3 10
14429 3 10
14430 3 10
14431 3 10
14432 3 10
14433 3 10
14434 3 10
14435 3 10
14436 3 10
14437 3 10
14438 3 10
14439 3 10
14440 2 10
14441 2 10
14442 3 10
14443 3 10
14444 3 10
14445 3 10
14446 4 10
14447 4 10
14448 4 10
14449 4 10
14450 4 10
14451 4 10
14452 3 10
14453 3 10
14454 3 10
14455 3 10
14456 3 10
14457 4 10
14458 4 10
14459 5 10
14460 5 10
14461 5 10
14462 4 10
14463 4 10
14464 4 10
14465 4 10
14466 4 10
14467 4 10
14468 4 10
14469 4 10
14470 4 10
14471 4 10
14472 3 10
14473 3 10
14474 3 10
14475 3 10
14476 3 10
14477 3 10
14478 3 10
14479 3 10
14480 3 10
14481 3 10
14482 3 10
14483 3 10
14484 3 10
14485 3 10
14486 3 10
14487 3 10
14488 3 10
14489 3 10
14490 3 10
14491 3 10
14492 4 10
14493 5 10
14494 5 10
14495 5 10
14496 5 10
14497 5 10
14498 5 10
14499 5 10
14500 4 10
14501 4 10
14502 4 10
14503 4 10
14504 4 10
14505 4 10
14506 4 10
14507 4 10
14508 3 10
14509 3 10
14510 3 10
14511 3 10
14512 4 10
14513 4 10
14514 4 10
14515 4 10
14516 4 10
14517 3 10
14518 3 10
14519 3 10
14520 3 10
14521 2 10
14522 4 10
14523 4 10
14524 4 10
14525 4 10
14526 4 10
14527 3 10
14528 3 10
14529 3 10
14530 3 10
14531 3 10
14532 4 10
14533 4 10
14534 4 10
14535 4 10
14536 3 10
14537 3 10
14538 3 10
14539 3 10
14540 3 10
14541 4 10
14542 3 10
14543 3 10
14544 3 10
14545 3 10
14546 3 10
14547 3 10
14548 4 10
14549 4 10
14550 4 10
14551 4 10
14552 4 10
14553 4 10
14554 4 10
14555 3 10
14556 3 10
14557 4 10
14558 3 10
14559 3 10
14560 3 10
14561 4 10
14562 3 10
14563 4 10
14564 4 10
14565 4 10
14566 5 10
14567 5 10
14568 4 10
14569 3 10
14570 3 10
14571 3 10
14572 3 10
14573 4 10
14574 4 10
14575 4 10
14576 4 10
14577 4 10
14578 4 10
14579 4 10
14580 4 10
14581 4 10
14582 4 10
14583 4 10
14584 5 10
14585 4 10
14586 4 10
14587 4 10
14588 4 10
14589 4 10
14590 4 10
14591 3 10
14592 4 10
14593 4 10
14594 4 10
14595 4 10
14596 4 10
14597 4 10
14598 4 10
14599 4 10
14600 4 10
14601 4 10
14602 4 10
14603 4 10
14604 4 10
14605 4 10
14606 4 10
14607 3 10
14608 3 10
14609 4 10
14610 4 10
14611 4 10
14612 4 10
14613 4 10
14614 4 10
14615 4 10
14616 4 10
14617 4 10
14618 3 10
14619 4 10
14620 4 10
14621 3 10
14622 3 10
14623 4 10
14624 4 10
14625 4 10
14626 4 10
14627 4 10
14628 4 10
14629 4 10
14630 5 10
14631 5 10
14632 5 10
14633 5 10
14634 5 10
14635 5 10
14636 5 10
14637 5 10
14638 5 10
14639 5 10
14640 5 10
14641 4 10
14642 4 10
14643 3 10
14644 3 10
14645 4 10
14646 4 10
14647 4 10
14648 5 10
14649 5 10
14650 4 10
14651 4 10
14652 5 10
14653 5 10
14654 5 10
14655 5 10
14656 5 10
14657 5 10
14658 5 10
14659 5 10
14660 5 10
14661 5 10
14662 5 10
14663 5 10
14664 5 10
14665 5 10
14666 5 10
14667 5 10
14668 4 10
14669 4 10
14670 4 10
14671 4 10
14672 4 10
14673 4 10
14674 4 10
14675 4 10
14676 4 10
14677 4 10
14678 3 10
14679 4 10
14680 4 10
14681 4 10
14682 4 10
14683 4 10
14684 4 10
14685 4 10
14686 5 10
14687 5 10
14688 6 10
14689 6 10
14690 8 10
14691 7 10
14692 7 10
14693 6 10
14694 6 10
14695 6 10
14696 6 10
14697 6 10
14698 6 10
14699 5 10
14700 5 10
14701 5 10
14702 5 10
14703 5 10
14704 5 10
14705 5 10
14706 5 10
14707 5 10
14708 5 10
14709 5 10
14710 5 10
14711 5 10
14712 5 10
14713 5 10
14714 5 10
14715 5 10
14716 5 10
14717 5 10
14718 6 10
14719 6 10
14720 6 10
14721 6 10
14722 7 10
14723 7 10
14724 7 10
14725 8 10
14726 9 10
14727 10 10
14728 10 10
14729 10 10
14730 10 10
14731 11 10
14732 11 10
14733 11 10
14734 13 10
14735 13 10
14736 15 10
14737 15 10
14738 15 10
14739 15 10
14740 15 10
14741 14 10
14742 13 10
14743 12 10
14744 11 10
14745 10 10
14746 9 10
14747 8 10
14748 6 10
14749 6 10
14750 5 10
14751 6 10
14752 6 10
14753 7 10
14754 8 10
14755 9 10
14756 9 10
14757 10 10
14758 10 10
14759 10 10
14760 11 10
14761 11 10
14762 12 10
14763 12 10
14764 13 10
14765 14 10
14766 15 10
14767 14 10
14768 14 10
14769 14 10
14770 14 10
14771 14 10
14772 14 10
14773 13 10
14774 12 10
14775 10 10
14776 9 10
14777 9 10
14778 7 10
14779 7 10
14780 8 10
14781 8 10
14782 8 10
14783 8 10
14784 9 10
14785 9 10
14786 8 10
14787 8 10
14788 8 10
14789 9 10
14790 9 10
14791 9 10
14792 9 10
14793 9 10
14794 10 10
14795 10 10
14796 10 10
14797 10 10
14798 12 10
14799 12 10
14800 12 10
14801 11 10
14802 10 10
14803 9 10
14804 9 10
14805 11 10
14806 11 10
14807 11 10
14808 10 10
14809 10 10
14810 11 10
14811 11 10
14812 11 10
14813 11 10
14814 11 10
14815 10 10
14816 10 10
14817 10 10
14818 9 10
14819 7 10
14820 7 10
14821 7 10
14822 6 10
14823 5 10
14824 5 10
14825 5 10
14826 6 10
14827 7 10
14828 8 10
14829 9 10
14830 9 10
14831 8 10
14832 6 10
14833 6 10
14834 5 10
14835 6 10
14836 7 10
14837 8 10
14838 8 10
14839 8 10
14840 9 10
14841 9 10
14842 9 10
14843 10 10
14844 10 10
14845 9 10
14846 9 10
14847 8 10
14848 8 10
14849 8 10
14850 7 10
14851 6 10
14852 5 10
14853 5 10
14854 6 10
14855 7 10
14856 8 10
14857 9 10
14858 9 10
14859 8 10
14860 8 10
14861 8 10
14862 9 10
14863 10 10
14864 10 10
14865 10 10
14866 10 10
14867 10 10
14868 10 10
14869 10 10
14870 10 10
14871 10 10
14872 11 10
14873 11 10
14874 11 10
14875 11 10
14876 11 10
14877 11 10
14878 11 10
14879 10 10
14880 9 10
14881 9 10
14882 8 10
14883 8 10
14884 8 10
14885 8 10
14886 8 10
14887 9 10
14888 9 10
14889 9 10
14890 8 10
14891 8 10
14892 7 10
14893 6 10
14894 6 10
14895 7 10
14896 8 10
14897 9 10
14898 9 10
14899 9 10
14900 9 10
14901 9 10
14902 9 10
14903 8 10
14904 8 10
14905 8 10
14906 8 10
14907 8 10
14908 8 10
14909 8 10
14910 8 10
14911 9 10
14912 9 10
14913 9 10
14914 9 10
14915 9 10
14916 9 10
14917 10 10
14918 10 10
14920 10 10
14921 10 10
14922 10 10
14923 10 10
14924 10 10
14925 10 10
14926 10 10
14927 10 10
14928 10 10
14929 10 10
14930 11 10
14931 11 10
14932 12 10
14933 12 10
14934 14 10
14935 14 10
14936 13 10
14937 13 10
14938 13 10
14939 14 10
14940 14 10
14941 13 10
14942 13 10
14943 13 10
14944 12 10
14945 11 10
14946 11 10
14947 10 10
14948 9 10
14949 10 10
14950 10 10
14951 10 10
14952 10 10
14953 10 10
14954 10 10
14955 10 10
14956 10 10
14957 10 10
14958 10 10
14959 10 10
14960 11 10
14961 11 10
14962 12 10
14963 12 10
14964 13 10
14965 12 10
14966 11 10
14967 10 10
14968 10 10
14969 9 10
14970 8 10
14971 8 10
14972 8 10
14973 8 10
14974 7 10
14975 7 10
14976 6 10
14979 7 10
14981 8 10
14985 8 10
14986 9 10
14987 8 10
14988 7 10
14990 6 10
14991 5 10
14992 4 10
14993 5 10
14996 6 10
14998 5 10
15001 4 10
15003 4 10
15005 5 10
15007 4 10
15008 3 10
15009 2 10
15013 2 10
15016 1 10
15019 2 10
15020 2 10
15023 3 10
15030 3 10
15033 3 10
15036 4 10
15038 4 10
15039 5 10
15044 5 10
15046 6 10
15050 6 10
15052 7 10
15055 5 10
15062 5 10
15069 5 10
15076 5 10
15078 4 10
15080 5 10
15081 4 10
15085 5 10
15092 5 10
15099 5 10
15101 5 10
15104 4 10
15106 4 10
15109 3 10
15110 3 10
15115 2 10
15116 2 10
15119 3 10
15120 2 10
15123 3 10
15125 3 10
15128 2 10
15130 2 10
15132 3 10
15139 3 10
15145 3 10
15149 2 10
15150 3 10
15157 3 10
15164 3 10
15171 3 10
15178 3 10
15185 3 10
15187 3 10
15191 4 10
15194 5 10
15196 4 10
15197 4 10
15199 5 10
15204 6 10
15211 6 10
15212 6 10
15215 5 10
15220 5 10
15221 6 10
15227 6 10
15229 5 10
15232 5 10
15235 4 10
15242 4 10
15244 4 10
15248 3 10
15250 3 10
15252 4 10
15259 4 10
15264 4 10
15268 5 10
15275 5 10
15282 5 10
15283 5 10
15284 4 10
15287 5 10
15289 6 10
15294 5 10
15297 6 10
15302 5 10
15307 5 10
15310 4 10
15314 4 10
15315 5 10
15316 5 10
15317 4 10
15318 3 10
15320 3 10
15321 4 10
15322 5 10
15324 5 10
15325 4 10
15326 4 10
15327 5 10
15328 5 10
15329 4 10
15330 5 10
15331 5 10
15332 4 10
15335 4 10
15336 5 10
15340 5 10
15341 5 10
15342 5 10
15343 5 10
15344 5 10
15345 4 10
15346 4 10
15347 4 10
15348 4 10
15349 4 10
15350 4 10
15351 3 10
15352 3 10
15353 4 10
15354 3 10
15355 2 10
15356 2 10
15357 3 10
15358 3 10
15359 3 10
15360 4 10
15361 4 10
15362 4 10.037037037037
15363 3 10.0740740740741
15364 4 10.1111111111111
15365 5 10.1481481481481
15366 5 10.1851851851852
15367 5 10.2222222222222
15368 5 10.2592592592593
15369 5 10.2962962962963
15370 4 10.3333333333333
15371 4 10.3703703703704
15372 4 10.4074074074074
15373 4 10.4444444444444
15374 4 10.4814814814815
15375 5 10.5185185185185
15376 5 10.5555555555556
15377 6 10.5925925925926
15378 6 10.6296296296296
15379 7 10.6666666666667
15380 7 10.7037037037037
15381 8 10.7407407407407
15382 8 10.7777777777778
15383 8 10.8148148148148
15384 9 10.8518518518519
15385 9 10.8888888888889
15386 10 10.9259259259259
15387 10 10.962962962963
15388 10 11
15389 9 13
15390 8 12
15391 7 11
15392 6 10
15393 6 10
15394 5 10
15395 6 10
15396 7 10
15397 8 10
15398 8 10
15399 9 10
15400 9 10
15401 10 10
15402 10 10
15403 10 10
15404 10 10
15405 10 10
15406 10 10
15407 10 10
15408 10 10
15409 9 10
15410 9 10
15411 8 10
15412 8 10
15413 7 10
15414 7 10
15415 7 10
15416 7 10
15417 7 10
15418 7 10
15419 7 10
15420 7 10
15421 6 10
15422 6 10
15423 6 10
15424 5 10
15425 5 10
15426 5 10
15427 6 10
15428 6 10
15429 6 10
15430 6 10
15431 6 10
15432 5 10
15433 5 10
15434 5 10
15435 6 10
15436 6 10
15437 7 10
15438 6 10
15439 5 10
15440 5 10
15441 4 10
15442 4 10
15443 4 10
15444 4 10
15445 5 10
15446 5 10
15447 5 10
15448 5 10
15449 5 10
15450 5 10
15451 5 10
15452 5 10
15453 5 10
15454 5 10
15455 5 10
15456 4 10
15457 5 10
15458 5 10
15459 5 10
15460 5 10
15461 5 10
15462 4 10
15463 4 10
15464 4 10
15465 4 10
15466 5 10
15467 5 10
15468 5 10
15469 4 10
15470 5 10
15471 6 10
15472 7 10
15473 7 10
15474 7 10
15475 7 10
15476 6 10
15477 6 10
15478 6 10
15479 6 10
15480 6 10
15481 6 10
15482 5 10
15483 5 10
15484 5 10
15485 5 10
15486 4 10
15487 3 10
15488 3 10
15489 4 10
15490 5 10
15491 5 10
15492 6 10
15493 6 10
15494 6 10
15495 7 10
15496 7 10
15497 7 10
15498 6 10
15499 5 10
15500 5 10
15501 4 10
15502 3 10
15503 4 10
15504 5 10
15505 5 10
15506 5 10
15507 5 10
15508 5 10
15509 5 10
15510 4 10
15511 4 10
15512 5 10
15513 6 10
15514 6 10
15515 6 10
15516 6 10
15517 6 10
15518 6 10
15519 6 10
15520 6 10
15521 6 10
15522 6 10
15523 6 10
15524 6 10
15525 5 10
15526 5 10
15527 5 10
15528 6 10
15529 6 10
15530 6 10
15531 6 10
15532 6 10
15533 6 10
15534 6 10
15535 6 10
15536 5 10
15537 5 10
15538 5 10
15539 6 10
15540 7 10
15541 7 10
15542 7 10
15543 7 10
15544 6 10
15545 7 10
15546 7 10
15547 7 10
15548 8 10
15549 7 10
15550 7 10
15551 6 10
15552 6 10
15553 6 10
15554 6 10
15555 6 10
15556 6 10
15557 5 10
15558 5 10
15559 5 10
15560 5 10
15561 5 10
15562 6 10
15563 6 10
15564 6 10
15565 6 10
15566 7 10
15567 7 10
15568 7 10
15569 8 10
15570 9 10
15571 10 10
15572 11 10
15573 12 10
15574 13 10
15575 13 10
15576 14 10
15577 15 10
15578 15 10
15579 15 10
15580 16 10
15581 16 10
15582 15 10
15583 14 10
15584 13 10
15585 12 10
15586 11 10
15587 10 10
15588 10 10
15589 9 10
15590 8 10
15591 8 10
15592 7 10
15593 7 10
15594 8 10
15595 8 10
15596 8 10
15597 8 10
15598 8 10
15599 8 10
15600 8 10
15601 8 10
15602 8 10
15603 8 10
15604 8 10
15605 7 10
15606 8 10
15607 8 10
15608 8 10
15609 8 10
15610 7 10
15611 8 10
15612 8 10
15613 8 10
15614 9 10
15615 8 10
15616 8 10
15617 9 10
15618 8 10
15619 7 10
15620 8 10
15621 8 10
15622 8 10
15623 8 10
15624 8 10
15625 8 10
15626 8 10
15627 8 10
15628 8 10
15629 8 10
15630 8 10
15631 8 10
15632 9 10
15633 9 10
15634 9 10
15635 9 10
15636 9 10
15637 9 10
15638 9 10
15639 9 10
15640 9 10
15641 8 10
15642 8 10
15643 8 10
15644 8 10
15645 8 10
15646 8 10
15647 8 10
15648 7 10
15649 7 10
15650 7 10
15651 7 10
15652 7 10
15653 7 10
15654 7 10
15655 7 10
15656 7 10
15657 7 10
15658 7 10
15659 6 10
15660 5 10
15661 5 10
15662 6 10
15663 6 10
15664 6 10
15665 6 10
15666 5 10
15667 5 10
15668 5 10
15669 6 10
15670 7 10
15671 8 10
15672 8 10
15673 9 10
15674 9 10
15675 9 10
15676 8 10
15677 8 10
15678 8 10
15679 8 10
15680 9 10
15681 9 10
15682 9 10
15683 9 10
15684 9 10
15685 9 10
15686 9 10
15687 9 10
15688 9 10
15689 9 10
15690 9 10
15691 9 10
15692 9 10
15693 9 10
15694 9 10
15695 9 10
15696 9 10
15697 9 10
15698 9 10
15699 10 10
15700 10 10
15701 10 10
15702 10 10
15703 9 10
15704 9 10
15705 9 10
15706 9 10
15707 8 10
15708 8 10
15709 8 10
15710 7 10
15711 7 10
15712 6 10
15713 6 10
15714 6 10
15715 6 10
15716 7 10
15717 8 10
15718 8 10
15719 8 10
15720 8 10
15721 8 10
15722 7 10
15723 7 10
15724 7 10
15725 7 10
15726 7 10
15727 7 10
15728 7 10
15729 8 10
15730 8 10
15731 8 10
15732 8 10
15733 8 10
15734 8 10
15735 8 10
15736 8 10
15737 8 10
15738 9 10
15739 9 10
15740 10 10
15741 10 10
15742 10 10
15743 10 10
15744 10 10
15745 10 10
15746 10 10
15747 9 10
15748 9 10
15749 8 10
15750 8 10
15751 8 10
15752 8 10
15753 8 10
15754 9 10
15755 9 10
15756 10 10
15757 10 10
15758 10 10
15759 10 10
15760 9 10
15761 9 10
15762 9 10
15763 10 10
15764 10 10
15765 10 10
15766 10 10
15767 10 10
15768 10 10
15769 11 10
15770 10 10
15771 10 10
15772 10 10
15773 10 10
15774 11 10
15775 11 10
15776 11 10
15777 11 10
15778 11 10
15779 11 10
15780 11 10
15781 11 10
15782 11 10
15783 11 10
15784 12 10
15785 12 10
15786 12 10
15787 13 10
15788 14 10
15789 14 10
15790 14 10
15791 14 10
15792 14 10
15793 14 10
15794 14 10
15795 14 10
15796 14 10
15797 14 10
15798 14 10
15799 14 10
15800 14 10
15801 15 10
15802 15 10
15803 15 10
15804 15 10
15805 15 10
15806 15 10
15807 16 10
15808 15 10
15809 15 10
15810 15 10
15811 15 10
15812 15 10
15813 15 10
15814 15 10
15815 14 10
15816 14 10
15817 14 10
15818 14 10
15819 13 10
15820 12 10
15821 12 10
15822 11 10
15823 11 10
15824 11 10
15825 11 10
15826 11 10
15827 11 10
15828 12 10
15829 12 10
15830 12 10
15831 11 10
15832 11 10
15833 11 10
15834 11 10
15835 11 10
15836 11 10
15837 11 10
15838 11 10
15839 11 10
15840 11 10
15841 11 10
15842 11 10
15843 12 10
15844 12 10
15845 12 10
15846 12 10
15847 12 10
15848 12 10
15849 12 10
15850 12 10
15851 13 10
15852 13 10
15853 14 10
15854 14 10
15855 14 10
15856 14 10
15857 13 10
15858 13 10
15859 13 10
15860 13 10
15861 13 10
15862 14 10
15863 14 10
15864 13 10
15865 13 10
15866 12 10
15867 11 10
15868 10 10
15869 10 10
15870 10 10
15871 10 10
15872 10 10
15873 10 10
15874 10 10
15875 10 10
15876 10 10
15877 10 10
15878 10 10
15879 11 10
15880 11 10
15881 11 10
15882 11 10
15883 11 10
15884 11 10
15885 11 10
15886 11 10
15887 11 10
15888 11 10
15889 11 10
15890 11 10
15891 12 10
15892 12 10
15893 12 10
15894 12 10
15895 13 10
15896 13 10
15897 13 10
15898 13 10
15899 14 10
15900 15 10
15901 15 10
15902 15 10
15903 15 10
15904 15 10
15905 16 10
15906 16 10
15907 16 10
15908 16 10
15909 16 10
15910 16 10
15911 16 10
15912 17 10
15913 18 10
15914 19 10
15915 19 10
15916 19 10
15917 19 10
15918 19 10
15919 18 10
15920 18 10
15921 19 10
15922 19 10
15923 19 10
15924 18 10
15925 19 10
15926 19 10
15927 18 10
15928 19 10
15929 19 10
15930 19 10
15931 19 10
15932 19 10
15933 18 10
15934 18 10
15935 17 10
15936 17 10
15937 16 10
15938 15 10
15939 15 10
15940 15 10
15941 15 10
15942 16 10
15943 16 10
15944 16 10
15945 16 10
15946 16 10
15947 16 10
15948 17 10
15949 17 10
15950 17 10
15951 17 10
15952 17 10
15953 17 10
15954 18 10
15955 18 10
15956 18 10
15957 18 10
15958 17 10
15959 17 10
15960 16 10
15961 15 10
15962 15 10
15963 15 10
15964 16 10
15965 16 10
15966 16 10
15967 16 10
15968 16 10
15969 16 10
15970 17 10
15971 17 10
15972 18 10
15973 18 10
15974 18 10
15975 18 10
15976 18 10
15977 17 10
15978 17 10
15979 16 10
15980 16 10
15981 16 10
15982 15 10
15983 15 10
15984 15 10
15985 15 10
15986 15 10
15987 15 10
15988 14 10
15989 14 10
15990 14 10
15991 14 10
15992 13 10
15993 13 10
15994 14 10
15995 14 10
15996 14 10
15997 14 10
15998 14 10
15999 13 10
16000 13 10
16001 12 10
16002 12 10
16003 11 10
16004 11 10
16005 10 10
16006 10 10
16007 10 10
16008 10 10
16009 10 10
16010 10 10
16011 10 10
16012 10 10
16013 10 10
16014 10 10
16015 11 10
16016 11 10
16017 11 10
16018 11 10
16019 11 10
16020 11 10
16021 10 10
16022 10 10
16023 10 10
16024 10 10
16025 9 10
16026 9 10
16027 9 10
16028 9 10
16029 9 10
16030 9 10
16031 9 10
16032 10 10
16033 10 10
16034 10 10
16035 10 10
16036 10 10
16037 10 10
16038 10 10
16039 10 10
16040 10 10
16041 10 10
16042 10 10
16043 11 10
16044 11 10
16045 11 10
16046 11 10
16047 11 10
16048 10 10
16049 10 10
16050 10 10
16051 10 10
16052 9 10
16053 9 10
16054 8 10
16055 8 10
16056 8 10
16057 8 10
16058 9 10
16059 9 10
16060 10 10
16061 10 10
16062 10 10
16063 11 10
16064 11 10
16065 11 10
16066 11 10
16067 10 10
16068 9 10
16069 9 10
16070 8 10
16071 8 10
16072 8 10
16073 8 10
16074 8 10
16075 8 10
16076 9 10
16077 9 10
16078 10 10
16079 10 10
16080 10 10
16081 10 10
16082 10 10
16083 10 10
16084 10 10
16085 10 10
16086 10 10
16087 10 10
16088 9 10
16089 9 10
16090 9 10
16091 9 10
16092 9 10
16093 9 10
16094 9 10
16095 9 10
16096 9 10
16097 9 10
16098 10 10
16099 10 10
16100 10 10
16101 10 10
16102 11 10
16103 12 10
16104 13 10
16105 13 10
16106 13 10
16107 13 10
16108 13 10
16109 13 10
16110 13 10
16111 14 10
16112 14 10
16113 15 10
16114 16 10
16115 16 10
16116 17 10
16117 17 10
16118 18 10
16119 18 10
16120 19 10
16121 19 10
16122 20 10
16123 21 10
16124 21 10
16125 22 10
16126 22 10
16127 24 10
16128 24 10
16129 25 10
16130 27 10
16131 27 10
16132 29 10
16133 29 10
16134 31 10
16135 31 10
16136 33 10
16137 33 10
16138 35 10
16139 36 10
16140 36 10
16141 36 10
16142 36 10
16143 36 10
16144 36 10
16145 35 10
16146 35 10
16147 34 10
16148 33 10
16149 33 10
16150 32 10
16151 32 10
16152 30 10
16153 28 10
16154 28 10
16155 26 10
16156 26 10
16157 25 10
16158 25 10
16159 24 10
16160 24 10
16161 24 10
16162 25 10
16163 25 10
16164 25 10
16165 25 10
16166 23 10
16167 21 10
16168 21 10
16169 20 10
16170 20 10
16171 20 10
16172 19 10
16173 19 10
16174 20 10
16175 20 10
16176 20 10
16177 20 10
16178 19 10
16179 19 10
16180 20 10
16181 20 10
16182 20 10
16183 20 10
16184 20 10
16185 20 10
16186 20 10
16187 20 10
16188 20 10
16189 21 10
16190 21 10
16191 23 10
16192 23 10
16193 25 10
16194 25 10
16195 27 10
16196 27 10
16197 28 10
16198 28 10
16199 30 10
16200 30 10
16201 30 10
16202 30 10
16203 30 10
16204 30 10
16205 30 10
16206 30 10
16207 30 10
16208 30 10
16209 30 10
16210 29 10
16211 29 10
16212 29 10
16213 29 10
16214 30 10
16215 30 10
16216 30 10
16217 29 10
16218 29 10
16219 30 10
16220 30 10
16221 28 10
16222 28 10
16223 26 10
16224 27 10
16225 27 10
16226 29 10
16227 29 10
16228 30 10
16229 30 10
16230 30 10
16231 30 10
16232 30 10
16233 30 10
16234 30 10
16235 30 10
16236 30 10
16237 30 10
16238 30 10
16239 30 10
16240 30 10
16241 28 10
16242 28 10
16243 26 10
16244 24 10
16245 24 10
16246 22 10
16247 22 10
16248 22 10
16249 22 10
16250 23 10
16251 23 10
16252 23 10
16253 22 10
16254 22 10
16255 22 10
16256 21 10
16257 21 10
16258 20 10
16259 20 10
16260 20 10
16261 19 10
16262 19 10
16263 18 10
16264 17 10
16265 16 10
16266 16 10
16267 16 10
16268 16 10
16269 16 10
16270 16 10
16271 16 10
16272 16 10
16273 16 10
16274 15 10
16275 14 10
16276 14 10
16277 13 10
16278 12 10
16279 11 10
16280 11 10
16281 10 10
16282 10 10
16283 9 10
16284 9 10
16285 10 10
16286 11 10
16287 11 10
16288 11 10
16289 11 10
16290 12 10
16291 13 10
16292 13 10
16293 13 10
16294 12 10
16295 12 10
16296 12 10
16297 12 10
16298 12 10
16299 11 10
16300 10 10
16301 9 10
16302 9 10
16303 8 10
16304 8 10
16305 8 10
16306 9 10
16307 9 10
16308 10 10
16309 10 10
16310 11 10
16311 11 10
16312 12 10
16313 12 10
16314 13 10
16315 14 10
16316 14 10
16317 15 10
16318 15 10
16319 15 10
16320 15 10
16321 16 10
16322 17 10
16323 17 10
16324 18 10
16325 18 10
16326 19 10
16327 19 10
16328 20 10
16329 20 10
16330 21 10
16331 21 10
16332 21 10
16333 19 10
16334 19 10
16335 18 10
16336 18 10
16337 19 10
16338 20 10
16339 20 10
16340 21 10
16341 21 10
16342 20 10
16343 20 10
16344 21 10
16345 21 10
16346 22 10
16347 22 10
16348 24 10
16349 24 10
16350 24 10
16351 24 10
16352 23 10
16353 23 10
16354 21 10
16355 21 10
16356 20 10
16357 20 10
16358 20 10
16359 21 10
16360 21 10
16361 22 10
16362 22 10
16363 22 10
16364 22 10
16365 22 10
16366 22 10
16367 22 10
16368 22 10
16369 22 10
16370 22 10
16371 22 10
16372 23 10
16373 23 10
16374 25 10
16375 25 10
16376 27 10
16377 27 10
16378 27 10
16379 27 10
16380 29 10
16381 29 10
16382 30 10
16383 30 10
16384 30 10
16385 28 10
16386 26 10
16387 26 10
16388 24 10
16389 22 10
16390 22 10
16391 21 10
16392 20 10
16393 20 10
16394 20 10
16395 19 10
16396 19 10
16397 20 10
16398 20 10
16399 20 10
16400 20 10
16401 21 10
16402 21 10
16403 22 10
16404 20 10
16405 20 10
16406 21 10
16407 20 10
16408 20 10
16409 20 10
16410 20 10
16411 20 10
16412 20 10
16413 20 10
16414 20 10
16415 21 10
16416 21 10
16417 21 10
16418 20 10
16419 20 10
16420 20 10
16421 21 10
16422 22 10
16423 22 10
16424 21 10
16425 20 10
16426 21 10
16427 21 10
16428 22 10
16429 21 10
16430 21 10
16431 23 10
16432 23 10
16433 24 10
16434 25 10
16435 27 10
16436 27 10
16437 27 10
16438 27 10
16439 27 10
16440 28 10
16441 28 10
16442 30 10
16443 31 10
16444 31 10
16445 30 10
16446 30 10
16447 30 10
16448 30 10
16449 31 10
16450 31 10
16451 31 10
16452 30 10
16453 28 10
16454 26 10
16455 24 10
16456 24 10
16457 25 10
16458 25 10
16459 27 10
16460 26 10
16461 26 10
16462 26 10
16463 25 10
16464 24 10
16465 24 10
16466 22 10
16467 22 10
16468 21 10
16469 21 10
16470 20 10
16471 20 10
16472 19 10
16473 19 10
16474 18 10
16475 18 10
16476 18 10
16477 18 10
16478 18 10
16479 18 10
16480 18 10
16481 18 10
16482 18 10
16483 19 10
16484 19 10
16485 19 10
16486 19 10
16487 19 10
16488 19 10
16489 18 10
16490 19 10
16491 19 10
16492 19 10
16493 19 10
16494 19 10
16495 19 10
16496 19 10
16497 19 10
16498 18 10
16499 18 10
16500 18 10
16501 17 10
16502 17 10
16503 17 10
16504 17 10
16505 17 10
16506 17 10
16507 17 10
16508 18 10
16509 18 10
16510 18 10
16511 17 10
16512 17 10
16513 17 10
16514 17 10
16515 17 10
16516 16 10
16517 16 10
16518 16 10
16519 16 10
16520 17 10
16521 17 10
16522 17 10
16523 17 10
16524 17 10
16525 17 10
16526 17 10
16527 17 10
16528 18 10
16529 18 10
16530 17 10
16531 17 10
16532 17 10
16533 18 10
16534 18 10
16535 19 10
16536 20 10
16537 21 10
16538 21 10
16539 22 10
16540 22 10
16541 24 10
16542 24 10
16543 25 10
16544 25 10
16545 26 10
16546 26 10
16547 25 10
16548 25 10
16549 24 10
16550 24 10
16551 22 10
16552 22 10
16553 21 10
16554 21 10
16555 20 10
16556 20 10
16557 20 10
16558 20 10
16559 19 10
16560 19 10
16561 19 10
16562 19 10
16563 18 10
16564 18 10
16565 18 10
16566 18 10
16567 18 10
16568 18 10
16569 18 10
16570 18 10
16571 17 10
16572 17 10
16573 17 10
16574 17 10
16575 17 10
16576 17 10
16577 16 10
16578 16 10
16579 16 10
16580 16 10
16581 15 10
16582 15 10
16583 15 10
16584 15 10
16585 15 10
16586 15 10
16587 15 10
16588 15 10
16589 15 10
16590 15 10
16591 15 10
16592 15 10
16593 15 10
16594 15 10
16595 15 10
16596 15 10
16597 14 10
16598 14 10
16599 13 10
16600 13 10
16601 12 10
16602 12 10
16603 13 10
16604 13 10
16605 14 10
16606 14 10
16607 14 10
16608 14 10
16609 14 10
16610 14 10
16611 13 10
16612 13 10
16613 12 10
16614 12 10
16615 12 10
16616 12 10
16617 13 10
16618 12 10
16619 12 10
16620 11 10
16621 11 10
16622 10 10
16623 10 10
16624 11 10
16625 11 10
16626 11 10
16627 11 10
16628 11 10
16629 11 10
16630 12 10
16631 12 10
16632 13 10
16633 13 10
16634 13 10
16635 13 10
16636 13 10
16637 13 10
16638 14 10
16639 14 10
16640 13 10
16641 13 10
16642 12 10
16643 12 10
16644 12 10
16645 12 10
16646 12 10
16647 12 10
16648 11 10
16649 11 10
16650 10 10
16651 11 10
16652 11 10
16653 11 10
16654 11 10
16655 12 10
16656 12 10
16657 13 10
16658 13 10
16659 13 10
16660 13 10
16661 12 10
16662 12 10
16663 11 10
16665 10 10
16666 10 10
16668 10 10
16669 10 10
16670 10 10
16671 9 10
16672 9 10
16673 9 10
16674 9 10
16675 10 10
16676 10 10
16677 9 10
16678 10 10
16679 10 10
16680 10 10
16681 10 10
16682 10 10
16683 9 10
16684 9 10
16686 9 10
16687 10 10
16688 10 10
16689 10 10
16690 10 10
16691 10 10
16692 10 10
16693 10 10
16694 10 10
16695 11 10
16696 11 10
16697 11 10
16698 11 10
16699 11 10
16700 12 10
16701 12 10
16702 12 10
16703 12 10
16704 12 10
16705 11 10
16706 11 10
16707 10 10
16708 10 10
16709 11 10
16710 11 10
16711 12 10
16712 12 10
16715 11 10
16717 11 10
16719 11 10
16720 12 10
16721 12 10
16722 13 10
16723 13 10
16724 13 10
16725 14 10
16726 14 10
16727 14 10
16728 15 10
16730 15 10
16731 15 10
16732 15 10
16733 15 10
16734 16 10
16735 16 10
16736 15 10
16737 15 10
16738 14 10
16739 14 10
16740 15 10
16741 15 10
16742 15 10
16743 15 10
16744 15 10
16745 15 10
16746 15 10
16747 15 10
16748 15 10
16749 14 10
16750 14 10
16751 14 10
16752 14 10
16753 15 10
16754 15 10
16755 15 10
16756 15 10
16757 14 10
16759 14 10
16760 14 10
16761 14 10
16762 14 10
16763 15 10
16764 15 10
16765 16 10
16766 16 10
16767 16 10
16768 16 10
16769 16 10
16770 16 10
16771 16 10
16772 16 10
16773 16 10
16774 17 10
16775 17 10
16777 17 10
16778 17 10
16779 18 10
16780 18 10
16781 19 10
16782 19 10
16783 19 10
16784 19 10
16785 19 10
16786 19 10
16787 18 10
16788 18 10
16789 18 10
16790 18 10
16791 18 10
16792 18 10
16793 19 10
16794 19 10
16795 19 10
16796 19 10
16797 20 10
16798 20 10
16799 21 10
16800 21 10
16801 23 10
16802 23 10
16803 25 10
16804 25 10
16807 27 10
16808 27 10
16809 29 10
16810 29 10
16811 30 10
16812 30 10
16813 32 10
16814 32 10
16815 34 10
16816 34 10
16817 36 10
16818 36 10
16820 38 10
16821 40 10
16823 42 10
16824 42 10
16825 45 10
16826 48 10
16827 48 10
16828 51 10
16829 51 10
16830 53 10
16831 53 10
16832 50 10
16833 50 10
16834 47 10
16835 47 10
16836 44 10
16837 41 10
16838 41 10
16839 39 10
16840 38 10
16841 37 10
16842 37 10
16843 36 10
16844 36 10
16845 36 10
16847 37 10
16849 36 10
16850 36 10
16851 38 10
16852 38 10
16853 38 10
16854 38 10
16855 37 10
16856 37 10
16857 36 10
16858 36 10
16859 37 10
16860 37 10
16861 37 10
16862 37 10
16863 38 10
16864 38 10
16865 38 10
16866 38 10
16867 39 10
16869 38 10
16870 38 10
16871 38 10
16872 38 10
16873 38 10
16874 38 10
16875 38 10
16876 36 10
16878 37 10
16879 37 10
16880 36 10
16881 36 10
16884 34 10
16885 34 10
16886 34 10
16887 35 10
16888 35 10
16889 33 10
16890 33 10
16892 31 10
16893 29 10
16894 29 10
16895 27 10
16896 27 10
16897 25 10
16898 25 10
16899 25 10
16900 24 10
16901 24 10
16902 23 10
16903 23 10
16904 23 10
16905 23 10
16906 24 10
16907 24 10
16908 24 10
16909 24 10
16910 23 10
16911 24 10
16912 24 10
16913 25 10
16914 25 10
16915 26 10
16916 27 10
16917 27 10
16918 28 10
16919 28 10
16920 29 10
16921 29 10
16922 27 10
16923 27 10
16924 28 10
16925 28 10
16926 29 10
16927 29 10
16928 28 10
16929 28 10
16930 26 10
16931 26 10
16932 25 10
16933 25 10
16934 26 10
16935 26 10
16937 26 10
16938 26 10
16939 27 10
16940 27 10
16941 28 10
16942 28 10
16943 29 10
16944 29 10
16945 27 10
16946 27 10
16949 28 10
16950 28 10
16951 29 10
16952 29 10
16953 30 10
16954 30 10
16955 30 10
16956 30 10
16957 30 10
16958 29 10
16959 29 10
16960 28 10
16967 29 10
16968 29 10
16969 29 10
16970 29 10
16971 29 10
16972 30 10
16974 30 10
16975 30 10
16976 30 10
16977 30 10
16978 30 10
16979 30 10
16980 30 10
16981 30 10
16982 30 10
16984 30 10
16985 30 10
16986 30 10
16987 30 10
16988 30 10
16989 30 10
16990 30 10
16991 30 10
16992 30 10
16993 30 10
16994 30 10
16999 30 10
17001 31 10
17006 35 10
17007 35 10
17014 35 10
17015 35 10
17016 34 10
17017 34 10
17018 35 10
17019 35 10
17020 35 10
17021 35 10
17022 37 10
17023 37 10
17024 37 10
17025 37 10
17026 39 10
17027 39 10
17028 39 10
17029 41 10
17031 41 10
17032 40 10
17033 40 10
17034 40 10
17035 40 10
17036 42 10
17037 42 10
17038 45 10
17039 45 10
17040 45 10
17042 48 10
17044 51 10
17045 51 10
17046 51 10
17047 51 10
17048 51 10
17049 51 10
17050 49 10
17051 49 10
17052 49 10
17053 50 10
17054 50 10
17055 51 10
17056 51 10
17057 51 10
17058 50 10
17059 50 10
17060 50 10
17061 52 10
17062 52 10
17063 55 10
17064 55 10
17069 55 10
17070 55 10
17071 57 10
17072 57 10
17073 57 10
17075 57 10
17076 60 10
17077 60 10
17078 60 10
17079 58 10
17080 58 10
17081 58 10
17083 60 10
17084 60 10
17085 60 10
17086 60 10
17087 58 10
17088 58 10
17089 58 10
17091 58 10
17092 58 10
17093 58 10
17094 57 10
17095 57 10
17096 57 10
17097 57 10
17098 57 10
17099 57 10
17100 55 10
17101 55 10
17102 55 10
17103 54 10
17104 54 10
17105 54 10
17106 54 10
17107 54 10
17108 54 10
17109 55 10
17110 55 10
17111 55 10
17112 55 10
17113 55 10
17114 57 10
17115 57 10
17117 60 10
17118 60 10
17123 60 10
17124 60 10
17125 60 10
17126 60 10
17127 60 10
17129 59 10
17130 59 10
17131 59 10
17132 60 10
17133 60 10
17134 60 10
17135 61 10
17136 61 10
17138 60 10
17139 60 10
17140 58 10
17141 58 10
17142 58 10
17143 56 10
17144 56 10
17145 53 10
17146 53 10
17147 50 10
