"Index" "Price" "Volume"
16196 7578 NA
16197 7578 NA
16198 7908 NA
16199 7908 NA
16200 7908 NA
16201 7908 NA
16202 8080 NA
16203 8252 NA
16204 8252 NA
16205 8252 NA
16206 8252 NA
16207 8490 NA
16208 8490 NA
16209 8490 NA
16210 8490 NA
16211 8490 NA
16212 8863 NA
16213 8863 NA
16214 8863 NA
16215 8863 NA
16216 8863 NA
16217 8863 NA
16218 8863 NA
16219 8863 NA
16220 9209 NA
16221 9209 NA
16222 9209 NA
16223 9209 NA
16224 9209 NA
16225 9639 NA
16226 9639 NA
16227 9639 NA
16228 9639 NA
16229 9639 NA
16230 9639 NA
16231 9884 NA
16232 9884 NA
16233 9884 NA
16234 9884 NA
16235 9884 NA
16236 9884 NA
16237 9884 NA
16238 10129 NA
16239 10129 NA
16240 10129 NA
16241 10129 NA
16242 10129 NA
16243 10129 NA
16244 10129 NA
16245 10484 NA
16246 10484 NA
16247 10484 NA
16248 10484 NA
16249 10484 NA
16250 10484 NA
16251 10484 NA
16252 10484 NA
16253 10899 NA
16254 10899 NA
16255 10899 NA
16256 10899 NA
16257 10899 NA
16258 10899 NA
16259 10899 NA
16260 10899 NA
16261 11275 NA
16262 11275 NA
16263 11275 NA
16264 11275 NA
16265 11275 NA
16266 11275 NA
16267 11275 NA
16268 11275 NA
16269 11743 NA
16270 11743 NA
16271 11743 NA
16272 11743 NA
16273 11743 NA
16274 11743 NA
16275 12095 NA
16276 12095 NA
16277 12095 NA
16278 12095 NA
16279 12306 NA
16280 12306 NA
16281 12906 NA
16282 13539 NA
16283 14216 NA
16284 14924 NA
16285 15671 NA
16286 16455 NA
16287 16455 NA
16288 16921 NA
16289 16921 NA
16290 17435 NA
16291 17435 NA
16292 18127 NA
16293 18127 NA
16294 18732 NA
16295 18732 NA
16296 19256 NA
16297 19256 NA
16298 19256 NA
16299 19256 NA
16300 19380 NA
16301 19583 NA
16302 19583 NA
16303 19693 NA
16304 19693 NA
16305 19838 NA
16306 20232 NA
16307 20667 NA
16308 20776 NA
16309 20776 NA
16310 21309 NA
16311 21821 NA
16312 21821 NA
16313 22402 NA
16314 22854 NA
16315 23239 NA
16316 23239 NA
16317 23548 NA
16318 23548 NA
16319 23437 NA
16320 23437 NA
16321 22471 NA
16322 22471 NA
16323 21348 NA
16324 21348 NA
16325 20280 NA
16326 20280 NA
16327 19275 NA
16328 19275 NA
16329 19212 NA
16330 19212 NA
16331 19563 NA
16332 19563 NA
16333 19585 NA
16334 19522 NA
16335 19522 NA
16336 18908 NA
16337 18908 NA
16338 19034 NA
16339 19034 NA
16340 19346 NA
16341 19346 NA
16342 20183 NA
16343 20183 NA
16344 20241 NA
16345 20241 NA
16346 19686 NA
16347 19686 NA
16348 20220 NA
16349 20220 NA
16350 20816 NA
16351 20816 NA
16352 21300 NA
16353 21300 NA
16354 21319 NA
16355 21319 NA
16356 21407 NA
16357 21407 NA
16358 21337 NA
16359 21337 NA
16360 20844 NA
16361 20844 NA
16362 19887 NA
16363 19887 NA
16364 19299 NA
16365 19299 NA
16366 19299 NA
16367 18831 NA
16368 18831 NA
16369 18413 NA
16370 18413 NA
16371 17989 NA
16372 17989 NA
16373 17567 NA
16374 17567 NA
16375 17567 NA
16376 17307 NA
16377 17307 NA
16378 17245 NA
16379 17245 NA
16380 16790 NA
16381 16790 NA
16382 17078 NA
16383 17321 NA
16384 17321 NA
16385 17321 NA
16386 17729 NA
16387 17729 NA
16388 18369 NA
16389 18369 NA
16390 19191 NA
16391 19191 NA
16392 19016 NA
16393 19016 NA
16394 19402 NA
16395 19402 NA
16396 19717 NA
16397 19717 NA
16398 19593 NA
16399 19593 NA
16400 20128 NA
16401 20128 NA
16402 20404 NA
16403 20102 NA
16404 20118 NA
16405 20118 NA
16406 20046 NA
16407 20046 NA
16408 19310 NA
16409 19310 NA
16410 18381 NA
16411 18049 NA
16412 18049 NA
16413 18080 NA
16414 18080 NA
16415 17760 NA
16416 18262 NA
16417 18262 NA
16418 18097 NA
16419 18097 NA
16420 18399 NA
16421 18099 NA
16422 18435 NA
16423 18435 NA
16424 18958 NA
16425 18958 NA
16426 19178 NA
16427 19178 NA
16428 19937 NA
16429 20663 NA
16430 20663 NA
16431 21055 NA
16432 21055 NA
16433 21701 NA
16434 22587 NA
16435 23150 NA
16436 23150 NA
16437 23379 NA
16438 23957 NA
16439 24246 NA
16440 23828 NA
16441 23828 NA
16442 23327 NA
16443 23172 NA
16444 23172 NA
16445 22172 NA
16446 22172 NA
16447 21856 NA
16448 21856 NA
16449 22050 NA
16450 21389 NA
16451 21389 NA
16452 21265 NA
16453 21335 NA
16454 20770 NA
16455 20510 NA
16456 20510 NA
16457 20048 NA
16458 19725 NA
16459 20066 NA
16460 19849 NA
16461 19647 NA
16462 19647 NA
16463 19539 NA
16464 19086 NA
16465 19086 NA
16466 18666 NA
16467 18666 NA
16468 18007 NA
16469 18007 NA
16470 17525 NA
16471 17525 NA
16472 17399 NA
16473 17399 NA
16474 17545 NA
16475 17411 NA
16476 17411 NA
16477 17264 NA
16478 17264 NA
16479 16954 NA
16480 16954 NA
16481 17276 NA
16482 17639 NA
16483 17639 NA
16484 17786 NA
16485 17786 NA
16486 17829 NA
16487 17829 NA
16488 17829 NA
16489 17275 NA
16490 17558 NA
16491 17558 NA
16492 17599 NA
16493 17599 NA
16494 17982 NA
16495 17982 NA
16496 18020 NA
16497 18020 NA
16498 18194 NA
16499 18194 NA
16500 18196 NA
16501 18021 NA
16502 18021 NA
16503 18180 NA
16504 18180 NA
16505 18091 NA
16506 18091 NA
16507 17941 NA
16508 17761 NA
16509 17633 NA
16510 17633 NA
16511 17779 NA
16512 18341 NA
16513 18341 NA
16514 18170 NA
16515 18170 NA
16516 18087 NA
16517 18087 NA
16518 17978 NA
16519 17978 NA
16520 17617 NA
16521 17617 NA
16522 17294 NA
16523 17065 NA
16524 17065 NA
16525 16607 NA
16526 16607 NA
16527 16429 NA
16528 16429 NA
16529 16819 NA
16530 16819 NA
16531 17088 NA
16532 17088 NA
16533 16884 NA
16534 16884 NA
16535 16524 NA
16536 16524 NA
16537 16721 NA
16538 16721 NA
16539 16721 NA
16540 16628 NA
16541 16628 NA
16542 16628 NA
16543 16827 NA
16544 16827 NA
16545 16845 NA
16546 16845 NA
16547 16845 NA
16548 17526 NA
16549 17526 NA
16550 17526 NA
16551 18045 NA
16552 18045 NA
16553 18460 NA
16554 18460 NA
16555 18998 NA
16556 18998 NA
16557 18575 NA
16558 18575 NA
16559 18418 NA
16560 18418 NA
16561 18568 NA
16562 18568 NA
16563 18568 NA
16564 18217 NA
16565 18217 NA
16566 18213 NA
16567 18213 NA
16568 18213 NA
16569 18159 NA
16570 18159 NA
16571 18335 NA
16572 18335 NA
16573 18927 NA
16574 18927 NA
16575 18927 NA
16576 19391 NA
16577 19391 NA
16578 19391 NA
16579 19345 NA
16580 19345 NA
16581 19401 NA
16582 19401 NA
16583 19904 NA
16584 19904 NA
16585 19904 NA
16586 19658 NA
16587 19658 NA
16588 19658 NA
16589 19301 NA
16590 19301 NA
16591 19301 NA
16592 19035 NA
16593 19035 NA
16594 19035 NA
16595 19068 NA
16596 19068 NA
16597 19068 NA
16598 18578 NA
16599 18578 NA
16600 18578 NA
16601 18457 NA
16602 18457 NA
16603 18457 NA
16604 18353 NA
16605 18353 NA
16606 18627 NA
16607 18627 NA
16608 18627 NA
16609 18467 NA
16610 18467 NA
16611 18467 NA
16612 18468 NA
16613 18468 NA
16614 18468 NA
16615 17795 NA
16616 17795 NA
16617 17795 NA
16618 17368 NA
16619 17368 NA
16620 17532 NA
16621 17532 NA
16622 17532 NA
16623 18062 NA
16624 18062 NA
16625 18254 NA
16626 18254 NA
16627 18881 NA
16628 18881 NA
16629 19733 NA
16630 19733 NA
16631 20571 NA
16632 20571 NA
16633 20952 NA
16634 20952 NA
16635 21299 NA
16636 21299 NA
16637 22005 NA
16638 22005 NA
16639 21435 NA
16640 21435 NA
16641 20693 NA
16642 20177 NA
16643 20177 NA
16644 19697 NA
16645 19098 NA
16646 19098 NA
16647 18753 NA
16648 18753 NA
16649 18386 NA
16650 18386 NA
16651 17824 NA
16652 17824 NA
16653 17824 NA
16654 17527 NA
16655 17527 NA
16656 17622 NA
16657 17622 NA
16658 17431 NA
16659 17431 NA
16660 17298 NA
16661 17298 NA
16662 17591 NA
16663 17591 NA
16665 17848 NA
16666 17664 NA
16668 17600 NA
16669 17600 NA
16670 17872 NA
16671 17872 NA
16672 17937 NA
16673 17937 NA
16674 17937 NA
16675 17602 NA
16676 17602 NA
16677 17602 NA
16678 16882 NA
16679 16882 NA
16680 16882 NA
16681 16285 NA
16682 16285 NA
16683 16285 NA
16684 16189 NA
16686 16189 NA
16687 16782 NA
16688 16782 NA
16689 16782 NA
16690 17309 NA
16691 17309 NA
16692 17330 NA
16693 17330 NA
16694 17330 NA
16695 17653 NA
16696 17653 NA
16697 17653 NA
16698 17653 NA
16699 17809 NA
16700 17809 NA
16701 17809 NA
16702 17809 NA
16703 17382 NA
16704 17382 NA
16705 17382 NA
16706 17382 NA
16707 17377 NA
16708 17377 NA
16709 17377 NA
16710 17385 NA
16711 17385 NA
16712 17385 NA
16715 17806 NA
16717 17969 NA
16719 18271 NA
16720 18271 NA
16721 18271 NA
16722 18981 NA
16723 18981 NA
16724 18981 NA
16725 18981 NA
16726 19020 NA
16727 19020 NA
16728 19020 NA
16730 19832 NA
16731 19832 NA
16732 20051 NA
16733 20051 NA
16734 20051 NA
16735 20282 NA
16736 20282 NA
16737 20282 NA
16738 20178 NA
16739 20178 NA
16740 20178 NA
16741 20051 NA
16742 20051 NA
16743 20051 NA
16744 20224 NA
16745 20224 NA
16746 20224 NA
16747 20322 NA
16748 20322 NA
16749 20322 NA
16750 20459 NA
16751 20459 NA
16752 20459 NA
16753 20459 NA
16754 19742 NA
16755 19742 NA
16756 19742 NA
16757 18902 NA
16759 18902 NA
16760 18902 NA
16761 18503 NA
16762 18503 NA
16763 18503 NA
16764 18198 NA
16765 18198 NA
16766 18198 NA
16767 18372 NA
16768 18372 NA
16769 18372 NA
16770 18466 NA
16771 18466 NA
16772 18466 NA
16773 18412 NA
16774 18412 NA
16775 18412 NA
16777 18587 NA
16778 18587 NA
16779 19213 NA
16780 19213 NA
16781 20026 NA
16782 20026 NA
16783 20026 NA
16784 20220 NA
16785 20220 NA
16786 20220 NA
16787 20783 NA
16788 20783 NA
16789 20783 NA
16790 20810 NA
16791 20810 NA
16792 20810 NA
16793 20909 NA
16794 20909 NA
16795 20909 NA
16796 20909 NA
16797 20372 NA
16798 20372 NA
16799 20372 NA
16800 20318 NA
16801 20318 NA
16802 20318 NA
16803 20223 NA
16804 20223 NA
16807 20574 NA
16808 20556 NA
16809 20556 NA
16810 20556 NA
16811 20780 NA
16812 20780 NA
16813 20771 NA
16814 20771 NA
16815 20771 NA
16816 19839 NA
16817 19839 NA
16818 19839 NA
16820 19332 NA
16821 19332 NA
16823 19125 NA
16824 19125 NA
16825 19402 NA
16826 19402 NA
16827 19402 NA
16828 19402 NA
16829 19233 NA
16830 19233 NA
16831 19233 NA
16832 19233 NA
16833 19233 NA
16834 18568 NA
16835 18568 NA
16836 18568 NA
16837 18282 NA
16838 18282 NA
16839 18282 NA
16840 18526 NA
16841 18526 NA
16842 18526 NA
16843 18526 NA
16844 18829 NA
16845 18829 NA
16847 19389 NA
16849 19389 NA
16850 20002 NA
16851 20002 NA
16852 20002 NA
16853 20703 NA
16854 20703 NA
16855 20703 NA
16856 20703 NA
16857 21291 NA
16858 21291 NA
16859 21291 NA
16860 21291 NA
16861 21523 NA
16862 21523 NA
16863 21523 NA
16864 21523 NA
16865 22073 NA
16866 22073 NA
16867 22073 NA
16869 22428 NA
16870 22428 NA
16871 22428 NA
16872 22935 NA
16873 22935 NA
16874 22935 NA
16875 23914 NA
16876 23914 NA
16878 23914 NA
16879 24626 NA
16880 24626 NA
16881 24626 NA
16884 25223 NA
16885 25815 NA
16886 25815 NA
16887 25815 NA
16888 25815 NA
16889 26627 NA
16890 26627 NA
16892 27727 NA
16893 27727 NA
16894 27696 NA
16895 27696 NA
16896 27696 NA
16897 26371 NA
16898 26371 NA
16899 26371 NA
16900 26371 NA
16901 25894 NA
16902 25894 NA
16903 25894 NA
16904 25894 NA
16905 25709 NA
16906 25709 NA
16907 25709 NA
16908 25709 NA
16909 26115 NA
16910 26115 NA
16911 26115 NA
16912 26115 NA
16913 26070 NA
16914 26070 NA
16915 26070 NA
16916 26354 NA
16917 26354 NA
16918 26354 NA
16919 26059 NA
16920 26059 NA
16921 26059 NA
16922 25462 NA
16923 25462 NA
16924 25462 NA
16925 25462 NA
16926 24359 NA
16927 24359 NA
16928 24359 NA
16929 24359 NA
16930 23613 NA
16931 23613 NA
16932 23613 NA
16933 23613 NA
16934 23372 NA
16935 23372 NA
16937 23430 NA
16938 23430 NA
16939 23430 NA
16940 23430 NA
16941 23430 NA
16942 23042 NA
16943 23042 NA
16944 23042 NA
16945 23508 NA
16946 23508 NA
16949 23508 NA
16950 24048 NA
16951 24048 NA
16952 24048 NA
16953 24048 NA
16954 24798 NA
16955 24798 NA
16956 24798 NA
16957 24798 NA
16958 24783 NA
16959 24783 NA
16960 24783 NA
16967 22749 NA
16968 22749 NA
16969 22749 NA
16970 23294 NA
16971 23294 NA
16972 23294 NA
16974 23294 NA
16975 23562 NA
16976 23562 NA
16977 23562 NA
16978 24310 NA
16979 24310 NA
16980 24310 NA
16981 24949 NA
16982 24949 NA
16984 23919 NA
16985 23919 NA
16986 23919 NA
16987 23919 NA
16988 22988 NA
16989 22988 NA
16990 22296 NA
16991 22296 NA
16992 22296 NA
16993 22296 NA
16994 22528 NA
16999 22243 NA
17001 22243 NA
17006 23995 NA
17007 23995 NA
17014 24255 NA
17015 24255 NA
17016 25037 NA
17017 25037 NA
17018 25037 NA
17019 25037 NA
17020 25037 NA
17021 25037 NA
17022 25060 NA
17023 25060 NA
17024 25060 NA
17025 25060 NA
17026 25635 NA
17027 25635 NA
17028 25635 NA
17029 25635 NA
17031 26067 NA
17032 26067 NA
17033 26067 NA
17034 26067 NA
17035 26067 NA
17036 26610 NA
17037 26610 NA
17038 26610 NA
17039 26610 NA
17040 27329 NA
17042 27329 NA
17044 27329 NA
17045 28113 NA
17046 28113 NA
17047 28113 NA
17048 28113 NA
17049 28113 NA
17050 28113 NA
17051 27671 NA
17052 27671 NA
17053 27671 NA
17054 27671 NA
17055 27671 NA
17056 27671 NA
17057 27973 NA
17058 27973 NA
17059 27973 NA
17060 27973 NA
17061 27973 NA
17062 27973 NA
17063 27412 NA
17064 27412 NA
17069 27412 NA
17070 27289 NA
17071 27289 NA
17072 27289 NA
17073 27289 NA
17075 27507 NA
17076 27507 NA
17077 27507 NA
17078 27507 NA
17079 27507 NA
17080 26893 NA
17081 26893 NA
17083 26893 NA
17084 26893 NA
17085 26893 NA
17086 26892 NA
17087 26892 NA
17088 26892 NA
17089 26892 NA
17091 26892 NA
17092 26389 NA
17093 26389 NA
17094 26389 NA
17095 26389 NA
17096 26389 NA
17097 26389 NA
17098 26173 NA
17099 26173 NA
17100 26173 NA
17101 26173 NA
17102 26173 NA
17103 26173 NA
17104 25899 NA
17105 25899 NA
17106 25899 NA
17107 25899 NA
17108 25899 NA
17109 25899 NA
17110 25899 NA
17111 26174 NA
17112 26174 NA
17113 26174 NA
17114 26174 NA
17115 26174 NA
17117 26174 NA
17118 25762 NA
17123 25762 NA
17124 25762 NA
17125 25140 NA
17126 25140 NA
17127 25140 NA
17129 25140 NA
17130 25140 NA
17131 25140 NA
17132 24308 NA
17133 24308 NA
17134 24308 NA
17135 24308 NA
17136 24308 NA
17138 23564 NA
17139 23564 NA
17140 23564 NA
17141 23564 NA
17142 23564 NA
17143 23564 NA
17144 22781 NA
17145 22781 NA
17146 22781 NA
17147 22781 NA
