"Index" "Price" "Volume"
15936 353 NA
15937 353 NA
15938 353 NA
15939 353 NA
15940 353 NA
15941 353 NA
15942 353 NA
15943 353 NA
15944 353 NA
15945 353 NA
15946 353 NA
15947 353 NA
15948 353 NA
15949 353 NA
15950 353 NA
15951 353 NA
15952 353 NA
15953 353 NA
15954 353 NA
15955 353 NA
15956 353 NA
15957 353 NA
15958 353 NA
15959 353 NA
15960 353 NA
15961 353 NA
15962 353 NA
15963 353 NA
15964 353 NA
15965 353 NA
15966 353 NA
15967 353 NA
15968 353 NA
15969 353 NA
15970 353 NA
15971 353 NA
15972 353 NA
15973 353 NA
15974 353 NA
15975 353 NA
15976 353 NA
15977 353 NA
15978 353 NA
15979 353 NA
15980 353 NA
15981 353 NA
15982 353 NA
15983 353 NA
15984 353 NA
15985 353 NA
15986 353 NA
15987 353 NA
15988 353 NA
15989 353 NA
15990 353 NA
15991 353 NA
15992 353 NA
15993 353 NA
15994 353 NA
15995 353 NA
15996 353 NA
15997 353 NA
15998 363 NA
15999 363 NA
16000 363 NA
16001 363 NA
16002 363 NA
16003 363 NA
16004 363 NA
16005 363 NA
16006 363 NA
16007 363 NA
16008 363 NA
16009 363 NA
16010 363 NA
16011 363 NA
16012 363 NA
16013 363 NA
16014 363 NA
16015 363 NA
16016 363 NA
16017 363 NA
16018 363 NA
16019 363 NA
16020 363 NA
16021 363 NA
16022 363 NA
16023 363 NA
16024 363 NA
16025 363 NA
16026 363 NA
16027 363 NA
16028 363 NA
16029 363 NA
16030 363 NA
16031 363 NA
16032 363 NA
16033 363 NA
16034 363 NA
16035 363 NA
16036 363 NA
16037 363 NA
16038 363 NA
16039 363 NA
16040 363 NA
16041 363 NA
16042 363 NA
16043 363 NA
16044 363 NA
16045 363 NA
16046 363 NA
16047 363 NA
16048 363 NA
16049 363 NA
16050 363 NA
16051 381 NA
16052 381 NA
16053 381 NA
16054 381 NA
16055 381 NA
16056 381 NA
16057 381 NA
16058 381 NA
16059 381 NA
16060 381 NA
16061 381 NA
16062 381 NA
16063 381 NA
16064 381 NA
16065 381 NA
16066 381 NA
16067 381 NA
16068 381 NA
16069 381 NA
16070 381 NA
16071 381 NA
16072 381 NA
16073 381 NA
16074 381 NA
16075 381 NA
16076 381 NA
16077 381 NA
16078 381 NA
16079 381 NA
16080 381 NA
16081 381 NA
16082 381 NA
16083 381 NA
16084 381 NA
16085 381 NA
16086 381 NA
16087 381 NA
16088 381 NA
16089 381 NA
16090 381 NA
16091 381 NA
16092 381 NA
16093 381 NA
16094 381 NA
16095 381 NA
16096 381 NA
16097 381 NA
16098 381 NA
16099 399 NA
16100 399 NA
16101 399 NA
16102 399 NA
16103 399 NA
16104 399 NA
16105 399 NA
16106 399 NA
16107 399 NA
16108 399 NA
16109 399 NA
16110 399 NA
16111 399 NA
16112 399 NA
16113 399 NA
16114 399 NA
16115 399 NA
16116 399 NA
16117 399 NA
16118 399 NA
16119 399 NA
16120 399 NA
16121 399 NA
16122 399 NA
16123 399 NA
16124 399 NA
16125 399 NA
16126 399 NA
16127 399 NA
16128 399 NA
16129 399 NA
16130 399 NA
16131 399 NA
16132 399 NA
16133 399 NA
16134 399 NA
16135 399 NA
16136 399 NA
16137 399 NA
16138 399 NA
16139 399 NA
16140 399 NA
16141 399 NA
16142 399 NA
16143 417 NA
16144 417 NA
16145 417 NA
16146 417 NA
16147 417 NA
16148 417 NA
16149 417 NA
16150 417 NA
16151 417 NA
16152 417 NA
16153 417 NA
16154 417 NA
16155 417 NA
16156 417 NA
16157 417 NA
16158 417 NA
16159 417 NA
16160 417 NA
16161 417 NA
16162 417 NA
16163 417 NA
16164 417 NA
16165 417 NA
16166 417 NA
16167 417 NA
16168 417 NA
16169 417 NA
16170 417 NA
16171 417 NA
16172 417 NA
16173 417 NA
16174 417 NA
16175 417 NA
16176 417 NA
16177 417 NA
16178 417 NA
16179 417 NA
16180 417 NA
16181 417 NA
16182 417 NA
16183 417 NA
16184 417 NA
16185 417 NA
16186 417 NA
16187 417 NA
16188 417 NA
16189 417 NA
16190 417 NA
16191 417 NA
16192 417 NA
16193 417 NA
16194 417 NA
16195 417 NA
16196 437 NA
16197 437 NA
16198 437 NA
16199 437 NA
16200 437 NA
16201 437 NA
16202 437 NA
16203 437 NA
16204 437 NA
16205 437 NA
16206 437 NA
16207 437 NA
16208 437 NA
16209 437 NA
16210 437 NA
16211 437 NA
16212 437 NA
16213 437 NA
16214 437 NA
16215 437 NA
16216 437 NA
16217 437 NA
16218 437 NA
16219 437 NA
16220 437 NA
16221 437 NA
16222 437 NA
16223 437 NA
16224 437 NA
16225 437 NA
16226 437 NA
16227 437 NA
16228 437 NA
16229 437 NA
16230 437 NA
16231 437 NA
16232 437 NA
16233 437 NA
16234 437 NA
16235 437 NA
16236 437 NA
16237 437 NA
16238 437 NA
16239 437 NA
16240 437 NA
16241 437 NA
16242 437 NA
16243 437 NA
16244 437 NA
16245 437 NA
16246 437 NA
16247 437 NA
16248 437 NA
16249 437 NA
16250 437 NA
16251 437 NA
16252 456 NA
16253 456 NA
16254 456 NA
16255 456 NA
16256 456 NA
16257 456 NA
16258 456 NA
16259 456 NA
16260 456 NA
16261 456 NA
16262 456 NA
16263 456 NA
16264 456 NA
16265 456 NA
16266 456 NA
16267 456 NA
16268 456 NA
16269 456 NA
16270 456 NA
16271 456 NA
16272 456 NA
16273 456 NA
16274 456 NA
16275 456 NA
16276 456 NA
16277 456 NA
16278 456 NA
16279 456 NA
16280 456 NA
16281 456 NA
16282 456 NA
16283 477 NA
16284 477 NA
16285 477 NA
16286 477 NA
16287 477 NA
16288 477 NA
16289 477 NA
16290 477 NA
16291 477 NA
16292 477 NA
16293 477 NA
16294 477 NA
16295 477 NA
16296 477 NA
16297 477 NA
16298 477 NA
16299 477 NA
16300 477 NA
16301 477 NA
16302 477 NA
16303 477 NA
16304 477 NA
16305 477 NA
16306 477 NA
16307 477 NA
16308 477 NA
16309 477 NA
16310 477 NA
16311 477 NA
16312 477 NA
16313 477 NA
16314 477 NA
16315 477 NA
16316 477 NA
16317 477 NA
16318 499 NA
16319 499 NA
16320 499 NA
16321 499 NA
16322 499 NA
16323 499 NA
16324 499 NA
16325 499 NA
16326 499 NA
16327 499 NA
16328 499 NA
16329 499 NA
16330 499 NA
16331 499 NA
16332 499 NA
16333 499 NA
16334 499 NA
16335 499 NA
16336 499 NA
16337 499 NA
16338 499 NA
16339 499 NA
16340 499 NA
16341 499 NA
16342 499 NA
16343 499 NA
16344 499 NA
16345 499 NA
16346 499 NA
16347 499 NA
16348 499 NA
16349 499 NA
16350 499 NA
16351 499 NA
16352 499 NA
16353 499 NA
16354 499 NA
16355 499 NA
16356 499 NA
16357 499 NA
16358 499 NA
16359 499 NA
16360 499 NA
16361 499 NA
16362 499 NA
16363 499 NA
16364 499 NA
16365 499 NA
16366 499 NA
16367 499 NA
16368 499 NA
16369 499 NA
16370 499 NA
16371 499 NA
16372 499 NA
16373 499 NA
16374 499 NA
16375 499 NA
16376 499 NA
16377 499 NA
16378 499 NA
16379 499 NA
16380 523 NA
16381 523 NA
16382 523 NA
16383 523 NA
16384 523 NA
16385 523 NA
16386 523 NA
16387 523 NA
16388 523 NA
16389 523 NA
16390 523 NA
16391 523 NA
16392 523 NA
16393 523 NA
16394 523 NA
16395 523 NA
16396 523 NA
16397 523 NA
16398 523 NA
16399 523 NA
16400 523 NA
16401 523 NA
16402 523 NA
16403 523 NA
16404 523 NA
16405 523 NA
16406 523 NA
16407 523 NA
16408 523 NA
16409 523 NA
16410 523 NA
16411 523 NA
16412 523 NA
16413 523 NA
16414 523 NA
16415 523 NA
16416 523 NA
16417 523 NA
16418 523 NA
16419 523 NA
16420 523 NA
16421 523 NA
16422 523 NA
16423 523 NA
16424 523 NA
16425 549 NA
16426 549 NA
16427 549 NA
16428 549 NA
16429 549 NA
16430 549 NA
16431 549 NA
16432 549 NA
16433 549 NA
16434 549 NA
16435 549 NA
16436 549 NA
16437 549 NA
16438 549 NA
16439 549 NA
16440 549 NA
16441 549 NA
16442 549 NA
16443 549 NA
16444 549 NA
16445 549 NA
16446 549 NA
16447 549 NA
16448 549 NA
16449 549 NA
16450 549 NA
16451 549 NA
16452 549 NA
16453 549 NA
16454 549 NA
16455 549 NA
16456 575 NA
16457 575 NA
16458 575 NA
16459 575 NA
16460 575 NA
16461 575 NA
16462 575 NA
16463 575 NA
16464 575 NA
16465 575 NA
16466 575 NA
16467 575 NA
16468 575 NA
16469 575 NA
16470 575 NA
16471 575 NA
16472 575 NA
16473 575 NA
16474 575 NA
16475 575 NA
16476 575 NA
16477 575 NA
16478 575 NA
16479 575 NA
16480 575 NA
16481 575 NA
16482 575 NA
16483 575 NA
16484 575 NA
16485 575 NA
16486 575 NA
16487 575 NA
16488 575 NA
16489 575 NA
16490 575 NA
16491 575 NA
16492 575 NA
16493 575 NA
16494 575 NA
16495 575 NA
16496 575 NA
16497 575 NA
16498 575 NA
16499 575 NA
16500 575 NA
16501 575 NA
16502 575 NA
16503 575 NA
16504 575 NA
16505 575 NA
16506 575 NA
16507 575 NA
16508 575 NA
16509 575 NA
16510 575 NA
16511 575 NA
16512 575 NA
16513 575 NA
16514 575 NA
16515 575 NA
16516 575 NA
16517 575 NA
16518 575 NA
16519 575 NA
16520 575 NA
16521 575 NA
16522 575 NA
16523 575 NA
16524 575 NA
16525 575 NA
16526 575 NA
16527 575 NA
16528 575 NA
16529 575 NA
16530 575 NA
16531 575 NA
16532 575 NA
16533 575 NA
16534 575 NA
16535 575 NA
16536 575 NA
16537 575 NA
16538 575 NA
16539 575 NA
16540 575 NA
16541 575 NA
16542 575 NA
16543 575 NA
16544 575 NA
16545 575 NA
16546 575 NA
16547 575 NA
16548 575 NA
16549 575 NA
16550 575 NA
16551 575 NA
16552 575 NA
16553 575 NA
16554 575 NA
16555 575 NA
16556 575 NA
16557 575 NA
16558 575 NA
16559 575 NA
16560 575 NA
16561 575 NA
16562 575 NA
16563 575 NA
16564 575 NA
16565 575 NA
16566 575 NA
16567 575 NA
16568 575 NA
16569 575 NA
16570 575 NA
16571 575 NA
16572 575 NA
16573 575 NA
16574 575 NA
16575 575 NA
16576 575 NA
16577 575 NA
16578 575 NA
16579 575 NA
16580 575 NA
16581 575 NA
16582 575 NA
16583 591 NA
16584 591 NA
16585 591 NA
16586 591 NA
16587 591 NA
16588 591 NA
16589 591 NA
16590 591 NA
16591 591 NA
16592 591 NA
16593 591 NA
16594 591 NA
16595 591 NA
16596 591 NA
16597 591 NA
16598 591 NA
16599 591 NA
16600 591 NA
16601 591 NA
16602 591 NA
16603 591 NA
16604 591 NA
16605 591 NA
16606 591 NA
16607 591 NA
16608 591 NA
16609 591 NA
16610 591 NA
16611 591 NA
16612 591 NA
16613 591 NA
16614 591 NA
16615 591 NA
16616 591 NA
16617 591 NA
16618 591 NA
16619 591 NA
16620 591 NA
16621 591 NA
16622 591 NA
16623 591 NA
16624 591 NA
16625 591 NA
16626 591 NA
16627 591 NA
16628 591 NA
16629 591 NA
16630 591 NA
16631 591 NA
16632 591 NA
16633 591 NA
16634 591 NA
16635 591 NA
16636 591 NA
16637 591 NA
16638 591 NA
16639 591 NA
16640 591 NA
16641 591 NA
16642 591 NA
16643 591 NA
16644 591 NA
16645 591 NA
16646 591 NA
16647 591 NA
16648 591 NA
16649 591 NA
16650 591 NA
16651 591 NA
16652 591 NA
16653 591 NA
16654 591 NA
16655 591 NA
16656 591 NA
16657 591 NA
16658 591 NA
16659 591 NA
16660 591 NA
16661 591 NA
16662 591 NA
16663 591 NA
16665 591 NA
16666 591 NA
16668 591 NA
16669 591 NA
16670 591 NA
16671 591 NA
16672 591 NA
16673 591 NA
16674 591 NA
16675 591 NA
16676 591 NA
16677 591 NA
16678 591 NA
16679 591 NA
16680 591 NA
16681 591 NA
16682 591 NA
16683 591 NA
16684 591 NA
16686 591 NA
16687 591 NA
16688 591 NA
16689 591 NA
16690 591 NA
16691 591 NA
16692 591 NA
16693 591 NA
16694 591 NA
16695 591 NA
16696 591 NA
16697 591 NA
16698 591 NA
16699 591 NA
16700 591 NA
16701 591 NA
16702 591 NA
16703 591 NA
16704 591 NA
16705 591 NA
16706 591 NA
16707 591 NA
16708 591 NA
16709 591 NA
16710 591 NA
16711 591 NA
16712 591 NA
16715 591 NA
16717 591 NA
16719 591 NA
16720 591 NA
16721 591 NA
16722 591 NA
16723 591 NA
16724 591 NA
16725 591 NA
16726 591 NA
16727 591 NA
16728 591 NA
16730 591 NA
16731 591 NA
16732 591 NA
16733 591 NA
16734 591 NA
16735 591 NA
16736 591 NA
16737 591 NA
16738 591 NA
16739 591 NA
16740 591 NA
16741 591 NA
16742 591 NA
16743 591 NA
16744 591 NA
16745 591 NA
16746 591 NA
16747 591 NA
16748 591 NA
16749 591 NA
16750 591 NA
16751 591 NA
16752 591 NA
16753 591 NA
16754 591 NA
16755 591 NA
16756 591 NA
16757 591 NA
16759 591 NA
16760 591 NA
16761 591 NA
16762 591 NA
16763 591 NA
16764 591 NA
16765 591 NA
16766 591 NA
16767 591 NA
16768 591 NA
16769 591 NA
16770 591 NA
16771 591 NA
16772 591 NA
16773 591 NA
16774 591 NA
16775 591 NA
16777 591 NA
16778 591 NA
16779 591 NA
16780 591 NA
16781 591 NA
16782 591 NA
16783 591 NA
16784 591 NA
16785 591 NA
16786 591 NA
16787 591 NA
16788 591 NA
16789 591 NA
16790 591 NA
16791 591 NA
16792 582 NA
16793 582 NA
16794 582 NA
16795 582 NA
16796 582 NA
16797 582 NA
16798 582 NA
16799 582 NA
16800 582 NA
16801 582 NA
16802 582 NA
16803 582 NA
16804 582 NA
16807 582 NA
16808 582 NA
16809 582 NA
16810 582 NA
16811 582 NA
16812 582 NA
16813 582 NA
16814 582 NA
16815 582 NA
16816 582 NA
16817 582 NA
16818 582 NA
16820 582 NA
16821 582 NA
16823 582 NA
16824 582 NA
16825 582 NA
16826 582 NA
16827 582 NA
16828 582 NA
16829 582 NA
16830 582 NA
16831 582 NA
16832 582 NA
16833 582 NA
16834 582 NA
16835 582 NA
16836 582 NA
16837 582 NA
16838 582 NA
16839 582 NA
16840 582 NA
16841 582 NA
16842 582 NA
16843 582 NA
16844 582 NA
16845 582 NA
16847 582 NA
16849 582 NA
16850 582 NA
16851 582 NA
16852 582 NA
16853 582 NA
16854 582 NA
16855 582 NA
16856 582 NA
16857 582 NA
16858 582 NA
16859 582 NA
16860 582 NA
16861 582 NA
16862 582 NA
16863 582 NA
16864 582 NA
16865 582 NA
16866 582 NA
16867 582 NA
16869 582 NA
16870 582 NA
16871 582 NA
16872 582 NA
16873 582 NA
16874 582 NA
16875 582 NA
16876 582 NA
16878 582 NA
16879 582 NA
16880 582 NA
16881 582 NA
16884 582 NA
16885 582 NA
16886 582 NA
16887 582 NA
16888 582 NA
16889 582 NA
16890 582 NA
16892 582 NA
16893 582 NA
16894 582 NA
16895 582 NA
16896 582 NA
16897 582 NA
16898 582 NA
16899 582 NA
16900 582 NA
16901 582 NA
16902 582 NA
16903 582 NA
16904 582 NA
16905 582 NA
16906 582 NA
16907 582 NA
16908 582 NA
16909 582 NA
16910 582 NA
16911 582 NA
16912 582 NA
16913 582 NA
16914 582 NA
16915 582 NA
16916 582 NA
16917 582 NA
16918 582 NA
16919 582 NA
16920 582 NA
16921 582 NA
16922 582 NA
16923 582 NA
16924 582 NA
16925 582 NA
16926 582 NA
16927 582 NA
16928 582 NA
16929 582 NA
16930 582 NA
16931 582 NA
16932 582 NA
16933 582 NA
16934 582 NA
16935 582 NA
16937 582 NA
16938 582 NA
16939 582 NA
16940 582 NA
16941 582 NA
16942 582 NA
16943 582 NA
16944 582 NA
16945 582 NA
16946 582 NA
16949 582 NA
16950 582 NA
16951 582 NA
16952 582 NA
16953 582 NA
16954 582 NA
16955 582 NA
16956 582 NA
16957 582 NA
16958 582 NA
16959 582 NA
16960 582 NA
16967 582 NA
16968 582 NA
16969 582 NA
16970 582 NA
16971 582 NA
16972 582 NA
16974 601 NA
16975 601 NA
16976 601 NA
16977 601 NA
16978 601 NA
16979 601 NA
16980 601 NA
16981 601 NA
16982 601 NA
16984 601 NA
16985 601 NA
16986 601 NA
16987 601 NA
16988 601 NA
16989 601 NA
16990 601 NA
16991 601 NA
16992 601 NA
16993 601 NA
16994 601 NA
16999 601 NA
17001 601 NA
17006 601 NA
17007 601 NA
17014 601 NA
17015 601 NA
17016 601 NA
17017 601 NA
17018 601 NA
17019 601 NA
17020 601 NA
17021 601 NA
17022 601 NA
17023 601 NA
17024 601 NA
17025 601 NA
17026 601 NA
17027 601 NA
17028 601 NA
17029 601 NA
17031 601 NA
17032 601 NA
17033 601 NA
17034 601 NA
17035 601 NA
17036 601 NA
17037 601 NA
17038 601 NA
17039 601 NA
17040 601 NA
17042 601 NA
17044 601 NA
17045 601 NA
17046 601 NA
17047 601 NA
17048 601 NA
17049 601 NA
17050 601 NA
17051 601 NA
17052 601 NA
17053 601 NA
17054 601 NA
17055 601 NA
17056 601 NA
17057 601 NA
17058 601 NA
17059 601 NA
17060 601 NA
17061 601 NA
17062 601 NA
17063 601 NA
17064 601 NA
17069 601 NA
17070 601 NA
17071 601 NA
17072 601 NA
17073 601 NA
17075 601 NA
17076 601 NA
17077 601 NA
17078 601 NA
17079 601 NA
17080 601 NA
17081 601 NA
17083 601 NA
17084 601 NA
17085 601 NA
17086 601 NA
17087 601 NA
17088 601 NA
17089 601 NA
17091 601 NA
17092 601 NA
17093 601 NA
17094 601 NA
17095 601 NA
17096 601 NA
17097 601 NA
17098 601 NA
17099 601 NA
17100 601 NA
17101 601 NA
17102 601 NA
17103 601 NA
17104 601 NA
17105 601 NA
17106 601 NA
17107 601 NA
17108 601 NA
17109 601 NA
17110 601 NA
17111 601 NA
17112 601 NA
17113 601 NA
17114 601 NA
17115 601 NA
17117 601 NA
17118 601 NA
17123 601 NA
17124 601 NA
17125 601 NA
17126 601 NA
17127 601 NA
17129 601 NA
17130 601 NA
17131 601 NA
17132 601 NA
17133 601 NA
17134 601 NA
17135 601 NA
17136 601 NA
17138 601 NA
17139 601 NA
17140 601 NA
17141 601 NA
17142 601 NA
17143 601 NA
17144 601 NA
17145 601 NA
17146 601 NA
17147 601 NA
