"Index" "Price" "Volume"
15999 973749 NA
16000 1022437 NA
16001 1073559 NA
16002 1127237 NA
16003 1183599 NA
16004 1237942 NA
16005 1299840 NA
16006 1364832 NA
16007 1433074 NA
16008 1504728 NA
16009 1575061 NA
16010 1575061 NA
16011 1653815 NA
16012 1653815 NA
16013 1736506 NA
16014 1819358 NA
16015 1819358 NA
16016 1910326 NA
16017 1996246 NA
16018 1996246 NA
16019 2096059 NA
16020 2195013 NA
16021 2304764 NA
16022 2304764 NA
16023 2414632 NA
16024 2530142 NA
16025 2655683 NA
16026 2784677 NA
16027 2917182 NA
16028 2811697 NA
16029 2671112 NA
16030 2537556 NA
16031 2410678 NA
16032 2290144 NA
16033 2175636 NA
16034 2066854 NA
16035 1971007 NA
16036 1875159 NA
16037 1779312 NA
16038 1683464 NA
16039 1599290 NA
16040 1519325 NA
16041 1443358 NA
16042 1371190 NA
16043 1302630 NA
16044 1237498 NA
16045 1175623 NA
16046 1116841 NA
16047 1060998 NA
16048 1007948 NA
16049 957550 NA
16050 909672 NA
16051 864188 NA
16052 820978 NA
16053 779929 NA
16054 740932 NA
16055 703885 NA
16056 668847 NA
16057 635404 NA
16058 603633 NA
16059 573451 NA
16060 544778 NA
16061 517539 NA
16062 492976 NA
16063 474144 NA
16064 468286 NA
16065 470253 NA
16066 472152 NA
16067 470515 NA
16068 471142 NA
16069 469546 NA
16070 465448 NA
16071 468170 NA
16072 464929 NA
16073 462359 NA
16074 450655 NA
16075 437560 NA
16076 429633 NA
16077 427715 NA
16078 429461 NA
16079 441215 NA
16080 459689 NA
16081 475153 NA
16082 492608 NA
16083 496289 NA
16084 505007 NA
16085 512924 NA
16086 525702 NA
16087 543963 NA
16088 545810 NA
16089 546864 NA
16090 547085 NA
16091 545006 NA
16092 519729 NA
16093 493742 NA
16094 469054 NA
16095 445616 NA
16096 423565 NA
16097 403933 NA
16098 404989 NA
16099 410594 NA
16100 402180 NA
16101 386680 NA
16102 374724 NA
16103 359861 NA
16104 357553 NA
16105 369736 NA
16106 382581 NA
16107 386199 NA
16108 384949 NA
16109 371021 NA
16110 355277 NA
16111 346826 NA
16112 338849 NA
16113 336302 NA
16114 338734 NA
16115 334355 NA
16116 325770 NA
16117 319752 NA
16118 317059 NA
16119 313906 NA
16120 316088 NA
16121 319662 NA
16122 321951 NA
16123 316751 NA
16124 308135 NA
16125 297113 NA
16126 289380 NA
16127 289692 NA
16128 280008 NA
16129 269324 NA
16130 261789 NA
16131 256384 NA
16132 252375 NA
16133 255224 NA
16134 263941 NA
16135 270086 NA
16136 281461 NA
16137 282549 NA
16138 285840 NA
16139 287709 NA
16140 294045 NA
16141 296790 NA
16142 302218 NA
16143 311133 NA
16144 323784 NA
16145 332467 NA
16146 335322 NA
16147 348704 NA
16148 358662 NA
16149 365461 NA
16150 366470 NA
16151 368230 NA
16152 371834 NA
16153 359224 NA
16154 352270 NA
16155 358250 NA
16156 348540 NA
16157 351245 NA
16158 350488 NA
16159 354661 NA
16160 350682 NA
16161 345780 NA
16162 343359 NA
16163 341904 NA
16164 342065 NA
16165 337130 NA
16166 329545 NA
16167 325977 NA
16168 321726 NA
16169 318532 NA
16170 313280 NA
16171 301252 NA
16172 295457 NA
16173 293080 NA
16174 291446 NA
16175 295115 NA
16176 294479 NA
16177 293048 NA
16178 296573 NA
16179 296394 NA
16180 296415 NA
16181 294616 NA
16182 295777 NA
16183 293060 NA
16184 287396 NA
16185 288672 NA
16186 286992 NA
16187 286493 NA
16188 280589 NA
16189 269644 NA
16190 259040 NA
16191 249275 NA
16192 246615 NA
16193 237648 NA
16194 225876 NA
16195 214848 NA
16196 206054 NA
16197 205994 NA
16198 211672 NA
16199 219100 NA
16200 229318 NA
16201 231889 NA
16202 229075 NA
16203 226260 NA
16204 221943 NA
16205 215879 NA
16206 217338 NA
16207 215180 NA
16208 218931 NA
16209 219793 NA
16210 220670 NA
16211 224742 NA
16212 228195 NA
16213 232661 NA
16214 241111 NA
16215 250809 NA
16216 256623 NA
16217 265385 NA
16218 266283 NA
16219 268152 NA
16220 268208 NA
16221 270842 NA
16222 272757 NA
16223 277172 NA
16224 279701 NA
16225 281797 NA
16226 281472 NA
16227 285448 NA
16228 289192 NA
16229 294521 NA
16230 297173 NA
16231 297424 NA
16232 298961 NA
16233 300259 NA
16234 300916 NA
16235 303049 NA
16236 305121 NA
16237 307813 NA
16238 313218 NA
16239 317799 NA
16240 321088 NA
16241 327468 NA
16242 333786 NA
16243 343067 NA
16244 351358 NA
16245 359717 NA
16246 377103 NA
16247 393152 NA
16248 404874 NA
16249 415286 NA
16250 424527 NA
16251 436272 NA
16252 439232 NA
16253 428620 NA
16254 408583 NA
16255 390912 NA
16256 377471 NA
16257 377514 NA
16258 379988 NA
16259 388141 NA
16260 398324 NA
16261 404488 NA
16262 405796 NA
16263 406427 NA
16264 407154 NA
16265 406594 NA
16266 387271 NA
16267 367957 NA
16268 349559 NA
16269 332081 NA
16270 317549 NA
16271 320747 NA
16272 331231 NA
16273 344527 NA
16274 355488 NA
16275 360786 NA
16276 362412 NA
16277 365143 NA
16278 372051 NA
16279 376725 NA
16280 385841 NA
16281 404547 NA
16282 424772 NA
16283 446011 NA
16284 468312 NA
16285 491728 NA
16286 514954 NA
16287 510472 NA
16288 486283 NA
16289 463671 NA
16290 445078 NA
16291 429245 NA
16292 424449 NA
16293 425829 NA
16294 430980 NA
16295 436299 NA
16296 440681 NA
16297 448553 NA
16298 456348 NA
16299 463227 NA
16300 465916 NA
16301 475887 NA
16302 482977 NA
16303 487710 NA
16304 489841 NA
16305 487378 NA
16306 478961 NA
16307 475365 NA
16308 477168 NA
16309 482095 NA
16310 486143 NA
16311 473636 NA
16312 453108 NA
16313 435599 NA
16314 418759 NA
16315 418181 NA
16316 425652 NA
16317 425026 NA
16318 419023 NA
16319 412393 NA
16320 400126 NA
16321 396572 NA
16322 402088 NA
16323 398260 NA
16324 396732 NA
16325 396181 NA
16326 382246 NA
16327 372687 NA
16328 365759 NA
16329 362399 NA
16330 348649 NA
16331 342636 NA
16332 344229 NA
16333 347156 NA
16334 348240 NA
16335 348136 NA
16336 351369 NA
16337 348713 NA
16338 338701 NA
16339 331775 NA
16340 327213 NA
16341 318121 NA
16342 307446 NA
16343 308012 NA
16344 308016 NA
16345 316135 NA
16346 329339 NA
16347 341012 NA
16348 338552 NA
16349 327468 NA
16350 315266 NA
16351 315487 NA
16352 315030 NA
16353 313275 NA
16354 312987 NA
16355 316567 NA
16356 318124 NA
16357 320636 NA
16358 322476 NA
16359 324878 NA
16360 326169 NA
16361 324415 NA
16362 321942 NA
16363 326487 NA
16364 327677 NA
16365 323541 NA
16366 324488 NA
16367 324613 NA
16368 317866 NA
16369 310557 NA
16370 311553 NA
16371 315243 NA
16372 320118 NA
16373 312424 NA
16374 297085 NA
16375 282375 NA
16376 269083 NA
16377 258553 NA
16378 264299 NA
16379 273458 NA
16380 285506 NA
16381 293401 NA
16382 306849 NA
16383 320433 NA
16384 321933 NA
16385 319357 NA
16386 321768 NA
16387 323479 NA
16388 324015 NA
16389 333967 NA
16390 340806 NA
16391 344652 NA
16392 350263 NA
16393 346747 NA
16394 333544 NA
16395 335266 NA
16396 338311 NA
16397 336358 NA
16398 339383 NA
16399 345656 NA
16400 355979 NA
16401 365469 NA
16402 366249 NA
16403 367512 NA
16404 371346 NA
16405 373686 NA
16406 375211 NA
16407 376161 NA
16408 375423 NA
16409 375767 NA
16410 377313 NA
16411 381213 NA
16412 386351 NA
16413 391557 NA
16414 396070 NA
16415 398855 NA
16416 405198 NA
16417 406348 NA
16418 412586 NA
16419 408401 NA
16420 411926 NA
16421 400140 NA
16422 382368 NA
16423 370222 NA
16424 370258 NA
16425 362438 NA
16426 356947 NA
16427 350496 NA
16428 338365 NA
16429 330404 NA
16430 325109 NA
16431 313156 NA
16432 305958 NA
16433 298615 NA
16434 294940 NA
16435 308550 NA
16436 319605 NA
16437 314279 NA
16438 310219 NA
16439 303529 NA
16440 300228 NA
16441 304042 NA
16442 309522 NA
16443 316568 NA
16444 317037 NA
16445 321114 NA
16446 321907 NA
16447 326449 NA
16448 324191 NA
16449 314437 NA
16450 303770 NA
16451 301890 NA
16452 294582 NA
16453 280312 NA
16454 267908 NA
16455 261766 NA
16456 268258 NA
16457 272696 NA
16458 279833 NA
16459 282603 NA
16460 284170 NA
16461 286261 NA
16462 279438 NA
16463 268165 NA
16464 264129 NA
16465 263048 NA
16466 269635 NA
16467 271726 NA
16468 277856 NA
16469 276331 NA
16470 283677 NA
16471 277802 NA
16472 279643 NA
16473 281733 NA
16474 282103 NA
16475 284062 NA
16476 288113 NA
16477 292379 NA
16478 296148 NA
16479 299192 NA
16480 300797 NA
16481 298612 NA
16482 298227 NA
16483 301231 NA
16484 300794 NA
16485 295706 NA
16486 281222 NA
16487 267160 NA
16488 253802 NA
16489 242332 NA
16490 250724 NA
16491 262351 NA
16492 275469 NA
16493 282037 NA
16494 287689 NA
16495 290269 NA
16496 296260 NA
16497 302270 NA
16498 306394 NA
16499 308699 NA
16500 312496 NA
16501 313092 NA
16502 305291 NA
16503 309144 NA
16504 316439 NA
16505 326572 NA
16506 333903 NA
16507 335262 NA
16508 338938 NA
16509 340802 NA
16510 339688 NA
16511 335222 NA
16512 337680 NA
16513 340743 NA
16514 344882 NA
16515 347860 NA
16516 347651 NA
16517 343732 NA
16518 337751 NA
16519 332815 NA
16520 321382 NA
16521 313134 NA
16522 312334 NA
16523 309973 NA
16524 295464 NA
16525 294945 NA
16526 303447 NA
16527 303124 NA
16528 307564 NA
16529 307006 NA
16530 306449 NA
16531 303738 NA
16532 305220 NA
16533 305668 NA
16534 305197 NA
16535 306386 NA
16536 304293 NA
16537 295899 NA
16538 298157 NA
16539 293373 NA
16540 296556 NA
16541 295704 NA
16542 294700 NA
16543 288925 NA
16544 289252 NA
16545 283851 NA
16546 277265 NA
16547 278316 NA
16548 277800 NA
16549 274283 NA
16550 275438 NA
16551 273049 NA
16552 271982 NA
16553 272397 NA
16554 272670 NA
16555 272964 NA
16556 275754 NA
16557 278085 NA
16558 280321 NA
16559 281221 NA
16560 285104 NA
16561 290919 NA
16562 290456 NA
16563 291995 NA
16564 292384 NA
16565 293679 NA
16566 291796 NA
16567 295866 NA
16568 295749 NA
16569 290762 NA
16570 296478 NA
16571 292774 NA
16572 285417 NA
16573 283063 NA
16574 281811 NA
16575 286335 NA
16576 287112 NA
16577 289790 NA
16578 289439 NA
16579 290924 NA
16580 285328 NA
16581 283989 NA
16582 282941 NA
16583 290919 NA
16584 294072 NA
16585 297451 NA
16586 298878 NA
16587 296742 NA
16588 295645 NA
16589 294277 NA
16590 292378 NA
16591 292608 NA
16592 295148 NA
16593 295344 NA
16594 296155 NA
16595 301947 NA
16596 307721 NA
16597 311929 NA
16598 314735 NA
16599 317517 NA
16600 319335 NA
16601 320945 NA
16602 321681 NA
16603 318936 NA
16604 321740 NA
16605 325368 NA
16606 326587 NA
16607 331184 NA
16608 332612 NA
16609 334669 NA
16610 336274 NA
16611 337250 NA
16612 337497 NA
16613 340506 NA
16614 342763 NA
16615 347070 NA
16616 351464 NA
16617 351451 NA
16618 355295 NA
16619 361462 NA
16620 363095 NA
16621 364052 NA
16622 366529 NA
16623 369954 NA
16624 372753 NA
16625 374131 NA
16626 377165 NA
16627 378016 NA
16628 381549 NA
16629 385376 NA
16630 387983 NA
16631 389247 NA
16632 395035 NA
16633 400865 NA
16634 411372 NA
16635 422384 NA
16636 433127 NA
16637 442118 NA
16638 452370 NA
16639 454425 NA
16640 457552 NA
16641 459131 NA
16642 455314 NA
16643 453509 NA
16644 443922 NA
16645 445806 NA
16646 447204 NA
16647 443672 NA
16648 441634 NA
16649 430853 NA
16650 409701 NA
16651 397475 NA
16652 387169 NA
16653 373090 NA
16654 368185 NA
16655 368506 NA
16656 374557 NA
16657 376124 NA
16658 383411 NA
16659 387250 NA
16660 390960 NA
16661 392589 NA
16662 392237 NA
16663 393916 NA
16665 391155 NA
16666 393301 NA
16668 386508 NA
16669 390012 NA
16670 389925 NA
16671 391900 NA
16672 392349 NA
16673 393649 NA
16674 389526 NA
16675 384677 NA
16676 384785 NA
16677 382924 NA
16678 372416 NA
16679 372125 NA
16680 374958 NA
16681 374739 NA
16682 376200 NA
16683 377740 NA
16684 379818 NA
16686 380871 NA
16687 383929 NA
16688 383929 NA
16689 368748 NA
16690 354901 NA
16691 344752 NA
16692 337724 NA
16693 332634 NA
16694 324328 NA
16695 323644 NA
16696 322683 NA
16697 315626 NA
16698 302250 NA
16699 291174 NA
16700 288477 NA
16701 285379 NA
16702 284269 NA
16703 278461 NA
16704 264654 NA
16705 251838 NA
16706 248705 NA
16707 256430 NA
16708 269252 NA
16709 282127 NA
16710 294645 NA
16711 307070 NA
16712 312907 NA
16715 322945 NA
16717 319396 NA
16719 309848 NA
16720 302989 NA
16721 302348 NA
16722 306313 NA
16723 308815 NA
16724 311051 NA
16725 312837 NA
16726 315061 NA
16727 315061 NA
16728 318653 NA
16730 323727 NA
16731 323543 NA
16732 326537 NA
16733 328491 NA
16734 327867 NA
16735 329505 NA
16736 330241 NA
16737 322918 NA
16738 315237 NA
16739 314464 NA
16740 308496 NA
16741 313835 NA
16742 316392 NA
16743 320285 NA
16744 325063 NA
16745 334255 NA
16746 337794 NA
16747 339027 NA
16748 339027 NA
16749 342241 NA
16750 343425 NA
16751 349217 NA
16752 353884 NA
16753 356092 NA
16754 360891 NA
16755 364093 NA
16756 367213 NA
16757 364831 NA
16759 352814 NA
16760 353730 NA
16761 353810 NA
16762 353810 NA
16763 361627 NA
16764 365308 NA
16765 367111 NA
16766 368656 NA
16767 370081 NA
16768 370548 NA
16769 374344 NA
16770 375158 NA
16771 375764 NA
16772 376436 NA
16773 377453 NA
16774 379642 NA
16775 380485 NA
16777 382055 NA
16778 381579 NA
16779 382139 NA
16780 385185 NA
16781 385845 NA
16782 380462 NA
16783 365736 NA
16784 367678 NA
16785 366634 NA
16786 369021 NA
16787 370381 NA
16788 372760 NA
16789 373579 NA
16790 374197 NA
16791 375951 NA
16792 371832 NA
16793 373920 NA
16794 377959 NA
16795 378092 NA
16796 376829 NA
16797 377939 NA
16798 380956 NA
16799 383556 NA
16800 384361 NA
16801 386575 NA
16802 388237 NA
16803 388945 NA
16804 390601 NA
16807 395648 NA
16808 397831 NA
16809 398741 NA
16810 399967 NA
16811 402527 NA
16812 403696 NA
16813 402028 NA
16814 402967 NA
16815 402728 NA
16816 397773 NA
16817 384502 NA
16818 373211 NA
16820 362643 NA
16821 352353 NA
16823 324645 NA
16824 314431 NA
16825 313553 NA
16826 305015 NA
16827 290951 NA
16828 280151 NA
16829 276421 NA
16830 276519 NA
16831 279163 NA
16832 282068 NA
16833 282068 NA
16834 288201 NA
16835 288621 NA
16836 284224 NA
16837 275675 NA
16838 271243 NA
16839 268021 NA
16840 272361 NA
16841 272954 NA
16842 273220 NA
16843 271751 NA
16844 266699 NA
16845 260737 NA
16847 254454 NA
16849 261343 NA
16850 264840 NA
16851 266670 NA
16852 267372 NA
16853 270228 NA
16854 271322 NA
16855 275949 NA
16856 276829 NA
16857 274096 NA
16858 267261 NA
16859 255709 NA
16860 250451 NA
16861 258490 NA
16862 267649 NA
16863 275100 NA
16864 275564 NA
16865 279434 NA
16866 282567 NA
16867 284509 NA
16869 290066 NA
16870 292789 NA
16871 295187 NA
16872 297641 NA
16873 297158 NA
16874 298847 NA
16875 299846 NA
16876 301963 NA
16878 300732 NA
16879 296710 NA
16880 292919 NA
16881 291756 NA
16884 294585 NA
16885 294664 NA
16886 296929 NA
16887 296769 NA
16888 295477 NA
16889 293661 NA
16890 293290 NA
16892 298121 NA
16893 297079 NA
16894 296490 NA
16895 297032 NA
16896 299987 NA
16897 300928 NA
16898 301784 NA
16899 295011 NA
16900 291411 NA
16901 289454 NA
16902 288747 NA
16903 291529 NA
16904 292502 NA
16905 291738 NA
16906 289392 NA
16907 289553 NA
16908 285446 NA
16909 285979 NA
16910 286420 NA
16911 287823 NA
16912 288317 NA
16913 289328 NA
16914 289390 NA
16915 289831 NA
16916 289050 NA
16917 289620 NA
16918 290998 NA
16919 291318 NA
16920 288835 NA
16921 281196 NA
16922 271656 NA
16923 258236 NA
16924 248658 NA
16925 248127 NA
16926 250900 NA
16927 252262 NA
16928 253694 NA
16929 250377 NA
16930 248155 NA
16931 243211 NA
16932 238340 NA
16933 233784 NA
16934 238486 NA
16935 242620 NA
16937 253181 NA
16938 255891 NA
16939 255022 NA
16940 255793 NA
16941 253720 NA
16942 250865 NA
16943 248090 NA
16944 248090 NA
16945 240517 NA
16946 245911 NA
16949 233884 NA
16950 234575 NA
16951 245781 NA
16952 258071 NA
16953 270975 NA
16954 283957 NA
16955 294261 NA
16956 289366 NA
16957 285585 NA
16958 286147 NA
16959 288130 NA
16960 289333 NA
16967 270507 NA
16968 257171 NA
16969 248381 NA
16970 240487 NA
16971 240658 NA
16972 244156 NA
16974 253600 NA
16975 260639 NA
16976 269826 NA
16977 273326 NA
16978 275367 NA
16979 277607 NA
16980 284265 NA
16981 288397 NA
16982 281413 NA
16984 266760 NA
16985 265807 NA
16986 265221 NA
16987 266078 NA
16988 263706 NA
16989 257955 NA
16990 254428 NA
16991 254531 NA
16992 254693 NA
16993 254311 NA
16994 254125 NA
16999 252479 NA
17001 257553 NA
17006 251533 NA
17007 251533 NA
17014 244892 NA
17015 247922 NA
17016 248068 NA
17017 247133 NA
17018 247859 NA
17019 245709 NA
17020 245929 NA
17021 245929 NA
17022 250522 NA
17023 252173 NA
17024 252865 NA
17025 249398 NA
17026 244095 NA
17027 242505 NA
17028 239383 NA
17029 238702 NA
17031 241573 NA
17032 243200 NA
17033 244512 NA
17034 245376 NA
17035 245376 NA
17036 250739 NA
17037 246567 NA
17038 237525 NA
17039 237905 NA
17040 239597 NA
17042 231774 NA
17044 231983 NA
17045 233073 NA
17046 232428 NA
17047 234179 NA
17048 232320 NA
17049 228891 NA
17050 228258 NA
17051 230940 NA
17052 236410 NA
17053 238797 NA
17054 240950 NA
17055 242397 NA
17056 244025 NA
17057 249783 NA
17058 257041 NA
17059 257754 NA
17060 250025 NA
17061 240893 NA
17062 232516 NA
17063 237237 NA
17064 239253 NA
17069 234083 NA
17070 231549 NA
17071 239368 NA
17072 241913 NA
17073 244934 NA
17075 258000 NA
17076 261679 NA
17077 267399 NA
17078 274122 NA
17079 280690 NA
17080 287062 NA
17081 289791 NA
17083 301387 NA
17084 301387 NA
17085 317069 NA
17086 326847 NA
17087 336590 NA
17088 339698 NA
17089 331054 NA
17091 312811 NA
17092 320877 NA
17093 317337 NA
17094 313836 NA
17095 309390 NA
17096 308544 NA
17097 310490 NA
17098 313660 NA
17099 315283 NA
17100 319852 NA
17101 325991 NA
17102 328148 NA
17103 333080 NA
17104 339736 NA
17105 356089 NA
17106 365653 NA
17107 369235 NA
17108 372341 NA
17109 377364 NA
17110 382278 NA
17111 381156 NA
17112 377894 NA
17113 371827 NA
17114 372319 NA
17115 367014 NA
17117 364987 NA
17118 364405 NA
17123 388445 NA
17124 390647 NA
17125 396541 NA
17126 404688 NA
17127 412477 NA
17129 412350 NA
17130 410346 NA
17131 413376 NA
17132 419334 NA
17133 421790 NA
17134 416666 NA
17135 404806 NA
17136 399652 NA
17138 404176 NA
17139 404733 NA
17140 405871 NA
17141 407254 NA
17142 409752 NA
17143 412122 NA
17144 416393 NA
17145 420073 NA
17146 423766 NA
17147 426665 NA
