"Index" "Price" "Volume"
14019 52 NA
14020 54 NA
14021 55 NA
14022 55 NA
14023 56 NA
14024 56 NA
14025 57 NA
14026 57 NA
14027 58 NA
14028 58 NA
14029 55 NA
14030 55 NA
14031 55 NA
14032 54 NA
14033 53 NA
14034 52 NA
14035 51 NA
14036 51 NA
14037 51 NA
14038 51 NA
14039 48 NA
14040 48 NA
14041 49 NA
14042 49 NA
14043 50 NA
14044 52 NA
14045 53 NA
14046 53 NA
14047 53 NA
14048 53 NA
14049 53 NA
14050 54 NA
14051 54 NA
14052 54 NA
14053 55 NA
14054 55 NA
14055 56 NA
14056 57 NA
14057 58 NA
14058 60 NA
14059 61 NA
14060 62 NA
14061 62 NA
14062 59 NA
14063 59 NA
14064 56 NA
14065 55 NA
14066 53 NA
14067 53 NA
14068 54 NA
14069 50 NA
14070 50 NA
14071 49 NA
14072 49 NA
14073 49 NA
14074 47 NA
14075 47 NA
14076 47 NA
14077 48 NA
14078 50 NA
14079 51 NA
14080 49 NA
14081 46 NA
14082 48 NA
14083 50 NA
14084 52 NA
14085 52 NA
14086 52 NA
14087 54 NA
14088 55 NA
14089 55 NA
14090 55 NA
14091 52 NA
14092 52 NA
14093 54 NA
14094 56 NA
14095 52 NA
14096 52 NA
14097 52 NA
14098 54 NA
14099 51 NA
14100 50 NA
14101 49 NA
14102 47 NA
14103 47 NA
14104 48 NA
14105 48 NA
14106 45 NA
14107 45 NA
14108 44 NA
14109 46 NA
14110 48 NA
14111 50 NA
14112 50 NA
14113 48 NA
14114 45 NA
14115 45 NA
14116 44 NA
14117 44 NA
14118 46 NA
14119 49 NA
14120 47 NA
14121 46 NA
14122 48 NA
14123 48 NA
14124 50 NA
14125 51 NA
14126 52 NA
14127 51 NA
14128 51 NA
14129 54 NA
14130 54 NA
14131 54 NA
14132 55 NA
14133 55 NA
14134 57 NA
14135 58 NA
14136 60 NA
14137 60 NA
14138 60 NA
14139 58 NA
14140 55 NA
14141 56 NA
14142 57 NA
14143 57 NA
14144 59 NA
14145 60 NA
14146 60 NA
14147 59 NA
14148 57 NA
14149 52 NA
14150 52 NA
14151 50 NA
14152 50 NA
14153 49 NA
14154 47 NA
14155 47 NA
14156 50 NA
14157 50 NA
14158 46 NA
14159 45 NA
14160 43 NA
14161 43 NA
14162 41 NA
14163 41 NA
14164 42 NA
14165 44 NA
14166 42 NA
14167 41 NA
14168 42 NA
14169 41 NA
14170 43 NA
14171 42 NA
14172 42 NA
14173 44 NA
14174 44 NA
14175 48 NA
14176 48 NA
14177 51 NA
14178 51 NA
14179 52 NA
14180 53 NA
14181 53 NA
14182 53 NA
14183 51 NA
14184 52 NA
14185 50 NA
14186 48 NA
14187 46 NA
14188 46 NA
14189 45 NA
14190 46 NA
14191 47 NA
14192 47 NA
14193 49 NA
14194 51 NA
14195 51 NA
14196 52 NA
14197 51 NA
14198 50 NA
14199 50 NA
14200 49 NA
14201 51 NA
14202 51 NA
14203 52 NA
14204 54 NA
14205 54 NA
14206 54 NA
14207 57 NA
14208 57 NA
14209 57 NA
14210 56 NA
14211 56 NA
14212 56 NA
14213 54 NA
14214 53 NA
14215 50 NA
14216 48 NA
14217 45 NA
14218 43 NA
14219 41 NA
14220 38 NA
14221 36 NA
14222 36 NA
14223 36 NA
14224 37 NA
14225 37 NA
14226 38 NA
14227 38 NA
14228 37 NA
14229 38 NA
14230 39 NA
14231 39 NA
14232 40 NA
14233 40 NA
14234 41 NA
14235 40 NA
14236 40 NA
14237 41 NA
14238 41 NA
14239 44 NA
14240 44 NA
14241 45 NA
14242 45 NA
14243 45 NA
14244 44 NA
14245 44 NA
14246 45 NA
14247 48 NA
14248 48 NA
14249 48 NA
14250 49 NA
14251 48 NA
14252 47 NA
14253 47 NA
14254 48 NA
14255 48 NA
14256 48 NA
14257 46 NA
14258 46 NA
14259 46 NA
14260 46 NA
14261 45 NA
14262 48 NA
14263 48 NA
14264 48 NA
14265 46 NA
14266 46 NA
14267 42 NA
14268 42 NA
14269 40 NA
14270 40 NA
14271 40 NA
14272 41 NA
14273 41 NA
14274 41 NA
14275 41 NA
14276 40 NA
14277 40 NA
14278 40 NA
14279 39 NA
14280 37 NA
14281 37 NA
14282 38 NA
14283 38 NA
14284 39 NA
14285 35 NA
14286 35 NA
14287 35 NA
14288 34 NA
14289 35 NA
14290 34 NA
14291 35 NA
14292 37 NA
14293 37 NA
14294 35 NA
14295 35 NA
14296 38 NA
14297 38 NA
14298 39 NA
14299 39 NA
14300 39 NA
14301 40 NA
14302 41 NA
14303 40 NA
14304 40 NA
14305 38 NA
14306 5 NA
14307 5 NA
14308 5 NA
14309 5 NA
14310 5 NA
14311 5 NA
14312 5 NA
14313 5 NA
14314 5 NA
14315 5 NA
14316 5 NA
14317 5 NA
14318 5 NA
14319 5 NA
14320 24 NA
14321 39 NA
14322 38 NA
14323 39 NA
14324 38 NA
14325 39 NA
14326 39 NA
14327 39 NA
14328 39 NA
14329 40 NA
14330 40 NA
14331 40 NA
14332 40 NA
14333 40 NA
14334 40 NA
14335 39 NA
14336 41 NA
14337 41 NA
14338 43 NA
14339 46 NA
14340 46 NA
14341 47 NA
14342 49 NA
14343 50 NA
14344 50 NA
14345 49 NA
14346 49 NA
14347 50 NA
14348 50 NA
14349 49 NA
14350 49 NA
14351 49 NA
14352 49 NA
14353 50 NA
14354 50 NA
14355 50 NA
14356 49 NA
14357 49 NA
14358 49 NA
14359 50 NA
14360 50 NA
14361 49 NA
14362 50 NA
14363 50 NA
14364 50 NA
14365 50 NA
14366 49 NA
14367 47 NA
14368 47 NA
14369 49 NA
14370 50 NA
14371 50 NA
14372 50 NA
14373 50 NA
14374 49 NA
14375 49 NA
14376 50 NA
14377 50 NA
14378 50 NA
14379 50 NA
14380 50 NA
14381 50 NA
14382 50 NA
14383 49 NA
14384 50 NA
14385 50 NA
14386 50 NA
14387 50 NA
14388 50 NA
14389 50 NA
14390 50 NA
14391 50 NA
14392 49 NA
14393 49 NA
14394 50 NA
14395 49 NA
14396 50 NA
14397 50 NA
14398 50 NA
14399 50 NA
14400 50 NA
14401 50 NA
14402 50 NA
14403 50 NA
14404 50 NA
14405 50 NA
14406 50 NA
14407 50 NA
14408 50 NA
14409 48 NA
14410 49 NA
14411 50 NA
14412 50 NA
14413 50 NA
14414 50 NA
14415 50 NA
14416 50 NA
14417 49 NA
14418 49 NA
14419 50 NA
14420 50 NA
14421 50 NA
14422 49 NA
14423 50 NA
14424 50 NA
14425 49 NA
14426 49 NA
14427 50 NA
14428 50 NA
14429 50 NA
14430 50 NA
14431 50 NA
14432 50 NA
14433 50 NA
14434 50 NA
14435 50 NA
14436 50 NA
14437 50 NA
14438 50 NA
14439 50 NA
14440 50 NA
14441 50 NA
14442 49 NA
14443 50 NA
14444 50 NA
14445 50 NA
14446 49 NA
14447 50 NA
14448 50 NA
14449 50 NA
14450 50 NA
14451 50 NA
14452 49 NA
14453 49 NA
14454 49 NA
14455 49 NA
14456 50 NA
14457 50 NA
14458 49 NA
14459 50 NA
14460 50 NA
14461 49 NA
14462 50 NA
14463 50 NA
14464 49 NA
14465 50 NA
14466 50 NA
14467 50 NA
14468 50 NA
14469 49 NA
14470 49 NA
14471 49 NA
14472 50 NA
14473 50 NA
14474 50 NA
14475 48 NA
14476 48 NA
14477 50 NA
14478 50 NA
14479 50 NA
14480 50 NA
14481 50 NA
14482 50 NA
14483 50 NA
14484 50 NA
14485 50 NA
14486 50 NA
14487 50 NA
14488 49 NA
14489 53 NA
14490 53 NA
14491 54 NA
14492 57 NA
14493 60 NA
14494 65 NA
14495 65 NA
14496 68 NA
14497 71 NA
14498 74 NA
14499 77 NA
14500 81 NA
14501 85 NA
14502 89 NA
14503 97 NA
14504 99 NA
14505 99 NA
14506 103 NA
14507 108 NA
14508 113 NA
14509 118 NA
14510 124 NA
14511 130 NA
14512 139 NA
14513 139 NA
14514 140 NA
14515 140 NA
14516 140 NA
14517 140 NA
14518 140 NA
14519 140 NA
14520 140 NA
14521 140 NA
14522 140 NA
14523 140 NA
14524 140 NA
14525 140 NA
14526 140 NA
14527 140 NA
14528 140 NA
14529 140 NA
14530 140 NA
14531 140 NA
14532 139 NA
14533 140 NA
14534 140 NA
14535 140 NA
14536 140 NA
14537 140 NA
14538 139 NA
14539 139 NA
14540 140 NA
14541 140 NA
14542 140 NA
14543 140 NA
14544 140 NA
14545 140 NA
14546 140 NA
14547 140 NA
14548 140 NA
14549 140 NA
14550 139 NA
14551 139 NA
14552 133 NA
14553 128 NA
14554 128 NA
14555 140 NA
14556 140 NA
14557 140 NA
14558 140 NA
14559 140 NA
14560 140 NA
14561 140 NA
14562 133 NA
14563 130 NA
14564 130 NA
14565 123 NA
14566 130 NA
14567 130 NA
14568 137 NA
14569 135 NA
14570 140 NA
14571 140 NA
14572 140 NA
14573 140 NA
14574 140 NA
14575 140 NA
14576 140 NA
14577 140 NA
14578 140 NA
14579 140 NA
14580 139 NA
14581 138 NA
14582 140 NA
14583 140 NA
14584 140 NA
14585 140 NA
14586 140 NA
14587 140 NA
14588 139 NA
14589 139 NA
14590 140 NA
14591 140 NA
14592 140 NA
14593 140 NA
14594 137 NA
14595 140 NA
14596 140 NA
14597 140 NA
14598 140 NA
14599 140 NA
14600 140 NA
14601 139 NA
14602 140 NA
14603 140 NA
14604 140 NA
14605 140 NA
14606 140 NA
14607 140 NA
14608 140 NA
14609 140 NA
14610 140 NA
14611 140 NA
14612 140 NA
14613 140 NA
14614 140 NA
14615 140 NA
14616 140 NA
14617 140 NA
14618 140 NA
14619 140 NA
14620 140 NA
14621 140 NA
14622 140 NA
14623 140 NA
14624 140 NA
14625 140 NA
14626 140 NA
14627 140 NA
14628 140 NA
14629 140 NA
14630 140 NA
14631 140 NA
14632 140 NA
14633 140 NA
14634 140 NA
14635 140 NA
14636 140 NA
14637 140 NA
14638 140 NA
14639 140 NA
14640 140 NA
14641 140 NA
14642 140 NA
14643 140 NA
14644 140 NA
14645 140 NA
14646 139 NA
14647 140 NA
14648 140 NA
14649 140 NA
14650 140 NA
14651 139 NA
14652 140 NA
14653 140 NA
14654 140 NA
14655 140 NA
14656 140 NA
14657 140 NA
14658 140 NA
14659 140 NA
14660 140 NA
14661 140 NA
14662 140 NA
14663 140 NA
14664 140 NA
14665 140 NA
14666 140 NA
14667 140 NA
14668 140 NA
14669 140 NA
14670 140 NA
14671 140 NA
14672 140 NA
14673 140 NA
14674 140 NA
14675 140 NA
14676 140 NA
14677 140 NA
14678 140 NA
14679 140 NA
14680 140 NA
14681 140 NA
14682 140 NA
14683 140 NA
14684 140 NA
14685 140 NA
14686 140 NA
14687 140 NA
14688 140 NA
14689 140 NA
14690 140 NA
14691 140 NA
14692 140 NA
14693 140 NA
14694 140 NA
14695 140 NA
14696 140 NA
14697 140 NA
14698 140 NA
14699 140 NA
14700 140 NA
14701 140 NA
14702 140 NA
14703 140 NA
14704 140 NA
14705 140 NA
14706 140 NA
14707 140 NA
14708 140 NA
14709 140 NA
14710 140 NA
14711 140 NA
14712 140 NA
14713 140 NA
14714 139 NA
14715 140 NA
14716 140 NA
14717 140 NA
14718 140 NA
14719 140 NA
14720 140 NA
14721 140 NA
14722 140 NA
14723 140 NA
14724 140 NA
14725 139 NA
14726 140 NA
14727 140 NA
14728 140 NA
14729 140 NA
14730 140 NA
14731 140 NA
14732 140 NA
14733 140 NA
14734 140 NA
14735 140 NA
14736 140 NA
14737 140 NA
14738 140 NA
14739 140 NA
14740 140 NA
14741 140 NA
14742 140 NA
14743 140 NA
14744 140 NA
14745 140 NA
14746 140 NA
14747 140 NA
14748 140 NA
14749 140 NA
14750 140 NA
14751 140 NA
14752 140 NA
14753 140 NA
14754 140 NA
14755 140 NA
14756 140 NA
14757 140 NA
14758 140 NA
14759 140 NA
14760 140 NA
14761 140 NA
14762 140 NA
14763 140 NA
14764 140 NA
14765 140 NA
14766 140 NA
14767 140 NA
14768 140 NA
14769 140 NA
14770 140 NA
14771 140 NA
14772 140 NA
14773 140 NA
14774 140 NA
14775 140 NA
14776 140 NA
14777 140 NA
14778 140 NA
14779 140 NA
14780 140 NA
14781 140 NA
14782 140 NA
14783 140 NA
14784 140 NA
14785 140 NA
14786 140 NA
14787 140 NA
14788 140 NA
14789 140 NA
14790 140 NA
14791 140 NA
14792 140 NA
14793 140 NA
14794 140 NA
14795 140 NA
14796 140 NA
14797 140 NA
14798 140 NA
14799 140 NA
14800 140 NA
14801 140 NA
14802 140 NA
14803 140 NA
14804 140 NA
14805 140 NA
14806 140 NA
14807 140 NA
14808 140 NA
14809 140 NA
14810 140 NA
14811 140 NA
14812 140 NA
14813 140 NA
14814 140 NA
14815 140 NA
14816 140 NA
14817 140 NA
14818 140 NA
14819 140 NA
14820 140 NA
14821 140 NA
14822 140 NA
14823 140 NA
14824 140 NA
14825 140 NA
14826 140 NA
14827 140 NA
14828 140 NA
14829 140 NA
14830 140 NA
14831 140 NA
14832 140 NA
14833 140 NA
14834 140 NA
14835 140 NA
14836 140 NA
14837 140 NA
14838 140 NA
14839 140 NA
14840 140 NA
14841 140 NA
14842 140 NA
14843 140 NA
14844 140 NA
14845 140 NA
14846 140 NA
14847 140 NA
14848 140 NA
14849 140 NA
14850 140 NA
14851 140 NA
14852 140 NA
14853 140 NA
14854 140 NA
14855 140 NA
14856 140 NA
14857 140 NA
14858 140 NA
14859 140 NA
14860 140 NA
14861 140 NA
14862 140 NA
14863 140 NA
14864 140 NA
14865 140 NA
14866 140 NA
14867 140 NA
14868 140 NA
14869 140 NA
14870 140 NA
14871 140 NA
14872 140 NA
14873 140 NA
14874 140 NA
14875 140 NA
14876 140 NA
14877 140 NA
14878 140 NA
14879 140 NA
14880 140 NA
14881 140 NA
14882 140 NA
14883 140 NA
14884 140 NA
14885 140 NA
14886 140 NA
14887 140 NA
14888 140 NA
14889 140 NA
14890 140 NA
14891 140 NA
14892 140 NA
14893 140 NA
14894 140 NA
14895 140 NA
14896 140 NA
14897 140 NA
14898 140 NA
14899 140 NA
14900 140 NA
14901 140 NA
14902 140 NA
14903 140 NA
14904 140 NA
14905 140 NA
14906 140 NA
14907 140 NA
14908 140 NA
14909 140 NA
14910 140 NA
14911 140 NA
14912 140 NA
14913 140 NA
14914 140 NA
14915 140 NA
14916 140 NA
14917 140 NA
14918 140 NA
14920 140 NA
14921 140 NA
14922 140 NA
14923 140 NA
14924 140 NA
14925 140 NA
14926 140 NA
14927 140 NA
14928 140 NA
14929 140 NA
14930 140 NA
14931 140 NA
14932 140 NA
14933 140 NA
14934 140 NA
14935 140 NA
14936 140 NA
14937 140 NA
14938 140 NA
14939 140 NA
14940 140 NA
14941 140 NA
14942 140 NA
14943 140 NA
14944 140 NA
14945 140 NA
14946 140 NA
14947 140 NA
14948 140 NA
14949 140 NA
14950 140 NA
14951 140 NA
14952 140 NA
14953 140 NA
14954 140 NA
14955 140 NA
14956 140 NA
14957 140 NA
14958 140 NA
14959 140 NA
14960 140 NA
14961 140 NA
14962 140 NA
14963 140 NA
14964 140 NA
14965 140 NA
14966 140 NA
14967 140 NA
14968 140 NA
14969 140 NA
14970 140 NA
14971 140 NA
14972 140 NA
14973 140 NA
14974 140 NA
14981 140 NA
14988 140 NA
14995 140 NA
15002 140 NA
15009 140 NA
15016 140 NA
15017 146 NA
15019 154 NA
15020 167 NA
15021 167 NA
15023 195 NA
15025 205 NA
15026 216 NA
15028 239 NA
15029 264 NA
15031 278 NA
15032 292 NA
15033 323 NA
15035 340 NA
15036 375 NA
15037 375 NA
15038 409 NA
15039 421 NA
15042 454 NA
15044 499 NA
15046 545 NA
15047 568 NA
15048 592 NA
15049 592 NA
15050 612 NA
15052 651 NA
15054 642 NA
15055 620 NA
15058 650 NA
15060 665 NA
15061 683 NA
15063 688 NA
15064 706 NA
15066 706 NA
15067 717 NA
15068 737 NA
15070 759 NA
15072 734 NA
15073 712 NA
15074 715 NA
15076 740 NA
15078 736 NA
15080 723 NA
15081 706 NA
15082 697 NA
15084 704 NA
15085 697 NA
15086 664 NA
15088 654 NA
15090 641 NA
15091 648 NA
15093 637 NA
15094 632 NA
15095 624 NA
15096 617 NA
15097 614 NA
15098 596 NA
15100 580 NA
15101 568 NA
15102 561 NA
15103 550 NA
15105 524 NA
15106 508 NA
15107 499 NA
15109 464 NA
15110 452 NA
15112 424 NA
15114 412 NA
15115 422 NA
15116 421 NA
15118 455 NA
15120 453 NA
15121 469 NA
15123 495 NA
15124 493 NA
15125 481 NA
15126 462 NA
15128 446 NA
15130 432 NA
15132 414 NA
15133 409 NA
15135 381 NA
15136 365 NA
15137 357 NA
15138 351 NA
15140 349 NA
15142 344 NA
15143 338 NA
15144 332 NA
15145 328 NA
15147 331 NA
15149 341 NA
15150 354 NA
15151 366 NA
15152 383 NA
15154 397 NA
15156 414 NA
15157 421 NA
15158 429 NA
15159 439 NA
15161 445 NA
15163 432 NA
15164 440 NA
15165 458 NA
15166 468 NA
15168 469 NA
15170 477 NA
15172 461 NA
15175 450 NA
15177 437 NA
15178 433 NA
15179 431 NA
15180 433 NA
15182 426 NA
15184 411 NA
15185 409 NA
15186 406 NA
15187 407 NA
15188 397 NA
15191 398 NA
15192 398 NA
15194 394 NA
15196 427 NA
15197 438 NA
15199 445 NA
15204 452 NA
15207 445 NA
15210 453 NA
15212 436 NA
15213 422 NA
15215 416 NA
15217 410 NA
15219 413 NA
15220 425 NA
15221 443 NA
15222 442 NA
15224 441 NA
15226 461 NA
15227 466 NA
15228 486 NA
15229 495 NA
15231 502 NA
15232 493 NA
15233 483 NA
15235 471 NA
15238 459 NA
15240 457 NA
15242 437 NA
15243 434 NA
15244 431 NA
15247 423 NA
15248 433 NA
15249 433 NA
15250 440 NA
15252 453 NA
15254 466 NA
15256 462 NA
15257 465 NA
15258 463 NA
15259 466 NA
15261 471 NA
15263 462 NA
15264 450 NA
15266 455 NA
15268 440 NA
15270 419 NA
15271 409 NA
15273 389 NA
15275 356 NA
15277 332 NA
15278 321 NA
15280 311 NA
15281 302 NA
15282 294 NA
15283 285 NA
15284 284 NA
15285 283 NA
15287 277 NA
15289 270 NA
15291 248 NA
15294 240 NA
15296 229 NA
15297 230 NA
15299 232 NA
15302 245 NA
15303 251 NA
15304 255 NA
15306 251 NA
15307 249 NA
15308 246 NA
15310 238 NA
15312 237 NA
15313 239 NA
15314 239 NA
15315 229 NA
15316 219 NA
15317 214 NA
15318 207 NA
15319 202 NA
15320 200 NA
15321 199 NA
15322 200 NA
15323 203 NA
15324 202 NA
15325 205 NA
15326 206 NA
15327 205 NA
15328 206 NA
15329 205 NA
15330 205 NA
15331 208 NA
15332 209 NA
15333 216 NA
15334 220 NA
15335 223 NA
15336 229 NA
15337 237 NA
15338 240 NA
15339 246 NA
15340 257 NA
15341 263 NA
15342 275 NA
15343 284 NA
15344 289 NA
15345 301 NA
15346 308 NA
15347 319 NA
15348 328 NA
15349 325 NA
15350 325 NA
15351 329 NA
15352 335 NA
15353 323 NA
15354 326 NA
15355 332 NA
15356 338 NA
15357 343 NA
15358 349 NA
15359 351 NA
15360 353 NA
15361 358 NA
15362 367 NA
15363 380 NA
15364 392 NA
15365 405 NA
15366 417 NA
15367 432 NA
15368 440 NA
15369 436 NA
15370 430 NA
15371 427 NA
15372 424 NA
15373 420 NA
15374 409 NA
15375 401 NA
15376 396 NA
15377 394 NA
15378 393 NA
15379 389 NA
15380 392 NA
15381 396 NA
15382 393 NA
15383 394 NA
15384 393 NA
15385 397 NA
15386 395 NA
15387 396 NA
15388 407 NA
15389 394 NA
15390 404 NA
15391 422 NA
15392 436 NA
15393 442 NA
15394 445 NA
15395 456 NA
15396 465 NA
15397 485 NA
15398 497 NA
15399 499 NA
15400 509 NA
15401 520 NA
15402 520 NA
15403 521 NA
15404 532 NA
15405 545 NA
15406 525 NA
15407 522 NA
15408 524 NA
15409 528 NA
15410 516 NA
15411 516 NA
15412 503 NA
15413 487 NA
15414 479 NA
15415 470 NA
15416 486 NA
15417 502 NA
15418 511 NA
15419 514 NA
15420 525 NA
15421 520 NA
15422 507 NA
15423 494 NA
15424 482 NA
15425 469 NA
15426 456 NA
15427 456 NA
15428 468 NA
15429 473 NA
15430 463 NA
15431 459 NA
15432 450 NA
15433 442 NA
15434 442 NA
15435 459 NA
15436 475 NA
15437 467 NA
15438 483 NA
15439 504 NA
15440 525 NA
15441 551 NA
15442 579 NA
15443 594 NA
15444 601 NA
15445 602 NA
15446 602 NA
15447 597 NA
15448 582 NA
15449 558 NA
15450 534 NA
15451 507 NA
15452 485 NA
15453 476 NA
15454 470 NA
15455 485 NA
15456 489 NA
15457 496 NA
15458 494 NA
15459 487 NA
15460 473 NA
15461 461 NA
15462 450 NA
15463 433 NA
15464 421 NA
15465 408 NA
15466 394 NA
15467 384 NA
15468 376 NA
15469 362 NA
15470 347 NA
15471 344 NA
15472 349 NA
15473 353 NA
15474 358 NA
15475 376 NA
15476 395 NA
15477 414 NA
15478 423 NA
15479 445 NA
15480 468 NA
15481 492 NA
15482 516 NA
15483 534 NA
15484 549 NA
15485 563 NA
15486 588 NA
15487 618 NA
15488 649 NA
15489 670 NA
15490 692 NA
15491 702 NA
15492 725 NA
15493 736 NA
15494 750 NA
15495 764 NA
15496 779 NA
15497 783 NA
15498 791 NA
15499 808 NA
15500 817 NA
15501 813 NA
15502 814 NA
15503 811 NA
15504 791 NA
15505 796 NA
15506 795 NA
15507 769 NA
15508 734 NA
15509 700 NA
15510 672 NA
15511 640 NA
15512 644 NA
15513 622 NA
15514 608 NA
15515 577 NA
15516 548 NA
15517 521 NA
15518 494 NA
15519 469 NA
15520 445 NA
15521 422 NA
15522 400 NA
15523 381 NA
15524 366 NA
15525 356 NA
15526 338 NA
15527 327 NA
15528 310 NA
15529 316 NA
15530 325 NA
15531 326 NA
15532 334 NA
15533 345 NA
15534 353 NA
15535 366 NA
15536 385 NA
15537 403 NA
15538 420 NA
15539 437 NA
15540 443 NA
15541 462 NA
15542 455 NA
15543 433 NA
15544 426 NA
15545 415 NA
15546 433 NA
15547 445 NA
15548 464 NA
15549 487 NA
15550 494 NA
15551 511 NA
15552 517 NA
15553 534 NA
15554 539 NA
15555 549 NA
15556 536 NA
15557 509 NA
15558 502 NA
15559 520 NA
15560 537 NA
15561 548 NA
15562 559 NA
15563 576 NA
15564 579 NA
15565 598 NA
15566 613 NA
15567 640 NA
15568 662 NA
15569 682 NA
15570 706 NA
15571 727 NA
15572 757 NA
15573 779 NA
15574 792 NA
15575 797 NA
15576 811 NA
15577 825 NA
15578 840 NA
15579 851 NA
15580 854 NA
15581 862 NA
15582 857 NA
15583 838 NA
15584 817 NA
15585 784 NA
15586 765 NA
15587 755 NA
15588 755 NA
15589 722 NA
15590 691 NA
15591 675 NA
15592 667 NA
15593 671 NA
15594 696 NA
15595 706 NA
15596 717 NA
15597 711 NA
15598 704 NA
15599 704 NA
15600 710 NA
15601 700 NA
15602 683 NA
15603 662 NA
15604 648 NA
15605 629 NA
15606 612 NA
15607 597 NA
15608 590 NA
15609 600 NA
15610 620 NA
15611 602 NA
15612 609 NA
15613 621 NA
15614 600 NA
15615 591 NA
15616 578 NA
15617 577 NA
15618 561 NA
15619 580 NA
15620 605 NA
15621 634 NA
15622 661 NA
15623 681 NA
15624 702 NA
15625 727 NA
15626 740 NA
15627 754 NA
15628 777 NA
15629 778 NA
15630 795 NA
15631 824 NA
15632 850 NA
15633 851 NA
15634 853 NA
15635 876 NA
15636 878 NA
15637 880 NA
15638 867 NA
15639 884 NA
15640 886 NA
15641 897 NA
15642 898 NA
15643 922 NA
15644 894 NA
15645 854 NA
15646 841 NA
15647 829 NA
15648 804 NA
15649 773 NA
15650 749 NA
15651 726 NA
15652 702 NA
15653 679 NA
15654 655 NA
15655 631 NA
15656 608 NA
15657 584 NA
15658 562 NA
15659 542 NA
15660 526 NA
15661 501 NA
15662 481 NA
15663 456 NA
15664 465 NA
15665 465 NA
15666 483 NA
15667 496 NA
15668 491 NA
15669 491 NA
15670 489 NA
15671 484 NA
15672 484 NA
15673 472 NA
15674 465 NA
15675 461 NA
15676 437 NA
15677 420 NA
15678 399 NA
15679 379 NA
15680 361 NA
15681 349 NA
15682 338 NA
15683 329 NA
15684 317 NA
15685 314 NA
15686 306 NA
15687 298 NA
15688 290 NA
15689 285 NA
15690 283 NA
15691 276 NA
15692 272 NA
15693 274 NA
15694 285 NA
15695 298 NA
15696 312 NA
15697 323 NA
15698 324 NA
15699 323 NA
15700 324 NA
15701 333 NA
15702 350 NA
15703 367 NA
15704 376 NA
15705 377 NA
15706 370 NA
15707 362 NA
15708 351 NA
15709 346 NA
15710 346 NA
15711 353 NA
15712 357 NA
15713 362 NA
15714 374 NA
15715 383 NA
15716 395 NA
15717 397 NA
15718 401 NA
15719 401 NA
15720 401 NA
15721 413 NA
15722 411 NA
15723 404 NA
15724 394 NA
15725 380 NA
15726 369 NA
15727 368 NA
15728 368 NA
15729 362 NA
15730 360 NA
15731 357 NA
15732 349 NA
15733 346 NA
15734 344 NA
15735 337 NA
15736 333 NA
15737 328 NA
15738 327 NA
15739 321 NA
15740 316 NA
15741 309 NA
15742 300 NA
15743 292 NA
15744 282 NA
15745 273 NA
15746 265 NA
15747 260 NA
15748 255 NA
15749 252 NA
15750 251 NA
15751 247 NA
15752 244 NA
15753 244 NA
15754 238 NA
15755 226 NA
15756 222 NA
15757 221 NA
15758 218 NA
15759 219 NA
15760 213 NA
15761 209 NA
15762 209 NA
15763 208 NA
15764 207 NA
15765 207 NA
15766 206 NA
15767 209 NA
15768 206 NA
15769 200 NA
15770 197 NA
15771 197 NA
15772 199 NA
15773 196 NA
15774 190 NA
15775 187 NA
15776 188 NA
15777 189 NA
15778 185 NA
15779 184 NA
15780 184 NA
15781 178 NA
15782 178 NA
15783 183 NA
15784 187 NA
15785 188 NA
15786 190 NA
15787 190 NA
15788 184 NA
15789 184 NA
15790 184 NA
15791 183 NA
15792 183 NA
15793 181 NA
15794 181 NA
15795 183 NA
15796 183 NA
15797 179 NA
15798 175 NA
15799 171 NA
15800 167 NA
15801 163 NA
15802 159 NA
15803 155 NA
15804 151 NA
15805 150 NA
15806 150 NA
15807 148 NA
15808 144 NA
15809 139 NA
15810 136 NA
15811 134 NA
15812 134 NA
15813 133 NA
15814 132 NA
15815 132 NA
15816 133 NA
15817 133 NA
15818 133 NA
15819 133 NA
15820 131 NA
15821 131 NA
15822 131 NA
15823 128 NA
15824 128 NA
15825 131 NA
15826 131 NA
15827 130 NA
15828 131 NA
15829 131 NA
15830 133 NA
15831 130 NA
15832 130 NA
15833 131 NA
15834 133 NA
15835 134 NA
15836 131 NA
15837 135 NA
15838 140 NA
15839 143 NA
15840 148 NA
15841 152 NA
15842 157 NA
15843 157 NA
15844 158 NA
15845 158 NA
15846 163 NA
15847 167 NA
15848 167 NA
15849 168 NA
15850 168 NA
15851 168 NA
15852 164 NA
15853 167 NA
15854 167 NA
15855 170 NA
15856 170 NA
15857 174 NA
15858 181 NA
15859 190 NA
15860 190 NA
15861 195 NA
15862 195 NA
15863 195 NA
15864 198 NA
15865 202 NA
15866 201 NA
15867 204 NA
15868 211 NA
15869 220 NA
15870 231 NA
15871 243 NA
15872 255 NA
15873 268 NA
15874 268 NA
15875 282 NA
15876 297 NA
15877 312 NA
15878 328 NA
15879 345 NA
15880 363 NA
15881 382 NA
15882 402 NA
15883 423 NA
15884 445 NA
15885 468 NA
15886 492 NA
15887 517 NA
15888 543 NA
15889 550 NA
15890 547 NA
15891 529 NA
15892 502 NA
15893 493 NA
15894 468 NA
15895 445 NA
15896 430 NA
15897 413 NA
15898 413 NA
15899 403 NA
15900 384 NA
15901 366 NA
15902 350 NA
15903 337 NA
15904 323 NA
15905 310 NA
15906 297 NA
15907 283 NA
15908 270 NA
15909 270 NA
15910 264 NA
15911 252 NA
15912 243 NA
15913 236 NA
15914 229 NA
15915 218 NA
15916 214 NA
15917 210 NA
15918 206 NA
15919 203 NA
15920 203 NA
15921 204 NA
15922 199 NA
15923 199 NA
15924 189 NA
15925 179 NA
15926 175 NA
15927 169 NA
15928 162 NA
15929 159 NA
15930 156 NA
15931 157 NA
15932 160 NA
15933 161 NA
15934 161 NA
15935 159 NA
15936 157 NA
15937 158 NA
15938 158 NA
15939 162 NA
15940 162 NA
15941 164 NA
15942 165 NA
15943 165 NA
15944 166 NA
15945 166 NA
15946 165 NA
15947 165 NA
15948 165 NA
15949 161 NA
15950 161 NA
15951 154 NA
15952 154 NA
15953 150 NA
15954 150 NA
15955 147 NA
15956 142 NA
15957 142 NA
15958 142 NA
15959 142 NA
15960 143 NA
15961 143 NA
15962 141 NA
15963 141 NA
15964 139 NA
15965 139 NA
15966 142 NA
15967 142 NA
15968 147 NA
15969 147 NA
15970 146 NA
15971 146 NA
15972 141 NA
15973 141 NA
15974 141 NA
15975 141 NA
15976 141 NA
15977 141 NA
15978 142 NA
15979 142 NA
15980 138 NA
15981 138 NA
15982 132 NA
15983 136 NA
15984 136 NA
15985 142 NA
15986 145 NA
15987 147 NA
15988 150 NA
15989 153 NA
15990 155 NA
15991 158 NA
15992 160 NA
15993 163 NA
15994 163 NA
15995 161 NA
15996 161 NA
15997 159 NA
15998 162 NA
15999 162 NA
16000 164 NA
16001 164 NA
16002 157 NA
16003 157 NA
16004 157 NA
16005 157 NA
16006 158 NA
16007 158 NA
16008 158 NA
16009 158 NA
16010 158 NA
16011 160 NA
16012 160 NA
16013 157 NA
16014 157 NA
16015 151 NA
16016 151 NA
16017 147 NA
16018 147 NA
16019 146 NA
16020 146 NA
16021 147 NA
16022 147 NA
16023 148 NA
16024 148 NA
16025 145 NA
16026 145 NA
16027 143 NA
16028 143 NA
16029 143 NA
16030 144 NA
16031 144 NA
16032 144 NA
16033 148 NA
16034 148 NA
16035 150 NA
16036 152 NA
16037 154 NA
16038 155 NA
16039 157 NA
16040 159 NA
16041 161 NA
16042 161 NA
16043 166 NA
16044 166 NA
16045 169 NA
16046 169 NA
16047 168 NA
16048 168 NA
16049 171 NA
16050 171 NA
16051 177 NA
16052 177 NA
16053 183 NA
16054 183 NA
16055 188 NA
16056 188 NA
16057 197 NA
16058 204 NA
16059 204 NA
16060 208 NA
16061 208 NA
16062 211 NA
16063 214 NA
16064 214 NA
16065 222 NA
16066 222 NA
16067 232 NA
16068 234 NA
16069 234 NA
16070 238 NA
16071 232 NA
16072 237 NA
16073 237 NA
16074 248 NA
16075 248 NA
16076 250 NA
16077 256 NA
16078 256 NA
16079 264 NA
16080 264 NA
16081 277 NA
16082 284 NA
16083 298 NA
16084 298 NA
16085 301 NA
16086 301 NA
16087 297 NA
16088 297 NA
16089 289 NA
16090 289 NA
16091 292 NA
16092 287 NA
16093 287 NA
16094 284 NA
16095 289 NA
16096 290 NA
16097 290 NA
16098 290 NA
16099 290 NA
16100 289 NA
16101 289 NA
16102 284 NA
16103 287 NA
16104 291 NA
16105 291 NA
16106 295 NA
16107 304 NA
16108 308 NA
16109 316 NA
16110 318 NA
16111 310 NA
16112 315 NA
16113 320 NA
16114 326 NA
16115 329 NA
16116 326 NA
16117 326 NA
16118 325 NA
16119 325 NA
16120 317 NA
16121 321 NA
16122 310 NA
16123 314 NA
16124 321 NA
16125 333 NA
16126 333 NA
16127 340 NA
16128 329 NA
16129 329 NA
16130 320 NA
16131 320 NA
16132 304 NA
16133 304 NA
16134 289 NA
16135 289 NA
16136 281 NA
16137 281 NA
16138 280 NA
16139 287 NA
16140 287 NA
16141 293 NA
16142 293 NA
16143 308 NA
16144 324 NA
16145 324 NA
16146 333 NA
16147 333 NA
16148 344 NA
16149 362 NA
16150 362 NA
16151 381 NA
16152 401 NA
16153 422 NA
16154 422 NA
16155 441 NA
16156 441 NA
16157 456 NA
16158 456 NA
16159 468 NA
16160 478 NA
16161 478 NA
16162 478 NA
16163 478 NA
16164 478 NA
16165 478 NA
16166 477 NA
16167 485 NA
16168 485 NA
16169 497 NA
16170 508 NA
16171 508 NA
16172 534 NA
16173 557 NA
16174 571 NA
16175 571 NA
16176 581 NA
16177 602 NA
16178 629 NA
16179 629 NA
16180 643 NA
16181 643 NA
16182 634 NA
16183 607 NA
16184 598 NA
16185 598 NA
16186 593 NA
16187 585 NA
16188 585 NA
16189 587 NA
16190 600 NA
16191 600 NA
16192 604 NA
16193 616 NA
16194 616 NA
16195 626 NA
16196 626 NA
16197 634 NA
16198 657 NA
16199 657 NA
16200 662 NA
16201 651 NA
16202 653 NA
16203 654 NA
16204 626 NA
16205 626 NA
16206 597 NA
16207 597 NA
16208 581 NA
16209 579 NA
16210 580 NA
16211 588 NA
16212 588 NA
16213 589 NA
16214 595 NA
16215 589 NA
16216 589 NA
16217 595 NA
16218 595 NA
16219 585 NA
16220 585 NA
16221 599 NA
16222 588 NA
16223 572 NA
16224 551 NA
16225 550 NA
16226 565 NA
16227 573 NA
16228 581 NA
16229 599 NA
16230 618 NA
16231 631 NA
16232 647 NA
16233 653 NA
16234 665 NA
16235 694 NA
16236 717 NA
16237 730 NA
16238 748 NA
16239 763 NA
16240 763 NA
16241 767 NA
16242 766 NA
16243 781 NA
16244 795 NA
16245 778 NA
16246 796 NA
16247 796 NA
16248 783 NA
16249 769 NA
16250 752 NA
16251 732 NA
16252 719 NA
16253 711 NA
16254 693 NA
16255 680 NA
16256 663 NA
16257 663 NA
16258 654 NA
16259 638 NA
16260 638 NA
16261 625 NA
16262 615 NA
16263 595 NA
16264 572 NA
16265 560 NA
16266 560 NA
16267 541 NA
16268 544 NA
16269 555 NA
16270 570 NA
16271 570 NA
16272 592 NA
16273 612 NA
16274 631 NA
16275 647 NA
16276 647 NA
16277 661 NA
16278 675 NA
16279 665 NA
16280 665 NA
16281 656 NA
16282 643 NA
16283 634 NA
16284 628 NA
16285 619 NA
16286 596 NA
16287 581 NA
16288 574 NA
16289 571 NA
16290 575 NA
16291 583 NA
16292 592 NA
16293 584 NA
16294 587 NA
16295 594 NA
16296 603 NA
16297 594 NA
16298 596 NA
16299 585 NA
16300 572 NA
16301 565 NA
16302 561 NA
16303 560 NA
16304 572 NA
16305 576 NA
16306 584 NA
16307 603 NA
16308 618 NA
16309 632 NA
16310 653 NA
16311 678 NA
16312 712 NA
16313 731 NA
16314 752 NA
16315 778 NA
16316 778 NA
16317 763 NA
16318 758 NA
16319 738 NA
16320 720 NA
16321 711 NA
16322 704 NA
16323 710 NA
16324 729 NA
16325 751 NA
16326 767 NA
16327 773 NA
16328 760 NA
16329 779 NA
16330 813 NA
16331 813 NA
16332 840 NA
16333 827 NA
16334 820 NA
16335 798 NA
16336 779 NA
16337 767 NA
16338 752 NA
16339 715 NA
16340 715 NA
16341 699 NA
16342 681 NA
16343 668 NA
16344 653 NA
16345 636 NA
16346 627 NA
16347 644 NA
16348 656 NA
16349 667 NA
16350 698 NA
16351 726 NA
16352 726 NA
16353 763 NA
16354 802 NA
16355 838 NA
16356 877 NA
16357 912 NA
16358 958 NA
16359 1006 NA
16360 1021 NA
16361 1050 NA
16362 1026 NA
16363 994 NA
16364 984 NA
16365 1012 NA
16366 1050 NA
16367 1082 NA
16368 1114 NA
16369 1105 NA
16370 1104 NA
16371 1063 NA
16372 1091 NA
16373 1127 NA
16374 1130 NA
16375 1177 NA
16376 1165 NA
16377 1111 NA
16378 1099 NA
16379 1099 NA
16380 1080 NA
16381 1065 NA
16382 1027 NA
16383 975 NA
16384 975 NA
16385 927 NA
16386 882 NA
16387 849 NA
16388 806 NA
16389 765 NA
16390 737 NA
16391 710 NA
16392 683 NA
16393 653 NA
16394 653 NA
16395 629 NA
16396 628 NA
16397 628 NA
16398 604 NA
16399 580 NA
16400 572 NA
16401 557 NA
16402 557 NA
16403 540 NA
16404 527 NA
16405 527 NA
16406 507 NA
16407 489 NA
16408 489 NA
16409 469 NA
16410 484 NA
16411 480 NA
16412 470 NA
16413 470 NA
16414 474 NA
16415 474 NA
16416 474 NA
16417 474 NA
16418 485 NA
16419 485 NA
16420 474 NA
16421 481 NA
16422 486 NA
16423 469 NA
16424 455 NA
16425 477 NA
16426 490 NA
16427 490 NA
16428 508 NA
16429 531 NA
16430 513 NA
16431 527 NA
16432 527 NA
16433 548 NA
16434 549 NA
16435 555 NA
16436 582 NA
16437 576 NA
16438 594 NA
16439 570 NA
16440 542 NA
16441 532 NA
16442 532 NA
16443 516 NA
16444 516 NA
16445 529 NA
16446 512 NA
16447 489 NA
16448 483 NA
16449 506 NA
16450 496 NA
16451 496 NA
16452 512 NA
16453 530 NA
16454 540 NA
16455 560 NA
16456 587 NA
16457 590 NA
16458 599 NA
16459 621 NA
16460 602 NA
16461 589 NA
16462 585 NA
16463 602 NA
16464 622 NA
16465 635 NA
16466 657 NA
16467 690 NA
16468 717 NA
16469 722 NA
16470 737 NA
16471 755 NA
16472 781 NA
16473 781 NA
16474 821 NA
16475 857 NA
16476 887 NA
16477 912 NA
16478 955 NA
16479 972 NA
16480 985 NA
16481 974 NA
16482 930 NA
16483 885 NA
16484 840 NA
16485 798 NA
16486 759 NA
16487 721 NA
16488 684 NA
16489 652 NA
16490 619 NA
16491 593 NA
16492 563 NA
16493 534 NA
16494 531 NA
16495 511 NA
16496 490 NA
16497 490 NA
16498 486 NA
16499 486 NA
16500 492 NA
16501 504 NA
16502 504 NA
16503 503 NA
16504 503 NA
16505 521 NA
16506 521 NA
16507 540 NA
16508 560 NA
16509 580 NA
16510 580 NA
16511 587 NA
16512 575 NA
16513 575 NA
16514 581 NA
16515 581 NA
16516 609 NA
16517 616 NA
16518 638 NA
16519 638 NA
16520 659 NA
16521 659 NA
16522 661 NA
16523 643 NA
16524 643 NA
16525 642 NA
16526 636 NA
16527 636 NA
16528 646 NA
16529 646 NA
16530 678 NA
16531 691 NA
16532 691 NA
16533 676 NA
16534 651 NA
16535 637 NA
16536 648 NA
16537 674 NA
16538 674 NA
16539 683 NA
16540 710 NA
16541 710 NA
16542 729 NA
16543 738 NA
16544 721 NA
16545 721 NA
16546 710 NA
16547 734 NA
16548 759 NA
16549 759 NA
16550 787 NA
16551 827 NA
16552 827 NA
16553 849 NA
16554 849 NA
16555 884 NA
16556 884 NA
16557 920 NA
16558 920 NA
16559 932 NA
16560 927 NA
16561 954 NA
16562 954 NA
16563 954 NA
16564 954 NA
16565 930 NA
16566 901 NA
16567 889 NA
16568 901 NA
16569 901 NA
16570 912 NA
16571 944 NA
16572 944 NA
16573 981 NA
16574 981 NA
16575 1003 NA
16576 1003 NA
16577 1047 NA
16578 1047 NA
16579 1061 NA
16580 1061 NA
16581 1073 NA
16582 1073 NA
16583 1106 NA
16584 1106 NA
16585 1099 NA
16586 1073 NA
16587 1029 NA
16588 986 NA
16589 986 NA
16590 936 NA
16591 895 NA
16592 855 NA
16593 855 NA
16594 812 NA
16595 779 NA
16596 779 NA
16597 740 NA
16598 706 NA
16599 706 NA
16600 692 NA
16601 687 NA
16602 687 NA
16603 687 NA
16604 687 NA
16605 715 NA
16606 743 NA
16607 743 NA
16608 758 NA
16609 747 NA
16610 747 NA
16611 783 NA
16612 818 NA
16613 818 NA
16614 855 NA
16615 855 NA
16616 850 NA
16617 850 NA
16618 809 NA
16619 809 NA
16620 769 NA
16621 769 NA
16622 742 NA
16623 742 NA
16624 721 NA
16625 695 NA
16626 678 NA
16627 678 NA
16628 669 NA
16629 649 NA
16630 649 NA
16631 616 NA
16632 616 NA
16633 591 NA
16634 591 NA
16635 612 NA
16636 628 NA
16637 628 NA
16638 642 NA
16639 642 NA
16640 619 NA
16641 619 NA
16642 591 NA
16643 591 NA
16644 574 NA
16645 557 NA
16646 554 NA
16647 554 NA
16648 572 NA
16649 600 NA
16650 600 NA
16651 630 NA
16652 630 NA
16653 662 NA
16654 696 NA
16655 731 NA
16656 768 NA
16657 768 NA
16658 807 NA
16659 848 NA
16660 891 NA
16661 936 NA
16662 983 NA
16663 1030 NA
16665 1047 NA
16666 995 NA
16668 945 NA
16669 945 NA
16670 904 NA
16671 870 NA
16672 836 NA
16673 836 NA
16674 795 NA
16675 764 NA
16676 764 NA
16677 725 NA
16678 694 NA
16679 665 NA
16680 665 NA
16681 631 NA
16682 631 NA
16683 604 NA
16684 580 NA
16686 577 NA
16687 600 NA
16688 600 NA
16689 612 NA
16690 612 NA
16691 606 NA
16692 606 NA
16693 613 NA
16694 613 NA
16695 632 NA
16696 632 NA
16697 628 NA
16698 628 NA
16699 628 NA
16700 628 NA
16701 618 NA
16702 618 NA
16703 645 NA
16704 645 NA
16705 641 NA
16706 636 NA
16707 618 NA
16708 618 NA
16709 599 NA
16710 599 NA
16711 569 NA
16712 569 NA
16715 513 NA
16717 492 NA
16719 473 NA
16720 473 NA
16721 461 NA
16722 461 NA
16723 437 NA
16724 437 NA
16725 417 NA
16726 401 NA
16727 401 NA
16728 386 NA
16730 369 NA
16731 369 NA
16732 350 NA
16733 336 NA
16734 336 NA
16735 321 NA
16736 321 NA
16737 304 NA
16738 304 NA
16739 288 NA
16740 288 NA
16741 274 NA
16742 274 NA
16743 260 NA
16744 260 NA
16745 247 NA
16746 247 NA
16747 234 NA
16748 234 NA
16749 224 NA
16750 224 NA
16751 214 NA
16752 214 NA
16753 214 NA
16754 212 NA
16755 212 NA
16756 209 NA
16757 209 NA
16759 204 NA
16760 200 NA
16761 200 NA
16762 200 NA
16763 195 NA
16764 195 NA
16765 187 NA
16766 187 NA
16767 185 NA
16768 185 NA
16769 188 NA
16770 188 NA
16771 190 NA
16772 190 NA
16773 196 NA
16774 196 NA
16775 200 NA
16777 193 NA
16778 193 NA
16779 197 NA
16780 197 NA
16781 200 NA
16782 200 NA
16783 206 NA
16784 206 NA
16785 211 NA
16786 211 NA
16787 207 NA
16788 207 NA
16789 218 NA
16790 223 NA
16791 227 NA
16792 227 NA
16793 226 NA
16794 226 NA
16795 229 NA
16796 229 NA
16797 228 NA
16798 228 NA
16799 231 NA
16800 231 NA
16801 232 NA
16802 238 NA
16803 244 NA
16804 244 NA
16807 267 NA
16808 274 NA
16809 274 NA
16810 287 NA
16811 287 NA
16812 292 NA
16813 292 NA
16814 288 NA
16815 288 NA
16816 293 NA
16817 291 NA
16818 291 NA
16820 292 NA
16821 279 NA
16823 267 NA
16824 267 NA
16825 260 NA
16826 261 NA
16827 261 NA
16828 269 NA
16829 272 NA
16830 272 NA
16831 271 NA
16832 276 NA
16833 276 NA
16834 273 NA
16835 273 NA
16836 268 NA
16837 269 NA
16838 269 NA
16839 272 NA
16840 273 NA
16841 267 NA
16842 267 NA
16843 263 NA
16844 263 NA
16845 255 NA
16847 258 NA
16849 266 NA
16850 266 NA
16851 252 NA
16852 252 NA
16853 241 NA
16854 241 NA
16855 236 NA
16856 236 NA
16857 238 NA
16858 238 NA
16859 243 NA
16860 256 NA
16861 269 NA
16862 269 NA
16863 283 NA
16864 283 NA
16865 295 NA
16866 295 NA
16867 296 NA
16869 297 NA
16870 297 NA
16871 290 NA
16872 290 NA
16873 292 NA
16874 292 NA
16875 285 NA
16876 285 NA
16878 274 NA
16879 267 NA
16880 267 NA
16881 259 NA
16884 263 NA
16885 271 NA
16886 271 NA
16887 279 NA
16888 279 NA
16889 293 NA
16890 293 NA
16892 303 NA
16893 312 NA
16894 312 NA
16895 312 NA
16896 312 NA
16897 311 NA
16898 311 NA
16899 302 NA
16900 302 NA
16901 297 NA
16902 297 NA
16903 290 NA
16904 290 NA
16905 286 NA
16906 286 NA
16907 286 NA
16908 277 NA
16909 277 NA
16910 266 NA
16911 262 NA
16912 262 NA
16913 252 NA
16914 252 NA
16915 247 NA
16916 242 NA
16917 242 NA
16918 244 NA
16919 244 NA
16920 250 NA
16921 250 NA
16922 251 NA
16923 251 NA
16924 260 NA
16925 260 NA
16926 271 NA
16927 271 NA
16928 275 NA
16929 275 NA
16930 286 NA
16931 286 NA
16932 297 NA
16933 297 NA
16934 308 NA
16935 308 NA
16937 316 NA
16938 316 NA
16939 314 NA
16940 314 NA
16941 312 NA
16942 312 NA
16943 308 NA
16944 308 NA
16945 304 NA
16946 301 NA
16949 307 NA
16950 306 NA
16951 306 NA
16952 298 NA
16953 298 NA
16954 297 NA
16955 297 NA
16956 302 NA
16957 302 NA
16958 307 NA
16959 317 NA
16960 317 NA
16967 324 NA
16968 324 NA
16969 332 NA
16970 336 NA
16971 336 NA
16972 329 NA
16974 329 NA
16975 332 NA
16976 349 NA
16977 349 NA
16978 366 NA
16979 366 NA
16980 383 NA
16981 386 NA
16982 386 NA
16984 397 NA
16985 406 NA
16986 407 NA
16987 407 NA
16988 403 NA
16989 409 NA
16990 409 NA
16991 403 NA
16992 403 NA
16993 408 NA
16994 408 NA
16999 395 NA
17001 398 NA
17006 409 NA
17007 409 NA
17014 365 NA
17015 365 NA
17016 359 NA
17017 359 NA
17018 361 NA
17019 361 NA
17020 370 NA
17021 370 NA
17022 406 NA
17023 426 NA
17024 446 NA
17025 458 NA
17026 469 NA
17027 469 NA
17028 470 NA
17029 470 NA
17031 494 NA
17032 494 NA
17033 510 NA
17034 534 NA
17035 534 NA
17036 555 NA
17037 530 NA
17038 530 NA
17039 519 NA
17040 519 NA
17042 562 NA
17044 584 NA
17045 613 NA
17046 613 NA
17047 644 NA
17048 644 NA
17049 677 NA
17050 704 NA
17051 739 NA
17052 773 NA
17053 773 NA
17054 807 NA
17055 807 NA
17056 821 NA
17057 821 NA
17058 785 NA
17059 751 NA
17060 751 NA
17061 716 NA
17062 716 NA
17063 695 NA
17064 696 NA
17069 703 NA
17070 731 NA
17071 731 NA
17072 768 NA
17073 790 NA
17075 788 NA
17076 778 NA
17077 778 NA
17078 766 NA
17079 766 NA
17080 760 NA
17081 760 NA
17083 695 NA
17084 695 NA
17085 673 NA
17086 673 NA
17087 668 NA
17088 668 NA
17089 651 NA
17091 626 NA
17092 626 NA
17093 632 NA
17094 632 NA
17095 617 NA
17096 599 NA
17097 599 NA
17098 581 NA
17099 581 NA
17100 551 NA
17101 551 NA
17102 528 NA
17103 528 NA
17104 501 NA
17105 501 NA
17106 475 NA
17107 475 NA
17108 463 NA
17109 481 NA
17110 481 NA
17111 477 NA
17112 477 NA
17113 477 NA
17114 477 NA
17115 477 NA
17117 461 NA
17118 459 NA
17123 463 NA
17124 481 NA
17125 481 NA
17126 462 NA
17127 462 NA
17129 459 NA
17130 439 NA
17131 439 NA
17132 419 NA
17133 419 NA
17134 404 NA
17135 407 NA
17136 407 NA
17138 419 NA
17139 425 NA
17140 424 NA
17141 424 NA
17142 420 NA
17143 420 NA
17144 437 NA
17145 445 NA
17146 445 NA
17147 457 NA
