"Index" "Price" "Volume"
14019 1138 NA
14020 1138 NA
14021 1138 NA
14022 1138 NA
14023 1138 NA
14024 1138 NA
14025 1138 NA
14026 1138 NA
14027 1096 NA
14028 1096 NA
14029 1096 NA
14030 1096 NA
14031 1096 NA
14032 1096 NA
14033 1096 NA
14034 1060 NA
14035 1060 NA
14036 1060 NA
14037 1060 NA
14038 1060 NA
14039 1060 NA
14040 1060 NA
14041 1060 NA
14042 1019 NA
14043 1019 NA
14044 1019 NA
14045 1019 NA
14046 1019 NA
14047 1019 NA
14048 1019 NA
14049 981 NA
14050 981 NA
14051 981 NA
14052 981 NA
14053 981 NA
14054 981 NA
14055 981 NA
14056 946 NA
14057 946 NA
14058 946 NA
14059 946 NA
14060 946 NA
14061 946 NA
14062 927 NA
14063 927 NA
14064 927 NA
14065 927 NA
14066 927 NA
14067 927 NA
14068 927 NA
14069 927 NA
14070 927 NA
14071 899 NA
14072 899 NA
14073 899 NA
14074 899 NA
14075 899 NA
14076 899 NA
14077 899 NA
14078 899 NA
14079 899 NA
14080 878 NA
14081 878 NA
14082 878 NA
14083 878 NA
14084 878 NA
14085 878 NA
14086 878 NA
14087 878 NA
14088 878 NA
14089 878 NA
14090 876 NA
14091 876 NA
14092 876 NA
14093 876 NA
14094 876 NA
14095 876 NA
14096 876 NA
14097 876 NA
14098 876 NA
14099 882 NA
14100 882 NA
14101 882 NA
14102 882 NA
14103 882 NA
14104 882 NA
14105 882 NA
14106 888 NA
14107 888 NA
14108 888 NA
14109 888 NA
14110 888 NA
14111 888 NA
14112 888 NA
14113 902 NA
14114 902 NA
14115 902 NA
14116 902 NA
14117 902 NA
14118 902 NA
14119 902 NA
14120 891 NA
14121 891 NA
14122 891 NA
14123 891 NA
14124 891 NA
14125 891 NA
14126 891 NA
14127 881 NA
14128 881 NA
14129 881 NA
14130 881 NA
14131 881 NA
14132 881 NA
14133 881 NA
14134 881 NA
14135 881 NA
14136 890 NA
14137 890 NA
14138 890 NA
14139 890 NA
14140 890 NA
14141 890 NA
14142 890 NA
14143 890 NA
14144 890 NA
14145 888 NA
14146 888 NA
14147 888 NA
14148 888 NA
14149 888 NA
14150 888 NA
14151 888 NA
14152 888 NA
14153 888 NA
14154 878 NA
14155 878 NA
14156 878 NA
14157 878 NA
14158 878 NA
14159 878 NA
14160 878 NA
14161 878 NA
14162 878 NA
14163 878 NA
14164 905 NA
14165 905 NA
14166 905 NA
14167 905 NA
14168 905 NA
14169 905 NA
14170 905 NA
14171 905 NA
14172 905 NA
14173 905 NA
14174 905 NA
14175 916 NA
14176 916 NA
14177 916 NA
14178 916 NA
14179 916 NA
14180 916 NA
14181 916 NA
14182 916 NA
14183 916 NA
14184 916 NA
14185 903 NA
14186 903 NA
14187 903 NA
14188 903 NA
14189 903 NA
14190 903 NA
14191 903 NA
14192 903 NA
14193 903 NA
14194 903 NA
14195 903 NA
14196 903 NA
14197 877 NA
14198 877 NA
14199 877 NA
14200 877 NA
14201 877 NA
14202 877 NA
14203 877 NA
14204 877 NA
14205 877 NA
14206 877 NA
14207 877 NA
14208 896 NA
14209 896 NA
14210 896 NA
14211 896 NA
14212 896 NA
14213 896 NA
14214 896 NA
14215 896 NA
14216 896 NA
14217 896 NA
14218 896 NA
14219 898 NA
14220 898 NA
14221 898 NA
14222 898 NA
14223 898 NA
14224 898 NA
14225 898 NA
14226 898 NA
14227 898 NA
14228 898 NA
14229 897 NA
14230 897 NA
14231 897 NA
14232 897 NA
14233 897 NA
14234 897 NA
14235 897 NA
14236 897 NA
14237 897 NA
14238 897 NA
14239 913 NA
14240 913 NA
14241 913 NA
14242 913 NA
14243 913 NA
14244 913 NA
14245 913 NA
14246 913 NA
14247 913 NA
14248 943 NA
14249 943 NA
14250 943 NA
14251 943 NA
14252 943 NA
14253 943 NA
14254 943 NA
14255 943 NA
14256 943 NA
14257 943 NA
14258 943 NA
14259 942 NA
14260 942 NA
14261 942 NA
14262 942 NA
14263 942 NA
14264 942 NA
14265 942 NA
14266 942 NA
14267 971 NA
14268 971 NA
14269 971 NA
14270 971 NA
14271 971 NA
14272 971 NA
14273 971 NA
14274 971 NA
14275 971 NA
14276 971 NA
14277 971 NA
14278 936 NA
14279 936 NA
14280 936 NA
14281 936 NA
14282 936 NA
14283 936 NA
14284 936 NA
14285 936 NA
14286 936 NA
14287 936 NA
14288 919 NA
14289 919 NA
14290 919 NA
14291 919 NA
14292 919 NA
14293 919 NA
14294 919 NA
14295 919 NA
14296 919 NA
14297 919 NA
14298 926 NA
14299 926 NA
14300 926 NA
14301 926 NA
14302 926 NA
14303 926 NA
14304 926 NA
14305 926 NA
14306 926 NA
14307 926 NA
14308 926 NA
14309 936 NA
14310 936 NA
14311 936 NA
14312 936 NA
14313 936 NA
14314 936 NA
14315 936 NA
14316 936 NA
14317 936 NA
14318 936 NA
14319 936 NA
14320 956 NA
14321 956 NA
14322 956 NA
14323 956 NA
14324 956 NA
14325 956 NA
14326 956 NA
14327 956 NA
14328 956 NA
14329 956 NA
14330 956 NA
14331 956 NA
14332 922 NA
14333 922 NA
14334 922 NA
14335 922 NA
14336 922 NA
14337 922 NA
14338 922 NA
14339 922 NA
14340 922 NA
14341 922 NA
14342 922 NA
14343 922 NA
14344 922 NA
14345 922 NA
14346 887 NA
14347 887 NA
14348 887 NA
14349 887 NA
14350 887 NA
14351 887 NA
14352 887 NA
14353 887 NA
14354 887 NA
14355 887 NA
14356 887 NA
14357 914 NA
14358 914 NA
14359 914 NA
14360 914 NA
14361 914 NA
14362 914 NA
14363 914 NA
14364 914 NA
14365 914 NA
14366 914 NA
14367 914 NA
14368 914 NA
14369 914 NA
14370 914 NA
14371 914 NA
14372 914 NA
14373 914 NA
14374 957 NA
14375 957 NA
14376 957 NA
14377 957 NA
14378 957 NA
14379 957 NA
14380 957 NA
14381 957 NA
14382 957 NA
14383 957 NA
14384 957 NA
14385 957 NA
14386 957 NA
14387 957 NA
14388 957 NA
14389 957 NA
14390 957 NA
14391 957 NA
14392 966 NA
14393 966 NA
14394 966 NA
14395 966 NA
14396 966 NA
14397 966 NA
14398 966 NA
14399 966 NA
14400 966 NA
14401 966 NA
14402 966 NA
14403 966 NA
14404 966 NA
14405 966 NA
14406 966 NA
14407 966 NA
14408 966 NA
14409 993 NA
14410 993 NA
14411 993 NA
14412 993 NA
14413 993 NA
14414 993 NA
14415 993 NA
14416 993 NA
14417 993 NA
14418 993 NA
14419 993 NA
14420 993 NA
14421 993 NA
14422 993 NA
14423 993 NA
14424 993 NA
14425 1017 NA
14426 1017 NA
14428 1017 NA
14429 1017 NA
14430 1017 NA
14431 1017 NA
14432 1017 NA
14433 1017 NA
14434 1017 NA
14435 1017 NA
14436 1017 NA
14437 1017 NA
14438 980 NA
14439 980 NA
14440 980 NA
14441 980 NA
14442 980 NA
14443 980 NA
14444 980 NA
14445 980 NA
14446 980 NA
14447 980 NA
14448 980 NA
14449 980 NA
14450 980 NA
14451 980 NA
14452 994 NA
14453 994 NA
14454 994 NA
14455 994 NA
14456 994 NA
14457 994 NA
14458 994 NA
14459 994 NA
14460 994 NA
14461 994 NA
14462 994 NA
14463 994 NA
14464 994 NA
14465 994 NA
14466 994 NA
14467 994 NA
14468 997 NA
14469 997 NA
14470 997 NA
14471 997 NA
14472 997 NA
14473 997 NA
14474 997 NA
14475 997 NA
14476 997 NA
14477 997 NA
14478 997 NA
14479 997 NA
14480 997 NA
14481 997 NA
14482 997 NA
14483 997 NA
14484 997 NA
14485 997 NA
14486 1002 NA
14487 1002 NA
14488 1002 NA
14489 1002 NA
14490 1002 NA
14491 1002 NA
14492 1002 NA
14493 1002 NA
14494 1002 NA
14495 1002 NA
14496 1002 NA
14497 1002 NA
14498 1002 NA
14499 1002 NA
14500 1002 NA
14501 1002 NA
14502 1002 NA
14503 970 NA
14504 970 NA
14505 970 NA
14506 970 NA
14507 970 NA
14508 970 NA
14509 970 NA
14510 970 NA
14511 970 NA
14512 970 NA
14513 970 NA
14514 970 NA
14515 970 NA
14516 970 NA
14517 970 NA
14518 970 NA
14519 970 NA
14520 970 NA
14521 942 NA
14522 942 NA
14523 942 NA
14524 942 NA
14525 942 NA
14526 942 NA
14527 942 NA
14528 942 NA
14529 942 NA
14530 942 NA
14531 942 NA
14532 942 NA
14533 942 NA
14534 942 NA
14535 942 NA
14536 942 NA
14537 942 NA
14538 942 NA
14539 942 NA
14540 942 NA
14541 942 NA
14542 940 NA
14543 940 NA
14544 940 NA
14545 940 NA
14546 940 NA
14547 940 NA
14548 940 NA
14549 940 NA
14550 940 NA
14551 940 NA
14552 940 NA
14553 940 NA
14554 940 NA
14555 940 NA
14556 940 NA
14557 940 NA
14558 940 NA
14559 940 NA
14560 940 NA
14561 940 NA
14562 940 NA
14563 935 NA
14564 935 NA
14565 935 NA
14566 935 NA
14567 935 NA
14568 935 NA
14569 935 NA
14570 935 NA
14571 935 NA
14572 935 NA
14573 935 NA
14574 935 NA
14575 935 NA
14576 935 NA
14577 935 NA
14578 935 NA
14579 935 NA
14580 935 NA
14581 935 NA
14582 932 NA
14583 932 NA
14584 932 NA
14585 932 NA
14586 932 NA
14587 932 NA
14588 932 NA
14589 932 NA
14590 932 NA
14591 932 NA
14592 932 NA
14593 932 NA
14594 932 NA
14595 932 NA
14596 932 NA
14597 932 NA
14598 932 NA
14599 950 NA
14600 950 NA
14601 950 NA
14602 950 NA
14603 950 NA
14604 950 NA
14605 950 NA
14606 950 NA
14607 950 NA
14608 950 NA
14609 950 NA
14610 950 NA
14611 950 NA
14612 950 NA
14613 950 NA
14614 950 NA
14615 950 NA
14616 967 NA
14617 967 NA
14618 967 NA
14619 967 NA
14620 967 NA
14621 967 NA
14622 967 NA
14623 967 NA
14624 967 NA
14625 967 NA
14626 967 NA
14627 967 NA
14628 967 NA
14629 967 NA
14630 967 NA
14631 967 NA
14632 967 NA
14633 967 NA
14634 967 NA
14635 967 NA
14636 974 NA
14637 974 NA
14638 974 NA
14639 974 NA
14640 974 NA
14641 974 NA
14642 974 NA
14643 974 NA
14644 974 NA
14645 974 NA
14646 974 NA
14647 974 NA
14648 974 NA
14649 974 NA
14650 974 NA
14651 974 NA
14653 974 NA
14654 983 NA
14655 983 NA
14656 983 NA
14657 983 NA
14658 983 NA
14659 983 NA
14660 983 NA
14661 983 NA
14662 983 NA
14663 983 NA
14664 983 NA
14665 983 NA
14666 983 NA
14667 983 NA
14668 998 NA
14669 998 NA
14670 998 NA
14671 998 NA
14672 998 NA
14673 998 NA
14674 998 NA
14675 998 NA
14676 998 NA
14677 998 NA
14678 998 NA
14679 998 NA
14680 998 NA
14681 998 NA
14682 998 NA
14683 998 NA
14684 998 NA
14685 998 NA
14686 998 NA
14687 998 NA
14688 998 NA
14689 998 NA
14690 1012 NA
14691 1012 NA
14692 1012 NA
14693 1012 NA
14694 1012 NA
14695 1012 NA
14696 1012 NA
14697 1012 NA
14698 1012 NA
14699 1012 NA
14700 1012 NA
14701 1012 NA
14702 1012 NA
14703 1012 NA
14704 1012 NA
14705 1012 NA
14706 1012 NA
14707 1012 NA
14708 1012 NA
14709 1012 NA
14710 1012 NA
14711 1012 NA
14712 1012 NA
14713 1012 NA
14714 1012 NA
14715 1000 NA
14716 1000 NA
14717 1000 NA
14718 1000 NA
14719 1000 NA
14720 1000 NA
14721 1000 NA
14722 1000 NA
14723 1000 NA
14724 1000 NA
14725 1000 NA
14726 1000 NA
14727 1000 NA
14728 1000 NA
14729 1000 NA
14730 1000 NA
14731 1000 NA
14732 1000 NA
14733 1000 NA
14734 1000 NA
14735 1000 NA
14736 1000 NA
14737 1000 NA
14738 1000 NA
14739 1000 NA
14740 1000 NA
14741 1000 NA
14742 1000 NA
14743 1000 NA
14744 1000 NA
14745 1000 NA
14746 1000 NA
14747 1000 NA
14748 969 NA
14749 969 NA
14750 969 NA
14751 969 NA
14752 969 NA
14753 969 NA
14754 969 NA
14755 969 NA
14756 969 NA
14757 969 NA
14758 969 NA
14759 969 NA
14760 969 NA
14761 969 NA
14762 969 NA
14763 969 NA
14764 969 NA
14765 969 NA
14766 982 NA
14767 982 NA
14768 982 NA
14769 982 NA
14770 982 NA
14771 982 NA
14772 982 NA
14773 982 NA
14774 982 NA
14775 982 NA
14776 982 NA
14777 982 NA
14778 982 NA
14779 982 NA
14780 982 NA
14781 982 NA
14782 982 NA
14783 982 NA
14784 990 NA
14785 990 NA
14786 990 NA
14787 990 NA
14788 990 NA
14789 990 NA
14790 990 NA
14791 990 NA
14792 990 NA
14793 990 NA
14794 990 NA
14795 990 NA
14796 990 NA
14797 990 NA
14798 990 NA
14799 990 NA
14800 990 NA
14801 990 NA
14802 990 NA
14803 990 NA
14804 990 NA
14805 990 NA
14806 990 NA
14807 990 NA
14808 990 NA
14809 990 NA
14810 990 NA
14811 990 NA
14812 990 NA
14813 990 NA
14814 990 NA
14815 1001 NA
14816 1001 NA
14817 1001 NA
14818 1001 NA
14819 1001 NA
14820 1001 NA
14821 1001 NA
14822 1001 NA
14823 1001 NA
14824 1001 NA
14825 1001 NA
14826 1001 NA
14827 1001 NA
14828 1001 NA
14829 1001 NA
14830 1001 NA
14831 1001 NA
14832 1001 NA
14833 1001 NA
14834 1001 NA
14835 1001 NA
14836 999 NA
14837 999 NA
14838 999 NA
14839 999 NA
14840 999 NA
14841 999 NA
14842 999 NA
14843 999 NA
14844 999 NA
14845 999 NA
14846 999 NA
14847 999 NA
14848 999 NA
14849 999 NA
14850 999 NA
14851 999 NA
14852 999 NA
14853 999 NA
14854 999 NA
14855 999 NA
14856 1014 NA
14857 1014 NA
14858 1014 NA
14859 1014 NA
14860 1014 NA
14861 1014 NA
14862 1014 NA
14863 1014 NA
14864 1014 NA
14865 1014 NA
14866 1014 NA
14867 1014 NA
14868 1014 NA
14869 1014 NA
14870 1014 NA
14871 1014 NA
14872 1014 NA
14873 1014 NA
14874 1014 NA
14875 1014 NA
14876 1014 NA
14877 1014 NA
14878 1014 NA
14879 1014 NA
14880 1014 NA
14881 1014 NA
14882 1014 NA
14883 1014 NA
14884 1014 NA
14885 1014 NA
14886 1014 NA
14887 1014 NA
14888 1014 NA
14889 1014 NA
14890 1014 NA
14891 1014 NA
14892 1014 NA
14893 1020 NA
14894 1020 NA
14895 1020 NA
14896 1020 NA
14897 1020 NA
14898 1020 NA
14899 1020 NA
14900 1020 NA
14901 1020 NA
14902 1020 NA
14903 1020 NA
14904 1020 NA
14905 1020 NA
14906 1020 NA
14907 1020 NA
14908 1020 NA
14909 1020 NA
14910 1020 NA
14911 1020 NA
14912 1020 NA
14913 1020 NA
14914 1020 NA
14915 1020 NA
14916 1020 NA
14917 1020 NA
14918 1020 NA
14920 1020 NA
14921 1020 NA
14922 1020 NA
14923 1020 NA
14924 1020 NA
14925 1020 NA
14926 1020 NA
14927 1020 NA
14928 1020 NA
14929 1020 NA
14930 1027 NA
14931 1027 NA
14932 1027 NA
14933 1027 NA
14934 1027 NA
14935 1027 NA
14936 1027 NA
14937 1027 NA
14938 1027 NA
14939 1027 NA
14940 1027 NA
14941 1027 NA
14942 1027 NA
14943 1027 NA
14944 1027 NA
14945 1027 NA
14946 1027 NA
14947 1027 NA
14948 1027 NA
14949 1027 NA
14950 1027 NA
14951 1027 NA
14952 1027 NA
14953 1027 NA
14954 1027 NA
14955 1027 NA
14956 1027 NA
14957 1027 NA
14958 1027 NA
14959 1027 NA
14960 1027 NA
14961 1027 NA
14962 1027 NA
14963 1027 NA
14964 1027 NA
14965 1027 NA
14966 1027 NA
14967 1040 NA
14968 1040 NA
14969 1040 NA
14970 1040 NA
14971 1040 NA
14972 1040 NA
14973 1040 NA
14974 1040 NA
14981 1040 NA
14988 1040 NA
14995 1040 NA
15002 1040 NA
15003 1040 NA
15005 1016 NA
15012 1016 NA
15019 1016 NA
15025 1016 NA
15026 1008 NA
15033 1008 NA
15039 1008 NA
15042 1015 NA
15049 1015 NA
15055 1015 NA
15060 1018 NA
15067 1018 NA
15073 1018 NA
15076 1023 NA
15083 1023 NA
15090 1023 NA
15097 1023 NA
15098 1023 NA
15101 1025 NA
15108 1025 NA
15115 1025 NA
15122 1025 NA
15125 1025 NA
15128 1004 NA
15135 1004 NA
15142 1004 NA
15143 1004 NA
15144 1005 NA
15151 1005 NA
15157 1005 NA
15159 1010 NA
15166 1010 NA
15173 1010 NA
15177 1015 NA
15184 1015 NA
15187 1015 NA
15193 1020 NA
15200 1020 NA
15204 1020 NA
15210 1022 NA
15219 1023 NA
15220 1022 NA
15227 1022 NA
15234 1022 NA
15235 1022 NA
15238 1020 NA
15245 1020 NA
15252 1020 NA
15259 1020 NA
15266 1020 NA
15273 1020 NA
15275 1002 NA
15282 1002 NA
15289 1002 NA
15296 1002 NA
15303 1002 NA
15310 1002 NA
15312 982 NA
15319 982 NA
15326 982 NA
15333 982 NA
15340 982 NA
15341 982 NA
15342 982 NA
15343 982 NA
15344 982 NA
15345 982 NA
15346 982 NA
15347 982 NA
15348 944 NA
15349 944 NA
15350 944 NA
15351 944 NA
15352 944 NA
15353 944 NA
15354 944 NA
15355 944 NA
15356 944 NA
15357 944 NA
15358 944 NA
15359 944 NA
15360 944 NA
15361 944 NA
15362 944 NA
15363 944 NA
15364 944 NA
15365 944 NA
15366 944 NA
15367 944 NA
15368 944 NA
15369 944 NA
15370 944 NA
15371 944 NA
15372 944 NA
15373 944 NA
15374 944 NA
15375 944 NA
15376 944 NA
15377 944 NA
15378 944 NA
15379 944 NA
15380 944 NA
15381 944 NA
15382 953 NA
15383 953 NA
15384 953 NA
15385 953 NA
15386 953 NA
15387 953 NA
15388 953 NA
15389 953 NA
15390 953 NA
15391 953 NA
15392 953 NA
15393 953 NA
15394 953 NA
15395 953 NA
15396 953 NA
15397 953 NA
15398 953 NA
15399 953 NA
15400 953 NA
15401 961 NA
15402 961 NA
15403 961 NA
15404 961 NA
15405 961 NA
15406 961 NA
15407 961 NA
15408 961 NA
15409 961 NA
15410 961 NA
15411 961 NA
15412 961 NA
15413 961 NA
15414 961 NA
15415 961 NA
15416 961 NA
15417 961 NA
15418 971 NA
15419 971 NA
15420 971 NA
15421 971 NA
15422 971 NA
15423 971 NA
15424 971 NA
15425 971 NA
15426 971 NA
15427 971 NA
15428 971 NA
15429 971 NA
15430 971 NA
15431 971 NA
15432 971 NA
15433 971 NA
15434 971 NA
15435 979 NA
15436 979 NA
15437 979 NA
15438 979 NA
15439 979 NA
15440 979 NA
15441 979 NA
15442 979 NA
15443 979 NA
15444 979 NA
15445 979 NA
15446 979 NA
15447 979 NA
15448 979 NA
15449 979 NA
15450 979 NA
15451 979 NA
15452 979 NA
15453 979 NA
15454 979 NA
15455 979 NA
15456 986 NA
15457 986 NA
15458 986 NA
15459 986 NA
15460 986 NA
15461 986 NA
15462 986 NA
15463 986 NA
15464 986 NA
15465 986 NA
15466 986 NA
15467 986 NA
15468 986 NA
15469 986 NA
15470 986 NA
15471 986 NA
15472 986 NA
15473 986 NA
15474 986 NA
15475 986 NA
15476 986 NA
15477 986 NA
15478 986 NA
15479 986 NA
15480 986 NA
15481 993 NA
15482 993 NA
15483 993 NA
15484 993 NA
15485 993 NA
15486 993 NA
15487 993 NA
15488 993 NA
15489 993 NA
15490 993 NA
15491 993 NA
15492 993 NA
15493 993 NA
15494 993 NA
15495 993 NA
15496 993 NA
15497 993 NA
15498 993 NA
15499 993 NA
15500 993 NA
15501 993 NA
15502 993 NA
15503 1004 NA
15504 1004 NA
15505 1004 NA
15506 1004 NA
15507 1004 NA
15508 1004 NA
15509 1004 NA
15510 1004 NA
15511 1004 NA
15512 1004 NA
15513 1004 NA
15514 1004 NA
15515 1004 NA
15516 1004 NA
15517 1004 NA
15518 1004 NA
15519 1004 NA
15520 1004 NA
15521 1004 NA
15522 1004 NA
15523 1004 NA
15524 1004 NA
15525 1004 NA
15526 1004 NA
15527 1004 NA
15528 1004 NA
15529 1004 NA
15530 1004 NA
15531 1004 NA
15532 1004 NA
15533 1004 NA
15534 1004 NA
15535 1004 NA
15536 1004 NA
15537 1004 NA
15538 1004 NA
15539 1004 NA
15540 1004 NA
15541 1004 NA
15542 1004 NA
15543 1004 NA
15544 1001 NA
15545 1001 NA
15546 1001 NA
15547 1001 NA
15548 1001 NA
15549 1001 NA
15550 1001 NA
15551 1001 NA
15552 1001 NA
15553 1001 NA
15554 1001 NA
15555 1001 NA
15556 1001 NA
15557 1001 NA
15558 1001 NA
15559 1001 NA
15560 1001 NA
15561 1001 NA
15562 1008 NA
15563 1008 NA
15564 1008 NA
15565 1008 NA
15566 1008 NA
15567 1008 NA
15568 1008 NA
15569 1008 NA
15570 1008 NA
15571 1008 NA
15572 1008 NA
15573 1008 NA
15574 1008 NA
15575 1008 NA
15576 1008 NA
15577 1008 NA
15578 1008 NA
15579 1008 NA
15580 1008 NA
15581 1008 NA
15582 1008 NA
15583 1008 NA
15584 1008 NA
15585 1014 NA
15586 1014 NA
15587 1014 NA
15588 1014 NA
15589 1014 NA
15590 1014 NA
15591 1014 NA
15592 1014 NA
15593 1014 NA
15594 1014 NA
15595 1014 NA
15596 1014 NA
15597 1014 NA
15598 1014 NA
15599 1014 NA
15600 1014 NA
15601 1014 NA
15602 1014 NA
15603 1014 NA
15604 1014 NA
15605 1014 NA
15606 1014 NA
15607 1014 NA
15608 1014 NA
15609 1014 NA
15610 1014 NA
15611 1014 NA
15612 1014 NA
15613 1014 NA
15614 1014 NA
15615 1014 NA
15616 1014 NA
15617 1014 NA
15618 1014 NA
15619 1014 NA
15620 1014 NA
15621 1014 NA
15622 1021 NA
15623 1021 NA
15624 1021 NA
15625 1021 NA
15626 1021 NA
15627 1021 NA
15628 1021 NA
15629 1021 NA
15630 1021 NA
15631 1021 NA
15632 1021 NA
15633 1021 NA
15634 1021 NA
15635 1021 NA
15636 1021 NA
15637 1021 NA
15638 1021 NA
15639 1021 NA
15640 1021 NA
15641 1021 NA
15642 1021 NA
15643 1021 NA
15644 1021 NA
15645 1021 NA
15646 1021 NA
15647 1021 NA
15648 1021 NA
15649 1021 NA
15650 1021 NA
15651 1021 NA
15652 1021 NA
15653 1021 NA
15654 1021 NA
15655 1021 NA
15656 1021 NA
15657 1021 NA
15658 1021 NA
15659 1021 NA
15660 1021 NA
15661 1021 NA
15662 1021 NA
15663 1021 NA
15664 1021 NA
15665 1021 NA
15666 1021 NA
15667 1021 NA
15668 1021 NA
15669 1021 NA
15670 1021 NA
15671 1021 NA
15672 1021 NA
15673 1021 NA
15674 1021 NA
15675 1021 NA
15676 1021 NA
15677 1021 NA
15678 1021 NA
15679 1021 NA
15680 1021 NA
15681 1021 NA
15682 1021 NA
15683 1021 NA
15684 1021 NA
15685 1021 NA
15686 1021 NA
15687 1021 NA
15688 1021 NA
15689 1021 NA
15690 1021 NA
15691 1021 NA
15692 1021 NA
15693 1021 NA
15694 1021 NA
15695 1021 NA
15696 1021 NA
15697 1021 NA
15698 1021 NA
15699 1021 NA
15700 1021 NA
15701 1023 NA
15702 1023 NA
15703 1023 NA
15704 1023 NA
15705 1023 NA
15706 1023 NA
15707 1023 NA
15708 1023 NA
15709 1023 NA
15710 1023 NA
15711 1023 NA
15712 1023 NA
15713 1023 NA
15714 1023 NA
15715 1023 NA
15716 1023 NA
15717 1023 NA
15718 1023 NA
15719 1023 NA
15720 1023 NA
15721 1023 NA
15722 1023 NA
15723 1023 NA
15724 1023 NA
15725 1023 NA
15726 1023 NA
15727 1023 NA
15728 1023 NA
15729 1023 NA
15730 1023 NA
15731 1023 NA
15732 1023 NA
15733 1023 NA
15734 1023 NA
15735 1023 NA
15736 1023 NA
15737 1023 NA
15738 1023 NA
15739 1023 NA
15740 1023 NA
15741 1023 NA
15742 1023 NA
15743 1023 NA
15744 1023 NA
15745 1023 NA
15746 1023 NA
15747 1023 NA
15748 1023 NA
15749 1023 NA
15750 1023 NA
15751 1023 NA
15752 1023 NA
15753 1023 NA
15754 1023 NA
15755 1023 NA
15756 1023 NA
15757 1023 NA
15758 1023 NA
15759 1023 NA
15760 1023 NA
15761 1023 NA
15762 1023 NA
15763 1023 NA
15764 1023 NA
15765 1023 NA
15766 1023 NA
15767 1023 NA
15768 1023 NA
15769 1023 NA
15770 1023 NA
15771 1023 NA
15772 1023 NA
15773 1023 NA
15774 1023 NA
15775 1023 NA
15776 1023 NA
15777 1023 NA
15778 1023 NA
15779 1023 NA
15780 1023 NA
15781 1023 NA
15782 1023 NA
15783 1023 NA
15784 1023 NA
15785 1023 NA
15786 1023 NA
15787 1023 NA
15788 1023 NA
15789 1023 NA
15790 1023 NA
15791 1023 NA
15792 1023 NA
15793 1023 NA
15794 1023 NA
15795 1023 NA
15796 1023 NA
15797 1023 NA
15798 1023 NA
15799 1023 NA
15800 1023 NA
15801 1023 NA
15802 1023 NA
15803 1023 NA
15804 1023 NA
15805 1023 NA
15806 1023 NA
15807 1023 NA
15808 1023 NA
15809 1023 NA
15810 1023 NA
15811 1023 NA
15812 1023 NA
15813 1023 NA
15814 1023 NA
15815 1023 NA
15816 1023 NA
15817 1023 NA
15818 1023 NA
15819 1023 NA
15820 1023 NA
15821 1023 NA
15822 1023 NA
15823 1023 NA
15824 1023 NA
15825 1023 NA
15826 1023 NA
15827 1023 NA
15828 1023 NA
15829 1023 NA
15830 1023 NA
15831 1023 NA
15832 1023 NA
15833 1023 NA
15834 1023 NA
15835 1023 NA
15836 1023 NA
15837 1023 NA
15838 1023 NA
15839 1023 NA
15840 1023 NA
15841 1023 NA
15842 1023 NA
15843 1023 NA
15844 1023 NA
15845 1023 NA
15846 1023 NA
15847 1023 NA
15848 1023 NA
15849 1023 NA
15850 1023 NA
15851 1023 NA
15852 1023 NA
15853 1023 NA
15854 1003 NA
15855 1003 NA
15856 1003 NA
15857 1003 NA
15858 1003 NA
15859 1003 NA
15860 1003 NA
15861 1003 NA
15862 1003 NA
15863 1003 NA
15864 1003 NA
15865 1003 NA
15866 1003 NA
15867 1003 NA
15868 1003 NA
15869 1003 NA
15870 1003 NA
15871 1003 NA
15872 1003 NA
15873 1003 NA
15874 1003 NA
15875 1003 NA
15876 1003 NA
15877 1003 NA
15878 1003 NA
15879 1003 NA
15880 1003 NA
15881 1003 NA
15882 1003 NA
15883 1003 NA
15884 1003 NA
15885 1003 NA
15886 1003 NA
15887 1003 NA
15888 1003 NA
15889 1003 NA
15890 1003 NA
15891 1003 NA
15892 1003 NA
15893 1003 NA
15894 1003 NA
15895 1003 NA
15896 1003 NA
15897 1003 NA
15898 1003 NA
15899 1003 NA
15900 1003 NA
15901 1003 NA
15902 1003 NA
15903 1003 NA
15904 1003 NA
15905 1003 NA
15906 1003 NA
15907 1003 NA
15908 1003 NA
15909 1003 NA
15910 1003 NA
15911 1003 NA
15912 1003 NA
15913 1003 NA
15914 1003 NA
15915 1003 NA
15916 1003 NA
15917 1003 NA
15918 1003 NA
15919 1003 NA
15920 1003 NA
15921 1003 NA
15922 1003 NA
15923 1003 NA
15924 1003 NA
15925 1003 NA
15926 1003 NA
15927 1003 NA
15928 1003 NA
15929 1003 NA
15930 1003 NA
15931 1003 NA
15932 1003 NA
15933 1003 NA
15934 1003 NA
15935 1003 NA
15936 1003 NA
15937 1003 NA
15938 1003 NA
15939 1003 NA
15940 1003 NA
15941 1003 NA
15942 1003 NA
15943 1003 NA
15944 1003 NA
15945 1003 NA
15946 1003 NA
15947 1003 NA
15948 1003 NA
15949 1003 NA
15950 1003 NA
15951 1003 NA
15952 1003 NA
15953 1003 NA
15954 1003 NA
15955 1003 NA
15956 1003 NA
15957 1003 NA
15958 1003 NA
15959 1003 NA
15960 1003 NA
15961 1003 NA
15962 1003 NA
15963 1003 NA
15964 1003 NA
15965 1003 NA
15966 1003 NA
15967 1003 NA
15968 1003 NA
15969 1003 NA
15970 1003 NA
15971 1003 NA
15972 1003 NA
15973 1003 NA
15974 1003 NA
15975 1003 NA
15976 1003 NA
15977 1003 NA
15978 1003 NA
15979 1003 NA
15980 1003 NA
15981 1003 NA
15982 1003 NA
15983 1003 NA
15984 1003 NA
15985 1003 NA
15986 1003 NA
15987 1003 NA
15988 1003 NA
15989 1003 NA
15990 1003 NA
15991 1003 NA
15992 1003 NA
15993 1003 NA
15994 1003 NA
15995 1003 NA
15996 1003 NA
15997 1003 NA
15998 1003 NA
15999 1003 NA
16000 1003 NA
16001 1003 NA
16002 1003 NA
16003 1003 NA
16004 1003 NA
16005 1003 NA
16006 1003 NA
16007 1003 NA
16008 1003 NA
16009 1003 NA
16010 1003 NA
16011 1003 NA
16012 1003 NA
16013 1003 NA
16014 1003 NA
16015 1003 NA
16016 1003 NA
16017 1003 NA
16018 1003 NA
16019 1003 NA
16020 1003 NA
16021 1003 NA
16022 1003 NA
16023 1003 NA
16024 1003 NA
16025 1003 NA
16026 1003 NA
16027 1003 NA
16028 1003 NA
16029 1003 NA
16030 1003 NA
16031 1003 NA
16032 1003 NA
16033 1003 NA
16034 1003 NA
16035 1003 NA
16036 1003 NA
16037 1003 NA
16038 1003 NA
16039 1003 NA
16040 1003 NA
16041 1003 NA
16042 1003 NA
16043 1003 NA
16044 1003 NA
16045 1003 NA
16046 1003 NA
16047 1003 NA
16048 1003 NA
16049 1003 NA
16050 992 NA
16051 992 NA
16052 992 NA
16053 992 NA
16054 992 NA
16055 992 NA
16056 992 NA
16057 992 NA
16058 992 NA
16059 992 NA
16060 992 NA
16061 992 NA
16062 992 NA
16063 992 NA
16064 992 NA
16065 992 NA
16066 992 NA
16067 992 NA
16068 992 NA
16069 992 NA
16070 992 NA
16071 992 NA
16072 992 NA
16073 992 NA
16074 992 NA
16075 992 NA
16076 992 NA
16077 992 NA
16078 992 NA
16079 992 NA
16080 992 NA
16081 992 NA
16082 992 NA
16083 992 NA
16084 992 NA
16085 992 NA
16086 992 NA
16087 992 NA
16088 992 NA
16089 992 NA
16090 992 NA
16091 992 NA
16092 992 NA
16093 992 NA
16094 992 NA
16095 992 NA
16096 992 NA
16097 992 NA
16098 992 NA
16099 992 NA
16100 992 NA
16101 992 NA
16102 992 NA
16103 992 NA
16104 992 NA
16105 992 NA
16106 992 NA
16107 992 NA
16108 992 NA
16109 992 NA
16110 992 NA
16111 992 NA
16112 992 NA
16113 992 NA
16114 992 NA
16115 992 NA
16116 992 NA
16117 992 NA
16118 992 NA
16119 992 NA
16120 992 NA
16121 992 NA
16122 992 NA
16123 992 NA
16124 992 NA
16125 992 NA
16126 992 NA
16127 992 NA
16128 992 NA
16129 992 NA
16130 992 NA
16131 992 NA
16132 992 NA
16133 992 NA
16134 992 NA
16135 992 NA
16136 992 NA
16137 992 NA
16138 992 NA
16139 992 NA
16140 992 NA
16141 992 NA
16142 992 NA
16143 992 NA
16144 992 NA
16145 992 NA
16146 992 NA
16147 992 NA
16148 992 NA
16149 992 NA
16150 992 NA
16151 992 NA
16152 992 NA
16153 992 NA
16154 992 NA
16155 992 NA
16156 992 NA
16157 992 NA
16158 992 NA
16159 992 NA
16160 992 NA
16161 992 NA
16162 992 NA
16163 992 NA
16164 992 NA
16165 992 NA
16166 992 NA
16167 992 NA
16168 992 NA
16169 992 NA
16170 992 NA
16171 992 NA
16172 992 NA
16173 992 NA
16174 992 NA
16175 992 NA
16176 992 NA
16177 992 NA
16178 992 NA
16179 992 NA
16180 992 NA
16181 992 NA
16182 992 NA
16183 992 NA
16184 992 NA
16185 992 NA
16186 992 NA
16187 992 NA
16188 992 NA
16189 992 NA
16190 992 NA
16191 992 NA
16192 992 NA
16193 992 NA
16194 992 NA
16195 992 NA
16196 992 NA
16197 992 NA
16198 992 NA
16199 992 NA
16200 992 NA
16201 992 NA
16202 992 NA
16203 992 NA
16204 992 NA
16205 992 NA
16206 992 NA
16207 992 NA
16208 992 NA
16209 992 NA
16210 992 NA
16211 992 NA
16212 992 NA
16213 992 NA
16214 992 NA
16215 992 NA
16216 992 NA
16217 992 NA
16218 992 NA
16219 992 NA
16220 992 NA
16221 992 NA
16222 992 NA
16223 992 NA
16224 992 NA
16225 992 NA
16226 992 NA
16227 992 NA
16228 992 NA
16229 992 NA
16230 992 NA
16231 992 NA
16232 992 NA
16233 992 NA
16234 992 NA
16235 971 NA
16236 971 NA
16237 971 NA
16238 971 NA
16239 971 NA
16240 971 NA
16241 971 NA
16242 971 NA
16243 971 NA
16244 971 NA
16245 971 NA
16246 971 NA
16247 971 NA
16248 971 NA
16249 971 NA
16250 971 NA
16251 971 NA
16252 971 NA
16253 971 NA
16254 971 NA
16255 971 NA
16256 971 NA
16257 971 NA
16258 971 NA
16259 971 NA
16260 971 NA
16261 971 NA
16262 971 NA
16263 971 NA
16264 971 NA
16265 971 NA
16266 971 NA
16267 971 NA
16268 971 NA
16269 971 NA
16270 971 NA
16271 971 NA
16272 971 NA
16273 971 NA
16274 971 NA
16275 971 NA
16276 971 NA
16277 971 NA
16278 971 NA
16279 971 NA
16280 971 NA
16281 971 NA
16282 971 NA
16283 971 NA
16284 971 NA
16285 971 NA
16286 971 NA
16287 971 NA
16288 971 NA
16289 971 NA
16290 971 NA
16291 971 NA
16292 971 NA
16293 971 NA
16294 971 NA
16295 971 NA
16296 971 NA
16297 971 NA
16298 971 NA
16299 971 NA
16300 971 NA
16301 971 NA
16302 971 NA
16303 971 NA
16304 971 NA
16305 971 NA
16306 971 NA
16307 971 NA
16308 971 NA
16309 971 NA
16310 971 NA
16311 971 NA
16312 971 NA
16313 971 NA
16314 971 NA
16315 971 NA
16316 971 NA
16317 971 NA
16318 971 NA
16319 971 NA
16320 971 NA
16321 971 NA
16322 971 NA
16323 971 NA
16324 971 NA
16325 971 NA
16326 971 NA
16327 971 NA
16328 971 NA
16329 971 NA
16330 971 NA
16331 971 NA
16332 971 NA
16333 971 NA
16334 971 NA
16335 971 NA
16336 971 NA
16337 971 NA
16338 971 NA
16339 971 NA
16340 971 NA
16341 971 NA
16342 971 NA
16343 971 NA
16344 971 NA
16345 971 NA
16346 971 NA
16347 971 NA
16348 971 NA
16349 971 NA
16350 971 NA
16351 971 NA
16352 971 NA
16353 971 NA
16354 971 NA
16355 971 NA
16356 971 NA
16357 971 NA
16358 971 NA
16359 971 NA
16360 971 NA
16361 971 NA
16362 971 NA
16363 971 NA
16364 971 NA
16365 971 NA
16366 971 NA
16367 971 NA
16368 971 NA
16369 971 NA
16370 971 NA
16371 971 NA
16372 971 NA
16373 971 NA
16374 971 NA
16375 971 NA
16376 971 NA
16377 971 NA
16378 971 NA
16379 971 NA
16380 971 NA
16381 971 NA
16382 971 NA
16383 971 NA
16384 971 NA
16385 971 NA
16386 971 NA
16387 971 NA
16388 971 NA
16389 971 NA
16390 971 NA
16391 971 NA
16392 971 NA
16393 971 NA
16394 971 NA
16395 971 NA
16396 971 NA
16397 971 NA
16398 971 NA
16399 971 NA
16400 971 NA
16401 971 NA
16402 971 NA
16403 971 NA
16404 971 NA
16405 971 NA
16406 971 NA
16407 971 NA
16408 971 NA
16409 971 NA
16410 971 NA
16411 947 NA
16412 947 NA
16413 947 NA
16414 947 NA
16415 947 NA
16416 947 NA
16417 947 NA
16418 947 NA
16419 947 NA
16420 947 NA
16421 947 NA
16422 947 NA
16423 947 NA
16424 947 NA
16425 947 NA
16426 947 NA
16427 947 NA
16428 947 NA
16429 947 NA
16430 947 NA
16431 947 NA
16432 947 NA
16433 947 NA
16434 947 NA
16435 947 NA
16436 947 NA
16437 947 NA
16438 947 NA
16439 947 NA
16440 947 NA
16441 947 NA
16442 947 NA
16443 947 NA
16444 947 NA
16445 947 NA
16446 947 NA
16447 947 NA
16448 947 NA
16449 947 NA
16450 947 NA
16451 947 NA
16452 947 NA
16453 947 NA
16454 947 NA
16455 947 NA
16456 947 NA
16457 947 NA
16458 947 NA
16459 947 NA
16460 947 NA
16461 947 NA
16462 947 NA
16463 947 NA
16464 947 NA
16465 947 NA
16466 947 NA
16467 947 NA
16468 947 NA
16469 947 NA
16470 947 NA
16471 947 NA
16472 947 NA
16473 947 NA
16474 947 NA
16475 947 NA
16476 947 NA
16477 947 NA
16478 947 NA
16479 947 NA
16480 947 NA
16481 947 NA
16482 947 NA
16483 947 NA
16484 947 NA
16485 947 NA
16486 947 NA
16487 947 NA
16488 947 NA
16489 947 NA
16490 947 NA
16491 947 NA
16492 947 NA
16493 947 NA
16494 947 NA
16495 947 NA
16496 947 NA
16497 947 NA
16498 947 NA
16499 947 NA
16500 947 NA
16501 947 NA
16502 947 NA
16503 947 NA
16504 947 NA
16505 947 NA
16506 947 NA
16507 947 NA
16508 947 NA
16509 947 NA
16510 947 NA
16511 947 NA
16512 947 NA
16513 947 NA
16514 947 NA
16515 947 NA
16516 947 NA
16517 947 NA
16518 947 NA
16519 947 NA
16520 947 NA
16521 947 NA
16522 947 NA
16523 947 NA
16524 947 NA
16525 947 NA
16526 947 NA
16527 947 NA
16528 947 NA
16529 947 NA
16530 947 NA
16531 947 NA
16532 947 NA
16533 947 NA
16534 947 NA
16535 947 NA
16536 947 NA
16537 947 NA
16538 947 NA
16539 947 NA
16540 947 NA
16541 947 NA
16542 947 NA
16543 947 NA
16544 947 NA
16545 947 NA
16546 947 NA
16547 947 NA
16548 947 NA
16549 947 NA
16550 947 NA
16551 947 NA
16552 947 NA
16553 947 NA
16554 947 NA
16555 947 NA
16556 947 NA
16557 947 NA
16558 947 NA
16559 947 NA
16560 947 NA
16561 947 NA
16562 947 NA
16563 947 NA
16564 947 NA
16565 947 NA
16566 947 NA
16567 947 NA
16568 947 NA
16569 947 NA
16570 947 NA
16571 947 NA
16572 947 NA
16573 947 NA
16574 947 NA
16575 947 NA
16576 947 NA
16577 947 NA
16578 947 NA
16579 947 NA
16580 947 NA
16581 947 NA
16582 947 NA
16583 947 NA
16584 947 NA
16585 947 NA
16586 947 NA
16587 947 NA
16588 947 NA
16589 947 NA
16590 947 NA
16591 947 NA
16592 947 NA
16593 947 NA
16594 947 NA
16595 947 NA
16596 947 NA
16597 947 NA
16598 947 NA
16599 947 NA
16600 947 NA
16601 947 NA
16602 947 NA
16603 947 NA
16604 947 NA
16605 947 NA
16606 947 NA
16607 947 NA
16608 947 NA
16609 947 NA
16610 947 NA
16611 947 NA
16612 947 NA
16613 947 NA
16614 947 NA
16615 947 NA
16616 947 NA
16617 947 NA
16618 947 NA
16619 947 NA
16620 947 NA
16621 947 NA
16622 947 NA
16623 947 NA
16624 947 NA
16625 947 NA
16626 947 NA
16627 939 NA
16628 939 NA
16629 939 NA
16630 939 NA
16631 939 NA
16632 939 NA
16633 939 NA
16634 939 NA
16635 939 NA
16636 939 NA
16637 939 NA
16638 939 NA
16639 939 NA
16640 939 NA
16641 939 NA
16642 939 NA
16643 939 NA
16644 939 NA
16645 939 NA
16646 939 NA
16647 939 NA
16648 939 NA
16649 939 NA
16650 939 NA
16651 939 NA
16652 939 NA
16653 939 NA
16654 939 NA
16655 939 NA
16656 939 NA
16657 939 NA
16658 939 NA
16659 939 NA
16660 939 NA
16661 939 NA
16662 939 NA
16663 939 NA
16665 939 NA
16666 939 NA
16668 939 NA
16669 939 NA
16670 939 NA
16671 939 NA
16672 939 NA
16673 939 NA
16674 939 NA
16675 939 NA
16676 939 NA
16677 939 NA
16678 939 NA
16679 939 NA
16680 939 NA
16681 939 NA
16682 939 NA
16683 939 NA
16684 939 NA
16686 939 NA
16687 939 NA
16688 939 NA
16689 939 NA
16690 939 NA
16691 939 NA
16692 939 NA
16693 939 NA
16694 939 NA
16695 939 NA
16696 939 NA
16697 939 NA
16698 939 NA
16699 939 NA
16700 939 NA
16701 939 NA
16702 939 NA
16703 939 NA
16704 939 NA
16705 939 NA
16706 939 NA
16707 939 NA
16708 939 NA
16709 939 NA
16710 939 NA
16711 939 NA
16712 939 NA
16715 939 NA
16717 939 NA
16719 939 NA
16720 939 NA
16721 939 NA
16722 939 NA
16723 939 NA
16724 939 NA
16725 939 NA
16726 939 NA
16727 939 NA
16728 939 NA
16730 939 NA
16731 939 NA
16732 939 NA
16733 939 NA
16734 939 NA
16735 939 NA
16736 939 NA
16737 939 NA
16738 939 NA
16739 939 NA
16740 939 NA
16741 939 NA
16742 939 NA
16743 939 NA
16744 939 NA
16745 939 NA
16746 939 NA
16747 939 NA
16748 939 NA
16749 939 NA
16750 939 NA
16751 939 NA
16752 939 NA
16753 939 NA
16754 939 NA
16755 939 NA
16756 939 NA
16757 939 NA
16759 939 NA
16760 939 NA
16761 939 NA
16762 939 NA
16763 939 NA
16764 939 NA
16765 939 NA
16766 939 NA
16767 939 NA
16768 939 NA
16769 939 NA
16770 939 NA
16771 939 NA
16772 939 NA
16773 939 NA
16774 939 NA
16775 939 NA
16777 939 NA
16778 939 NA
16779 939 NA
16780 939 NA
16781 939 NA
16782 939 NA
16783 939 NA
16784 939 NA
16785 939 NA
16786 939 NA
16787 939 NA
16788 939 NA
16789 939 NA
16790 939 NA
16791 939 NA
16792 939 NA
16793 939 NA
16794 939 NA
16795 939 NA
16796 939 NA
16797 939 NA
16798 939 NA
16799 939 NA
16800 939 NA
16801 939 NA
16802 939 NA
16803 939 NA
16804 939 NA
16807 939 NA
16808 939 NA
16809 939 NA
16810 939 NA
16811 939 NA
16812 939 NA
16813 939 NA
16814 939 NA
16815 939 NA
16816 939 NA
16817 939 NA
16818 939 NA
16820 939 NA
16821 939 NA
16823 939 NA
16824 939 NA
16825 939 NA
16826 939 NA
16827 939 NA
16828 939 NA
16829 939 NA
16830 939 NA
16831 939 NA
16832 939 NA
16833 939 NA
16834 939 NA
16835 939 NA
16836 939 NA
16837 939 NA
16838 939 NA
16839 939 NA
16840 939 NA
16841 939 NA
16842 939 NA
16843 939 NA
16844 939 NA
16845 939 NA
16847 939 NA
16849 939 NA
16850 939 NA
16851 939 NA
16853 939 NA
16854 939 NA
16855 939 NA
16856 939 NA
16857 939 NA
16858 939 NA
16859 939 NA
16860 939 NA
16861 939 NA
16862 939 NA
16863 939 NA
16864 939 NA
16865 956 NA
16866 956 NA
16867 956 NA
16869 956 NA
16870 956 NA
16871 956 NA
16872 956 NA
16873 956 NA
16874 956 NA
16875 956 NA
16876 956 NA
16878 956 NA
16879 956 NA
16880 956 NA
16881 956 NA
16884 956 NA
16886 956 NA
16887 956 NA
16888 956 NA
16889 956 NA
16890 956 NA
16892 956 NA
16893 956 NA
16894 956 NA
16895 956 NA
16896 956 NA
16897 956 NA
16898 956 NA
16899 956 NA
16900 956 NA
16901 956 NA
16902 956 NA
16903 956 NA
16904 956 NA
16905 956 NA
16906 956 NA
16907 956 NA
16908 956 NA
16909 956 NA
16910 956 NA
16911 956 NA
16912 956 NA
16913 956 NA
16914 956 NA
16915 956 NA
16916 956 NA
16917 956 NA
16918 956 NA
16919 956 NA
16920 956 NA
16921 956 NA
16922 956 NA
16923 956 NA
16924 956 NA
16925 956 NA
16926 956 NA
16927 956 NA
16928 956 NA
16929 956 NA
16930 956 NA
16931 956 NA
16932 956 NA
16933 956 NA
16934 956 NA
16935 956 NA
16937 956 NA
16938 956 NA
16939 956 NA
16940 956 NA
16941 956 NA
16942 956 NA
16943 956 NA
16944 956 NA
16945 956 NA
16946 956 NA
16949 956 NA
16950 956 NA
16951 956 NA
16952 956 NA
16953 956 NA
16954 956 NA
16955 956 NA
16956 956 NA
16957 956 NA
16958 956 NA
16959 956 NA
16960 956 NA
16967 956 NA
16968 956 NA
16969 956 NA
16970 956 NA
16971 956 NA
16972 956 NA
16974 956 NA
16975 956 NA
16976 956 NA
16977 956 NA
16978 956 NA
16979 956 NA
16980 956 NA
16981 956 NA
16982 956 NA
16984 956 NA
16985 956 NA
16986 956 NA
16987 956 NA
16988 956 NA
16989 956 NA
16990 956 NA
16991 956 NA
16992 956 NA
16993 956 NA
16994 956 NA
16999 956 NA
17001 956 NA
17006 956 NA
17007 956 NA
17014 956 NA
17015 956 NA
17016 956 NA
17017 956 NA
17018 956 NA
17019 956 NA
17020 956 NA
17021 956 NA
17022 956 NA
17023 956 NA
17024 956 NA
17025 956 NA
17026 956 NA
17027 956 NA
17028 956 NA
17029 956 NA
17031 956 NA
17032 956 NA
17033 956 NA
17034 956 NA
17035 956 NA
17036 956 NA
17037 956 NA
17038 956 NA
17039 956 NA
17040 956 NA
17042 956 NA
17044 956 NA
17045 956 NA
17046 956 NA
17047 956 NA
17048 956 NA
17049 956 NA
17050 956 NA
17051 956 NA
17052 956 NA
17053 956 NA
17054 956 NA
17055 956 NA
17056 956 NA
17057 956 NA
17058 956 NA
17059 956 NA
17060 956 NA
17061 956 NA
17062 956 NA
17063 956 NA
17064 956 NA
17069 956 NA
17070 956 NA
17071 956 NA
17072 956 NA
17073 956 NA
17075 956 NA
17076 956 NA
17077 956 NA
17078 956 NA
17079 956 NA
17080 956 NA
17081 956 NA
17083 956 NA
17084 956 NA
17085 956 NA
17086 956 NA
17087 956 NA
17088 956 NA
17089 956 NA
17091 956 NA
17092 956 NA
17093 956 NA
17094 956 NA
17095 956 NA
17096 956 NA
17097 956 NA
17098 956 NA
17099 956 NA
17100 956 NA
17101 956 NA
17102 956 NA
17103 956 NA
17104 956 NA
17105 956 NA
17106 956 NA
17107 956 NA
17108 956 NA
17109 956 NA
17110 956 NA
17111 956 NA
17112 956 NA
17113 956 NA
17114 956 NA
17115 956 NA
17117 956 NA
17118 956 NA
17123 991 NA
17124 991 NA
17125 991 NA
17126 991 NA
17127 991 NA
17129 991 NA
17130 991 NA
17131 991 NA
17132 991 NA
17133 991 NA
17134 991 NA
17135 991 NA
17136 991 NA
17138 991 NA
17139 991 NA
17140 991 NA
17141 991 NA
17142 991 NA
17143 991 NA
17144 991 NA
17145 991 NA
17146 991 NA
17147 991 NA
