"Index" "Price" "Volume"
14019 7623 NA
14020 7623 NA
14021 7681 NA
14022 7681 NA
14023 7820 NA
14024 7820 NA
14025 8275 NA
14026 8275 NA
14027 8529 NA
14028 8529 NA
14029 8722 NA
14030 8722 NA
14031 8773 NA
14032 8783 NA
14033 8842 NA
14034 8876 NA
14035 8876 NA
14036 8973 NA
14037 9023 NA
14038 8980 NA
14039 8897 NA
14040 8897 NA
14041 8964 NA
14042 9086 NA
14043 9104 NA
14044 9191 NA
14045 9461 NA
14046 9461 NA
14047 9607 NA
14048 9607 NA
14049 9754 NA
14050 9821 NA
14051 9821 NA
14052 9819 NA
14053 9758 NA
14054 9758 NA
14055 9822 NA
14056 9904 NA
14057 9872 NA
14058 9774 NA
14059 9599 NA
14060 9494 NA
14061 9494 NA
14062 9554 NA
14063 9554 NA
14064 9607 NA
14065 9560 NA
14066 9455 NA
14067 9417 NA
14068 9314 NA
14069 9285 NA
14070 9285 NA
14071 9240 NA
14072 9222 NA
14073 9222 NA
14074 9035 NA
14075 9035 NA
14076 8818 NA
14077 8727 NA
14078 8651 NA
14079 8631 NA
14080 8569 NA
14081 8551 NA
14082 8560 NA
14083 8753 NA
14084 8837 NA
14085 8818 NA
14086 8818 NA
14087 8878 NA
14088 8894 NA
14089 8910 NA
14090 8936 NA
14091 8917 NA
14092 8917 NA
14093 8905 NA
14094 9015 NA
14095 9143 NA
14096 9165 NA
14097 9165 NA
14098 9098 NA
14099 9009 NA
14100 8733 NA
14101 8532 NA
14102 8406 NA
14103 8301 NA
14104 8259 NA
14105 8093 NA
14106 8018 NA
14107 7875 NA
14108 7766 NA
14109 7574 NA
14110 7519 NA
14111 7452 NA
14112 7452 NA
14113 7387 NA
14114 7443 NA
14115 7443 NA
14116 7483 NA
14117 7427 NA
14118 7212 NA
14119 7206 NA
14120 7004 NA
14121 7000 NA
14122 7000 NA
14123 6940 NA
14124 6846 NA
14125 6783 NA
14126 6730 NA
14127 6846 NA
14128 6846 NA
14129 6982 NA
14130 6982 NA
14131 6982 NA
14132 7021 NA
14133 7313 NA
14134 7313 NA
14135 7332 NA
14136 7408 NA
14137 7545 NA
14138 7545 NA
14139 7677 NA
14140 7792 NA
14141 7761 NA
14142 7761 NA
14143 7814 NA
14144 7849 NA
14145 7849 NA
14146 7826 NA
14147 7893 NA
14148 7893 NA
14149 8076 NA
14150 8076 NA
14151 8072 NA
14152 7993 NA
14153 7993 NA
14154 7892 NA
14155 7964 NA
14156 8014 NA
14157 8014 NA
14158 7959 NA
14159 7838 NA
14160 7838 NA
14161 7838 NA
14162 7807 NA
14163 7765 NA
14164 7704 NA
14165 7704 NA
14166 7607 NA
14167 7607 NA
14168 7356 NA
14169 7081 NA
14170 6794 NA
14171 6210 NA
14172 6210 NA
14173 5911 NA
14174 5624 NA
14175 5085 NA
14176 5085 NA
14177 4857 NA
14178 4857 NA
14179 4633 NA
14180 4413 NA
14181 4446 NA
14182 4491 NA
14183 4491 NA
14184 4514 NA
14185 4446 NA
14186 4610 NA
14187 4513 NA
14188 4513 NA
14189 4470 NA
14190 4470 NA
14191 4545 NA
14192 4543 NA
14193 4511 NA
14194 4511 NA
14195 4454 NA
14196 4415 NA
14197 4433 NA
14198 4444 NA
14199 4441 NA
14200 4443 NA
14201 4449 NA
14202 4449 NA
14203 4417 NA
14204 4481 NA
14205 4481 NA
14206 4510 NA
14207 4436 NA
14208 4443 NA
14209 4443 NA
14210 4483 NA
14211 4449 NA
14212 4449 NA
14213 4454 NA
14214 4445 NA
14215 4451 NA
14216 4451 NA
14217 4442 NA
14218 4533 NA
14219 4481 NA
14220 4418 NA
14221 4410 NA
14222 4410 NA
14223 4566 NA
14224 4754 NA
14225 4754 NA
14226 4706 NA
14227 4616 NA
14228 4485 NA
14229 4419 NA
14230 4451 NA
14231 4477 NA
14232 4516 NA
14233 4516 NA
14234 4436 NA
14235 4510 NA
14236 4489 NA
14237 4508 NA
14238 4508 NA
14239 4537 NA
14240 4537 NA
14241 4422 NA
14242 4469 NA
14243 4517 NA
14244 4549 NA
14245 4549 NA
14246 4503 NA
14247 4495 NA
14248 4523 NA
14249 4576 NA
14250 4556 NA
14251 4547 NA
14252 4717 NA
14253 4708 NA
14254 4555 NA
14255 4555 NA
14256 4512 NA
14257 4513 NA
14258 4513 NA
14259 4490 NA
14260 4510 NA
14261 4470 NA
14262 4495 NA
14263 4495 NA
14264 4495 NA
14265 4505 NA
14266 4505 NA
14267 4522 NA
14268 4522 NA
14269 4609 NA
14270 4609 NA
14271 4529 NA
14272 4502 NA
14273 4502 NA
14274 4506 NA
14275 4507 NA
14276 4506 NA
14277 4506 NA
14278 4462 NA
14279 4533 NA
14280 4534 NA
14281 4534 NA
14282 4501 NA
14283 4501 NA
14284 4481 NA
14285 4522 NA
14286 4522 NA
14287 4508 NA
14288 4486 NA
14289 4475 NA
14290 4535 NA
14291 4527 NA
14292 4495 NA
14293 4495 NA
14294 4521 NA
14295 4521 NA
14296 4507 NA
14297 4507 NA
14298 4501 NA
14299 4501 NA
14300 4508 NA
14301 4508 NA
14302 4498 NA
14303 4542 NA
14304 4539 NA
14305 4473 NA
14306 4485 NA
14307 4495 NA
14308 4495 NA
14309 4488 NA
14310 4514 NA
14311 4525 NA
14312 4524 NA
14313 4546 NA
14314 4546 NA
14315 4495 NA
14316 4427 NA
14317 4427 NA
14318 4474 NA
14319 4531 NA
14320 4531 NA
14321 4536 NA
14322 4554 NA
14323 4553 NA
14324 4585 NA
14325 4530 NA
14326 4517 NA
14327 4517 NA
14328 4528 NA
14329 4548 NA
14330 4494 NA
14331 4494 NA
14332 4510 NA
14333 4510 NA
14334 4503 NA
14335 4503 NA
14336 4478 NA
14337 4478 NA
14338 4511 NA
14339 4499 NA
14340 4499 NA
14341 4483 NA
14342 4477 NA
14343 4464 NA
14344 4481 NA
14345 4530 NA
14346 4492 NA
14347 4458 NA
14348 4458 NA
14349 4547 NA
14350 4419 NA
14351 4419 NA
14352 4469 NA
14353 4490 NA
14354 4490 NA
14355 4503 NA
14356 4503 NA
14357 4496 NA
14358 4479 NA
14359 4491 NA
14360 4445 NA
14361 4484 NA
14362 4507 NA
14363 4507 NA
14364 4507 NA
14365 4479 NA
14366 4467 NA
14367 4476 NA
14368 4476 NA
14369 4490 NA
14370 4490 NA
14371 4451 NA
14372 4536 NA
14373 4536 NA
14374 4509 NA
14375 4454 NA
14376 4418 NA
14377 4422 NA
14378 4434 NA
14379 4459 NA
14380 4459 NA
14381 4518 NA
14382 4494 NA
14383 4494 NA
14384 4491 NA
14385 4491 NA
14386 4461 NA
14387 4560 NA
14388 4523 NA
14389 4522 NA
14390 4502 NA
14391 4502 NA
14392 4509 NA
14393 4509 NA
14394 4527 NA
14395 4573 NA
14396 4513 NA
14397 4501 NA
14398 4501 NA
14399 4440 NA
14400 4471 NA
14401 4471 NA
14402 4473 NA
14403 4494 NA
14404 4494 NA
14405 4553 NA
14406 4504 NA
14407 4510 NA
14408 4510 NA
14409 4504 NA
14410 4499 NA
14411 4467 NA
14412 4524 NA
14413 4524 NA
14414 4524 NA
14415 4568 NA
14416 4568 NA
14417 4633 NA
14418 4633 NA
14419 4734 NA
14420 4871 NA
14421 4871 NA
14422 5072 NA
14423 5163 NA
14424 5163 NA
14425 5163 NA
14426 5170 NA
14428 5184 NA
14429 5322 NA
14430 5322 NA
14431 5436 NA
14432 5585 NA
14433 5585 NA
14434 5585 NA
14435 5651 NA
14436 5628 NA
14437 5628 NA
14438 5708 NA
14439 5708 NA
14440 5876 NA
14441 6045 NA
14442 6045 NA
14443 6004 NA
14444 6133 NA
14445 6133 NA
14446 6415 NA
14447 6630 NA
14448 6630 NA
14449 6831 NA
14450 7080 NA
14451 7080 NA
14452 7171 NA
14453 7171 NA
14454 7295 NA
14455 7295 NA
14456 7238 NA
14457 7238 NA
14458 7134 NA
14459 7292 NA
14460 7292 NA
14461 7220 NA
14462 7220 NA
14463 7202 NA
14464 7372 NA
14465 7372 NA
14466 7510 NA
14467 7707 NA
14468 7865 NA
14469 7865 NA
14470 7695 NA
14471 7672 NA
14472 7672 NA
14473 7672 NA
14474 7598 NA
14475 7638 NA
14476 7638 NA
14477 7533 NA
14478 7533 NA
14479 7533 NA
14480 7619 NA
14481 7898 NA
14482 7898 NA
14483 8212 NA
14484 8212 NA
14485 8212 NA
14486 8554 NA
14487 8554 NA
14488 8641 NA
14489 8641 NA
14490 8450 NA
14491 8450 NA
14492 8536 NA
14493 8536 NA
14494 8729 NA
14495 8729 NA
14496 8666 NA
14497 8666 NA
14498 8666 NA
14499 8602 NA
14500 8602 NA
14501 8828 NA
14502 8828 NA
14503 8926 NA
14504 8926 NA
14505 8926 NA
14506 9002 NA
14507 9002 NA
14508 9218 NA
14509 9218 NA
14510 9408 NA
14511 9408 NA
14512 9516 NA
14513 9516 NA
14514 9594 NA
14515 9594 NA
14516 9594 NA
14517 9733 NA
14518 9733 NA
14519 9911 NA
14520 9911 NA
14521 10200 NA
14522 10200 NA
14523 10200 NA
14524 10400 NA
14525 10400 NA
14526 10500 NA
14527 10500 NA
14528 10700 NA
14529 10700 NA
14530 11000 NA
14531 11000 NA
14532 11000 NA
14533 11000 NA
14534 11000 NA
14535 10600 NA
14536 10600 NA
14537 10600 NA
14538 10600 NA
14539 10600 NA
14540 10600 NA
14541 10800 NA
14542 11000 NA
14543 11000 NA
14544 11000 NA
14545 11200 NA
14546 11200 NA
14547 11200 NA
14548 10900 NA
14549 10900 NA
14550 10700 NA
14551 10700 NA
14552 10600 NA
14553 10600 NA
14554 10600 NA
14555 10500 NA
14556 10500 NA
14557 10100 NA
14558 10100 NA
14559 9817 NA
14560 9817 NA
14561 9817 NA
14562 9632 NA
14563 9632 NA
14564 9385 NA
14565 9385 NA
14566 9225 NA
14567 9225 NA
14568 9225 NA
14569 9207 NA
14570 9191 NA
14571 9191 NA
14572 9191 NA
14573 8997 NA
14574 8997 NA
14575 8997 NA
14576 8923 NA
14577 8923 NA
14578 8796 NA
14579 8796 NA
14580 8796 NA
14581 8642 NA
14582 8642 NA
14583 8642 NA
14584 8400 NA
14585 8400 NA
14586 8400 NA
14587 8203 NA
14588 8203 NA
14589 8203 NA
14590 8085 NA
14591 8114 NA
14592 8114 NA
14593 8114 NA
14594 8303 NA
14595 8911 NA
14596 8911 NA
14597 9357 NA
14598 9825 NA
14599 10300 NA
14600 10300 NA
14601 10700 NA
14602 10700 NA
14603 11100 NA
14604 11400 NA
14605 11400 NA
14606 11400 NA
14607 11400 NA
14608 11400 NA
14609 11300 NA
14610 11300 NA
14611 10900 NA
14612 10900 NA
14613 11000 NA
14614 11000 NA
14615 11000 NA
14616 11000 NA
14617 10800 NA
14618 10800 NA
14619 10200 NA
14620 10200 NA
14621 9736 NA
14622 9736 NA
14623 9366 NA
14624 9366 NA
14625 9271 NA
14626 9271 NA
14627 9271 NA
14628 9081 NA
14629 9081 NA
14630 9081 NA
14631 8711 NA
14632 8711 NA
14633 8477 NA
14634 8477 NA
14635 8300 NA
14636 8300 NA
14637 8063 NA
14638 8122 NA
14639 8122 NA
14640 7940 NA
14641 7940 NA
14642 7940 NA
14643 7754 NA
14644 7754 NA
14645 7655 NA
14646 7655 NA
14647 7465 NA
14648 7465 NA
14649 7465 NA
14650 7260 NA
14651 7291 NA
14653 7291 NA
14654 7120 NA
14655 6909 NA
14656 6909 NA
14657 6909 NA
14658 6718 NA
14659 6498 NA
14660 6498 NA
14661 6462 NA
14662 6206 NA
14663 6206 NA
14664 6206 NA
14665 5989 NA
14666 5989 NA
14667 5989 NA
14668 5806 NA
14669 5621 NA
14670 5621 NA
14671 5621 NA
14672 5366 NA
14673 5366 NA
14674 5188 NA
14675 5188 NA
14676 5038 NA
14677 5038 NA
14678 5038 NA
14679 4841 NA
14680 4841 NA
14681 4646 NA
14682 4533 NA
14683 4533 NA
14684 4533 NA
14685 4585 NA
14686 4585 NA
14687 4780 NA
14688 4780 NA
14689 4999 NA
14690 5233 NA
14691 5233 NA
14692 5233 NA
14693 5473 NA
14694 5473 NA
14695 5473 NA
14696 5678 NA
14697 5678 NA
14698 5808 NA
14699 5808 NA
14700 5970 NA
14701 5970 NA
14702 6144 NA
14703 6144 NA
14704 6267 NA
14705 6267 NA
14706 6267 NA
14707 6289 NA
14708 6111 NA
14709 6111 NA
14710 6111 NA
14711 5919 NA
14712 5919 NA
14713 5919 NA
14714 5919 NA
14715 5662 NA
14716 5662 NA
14717 5550 NA
14718 5550 NA
14719 5550 NA
14720 5290 NA
14721 5290 NA
14722 5059 NA
14723 5059 NA
14724 5005 NA
14725 5005 NA
14726 5238 NA
14727 5238 NA
14728 5238 NA
14729 5431 NA
14730 5431 NA
14731 5670 NA
14732 5868 NA
14733 5868 NA
14734 5868 NA
14735 5868 NA
14736 6106 NA
14737 6106 NA
14738 6387 NA
14739 6387 NA
14740 6387 NA
14741 6674 NA
14742 6674 NA
14743 6674 NA
14744 6898 NA
14745 6898 NA
14746 7065 NA
14747 7065 NA
14748 7209 NA
14749 7209 NA
14750 7209 NA
14751 7403 NA
14752 7403 NA
14753 7616 NA
14754 7616 NA
14755 7288 NA
14756 7288 NA
14757 7288 NA
14758 7048 NA
14759 7048 NA
14760 6805 NA
14761 6805 NA
14762 6805 NA
14763 6805 NA
14764 6521 NA
14765 6521 NA
14766 6248 NA
14767 6248 NA
14768 6003 NA
14769 6003 NA
14770 5739 NA
14771 5615 NA
14772 5615 NA
14773 5615 NA
14774 5375 NA
14775 5151 NA
14776 5151 NA
14777 5151 NA
14778 4935 NA
14779 4935 NA
14780 4819 NA
14781 4625 NA
14782 4625 NA
14783 4625 NA
14784 4715 NA
14785 4715 NA
14786 4529 NA
14787 4529 NA
14788 4537 NA
14789 4537 NA
14790 4525 NA
14791 4525 NA
14792 4525 NA
14793 4681 NA
14794 4681 NA
14795 4681 NA
14796 4681 NA
14797 4899 NA
14798 5130 NA
14799 5130 NA
14800 5130 NA
14801 5345 NA
14802 5345 NA
14803 5240 NA
14804 5240 NA
14805 5029 NA
14806 5029 NA
14807 5029 NA
14808 4901 NA
14809 4901 NA
14810 4737 NA
14811 4737 NA
14812 4597 NA
14816 4483 NA
14817 4553 NA
14818 4553 NA
14819 4598 NA
14820 4598 NA
14821 4598 NA
14822 4691 NA
14823 4691 NA
14824 4691 NA
14825 4637 NA
14826 4563 NA
14827 4563 NA
14828 4563 NA
14829 4611 NA
14830 4611 NA
14831 4475 NA
14832 4475 NA
14833 4475 NA
14834 4414 NA
14835 4414 NA
14836 4472 NA
14837 4472 NA
14838 4573 NA
14839 4573 NA
14840 4573 NA
14841 4573 NA
14842 4624 NA
14843 4624 NA
14844 4624 NA
14845 4575 NA
14846 4575 NA
14847 4575 NA
14848 4655 NA
14849 4655 NA
14850 4655 NA
14851 4835 NA
14852 4835 NA
14853 4835 NA
14854 4835 NA
14855 4835 NA
14856 5048 NA
14857 5048 NA
14858 5048 NA
14859 5285 NA
14860 5285 NA
14861 5285 NA
14862 5285 NA
14863 5528 NA
14864 5528 NA
14865 5528 NA
14866 5740 NA
14867 5740 NA
14868 5740 NA
14869 6002 NA
14870 6002 NA
14871 6002 NA
14872 6292 NA
14873 6292 NA
14874 6292 NA
14875 6292 NA
14876 6582 NA
14877 6582 NA
14878 6582 NA
14879 6896 NA
14880 6896 NA
14881 6896 NA
14882 7211 NA
14883 7211 NA
14884 7211 NA
14885 7211 NA
14886 7547 NA
14887 7547 NA
14888 7547 NA
14889 7547 NA
14890 7875 NA
14891 7875 NA
14892 7875 NA
14893 8152 NA
14894 8152 NA
14895 8152 NA
14896 8500 NA
14897 8500 NA
14898 8500 NA
14899 8500 NA
14900 8890 NA
14901 8890 NA
14902 8890 NA
14903 9288 NA
14904 9288 NA
14905 9288 NA
14906 9720 NA
14907 9720 NA
14908 9720 NA
14909 9720 NA
14910 9720 NA
14911 9865 NA
14912 9865 NA
14913 9414 NA
14914 9414 NA
14915 9414 NA
14916 9053 NA
14917 9053 NA
14918 9053 NA
14920 8659 NA
14921 8425 NA
14922 8425 NA
14923 8425 NA
14924 8074 NA
14925 8074 NA
14926 8074 NA
14927 7748 NA
14928 7748 NA
14929 7748 NA
14930 7479 NA
14931 7479 NA
14932 7479 NA
14933 7174 NA
14934 7174 NA
14935 7174 NA
14936 6868 NA
14937 6868 NA
14938 6588 NA
14939 6588 NA
14940 6588 NA
14941 6316 NA
14942 6316 NA
14943 6316 NA
14944 6268 NA
14945 6268 NA
14946 6268 NA
14947 6268 NA
14948 6573 NA
14949 6573 NA
14950 6573 NA
14951 6573 NA
14952 6888 NA
14953 6888 NA
14954 6888 NA
14955 6888 NA
14956 7217 NA
14957 7217 NA
14958 7217 NA
14959 7217 NA
14960 7556 NA
14961 7556 NA
14962 7904 NA
14963 7904 NA
14964 7904 NA
14965 8271 NA
14966 8271 NA
14967 8271 NA
14968 8271 NA
14969 8658 NA
14970 8658 NA
14971 8658 NA
14972 8658 NA
14973 8958 NA
14974 8958 NA
14975 8958 NA
14978 9377 NA
14979 9377 NA
14981 9751 NA
14984 10200 NA
14986 10200 NA
14987 10600 NA
14990 10600 NA
14991 11000 NA
14992 11000 NA
14993 11500 NA
14995 11500 NA
14996 12000 NA
14998 12000 NA
15000 12500 NA
15001 12500 NA
15003 13000 NA
15005 13000 NA
15007 13300 NA
15009 13300 NA
15011 12800 NA
15013 12400 NA
15014 12400 NA
15018 11900 NA
15020 11700 NA
15021 11700 NA
15025 11300 NA
15028 10900 NA
15031 10900 NA
15032 10500 NA
15038 10500 NA
15039 10100 NA
15044 9675 NA
15046 9256 NA
15047 9256 NA
15048 8858 NA
15050 8858 NA
15052 8484 NA
15054 8098 NA
15055 8098 NA
15058 7751 NA
15060 7418 NA
15061 7418 NA
15063 7099 NA
15064 7099 NA
15066 6865 NA
15067 6865 NA
15070 6625 NA
15073 6328 NA
15076 6064 NA
15078 5844 NA
15080 5844 NA
15082 5593 NA
15084 5358 NA
15085 5358 NA
15086 5254 NA
15087 5254 NA
15089 5087 NA
15090 5087 NA
15093 4871 NA
15094 4702 NA
15096 4497 NA
15098 4497 NA
15100 4459 NA
15101 4459 NA
15103 4465 NA
15106 4465 NA
15107 4477 NA
15110 4374 NA
15115 4381 NA
15116 4381 NA
15119 4416 NA
15120 4416 NA
15123 4452 NA
15125 4452 NA
15128 4451 NA
15131 4420 NA
15133 4420 NA
15135 4379 NA
15136 4379 NA
15140 4436 NA
15143 4444 NA
15145 4444 NA
15147 4458 NA
15150 4453 NA
15154 4507 NA
15157 4507 NA
15158 4443 NA
15161 4443 NA
15163 4440 NA
15165 4440 NA
15168 4499 NA
15170 4583 NA
15172 4583 NA
15175 4458 NA
15177 4432 NA
15179 4432 NA
15182 4431 NA
15185 4435 NA
15187 4435 NA
15189 4494 NA
15193 4536 NA
15194 4536 NA
15196 4557 NA
15199 4557 NA
15204 4532 NA
15208 4607 NA
15214 4677 NA
15219 4646 NA
15221 4646 NA
15222 4734 NA
15224 4734 NA
15227 4643 NA
15232 4434 NA
15235 4434 NA
15238 4315 NA
15242 4353 NA
15244 4353 NA
15247 4394 NA
15250 4394 NA
15252 4430 NA
15257 4464 NA
15258 4464 NA
15263 4524 NA
15264 4524 NA
15268 4555 NA
15271 4555 NA
15273 4617 NA
15277 4617 NA
15280 4786 NA
15283 4786 NA
15285 4998 NA
15291 5062 NA
15297 5062 NA
15299 5248 NA
15303 5248 NA
15304 5118 NA
15307 5118 NA
15310 4871 NA
15313 4871 NA
15314 4655 NA
15318 4655 NA
15319 4480 NA
15322 4480 NA
15323 4452 NA
15326 4452 NA
15327 4382 NA
15330 4382 NA
15331 4405 NA
15335 4405 NA
15336 4452 NA
15340 4452 NA
15341 4436 NA
15342 4436 NA
15343 4436 NA
15344 4436 NA
15345 4436 NA
15346 4436 NA
15347 4516 NA
15348 4516 NA
15349 4516 NA
15350 4516 NA
15351 4516 NA
15352 4516 NA
15353 4516 NA
15354 4516 NA
15355 4516 NA
15356 4516 NA
15357 4377 NA
15358 4377 NA
15359 4377 NA
15360 4377 NA
15361 4377 NA
15362 4398 NA
15363 4398 NA
15364 4398 NA
15365 4398 NA
15366 4398 NA
15367 4427 NA
15368 4427 NA
15369 4427 NA
15370 4427 NA
15371 4427 NA
15372 4473 NA
15373 4473 NA
15374 4473 NA
15375 4473 NA
15376 4473 NA
15377 4306 NA
15378 4306 NA
15379 4306 NA
15380 4347 NA
15381 4347 NA
15382 4347 NA
15383 4386 NA
15384 4386 NA
15385 4386 NA
15386 4386 NA
15387 4386 NA
15388 4418 NA
15389 4418 NA
15390 4418 NA
15391 4418 NA
15392 4418 NA
15393 4418 NA
15394 4437 NA
15395 4437 NA
15396 4437 NA
15397 4437 NA
15398 4437 NA
15399 4437 NA
15400 4488 NA
15401 4488 NA
15402 4488 NA
15403 4488 NA
15404 4488 NA
15405 4488 NA
15406 4534 NA
15407 4534 NA
15408 4534 NA
15409 4534 NA
15410 4534 NA
15411 4534 NA
15412 4661 NA
15413 4661 NA
15414 4661 NA
15415 4661 NA
15416 4661 NA
15417 4661 NA
15418 4661 NA
15419 4661 NA
15420 4816 NA
15421 4816 NA
15422 4837 NA
15423 4858 NA
15424 4879 NA
15425 4900 NA
15426 4921 NA
15427 4921 NA
15428 4921 NA
15429 4921 NA
15430 4921 NA
15431 4921 NA
15432 4693 NA
15433 4693 NA
15434 4693 NA
15435 4693 NA
15436 4693 NA
15437 4485 NA
15438 4485 NA
15439 4485 NA
15440 4485 NA
15441 4485 NA
15442 4419 NA
15443 4419 NA
15444 4419 NA
15445 4419 NA
15446 4419 NA
15447 4419 NA
15448 4432 NA
15449 4432 NA
15450 4432 NA
15451 4432 NA
15452 4432 NA
15453 4432 NA
15454 4432 NA
15455 4362 NA
15456 4362 NA
15457 4362 NA
15458 4362 NA
15459 4362 NA
15460 4400 NA
15461 4400 NA
15462 4400 NA
15463 4400 NA
15464 4400 NA
15465 4400 NA
15466 4443 NA
15467 4443 NA
15468 4443 NA
15469 4443 NA
15470 4443 NA
15471 4443 NA
15472 4463 NA
15473 4463 NA
15474 4463 NA
15475 4463 NA
15476 4463 NA
15477 4463 NA
15478 4453 NA
15479 4453 NA
15480 4453 NA
15481 4308 NA
15482 4308 NA
15483 4308 NA
15484 4308 NA
15485 4308 NA
15486 4331 NA
15487 4331 NA
15488 4331 NA
15489 4331 NA
15490 4331 NA
15491 4363 NA
15492 4363 NA
15493 4363 NA
15494 4363 NA
15495 4363 NA
15496 4428 NA
15497 4428 NA
15498 4428 NA
15499 4428 NA
15500 4474 NA
15501 4474 NA
15502 4474 NA
15503 4474 NA
15504 4474 NA
15505 4474 NA
15506 4529 NA
15507 4529 NA
15508 4529 NA
15509 4529 NA
15510 4529 NA
15511 4338 NA
15512 4338 NA
15513 4338 NA
15514 4338 NA
15515 4378 NA
15516 4378 NA
15517 4378 NA
15518 4378 NA
15519 4428 NA
15520 4428 NA
15521 4428 NA
15522 4428 NA
15523 4428 NA
15524 4436 NA
15525 4436 NA
15526 4436 NA
15527 4436 NA
15528 4396 NA
15529 4396 NA
15530 4396 NA
15531 4396 NA
15532 4442 NA
15533 4442 NA
15534 4442 NA
15535 4442 NA
15536 4442 NA
15537 4507 NA
15538 4507 NA
15539 4507 NA
15540 4507 NA
15541 4507 NA
15542 4545 NA
15543 4545 NA
15544 4545 NA
15545 4545 NA
15546 4545 NA
15547 4398 NA
15548 4398 NA
15549 4398 NA
15550 4398 NA
15551 4403 NA
15552 4403 NA
15553 4403 NA
15554 4403 NA
15555 4432 NA
15556 4432 NA
15557 4432 NA
15558 4432 NA
15559 4476 NA
15560 4476 NA
15561 4476 NA
15562 4476 NA
15563 4476 NA
15564 4524 NA
15565 4524 NA
15566 4524 NA
15567 4524 NA
15568 4524 NA
15569 4370 NA
15570 4370 NA
15571 4370 NA
15572 4370 NA
15573 4370 NA
15574 4383 NA
15575 4383 NA
15576 4383 NA
15577 4383 NA
15578 4383 NA
15579 4372 NA
15580 4372 NA
15581 4372 NA
15582 4372 NA
15583 4403 NA
15584 4403 NA
15585 4403 NA
15586 4403 NA
15587 4403 NA
15588 4434 NA
15589 4434 NA
15590 4434 NA
15591 4434 NA
15592 4434 NA
15593 4434 NA
15594 4448 NA
15595 4448 NA
15596 4448 NA
15597 4448 NA
15598 4448 NA
15599 4448 NA
15600 4448 NA
15601 4362 NA
15602 4362 NA
15603 4362 NA
15604 4362 NA
15605 4362 NA
15606 4362 NA
15607 4379 NA
15608 4379 NA
15609 4379 NA
15610 4379 NA
15611 4379 NA
15612 4379 NA
15613 4379 NA
15614 4421 NA
15615 4421 NA
15616 4421 NA
15617 4421 NA
15618 4421 NA
15619 4421 NA
15620 4421 NA
15621 4421 NA
15622 4421 NA
15623 4421 NA
15624 4421 NA
15625 4421 NA
15626 4467 NA
15627 4467 NA
15628 4467 NA
15629 4467 NA
15630 4467 NA
15631 4462 NA
15632 4462 NA
15633 4462 NA
15634 4462 NA
15635 4462 NA
15636 4462 NA
15637 4325 NA
15638 4325 NA
15639 4325 NA
15640 4325 NA
15641 4325 NA
15642 4325 NA
15643 4358 NA
15644 4358 NA
15645 4358 NA
15646 4358 NA
15647 4358 NA
15648 4358 NA
15649 4420 NA
15650 4425 NA
15651 4429 NA
15652 4434 NA
15653 4438 NA
15654 4443 NA
15655 4447 NA
15656 4452 NA
15657 4456 NA
15658 4456 NA
15659 4456 NA
15660 4456 NA
15661 4456 NA
15662 4456 NA
15663 4456 NA
15664 4431 NA
15665 4431 NA
15666 4431 NA
15667 4431 NA
15668 4431 NA
15669 4431 NA
15670 4431 NA
15671 4431 NA
15672 4431 NA
15673 4431 NA
15674 4431 NA
15675 4431 NA
15676 4431 NA
15677 4427 NA
15678 4427 NA
15679 4427 NA
15680 4427 NA
15681 4427 NA
15682 4427 NA
15683 4427 NA
15684 4427 NA
15685 4427 NA
15686 4427 NA
15687 4427 NA
15688 4427 NA
15689 4427 NA
15690 4427 NA
15691 4427 NA
15692 4427 NA
15693 4464 NA
15694 4464 NA
15695 4464 NA
15696 4464 NA
15697 4464 NA
15698 4464 NA
15699 4464 NA
15700 4464 NA
15701 4464 NA
15702 4464 NA
15703 4464 NA
15704 4464 NA
15705 4464 NA
15706 4464 NA
15707 4437 NA
15708 4437 NA
15709 4437 NA
15710 4437 NA
15711 4437 NA
15712 4437 NA
15713 4437 NA
15714 4437 NA
15715 4437 NA
15716 4437 NA
15717 4437 NA
15718 4437 NA
15719 4437 NA
15720 4437 NA
15721 4447 NA
15722 4447 NA
15723 4447 NA
15724 4447 NA
15725 4447 NA
15726 4447 NA
15727 4447 NA
15728 4447 NA
15729 4447 NA
15730 4447 NA
15731 4447 NA
15732 4447 NA
15733 4447 NA
15734 4447 NA
15735 4447 NA
15736 4447 NA
15737 4516 NA
15738 4516 NA
15739 4516 NA
15740 4516 NA
15741 4516 NA
15742 4516 NA
15743 4516 NA
15744 4516 NA
15745 4516 NA
15746 4516 NA
15747 4516 NA
15748 4516 NA
15749 4516 NA
15750 4516 NA
15751 4516 NA
15752 4516 NA
15753 4733 NA
15754 4733 NA
15755 4733 NA
15756 4733 NA
15757 4733 NA
15758 4733 NA
15759 4733 NA
15760 4733 NA
15761 4733 NA
15762 4733 NA
15763 4733 NA
15764 4733 NA
15765 4733 NA
15766 4733 NA
15767 4733 NA
15768 4963 NA
15769 4963 NA
15770 4963 NA
15771 4963 NA
15772 4963 NA
15773 4963 NA
15774 4963 NA
15775 4963 NA
15776 4963 NA
15777 4963 NA
15778 4963 NA
15779 4963 NA
15780 4963 NA
15781 5183 NA
15782 5183 NA
15783 5183 NA
15784 5183 NA
15785 5183 NA
15786 5183 NA
15787 5183 NA
15788 5183 NA
15789 5183 NA
15790 5183 NA
15791 5183 NA
15792 5183 NA
15793 5183 NA
15794 5183 NA
15795 5296 NA
15796 5296 NA
15797 5296 NA
15798 5296 NA
15799 5296 NA
15800 5296 NA
15801 5296 NA
15802 5296 NA
15803 5296 NA
15804 5296 NA
15805 5296 NA
15806 5296 NA
15807 5296 NA
15808 5296 NA
15809 5296 NA
15810 5297 NA
15811 5297 NA
15812 5297 NA
15813 5297 NA
15814 5297 NA
15815 5297 NA
15816 5297 NA
15817 5297 NA
15818 5297 NA
15819 5297 NA
15820 5297 NA
15821 5297 NA
15822 5297 NA
15823 5297 NA
15824 5297 NA
15825 5297 NA
15826 5345 NA
15827 5345 NA
15828 5345 NA
15829 5345 NA
15830 5345 NA
15831 5345 NA
15832 5345 NA
15833 5345 NA
15834 5345 NA
15835 5345 NA
15836 5345 NA
15837 5345 NA
15838 5345 NA
15839 5231 NA
15840 5231 NA
15841 5231 NA
15842 5231 NA
15843 5231 NA
15844 5231 NA
15845 5231 NA
15846 5231 NA
15847 5231 NA
15848 5231 NA
15849 5231 NA
15850 5231 NA
15851 5231 NA
15852 5231 NA
15853 5210 NA
15854 5210 NA
15855 5210 NA
15856 5210 NA
15857 5210 NA
15858 5210 NA
15859 5210 NA
15860 5210 NA
15861 5210 NA
15862 5210 NA
15863 5210 NA
15864 5210 NA
15865 5210 NA
15866 5210 NA
15867 5141 NA
15868 5141 NA
15869 5141 NA
15870 5141 NA
15871 5141 NA
15872 5141 NA
15873 5141 NA
15874 5141 NA
15875 5141 NA
15876 5141 NA
15877 5141 NA
15878 4911 NA
15879 4911 NA
15880 4911 NA
15881 4911 NA
15882 4911 NA
15883 4911 NA
15884 4911 NA
15885 4911 NA
15886 4911 NA
15887 4911 NA
15888 4911 NA
15889 4729 NA
15890 4729 NA
15891 4729 NA
15892 4729 NA
15893 4729 NA
15894 4729 NA
15895 4729 NA
15896 4729 NA
15897 4729 NA
15898 4729 NA
15899 4800 NA
15900 4800 NA
15901 4800 NA
15902 4800 NA
15903 4837 NA
15904 4874 NA
15905 4911 NA
15906 4948 NA
15907 4985 NA
15908 5022 NA
15909 5022 NA
15910 5022 NA
15911 5022 NA
15912 5022 NA
15913 5022 NA
15914 5022 NA
15915 5022 NA
15916 5022 NA
15917 5022 NA
15918 4950 NA
15919 4950 NA
15920 4950 NA
15921 4950 NA
15922 4950 NA
15923 4950 NA
15924 4950 NA
15925 4950 NA
15926 4950 NA
15927 4950 NA
15928 4906 NA
15929 4906 NA
15930 4906 NA
15931 4906 NA
15932 4906 NA
15933 4906 NA
15934 4906 NA
15935 4906 NA
15936 4906 NA
15937 4906 NA
15938 4906 NA
15939 4906 NA
15940 4888 NA
15941 4888 NA
15942 4888 NA
15943 4888 NA
15944 4888 NA
15945 4888 NA
15946 4888 NA
15947 4888 NA
15948 4888 NA
15949 4888 NA
15950 4888 NA
15951 4888 NA
15952 4888 NA
15953 4888 NA
15954 4888 NA
15955 4945 NA
15956 4945 NA
15957 4945 NA
15958 4945 NA
15959 4945 NA
15960 4945 NA
15961 4945 NA
15962 4945 NA
15963 4945 NA
15964 4945 NA
15965 4945 NA
15966 4945 NA
15967 4945 NA
15968 4945 NA
15969 4945 NA
15970 4945 NA
15971 4945 NA
15972 4971 NA
15973 4971 NA
15974 4971 NA
15975 4971 NA
15976 4971 NA
15977 4971 NA
15978 4971 NA
15979 4971 NA
15980 4971 NA
15981 4971 NA
15982 4971 NA
15983 4971 NA
15984 4971 NA
15985 4971 NA
15986 4953 NA
15987 4935 NA
15988 4917 NA
15989 4900 NA
15990 4882 NA
15991 4864 NA
15992 4846 NA
15993 4828 NA
15994 4828 NA
15995 4828 NA
15996 4828 NA
15997 4828 NA
15998 4828 NA
15999 4828 NA
16000 4828 NA
16001 4828 NA
16002 4821 NA
16003 4821 NA
16004 4821 NA
16005 4821 NA
16006 4821 NA
16007 4821 NA
16008 4821 NA
16009 4821 NA
16010 4821 NA
16011 4821 NA
16012 4821 NA
16013 4821 NA
16014 4821 NA
16015 4821 NA
16016 4821 NA
16017 4704 NA
16018 4704 NA
16019 4704 NA
16020 4704 NA
16021 4704 NA
16022 4704 NA
16023 4704 NA
16024 4704 NA
16025 4704 NA
16026 4704 NA
16027 4704 NA
16028 4704 NA
16029 4704 NA
16030 4704 NA
16031 4543 NA
16032 4543 NA
16033 4543 NA
16034 4543 NA
16035 4543 NA
16036 4543 NA
16037 4543 NA
16038 4543 NA
16039 4543 NA
16040 4543 NA
16041 4543 NA
16042 4473 NA
16043 4473 NA
16044 4473 NA
16045 4473 NA
16046 4473 NA
16047 4473 NA
16048 4473 NA
16049 4473 NA
16050 4473 NA
16051 4473 NA
16052 4473 NA
16053 4473 NA
16054 4473 NA
16055 4468 NA
16056 4468 NA
16057 4468 NA
16058 4468 NA
16059 4468 NA
16060 4468 NA
16061 4468 NA
16062 4468 NA
16063 4468 NA
16064 4468 NA
16065 4468 NA
16066 4340 NA
16067 4340 NA
16068 4340 NA
16069 4340 NA
16070 4340 NA
16071 4340 NA
16072 4340 NA
16073 4340 NA
16074 4340 NA
16075 4195 NA
16076 4195 NA
16077 4195 NA
16078 4195 NA
16079 4195 NA
16080 4195 NA
16081 4195 NA
16082 4195 NA
16083 4195 NA
16084 4270 NA
16085 4270 NA
16086 4270 NA
16087 4270 NA
16088 4270 NA
16089 4270 NA
16090 4270 NA
16091 4270 NA
16092 4328 NA
16093 4328 NA
16094 4328 NA
16095 4328 NA
16096 4328 NA
16097 4328 NA
16098 4328 NA
16099 4328 NA
16100 4328 NA
16101 4429 NA
16102 4429 NA
16103 4429 NA
16104 4429 NA
16105 4429 NA
16106 4429 NA
16107 4429 NA
16108 4429 NA
16109 4429 NA
16110 4619 NA
16111 4619 NA
16112 4619 NA
16113 4619 NA
16114 4619 NA
16115 4619 NA
16116 4619 NA
16117 4619 NA
16118 4619 NA
16119 4619 NA
16120 4846 NA
16121 4846 NA
16122 4846 NA
16123 4846 NA
16124 4846 NA
16125 4846 NA
16126 4846 NA
16127 4846 NA
16128 4846 NA
16129 4846 NA
16130 4846 NA
16131 5031 NA
16132 5031 NA
16133 5031 NA
16134 5031 NA
16135 5031 NA
16136 5031 NA
16137 5031 NA
16138 5031 NA
16139 5031 NA
16140 5250 NA
16141 5250 NA
16142 5250 NA
16143 5250 NA
16144 5250 NA
16145 5250 NA
16146 5250 NA
16147 5250 NA
16148 5507 NA
16149 5507 NA
16150 5507 NA
16151 5507 NA
16152 5507 NA
16153 5507 NA
16154 5507 NA
16155 5507 NA
16156 5507 NA
16157 5773 NA
16158 5773 NA
16159 5773 NA
16160 5773 NA
16161 5773 NA
16162 5773 NA
16163 5773 NA
16164 5773 NA
16165 5773 NA
16166 5773 NA
16167 6053 NA
16168 6053 NA
16169 6053 NA
16170 6053 NA
16171 6053 NA
16172 6053 NA
16173 6053 NA
16174 6053 NA
16175 6053 NA
16176 6053 NA
16177 6053 NA
16178 6341 NA
16179 6341 NA
16180 6341 NA
16181 6341 NA
16182 6341 NA
16183 6341 NA
16184 6341 NA
16185 6341 NA
16186 6341 NA
16187 6341 NA
16188 6341 NA
16189 6341 NA
16190 6642 NA
16191 6642 NA
16192 6642 NA
16193 6642 NA
16194 6642 NA
16195 6642 NA
16196 6642 NA
16197 6642 NA
16198 6642 NA
16199 6642 NA
16200 6642 NA
16201 6642 NA
16202 6806 NA
16203 6969 NA
16204 6969 NA
16205 6969 NA
16206 6969 NA
16207 6969 NA
16208 6969 NA
16209 6969 NA
16210 6969 NA
16211 6969 NA
16212 6969 NA
16213 6969 NA
16214 6969 NA
16215 7254 NA
16216 7254 NA
16217 7254 NA
16218 7254 NA
16219 7254 NA
16220 7254 NA
16221 7254 NA
16222 7254 NA
16223 7254 NA
16224 7254 NA
16225 7254 NA
16226 7254 NA
16227 7254 NA
16228 7254 NA
16229 7523 NA
16230 7523 NA
16231 7523 NA
16232 7523 NA
16233 7523 NA
16234 7523 NA
16235 7523 NA
16236 7523 NA
16237 7523 NA
16238 7523 NA
16239 7523 NA
16240 7523 NA
16241 7879 NA
16242 7879 NA
16243 7879 NA
16244 7879 NA
16245 7879 NA
16246 7879 NA
16247 7879 NA
16248 7879 NA
16249 7879 NA
16250 8255 NA
16251 8255 NA
16252 8255 NA
16253 8255 NA
16254 8255 NA
16255 8255 NA
16256 8255 NA
16257 8255 NA
16258 8255 NA
16259 8668 NA
16260 8668 NA
16261 8668 NA
16262 8668 NA
16263 8668 NA
16264 8668 NA
16265 8668 NA
16266 8668 NA
16267 9084 NA
16268 9084 NA
16269 9084 NA
16270 9084 NA
16271 9084 NA
16272 9084 NA
16273 9530 NA
16274 9530 NA
16275 9530 NA
16276 9530 NA
16277 9530 NA
16278 9999 NA
16279 9999 NA
16280 9999 NA
16281 9999 NA
16282 9999 NA
16283 10455 NA
16284 10455 NA
16285 10455 NA
16286 10455 NA
16287 10455 NA
16288 10969 NA
16289 10969 NA
16290 10969 NA
16291 10969 NA
16292 11443 NA
16293 11443 NA
16294 11443 NA
16295 11443 NA
16296 11961 NA
16297 11961 NA
16298 11961 NA
16299 11961 NA
16300 12497 NA
16301 12497 NA
16302 12497 NA
16303 13122 NA
16304 13122 NA
16305 13122 NA
16306 13766 NA
16307 13766 NA
16308 13766 NA
16309 14427 NA
16310 14427 NA
16311 15115 NA
16312 15115 NA
16313 15115 NA
16314 15824 NA
16315 15824 NA
16316 15824 NA
16317 15982 NA
16318 15982 NA
16319 15982 NA
16320 15203 NA
16321 15203 NA
16322 14532 NA
16323 14532 NA
16324 13845 NA
16325 13845 NA
16326 13213 NA
16327 13213 NA
16328 12578 NA
16329 12578 NA
16330 11997 NA
16331 11997 NA
16332 11997 NA
16333 11450 NA
16334 11450 NA
16335 10906 NA
16336 10906 NA
16337 10906 NA
16338 10379 NA
16339 10379 NA
16340 10379 NA
16341 9910 NA
16342 9910 NA
16343 9653 NA
16344 9653 NA
16345 9653 NA
16346 9204 NA
16347 9204 NA
16348 8774 NA
16349 8774 NA
16350 8374 NA
16351 8374 NA
16352 8374 NA
16353 7977 NA
16354 7977 NA
16355 7620 NA
16356 7620 NA
16357 7278 NA
16358 7278 NA
16359 6961 NA
16360 6961 NA
16361 6961 NA
16362 6961 NA
16363 6922 NA
16364 6922 NA
16365 6922 NA
16366 6922 NA
16367 6607 NA
16368 6607 NA
16369 6607 NA
16370 6294 NA
16371 6294 NA
16372 6294 NA
16373 6017 NA
16374 6017 NA
16375 6017 NA
16376 6017 NA
16377 6017 NA
16378 5772 NA
16379 5772 NA
16380 5772 NA
16381 5772 NA
16382 5577 NA
16383 5577 NA
16384 5577 NA
16385 5577 NA
16386 5467 NA
16387 5467 NA
16388 5467 NA
16389 5467 NA
16390 5613 NA
16391 5613 NA
16392 5613 NA
16393 5613 NA
16394 5509 NA
16395 5509 NA
16396 5509 NA
16397 5509 NA
16398 5354 NA
16399 5354 NA
16400 5354 NA
16401 5354 NA
16402 5294 NA
16403 5294 NA
16404 5294 NA
16405 5294 NA
16406 5513 NA
16407 5513 NA
16408 5513 NA
16409 5513 NA
16410 5513 NA
16411 5694 NA
16412 5694 NA
16413 5694 NA
16414 5694 NA
16415 5694 NA
16416 5892 NA
16417 5892 NA
16418 5892 NA
16419 5892 NA
16420 5892 NA
16421 6185 NA
16422 6185 NA
16423 6185 NA
16424 6185 NA
16425 6185 NA
16426 6373 NA
16427 6373 NA
16428 6373 NA
16429 6373 NA
16430 6640 NA
16431 6640 NA
16432 6640 NA
16433 6640 NA
16434 6812 NA
16435 6812 NA
16436 6812 NA
16437 6812 NA
16438 6997 NA
16439 6997 NA
16440 6997 NA
16441 6997 NA
16442 7326 NA
16443 7326 NA
16444 7326 NA
16445 7669 NA
16446 7669 NA
16447 7669 NA
16448 8034 NA
16449 8034 NA
16450 8034 NA
16451 8034 NA
16452 8102 NA
16453 8102 NA
16454 8102 NA
16455 8376 NA
16456 8376 NA
16457 8376 NA
16458 8658 NA
16459 8658 NA
16460 8658 NA
16461 8676 NA
16462 8676 NA
16463 8676 NA
16464 8676 NA
16465 8868 NA
16466 8868 NA
16467 8868 NA
16468 9089 NA
16469 9089 NA
16470 9089 NA
16471 9089 NA
16472 9250 NA
16473 9250 NA
16474 9250 NA
16475 9121 NA
16476 9121 NA
16477 9121 NA
16478 9121 NA
16479 8805 NA
16480 8805 NA
16481 8805 NA
16482 8455 NA
16483 8455 NA
16484 8455 NA
16485 8548 NA
16486 8548 NA
16487 8548 NA
16488 8548 NA
16489 8459 NA
16490 8459 NA
16491 8459 NA
16492 8867 NA
16493 8867 NA
16494 8867 NA
16495 9037 NA
16496 9037 NA
16497 9037 NA
16498 9098 NA
16499 9098 NA
16500 9098 NA
16501 8850 NA
16502 8850 NA
16503 8850 NA
16504 8877 NA
16505 8877 NA
16506 8877 NA
16507 8877 NA
16508 9253 NA
16509 9253 NA
16510 9253 NA
16511 9253 NA
16512 9668 NA
16513 9668 NA
16514 9668 NA
16515 9668 NA
16516 9541 NA
16517 9541 NA
16518 9541 NA
16519 9541 NA
16520 9642 NA
16521 9642 NA
16522 9642 NA
16523 9560 NA
16524 9560 NA
16525 9560 NA
16526 9177 NA
16527 9177 NA
16528 9177 NA
16529 9177 NA
16530 8960 NA
16531 8960 NA
16532 8960 NA
16533 8599 NA
16534 8599 NA
16535 8599 NA
16536 8303 NA
16537 8303 NA
16538 8303 NA
16539 8303 NA
16540 8285 NA
16541 8285 NA
16542 8285 NA
16543 7962 NA
16544 7962 NA
16545 7962 NA
16546 7962 NA
16547 7818 NA
16548 7818 NA
16549 7818 NA
16550 7818 NA
16551 7664 NA
16552 7664 NA
16553 7664 NA
16554 7664 NA
16555 7655 NA
16556 7655 NA
16557 7655 NA
16558 7655 NA
16559 7745 NA
16560 7745 NA
16561 7745 NA
16562 7745 NA
16563 7791 NA
16564 7791 NA
16565 7791 NA
16566 7580 NA
16567 7580 NA
16568 7580 NA
16569 7580 NA
16570 7918 NA
16571 7918 NA
16572 7918 NA
16573 8114 NA
16574 8114 NA
16575 8114 NA
16576 8114 NA
16577 8262 NA
16578 8262 NA
16579 8262 NA
16580 8262 NA
16581 7988 NA
16582 7988 NA
16583 7988 NA
16584 7988 NA
16585 7677 NA
16586 7677 NA
16587 7677 NA
16588 7449 NA
16589 7449 NA
16590 7449 NA
16591 7449 NA
16592 7220 NA
16593 7220 NA
16594 7220 NA
16595 7306 NA
16596 7306 NA
16597 7306 NA
16598 7306 NA
16599 7232 NA
16600 7232 NA
16601 7232 NA
16602 7140 NA
16603 7140 NA
16604 7140 NA
16605 7140 NA
16606 7209 NA
16607 7209 NA
16608 7209 NA
16609 7209 NA
16610 6953 NA
16611 6953 NA
16612 6953 NA
16613 6953 NA
16614 6816 NA
16615 6816 NA
16616 6816 NA
16617 6816 NA
16618 7004 NA
16619 7004 NA
16620 7004 NA
16621 7004 NA
16622 7301 NA
16623 7301 NA
16624 7301 NA
16625 7301 NA
16626 7624 NA
16627 7624 NA
16628 7624 NA
16629 7624 NA
16630 7958 NA
16631 7958 NA
16632 7958 NA
16633 8352 NA
16634 8352 NA
16635 8352 NA
16636 8352 NA
16637 8758 NA
16638 8758 NA
16639 8758 NA
16640 8758 NA
16641 9143 NA
16642 9143 NA
16643 9143 NA
16644 9529 NA
16645 9529 NA
16646 9529 NA
16647 9529 NA
16648 9997 NA
16649 9997 NA
16650 9997 NA
16651 10409 NA
16652 10409 NA
16653 10409 NA
16654 10409 NA
16655 10694 NA
16656 10694 NA
16657 10694 NA
16658 10694 NA
16659 10527 NA
16660 10527 NA
16661 10527 NA
16662 10529 NA
16663 10529 NA
16665 10529 NA
16666 10841 NA
16668 10841 NA
16669 10841 NA
16670 10867 NA
16671 10867 NA
16672 10867 NA
16673 10867 NA
16674 11270 NA
16675 11270 NA
16676 11270 NA
16677 11270 NA
16678 10762 NA
16679 10762 NA
16680 10762 NA
16681 10762 NA
16682 10343 NA
16683 10343 NA
16684 10343 NA
16686 10207 NA
16687 10207 NA
16688 10207 NA
16689 10207 NA
16690 10207 NA
16691 10274 NA
16692 10274 NA
16693 10274 NA
16694 10274 NA
16695 10274 NA
16696 10590 NA
16697 10590 NA
16698 10590 NA
16699 10590 NA
16700 10590 NA
16701 10206 NA
16702 10206 NA
16703 10206 NA
16704 10206 NA
16705 10206 NA
16706 9861 NA
16707 9861 NA
16708 9861 NA
16709 9861 NA
16710 9861 NA
16711 9654 NA
16712 9654 NA
16715 9201 NA
16717 9201 NA
16719 8934 NA
16720 8934 NA
16721 8934 NA
16722 8934 NA
16723 8934 NA
16724 8934 NA
16725 8948 NA
16726 8948 NA
16727 8948 NA
16728 8948 NA
16730 9062 NA
16731 9062 NA
16732 9062 NA
16733 9062 NA
16734 9198 NA
16735 9198 NA
16736 9198 NA
16737 9198 NA
16738 9198 NA
16739 9006 NA
16740 9006 NA
16741 9006 NA
16742 9006 NA
16743 8772 NA
16744 8772 NA
16745 8772 NA
16746 8407 NA
16747 8407 NA
16748 8407 NA
16749 8407 NA
16750 8771 NA
16751 8771 NA
16752 8771 NA
16753 8771 NA
16754 8771 NA
16755 9099 NA
16756 9099 NA
16757 9099 NA
16759 9099 NA
16760 9190 NA
16761 9190 NA
16762 9190 NA
16763 9190 NA
16764 9190 NA
16765 8805 NA
16766 8805 NA
16767 8805 NA
16768 8805 NA
16769 8423 NA
16770 8423 NA
16771 8423 NA
16772 8423 NA
16773 8423 NA
16774 8129 NA
16775 8129 NA
16777 8129 NA
16778 8129 NA
16779 7882 NA
16780 7882 NA
16781 7882 NA
16782 7882 NA
16783 7882 NA
16784 7861 NA
16785 7861 NA
16786 7861 NA
16787 7861 NA
16788 7861 NA
16789 8020 NA
16790 8020 NA
16791 8020 NA
16792 8020 NA
16793 8256 NA
16794 8256 NA
16795 8256 NA
16796 8256 NA
16797 8256 NA
16798 8649 NA
16799 8649 NA
16800 8649 NA
16801 8649 NA
16802 8649 NA
16803 9019 NA
16804 9019 NA
16807 9019 NA
16808 9446 NA
16809 9446 NA
16810 9446 NA
16811 9446 NA
16812 9446 NA
16813 9919 NA
16814 9919 NA
16815 9919 NA
16816 9919 NA
16817 10215 NA
16818 10215 NA
16820 10215 NA
16821 10215 NA
16823 10601 NA
16824 10601 NA
16825 10601 NA
16826 11042 NA
16827 11042 NA
16828 11042 NA
16829 11042 NA
16830 11479 NA
16831 11479 NA
16832 11479 NA
16833 11479 NA
16834 11790 NA
16835 11790 NA
16836 11790 NA
16837 11790 NA
16838 11790 NA
16839 11790 NA
16840 12016 NA
16841 12016 NA
16842 12016 NA
16843 12016 NA
16844 12016 NA
16845 12549 NA
16847 12549 NA
16849 12549 NA
16850 12549 NA
16851 13177 NA
16852 13177 NA
16853 13177 NA
16854 13177 NA
16855 13177 NA
16856 13836 NA
16857 13836 NA
16858 13836 NA
16859 13836 NA
16860 13836 NA
16861 14449 NA
16862 14449 NA
16863 14449 NA
16864 14449 NA
16865 14449 NA
16866 14640 NA
16867 14640 NA
16869 14640 NA
16870 14640 NA
16871 15329 NA
16872 15329 NA
16873 15329 NA
16874 15329 NA
16875 15545 NA
16876 15545 NA
16878 15545 NA
16879 15545 NA
16880 16143 NA
16881 16143 NA
16884 16143 NA
16885 16849 NA
16886 16849 NA
16887 16849 NA
16888 16849 NA
16889 16849 NA
16890 17309 NA
16892 17309 NA
16893 17309 NA
16894 17309 NA
16895 17309 NA
16896 17387 NA
16897 17387 NA
16898 17387 NA
16899 17387 NA
16900 17387 NA
16901 17387 NA
16902 17139 NA
16903 17139 NA
16904 17139 NA
16905 17139 NA
16906 17139 NA
16907 17139 NA
16908 16947 NA
16909 16947 NA
16910 16947 NA
16911 16947 NA
16912 16947 NA
16913 16893 NA
16914 16893 NA
16915 16893 NA
16916 16893 NA
16917 16893 NA
16918 16893 NA
16919 16420 NA
16920 16420 NA
16921 16420 NA
16922 16420 NA
16923 16420 NA
16924 16420 NA
16925 16408 NA
16926 16408 NA
16927 16408 NA
16928 16408 NA
16929 16408 NA
16930 16408 NA
16931 16490 NA
16932 16490 NA
16933 16490 NA
16934 16490 NA
16935 16490 NA
16937 15713 NA
16938 15713 NA
16939 15713 NA
16940 15713 NA
16941 15713 NA
16942 15713 NA
16943 15890 NA
16944 15890 NA
16945 15890 NA
16946 15890 NA
16949 15280 NA
16950 15280 NA
16951 15280 NA
16952 15280 NA
16953 15280 NA
16954 15293 NA
16955 15293 NA
16956 15293 NA
16957 15293 NA
16958 15293 NA
16959 15293 NA
16960 15488 NA
16967 15894 NA
16968 15894 NA
16969 15894 NA
16970 15894 NA
16971 16245 NA
16972 16245 NA
16974 16245 NA
16975 16245 NA
16976 16245 NA
16977 16315 NA
16978 16315 NA
16979 16315 NA
16980 16315 NA
16981 16315 NA
16982 16315 NA
16984 16262 NA
16985 16262 NA
16986 16262 NA
16987 16262 NA
16988 16262 NA
16989 16262 NA
16990 15743 NA
16991 15743 NA
16992 15743 NA
16993 15743 NA
16994 15743 NA
16999 15154 NA
17001 15154 NA
17006 14443 NA
17007 14443 NA
17014 13795 NA
17015 13366 NA
17016 13366 NA
17017 13366 NA
17018 13366 NA
17019 13366 NA
17020 13366 NA
17021 13366 NA
17022 13981 NA
17023 13981 NA
17024 13981 NA
17025 13981 NA
17026 13981 NA
17027 13981 NA
17028 13981 NA
17029 14673 NA
17031 14673 NA
17032 14673 NA
17033 14673 NA
17034 14673 NA
17035 14673 NA
17036 15343 NA
17037 15343 NA
17038 15343 NA
17039 15343 NA
17040 15343 NA
17042 15343 NA
17044 15491 NA
17045 15491 NA
17046 15491 NA
17047 15491 NA
17048 15491 NA
17049 15491 NA
17050 15491 NA
17051 15027 NA
17052 15027 NA
17053 15027 NA
17054 15027 NA
17055 15027 NA
17056 15027 NA
17057 15027 NA
17058 14392 NA
17059 14392 NA
17060 14392 NA
17061 14392 NA
17062 14392 NA
17063 14392 NA
17064 14388 NA
17069 13759 NA
17070 13759 NA
17071 13759 NA
17072 13759 NA
17073 13145 NA
17075 13145 NA
17076 13145 NA
17077 13145 NA
17078 12535 NA
17079 12535 NA
17080 12535 NA
17081 12535 NA
17083 11989 NA
17084 11989 NA
17085 11989 NA
17086 11442 NA
17087 11442 NA
17088 11442 NA
17089 10914 NA
17091 10914 NA
17092 10914 NA
17093 10419 NA
17094 10419 NA
17095 10419 NA
17096 10419 NA
17097 9954 NA
17098 9954 NA
17099 9954 NA
17100 9954 NA
17101 9500 NA
17102 9500 NA
17103 9500 NA
17104 9500 NA
17105 9079 NA
17106 9079 NA
17107 9079 NA
17108 9079 NA
17109 8667 NA
17110 8667 NA
17111 8667 NA
17112 8667 NA
17113 8261 NA
17114 8261 NA
17115 8261 NA
17117 7882 NA
17118 7882 NA
17123 7205 NA
17124 7205 NA
17125 7205 NA
17126 7205 NA
17127 6920 NA
17129 6920 NA
17130 6920 NA
17131 6643 NA
17132 6643 NA
17133 6643 NA
17134 6643 NA
17135 6942 NA
17136 6942 NA
17138 6942 NA
17139 6942 NA
17140 6942 NA
17141 7208 NA
17142 7208 NA
17143 7208 NA
17144 7208 NA
17145 7208 NA
17146 7208 NA
17147 7563 NA
