"Index" "Price" "Volume"
14019 2762 NA
14020 2756 NA
14021 2766 NA
14022 2766 NA
14023 2803 NA
14024 2803 NA
14025 2786 NA
14026 2786 NA
14027 2765 NA
14028 2765 NA
14029 2726 NA
14030 2726 NA
14031 2749 NA
14032 2756 NA
14033 2758 NA
14034 2751 NA
14035 2755 NA
14036 2764 NA
14037 2777 NA
14038 2765 NA
14039 2761 NA
14040 2761 NA
14041 2757 NA
14042 2747 NA
14043 2745 NA
14044 2758 NA
14045 2783 NA
14046 2783 NA
14047 2777 NA
14048 2789 NA
14049 2772 NA
14050 2765 NA
14051 2765 NA
14052 2723 NA
14053 2722 NA
14054 2722 NA
14055 2721 NA
14056 2751 NA
14057 2759 NA
14058 2762 NA
14059 2737 NA
14060 2746 NA
14061 2744 NA
14062 2761 NA
14063 2761 NA
14064 2775 NA
14065 2782 NA
14066 2782 NA
14067 2753 NA
14068 2746 NA
14069 2743 NA
14070 2743 NA
14071 2760 NA
14072 2767 NA
14073 2773 NA
14074 2760 NA
14075 2760 NA
14076 2750 NA
14077 2762 NA
14078 2767 NA
14079 2893 NA
14080 2998 NA
14081 3112 NA
14082 3202 NA
14083 3222 NA
14084 3247 NA
14085 3095 NA
14086 3095 NA
14087 2941 NA
14088 2831 NA
14089 2721 NA
14090 2771 NA
14091 2756 NA
14092 2756 NA
14093 2760 NA
14094 2786 NA
14095 2775 NA
14096 2763 NA
14097 2763 NA
14098 2734 NA
14099 2760 NA
14100 2770 NA
14101 2775 NA
14102 2764 NA
14103 2758 NA
14104 2786 NA
14105 2792 NA
14106 2798 NA
14107 2771 NA
14108 2760 NA
14109 2772 NA
14110 2756 NA
14111 2765 NA
14112 2765 NA
14113 2761 NA
14114 2756 NA
14115 2756 NA
14116 2749 NA
14117 2751 NA
14118 2757 NA
14119 2780 NA
14120 2796 NA
14121 2762 NA
14122 2762 NA
14123 2757 NA
14124 2752 NA
14125 2746 NA
14126 2751 NA
14127 2773 NA
14128 2773 NA
14129 2761 NA
14130 2751 NA
14131 2751 NA
14132 2728 NA
14133 2734 NA
14134 2734 NA
14135 2743 NA
14136 2769 NA
14137 2782 NA
14138 2782 NA
14139 2786 NA
14140 2794 NA
14141 2803 NA
14142 2803 NA
14143 2798 NA
14144 2737 NA
14145 2772 NA
14146 2758 NA
14147 2784 NA
14148 2784 NA
14149 2738 NA
14150 2738 NA
14151 2749 NA
14152 2746 NA
14153 2744 NA
14154 2746 NA
14155 2747 NA
14156 2774 NA
14157 2774 NA
14158 2780 NA
14159 2771 NA
14160 2769 NA
14161 2769 NA
14162 2809 NA
14163 2759 NA
14164 2767 NA
14165 2767 NA
14166 2751 NA
14167 2751 NA
14168 2737 NA
14169 2771 NA
14170 2789 NA
14171 2774 NA
14172 2774 NA
14173 2775 NA
14174 2806 NA
14175 2814 NA
14176 2814 NA
14177 2821 NA
14178 2821 NA
14179 2862 NA
14180 2866 NA
14181 2841 NA
14182 2810 NA
14183 2810 NA
14184 2797 NA
14185 2811 NA
14186 2804 NA
14187 2796 NA
14188 2796 NA
14189 2794 NA
14190 2794 NA
14191 2798 NA
14192 2820 NA
14193 2790 NA
14194 2790 NA
14195 2797 NA
14196 2797 NA
14197 2827 NA
14198 2769 NA
14199 2789 NA
14200 2789 NA
14201 2799 NA
14202 2799 NA
14203 2805 NA
14204 2780 NA
14205 2780 NA
14206 2781 NA
14207 2815 NA
14208 2781 NA
14209 2781 NA
14210 2798 NA
14211 2843 NA
14212 2843 NA
14213 2834 NA
14214 2818 NA
14215 2855 NA
14216 2855 NA
14217 2843 NA
14218 2858 NA
14219 2882 NA
14220 2908 NA
14221 2918 NA
14222 2918 NA
14223 2850 NA
14224 2816 NA
14225 2816 NA
14226 2841 NA
14227 2858 NA
14228 2852 NA
14229 2763 NA
14230 2741 NA
14231 2769 NA
14232 2784 NA
14233 2784 NA
14234 2796 NA
14235 2817 NA
14236 2815 NA
14237 2776 NA
14238 2776 NA
14239 2803 NA
14240 2803 NA
14241 2824 NA
14242 2838 NA
14243 2780 NA
14244 2752 NA
14245 2752 NA
14246 2765 NA
14247 2765 NA
14248 2777 NA
14249 2777 NA
14250 2786 NA
14251 2797 NA
14252 2801 NA
14253 2811 NA
14254 2839 NA
14255 2839 NA
14256 2843 NA
14257 2761 NA
14258 2761 NA
14259 2787 NA
14260 2791 NA
14261 2798 NA
14262 2808 NA
14263 2808 NA
14264 2754 NA
14265 2754 NA
14266 2768 NA
14267 2788 NA
14268 2788 NA
14269 2802 NA
14270 2802 NA
14271 2799 NA
14272 2842 NA
14273 2842 NA
14274 2841 NA
14275 2839 NA
14276 2783 NA
14277 2783 NA
14278 2767 NA
14279 2789 NA
14280 2804 NA
14281 2804 NA
14282 2792 NA
14283 2792 NA
14284 2802 NA
14285 2806 NA
14286 2806 NA
14287 2833 NA
14288 2834 NA
14289 2868 NA
14290 2875 NA
14291 2787 NA
14292 2833 NA
14293 2833 NA
14294 2862 NA
14295 2862 NA
14296 2749 NA
14297 2749 NA
14298 2771 NA
14299 2771 NA
14300 2788 NA
14301 2788 NA
14302 2796 NA
14303 2842 NA
14304 2785 NA
14305 2792 NA
14306 2793 NA
14307 2798 NA
14308 2798 NA
14309 2812 NA
14310 2866 NA
14311 2817 NA
14312 2788 NA
14313 2788 NA
14314 2788 NA
14315 2797 NA
14316 2807 NA
14317 2807 NA
14318 2788 NA
14319 2788 NA
14320 2788 NA
14321 2803 NA
14322 2812 NA
14323 2812 NA
14324 2795 NA
14325 2814 NA
14326 2821 NA
14327 2821 NA
14328 2802 NA
14329 2816 NA
14330 2829 NA
14331 2829 NA
14332 2816 NA
14333 2816 NA
14334 2796 NA
14335 2796 NA
14336 2799 NA
14337 2799 NA
14338 2819 NA
14339 2819 NA
14340 2819 NA
14341 2792 NA
14342 2807 NA
14343 2820 NA
14344 2840 NA
14345 2808 NA
14346 2811 NA
14347 2810 NA
14348 2810 NA
14349 2827 NA
14350 2826 NA
14351 2826 NA
14352 2804 NA
14353 2819 NA
14354 2819 NA
14355 2882 NA
14356 2868 NA
14357 2868 NA
14358 2860 NA
14359 2863 NA
14360 2847 NA
14361 2809 NA
14362 2787 NA
14363 2787 NA
14364 2787 NA
14365 2810 NA
14366 2811 NA
14367 2824 NA
14368 2824 NA
14369 2839 NA
14370 2839 NA
14371 2823 NA
14372 2822 NA
14373 2822 NA
14374 2847 NA
14375 2813 NA
14376 2817 NA
14377 2810 NA
14378 2814 NA
14379 2823 NA
14380 2823 NA
14381 2786 NA
14382 2808 NA
14383 2834 NA
14384 2819 NA
14385 2819 NA
14386 2840 NA
14387 2851 NA
14388 2790 NA
14389 2800 NA
14390 2839 NA
14391 2839 NA
14392 2821 NA
14393 2821 NA
14394 2843 NA
14395 2832 NA
14396 2823 NA
14397 2804 NA
14398 2804 NA
14399 2812 NA
14400 2831 NA
14401 2831 NA
14402 2839 NA
14403 2814 NA
14404 2814 NA
14405 2858 NA
14406 2877 NA
14407 2877 NA
14408 2857 NA
14409 2837 NA
14410 2856 NA
14411 2858 NA
14412 2889 NA
14413 2875 NA
14414 2875 NA
14415 2879 NA
14416 2890 NA
14417 2894 NA
14418 2895 NA
14419 2850 NA
14420 2869 NA
14421 2869 NA
14422 2861 NA
14423 2951 NA
14424 2951 NA
14425 2908 NA
14426 2872 NA
14428 2879 NA
14429 2894 NA
14430 2894 NA
14431 2856 NA
14432 2892 NA
14433 2916 NA
14434 2916 NA
14435 2846 NA
14436 2844 NA
14437 2844 NA
14438 2854 NA
14439 2871 NA
14440 2871 NA
14441 2862 NA
14442 2862 NA
14443 2832 NA
14444 2809 NA
14445 2809 NA
14446 2816 NA
14447 2840 NA
14448 2840 NA
14449 2859 NA
14450 2861 NA
14451 2861 NA
14452 3018 NA
14453 3018 NA
14454 3037 NA
14455 3037 NA
14456 2885 NA
14457 2825 NA
14458 2865 NA
14459 2857 NA
14460 2857 NA
14461 2933 NA
14462 2933 NA
14463 3008 NA
14464 3099 NA
14465 3226 NA
14466 3226 NA
14467 3361 NA
14468 3489 NA
14469 3358 NA
14470 3358 NA
14471 3224 NA
14472 3063 NA
14473 3063 NA
14474 2820 NA
14475 2866 NA
14476 2866 NA
14477 2855 NA
14478 2855 NA
14479 2861 NA
14480 2857 NA
14481 2864 NA
14482 2864 NA
14483 2887 NA
14484 2887 NA
14485 2855 NA
14486 2836 NA
14487 2837 NA
14488 2974 NA
14489 2923 NA
14490 2871 NA
14491 2871 NA
14492 2816 NA
14493 2816 NA
14494 2831 NA
14495 2831 NA
14496 2854 NA
14497 2854 NA
14498 2863 NA
14499 2935 NA
14500 2887 NA
14501 2830 NA
14502 2830 NA
14503 2838 NA
14504 2852 NA
14505 2852 NA
14506 2891 NA
14507 2850 NA
14508 2840 NA
14509 2882 NA
14510 2859 NA
14511 2859 NA
14512 2840 NA
14513 2840 NA
14514 2870 NA
14515 2849 NA
14516 2849 NA
14517 2855 NA
14518 2855 NA
14519 2859 NA
14520 2859 NA
14521 2862 NA
14522 2842 NA
14523 2842 NA
14524 2836 NA
14525 2836 NA
14526 2869 NA
14527 2869 NA
14528 2822 NA
14529 2822 NA
14530 2828 NA
14531 2828 NA
14532 2816 NA
14533 2824 NA
14534 2824 NA
14535 2843 NA
14536 2843 NA
14537 2868 NA
14538 2868 NA
14539 2868 NA
14540 2829 NA
14541 2920 NA
14542 2851 NA
14543 2712 NA
14544 2712 NA
14545 2739 NA
14546 2739 NA
14547 2737 NA
14548 2760 NA
14549 2792 NA
14550 2823 NA
14551 2817 NA
14552 2817 NA
14553 2837 NA
14554 2837 NA
14555 2828 NA
14556 2828 NA
14557 2918 NA
14558 2899 NA
14559 2785 NA
14560 2785 NA
14561 2840 NA
14562 2840 NA
14563 2891 NA
14564 2916 NA
14565 2868 NA
14566 2868 NA
14567 2868 NA
14568 2777 NA
14569 2879 NA
14570 2810 NA
14571 2810 NA
14572 2710 NA
14573 2774 NA
14574 2774 NA
14575 2837 NA
14576 2914 NA
14577 2944 NA
14578 2808 NA
14579 2808 NA
14580 2783 NA
14581 2803 NA
14582 2751 NA
14583 2751 NA
14584 2791 NA
14585 2853 NA
14586 2853 NA
14587 2853 NA
14588 2845 NA
14589 2845 NA
14590 2763 NA
14591 2795 NA
14592 2795 NA
14593 2890 NA
14594 2890 NA
14595 2891 NA
14596 2891 NA
14597 2857 NA
14598 2769 NA
14599 2744 NA
14600 2744 NA
14601 2782 NA
14602 2782 NA
14603 2838 NA
14604 2847 NA
14605 2885 NA
14606 2885 NA
14607 2809 NA
14608 2809 NA
14609 2838 NA
14610 2848 NA
14611 2810 NA
14612 2810 NA
14613 2827 NA
14614 2910 NA
14615 2910 NA
14616 2954 NA
14617 2877 NA
14618 2857 NA
14619 2891 NA
14620 2891 NA
14621 2861 NA
14622 2861 NA
14623 2926 NA
14624 2926 NA
14625 2801 NA
14626 2862 NA
14627 2862 NA
14628 2849 NA
14629 2885 NA
14630 2885 NA
14631 2869 NA
14632 2869 NA
14633 2849 NA
14634 2849 NA
14635 2879 NA
14636 2895 NA
14637 2820 NA
14638 2810 NA
14639 2823 NA
14640 2938 NA
14641 2938 NA
14642 2938 NA
14643 2847 NA
14644 2847 NA
14645 2882 NA
14646 2926 NA
14647 2852 NA
14648 2868 NA
14649 2868 NA
14650 2819 NA
14651 2844 NA
14653 2870 NA
14654 2839 NA
14655 2866 NA
14656 2866 NA
14657 2860 NA
14658 2852 NA
14659 2843 NA
14660 2843 NA
14661 2941 NA
14662 2875 NA
14663 2875 NA
14664 2833 NA
14665 2853 NA
14666 2961 NA
14667 2961 NA
14668 2834 NA
14669 2839 NA
14670 2860 NA
14671 2899 NA
14672 2817 NA
14673 2817 NA
14674 2847 NA
14675 2854 NA
14676 2849 NA
14677 2850 NA
14678 2833 NA
14679 2850 NA
14680 2856 NA
14681 2821 NA
14682 2822 NA
14683 2854 NA
14684 2854 NA
14685 2876 NA
14686 2922 NA
14687 2810 NA
14688 2779 NA
14689 2801 NA
14690 3021 NA
14691 3022 NA
14692 3022 NA
14693 3236 NA
14694 3389 NA
14695 3389 NA
14696 3442 NA
14697 3335 NA
14698 3208 NA
14699 3119 NA
14700 3115 NA
14701 3129 NA
14702 3142 NA
14703 3157 NA
14704 3177 NA
14705 3163 NA
14706 3163 NA
14707 3147 NA
14708 3158 NA
14709 3158 NA
14710 3167 NA
14711 3170 NA
14712 3181 NA
14713 3181 NA
14714 3195 NA
14715 3211 NA
14716 3211 NA
14717 3211 NA
14718 3223 NA
14719 3223 NA
14720 3215 NA
14721 3215 NA
14722 3081 NA
14723 3081 NA
14724 2938 NA
14725 2814 NA
14726 2821 NA
14727 2861 NA
14728 2861 NA
14729 2852 NA
14730 2876 NA
14731 2843 NA
14732 2799 NA
14733 2799 NA
14734 2831 NA
14735 2831 NA
14736 2824 NA
14737 2824 NA
14738 2802 NA
14739 2802 NA
14740 2829 NA
14741 2829 NA
14742 2836 NA
14743 2834 NA
14744 2835 NA
14745 2835 NA
14746 2844 NA
14747 2844 NA
14748 2883 NA
14749 2883 NA
14750 2948 NA
14751 2926 NA
14752 2993 NA
14753 2989 NA
14754 2978 NA
14755 2983 NA
14756 2983 NA
14757 2998 NA
14758 2936 NA
14759 2870 NA
14760 2897 NA
14761 2922 NA
14762 2922 NA
14763 2922 NA
14764 2783 NA
14765 2717 NA
14766 2849 NA
14767 2771 NA
14768 2822 NA
14769 2910 NA
14770 2854 NA
14771 2816 NA
14772 2816 NA
14773 2856 NA
14774 2911 NA
14775 3019 NA
14776 3008 NA
14777 3008 NA
14778 2895 NA
14779 2895 NA
14780 2850 NA
14781 2944 NA
14782 2954 NA
14783 2954 NA
14784 2980 NA
14785 2980 NA
14786 2999 NA
14787 3006 NA
14788 3050 NA
14789 3035 NA
14790 3093 NA
14791 3093 NA
14792 3088 NA
14793 3098 NA
14794 3098 NA
14795 3103 NA
14796 3103 NA
14797 3118 NA
14798 3091 NA
14799 3119 NA
14800 3119 NA
14801 3168 NA
14802 3168 NA
14803 3473 NA
14804 3473 NA
14805 3637 NA
14806 3637 NA
14807 3819 NA
14808 4010 NA
14809 4210 NA
14810 4319 NA
14811 4319 NA
14812 4475 NA
14813 4642 NA
14814 4642 NA
14815 4765 NA
14816 4997 NA
14817 5247 NA
14818 5475 NA
14819 5651 NA
14820 5651 NA
14821 5466 NA
14822 5252 NA
14823 4949 NA
14824 4949 NA
14825 4772 NA
14826 4520 NA
14827 4520 NA
14828 4393 NA
14829 4288 NA
14830 4156 NA
14831 4063 NA
14832 3841 NA
14833 3841 NA
14834 3699 NA
14835 3638 NA
14836 3456 NA
14837 3201 NA
14838 3065 NA
14839 3065 NA
14840 2789 NA
14841 2789 NA
14842 2707 NA
14843 2834 NA
14844 2834 NA
14845 2937 NA
14846 2937 NA
14847 3040 NA
14848 3118 NA
14849 3118 NA
14850 3236 NA
14851 3391 NA
14852 3534 NA
14853 3534 NA
14854 3658 NA
14855 3826 NA
14856 3735 NA
14857 3554 NA
14858 3554 NA
14859 3416 NA
14860 3416 NA
14861 3400 NA
14862 3484 NA
14863 3484 NA
14864 3633 NA
14865 3633 NA
14866 3796 NA
14867 3796 NA
14868 3819 NA
14869 3654 NA
14870 3492 NA
14871 3492 NA
14872 3318 NA
14873 3318 NA
14874 3175 NA
14875 3175 NA
14876 3040 NA
14877 2955 NA
14878 2849 NA
14879 2827 NA
14880 2827 NA
14881 2827 NA
14882 2969 NA
14883 2969 NA
14884 3117 NA
14885 3270 NA
14886 3270 NA
14887 3434 NA
14888 3549 NA
14889 3549 NA
14890 3724 NA
14891 3724 NA
14892 3908 NA
14893 4103 NA
14894 4103 NA
14895 4022 NA
14896 4022 NA
14897 3904 NA
14898 3904 NA
14899 3829 NA
14900 3687 NA
14901 3834 NA
14902 3834 NA
14903 3796 NA
14904 3796 NA
14905 3908 NA
14906 4101 NA
14907 4214 NA
14908 4214 NA
14909 4328 NA
14910 4328 NA
14911 4538 NA
14912 4760 NA
14913 4934 NA
14914 4934 NA
14915 4934 NA
14916 4871 NA
14917 4871 NA
14918 5046 NA
14920 5295 NA
14921 5544 NA
14922 5736 NA
14923 5736 NA
14924 6022 NA
14925 6022 NA
14926 5995 NA
14927 5995 NA
14928 6249 NA
14929 6249 NA
14930 6356 NA
14931 6356 NA
14932 6544 NA
14933 6708 NA
14934 6811 NA
14935 6811 NA
14936 6811 NA
14937 7107 NA
14938 7107 NA
14939 7311 NA
14940 7512 NA
14941 7551 NA
14942 7551 NA
14943 7821 NA
14944 7982 NA
14945 8019 NA
14946 8019 NA
14947 7790 NA
14948 7426 NA
14949 6851 NA
14950 6851 NA
14951 6437 NA
14952 6137 NA
14953 6137 NA
14954 6001 NA
14955 5790 NA
14956 5695 NA
14957 5474 NA
14958 5405 NA
14959 5200 NA
14960 4991 NA
14961 4991 NA
14962 4735 NA
14963 4735 NA
14964 4647 NA
14965 4408 NA
14966 4255 NA
14967 4179 NA
14968 4179 NA
14969 4040 NA
14970 3965 NA
14971 3831 NA
14972 3764 NA
14973 3635 NA
14974 3573 NA
14975 3573 NA
14976 3452 NA
14977 3380 NA
14979 3209 NA
14981 2950 NA
14983 2802 NA
14984 2661 NA
14985 2639 NA
14986 2855 NA
14987 2743 NA
14989 2766 NA
14990 2868 NA
14991 2860 NA
14992 2860 NA
14993 2821 NA
14995 2800 NA
14996 2823 NA
14998 2887 NA
15000 2857 NA
15001 2865 NA
15003 2807 NA
15005 2737 NA
15007 2845 NA
15009 2837 NA
15011 2788 NA
15012 2725 NA
15013 2878 NA
15014 2878 NA
15016 2849 NA
15018 2832 NA
15019 2841 NA
15020 2842 NA
15021 2842 NA
15023 2834 NA
15025 2875 NA
15026 2847 NA
15028 2815 NA
15029 2843 NA
15031 2914 NA
15032 2884 NA
15033 2876 NA
15035 2849 NA
15036 2877 NA
15037 2877 NA
15038 2758 NA
15039 2861 NA
15040 2861 NA
15042 2889 NA
15044 2785 NA
15046 2847 NA
15047 2877 NA
15048 2890 NA
15049 2890 NA
15050 2902 NA
15052 2877 NA
15054 2868 NA
15055 2847 NA
15058 2871 NA
15060 2877 NA
15061 2881 NA
15063 2867 NA
15064 2864 NA
15066 2868 NA
15067 2864 NA
15070 2878 NA
15072 2824 NA
15073 2865 NA
15076 2849 NA
15078 2892 NA
15080 2845 NA
15082 2836 NA
15084 2822 NA
15085 2841 NA
15087 2823 NA
15088 2803 NA
15089 2838 NA
15090 2838 NA
15091 2828 NA
15093 2906 NA
15094 2906 NA
15095 2823 NA
15096 2814 NA
15097 2814 NA
15098 2823 NA
15101 2817 NA
15103 2826 NA
15105 2832 NA
15106 2839 NA
15109 2812 NA
15110 2809 NA
15112 2729 NA
15114 2825 NA
15115 2853 NA
15116 2853 NA
15120 2857 NA
15123 2869 NA
15124 2867 NA
15125 2867 NA
15126 2852 NA
15128 2807 NA
15130 2810 NA
15131 2810 NA
15132 2838 NA
15133 2752 NA
15135 2781 NA
15136 2781 NA
15137 2822 NA
15140 2815 NA
15142 2824 NA
15143 2853 NA
15145 2845 NA
15147 2865 NA
15149 2855 NA
15150 2793 NA
15151 2803 NA
15154 2842 NA
15156 2805 NA
15157 2805 NA
15158 2849 NA
15159 2851 NA
15161 2856 NA
15163 2848 NA
15164 2848 NA
15165 2844 NA
15168 2839 NA
15170 2858 NA
15172 2874 NA
15175 2841 NA
15177 2807 NA
15178 2807 NA
15179 2797 NA
15182 2816 NA
15184 2825 NA
15185 2836 NA
15186 2836 NA
15187 2843 NA
15189 2842 NA
15191 2865 NA
15193 2855 NA
15194 2854 NA
15196 2861 NA
15197 2870 NA
15199 2852 NA
15204 2783 NA
15207 2792 NA
15210 2776 NA
15212 2819 NA
15214 2812 NA
15215 2801 NA
15217 2795 NA
15219 2875 NA
15221 2875 NA
15222 2868 NA
15224 2822 NA
15226 2843 NA
15227 2759 NA
15231 2761 NA
15232 2762 NA
15233 2762 NA
15235 2761 NA
15238 2794 NA
15240 2786 NA
15242 2782 NA
15243 2781 NA
15244 2781 NA
15247 2801 NA
15248 2788 NA
15249 2788 NA
15250 2742 NA
15252 2756 NA
15254 2716 NA
15256 2743 NA
15258 2785 NA
15261 2805 NA
15263 2770 NA
15264 2780 NA
15266 2796 NA
15270 2778 NA
15271 2746 NA
15273 2706 NA
15275 2703 NA
15277 2627 NA
15279 2729 NA
15280 2729 NA
15281 2735 NA
15283 2746 NA
15285 2779 NA
15287 2772 NA
15291 2790 NA
15294 2798 NA
15296 2826 NA
15297 2833 NA
15302 2728 NA
15303 2728 NA
15304 2773 NA
15306 2803 NA
15307 2803 NA
15308 2815 NA
15310 2751 NA
15312 2731 NA
15313 2730 NA
15314 2730 NA
15315 2749 NA
15316 2749 NA
15317 2774 NA
15318 2774 NA
15319 2778 NA
15320 2778 NA
15321 2760 NA
15323 2760 NA
15324 2751 NA
15326 2751 NA
15327 2750 NA
15328 2750 NA
15329 2756 NA
15330 2756 NA
15331 2675 NA
15332 2675 NA
15333 2746 NA
15334 2746 NA
15335 2718 NA
15336 2711 NA
15337 2711 NA
15338 2745 NA
15339 2745 NA
15340 2801 NA
15341 2801 NA
15342 2752 NA
15343 2752 NA
15344 2741 NA
15345 2741 NA
15346 2719 NA
15347 2744 NA
15348 2744 NA
15349 2790 NA
15350 2790 NA
15351 2780 NA
15352 2780 NA
15353 2721 NA
15354 2721 NA
15355 2758 NA
15356 2758 NA
15357 2695 NA
15358 2695 NA
15359 2658 NA
15360 2658 NA
15361 2730 NA
15362 2757 NA
15363 2757 NA
15364 2774 NA
15365 2774 NA
15366 2739 NA
15367 2759 NA
15368 2759 NA
15369 2754 NA
15370 2754 NA
15371 2754 NA
15372 2766 NA
15373 2766 NA
15374 2715 NA
15375 2737 NA
15376 2737 NA
15377 2759 NA
15378 2759 NA
15379 2785 NA
15380 2785 NA
15381 2814 NA
15382 2814 NA
15383 2762 NA
15384 2762 NA
15385 2786 NA
15386 2786 NA
15387 2812 NA
15388 2812 NA
15389 2812 NA
15390 2817 NA
15391 2817 NA
15392 2791 NA
15393 2791 NA
15394 2786 NA
15395 2786 NA
15396 2784 NA
15397 2784 NA
15398 2814 NA
15399 2814 NA
15400 2812 NA
15401 2812 NA
15402 2804 NA
15403 2804 NA
15404 2814 NA
15405 2814 NA
15406 2814 NA
15407 2791 NA
15408 2791 NA
15409 2816 NA
15410 2816 NA
15411 2832 NA
15412 2832 NA
15413 2839 NA
15414 2839 NA
15415 2755 NA
15416 2755 NA
15417 2782 NA
15418 2782 NA
15419 2797 NA
15420 2797 NA
15421 2746 NA
15422 2760 NA
15423 2773 NA
15424 2787 NA
15425 2800 NA
15426 2814 NA
15427 2835 NA
15428 2835 NA
15429 2816 NA
15430 2816 NA
15431 2744 NA
15432 2744 NA
15433 2747 NA
15434 2747 NA
15435 2785 NA
15436 2785 NA
15437 2794 NA
15438 2794 NA
15439 2812 NA
15440 2812 NA
15441 2809 NA
15442 2809 NA
15443 2738 NA
15444 2738 NA
15445 2795 NA
15446 2795 NA
15447 2815 NA
15448 2815 NA
15449 2815 NA
15450 2821 NA
15451 2821 NA
15452 2807 NA
15453 2807 NA
15454 2807 NA
15455 2772 NA
15456 2772 NA
15457 2794 NA
15458 2794 NA
15459 2817 NA
15460 2817 NA
15461 2813 NA
15462 2813 NA
15463 2813 NA
15464 2770 NA
15465 2770 NA
15466 2782 NA
15467 2782 NA
15468 2820 NA
15469 2820 NA
15470 2817 NA
15471 2817 NA
15472 2817 NA
15473 2798 NA
15474 2798 NA
15475 2861 NA
15476 2861 NA
15477 2861 NA
15478 2864 NA
15479 2864 NA
15480 2885 NA
15481 2885 NA
15482 2885 NA
15483 2841 NA
15484 2841 NA
15485 2752 NA
15486 2752 NA
15487 2804 NA
15488 2804 NA
15489 2807 NA
15490 2807 NA
15491 2719 NA
15492 2719 NA
15493 2784 NA
15494 2784 NA
15495 2804 NA
15496 2804 NA
15497 2763 NA
15498 2763 NA
15499 2829 NA
15500 2829 NA
15501 2856 NA
15502 2856 NA
15503 2855 NA
15504 2855 NA
15505 2845 NA
15506 2845 NA
15507 2736 NA
15508 2772 NA
15509 2772 NA
15510 2784 NA
15511 2784 NA
15512 2740 NA
15513 2740 NA
15514 2761 NA
15515 2761 NA
15516 2790 NA
15517 2790 NA
15518 2909 NA
15519 2909 NA
15520 2782 NA
15521 2782 NA
15522 2822 NA
15523 2822 NA
15524 2795 NA
15525 2795 NA
15526 2812 NA
15527 2812 NA
15528 2817 NA
15529 2817 NA
15530 2826 NA
15531 2826 NA
15532 2783 NA
15533 2783 NA
15534 2803 NA
15535 2803 NA
15536 2849 NA
15537 2849 NA
15538 2798 NA
15539 2798 NA
15540 2834 NA
15541 2834 NA
15542 2851 NA
15543 2851 NA
15544 2851 NA
15545 2801 NA
15546 2801 NA
15547 2827 NA
15548 2827 NA
15549 2827 NA
15550 2798 NA
15551 2798 NA
15552 2802 NA
15553 2802 NA
15554 2819 NA
15555 2819 NA
15556 2811 NA
15557 2811 NA
15558 2842 NA
15559 2842 NA
15560 2812 NA
15561 2812 NA
15562 2812 NA
15563 2805 NA
15564 2805 NA
15565 2805 NA
15566 2790 NA
15567 2790 NA
15568 2720 NA
15569 2720 NA
15570 2802 NA
15571 2802 NA
15572 2813 NA
15573 2813 NA
15574 2808 NA
15575 2808 NA
15576 2809 NA
15577 2809 NA
15578 2809 NA
15579 2801 NA
15580 2801 NA
15581 2819 NA
15582 2819 NA
15583 2860 NA
15584 2860 NA
15585 2857 NA
15586 2857 NA
15587 2841 NA
15588 2841 NA
15589 2762 NA
15590 2762 NA
15591 2798 NA
15592 2798 NA
15593 2868 NA
15594 2868 NA
15595 2868 NA
15596 2789 NA
15597 2789 NA
15598 2749 NA
15599 2749 NA
15600 2749 NA
15601 2816 NA
15602 2816 NA
15603 2816 NA
15604 2842 NA
15605 2842 NA
15606 2823 NA
15607 2823 NA
15608 2823 NA
15609 2771 NA
15610 2771 NA
15611 2794 NA
15612 2794 NA
15613 2801 NA
15614 2801 NA
15615 2792 NA
15616 2792 NA
15617 2793 NA
15618 2793 NA
15619 2806 NA
15620 2806 NA
15621 2806 NA
15622 2719 NA
15623 2719 NA
15624 2719 NA
15625 2737 NA
15626 2737 NA
15627 2761 NA
15628 2761 NA
15629 2770 NA
15630 2770 NA
15631 2741 NA
15632 2741 NA
15633 2741 NA
15634 2765 NA
15635 2765 NA
15636 2782 NA
15637 2782 NA
15638 2782 NA
15639 2801 NA
15640 2801 NA
15641 2801 NA
15642 2765 NA
15643 2765 NA
15644 2721 NA
15645 2721 NA
15646 2721 NA
15647 2726 NA
15648 2726 NA
15649 2709 NA
15650 2711 NA
15651 2713 NA
15652 2715 NA
15653 2717 NA
15654 2719 NA
15655 2721 NA
15656 2723 NA
15657 2725 NA
15658 2725 NA
15659 2720 NA
15660 2720 NA
15661 2720 NA
15662 2708 NA
15663 2708 NA
15664 2739 NA
15665 2739 NA
15666 2774 NA
15667 2774 NA
15668 2726 NA
15669 2726 NA
15670 2644 NA
15671 2644 NA
15672 2683 NA
15673 2683 NA
15674 2704 NA
15675 2704 NA
15676 2742 NA
15677 2742 NA
15678 2742 NA
15679 2713 NA
15680 2713 NA
15681 2713 NA
15682 2728 NA
15683 2728 NA
15684 2680 NA
15685 2680 NA
15686 2680 NA
15687 2710 NA
15688 2710 NA
15689 2710 NA
15690 2716 NA
15691 2716 NA
15692 2716 NA
15693 2675 NA
15694 2675 NA
15695 2675 NA
15696 2622 NA
15697 2622 NA
15698 2637 NA
15699 2637 NA
15700 2637 NA
15701 2613 NA
15702 2613 NA
15703 2613 NA
15704 2629 NA
15705 2629 NA
15706 2629 NA
15707 2641 NA
15708 2641 NA
15709 2641 NA
15710 2660 NA
15711 2660 NA
15712 2660 NA
15713 2654 NA
15714 2654 NA
15715 2654 NA
15716 2680 NA
15717 2680 NA
15718 2648 NA
15719 2648 NA
15720 2648 NA
15721 2648 NA
15722 2646 NA
15723 2646 NA
15724 2646 NA
15725 2607 NA
15726 2607 NA
15727 2642 NA
15728 2642 NA
15729 2642 NA
15730 2637 NA
15731 2637 NA
15732 2637 NA
15733 2667 NA
15734 2667 NA
15735 2667 NA
15736 2739 NA
15737 2739 NA
15738 2739 NA
15739 2778 NA
15740 2778 NA
15741 2778 NA
15742 2794 NA
15743 2794 NA
15744 2794 NA
15745 2804 NA
15746 2804 NA
15747 2804 NA
15748 2809 NA
15749 2809 NA
15750 2809 NA
15751 2803 NA
15752 2803 NA
15753 2803 NA
15754 2691 NA
15755 2691 NA
15756 2691 NA
15757 2682 NA
15758 2682 NA
15759 2682 NA
15760 2703 NA
15761 2703 NA
15762 2703 NA
15763 2647 NA
15764 2647 NA
15765 2647 NA
15766 2574 NA
15767 2574 NA
15768 2574 NA
15769 2653 NA
15770 2653 NA
15771 2653 NA
15772 2699 NA
15773 2699 NA
15774 2699 NA
15775 2736 NA
15776 2736 NA
15777 2736 NA
15778 2806 NA
15779 2806 NA
15780 2806 NA
15781 2753 NA
15782 2753 NA
15783 2753 NA
15784 2723 NA
15785 2723 NA
15786 2723 NA
15787 2725 NA
15788 2725 NA
15789 2725 NA
15790 2670 NA
15791 2670 NA
15792 2670 NA
15793 2688 NA
15794 2688 NA
15795 2701 NA
15796 2701 NA
15797 2701 NA
15798 2693 NA
15799 2686 NA
15800 2678 NA
15801 2671 NA
15802 2663 NA
15803 2656 NA
15804 2648 NA
15805 2648 NA
15806 2648 NA
15807 2670 NA
15808 2670 NA
15809 2670 NA
15810 2680 NA
15811 2680 NA
15812 2680 NA
15813 2680 NA
15814 2678 NA
15815 2678 NA
15816 2678 NA
15817 2660 NA
15818 2660 NA
15819 2660 NA
15820 2686 NA
15821 2686 NA
15822 2686 NA
15823 2686 NA
15824 2681 NA
15825 2681 NA
15826 2681 NA
15827 2681 NA
15828 2702 NA
15829 2702 NA
15830 2702 NA
15831 2702 NA
15832 2710 NA
15833 2710 NA
15834 2710 NA
15835 2710 NA
15836 2721 NA
15837 2721 NA
15838 2721 NA
15839 2763 NA
15840 2763 NA
15841 2763 NA
15842 2774 NA
15843 2774 NA
15844 2774 NA
15845 2774 NA
15846 2754 NA
15847 2754 NA
15848 2754 NA
15849 2754 NA
15850 2781 NA
15851 2781 NA
15852 2781 NA
15853 2800 NA
15854 2800 NA
15855 2800 NA
15856 2800 NA
15857 2798 NA
15858 2798 NA
15859 2798 NA
15860 2798 NA
15861 2805 NA
15862 2805 NA
15863 2805 NA
15864 2805 NA
15865 2778 NA
15866 2778 NA
15867 2778 NA
15868 2723 NA
15869 2723 NA
15870 2723 NA
15871 2723 NA
15872 2734 NA
15873 2734 NA
15874 2734 NA
15875 2747 NA
15876 2747 NA
15877 2747 NA
15878 2747 NA
15879 2718 NA
15880 2718 NA
15881 2718 NA
15882 2639 NA
15883 2639 NA
15884 2639 NA
15885 2676 NA
15886 2676 NA
15887 2676 NA
15888 2711 NA
15889 2711 NA
15890 2711 NA
15891 2711 NA
15892 2710 NA
15893 2710 NA
15894 2710 NA
15895 2608 NA
15896 2608 NA
15897 2608 NA
15898 2645 NA
15899 2645 NA
15900 2645 NA
15901 2672 NA
15902 2672 NA
15903 2660 NA
15904 2648 NA
15905 2636 NA
15906 2624 NA
15907 2612 NA
15908 2600 NA
15909 2600 NA
15910 2600 NA
15911 2600 NA
15912 2600 NA
15913 2634 NA
15914 2634 NA
15915 2634 NA
15916 2634 NA
15917 2665 NA
15918 2665 NA
15919 2665 NA
15920 2665 NA
15921 2715 NA
15922 2715 NA
15923 2715 NA
15924 2715 NA
15925 2743 NA
15926 2743 NA
15927 2743 NA
15928 2743 NA
15929 2743 NA
15930 2660 NA
15931 2660 NA
15932 2660 NA
15933 2532 NA
15934 2532 NA
15935 2532 NA
15936 2450 NA
15937 2450 NA
15938 2450 NA
15939 2450 NA
15940 2450 NA
15941 2499 NA
15942 2499 NA
15943 2499 NA
15944 2499 NA
15945 2499 NA
15946 2540 NA
15947 2540 NA
15948 2540 NA
15949 2540 NA
15950 2540 NA
15951 2533 NA
15952 2533 NA
15953 2533 NA
15954 2533 NA
15955 2533 NA
15956 2544 NA
15957 2544 NA
15958 2544 NA
15959 2544 NA
15960 2544 NA
15961 2544 NA
15962 2581 NA
15963 2581 NA
15964 2581 NA
15965 2581 NA
15966 2581 NA
15967 2581 NA
15968 2604 NA
15969 2604 NA
15970 2604 NA
15971 2604 NA
15972 2604 NA
15973 2576 NA
15974 2576 NA
15975 2576 NA
15976 2576 NA
15977 2576 NA
15978 2574 NA
15979 2574 NA
15980 2574 NA
15981 2574 NA
15982 2574 NA
15983 2566 NA
15984 2566 NA
15985 2566 NA
15986 2562 NA
15987 2557 NA
15988 2553 NA
15989 2549 NA
15990 2544 NA
15991 2540 NA
15992 2535 NA
15993 2531 NA
15994 2531 NA
15995 2531 NA
15996 2480 NA
15997 2480 NA
15998 2480 NA
15999 2491 NA
16000 2491 NA
16001 2491 NA
16002 2491 NA
16003 2505 NA
16004 2505 NA
16005 2505 NA
16006 2505 NA
16007 2502 NA
16008 2502 NA
16009 2502 NA
16010 2502 NA
16011 2502 NA
16012 2497 NA
16013 2497 NA
16014 2497 NA
16015 2497 NA
16016 2518 NA
16017 2518 NA
16018 2518 NA
16019 2518 NA
16020 2515 NA
16021 2515 NA
16022 2515 NA
16023 2515 NA
16024 2482 NA
16025 2482 NA
16026 2482 NA
16027 2482 NA
16028 2479 NA
16029 2479 NA
16030 2479 NA
16031 2479 NA
16032 2479 NA
16033 2474 NA
16034 2474 NA
16035 2478 NA
16036 2482 NA
16037 2486 NA
16038 2491 NA
16039 2495 NA
16040 2499 NA
16041 2503 NA
16042 2503 NA
16043 2503 NA
16044 2503 NA
16045 2503 NA
16046 2533 NA
16047 2533 NA
16048 2533 NA
16049 2533 NA
16050 2542 NA
16051 2542 NA
16052 2542 NA
16053 2542 NA
16054 2500 NA
16055 2500 NA
16056 2500 NA
16057 2500 NA
16058 2477 NA
16059 2477 NA
16060 2477 NA
16061 2477 NA
16062 2539 NA
16063 2539 NA
16064 2539 NA
16065 2539 NA
16066 2526 NA
16067 2526 NA
16068 2526 NA
16069 2526 NA
16070 2501 NA
16071 2501 NA
16072 2501 NA
16073 2501 NA
16074 2535 NA
16075 2535 NA
16076 2535 NA
16077 2535 NA
16078 2616 NA
16079 2616 NA
16080 2616 NA
16081 2616 NA
16082 2565 NA
16083 2565 NA
16084 2565 NA
16085 2616 NA
16086 2616 NA
16087 2616 NA
16088 2616 NA
16089 2581 NA
16090 2581 NA
16091 2581 NA
16092 2581 NA
16093 2565 NA
16094 2565 NA
16095 2565 NA
16096 2524 NA
16097 2524 NA
16098 2524 NA
16099 2524 NA
16100 2427 NA
16101 2427 NA
16102 2427 NA
16103 2427 NA
16104 2439 NA
16105 2439 NA
16106 2439 NA
16107 2439 NA
16108 2487 NA
16109 2487 NA
16110 2487 NA
16111 2487 NA
16112 2513 NA
16113 2513 NA
16114 2513 NA
16115 2513 NA
16116 2503 NA
16117 2503 NA
16118 2503 NA
16119 2503 NA
16120 2490 NA
16121 2490 NA
16122 2490 NA
16123 2490 NA
16124 2521 NA
16125 2521 NA
16126 2521 NA
16127 2521 NA
16128 2552 NA
16129 2552 NA
16130 2552 NA
16131 2552 NA
16132 2489 NA
16133 2489 NA
16134 2489 NA
16135 2489 NA
16136 2424 NA
16137 2424 NA
16138 2424 NA
16139 2424 NA
16140 2453 NA
16141 2453 NA
16142 2453 NA
16143 2453 NA
16144 2457 NA
16145 2457 NA
16146 2457 NA
16147 2457 NA
16148 2459 NA
16149 2459 NA
16150 2459 NA
16151 2459 NA
16152 2459 NA
16153 2459 NA
16154 2459 NA
16155 2459 NA
16156 2459 NA
16157 2442 NA
16158 2442 NA
16159 2442 NA
16160 2442 NA
16161 2446 NA
16162 2446 NA
16163 2446 NA
16164 2446 NA
16165 2446 NA
16166 2391 NA
16167 2391 NA
16168 2391 NA
16169 2391 NA
16170 2455 NA
16171 2455 NA
16172 2455 NA
16173 2455 NA
16174 2455 NA
16175 2402 NA
16176 2402 NA
16177 2402 NA
16178 2402 NA
16179 2402 NA
16180 2331 NA
16181 2331 NA
16182 2331 NA
16183 2331 NA
16184 2331 NA
16185 2293 NA
16186 2293 NA
16187 2293 NA
16188 2293 NA
16189 2330 NA
16190 2330 NA
16191 2330 NA
16192 2330 NA
16193 2330 NA
16194 2296 NA
16195 2296 NA
16196 2296 NA
16197 2296 NA
16198 2265 NA
16199 2265 NA
16200 2265 NA
16201 2265 NA
16202 2268 NA
16203 2270 NA
16204 2270 NA
16205 2270 NA
16206 2332 NA
16207 2332 NA
16208 2332 NA
16209 2332 NA
16210 2332 NA
16211 2356 NA
16212 2356 NA
16213 2356 NA
16214 2356 NA
16215 2408 NA
16216 2408 NA
16217 2408 NA
16218 2408 NA
16219 2408 NA
16220 2363 NA
16221 2363 NA
16222 2363 NA
16223 2363 NA
16224 2287 NA
16225 2287 NA
16226 2287 NA
16227 2287 NA
16228 2287 NA
16229 2302 NA
16230 2302 NA
16231 2302 NA
16232 2302 NA
16233 2346 NA
16234 2346 NA
16235 2346 NA
16236 2346 NA
16237 2393 NA
16238 2393 NA
16239 2393 NA
16240 2393 NA
16241 2393 NA
16242 2378 NA
16243 2378 NA
16244 2378 NA
16245 2378 NA
16246 2402 NA
16247 2402 NA
16248 2402 NA
16249 2402 NA
16250 2402 NA
16251 2374 NA
16252 2374 NA
16253 2374 NA
16254 2374 NA
16255 2340 NA
16256 2340 NA
16257 2340 NA
16258 2340 NA
16259 2340 NA
16260 2324 NA
16261 2324 NA
16262 2324 NA
16263 2324 NA
16264 2324 NA
16265 2324 NA
16266 2324 NA
16267 2324 NA
16268 2351 NA
16269 2351 NA
16270 2351 NA
16271 2351 NA
16272 2393 NA
16273 2393 NA
16274 2393 NA
16275 2393 NA
16276 2402 NA
16277 2402 NA
16278 2402 NA
16279 2397 NA
16280 2397 NA
16281 2397 NA
16282 2397 NA
16283 2404 NA
16284 2404 NA
16285 2404 NA
16286 2404 NA
16287 2362 NA
16288 2362 NA
16289 2362 NA
16290 2362 NA
16291 2292 NA
16292 2292 NA
16293 2292 NA
16294 2292 NA
16295 2304 NA
16296 2304 NA
16297 2304 NA
16298 2304 NA
16299 2318 NA
16300 2318 NA
16301 2318 NA
16302 2318 NA
16303 2311 NA
16304 2311 NA
16305 2311 NA
16306 2311 NA
16307 2362 NA
16308 2362 NA
16309 2362 NA
16310 2362 NA
16311 2359 NA
16312 2359 NA
16313 2359 NA
16314 2359 NA
16315 2359 NA
16316 2370 NA
16317 2370 NA
16318 2370 NA
16319 2370 NA
16320 2370 NA
16321 2366 NA
16322 2366 NA
16323 2366 NA
16324 2366 NA
16325 2404 NA
16326 2404 NA
16327 2404 NA
16328 2404 NA
16329 2412 NA
16330 2412 NA
16331 2412 NA
16332 2412 NA
16333 2412 NA
16334 2418 NA
16335 2418 NA
16336 2418 NA
16337 2418 NA
16338 2376 NA
16339 2376 NA
16340 2376 NA
16341 2376 NA
16342 2376 NA
16343 2420 NA
16344 2420 NA
16345 2420 NA
16346 2420 NA
16347 2420 NA
16348 2374 NA
16349 2374 NA
16350 2374 NA
16351 2374 NA
16352 2374 NA
16353 2427 NA
16354 2427 NA
16355 2427 NA
16356 2427 NA
16357 2427 NA
16358 2460 NA
16359 2460 NA
16360 2460 NA
16361 2460 NA
16362 2414 NA
16363 2414 NA
16364 2414 NA
16365 2414 NA
16366 2426 NA
16367 2426 NA
16368 2426 NA
16369 2426 NA
16370 2426 NA
16371 2394 NA
16372 2394 NA
16373 2394 NA
16374 2394 NA
16375 2394 NA
16376 2394 NA
16377 2429 NA
16378 2429 NA
16379 2429 NA
16380 2429 NA
16381 2429 NA
16382 2401 NA
16383 2401 NA
16384 2401 NA
16385 2401 NA
16386 2338 NA
16387 2338 NA
16388 2288 NA
16389 2288 NA
16390 2288 NA
16391 2263 NA
16392 2263 NA
16393 2276 NA
16394 2276 NA
16395 2276 NA
16396 2280 NA
16397 2280 NA
16398 2280 NA
16399 2230 NA
16400 2230 NA
16401 2230 NA
16402 2304 NA
16403 2304 NA
16404 2304 NA
16405 2291 NA
16406 2291 NA
16407 2291 NA
16408 2291 NA
16409 2278 NA
16410 2278 NA
16411 2278 NA
16412 2295 NA
16413 2295 NA
16414 2295 NA
16415 2295 NA
16416 2238 NA
16417 2238 NA
16418 2238 NA
16419 2238 NA
16420 2233 NA
16421 2233 NA
16422 2233 NA
16423 2287 NA
16424 2287 NA
16425 2287 NA
16426 2315 NA
16427 2315 NA
16428 2315 NA
16429 2315 NA
16430 2408 NA
16431 2408 NA
16432 2408 NA
16433 2408 NA
16434 2415 NA
16435 2415 NA
16436 2415 NA
16437 2330 NA
16438 2330 NA
16439 2330 NA
16440 2287 NA
16441 2287 NA
16442 2287 NA
16443 2287 NA
16444 2285 NA
16445 2285 NA
16446 2285 NA
16447 2229 NA
16448 2229 NA
16449 2229 NA
16450 2256 NA
16451 2256 NA
16452 2256 NA
16453 2256 NA
16454 2254 NA
16455 2254 NA
16456 2254 NA
16457 2254 NA
16458 2208 NA
16459 2208 NA
16460 2208 NA
16461 2243 NA
16462 2243 NA
16463 2243 NA
16464 2243 NA
16465 2281 NA
16466 2281 NA
16467 2281 NA
16468 2263 NA
16469 2263 NA
16470 2263 NA
16471 2263 NA
16472 2268 NA
16473 2268 NA
16474 2268 NA
16475 2268 NA
16476 2271 NA
16477 2271 NA
16478 2271 NA
16479 2271 NA
16480 2280 NA
16481 2280 NA
16482 2280 NA
16483 2281 NA
16484 2281 NA
16485 2281 NA
16486 2280 NA
16487 2280 NA
16488 2280 NA
16489 2280 NA
16490 2241 NA
16491 2241 NA
16492 2241 NA
16493 2241 NA
16494 2222 NA
16495 2222 NA
16496 2222 NA
16497 2222 NA
16498 2211 NA
16499 2211 NA
16500 2211 NA
16501 2248 NA
16502 2248 NA
16503 2248 NA
16504 2248 NA
16505 2239 NA
16506 2239 NA
16507 2239 NA
16508 2239 NA
16509 2351 NA
16510 2351 NA
16511 2351 NA
16512 2351 NA
16513 2362 NA
16514 2362 NA
16515 2362 NA
16516 2366 NA
16517 2366 NA
16518 2366 NA
16519 2366 NA
16520 2366 NA
16521 2451 NA
16522 2451 NA
16523 2451 NA
16524 2451 NA
16525 2485 NA
16526 2485 NA
16527 2485 NA
16528 2485 NA
16529 2498 NA
16530 2498 NA
16531 2498 NA
16532 2445 NA
16533 2445 NA
16534 2445 NA
16535 2445 NA
16536 2431 NA
16537 2431 NA
16538 2431 NA
16539 2431 NA
16540 2460 NA
16541 2460 NA
16542 2460 NA
16543 2460 NA
16544 2372 NA
16545 2372 NA
16546 2372 NA
16547 2372 NA
16548 2351 NA
16549 2351 NA
16550 2351 NA
16551 2351 NA
16552 2351 NA
16553 2307 NA
16554 2307 NA
16555 2307 NA
16556 2307 NA
16557 2311 NA
16558 2311 NA
16559 2311 NA
16560 2311 NA
16561 2317 NA
16562 2317 NA
16563 2317 NA
16564 2317 NA
16565 2388 NA
16566 2388 NA
16567 2388 NA
16568 2388 NA
16569 2349 NA
16570 2349 NA
16571 2349 NA
16572 2349 NA
16573 2412 NA
16574 2412 NA
16575 2412 NA
16576 2412 NA
16577 2429 NA
16578 2429 NA
16579 2429 NA
16580 2429 NA
16581 2447 NA
16582 2447 NA
16583 2447 NA
16584 2447 NA
16585 2371 NA
16586 2371 NA
16587 2371 NA
16588 2371 NA
16589 2304 NA
16590 2304 NA
16591 2304 NA
16592 2304 NA
16593 2236 NA
16594 2236 NA
16595 2236 NA
16596 2236 NA
16597 2294 NA
16598 2294 NA
16599 2294 NA
16600 2294 NA
16601 2278 NA
16602 2278 NA
16603 2278 NA
16604 2278 NA
16605 2278 NA
16606 2289 NA
16607 2289 NA
16608 2289 NA
16609 2289 NA
16610 2289 NA
16611 2260 NA
16612 2260 NA
16613 2260 NA
16614 2260 NA
16615 2187 NA
16616 2187 NA
16617 2187 NA
16618 2187 NA
16619 2193 NA
16620 2193 NA
16621 2193 NA
16622 2193 NA
16623 2169 NA
16624 2169 NA
16625 2169 NA
16626 2169 NA
16627 2169 NA
16628 2208 NA
16629 2208 NA
16630 2208 NA
16631 2208 NA
16632 2208 NA
16633 2226 NA
16634 2226 NA
16635 2226 NA
16636 2226 NA
16637 2226 NA
16638 2281 NA
16639 2281 NA
16640 2281 NA
16641 2281 NA
16642 2281 NA
16643 2296 NA
16644 2296 NA
16645 2296 NA
16646 2296 NA
16647 2296 NA
16648 2326 NA
16649 2326 NA
16650 2326 NA
16651 2326 NA
16652 2326 NA
16653 2440 NA
16654 2440 NA
16655 2440 NA
16656 2440 NA
16657 2440 NA
16658 2351 NA
16659 2351 NA
16660 2351 NA
16661 2351 NA
16662 2287 NA
16663 2287 NA
16665 2345 NA
16666 2345 NA
16668 2345 NA
16669 2345 NA
16670 2364 NA
16671 2364 NA
16672 2364 NA
16673 2364 NA
16674 2364 NA
16675 2349 NA
16676 2349 NA
16677 2349 NA
16678 2349 NA
16679 2349 NA
16680 2314 NA
16681 2314 NA
16682 2314 NA
16683 2314 NA
16684 2299 NA
16686 2299 NA
16687 2299 NA
16688 2299 NA
16689 2245 NA
16690 2245 NA
16691 2245 NA
16692 2245 NA
16693 2197 NA
16694 2197 NA
16695 2197 NA
16696 2197 NA
16697 2197 NA
16698 2137 NA
16699 2137 NA
16700 2137 NA
16701 2137 NA
16702 2137 NA
16703 2128 NA
16704 2128 NA
16705 2128 NA
16706 2128 NA
16707 2128 NA
16708 2119 NA
16709 2119 NA
16710 2119 NA
16711 2119 NA
16712 2119 NA
16715 2074 NA
16717 2074 NA
16719 2078 NA
16720 2078 NA
16721 2078 NA
16722 2083 NA
16723 2083 NA
16724 2083 NA
16725 2083 NA
16726 2083 NA
16727 2083 NA
16728 2106 NA
16730 2106 NA
16731 2106 NA
16732 2137 NA
16733 2137 NA
16734 2137 NA
16735 2137 NA
16736 2137 NA
16737 2131 NA
16738 2131 NA
16739 2131 NA
16740 2131 NA
16741 2131 NA
16742 2152 NA
16743 2152 NA
16744 2152 NA
16745 2152 NA
16746 2152 NA
16747 2211 NA
16748 2211 NA
16749 2211 NA
16750 2211 NA
16751 2211 NA
16752 2266 NA
16753 2266 NA
16754 2266 NA
16755 2266 NA
16756 2266 NA
16757 2217 NA
16759 2217 NA
16760 2217 NA
16761 2217 NA
16762 2217 NA
16763 2213 NA
16764 2213 NA
16765 2213 NA
16766 2213 NA
16767 2213 NA
16768 2158 NA
16769 2158 NA
16770 2158 NA
16771 2158 NA
16772 2162 NA
16773 2162 NA
16774 2162 NA
16775 2162 NA
16777 2182 NA
16778 2182 NA
16779 2182 NA
16780 2182 NA
16781 2169 NA
16782 2169 NA
16783 2169 NA
16784 2169 NA
16785 2169 NA
16786 2139 NA
16787 2139 NA
16788 2139 NA
16789 2139 NA
16790 2139 NA
16791 2172 NA
16792 2172 NA
16793 2172 NA
16794 2172 NA
16795 2172 NA
16796 2190 NA
16797 2190 NA
16798 2190 NA
16799 2190 NA
16800 2190 NA
16801 2153 NA
16802 2153 NA
16803 2153 NA
16804 2153 NA
16807 2175 NA
16808 2175 NA
16809 2175 NA
16810 2246 NA
16811 2246 NA
16812 2246 NA
16813 2246 NA
16814 2287 NA
16815 2287 NA
16816 2287 NA
16817 2287 NA
16818 2402 NA
16820 2402 NA
16821 2402 NA
16823 2400 NA
16824 2400 NA
16825 2400 NA
16826 2400 NA
16827 2400 NA
16828 2432 NA
16829 2432 NA
16830 2432 NA
16831 2432 NA
16832 2538 NA
16833 2538 NA
16834 2538 NA
16835 2538 NA
16836 2538 NA
16837 2630 NA
16838 2630 NA
16839 2630 NA
16840 2630 NA
16841 2630 NA
16842 2630 NA
16843 2747 NA
16844 2747 NA
16845 2747 NA
16847 2747 NA
16849 2871 NA
16850 2871 NA
16851 2871 NA
16852 2871 NA
16853 2871 NA
16854 2871 NA
16855 2994 NA
16856 2994 NA
16857 2994 NA
16858 2994 NA
16859 2994 NA
16860 2994 NA
16861 3106 NA
16862 3106 NA
16863 3106 NA
16864 3106 NA
16865 3106 NA
16866 3106 NA
16867 3106 NA
16869 3180 NA
16870 3180 NA
16871 3180 NA
16872 3180 NA
16873 3180 NA
16874 3196 NA
16875 3196 NA
16876 3196 NA
16878 3196 NA
16879 3196 NA
16880 3260 NA
16881 3260 NA
16884 3260 NA
16885 3365 NA
16886 3365 NA
16887 3365 NA
16888 3365 NA
16889 3365 NA
16890 3317 NA
16892 3317 NA
16893 3317 NA
16894 3317 NA
16895 3317 NA
16896 3325 NA
16897 3325 NA
16898 3325 NA
16899 3325 NA
16900 3325 NA
16901 3325 NA
16902 3305 NA
16903 3139 NA
16904 3008 NA
16905 2928 NA
16906 2928 NA
16907 2928 NA
16908 2821 NA
16909 2821 NA
16910 2829 NA
16911 2829 NA
16912 2753 NA
16913 2753 NA
16914 2753 NA
16915 2745 NA
16916 2745 NA
16917 2664 NA
16918 2664 NA
16919 2664 NA
16920 2756 NA
16921 2756 NA
16922 2756 NA
16923 2884 NA
16924 2884 NA
16925 2884 NA
16926 2884 NA
16927 3005 NA
16928 3005 NA
16929 3005 NA
16930 3005 NA
16931 3100 NA
16932 3100 NA
16933 3100 NA
16934 3100 NA
16935 3092 NA
16937 3092 NA
16938 3092 NA
16939 3129 NA
16940 3129 NA
16941 3129 NA
16942 3129 NA
16943 3129 NA
16944 3129 NA
16945 3142 NA
16946 3142 NA
16949 3296 NA
16950 3296 NA
16951 3296 NA
16952 3296 NA
16953 3296 NA
16954 3279 NA
16955 3279 NA
16956 3279 NA
16957 3279 NA
16958 3297 NA
16959 3297 NA
16960 3297 NA
16967 3561 NA
16968 3561 NA
16969 3561 NA
16970 3561 NA
16971 3458 NA
16972 3458 NA
16974 3458 NA
16975 3426 NA
16976 3426 NA
16977 3426 NA
16978 3426 NA
16979 3376 NA
16980 3376 NA
16981 3376 NA
16982 3376 NA
16984 3305 NA
16985 3305 NA
16986 3305 NA
16987 3207 NA
16988 3207 NA
16989 3207 NA
16990 3146 NA
16991 3146 NA
16992 3146 NA
16993 3146 NA
16994 3146 NA
16999 3045 NA
17001 2949 NA
17006 2939 NA
17007 2939 NA
17014 2856 NA
17015 2856 NA
17016 2856 NA
17017 2856 NA
17018 2856 NA
17019 2870 NA
17020 2870 NA
17021 2870 NA
17022 2870 NA
17023 2870 NA
17024 2882 NA
17025 2882 NA
17026 2882 NA
17027 2882 NA
17028 2882 NA
17029 2882 NA
17031 2816 NA
17032 2816 NA
17033 2816 NA
17034 2816 NA
17035 2816 NA
17036 2793 NA
17037 2793 NA
17038 2793 NA
17039 2793 NA
17040 2793 NA
17042 2761 NA
17044 2761 NA
17045 2761 NA
17046 2761 NA
17047 2761 NA
17048 2778 NA
17049 2778 NA
17050 2778 NA
17051 2778 NA
17052 2778 NA
17053 2778 NA
17054 2817 NA
17055 2817 NA
17056 2817 NA
17057 2817 NA
17058 2817 NA
17059 2817 NA
17060 2844 NA
17061 2844 NA
17062 2844 NA
17063 2844 NA
17064 2844 NA
17069 2883 NA
17070 2883 NA
17071 2883 NA
17072 2883 NA
17073 2951 NA
17075 2951 NA
17076 2951 NA
17077 2951 NA
17078 2951 NA
17079 2992 NA
17080 2992 NA
17081 2992 NA
17083 2992 NA
17084 2992 NA
17085 2973 NA
17086 2973 NA
17087 2973 NA
17088 2973 NA
17089 2973 NA
17091 2932 NA
17092 2932 NA
17093 2932 NA
17094 2932 NA
17095 2932 NA
17096 2855 NA
17097 2855 NA
17098 2855 NA
17099 2855 NA
17100 2855 NA
17101 2855 NA
17102 2780 NA
17103 2780 NA
17104 2780 NA
17105 2780 NA
17106 2731 NA
17107 2731 NA
17108 2731 NA
17109 2731 NA
17110 2731 NA
17111 2696 NA
17112 2696 NA
17113 2696 NA
17114 2696 NA
17115 2696 NA
17117 2696 NA
17118 2639 NA
17123 2639 NA
17124 2639 NA
17125 2568 NA
17126 2568 NA
17127 2568 NA
17129 2568 NA
17130 2568 NA
17131 2484 NA
17132 2484 NA
17133 2484 NA
17134 2484 NA
17135 2507 NA
17136 2507 NA
17138 2507 NA
17139 2507 NA
17140 2507 NA
17141 2562 NA
17142 2562 NA
17143 2562 NA
17144 2562 NA
17145 2562 NA
17146 2562 NA
17147 2569 NA
17148 2569 NA
17149 2569 NA
