"Index" "Price" "Volume"
14019 28 35
14020 28 35
14021 28 35
14022 28 35
14023 28 35
14024 28 35
14025 28 35
14026 28 35
14027 28 35
14028 28 35
14029 28 35
14030 28 35
14031 28 35
14032 28 35
14033 28 35
14034 28 35
14035 28 35
14036 28 35
14037 28 35
14038 28 35
14039 28 35
14040 28 35
14041 28 35
14042 28 35
14043 28 35
14044 28 35
14045 28 35
14046 28 35
14047 28 35
14048 28 35
14049 28 35
14050 28 35
14051 28 35
14052 28 35
14053 28 35
14054 28 35
14055 28 35
14056 28 35
14057 28 35
14058 28 35
14059 28 35
14060 28 35
14061 28 35
14062 28 35
14063 28 35
14064 28 35
14065 28 35
14066 28 35
14067 28 35
14068 28 35
14069 28 35
14070 28 35
14071 28 35
14072 28 35
14073 28 35
14074 28 35
14075 28 35
14076 28 35
14077 28 35
14078 28 35
14079 28 35
14080 28 35
14081 28 35
14082 28 35
14083 28 35
14084 28 35
14085 28 35
14086 28 35
14087 28 35
14088 28 35
14089 28 35
14090 28 35
14091 28 35
14092 28 35
14093 28 35
14094 28 35
14095 28 35
14096 28 35
14097 28 35
14098 28 35
14099 28 35
14100 28 35
14101 28 35
14102 28 35
14103 28 35
14104 28 35
14105 28 35
14106 28 35
14107 28 35
14108 28 35
14109 28 35
14110 28 35
14111 28 35
14112 28 35
14113 28 35
14114 28 35
14115 28 35
14116 28 35
14117 28 35
14118 28 35
14119 28 35
14120 28 35
14121 28 35
14122 28 35
14123 28 35
14124 28 35
14125 28 35
14126 28 35
14127 28 35
14128 28 35
14129 28 35
14130 28 35
14131 28 35
14132 28 35
14133 28 35
14134 28 35
14135 28 35
14136 28 35
14137 28 35
14138 28 35
14139 28 35
14140 28 35
14141 28 35
14142 28 35
14143 28 35
14144 28 35
14145 28 35
14146 28 35
14147 28 35
14148 28 35
14149 28 35
14150 28 35
14151 28 35
14152 28 35
14153 28 35
14154 28 35
14155 28 35
14156 28 35
14157 28 35
14158 28 35
14159 28 35
14160 28 35
14161 28 35
14162 28 35
14163 28 35
14164 28 35
14165 28 35
14166 28 35
14167 28 35
14168 28 35
14169 28 35
14170 28 35
14171 28 35
14172 28 35
14173 28 35
14174 28 35
14175 28 35
14176 28 35
14177 28 35
14178 28 35
14179 28 35
14180 28 35
14181 28 35
14182 28 35
14183 28 35
14184 28 35
14185 28 35
14186 28 35
14187 28 35
14188 28 35
14189 28 35
14190 28 35
14191 28 35
14192 28 35
14193 28 35
14194 28 35
14195 28 35
14196 28 35
14197 28 35
14198 28 35
14199 28 35
14200 28 35
14201 28 35
14202 28 35
14203 28 35
14204 28 35
14205 28 35
14206 28 35
14207 28 35
14208 28 35
14209 28 35
14210 28 35
14211 28 35
14212 28 35
14213 28 35
14214 28 35
14215 28 35
14216 28 35
14217 28 35
14218 28 35
14219 28 35
14220 28 35
14221 28 35
14222 28 35
14223 28 35
14224 28 35
14225 28 35
14226 28 35
14227 28 35
14228 28 35
14229 28 35
14230 28 35
14231 28 35
14232 28 35
14233 28 35
14234 28 35
14235 28 35
14236 28 35
14237 28 35
14238 28 35
14239 28 35
14240 28 35
14241 28 35
14242 28 35
14243 28 35
14244 28 35
14245 28 35
14246 28 35
14247 28 35
14248 28 35
14249 28 35
14250 28 35
14251 28 35
14252 28 35
14253 28 35
14254 28 35
14255 28 35
14256 28 35
14257 28 35
14258 28 35
14259 28 35
14260 28 35
14261 28 35
14262 28 35
14263 28 35
14264 28 35
14265 28 35
14266 28 35
14267 28 35
14268 28 35
14269 28 35
14270 28 35
14271 28 35
14272 28 35
14273 28 35
14274 28 35
14275 28 35
14276 28 35
14277 28 35
14278 28 35
14279 28 35
14280 28 35
14281 28 35
14282 28 35
14283 28 35
14284 28 35
14285 28 35
14286 28 35
14287 28 35
14288 28 35
14289 28 35
14290 28 35
14291 28 35
14292 28 35
14293 28 35
14294 28 35
14295 28 35
14296 28 35
14297 28 35
14298 28 35
14299 28 35
14300 28 35
14301 28 35
14302 28 35
14303 28 35
14304 28 35
14305 28 35
14306 28 35
14307 28 35
14308 28 35
14309 28 35
14310 28 35
14311 28 35
14312 28 35
14313 28 35
14314 28 35
14315 28 35
14316 28 35
14317 28 35
14318 28 35
14319 28 35
14320 28 35
14321 28 35
14322 28 35
14323 28 35
14324 28 35
14325 28 35
14326 28 35
14327 28 35
14328 28 35
14329 28 35
14330 28 35
14331 28 35
14332 28 35
14333 28 35
14334 28 35
14335 28 35
14336 28 35
14337 28 35
14338 28 35
14339 28 35
14340 28 35
14341 28 35
14342 28 35
14343 28 35
14344 28 35
14345 28 35
14346 28 35
14347 28 35
14348 28 35
14349 28 35
14350 28 35
14351 28 35
14352 28 35
14353 28 35
14354 28 35
14355 28 35
14356 28 35
14357 28 35
14358 28 35
14359 28 35
14360 28 35
14361 28 35
14362 28 35
14363 28 35
14364 28 35
14365 28 35
14366 28 35
14367 28 35
14368 28 35
14369 28 35
14370 28 35
14371 28 35
14372 28 35
14373 28 35
14374 28 35
14375 28 35
14376 28 35
14377 28 35
14378 28 35
14379 28 35
14380 28 35
14381 28 35
14382 28 35
14383 28 35
14384 28 35
14385 28 35
14386 28 35
14387 28 35
14388 28 35
14389 28 35
14390 28 35
14391 28 35
14392 28 35
14393 28 35
14394 28 35
14395 28 35
14396 28 35
14397 28 35
14398 28 35
14399 28 35
14400 29 35
14401 29 35
14402 29 35
14403 28 35
14404 28 35
14405 28 35
14406 28 35
14407 28 35
14408 28 35
14409 28 35
14410 28 35
14411 28 35
14412 28 35
14413 28 35
14414 28 35
14415 28 35
14416 28 35
14417 28 35
14418 28 35
14419 28 35
14420 28 35
14421 28 35
14422 28 35
14423 28 35
14424 28 35
14425 29 35
14426 29 35
14428 29 35
14429 29 35
14430 29 35
14431 29 35
14432 29 35
14433 29 35
14434 29 35
14435 29 35
14436 29 35
14437 29 35
14438 29 35
14439 29 35
14440 29 35
14441 30 35
14442 29 35
14443 29 35
14444 29 35
14445 29 35
14446 29 35
14447 29 35
14448 29 35
14449 29 35
14450 29 35
14451 29 35
14452 29 35
14453 29 35
14454 29 35
14455 29 35
14456 29 35
14457 29 35
14458 29 35
14459 29 35
14460 29 35
14461 29 35
14462 29 35
14463 29 35
14464 30 35
14465 30 35
14466 30 35
14467 30 35
14468 30 35
14469 30 35
14470 30 35
14471 30 35
14472 30 35
14473 30 35
14474 30 35
14475 30 35
14476 30 35
14477 30 35
14478 30 35
14479 30 35
14480 30 35
14481 30 35
14482 30 35
14483 30 35
14484 30 35
14485 30 35
14486 30 35
14487 30 35
14488 30 35
14489 30 35
14490 30 35
14491 30 35
14492 30 35
14493 30 35
14494 30 35
14495 30 35
14496 30 35
14497 30 35
14498 30 35
14499 30 35
14500 31 35
14501 31 35
14502 31 35
14503 31 35
14504 31 35
14505 31 35
14506 31 35
14507 31 35
14508 32 35
14509 33 35
14510 33 35
14511 33 35
14512 34 35
14513 34 35
14514 35 35
14515 34 35
14516 34 35
14517 34 35
14518 34 35
14519 34 35
14520 34 35
14521 35 35
14522 37 35
14523 37 35
14524 37 35
14525 37 35
14526 38 35
14527 37 35
14528 39 35
14529 39 35
14530 39 35
14531 39 35
14532 39 35
14533 39 35
14534 39 35
14535 39 35
14536 39 35
14537 40 35
14538 39 35
14539 39 35
14540 39 35
14541 40 35
14542 41 35
14543 40 35
14544 40 35
14545 40 35
14546 40 35
14547 40 35
14548 41 35
14549 41 35
14550 40 35
14551 40 35
14552 40 35
14553 40 35
14554 40 35
14555 41 35
14556 41 35
14557 39 35
14558 41 35
14559 40 35
14560 40 35
14561 39 35
14562 40 35
14563 40 35
14564 41 35
14565 41 35
14566 41 35
14567 41 35
14568 40 35
14569 40 35
14570 40 35
14571 40 35
14572 41 35
14573 41 35
14574 41 35
14575 40 35
14576 40 35
14577 40 35
14578 40 35
14579 40 37
14580 40 39
14581 40 41
14582 41 42
14583 41 44
14584 40 46
14585 40 48
14586 40 50
14587 40 51
14588 40 53
14589 40 55
14590 40 57
14591 41 59
14592 41 60
14593 41 62
14594 40 61
14595 41 60
14596 41 59
14597 41 59
14598 41 59
14599 41 59
14600 41 59
14601 41 59
14602 41 59
14603 41 59
14604 41 59
14605 41 59
14606 41 59
14607 41 59
14608 41 59
14609 41 59
14610 41 59
14611 41 59
14612 41 59
14613 41 58
14614 41 58
14615 41 57
14616 41 57
14617 41 56
14618 41 56
14619 41 56
14620 41 55
14621 41 55
14622 41 54
14623 41 54
14624 41 53
14625 41 53
14626 41 53
14627 41 53
14628 40 53
14629 40 53
14630 41 53
14631 41 53
14632 41 52
14633 41 52
14634 41 52
14635 41 52
14636 41 52
14637 41 52
14638 41 52
14639 41 52
14640 41 52
14641 41 52
14642 41 52
14643 41 52
14644 41 52
14645 41 52
14646 41 52
14647 41 52
14648 41 52
14649 41 52
14650 41 51
14651 41 51
14652 41 51
14653 41 51
14654 41 51
14655 41 51
14656 41 51
14657 41 51
14658 41 50
14659 41 50
14660 41 50
14661 41 50
14662 41 50
14663 41 50
14664 41 50
14665 41 50
14666 41 50
14667 41 50
14668 41 50
14669 41 50
14670 41 49.6530612244898
14671 41 49.3061224489796
14672 41 48.9591836734694
14673 41 48.6122448979592
14674 41 48.265306122449
14675 41 47.9183673469388
14676 41 47.5714285714286
14677 41 47.2244897959184
14678 41 46.8775510204082
14679 41 46.530612244898
14680 41 46.1836734693878
14681 41 45.8367346938776
14682 41 45.4897959183673
14683 42 45.1428571428571
14684 42 44.7959183673469
14685 44 44.4489795918367
14686 45 44.1020408163265
14687 45 43.7551020408163
14688 45 43.4081632653061
14689 45 43.0612244897959
14690 45 42.7142857142857
14691 45 42.3673469387755
14692 45 42.0204081632653
14693 45 41.6734693877551
14694 45 41.3265306122449
14695 45 40.9795918367347
14696 45 40.6326530612245
14697 45 40.2857142857143
14698 45 39.9387755102041
14699 45 39.5918367346939
14700 45 39.2448979591837
14701 45 38.8979591836735
14702 45 38.5510204081633
14703 45 38.2040816326531
14704 45 37.8571428571429
14705 45 37.5102040816327
14706 45 37.1632653061224
14707 45 36.8163265306122
14708 45 36.469387755102
14709 45 36.1224489795918
14710 45 35.7755102040816
14711 45 35.4285714285714
14712 45 35.0816326530612
14713 45 34.734693877551
14714 45 34.3877551020408
14715 45 34.0408163265306
14716 45 33.6938775510204
14717 46 33.3469387755102
14718 45 33
14719 45 33.4657534246575
14720 46 33.9315068493151
14721 46 34.3972602739726
14722 47 34.8630136986301
14723 47 35.3287671232877
14724 48 35.7945205479452
14725 49 36.2602739726027
14726 50 36.7260273972603
14727 50 37.1917808219178
14728 50 37.6575342465753
14729 50 38.1232876712329
14730 50 38.5890410958904
14731 51 39.0547945205479
14732 51 39.5205479452055
14733 51 39.986301369863
14734 52 40.4520547945205
14735 52 40.9178082191781
14736 53 41.3835616438356
14737 53 41.8493150684931
14738 54 42.3150684931507
14739 54 42.7808219178082
14740 54 43.2465753424658
14741 55 43.7123287671233
14742 55 44.1780821917808
14743 55 44.6438356164384
14744 55 45.1095890410959
14745 55 45.5753424657534
14746 56 46.041095890411
14747 56 46.5068493150685
14748 56 46.972602739726
14749 56 47.4383561643836
14750 56 47.9041095890411
14751 56 48.3698630136986
14752 56 48.8356164383562
14753 56 49.3013698630137
14754 56 49.7671232876712
14755 54 50.2328767123288
14756 54 50.6986301369863
14757 53 51.1643835616438
14758 52 51.6301369863014
14759 52 52.0958904109589
14760 51 52.5616438356164
14761 51 53.027397260274
14762 50 53.4931506849315
14763 50 53.958904109589
14764 50 54.4246575342466
14765 51 54.8904109589041
14766 52 55.3561643835616
14767 52 55.8219178082192
14768 53 56.2876712328767
14769 54 56.7534246575342
14770 55 57.2191780821918
14771 55 57.6849315068493
14772 55 58.1506849315068
14773 56 58.6164383561644
14774 55 59.0821917808219
14775 55 59.5479452054795
14776 55 60.013698630137
14777 55 60.4794520547945
14778 57 60.9452054794521
14779 57 61.4109589041096
14780 57 61.8767123287671
14781 57 62.3424657534247
14782 57 62.8082191780822
14783 57 63.2739726027397
14784 57 63.7397260273973
14785 57 64.2054794520548
14786 57 64.6712328767123
14787 57 65.1369863013699
14788 57 65.6027397260274
14789 57 66.0684931506849
14790 57 66.5342465753425
14791 57 67
14792 57 67
14793 57 67
14794 57 67
14795 56 67
14796 56 67
14797 56 67
14798 56 67
14799 56 67
14800 56 67
14801 57 66
14802 57 66
14803 57 66
14804 57 66
14805 57 66
14806 57 66
14807 57 66
14808 57 66
14809 58 66
14810 58 66
14811 58 66
14812 58 65
14813 57 65
14814 57 65
14815 57 65
14816 57 65
14817 57 65
14818 57 65
14819 57 65
14820 57 65
14821 57 65
14822 57 65
14823 57 65
14824 57 64
14825 57 64
14826 56 64
14827 56 64
14828 56 64
14829 55 64
14830 55 64
14831 56 64
14832 56 64
14833 56 64
14834 57 64
14835 57 64
14836 58 64
14837 58 64
14838 58 64
14839 58 65
14840 58 65
14841 58 65
14842 58 65
14843 58 65
14844 58 65
14845 58 65
14846 58 65
14847 57 65
14848 58 65
14849 58 65
14850 58 65
14851 58 65
14852 58 65
14853 58 65
14854 58 65
14855 58 65
14856 58 65
14857 57 65
14858 57 65
14859 55 64
14860 55 64
14861 55 64
14862 54 64
14863 55 63
14864 56 63
14865 55 63
14866 55 63
14867 55 63
14868 55 62
14869 55 62
14870 54 62
14871 54 62
14872 54 61
14873 54 61
14874 54 61
14875 54 61
14876 55 61
14877 55 60
14878 56 60
14879 56 60
14880 56 60
14881 56 59
14882 57 59
14883 57 59
14884 57 59
14885 57 59
14886 57 59
14887 57 59
14888 57 59
14889 57 58
14890 57 58
14891 57 58
14892 57 58
14893 57 58
14894 57 58
14895 57 58
14896 57 58
14897 57 58
14898 57 58
14899 58 58
14900 57 58
14901 57 58
14902 57 57
14903 58 57
14904 58 57
14905 57 57
14906 57 57
14907 57 57
14908 57 57
14909 57 57
14910 57 57
14911 57 57
14912 56 57
14913 56 57
14914 56 57
14915 56 56
14916 56 55
14917 56 55
14918 55 54
14919 55 54
14920 54 53
14921 51 53
14922 49 52
14923 49 52
14924 47 51
14925 46 51
14926 44 50
14927 42 50
14928 39 49
14929 39 48
14930 37 48
14931 37 47
14932 35 47
14933 36 46
14934 37 46
14935 37 45
14936 38 45
14937 39 44
14938 40 44
14939 41 43
14940 42 42
14941 42 43
14942 42 43
14943 43 43
14944 43 43
14945 43 43
14946 43 44
14947 44 44
14948 44 45
14949 44 45
14950 44 46
14951 45 47
14952 45 47
14953 45 48
14954 45 49
14955 45 50
14956 45 51
14957 45 53
14958 45 54
14959 45 55
14960 45 56
14961 45 58
14962 45 59
14963 45 60
14964 45 61
14965 45 62
14966 45 63
14967 45 64
14968 45 65
14969 45 66
14970 45 67
14971 45 67
14972 45 66
14973 45 66
14974 45 65
14975 45 64
14976 45 64
14977 45 63
14978 45 63
14979 45 62
14980 45 62
14981 44 61
14982 44 61
14983 44 62
14984 44 62
14985 44 62
14986 44 62
14987 44 62
14988 44 63
14989 44 63
14990 43 63
14991 42 63
14992 42 63
14993 41 64
14994 41 64
14995 40 66
14996 39 68
14997 39 70
14998 40 72
14999 40 73
15000 40 75
15001 38 77
15002 38 79
15003 37 81
15004 37 83
15005 36 85
15006 36 87
15007 35 89
15008 34 91
15009 33 93
15010 33 95
15011 33 97
15012 34 99
15013 35 101
15014 35 103
15015 35 102
15016 37 102
15017 37 101
15018 38 101
15019 39 101
15020 39 100
15021 39 100
15022 39 99
15023 39 99
15024 39 99
15025 39 98
15026 38 98
15027 38 102
15028 36 98
15029 35 102
15030 35 106
15031 34 108
15032 33 101
15033 32 101
15034 32 99
15035 32 104
15036 31 103
15037 31 100
15038 31 97
15039 31 94
15040 31 91
15041 31 101
15042 31 97
15043 31 95
15044 32 97
15045 32 90
15046 31 100
15047 31 99
15048 31 94
15049 31 99
15050 31 97
15051 31 99
15052 31 89
15053 31 101
15054 31 94
15055 32 88
15056 32 94
15057 32 92
15058 32 88
15059 32 94
15060 32 100
15061 32 104
15062 32 112
15063 32 100
15064 31 102
15065 30 103
15066 30 103
15067 29 89
15068 28 92
15069 28 95
15070 27 89
15071 27 95
15072 27 97
15073 27 93
15074 27 99
15075 27 94
15076 25 95
15077 25 94
15078 24 93
15079 24 93
15080 24 92
15081 24 91
15082 24 94
15083 24 98
15084 24 98
15085 24 103
15086 25 107
15087 26 111
15088 25 114
15089 24 111
15090 23 108
15091 22 106
15092 22 107
15093 21 109
15094 21 108
15095 21 108
15096 20 108
15097 20 108
15098 20 108
15099 20 108
15100 20 108
15101 20 107
15102 20 107
15103 20 106
15104 20 110
15105 20 115
15106 20 119
15107 20 118
15108 20 117
15109 20 115
15110 20 117
15111 20 114
15112 20 107
15113 20 102
15114 20 97
15115 19 92
15116 18 94
15117 18 96
15118 18 98
15119 18 98
15120 18 106
15121 18 109
15122 18 111
15123 18 108
15124 18 105
15125 19 107
15126 19 109
15127 19 103
15128 19 104
15129 19 106
15130 19 109
15131 19 107
15132 19 106
15133 19 103
15134 19 99
15135 19 96
15136 20 93
15137 20 91
15138 20 92
15139 20 89
15140 20 87
15141 20 84
15142 20 91
15143 20 98
15144 20 92
15145 20 100
15146 19 96
15147 19 109
15148 19 122
15149 19 121
15150 19 119
15151 19 118
15152 19 117
15153 19 117
15154 19 129
15155 19 119
15156 19 109
15157 19 110
15158 19 112
15159 19 112
15160 19 108
15161 19 104
15162 19 108
15163 19 111
15164 19 121
15165 18 113
15166 18 111
15167 18 116
15168 18 122
15169 18 128
15170 18 132
15171 18 122
15172 15 123
15173 15 124
15174 15 124
15175 13 125
15176 13 110
15177 15 107
15178 16 105
15179 16 111
15180 16 108
15181 16 104
15182 17 103
15183 17 102
15184 18 101
15185 18 100
15186 18 108
15187 18 105
15188 18 99
15189 18 106
15190 18 103
15191 19 107
15192 19 111
15193 19 105
15194 20 101
15195 20 96
15196 20 97
15197 20 102
15198 20 96
15199 20 91
15200 20 103
15201 20 102
15202 20 101
15203 21 94
15204 22 88
15205 22 84
15206 22 93
15207 22 92
15208 22 91
15209 22 90
15210 22 89
15211 22 93
15212 22 97
15213 22 97
15214 22 97
15215 22 97
15216 22 88
15217 21 79
15218 21 86
15219 20 94
15220 20 85
15221 19 86
15222 19 86
15223 19 87
15224 19 94
15225 19 90
15226 19 87
15227 19 91
15228 19 87
15229 19 87
15230 19 86
15231 20 85
15232 20 87
15233 20 83
15234 20 78
15235 20 78
15236 20 77
15237 20 81
15238 20 75
15239 21 77
15240 21 74
15241 21 74
15242 22 74
15243 23 70
15244 23 72
15245 23 73
15246 23 75
15247 23 78
15248 22 72
15249 22 72
15250 21 71
15251 21 73
15252 20 72
15253 20 72
15254 20 76
15255 20 75
15256 20 75
15257 20 79
15258 20 83
15259 20 80
15260 20 75
15261 20 71
15262 20 70
15263 20 78
15264 20 73
15265 20 68
15266 20 77
15267 20 76
15268 20 78
15269 20 80
15270 20 78
15271 20 75
15272 20 78
15273 20 76
15274 20 75
15275 19 73
15276 19 66
15277 19 62
15278 19 58
15279 19 54
15280 19 54
15281 19 54
15282 19 54
15283 19 54
15284 19 52
15285 19 49
15286 19 47
15287 19 44
15288 19 44
15289 19 46
15290 19 48
15291 19 44
15292 19 45
15293 19 46
15294 18 49
15295 18 51
15296 18 47
15297 18 46
15298 18 51
15299 18 48
15300 18 47
15301 18 46
15302 18 45
15303 18 47
15304 18 50
15305 18 50
15306 18 50
15307 18 50
15308 18 50
15309 18 50
15310 19 54
15311 19 54
15312 19 53
15313 19 53
15314 20 53
15315 20 52
15316 20 52
15317 20 52
15318 20 52
15319 20 51
15320 20 53
15321 20 52
15322 20 52
15323 20 52
15324 21 51
15325 21 49
15326 22 46
15327 23 46
15328 24 46
15329 25 49
15330 26 51
15331 27 51
15332 27 50
15333 27 50
15334 28 52
15335 28 52
15336 28 52
15337 28 53
15338 28 53
15339 28 54
15340 27 51
15341 26 54
15342 24 56
15343 23 54
15344 22 52
15345 22 53
15346 22 54
15347 22 49
15348 23 43
15349 23 46
15350 23 46
15351 23 46
15352 23 39
15353 23 42
15354 23 47
15355 23 52
15356 23 52
15357 23 51
15358 23 51
15359 24 50
15360 24 50
15361 24 50
15362 25 48
15363 25 46
15364 26 47
15365 26 47
15366 26 49
15367 26 51
15368 26 51
15369 27 51
15370 27 50
15371 27 50
15372 27 51
15373 27 52
15374 27 50
15375 27 49
15376 27 48
15377 27 47
15378 27 46
15379 27 45
15380 27 45
15381 27 44
15382 27 46
15383 27 49
15384 26 51
15385 25 50
15386 24 49
15387 23 49
15388 23 47
15389 26 51
15390 25 50
15391 25 49
15392 25 48
15393 25 48
15394 25 47
15395 25 47
15396 25 49
15397 25 51
15398 25 50
15399 25 48
15400 25 50
15401 24 50
15402 23 51
15403 22 56
15404 21 61
15405 21 60
15406 21 60
15407 21 60
15408 21 59
15409 22 57
15410 22 55
15411 23 58
15412 23 60
15413 23 59
15414 23 62
15415 23 65
15416 23 56
15417 23 64
15418 23 62
15419 23 60
15420 23 60
15421 23 61
15422 23 59
15423 23 58
15424 22 57
15425 22 56
15426 22 55
15427 22 54
15428 22 53
15429 22 52
15430 22 51
15431 22 50
15432 22 59
15433 22 59
15434 22 60
15435 22 61
15436 22 62
15437 22 63
15438 22 64
15439 22 65
15440 22 61
15441 22 62
15442 21 62
15443 21 61
15444 21 60
15445 21 56
15446 21 57
15447 21 57
15448 21 58
15449 21 51
15450 21 52
15451 21 53
15452 21 55
15453 21 54
15454 21 52
15455 21 49
15456 21 49
15457 21 49
15458 21 50
15459 21 49
15460 21 48
15461 21 48
15462 21 51
15463 21 51
15464 21 48
15465 21 48
15466 21 48
15467 21 48
15468 20 48
15469 20 49
15470 20 50
15471 20 53
15472 20 53
15473 20 54
15474 20 54
15475 19 53
15476 19 53
15477 19 55
15478 19 58
15479 19 60
15480 19 61
15481 19 60
15482 19 58
15483 19 57
15484 19 57
15485 19 57
15486 19 58
15487 19 56
15488 19 55
15489 19 60
15490 19 65
15491 18 64
15492 17 71
15493 16 68
15494 15 71
15495 14 73
15496 13 82
15497 13 92
15498 13 100
15499 13 103
15500 13 107
15501 13 108
15502 13 109
15503 13 103
15504 13 96
15505 13 90
15506 13 87
15507 13 84
15508 13 87
15509 13 90
15510 13 92
15511 13 95
15512 13 101
15513 13 106
15514 13 111
15515 13 115
15516 13 118
15517 13 116
15518 13 113
15519 13 110
15520 13 107
15521 13 104
15522 13 103
15523 13 101
15524 14 100
15525 14 99
15526 14 96
15527 14 93
15528 15 90
15529 15 90
15530 15 89
15531 15 88
15532 15 91
15533 15 93
15534 15 95
15535 15 95
15536 15 92
15537 16 92
15538 16 92
15539 16 92
15540 16 92
15541 16 88
15542 16 88
15543 16 87
15544 16 88
15545 16 88
15546 16 87
15547 16 86
15548 15 84
15549 14 76
15550 13 81
15551 13 87
15552 13 85
15553 13 83
15554 13 87
15555 13 91
15556 13 95
15557 13 94
15558 13 93
15559 13 93
15560 13 92
15561 14 84
15562 14 87
15563 14 90
15564 13 93
15565 13 92
15566 13 94
15567 13 96
15568 13 98
15569 13 113
15570 13 114
15571 13 116
15572 13 118
15573 13 120
15574 13 115
15575 13 112
15576 13 109
15577 13 105
15578 13 86
15579 13 90
15580 13 94
15581 13 92
15582 13 90
15583 13 89
15584 13 83
15585 13 89
15586 13 100
15587 13 95
15588 13 90
15589 13 95
15590 13 93
15591 13 92
15592 13 90
15593 13 90
15594 13 89
15595 13 89
15596 13 93
15597 13 97
15598 13 96
15599 13 94
15600 13 93
15601 13 91
15602 13 90
15603 13 88
15604 13 85
15605 13 81
15606 13 85
15607 13 89
15608 13 85
15609 13 88
15610 13 91
15611 13 90
15612 13 84
15613 13 79
15614 13 90
15615 13 90
15616 13 85
15617 13 85
15618 13 86
15619 13 85
15620 13 82
15621 13 82
15622 13 76
15623 13 70
15624 13 67
15625 13 59
15626 13 60
15627 12 61
15628 12 61
15629 12 74
15630 12 72
15631 12 76
15632 12 86
15633 12 89
15634 12 85
15635 12 84
15636 12 82
15637 12 84
15638 12 91
15639 12 91
15640 12 91
15641 12 94
15642 12 89
15643 12 90
15644 12 92
15645 12 91
15646 12 74
15647 12 73
15648 12 71
15649 13 76
15650 13 71
15651 13 69
15652 13 67
15653 13 65
15654 13 63
15655 13 61
15656 13 59
15657 13 57
15658 13 54
15659 13 52
15660 13 50
15661 14 48
15662 14 49
15663 14 50
15664 14 51
15665 14 55
15666 14 52
15667 14 53
15668 14 53
15669 14 56
15670 14 57
15671 14 52
15672 14 55
15673 13 50
15674 13 51
15675 13 46
15676 13 45
15677 13 44
15678 12 40
15679 12 40
15680 12 39
15681 12 39
15682 12 37
15683 12 41
15684 12 39
15685 12 39
15686 12 34
15687 12 34
15688 12 33
15689 12 36
15690 12 29
15691 12 30
15692 12 28
15693 12 31
15694 12 28
15695 12 31
15696 12 28
15697 12 30
15698 12 32
15699 12 34
15700 12 30
15701 12 34
15702 12 31
15703 12 33
15704 12 33
15705 12 30
15706 13 29
15707 13 33
15708 13 31
15709 13 30
15710 13 28
15711 14 26
15712 14 25
15713 14 23
15714 14 21
15715 14 18
15716 13 20
15717 12 20
15718 11 23
15719 10 26
15720 10 27
15721 11 26
15722 12 28
15723 12 30
15724 12 27
15725 12 26
15726 12 24
15727 12 26
15728 12 25
15729 12 25
15730 12 24
15731 13 24
15732 13 25
15733 13 24
15734 13 20
15735 13 23
15736 13 22
15737 13 23
15738 13 26
15739 13 23
15740 13 24
15741 13 24
15742 13 24
15743 13 23
15744 13 22
15745 13 22
15746 13 22
15747 13 23
15748 13 23
15749 13 24
15750 13 24
15751 13 24
15752 12 28
15753 12 33
15754 12 37
15755 12 38
15756 12 42
15757 12 45
15758 12 51
15759 12 50
15760 12 45
15761 12 43
15762 12 42
15763 12 38
15764 12 34
15765 12 28
15766 12 26
15767 12 26
15768 12 24
15769 12 25
15770 12 25
15771 12 24
15772 12 26
15773 13 23
15774 13 24
15775 13 24
15776 13 23
15777 12 25
15778 12 27
15779 12 27
15780 12 28
15781 12 28
15782 13 27
15783 13 28
15784 13 27
15785 13 26
15786 13 25
15787 13 27
15788 13 27
15789 13 28
15790 13 25
15791 13 25
15792 13 25
15793 13 26
15794 13 26
15795 13 28
15796 13 27
15797 13 30
15798 13 30
15799 13 29
15800 13 29
15801 12 28
15802 12 28
15803 12 27
15804 12 26
15805 12 27
15806 12 25
15807 12 25
15808 12 25
15809 12 24
15810 12 26
15811 12 25
15812 12 24
15813 12 24
15814 12 24
15815 12 25
15816 12 26
15817 12 24
15818 12 23
15819 12 24
15820 12 26
15821 12 22
15822 12 20
15823 12 20
15824 12 18
15825 12 19
15826 13 17
15827 13 16
15828 13 18
15829 13 17
15830 13 18
15831 13 20
15832 13 20
15833 13 21
15834 13 22
15835 13 21
15836 13 22
15837 13 23
15838 13 21
15839 13 21
15840 13 21
15841 13 21
15842 12 22
15843 12 20
15844 12 22
15845 12 21
15846 12 22
15847 12 23
15848 12 21
15849 12 21
15850 12 21
15851 12 21
15852 12 22
15853 12 24
15854 12 23
15855 12 26
15856 12 24
15857 12 27
15858 12 26
15859 12 29
15860 12 26
15861 12 30
15862 12 29
15863 12 29
15864 12 29
15865 12 29
15866 12 25
15867 12 28
15868 12 25
15869 13 24
15870 13 25
15871 13 24
15872 13 23
15873 13 25
15874 13 21
15875 13 22
15876 13 22
15877 13 21
15878 13 20
15879 13 21
15880 13 20
15881 13 21
15882 13 19
15883 13 19
15884 13 21
15885 13 21
15886 13 21
15887 13 22
15888 13 22
15889 13 22
15890 13 22
15891 13 21
15892 13 22
15893 13 24
15894 13 22
15895 13 21
15896 13 22
15897 13 25
15898 13 23
15899 13 24
15900 13 21
15901 13 22
15902 13 22
15903 13 21
15904 13 20
15905 13 19
15906 13 18
15907 13 17
15908 13 16
15909 13 19
15910 13 19
15911 13 19
15912 13 18
15913 14 18
15914 14 17
15915 14 14
15916 14 16
15917 14 16
15918 14 15
15919 14 16
15920 14 15
15921 14 15
15922 14 16
15923 14 14
15924 14 14
15925 14 14
15926 14 13
15927 13 14
15928 13 17
15929 13 17
15930 13 19
15931 13 20
15932 13 20
15933 13 21
15934 13 20
15935 13 15
15936 13 15
15937 13 15
15938 13 14
15939 13 13
15940 12 12
15941 12 14
15942 13 16
15943 13 14
15944 12 14
15945 12 15
15946 12 13
15947 12 13
15948 13 11
15949 13 11
15950 13 11
15951 13 11
15952 13 10
15953 13 10
15954 13 9
15955 13 9
15956 13 10
15957 13 10
15958 13 10
15959 13 10
15960 13 11
15961 13 11
15962 13 11
15963 13 11
15964 13 11
15965 12 10
15966 12 11
15967 12 10
15968 12 10
15969 12 11
15970 12 10
15971 12 10
15972 12 10
15973 12 8
15974 12 9
15975 12 10
15976 12 9
15977 12 9
15978 12 10
15979 12 10
15980 12 10
15981 13 9
15982 13 8
15983 13 8
15984 13 8
15985 13 8
15986 13 8
15987 13 9
15988 13 9
15989 13 9
15990 12 10
15991 12 10
15992 12 10
15993 12 10
15994 12 9
15995 12 9
15996 12 9
15997 12 9
15998 12 9
15999 12 10
16000 12 10
16001 12 9
16002 12 10
16003 12 11
16004 12 10
16005 12 10
16006 12 11
16007 12 11
16008 12 12
16009 12 11
16010 12 10
16011 12 10
16012 12 11
16013 12 9
16014 12 10
16015 12 9
16016 12 9
16017 12 10
16018 12 9
16019 12 9
16020 12 9
16021 12 10
16022 12 10
16023 12 10
16024 12 10
16025 12 11
16026 12 11
16027 12 12
16028 12 11
16029 12 10
16030 12 10
16031 12 10
16032 12 10
16033 12 10
16034 12 10
16035 12 10
16036 12 10
16037 12 10
16038 12 10
16039 12 10
16040 12 10
16041 12 10
16042 12 12
16043 12 10
16044 12 10
16045 12 9
16046 12 9
16047 12 10
16048 12 10
16049 12 11
16050 12 11
16051 12 11
16052 12 11
16053 12 11
16054 12 11
16055 13 11
16056 13 10
16057 13 10
16058 13 10
16059 13 10
16060 13 10
16061 13 10
16062 13 10
16063 13 11
16064 13 11
16065 13 11
16066 13 11
16067 13 11
16068 13 12
16069 13 12
16070 13 11
16071 13 12
16072 13 13
16073 13 14
16074 13 13
16075 13 12
16076 13 13
16077 13 13
16078 13 13
16079 13 12
16080 13 12
16081 13 11
16082 13 12
16083 13 12
16084 13 12
16085 13 13
16086 13 12
16087 13 14
16088 13 13
16089 13 14
16090 13 13
16091 13 13
16092 13 12
16093 13 12
16094 13 11
16095 13 12
16096 13 11
16097 13 11
16098 13 12
16099 13 11
16100 13 11
16101 13 11
16102 13 11
16103 13 11
16104 13 12
16105 13 11
16106 13 12
16107 13 11
16108 13 11
16109 13 12
16110 13 11
16111 13 11
16112 13 11
16113 13 11
16114 13 11
16115 13 12
16116 13 11
16117 13 10
16118 13 10
16119 14 10
16120 14 11
16121 14 10
16122 14 9
16123 14 9
16124 14 10
16125 14 10
16126 14 10
16127 14 10
16128 14 11
16129 14 11
16130 14 11
16131 14 11
16132 14 12
16133 14 12
16134 14 11
16135 14 11
16136 14 11
16137 14 10
16138 14 11
16139 14 11
16140 14 10
16141 14 10
16142 14 10
16143 14 10
16144 14 11
16145 14 11
16146 13 10
16147 13 10
16148 13 11
16149 13 12
16150 13 10
16151 13 11
16152 13 11
16153 13 11
16154 13 11
16155 13 11
16156 13 10
16157 13 11
16158 13 11
16159 13 11
16160 13 11
16161 13 11
16162 13 11
16163 13 11
16164 13 11
16165 13 11
16166 13 10
16167 12 11
16168 12 10
16169 12 11
16170 12 12
16171 12 11
16172 12 12
16173 12 12
16174 12 11
16175 12 12
16176 12 11
16177 12 11
16178 12 12
16179 12 11
16180 12 12
16181 12 11
16182 12 11
16183 12 11
16184 12 11
16185 12 10
16186 12 10
16187 12 9
16188 12 9
16189 12 9
16190 12 8
16191 12 8
16192 13 9
16193 13 9
16194 13 8
16195 13 8
16196 13 8
16197 13 9
16198 13 9
16199 13 9
16200 13 9
16201 13 9
16202 13 10
16203 13 10
16204 13 10
16205 13 9
16206 13 9
16207 13 9
16208 13 8
16209 13 9
16210 13 9
16211 13 9
16212 13 9
16213 12 9
16214 13 10
16215 13 11
16216 13 11
16217 13 10
16218 13 10
16219 13 10
16220 13 10
16221 13 10
16222 13 9
16223 13 10
16224 13 11
16225 13 11
16226 13 11
16227 13 12
16228 13 11
16229 13 11
16230 13 11
16231 13 10
16232 13 10
16233 13 11
16234 13 11
16235 13 12
16236 12 12
16237 12 11
16238 12 12
16239 12 12
16240 12 11
16241 12 11
16242 12 10
16243 12 10
16244 12 11
16245 12 10
16246 12 10
16247 12 11
16248 12 12
16249 12 12
16250 12 12
16251 12 12
16252 12 12
16253 12 12
16254 12 12
16255 12 12
16256 12 12
16257 12 12
16258 12 12
16259 12 12
16260 12 12
16261 12 12
16262 13 11
16263 13 10
16264 13 11
16265 13 12
16266 13 11
16267 13 13
16268 13 12
16269 13 14
16270 13 14
16271 13 14
16272 13 15
16273 13 16
16274 13 16
16275 13 16
16276 13 16
16277 13 16
16278 13 18
16279 13 17
16280 12 16
16281 12 15
16282 12 14
16283 12 15
16284 12 16
16285 12 16
16286 12 16
16287 12 16
16288 12 16
16289 12 16
16290 12 16
16291 12 15
16292 12 15
16293 12 14
16294 12 15
16295 12 16
16296 12 15
16297 12 15
16298 12 15
16299 12 15
16300 12 16
16301 12 17
16302 12 16
16303 12 16
16304 12 15
16305 12 15
16306 12 14
16307 12 13
16308 12 12
16309 12 13
16310 12 13
16311 12 14
16312 12 13
16313 12 13
16314 12 13
16315 12 14
16316 12 13
16317 12 12
16318 12 12
16319 12 12
16320 12 13
16321 12 13
16322 12 13
16323 12 12
16324 12 12
16325 12 12
16326 12 11
16327 12 12
16328 12 12
16329 12 11
16330 12 11
16331 12 11
16332 12 10
16333 12 11
16334 12 11
16335 12 11
16336 12 10
16337 12 11
16338 12 13
16339 12 13
16340 12 12
16341 12 12
16342 12 12
16343 12 12
16344 12 11
16345 12 10
16346 12 10
16347 12 11
16348 12 12
16349 12 11
16350 12 11
16351 13 11
16352 13 10
16353 13 11
16354 13 9
16355 13 9
16356 13 9
16357 13 9
16358 13 9
16359 13 10
16360 13 9
16361 13 10
16362 13 9
16363 13 9
16364 13 9
16365 13 9
16366 13 9
16367 13 9
16368 13 9
16369 13 9
16370 13 10
16371 12 10
16372 12 11
16373 12 11
16374 12 11
16375 12 11
16376 12 12
16377 12 11
16378 12 11
16379 12 11
16380 12 10
16381 12 10
16382 12 11
16383 12 11
16384 12 11
16385 12 10
16386 12 11
16387 12 12
16388 12 12
16389 12 12
16390 12 10
16391 12 10
16392 12 11
16393 12 10
16394 12 10
16395 12 10
16396 12 10
16397 12 10
16398 12 10
16399 13 11
16400 13 10
16401 13 10
16402 13 9
16403 13 10
16404 13 11
16405 12 10
16406 12 10
16407 12 11
16408 12 10
16409 12 10
16410 12 10
16411 12 11
16412 13 11
16413 13 11
16414 13 10
16415 13 10
16416 13 11
16417 13 10
16418 13 9
16419 13 9
16420 13 8
16421 13 8
16422 13 9
16423 13 9
16424 13 9
16425 13 9
16426 13 10
16427 13 10
16428 13 10
16429 13 10
16430 13 10
16431 13 11
16432 13 10
16433 13 10
16434 13 11
16435 13 12
16436 13 11
16437 13 11
16438 13 11
16439 13 12
16440 13 12
16441 12 11
16442 12 11
16443 12 11
16444 12 11
16445 12 11
16446 12 11
16447 12 12
16448 12 12
16449 12 12
16450 12 12
16451 12 12
16452 12 12
16453 12 12
16454 12 12
16455 12 13
16456 13 12
16457 13 12
16458 13 12
16459 13 11
16460 13 11
16461 13 11
16462 13 10
16463 13 10
16464 13 11
16465 13 10
16466 13 11
16467 13 11
16468 13 10
16469 13 10
16470 13 10
16471 13 9
16472 13 11
16473 13 9
16474 13 10
16475 13 10
16476 13 10
16477 13 10
16478 12 10
16479 12 10
16480 12 11
16481 12 11
16482 12 12
16483 12 13
16484 12 13
16485 12 14
16486 12 14
16487 12 15
16488 12 14
16489 12 14
16490 12 13
16491 12 13
16492 12 13
16493 12 13
16494 12 13
16495 12 13
16496 12 14
16497 12 13
16498 12 14
16499 12 13
16500 12 13
16501 12 13
16502 12 13
16503 12 12
16504 12 12
16505 12 12
16506 12 11
16507 12 11
16508 12 11
16509 13 12
16510 13 11
16511 13 10
16512 13 10
16513 13 10
16514 13 10
16515 13 9
16516 13 9
16517 13 10
16518 13 10
16519 13 9
16520 13 9
16521 13 9
16522 13 10
16523 13 9
16524 13 9
16525 13 9
16526 13 10
16527 13 9
16528 13 10
16529 13 9
16530 13 9
16531 13 11
16532 13 10
16533 13 9
16534 13 10
16535 13 10
16536 13 11
16537 13 11
16538 13 9
16539 13 9
16540 13 10
16541 13 10
16542 13 9
16543 13 9
16544 13 8
16545 13 8
16546 13 8
16547 13 7
16548 13 8
16549 13 8
16550 13 7
16551 13 8
16552 13 8
16553 13 9
16554 13 9
16555 13 9
16556 13 8
16557 13 9
16558 13 8
16559 13 8
16560 13 8
16561 13 8
16562 13 7
16563 13 9
16564 13 8
16565 13 9
16566 13 9
16567 13 9
16568 13 9
16569 13 9
16570 13 8
16571 13 9
16572 13 8
16573 13 9
16574 13 8
16575 13 8
16576 13 8
16577 12 9
16578 13 8
16579 13 9
16580 13 8
16581 13 9
16582 12 8
16583 12 10
16584 12 9
16585 12 10
16586 12 9
16587 12 10
16588 12 10
16589 12 10
16590 12 9
16591 12 10
16592 12 9
16593 12 9
16594 12 9
16595 12 9
16596 12 9
16597 12 9
16598 12 9
16599 12 9
16600 12 9
16601 12 9
16602 12 8
16603 12 9
16604 12 8
16605 12 8
16606 12 9
16607 12 9
16608 12 9
16609 12 9
16610 13 10
16611 13 10
16612 13 10
16613 12 9
16614 12 8
16615 12 8
16616 12 8
16617 12 7
16618 12 8
16619 12 7
16620 12 8
16621 12 9
16622 12 9
16623 12 8
16624 12 9
16625 12 8
16626 12 9
16627 12 8
16628 12 8
16629 12 8
16630 13 8
16631 13 8
16632 13 8
16633 13 9
16634 12 9
16635 12 10
16636 12 10
16637 12 10
16638 12 11
16639 12 10
16640 12 9
16641 12 9
16642 12 9
16643 12 8
16644 12 8
16645 12 7
16646 13 7
16647 13 7
16648 13 6
16649 13 6
16650 13 5
16651 13 5
16652 14 5
16653 14 6
16654 14 6
16655 14 6
16656 14 7
16657 14 7
16658 14 8
16659 14 8
16660 13 8
16661 13 9
16662 13 9
16663 12 9
16665 13 10
16666 13 10
16668 13 9
16669 13 8
16670 13 8
16671 13 5
16672 13 6
16673 13 5
16674 13 6
16675 13 6
16676 13 6
16677 13 5
16678 13 7
16679 13 7
16680 13 7
16681 13 7
16682 13 6
16683 13 7
16684 13 7
16686 13 6
16687 13 7
16688 13 7
16689 13 7
16690 13 7
16691 13 7
16692 13 4
16693 13 4
16694 13 5
16695 13 6
16696 13 6
16697 13 6
16698 12 6
16699 12 8
16700 12 6
16701 12 6
16702 12 6
16703 12 7
16704 12 7
16705 12 7
16706 12 7
16707 12 7
16708 12 7
16709 12 7
16710 12 7
16711 12 7
16712 12 7
16715 12 6
16717 12 4
16719 12 7
16720 13 7
16721 13 7
16722 13 7
16723 13 7
16724 13 7
16725 13 7
16726 13 7
16727 13 7
16728 13 7
16730 13 7
16731 13 7
16732 13 7
16733 13 7
16734 13 6
16735 13 6
16736 13 7
16737 13 7
16738 13 6
16739 13 7
16740 13 6
16741 13 7
16742 13 6
16743 13 6
16744 13 7
16745 13 7
16746 13 7
16747 13 7
16748 13 7
16749 13 7
16750 13 7
16751 13 7
16752 12 7
16753 13 6
16754 13 6
16755 13 7
16756 13 7
16757 13 7
16759 13 5
16760 13 6
16761 13 6
16762 13 7
16763 13 6
16764 13 5
16765 13 6
16766 13 7
16767 13 6
16768 13 6
16769 13 7
16770 13 7
16771 13 7
16772 13 5
16773 13 5
16774 12 5
16775 12 6
16777 13 6
16778 13 6
16779 13 6
16780 13 6
16781 13 6
16782 13 6
16783 13 6
16784 13 7
16785 13 7
16786 13 8
16787 13 7
16788 13 8
16789 13 7
16790 13 7
16791 13 8
16792 13 8
16793 13 8
16794 13 8
16795 13 7
16796 13 7
16797 13 8
16798 13 7
16799 13 7
16800 13 8
16801 13 7
16802 13 8
16803 13 9
16804 13 8
16807 13 7
16808 13 7
16809 13 6
16810 13 7
16811 13 8
16812 13 8
16813 13 9
16814 13 9
16815 13 9
16816 13 10
16817 13 10
16818 13 9
16820 13 8
16821 13 10
16823 13 9
16824 13 9
16825 13 9
16826 13 11
16827 13 12
16828 14 12
16829 13 13
16830 13 14
16831 13 14
16832 13 15
16833 13 12
16834 13 9
16835 13 6
16836 13 6
16837 13 8
16838 14 8
16839 15 9
16840 16 9
16841 16 10
16842 16 10
16843 16 10
16844 16 9
16845 16 10
16847 16 10
16849 16 9
16850 17 9
16851 17 9
16852 17 8
16853 16 10
16854 15 7
16855 15 7
16856 14 8
16857 14 8
16858 13 7
16859 13 7.57142857142857
16860 13 8.14285714285714
16861 13 8.71428571428571
16862 13 9.28571428571428
16863 12 9.85714285714286
16864 12 10.4285714285714
16865 12 11
16866 12 11
16867 12 11
16869 12 11
16870 12 10
16871 13 10
16872 13 10
16873 13 10
16874 13 10
16875 13 10
16876 13 9
16878 13 10
16879 13 10
16880 13 9
16881 13 8
16884 13 8
16885 13 7
16886 13 8
16887 13 9
16888 13 10
16889 13 10
16890 13 10
16892 13 10
16893 13 9
16894 13 8
16895 13 8
16896 13 7
16897 13 7
16898 12 9
16899 13 8
16900 13 9
16901 13 9
16902 13 9
16903 13 9
16904 13 9
16905 13 8
16906 13 9
16907 13 8
16908 13 8
16909 13 8
16910 13 8
16911 13 9
16912 13 9
16913 13 9
16914 13 9
16915 13 8
16916 13 9
16917 13 9
16918 13 9
16919 13 9
16920 13 9
16921 13 9
16922 13 9
16923 13 8
16924 14 8
16925 14 8
16926 14 8
16927 13 9
16928 13 9
16929 13 8
16930 13 9
16931 13 9
16932 13 10
16933 13 9
16934 14 8
16935 14 9
16937 14 8
16938 14 9
16939 14 8
16940 14 8
16941 14 9
16942 14 9
16943 14 9
16944 14 9
16945 14 8
16946 14 9
16949 14 9
16950 14 9
16951 14 8
16952 14 9
16953 14 8
16954 14 8
16955 14 8
16956 14 8
16957 14 8
16958 14 8
16959 14 8
16960 14 8
16967 15 9
16968 15 9
16969 15 9
16970 15 10
16971 15 9
16972 15 9
16974 15 9
16975 15 9
16976 15 9
16977 15 8
16978 15 9
16979 14 9
16980 13 8
16981 13 9
16982 13 9
16984 13 10
16985 13 8
16986 13 9
16987 13 9
16988 13 8
16989 13 9
16990 13 9
16991 13 9
16992 13 9
16993 13 9
16994 13 9
16999 14 7
17001 14 7
17006 14 7
17007 14 7
17014 14 6
17015 14 6
17016 14 6
17017 14 6
17018 14 6
17019 14 7
17020 14 6
17021 14 6
17022 14 6
17023 14 6
17024 14 5
17025 15 5
17026 15 5
17027 15 5
17028 15 6
17029 15 6
17031 15 5
17032 15 5
17033 15 4
17034 15 5
17035 15 6
17036 15 6
17037 15 6
17038 15 6
17039 15 6
17040 15 6
17042 15 6
17044 15 6
17045 15 7
17046 14 6
17047 14 7
17048 14 6
17049 14 6
17050 14 6
17051 14 7
17052 14 6
17053 13 6
17054 13 6
17055 13 7
17056 12 6
17057 12 5
17058 12 5
17059 12 6
17060 12 6
17061 12 6
17062 12 6
17063 12 8
17064 12 10
17069 12 10
17070 12 9
17071 12 8.4
17072 13 7.8
17073 14 7.2
17075 13 6
17076 13 8
17077 13 8
17078 14 8
17079 14 8
17080 15 7
17081 15 7
17083 16 6
17084 16 6
17085 16 6
17086 16 6
17087 16 7
17088 16 7
17089 16 8
17091 16 8
17092 16 8
17093 16 9
17094 16 8
17095 16 7
17096 16 7
17097 16 6
17098 16 6
17099 16 6
17100 16 5
17101 16 5
17102 16 5
17103 17 4
17104 17 4
17105 17 4.5
17106 17 5
17107 17 5
17108 17 4
17109 17 6
17110 17 6
17111 17 6
17112 17 7
17113 17 6
17114 17 6
17115 17 6
17117 17 6
17118 17 5
17123 17 6
17124 17 6
17125 17 5
17126 17 5
17127 17 5
17129 17 6
17130 17 6
17131 17 6
17132 17 6
17133 17 6
17134 17 6
17135 16 6
17136 16 6
17138 16 6
17139 16 6
17140 16 7
17141 16 7
17142 16 6
17143 16 6
17144 15 6
17145 14 6
17146 14 6
17147 13 6
17148 13 6
17149 14 7
