"Index" "Price" "Volume"
14019 136 NA
14020 136 NA
14021 136 NA
14022 136 NA
14023 135 NA
14024 135 NA
14025 135 NA
14026 135 NA
14027 137 NA
14028 137 NA
14029 135 NA
14030 135 NA
14031 135 NA
14032 135 NA
14033 135 NA
14034 135 NA
14035 135 NA
14036 135 NA
14037 135 NA
14038 135 NA
14039 135 NA
14040 135 NA
14041 135 NA
14042 135 NA
14043 135 NA
14044 135 NA
14045 135 NA
14046 135 NA
14047 135 NA
14048 135 NA
14049 135 NA
14050 135 NA
14051 135 NA
14052 135 NA
14053 135 NA
14054 135 NA
14055 135 NA
14056 135 NA
14057 135 NA
14058 136 NA
14059 137 NA
14060 138 NA
14061 138 NA
14062 137 NA
14063 137 NA
14064 135 NA
14065 135 NA
14066 136 NA
14067 138 NA
14068 141 NA
14069 144 NA
14070 144 NA
14071 148 NA
14072 154 NA
14073 160 NA
14074 170 NA
14075 170 NA
14076 175 NA
14077 183 NA
14078 189 NA
14079 198 NA
14080 204 NA
14081 215 NA
14082 225 NA
14083 237 NA
14084 245 NA
14085 257 NA
14086 257 NA
14087 269 NA
14088 279 NA
14089 288 NA
14090 296 NA
14091 306 NA
14092 306 NA
14093 312 NA
14094 319 NA
14095 329 NA
14096 339 NA
14097 339 NA
14098 346 NA
14099 352 NA
14100 362 NA
14101 364 NA
14102 370 NA
14103 352 NA
14104 334 NA
14105 317 NA
14106 301 NA
14107 285 NA
14108 273 NA
14109 246 NA
14110 235 NA
14111 223 NA
14112 223 NA
14113 211 NA
14114 200 NA
14115 200 NA
14116 190 NA
14117 180 NA
14118 171 NA
14119 171 NA
14120 162 NA
14121 160 NA
14122 154 NA
14123 154 NA
14124 161 NA
14125 169 NA
14126 177 NA
14127 185 NA
14128 185 NA
14129 198 NA
14130 207 NA
14131 207 NA
14132 209 NA
14133 213 NA
14134 213 NA
14135 222 NA
14136 233 NA
14137 241 NA
14138 241 NA
14139 244 NA
14140 234 NA
14141 222 NA
14142 222 NA
14143 210 NA
14144 199 NA
14145 199 NA
14146 191 NA
14147 181 NA
14148 181 NA
14149 162 NA
14150 162 NA
14151 153 NA
14152 145 NA
14153 145 NA
14154 141 NA
14155 135 NA
14156 137 NA
14157 137 NA
14158 135 NA
14159 135 NA
14160 135 NA
14161 135 NA
14162 135 NA
14163 135 NA
14164 135 NA
14165 135 NA
14166 135 NA
14167 135 NA
14168 135 NA
14169 136 NA
14170 135 NA
14171 135 NA
14172 135 NA
14173 135 NA
14174 135 NA
14175 135 NA
14176 135 NA
14177 136 NA
14178 136 NA
14179 135 NA
14180 135 NA
14181 135 NA
14182 135 NA
14183 135 NA
14184 135 NA
14185 135 NA
14186 135 NA
14187 135 NA
14188 135 NA
14189 135 NA
14190 135 NA
14191 135 NA
14192 135 NA
14193 135 NA
14194 135 NA
14195 135 NA
14196 135 NA
14197 135 NA
14198 135 NA
14199 135 NA
14200 135 NA
14201 135 NA
14202 135 NA
14203 135 NA
14204 136 NA
14205 136 NA
14206 137 NA
14207 141 NA
14208 141 NA
14209 141 NA
14210 149 NA
14211 156 NA
14212 156 NA
14213 163 NA
14214 163 NA
14215 170 NA
14216 170 NA
14217 179 NA
14218 188 NA
14219 196 NA
14220 205 NA
14221 215 NA
14222 215 NA
14223 222 NA
14224 228 NA
14225 228 NA
14226 231 NA
14227 232 NA
14228 225 NA
14229 230 NA
14230 230 NA
14231 241 NA
14232 254 NA
14233 254 NA
14234 250 NA
14235 226 NA
14236 215 NA
14237 204 NA
14238 204 NA
14239 185 NA
14240 185 NA
14241 169 NA
14242 163 NA
14243 157 NA
14244 151 NA
14245 151 NA
14246 144 NA
14247 144 NA
14248 139 NA
14249 139 NA
14250 137 NA
14251 136 NA
14252 136 NA
14253 136 NA
14254 138 NA
14255 138 NA
14256 136 NA
14257 136 NA
14258 136 NA
14259 136 NA
14260 136 NA
14261 137 NA
14262 137 NA
14263 137 NA
14264 136 NA
14265 138 NA
14266 138 NA
14267 138 NA
14268 138 NA
14269 137 NA
14270 137 NA
14271 135 NA
14272 135 NA
14273 135 NA
14274 135 NA
14275 135 NA
14276 135 NA
14277 135 NA
14278 135 NA
14279 135 NA
14280 135 NA
14281 135 NA
14282 135 NA
14283 135 NA
14284 135 NA
14285 135 NA
14286 135 NA
14287 135 NA
14288 135 NA
14289 135 NA
14290 135 NA
14291 135 NA
14292 135 NA
14293 135 NA
14294 135 NA
14295 135 NA
14296 139 NA
14297 139 NA
14298 138 NA
14299 138 NA
14300 135 NA
14301 135 NA
14302 135 NA
14303 135 NA
14304 135 NA
14305 135 NA
14306 135 NA
14307 135 NA
14308 135 NA
14309 135 NA
14310 135 NA
14311 135 NA
14312 135 NA
14313 135 NA
14314 135 NA
14315 135 NA
14316 135 NA
14317 135 NA
14318 135 NA
14319 135 NA
14320 135 NA
14321 138 NA
14322 143 NA
14323 143 NA
14324 150 NA
14325 157 NA
14326 165 NA
14327 165 NA
14328 169 NA
14329 169 NA
14330 175 NA
14331 175 NA
14332 184 NA
14333 184 NA
14334 187 NA
14335 187 NA
14336 195 NA
14337 195 NA
14338 201 NA
14339 193 NA
14340 193 NA
14341 185 NA
14342 175 NA
14343 175 NA
14344 167 NA
14345 160 NA
14346 153 NA
14347 153 NA
14348 153 NA
14349 146 NA
14350 139 NA
14351 139 NA
14352 135 NA
14353 135 NA
14354 135 NA
14355 135 NA
14356 135 NA
14357 135 NA
14358 135 NA
14359 135 NA
14360 135 NA
14361 136 NA
14362 136 NA
14363 136 NA
14364 136 NA
14365 136 NA
14366 135 NA
14367 135 NA
14368 135 NA
14369 135 NA
14370 135 NA
14371 135 NA
14372 135 NA
14373 135 NA
14374 135 NA
14375 135 NA
14376 135 NA
14377 135 NA
14378 135 NA
14379 135 NA
14380 135 NA
14381 135 NA
14382 135 NA
14383 135 NA
14384 135 NA
14385 135 NA
14386 135 NA
14387 135 NA
14388 135 NA
14389 135 NA
14390 135 NA
14391 135 NA
14392 135 NA
14393 135 NA
14394 135 NA
14395 137 NA
14396 137 NA
14397 139 NA
14398 139 NA
14399 135 NA
14400 137 NA
14401 137 NA
14402 135 NA
14403 135 NA
14404 135 NA
14405 135 NA
14406 135 NA
14407 135 NA
14408 135 NA
14409 135 NA
14410 135 NA
14411 135 NA
14412 136 NA
14413 136 NA
14414 136 NA
14415 135 NA
14416 135 NA
14417 135 NA
14418 135 NA
14419 135 NA
14420 135 NA
14421 135 NA
14422 137 NA
14423 135 NA
14424 135 NA
14425 135 NA
14426 135 NA
14428 136 NA
14429 136 NA
14430 136 NA
14431 135 NA
14432 135 NA
14433 135 NA
14434 135 NA
14435 135 NA
14436 135 NA
14437 135 NA
14438 135 NA
14439 135 NA
14440 135 NA
14441 135 NA
14442 135 NA
14443 135 NA
14444 137 NA
14445 137 NA
14446 138 NA
14447 136 NA
14448 136 NA
14449 135 NA
14450 139 NA
14451 139 NA
14452 147 NA
14453 147 NA
14454 148 NA
14455 148 NA
14456 146 NA
14457 146 NA
14458 142 NA
14459 142 NA
14460 142 NA
14461 144 NA
14462 144 NA
14463 140 NA
14464 141 NA
14465 141 NA
14466 137 NA
14467 137 NA
14468 135 NA
14469 135 NA
14470 135 NA
14471 135 NA
14472 135 NA
14473 135 NA
14474 137 NA
14475 135 NA
14476 135 NA
14477 135 NA
14478 135 NA
14479 135 NA
14480 135 NA
14481 135 NA
14482 135 NA
14483 135 NA
14484 135 NA
14485 135 NA
14486 135 NA
14487 135 NA
14488 135 NA
14489 135 NA
14490 128 NA
14491 128 NA
14492 124 NA
14493 124 NA
14494 120 NA
14495 120 NA
14496 115 NA
14497 115 NA
14498 111 NA
14499 111 NA
14500 107 NA
14501 107 NA
14502 104 NA
14503 98 NA
14504 98 NA
14505 98 NA
14506 93 NA
14507 91 NA
14508 91 NA
14509 91 NA
14510 90 NA
14511 90 NA
14512 87 NA
14513 87 NA
14514 85 NA
14515 84 NA
14516 84 NA
14517 81 NA
14518 81 NA
14519 76 NA
14520 76 NA
14521 77 NA
14522 78 NA
14523 78 NA
14524 78 NA
14525 75 NA
14526 75 NA
14527 72 NA
14528 69 NA
14529 69 NA
14530 67 NA
14531 67 NA
14532 68 NA
14533 67 NA
14534 67 NA
14535 68 NA
14536 68 NA
14537 72 NA
14538 72 NA
14539 72 NA
14540 71 NA
14541 71 NA
14542 69 NA
14543 67 NA
14544 67 NA
14545 66 NA
14546 66 NA
14547 66 NA
14548 68 NA
14549 72 NA
14550 72 NA
14551 75 NA
14552 75 NA
14553 78 NA
14554 78 NA
14555 78 NA
14556 78 NA
14557 79 NA
14558 79 NA
14559 77 NA
14560 77 NA
14561 77 NA
14562 81 NA
14563 86 NA
14564 86 NA
14565 90 NA
14566 95 NA
14567 95 NA
14568 95 NA
14569 99 NA
14570 103 NA
14571 103 NA
14572 103 NA
14573 108 NA
14574 108 NA
14575 113 NA
14576 118 NA
14577 118 NA
14578 124 NA
14579 124 NA
14580 130 NA
14581 130 NA
14582 136 NA
14583 136 NA
14584 143 NA
14585 143 NA
14586 143 NA
14587 149 NA
14588 157 NA
14589 157 NA
14590 157 NA
14591 165 NA
14592 165 NA
14593 173 NA
14594 173 NA
14595 181 NA
14596 181 NA
14597 191 NA
14598 193 NA
14599 202 NA
14600 202 NA
14601 211 NA
14602 211 NA
14603 222 NA
14604 233 NA
14605 233 NA
14606 233 NA
14607 241 NA
14608 241 NA
14609 254 NA
14610 254 NA
14611 264 NA
14612 264 NA
14613 277 NA
14614 277 NA
14615 277 NA
14616 290 NA
14617 300 NA
14618 300 NA
14619 314 NA
14620 314 NA
14621 328 NA
14622 328 NA
14623 345 NA
14624 345 NA
14625 363 NA
14626 363 NA
14627 363 NA
14628 382 NA
14629 400 NA
14630 400 NA
14631 397 NA
14632 397 NA
14633 403 NA
14634 403 NA
14635 423 NA
14636 423 NA
14637 445 NA
14638 468 NA
14639 468 NA
14640 492 NA
14641 492 NA
14642 492 NA
14643 517 NA
14644 517 NA
14645 542 NA
14646 542 NA
14647 566 NA
14648 584 NA
14649 584 NA
14650 614 NA
14651 614 NA
14653 644 NA
14654 674 NA
14655 692 NA
14656 692 NA
14657 692 NA
14658 727 NA
14659 764 NA
14660 764 NA
14661 801 NA
14662 830 NA
14663 830 NA
14664 868 NA
14665 868 NA
14666 903 NA
14667 903 NA
14668 928 NA
14669 973 NA
14670 973 NA
14671 978 NA
14672 1017 NA
14673 1017 NA
14674 1060 NA
14675 1060 NA
14676 1099 NA
14677 1099 NA
14678 1147 NA
14679 1147 NA
14680 1205 NA
14681 1255 NA
14682 1318 NA
14683 1318 NA
14684 1318 NA
14685 1383 NA
14686 1383 NA
14687 1383 NA
14688 1432 NA
14689 1497 NA
14690 1552 NA
14691 1552 NA
14692 1552 NA
14693 1630 NA
14694 1692 NA
14695 1692 NA
14696 1720 NA
14697 1787 NA
14698 1787 NA
14699 1876 NA
14700 1876 NA
14701 1970 NA
14702 2044 NA
14703 2044 NA
14704 2138 NA
14705 2203 NA
14706 2203 NA
14707 2300 NA
14708 2407 NA
14709 2407 NA
14710 2528 NA
14711 2628 NA
14712 2628 NA
14713 2628 NA
14714 2759 NA
14715 2759 NA
14716 2759 NA
14717 2894 NA
14718 2894 NA
14719 2894 NA
14720 2992 NA
14721 2992 NA
14722 3121 NA
14723 3121 NA
14724 3275 NA
14725 3275 NA
14726 3391 NA
14727 3391 NA
14728 3391 NA
14729 3526 NA
14730 3526 NA
14731 3697 NA
14732 3806 NA
14733 3806 NA
14734 3852 NA
14735 3852 NA
14736 3811 NA
14737 3811 NA
14738 3809 NA
14739 3809 NA
14740 3879 NA
14741 3879 NA
14742 3864 NA
14743 3864 NA
14744 4006 NA
14745 4006 NA
14746 4012 NA
14747 4012 NA
14748 3919 NA
14749 3919 NA
14750 3761 NA
14751 3673 NA
14752 3535 NA
14753 3451 NA
14754 3326 NA
14755 3121 NA
14756 3121 NA
14757 3025 NA
14758 2858 NA
14759 2761 NA
14760 2700 NA
14761 2616 NA
14762 2547 NA
14763 2547 NA
14764 2459 NA
14765 2407 NA
14766 2323 NA
14767 2272 NA
14768 2201 NA
14769 2142 NA
14770 2079 NA
14771 1962 NA
14772 1962 NA
14773 1893 NA
14774 1853 NA
14775 1746 NA
14776 1686 NA
14777 1686 NA
14778 1592 NA
14779 1592 NA
14780 1506 NA
14781 1464 NA
14782 1425 NA
14783 1425 NA
14784 1311 NA
14785 1311 NA
14786 1245 NA
14787 1182 NA
14788 1122 NA
14789 1070 NA
14790 1022 NA
14791 1022 NA
14792 973 NA
14793 926 NA
14794 887 NA
14795 815 NA
14796 815 NA
14797 809 NA
14798 831 NA
14799 808 NA
14800 808 NA
14801 795 NA
14802 795 NA
14803 730 NA
14804 730 NA
14805 666 NA
14806 666 NA
14807 673 NA
14808 673 NA
14809 683 NA
14810 718 NA
14811 718 NA
14812 754 NA
14813 791 NA
14814 791 NA
14815 831 NA
14816 859 NA
14817 894 NA
14818 932 NA
14819 979 NA
14820 979 NA
14821 1021 NA
14822 1060 NA
14823 1109 NA
14824 1109 NA
14825 1164 NA
14826 1223 NA
14827 1223 NA
14828 1285 NA
14829 1285 NA
14830 1350 NA
14831 1417 NA
14832 1471 NA
14833 1471 NA
14834 1542 NA
14835 1586 NA
14836 1663 NA
14837 1727 NA
14838 1812 NA
14839 1812 NA
14840 1721 NA
14841 1721 NA
14842 1648 NA
14843 1569 NA
14844 1517 NA
14845 1456 NA
14846 1418 NA
14847 1299 NA
14848 1251 NA
14849 1251 NA
14850 1188 NA
14851 1172 NA
14852 1235 NA
14853 1240 NA
14854 1240 NA
14855 1300 NA
14856 1265 NA
14857 1273 NA
14858 1273 NA
14859 1329 NA
14860 1329 NA
14861 1363 NA
14862 1417 NA
14863 1417 NA
14864 1462 NA
14865 1460 NA
14866 1452 NA
14867 1452 NA
14868 1436 NA
14869 1448 NA
14870 1393 NA
14871 1393 NA
14872 1448 NA
14873 1448 NA
14874 1521 NA
14875 1521 NA
14876 1595 NA
14877 1646 NA
14878 1723 NA
14879 1694 NA
14880 1717 NA
14881 1717 NA
14882 1689 NA
14883 1689 NA
14884 1695 NA
14885 1780 NA
14886 1848 NA
14887 1848 NA
14888 1922 NA
14889 1922 NA
14890 2018 NA
14891 2018 NA
14892 2116 NA
14893 2221 NA
14894 2221 NA
14895 2300 NA
14896 2415 NA
14897 2415 NA
14898 2415 NA
14899 2531 NA
14900 2620 NA
14901 2743 NA
14902 2743 NA
14903 2862 NA
14904 2862 NA
14905 3002 NA
14906 3183 NA
14907 3183 NA
14908 3183 NA
14909 3340 NA
14910 3340 NA
14911 3501 NA
14912 3654 NA
14913 3668 NA
14914 3643 NA
14915 3643 NA
14916 3332 NA
14917 3332 NA
14918 3186 NA
14920 2808 NA
14921 2676 NA
14922 2542 NA
14923 2542 NA
14924 2540 NA
14925 2540 NA
14926 2667 NA
14927 2776 NA
14928 2820 NA
14929 2820 NA
14930 2957 NA
14931 2957 NA
14932 3084 NA
14933 3198 NA
14934 3356 NA
14935 3356 NA
14936 3471 NA
14937 3602 NA
14938 3758 NA
14939 3758 NA
14940 3945 NA
14941 4061 NA
14942 4061 NA
14943 4246 NA
14944 4281 NA
14945 4493 NA
14946 4493 NA
14947 4626 NA
14948 4840 NA
14949 4675 NA
14950 4675 NA
14951 4691 NA
14952 4926 NA
14953 4926 NA
14954 5101 NA
14955 5262 NA
14956 5262 NA
14957 5414 NA
14958 5679 NA
14959 5679 NA
14960 5927 NA
14961 5927 NA
14962 6208 NA
14963 6208 NA
14964 5986 NA
14965 5686 NA
14966 5401 NA
14967 5066 NA
14968 5066 NA
14969 4705 NA
14970 4359 NA
14971 4041 NA
14972 3679 NA
14973 3495 NA
14974 3332 NA
14975 3332 NA
14976 3203 NA
14979 2770 NA
14981 2429 NA
14983 2307 NA
14984 2236 NA
14985 2160 NA
14986 1996 NA
14987 1957 NA
14989 1883 NA
14990 1788 NA
14991 1666 NA
14992 1623 NA
14993 1568 NA
14995 1526 NA
14996 1439 NA
14998 1354 NA
15000 1293 NA
15001 1224 NA
15003 1141 NA
15005 1109 NA
15007 1032 NA
15008 902 NA
15009 918 NA
15011 835 NA
15012 797 NA
15013 728 NA
15014 728 NA
15016 633 NA
15018 605 NA
15019 577 NA
15020 526 NA
15021 526 NA
15023 459 NA
15025 437 NA
15026 415 NA
15028 380 NA
15029 348 NA
15031 332 NA
15032 317 NA
15033 289 NA
15035 275 NA
15036 251 NA
15037 251 NA
15038 240 NA
15039 230 NA
15040 219 NA
15042 189 NA
15044 165 NA
15046 150 NA
15047 143 NA
15048 136 NA
15049 136 NA
15050 126 NA
15052 140 NA
15054 147 NA
15055 155 NA
15058 152 NA
15060 160 NA
15061 162 NA
15063 171 NA
15064 180 NA
15066 180 NA
15067 189 NA
15070 209 NA
15072 231 NA
15073 236 NA
15076 229 NA
15078 222 NA
15080 227 NA
15082 237 NA
15084 241 NA
15085 244 NA
15086 231 NA
15087 231 NA
15088 220 NA
15089 211 NA
15090 211 NA
15091 202 NA
15093 192 NA
15094 192 NA
15095 188 NA
15096 188 NA
15097 192 NA
15098 192 NA
15100 197 NA
15101 204 NA
15103 203 NA
15105 193 NA
15106 185 NA
15107 176 NA
15109 169 NA
15110 165 NA
15114 150 NA
15116 150 NA
15120 152 NA
15123 157 NA
15124 163 NA
15125 163 NA
15126 170 NA
15128 178 NA
15130 186 NA
15131 186 NA
15132 195 NA
15133 205 NA
15136 206 NA
15138 216 NA
15140 227 NA
15143 239 NA
15145 251 NA
15149 264 NA
15150 263 NA
15152 254 NA
15154 250 NA
15156 239 NA
15157 230 NA
15158 224 NA
15159 224 NA
15161 223 NA
15163 217 NA
15164 217 NA
15165 228 NA
15168 233 NA
15170 236 NA
15172 226 NA
15173 218 NA
15175 207 NA
15177 204 NA
15178 204 NA
15179 196 NA
15182 195 NA
15184 187 NA
15185 181 NA
15186 181 NA
15187 175 NA
15189 169 NA
15191 163 NA
15193 157 NA
15194 157 NA
15196 155 NA
15197 148 NA
15199 141 NA
15204 133 NA
15207 131 NA
15210 133 NA
15214 129 NA
15217 124 NA
15219 118 NA
15221 118 NA
15222 114 NA
15224 110 NA
15226 105 NA
15227 100 NA
15231 97 NA
15232 97 NA
15235 101 NA
15240 98 NA
15243 98 NA
15244 94 NA
15248 95 NA
15249 95 NA
15250 98 NA
15254 100 NA
15258 103 NA
15263 106 NA
15264 110 NA
15270 112 NA
15271 112 NA
15273 111 NA
15275 107 NA
15277 102 NA
15280 97 NA
15283 97 NA
15285 99 NA
15287 102 NA
15291 99 NA
15294 97 NA
15297 94 NA
15302 99 NA
15307 99 NA
15308 103 NA
15310 103 NA
15312 109 NA
15313 109 NA
15314 107 NA
15316 107 NA
15317 106 NA
15319 106 NA
15320 112 NA
15323 112 NA
15324 113 NA
15326 113 NA
15327 118 NA
15329 118 NA
15330 113 NA
15332 113 NA
15333 111 NA
15335 111 NA
15336 116 NA
15338 116 NA
15339 119 NA
15340 119 NA
15341 119 NA
15342 119 NA
15343 119 NA
15344 119 NA
15345 122 NA
15346 122 NA
15347 122 NA
15348 117 NA
15349 117 NA
15350 117 NA
15351 120 NA
15352 120 NA
15353 120 NA
15354 126 NA
15355 126 NA
15356 126 NA
15357 133 NA
15358 133 NA
15359 133 NA
15360 139 NA
15361 139 NA
15362 139 NA
15363 146 NA
15364 146 NA
15365 146 NA
15366 153 NA
15367 153 NA
15368 152 NA
15369 152 NA
15370 152 NA
15371 157 NA
15372 165 NA
15373 174 NA
15374 183 NA
15375 193 NA
15376 193 NA
15377 202 NA
15378 213 NA
15379 213 NA
15380 222 NA
15381 222 NA
15382 234 NA
15383 246 NA
15384 258 NA
15385 258 NA
15386 258 NA
15387 271 NA
15388 271 NA
15389 271 NA
15390 268 NA
15391 268 NA
15392 281 NA
15393 281 NA
15394 295 NA
15395 295 NA
15396 309 NA
15397 309 NA
15398 307 NA
15399 307 NA
15400 296 NA
15401 296 NA
15402 296 NA
15403 308 NA
15404 308 NA
15405 294 NA
15406 294 NA
15407 292 NA
15408 292 NA
15409 284 NA
15410 284 NA
15411 284 NA
15412 271 NA
15413 271 NA
15414 263 NA
15415 263 NA
15416 263 NA
15417 263 NA
15418 263 NA
15419 271 NA
15420 271 NA
15421 274 NA
15422 275 NA
15423 275 NA
15424 276 NA
15425 276 NA
15426 277 NA
15427 290 NA
15428 290 NA
15429 293 NA
15430 293 NA
15431 285 NA
15432 285 NA
15433 278 NA
15434 278 NA
15435 271 NA
15436 271 NA
15437 275 NA
15438 279 NA
15439 279 NA
15440 286 NA
15441 286 NA
15442 291 NA
15443 291 NA
15444 304 NA
15445 304 NA
15446 320 NA
15447 320 NA
15448 335 NA
15449 335 NA
15450 350 NA
15451 362 NA
15452 362 NA
15453 349 NA
15454 349 NA
15455 350 NA
15456 350 NA
15457 347 NA
15458 347 NA
15459 333 NA
15460 333 NA
15461 327 NA
15462 327 NA
15463 332 NA
15464 332 NA
15465 334 NA
15466 334 NA
15467 320 NA
15468 320 NA
15469 321 NA
15470 321 NA
15471 320 NA
15472 320 NA
15473 314 NA
15474 324 NA
15475 324 NA
15476 331 NA
15477 331 NA
15478 334 NA
15479 334 NA
15480 341 NA
15481 341 NA
15482 357 NA
15483 357 NA
15484 374 NA
15485 374 NA
15486 391 NA
15487 391 NA
15488 408 NA
15489 424 NA
15490 424 NA
15491 444 NA
15492 464 NA
15493 464 NA
15494 485 NA
15495 508 NA
15496 508 NA
15497 534 NA
15498 534 NA
15499 546 NA
15500 571 NA
15501 571 NA
15502 577 NA
15503 602 NA
15504 602 NA
15505 626 NA
15506 645 NA
15507 643 NA
15508 643 NA
15509 657 NA
15510 676 NA
15511 676 NA
15512 701 NA
15513 712 NA
15514 714 NA
15515 711 NA
15516 706 NA
15517 706 NA
15518 696 NA
15519 689 NA
15520 689 NA
15521 703 NA
15522 700 NA
15523 668 NA
15524 668 NA
15525 684 NA
15526 684 NA
15527 695 NA
15528 695 NA
15529 730 NA
15530 730 NA
15531 723 NA
15532 687 NA
15533 687 NA
15534 686 NA
15535 713 NA
15536 713 NA
15537 748 NA
15538 748 NA
15539 738 NA
15540 738 NA
15541 723 NA
15542 731 NA
15543 731 NA
15544 713 NA
15545 696 NA
15546 694 NA
15547 694 NA
15548 683 NA
15549 683 NA
15550 649 NA
15551 649 NA
15552 631 NA
15553 622 NA
15554 599 NA
15555 599 NA
15556 590 NA
15557 590 NA
15558 577 NA
15559 591 NA
15560 591 NA
15561 596 NA
15562 596 NA
15563 593 NA
15564 599 NA
15565 599 NA
15566 580 NA
15567 571 NA
15568 571 NA
15569 553 NA
15570 529 NA
15571 529 NA
15572 534 NA
15573 534 NA
15574 527 NA
15575 527 NA
15576 524 NA
15577 524 NA
15578 500 NA
15579 489 NA
15580 489 NA
15581 485 NA
15582 485 NA
15583 494 NA
15584 494 NA
15585 496 NA
15586 496 NA
15587 490 NA
15588 490 NA
15589 467 NA
15590 467 NA
15591 448 NA
15592 448 NA
15593 432 NA
15594 428 NA
15595 428 NA
15596 428 NA
15597 428 NA
15598 431 NA
15599 431 NA
15600 429 NA
15601 429 NA
15602 429 NA
15603 429 NA
15604 418 NA
15605 418 NA
15606 415 NA
15607 415 NA
15608 415 NA
15609 429 NA
15610 429 NA
15611 429 NA
15612 441 NA
15613 441 NA
15614 446 NA
15615 446 NA
15616 446 NA
15617 442 NA
15618 442 NA
15619 441 NA
15620 441 NA
15621 420 NA
15622 420 NA
15623 402 NA
15624 402 NA
15625 395 NA
15626 395 NA
15627 391 NA
15628 391 NA
15629 395 NA
15630 395 NA
15631 394 NA
15632 394 NA
15633 394 NA
15634 385 NA
15635 385 NA
15636 386 NA
15637 386 NA
15638 386 NA
15639 397 NA
15640 397 NA
15641 398 NA
15642 398 NA
15643 410 NA
15644 410 NA
15645 425 NA
15646 425 NA
15647 425 NA
15648 440 NA
15649 440 NA
15650 445 NA
15651 449 NA
15652 454 NA
15653 458 NA
15654 463 NA
15655 467 NA
15656 472 NA
15657 476 NA
15658 490 NA
15659 490 NA
15660 490 NA
15661 502 NA
15662 502 NA
15663 502 NA
15664 520 NA
15665 520 NA
15666 544 NA
15667 544 NA
15668 557 NA
15669 557 NA
15670 580 NA
15671 580 NA
15672 580 NA
15673 603 NA
15674 603 NA
15675 603 NA
15676 632 NA
15677 632 NA
15678 632 NA
15679 652 NA
15680 652 NA
15681 652 NA
15682 677 NA
15683 677 NA
15684 707 NA
15685 707 NA
15686 707 NA
15687 740 NA
15688 740 NA
15689 740 NA
15690 770 NA
15691 770 NA
15692 800 NA
15693 800 NA
15694 800 NA
15695 816 NA
15696 816 NA
15697 816 NA
15698 828 NA
15699 828 NA
15700 828 NA
15701 850 NA
15702 850 NA
15703 850 NA
15704 889 NA
15705 889 NA
15706 889 NA
15707 928 NA
15708 928 NA
15709 928 NA
15710 960 NA
15711 960 NA
15712 960 NA
15713 1000 NA
15714 1000 NA
15715 1000 NA
15716 1000 NA
15717 1044 NA
15718 1044 NA
15719 1044 NA
15720 1092 NA
15721 1092 NA
15722 1092 NA
15723 1139 NA
15724 1139 NA
15725 1139 NA
15726 1166 NA
15727 1166 NA
15728 1166 NA
15729 1219 NA
15730 1219 NA
15731 1219 NA
15732 1253 NA
15733 1253 NA
15734 1253 NA
15735 1253 NA
15736 1208 NA
15737 1208 NA
15738 1208 NA
15739 1178 NA
15740 1178 NA
15741 1178 NA
15742 1182 NA
15743 1182 NA
15744 1182 NA
15745 1182 NA
15746 1183 NA
15747 1183 NA
15748 1183 NA
15749 1185 NA
15750 1185 NA
15751 1185 NA
15752 1170 NA
15753 1170 NA
15754 1170 NA
15755 1119 NA
15756 1119 NA
15757 1119 NA
15758 1101 NA
15759 1101 NA
15760 1101 NA
15761 1089 NA
15762 1089 NA
15763 1089 NA
15764 1109 NA
15765 1109 NA
15766 1109 NA
15767 1129 NA
15768 1129 NA
15769 1146 NA
15770 1146 NA
15771 1146 NA
15772 1118 NA
15773 1118 NA
15774 1118 NA
15775 1112 NA
15776 1112 NA
15777 1112 NA
15778 1112 NA
15779 1084 NA
15780 1084 NA
15781 1084 NA
15782 1084 NA
15783 1075 NA
15784 1075 NA
15785 1075 NA
15786 1075 NA
15787 1033 NA
15788 1033 NA
15789 1033 NA
15790 1033 NA
15791 993 NA
15792 993 NA
15793 993 NA
15794 957 NA
15795 957 NA
15796 957 NA
15797 922 NA
15798 917 NA
15799 912 NA
15800 907 NA
15801 903 NA
15802 898 NA
15803 893 NA
15804 888 NA
15805 859 NA
15806 859 NA
15807 859 NA
15808 859 NA
15809 859 NA
15810 829 NA
15811 829 NA
15812 829 NA
15813 829 NA
15814 829 NA
15815 799 NA
15816 799 NA
15817 799 NA
15818 799 NA
15819 799 NA
15820 799 NA
15821 774 NA
15822 774 NA
15823 774 NA
15824 774 NA
15825 774 NA
15826 751 NA
15827 751 NA
15828 751 NA
15829 751 NA
15830 751 NA
15831 751 NA
15832 724 NA
15833 724 NA
15834 724 NA
15835 724 NA
15836 724 NA
15837 711 NA
15838 711 NA
15839 711 NA
15840 711 NA
15841 711 NA
15842 711 NA
15843 718 NA
15844 718 NA
15845 718 NA
15846 718 NA
15847 718 NA
15848 718 NA
15849 711 NA
15850 711 NA
15851 711 NA
15852 711 NA
15853 711 NA
15854 711 NA
15855 687 NA
15856 687 NA
15857 687 NA
15858 687 NA
15859 687 NA
15860 687 NA
15861 665 NA
15862 665 NA
15863 665 NA
15864 665 NA
15865 665 NA
15866 665 NA
15867 647 NA
15868 647 NA
15869 647 NA
15870 647 NA
15871 647 NA
15872 647 NA
15873 649 NA
15874 649 NA
15875 649 NA
15876 649 NA
15877 649 NA
15878 649 NA
15879 635 NA
15880 635 NA
15881 635 NA
15882 635 NA
15883 635 NA
15884 629 NA
15885 629 NA
15886 629 NA
15887 629 NA
15888 629 NA
15889 629 NA
15890 615 NA
15891 615 NA
15892 615 NA
15893 615 NA
15894 615 NA
15895 593 NA
15896 593 NA
15897 593 NA
15898 593 NA
15899 593 NA
15900 580 NA
15901 580 NA
15902 580 NA
15903 577 NA
15904 574 NA
15905 572 NA
15906 569 NA
15907 566 NA
15908 563 NA
15909 563 NA
15910 563 NA
15911 563 NA
15912 549 NA
15913 549 NA
15914 549 NA
15915 549 NA
15916 549 NA
15917 549 NA
15918 545 NA
15919 545 NA
15920 545 NA
15921 545 NA
15922 545 NA
15923 545 NA
15924 533 NA
15925 533 NA
15926 533 NA
15927 533 NA
15928 533 NA
15929 533 NA
15930 523 NA
15931 523 NA
15932 523 NA
15933 523 NA
15934 523 NA
15935 523 NA
15936 523 NA
15937 510 NA
15938 510 NA
15939 510 NA
15940 510 NA
15941 510 NA
15942 510 NA
15943 510 NA
15944 510 NA
15945 510 NA
15946 491 NA
15947 491 NA
15948 491 NA
15949 491 NA
15950 491 NA
15951 491 NA
15952 491 NA
15953 491 NA
15954 476 NA
15955 476 NA
15956 476 NA
15957 476 NA
15958 476 NA
15959 476 NA
15960 476 NA
15961 476 NA
15962 476 NA
15963 464 NA
15964 464 NA
15965 464 NA
15966 464 NA
15967 464 NA
15968 464 NA
15969 464 NA
15970 464 NA
15971 464 NA
15972 464 NA
15973 454 NA
15974 454 NA
15975 454 NA
15976 454 NA
15977 454 NA
15978 454 NA
15979 454 NA
15980 454 NA
15981 454 NA
15982 454 NA
15983 441 NA
15984 441 NA
15985 441 NA
15986 440 NA
15987 439 NA
15988 438 NA
15989 437 NA
15990 435 NA
15991 434 NA
15992 433 NA
15993 432 NA
15994 432 NA
15995 432 NA
15996 432 NA
15997 432 NA
15998 432 NA
15999 432 NA
16000 432 NA
16001 432 NA
16002 419 NA
16003 419 NA
16004 419 NA
16005 419 NA
16006 419 NA
16007 419 NA
16008 419 NA
16009 419 NA
16010 419 NA
16011 400 NA
16012 400 NA
16013 400 NA
16014 400 NA
16015 400 NA
16016 400 NA
16017 400 NA
16018 400 NA
16019 385 NA
16020 385 NA
16021 385 NA
16022 385 NA
16023 385 NA
16024 385 NA
16025 385 NA
16026 385 NA
16027 377 NA
16028 377 NA
16029 377 NA
16030 377 NA
16031 377 NA
16032 377 NA
16033 377 NA
16034 377 NA
16035 376 NA
16036 375 NA
16037 374 NA
16038 374 NA
16039 373 NA
16040 372 NA
16041 371 NA
16042 371 NA
16043 376 NA
16044 376 NA
16045 376 NA
16046 376 NA
16047 376 NA
16048 376 NA
16049 376 NA
16050 376 NA
16051 376 NA
16052 371 NA
16053 371 NA
16054 371 NA
16055 371 NA
16056 371 NA
16057 371 NA
16058 371 NA
16059 371 NA
16060 371 NA
16061 371 NA
16062 365 NA
16063 365 NA
16064 365 NA
16065 365 NA
16066 365 NA
16067 365 NA
16068 365 NA
16069 371 NA
16070 371 NA
16071 371 NA
16072 371 NA
16073 371 NA
16074 371 NA
16075 371 NA
16076 364 NA
16077 364 NA
16078 364 NA
16079 364 NA
16080 364 NA
16081 364 NA
16082 364 NA
16083 354 NA
16084 354 NA
16085 354 NA
16086 354 NA
16087 354 NA
16088 354 NA
16089 357 NA
16090 357 NA
16091 357 NA
16092 357 NA
16093 357 NA
16094 357 NA
16095 357 NA
16096 347 NA
16097 347 NA
16098 347 NA
16099 347 NA
16100 347 NA
16101 347 NA
16102 333 NA
16103 333 NA
16104 333 NA
16105 333 NA
16106 333 NA
16107 320 NA
16108 320 NA
16109 320 NA
16110 320 NA
16111 320 NA
16112 308 NA
16113 308 NA
16114 308 NA
16115 308 NA
16116 308 NA
16117 296 NA
16118 296 NA
16119 296 NA
16120 296 NA
16121 296 NA
16122 284 NA
16123 284 NA
16124 284 NA
16125 284 NA
16126 284 NA
16127 274 NA
16128 274 NA
16129 274 NA
16130 274 NA
16131 274 NA
16132 274 NA
16133 263 NA
16134 263 NA
16135 263 NA
16136 263 NA
16137 263 NA
16138 263 NA
16139 251 NA
16140 251 NA
16141 251 NA
16142 251 NA
16143 242 NA
16144 242 NA
16145 242 NA
16146 242 NA
16147 242 NA
16148 242 NA
16149 242 NA
16150 253 NA
16151 253 NA
16152 253 NA
16153 253 NA
16154 253 NA
16155 253 NA
16156 253 NA
16157 264 NA
16158 264 NA
16159 264 NA
16160 264 NA
16161 264 NA
16162 264 NA
16163 264 NA
16164 277 NA
16165 277 NA
16166 277 NA
16167 277 NA
16168 277 NA
16169 277 NA
16170 277 NA
16171 277 NA
16172 289 NA
16173 289 NA
16174 289 NA
16175 289 NA
16176 289 NA
16177 289 NA
16178 289 NA
16179 289 NA
16180 303 NA
16181 303 NA
16182 303 NA
16183 303 NA
16184 303 NA
16185 303 NA
16186 303 NA
16187 303 NA
16188 317 NA
16189 317 NA
16190 317 NA
16191 317 NA
16192 317 NA
16193 317 NA
16194 317 NA
16195 332 NA
16196 332 NA
16197 332 NA
16198 332 NA
16199 332 NA
16200 332 NA
16201 332 NA
16202 340 NA
16203 348 NA
16204 348 NA
16205 348 NA
16206 348 NA
16207 348 NA
16208 350 NA
16209 350 NA
16210 350 NA
16211 350 NA
16212 350 NA
16213 350 NA
16214 350 NA
16215 338 NA
16216 338 NA
16217 338 NA
16218 338 NA
16219 338 NA
16220 338 NA
16221 338 NA
16222 338 NA
16223 329 NA
16224 329 NA
16225 329 NA
16226 329 NA
16227 329 NA
16228 329 NA
16229 329 NA
16230 329 NA
16231 329 NA
16232 329 NA
16233 329 NA
16234 329 NA
16235 329 NA
16236 329 NA
16237 325 NA
16238 325 NA
16239 325 NA
16240 325 NA
16241 325 NA
16242 325 NA
16243 325 NA
16244 334 NA
16245 334 NA
16246 334 NA
16247 334 NA
16248 334 NA
16249 334 NA
16250 334 NA
16251 324 NA
16252 324 NA
16253 324 NA
16254 324 NA
16255 324 NA
16256 324 NA
16257 324 NA
16258 316 NA
16259 316 NA
16260 316 NA
16261 316 NA
16262 316 NA
16263 316 NA
16264 316 NA
16265 309 NA
16266 309 NA
16267 309 NA
16268 309 NA
16269 309 NA
16270 309 NA
16271 312 NA
16272 312 NA
16273 312 NA
16274 312 NA
16275 312 NA
16276 310 NA
16277 310 NA
16278 310 NA
16279 310 NA
16280 310 NA
16281 304 NA
16282 304 NA
16283 304 NA
16284 304 NA
16285 304 NA
16286 306 NA
16287 306 NA
16288 306 NA
16289 306 NA
16290 306 NA
16291 306 NA
16292 315 NA
16293 315 NA
16294 315 NA
16295 315 NA
16296 315 NA
16297 315 NA
16298 319 NA
16299 319 NA
16300 319 NA
16301 319 NA
16302 319 NA
16303 315 NA
16304 315 NA
16305 315 NA
16306 315 NA
16307 315 NA
16308 315 NA
16309 314 NA
16310 314 NA
16311 314 NA
16312 314 NA
16313 314 NA
16314 314 NA
16315 314 NA
16316 311 NA
16317 311 NA
16318 311 NA
16319 311 NA
16320 311 NA
16321 311 NA
16322 324 NA
16323 324 NA
16324 324 NA
16325 324 NA
16326 324 NA
16327 324 NA
16328 324 NA
16329 340 NA
16330 340 NA
16331 340 NA
16332 340 NA
16333 340 NA
16334 340 NA
16335 340 NA
16336 340 NA
16337 340 NA
16338 356 NA
16339 356 NA
16340 356 NA
16341 356 NA
16342 356 NA
16343 356 NA
16344 356 NA
16345 356 NA
16346 368 NA
16347 368 NA
16348 368 NA
16349 368 NA
16350 368 NA
16351 368 NA
16352 368 NA
16353 362 NA
16354 362 NA
16355 362 NA
16356 362 NA
16357 362 NA
16358 362 NA
16359 362 NA
16360 349 NA
16361 349 NA
16362 349 NA
16363 349 NA
16364 349 NA
16365 349 NA
16366 349 NA
16367 349 NA
16368 338 NA
16369 338 NA
16370 338 NA
16371 338 NA
16372 338 NA
16373 338 NA
16374 338 NA
16375 338 NA
16376 331 NA
16377 331 NA
16378 331 NA
16379 331 NA
16380 331 NA
16381 331 NA
16382 331 NA
16383 324 NA
16384 324 NA
16385 324 NA
16386 324 NA
16387 324 NA
16388 324 NA
16389 324 NA
16390 324 NA
16391 323 NA
16392 323 NA
16393 323 NA
16394 323 NA
16395 323 NA
16396 323 NA
16397 323 NA
16398 323 NA
16399 323 NA
16400 316 NA
16401 316 NA
16402 316 NA
16403 316 NA
16404 316 NA
16405 316 NA
16406 316 NA
16407 316 NA
16408 316 NA
16409 308 NA
16410 308 NA
16411 308 NA
16412 308 NA
16413 308 NA
16414 308 NA
16415 308 NA
16416 308 NA
16417 304 NA
16418 304 NA
16419 304 NA
16420 304 NA
16421 304 NA
16422 304 NA
16423 304 NA
16424 304 NA
16425 298 NA
16426 298 NA
16427 298 NA
16428 298 NA
16429 298 NA
16430 298 NA
16431 298 NA
16432 298 NA
16433 293 NA
16434 293 NA
16435 293 NA
16436 293 NA
16437 293 NA
16438 293 NA
16439 285 NA
16440 285 NA
16441 285 NA
16442 285 NA
16443 285 NA
16444 285 NA
16445 285 NA
16446 282 NA
16447 282 NA
16448 282 NA
16449 282 NA
16450 282 NA
16451 282 NA
16452 282 NA
16453 272 NA
16454 272 NA
16455 272 NA
16456 272 NA
16457 272 NA
16458 272 NA
16459 262 NA
16460 262 NA
16461 262 NA
16462 262 NA
16463 262 NA
16464 262 NA
16465 252 NA
16466 252 NA
16467 252 NA
16468 252 NA
16469 252 NA
16470 252 NA
16471 243 NA
16472 243 NA
16473 243 NA
16474 243 NA
16475 243 NA
16476 243 NA
16477 233 NA
16478 233 NA
16479 233 NA
16480 233 NA
16481 233 NA
16482 233 NA
16483 225 NA
16484 225 NA
16485 225 NA
16486 225 NA
16487 225 NA
16488 219 NA
16489 219 NA
16490 219 NA
16491 219 NA
16492 219 NA
16493 219 NA
16494 212 NA
16495 212 NA
16496 212 NA
16497 212 NA
16498 212 NA
16499 212 NA
16500 204 NA
16501 204 NA
16502 204 NA
16503 204 NA
16504 204 NA
16505 204 NA
16506 198 NA
16507 198 NA
16508 198 NA
16509 198 NA
16510 198 NA
16511 198 NA
16512 198 NA
16513 191 NA
16514 191 NA
16515 191 NA
16516 191 NA
16517 191 NA
16518 191 NA
16519 191 NA
16520 184 NA
16521 184 NA
16522 184 NA
16523 184 NA
16524 184 NA
16525 184 NA
16526 177 NA
16527 177 NA
16528 177 NA
16529 177 NA
16530 177 NA
16531 177 NA
16532 177 NA
16533 171 NA
16534 171 NA
16535 171 NA
16536 171 NA
16537 171 NA
16538 171 NA
16539 171 NA
16540 165 NA
16541 165 NA
16542 165 NA
16543 165 NA
16544 165 NA
16545 165 NA
16546 165 NA
16547 165 NA
16548 165 NA
16549 159 NA
16550 159 NA
16551 159 NA
16552 159 NA
16553 159 NA
16554 159 NA
16555 159 NA
16556 159 NA
16557 154 NA
16558 154 NA
16559 154 NA
16560 154 NA
16561 154 NA
16562 154 NA
16563 154 NA
16564 154 NA
16565 154 NA
16566 148 NA
16567 148 NA
16568 148 NA
16569 148 NA
16570 148 NA
16571 148 NA
16572 148 NA
16573 148 NA
16574 142 NA
16575 142 NA
16576 142 NA
16577 142 NA
16578 142 NA
16579 142 NA
16580 142 NA
16581 137 NA
16582 137 NA
16583 137 NA
16584 137 NA
16585 137 NA
16586 137 NA
16587 137 NA
16588 132 NA
16589 132 NA
16590 132 NA
16591 132 NA
16592 132 NA
16593 132 NA
16594 132 NA
16595 132 NA
16596 132 NA
16597 127 NA
16598 127 NA
16599 127 NA
16600 127 NA
16601 127 NA
16602 127 NA
16603 127 NA
16604 127 NA
16605 127 NA
16606 126 NA
16607 126 NA
16608 126 NA
16609 126 NA
16610 126 NA
16611 126 NA
16612 126 NA
16613 126 NA
16614 126 NA
16615 126 NA
16616 133 NA
16617 133 NA
16618 133 NA
16619 133 NA
16620 133 NA
16621 133 NA
16622 133 NA
16623 133 NA
16624 133 NA
16625 133 NA
16626 136 NA
16627 136 NA
16628 136 NA
16629 136 NA
16630 136 NA
16631 136 NA
16632 136 NA
16633 132 NA
16634 132 NA
16635 132 NA
16636 132 NA
16637 132 NA
16638 132 NA
16639 132 NA
16640 132 NA
16641 132 NA
16642 128 NA
16643 128 NA
16644 128 NA
16645 128 NA
16646 128 NA
16647 128 NA
16648 128 NA
16649 124 NA
16650 124 NA
16651 124 NA
16652 124 NA
16653 124 NA
16654 124 NA
16655 124 NA
16656 124 NA
16657 119 NA
16658 119 NA
16659 119 NA
16660 119 NA
16661 119 NA
16662 119 NA
16663 119 NA
16665 114 NA
16666 114 NA
16668 114 NA
16669 114 NA
16670 114 NA
16671 114 NA
16672 114 NA
16673 110 NA
16674 110 NA
16675 110 NA
16676 110 NA
16677 110 NA
16678 110 NA
16679 110 NA
16680 106 NA
16681 106 NA
16682 106 NA
16683 106 NA
16684 106 NA
16686 106 NA
16687 103 NA
16688 103 NA
16689 103 NA
16690 103 NA
16691 103 NA
16692 103 NA
16693 103 NA
16694 103 NA
16695 100 NA
16696 100 NA
16697 100 NA
16698 100 NA
16699 100 NA
16700 100 NA
16701 100 NA
16702 100 NA
16703 97 NA
16704 97 NA
16705 97 NA
16706 97 NA
16707 97 NA
16708 97 NA
16709 97 NA
16710 94 NA
16711 94 NA
16712 94 NA
16715 95 NA
16717 95 NA
16719 98 NA
16720 98 NA
16721 98 NA
16722 101 NA
16723 101 NA
16724 101 NA
16725 101 NA
16726 106 NA
16727 106 NA
16728 106 NA
16730 111 NA
16731 111 NA
16732 111 NA
16733 116 NA
16734 116 NA
16735 116 NA
16736 121 NA
16737 121 NA
16738 121 NA
16739 121 NA
16740 126 NA
16741 126 NA
16742 126 NA
16743 126 NA
16744 129 NA
16745 129 NA
16746 129 NA
16747 134 NA
16748 134 NA
16749 134 NA
16750 134 NA
16751 139 NA
16752 139 NA
16753 139 NA
16754 139 NA
16755 145 NA
16756 145 NA
16757 145 NA
16759 152 NA
16760 152 NA
16761 152 NA
16762 152 NA
16763 159 NA
16764 159 NA
16765 159 NA
16766 165 NA
16767 165 NA
16768 165 NA
16769 165 NA
16770 171 NA
16771 171 NA
16772 171 NA
16773 171 NA
16774 179 NA
16775 179 NA
16777 187 NA
16778 187 NA
16779 187 NA
16780 187 NA
16781 191 NA
16782 191 NA
16783 191 NA
16784 189 NA
16785 189 NA
16786 189 NA
16787 189 NA
16788 191 NA
16789 191 NA
16790 191 NA
16791 194 NA
16792 194 NA
16793 194 NA
16794 202 NA
16795 202 NA
16796 202 NA
16797 202 NA
16798 209 NA
16799 209 NA
16800 209 NA
16801 216 NA
16802 216 NA
16803 216 NA
16804 216 NA
16807 216 NA
16808 214 NA
16809 214 NA
16810 214 NA
16811 214 NA
16812 217 NA
16813 217 NA
16814 217 NA
16815 226 NA
16816 226 NA
16817 232 NA
16818 232 NA
16820 232 NA
16821 238 NA
16823 238 NA
16824 247 NA
16825 247 NA
16826 247 NA
16827 259 NA
16828 259 NA
16829 259 NA
16830 270 NA
16831 270 NA
16832 270 NA
16833 270 NA
16834 282 NA
16835 282 NA
16836 282 NA
16837 287 NA
16838 287 NA
16839 287 NA
16840 287 NA
16841 292 NA
16842 292 NA
16843 292 NA
16844 292 NA
16845 306 NA
16847 306 NA
16849 321 NA
16850 321 NA
16851 334 NA
16852 334 NA
16853 334 NA
16854 348 NA
16855 348 NA
16856 348 NA
16857 364 NA
16858 364 NA
16859 381 NA
16860 381 NA
16861 381 NA
16862 397 NA
16863 397 NA
16864 397 NA
16865 415 NA
16866 415 NA
16867 415 NA
16869 432 NA
16870 432 NA
16871 432 NA
16872 448 NA
16873 448 NA
16874 448 NA
16875 459 NA
16876 459 NA
16878 459 NA
16879 455 NA
16880 455 NA
16881 455 NA
16884 462 NA
16885 479 NA
16886 479 NA
16887 479 NA
16888 502 NA
16889 502 NA
16890 502 NA
16892 522 NA
16893 522 NA
16894 522 NA
16895 547 NA
16896 547 NA
16897 547 NA
16898 572 NA
16899 572 NA
16900 572 NA
16901 597 NA
16902 597 NA
16903 597 NA
16904 616 NA
16905 616 NA
16906 616 NA
16907 623 NA
16908 623 NA
16909 623 NA
16910 619 NA
16911 619 NA
16912 609 NA
16913 609 NA
16914 609 NA
16915 637 NA
16916 637 NA
16917 665 NA
16918 665 NA
16919 689 NA
16920 689 NA
16921 689 NA
16922 681 NA
16923 681 NA
16924 681 NA
16925 679 NA
16926 679 NA
16927 679 NA
16928 669 NA
16929 669 NA
16930 669 NA
16931 656 NA
16932 656 NA
16933 656 NA
16934 656 NA
16935 633 NA
16937 633 NA
16938 604 NA
16939 604 NA
16940 604 NA
16941 595 NA
16942 595 NA
16943 595 NA
16944 595 NA
16945 566 NA
16946 566 NA
16949 562 NA
16950 559 NA
16951 559 NA
16952 544 NA
16953 544 NA
16954 527 NA
16955 527 NA
16956 527 NA
16957 524 NA
16958 524 NA
16959 505 NA
16960 505 NA
16967 486 NA
16968 471 NA
16969 471 NA
16970 463 NA
16971 463 NA
16972 463 NA
16974 451 NA
16975 451 NA
16976 448 NA
16977 448 NA
16978 448 NA
16979 461 NA
16980 461 NA
16981 473 NA
16982 473 NA
16984 481 NA
16985 481 NA
16986 481 NA
16987 490 NA
16988 490 NA
16989 486 NA
16990 486 NA
16991 486 NA
16992 501 NA
16993 501 NA
16994 501 NA
16999 526 NA
17001 526 NA
17006 500 NA
17007 500 NA
17014 489 NA
17015 489 NA
17016 489 NA
17017 482 NA
17018 482 NA
17019 482 NA
17020 482 NA
17021 482 NA
17022 466 NA
17023 466 NA
17024 466 NA
17025 458 NA
17026 458 NA
17027 458 NA
17028 458 NA
17029 457 NA
17031 457 NA
17032 457 NA
17033 454 NA
17034 454 NA
17035 454 NA
17036 454 NA
17037 451 NA
17038 451 NA
17039 451 NA
17040 451 NA
17042 443 NA
17044 443 NA
17045 458 NA
17046 458 NA
17047 458 NA
17048 458 NA
17049 479 NA
17050 479 NA
17051 479 NA
17052 492 NA
17053 492 NA
17054 492 NA
17055 492 NA
17056 485 NA
17057 485 NA
17058 485 NA
17059 485 NA
17060 482 NA
17061 482 NA
17062 482 NA
17063 482 NA
17064 474 NA
17069 479 NA
17070 479 NA
17071 482 NA
17072 482 NA
17073 482 NA
17075 486 NA
17076 486 NA
17077 486 NA
17078 501 NA
17079 501 NA
17080 501 NA
17081 501 NA
17083 524 NA
17084 524 NA
17085 546 NA
17086 546 NA
17087 546 NA
17088 546 NA
17089 559 NA
17091 559 NA
17092 559 NA
17093 566 NA
17094 566 NA
17095 566 NA
17096 566 NA
17097 560 NA
17098 560 NA
17099 560 NA
17100 560 NA
17101 567 NA
17102 567 NA
17103 567 NA
17104 567 NA
17105 571 NA
17106 571 NA
17107 571 NA
17108 571 NA
17109 573 NA
17110 573 NA
17111 573 NA
17112 573 NA
17113 556 NA
17114 556 NA
17115 556 NA
17117 539 NA
17118 539 NA
17123 532 NA
17124 519 NA
17125 519 NA
17126 519 NA
17127 519 NA
17129 511 NA
17130 511 NA
17131 511 NA
17132 512 NA
17133 512 NA
17134 512 NA
17135 512 NA
17136 525 NA
17138 525 NA
17139 525 NA
17140 517 NA
17141 517 NA
17142 517 NA
17143 517 NA
17144 519 NA
17145 519 NA
17146 519 NA
17147 519 NA
