"Index" "Price" "Volume"
14019 624 NA
14020 640 NA
14021 638 NA
14022 638 NA
14023 608 NA
14024 608 NA
14025 584 NA
14026 584 NA
14027 605 NA
14028 605 NA
14029 604 NA
14030 604 NA
14031 602 NA
14032 608 NA
14033 622 NA
14034 626 NA
14035 630 NA
14036 621 NA
14037 602 NA
14038 585 NA
14039 569 NA
14040 569 NA
14041 574 NA
14042 580 NA
14043 573 NA
14044 564 NA
14045 548 NA
14046 548 NA
14047 551 NA
14048 544 NA
14049 557 NA
14050 574 NA
14051 574 NA
14052 588 NA
14053 612 NA
14054 612 NA
14055 614 NA
14056 630 NA
14057 614 NA
14058 597 NA
14059 585 NA
14060 578 NA
14061 557 NA
14062 556 NA
14063 556 NA
14064 560 NA
14065 565 NA
14066 566 NA
14067 567 NA
14068 561 NA
14069 591 NA
14070 591 NA
14071 599 NA
14072 603 NA
14073 597 NA
14074 603 NA
14075 603 NA
14076 618 NA
14077 620 NA
14078 616 NA
14079 606 NA
14080 600 NA
14081 600 NA
14082 613 NA
14083 630 NA
14084 633 NA
14085 601 NA
14086 601 NA
14087 587 NA
14088 595 NA
14089 602 NA
14090 602 NA
14091 622 NA
14092 622 NA
14093 629 NA
14094 641 NA
14095 640 NA
14096 644 NA
14097 644 NA
14098 647 NA
14099 651 NA
14100 644 NA
14101 641 NA
14102 640 NA
14103 650 NA
14104 671 NA
14105 675 NA
14106 664 NA
14107 643 NA
14108 625 NA
14109 601 NA
14110 595 NA
14111 604 NA
14112 604 NA
14113 605 NA
14114 582 NA
14115 582 NA
14116 566 NA
14117 575 NA
14118 581 NA
14119 561 NA
14120 543 NA
14121 512 NA
14122 508 NA
14123 508 NA
14124 514 NA
14125 523 NA
14126 500 NA
14127 484 NA
14128 484 NA
14129 473 NA
14130 486 NA
14131 486 NA
14132 510 NA
14133 523 NA
14134 534 NA
14135 538 NA
14136 545 NA
14137 537 NA
14138 537 NA
14139 543 NA
14140 539 NA
14141 549 NA
14142 552 NA
14143 552 NA
14144 561 NA
14145 547 NA
14146 550 NA
14147 555 NA
14148 561 NA
14149 550 NA
14150 550 NA
14151 536 NA
14152 521 NA
14153 508 NA
14154 516 NA
14155 529 NA
14156 559 NA
14157 559 NA
14158 552 NA
14159 566 NA
14160 586 NA
14161 586 NA
14162 604 NA
14163 611 NA
14164 599 NA
14165 599 NA
14166 574 NA
14167 554 NA
14168 544 NA
14169 516 NA
14170 473 NA
14171 479 NA
14172 479 NA
14173 489 NA
14174 510 NA
14175 528 NA
14176 528 NA
14177 512 NA
14178 512 NA
14179 517 NA
14180 513 NA
14181 504 NA
14182 494 NA
14183 502 NA
14184 506 NA
14185 519 NA
14186 551 NA
14187 569 NA
14188 569 NA
14189 579 NA
14190 590 NA
14191 575 NA
14192 564 NA
14193 581 NA
14194 600 NA
14195 585 NA
14196 565 NA
14197 572 NA
14198 567 NA
14199 550 NA
14200 558 NA
14201 571 NA
14202 571 NA
14203 566 NA
14204 568 NA
14205 568 NA
14206 555 NA
14207 568 NA
14208 588 NA
14209 588 NA
14210 617 NA
14211 680 NA
14212 680 NA
14213 713 NA
14214 748 NA
14215 823 NA
14216 823 NA
14217 861 NA
14218 893 NA
14219 890 NA
14220 894 NA
14221 888 NA
14222 888 NA
14223 856 NA
14224 838 NA
14225 838 NA
14226 823 NA
14227 813 NA
14228 820 NA
14229 787 NA
14230 758 NA
14231 724 NA
14232 705 NA
14233 705 NA
14234 678 NA
14235 700 NA
14236 697 NA
14237 688 NA
14238 688 NA
14239 684 NA
14240 684 NA
14241 655 NA
14242 640 NA
14243 640 NA
14244 630 NA
14245 630 NA
14246 625 NA
14247 645 NA
14248 653 NA
14249 666 NA
14250 670 NA
14251 682 NA
14252 681 NA
14253 685 NA
14254 668 NA
14255 668 NA
14256 667 NA
14257 679 NA
14258 679 NA
14259 703 NA
14260 715 NA
14261 731 NA
14262 758 NA
14263 758 NA
14264 710 NA
14265 683 NA
14266 683 NA
14267 629 NA
14268 629 NA
14269 619 NA
14270 619 NA
14271 649 NA
14272 675 NA
14273 675 NA
14274 629 NA
14275 628 NA
14276 638 NA
14277 638 NA
14278 633 NA
14279 625 NA
14280 618 NA
14281 602 NA
14282 599 NA
14283 599 NA
14284 593 NA
14285 610 NA
14286 610 NA
14287 611 NA
14288 614 NA
14289 624 NA
14290 627 NA
14291 609 NA
14292 586 NA
14293 586 NA
14294 587 NA
14295 587 NA
14296 574 NA
14297 574 NA
14298 569 NA
14299 589 NA
14300 598 NA
14301 613 NA
14302 658 NA
14303 686 NA
14304 705 NA
14305 701 NA
14306 705 NA
14307 689 NA
14308 689 NA
14309 672 NA
14310 658 NA
14311 677 NA
14312 663 NA
14313 684 NA
14314 684 NA
14315 681 NA
14316 697 NA
14317 697 NA
14318 710 NA
14319 710 NA
14320 706 NA
14321 721 NA
14322 696 NA
14323 681 NA
14324 653 NA
14325 638 NA
14326 653 NA
14327 675 NA
14328 670 NA
14329 679 NA
14330 709 NA
14331 709 NA
14332 742 NA
14333 777 NA
14334 796 NA
14335 812 NA
14336 747 NA
14337 747 NA
14338 712 NA
14339 695 NA
14340 695 NA
14341 688 NA
14342 689 NA
14343 696 NA
14344 695 NA
14345 707 NA
14346 726 NA
14347 743 NA
14348 743 NA
14349 746 NA
14350 745 NA
14351 745 NA
14352 731 NA
14353 736 NA
14354 736 NA
14355 722 NA
14356 737 NA
14357 746 NA
14358 742 NA
14359 745 NA
14360 751 NA
14361 742 NA
14362 746 NA
14363 760 NA
14364 760 NA
14365 760 NA
14366 752 NA
14367 743 NA
14368 743 NA
14369 740 NA
14370 744 NA
14371 726 NA
14372 727 NA
14373 727 NA
14374 722 NA
14375 719 NA
14376 727 NA
14377 742 NA
14378 709 NA
14379 690 NA
14380 690 NA
14381 680 NA
14382 700 NA
14383 724 NA
14384 743 NA
14385 762 NA
14386 764 NA
14387 743 NA
14388 716 NA
14389 722 NA
14390 732 NA
14391 732 NA
14392 735 NA
14393 735 NA
14394 727 NA
14395 759 NA
14396 738 NA
14397 721 NA
14398 721 NA
14399 714 NA
14400 725 NA
14401 725 NA
14402 718 NA
14403 749 NA
14404 774 NA
14405 845 NA
14406 875 NA
14407 918 NA
14408 918 NA
14409 961 NA
14410 883 NA
14411 757 NA
14412 693 NA
14413 695 NA
14414 695 NA
14415 701 NA
14416 716 NA
14417 743 NA
14418 746 NA
14419 740 NA
14420 727 NA
14421 716 NA
14422 717 NA
14423 740 NA
14424 740 NA
14425 730 NA
14426 713 NA
14427 709 NA
14428 728 NA
14429 747 NA
14430 747 NA
14431 781 NA
14432 857 NA
14433 891 NA
14434 891 NA
14435 927 NA
14436 956 NA
14437 956 NA
14438 958 NA
14439 969 NA
14440 986 NA
14441 934 NA
14442 926 NA
14443 930 NA
14444 952 NA
14445 952 NA
14446 899 NA
14447 895 NA
14448 895 NA
14449 875 NA
14450 905 NA
14451 948 NA
14452 1005 NA
14453 1005 NA
14454 911 NA
14455 911 NA
14456 841 NA
14457 840 NA
14458 801 NA
14459 809 NA
14460 820 NA
14461 799 NA
14462 812 NA
14463 833 NA
14464 858 NA
14465 862 NA
14466 847 NA
14467 848 NA
14468 838 NA
14469 816 NA
14470 802 NA
14471 824 NA
14472 833 NA
14473 833 NA
14474 833 NA
14475 862 NA
14476 862 NA
14477 890 NA
14478 890 NA
14479 858 NA
14480 877 NA
14481 836 NA
14482 836 NA
14483 853 NA
14484 853 NA
14485 868 NA
14486 879 NA
14487 876 NA
14488 908 NA
14489 904 NA
14490 928 NA
14491 887 NA
14492 851 NA
14493 821 NA
14494 836 NA
14495 836 NA
14496 827 NA
14497 811 NA
14498 827 NA
14499 811 NA
14500 778 NA
14501 774 NA
14502 798 NA
14503 860 NA
14504 844 NA
14505 844 NA
14506 806 NA
14507 826 NA
14508 775 NA
14509 767 NA
14510 795 NA
14511 792 NA
14512 815 NA
14513 815 NA
14514 774 NA
14515 851 NA
14516 851 NA
14517 791 NA
14518 791 NA
14519 785 NA
14520 785 NA
14521 765 NA
14522 772 NA
14523 772 NA
14524 759 NA
14525 747 NA
14526 783 NA
14527 814 NA
14528 794 NA
14529 794 NA
14530 793 NA
14531 793 NA
14532 807 NA
14533 791 NA
14534 791 NA
14535 783 NA
14536 821 NA
14537 811 NA
14538 836 NA
14539 836 NA
14540 835 NA
14541 821 NA
14542 817 NA
14543 841 NA
14544 841 NA
14545 832 NA
14546 832 NA
14547 797 NA
14548 813 NA
14549 794 NA
14550 798 NA
14551 811 NA
14552 838 NA
14553 867 NA
14554 867 NA
14555 866 NA
14556 866 NA
14557 822 NA
14558 829 NA
14559 815 NA
14560 815 NA
14561 819 NA
14562 835 NA
14563 858 NA
14564 898 NA
14565 868 NA
14566 872 NA
14567 872 NA
14568 906 NA
14569 928 NA
14570 891 NA
14571 891 NA
14572 935 NA
14573 896 NA
14574 864 NA
14575 837 NA
14576 846 NA
14577 868 NA
14578 818 NA
14579 818 NA
14580 844 NA
14581 850 NA
14582 796 NA
14583 796 NA
14584 786 NA
14585 793 NA
14586 793 NA
14587 793 NA
14588 790 NA
14589 790 NA
14590 797 NA
14591 782 NA
14592 784 NA
14593 765 NA
14594 762 NA
14595 775 NA
14596 775 NA
14597 773 NA
14598 764 NA
14599 798 NA
14600 798 NA
14601 823 NA
14602 811 NA
14603 786 NA
14604 812 NA
14605 851 NA
14606 851 NA
14607 914 NA
14608 914 NA
14609 957 NA
14610 1000 NA
14611 987 NA
14612 937 NA
14613 847 NA
14614 806 NA
14615 806 NA
14616 820 NA
14617 817 NA
14618 826 NA
14619 821 NA
14620 821 NA
14621 813 NA
14622 813 NA
14623 790 NA
14624 790 NA
14625 800 NA
14626 767 NA
14627 767 NA
14628 819 NA
14629 851 NA
14630 851 NA
14631 850 NA
14632 850 NA
14633 776 NA
14634 776 NA
14635 774 NA
14636 788 NA
14637 753 NA
14638 736 NA
14639 744 NA
14640 751 NA
14641 748 NA
14642 748 NA
14643 781 NA
14644 781 NA
14645 771 NA
14646 790 NA
14647 795 NA
14648 783 NA
14649 783 NA
14650 855 NA
14651 897 NA
14653 940 NA
14654 956 NA
14655 915 NA
14656 915 NA
14657 910 NA
14658 963 NA
14659 1011 NA
14660 1011 NA
14661 1061 NA
14662 1171 NA
14663 1171 NA
14664 1292 NA
14665 1356 NA
14666 1419 NA
14667 1419 NA
14668 1486 NA
14669 1561 NA
14670 1640 NA
14671 1722 NA
14672 1900 NA
14673 1900 NA
14674 1993 NA
14675 2093 NA
14676 2198 NA
14677 2308 NA
14678 2424 NA
14679 2546 NA
14680 2659 NA
14681 2920 NA
14682 3047 NA
14683 3193 NA
14684 3193 NA
14685 3353 NA
14686 3514 NA
14687 3679 NA
14688 3512 NA
14689 3349 NA
14690 3022 NA
14691 2870 NA
14692 2870 NA
14693 2589 NA
14694 2459 NA
14695 2459 NA
14696 2336 NA
14697 2219 NA
14698 2108 NA
14699 2002 NA
14700 1901 NA
14701 1805 NA
14702 1714 NA
14703 1628 NA
14704 1546 NA
14705 1394 NA
14706 1394 NA
14707 1324 NA
14708 1194 NA
14709 1194 NA
14710 1134 NA
14711 1077 NA
14712 972 NA
14713 972 NA
14714 923 NA
14715 832 NA
14716 832 NA
14717 751 NA
14718 715 NA
14719 715 NA
14720 674 NA
14721 674 NA
14722 618 NA
14723 618 NA
14724 608 NA
14725 590 NA
14726 587 NA
14727 607 NA
14728 607 NA
14729 638 NA
14730 665 NA
14731 694 NA
14732 636 NA
14733 636 NA
14734 573 NA
14735 573 NA
14736 516 NA
14737 516 NA
14738 465 NA
14739 465 NA
14740 441 NA
14741 418 NA
14742 397 NA
14743 384 NA
14744 397 NA
14745 417 NA
14746 432 NA
14747 434 NA
14748 394 NA
14749 394 NA
14750 375 NA
14751 361 NA
14752 342 NA
14753 324 NA
14754 307 NA
14755 276 NA
14756 276 NA
14757 262 NA
14758 245 NA
14759 256 NA
14760 269 NA
14761 283 NA
14762 292 NA
14763 292 NA
14764 307 NA
14765 323 NA
14766 340 NA
14767 357 NA
14768 392 NA
14769 392 NA
14770 410 NA
14771 422 NA
14772 422 NA
14773 400 NA
14774 380 NA
14775 343 NA
14776 325 NA
14777 325 NA
14778 292 NA
14779 292 NA
14780 263 NA
14781 260 NA
14782 269 NA
14783 269 NA
14784 283 NA
14785 283 NA
14786 290 NA
14787 277 NA
14788 270 NA
14789 261 NA
14790 255 NA
14791 255 NA
14792 254 NA
14793 260 NA
14794 272 NA
14795 293 NA
14796 293 NA
14797 308 NA
14798 336 NA
14799 349 NA
14800 349 NA
14801 338 NA
14802 321 NA
14803 291 NA
14804 291 NA
14805 265 NA
14806 265 NA
14807 274 NA
14808 284 NA
14809 285 NA
14810 259 NA
14811 259 NA
14812 241 NA
14813 230 NA
14814 230 NA
14815 218 NA
14816 207 NA
14817 196 NA
14818 187 NA
14819 205 NA
14820 205 NA
14821 212 NA
14822 208 NA
14823 190 NA
14824 190 NA
14825 180 NA
14826 163 NA
14827 163 NA
14828 154 NA
14829 148 NA
14830 142 NA
14831 134 NA
14832 126 NA
14833 126 NA
14834 130 NA
14835 136 NA
14836 143 NA
14837 154 NA
14838 161 NA
14839 161 NA
14840 172 NA
14841 172 NA
14842 172 NA
14843 168 NA
14844 159 NA
14845 157 NA
14846 155 NA
14847 150 NA
14848 146 NA
14849 146 NA
14850 138 NA
14851 130 NA
14852 136 NA
14853 140 NA
14854 140 NA
14855 143 NA
14856 140 NA
14857 133 NA
14858 133 NA
14859 131 NA
14860 131 NA
14861 134 NA
14862 139 NA
14863 142 NA
14864 147 NA
14865 142 NA
14866 131 NA
14867 131 NA
14868 130 NA
14869 137 NA
14870 147 NA
14871 147 NA
14872 141 NA
14873 141 NA
14874 134 NA
14875 134 NA
14876 133 NA
14877 130 NA
14878 124 NA
14879 118 NA
14880 120 NA
14881 120 NA
14882 116 NA
14883 116 NA
14884 114 NA
14885 113 NA
14886 112 NA
14887 111 NA
14888 114 NA
14889 119 NA
14890 129 NA
14891 129 NA
14892 131 NA
14893 130 NA
14894 130 NA
14895 131 NA
14896 123 NA
14897 123 NA
14898 123 NA
14899 121 NA
14900 114 NA
14901 107 NA
14902 107 NA
14903 114 NA
14904 114 NA
14905 110 NA
14906 114 NA
14907 117 NA
14908 117 NA
14909 120 NA
14910 125 NA
14911 136 NA
14912 142 NA
14913 150 NA
14914 158 NA
14915 158 NA
14916 164 NA
14917 173 NA
14918 182 NA
14920 200 NA
14921 220 NA
14922 229 NA
14923 229 NA
14924 224 NA
14925 214 NA
14926 203 NA
14927 194 NA
14928 176 NA
14929 176 NA
14930 166 NA
14931 166 NA
14932 165 NA
14933 171 NA
14934 182 NA
14935 182 NA
14936 192 NA
14937 201 NA
14938 185 NA
14939 185 NA
14940 175 NA
14941 158 NA
14942 158 NA
14943 150 NA
14944 136 NA
14945 129 NA
14946 129 NA
14947 122 NA
14948 116 NA
14949 104 NA
14950 104 NA
14951 93 NA
14952 91 NA
14953 91 NA
14954 88 NA
14955 92 NA
14956 92 NA
14957 89 NA
14958 91 NA
14959 96 NA
14960 99 NA
14961 99 NA
14962 106 NA
14963 106 NA
14964 105 NA
14965 115 NA
14966 118 NA
14967 120 NA
14968 120 NA
14969 123 NA
14970 130 NA
14971 136 NA
14972 143 NA
14973 143 NA
14974 135 NA
14975 135 NA
14976 128 NA
14977 123 NA
14979 124 NA
14981 121 NA
14983 118 NA
14984 115 NA
14985 113 NA
14986 111 NA
14987 109 NA
14989 104 NA
14990 105 NA
14991 115 NA
14992 117 NA
14993 115 NA
14995 111 NA
14996 101 NA
14998 93 NA
15000 91 NA
15001 97 NA
15003 104 NA
15005 111 NA
15007 112 NA
15008 106 NA
15009 100 NA
15011 90 NA
15012 85 NA
15013 78 NA
15014 78 NA
15016 76 NA
15018 78 NA
15019 81 NA
15020 87 NA
15021 87 NA
15023 94 NA
15025 94 NA
15028 86 NA
15029 82 NA
15031 82 NA
15032 81 NA
15033 80 NA
15035 81 NA
15036 79 NA
15037 79 NA
15038 77 NA
15039 76 NA
15040 77 NA
15042 76 NA
15044 77 NA
15046 78 NA
15047 76 NA
15048 77 NA
15049 77 NA
15050 73 NA
15052 66 NA
15054 63 NA
15060 63 NA
15061 60 NA
15063 59 NA
15064 61 NA
15066 60 NA
15067 59 NA
15068 60 NA
15070 63 NA
15072 64 NA
15076 64 NA
15078 58 NA
15080 56 NA
15082 55 NA
15084 52 NA
15085 50 NA
15087 51 NA
15088 50 NA
15090 48 NA
15093 45 NA
15094 44 NA
15095 42 NA
15096 41 NA
15097 43 NA
15098 42 NA
15101 44 NA
15103 45 NA
15105 42 NA
15106 43 NA
15109 46 NA
15110 47 NA
15114 52 NA
15115 52 NA
15116 50 NA
15119 48 NA
15120 47 NA
15121 48 NA
15123 53 NA
15124 55 NA
15125 57 NA
15126 59 NA
15128 56 NA
15130 56 NA
15132 57 NA
15133 59 NA
15135 63 NA
15136 67 NA
15137 69 NA
15138 72 NA
15140 78 NA
15142 87 NA
15143 91 NA
15144 96 NA
15145 101 NA
15147 110 NA
15149 114 NA
15150 117 NA
15151 116 NA
15154 115 NA
15156 118 NA
15157 120 NA
15158 116 NA
15159 112 NA
15161 103 NA
15163 102 NA
15164 104 NA
15165 108 NA
15166 109 NA
15168 105 NA
15170 109 NA
15172 113 NA
15173 108 NA
15175 107 NA
15177 111 NA
15178 106 NA
15179 107 NA
15182 114 NA
15184 119 NA
15185 123 NA
15186 128 NA
15187 122 NA
15189 124 NA
15191 131 NA
15193 138 NA
15194 134 NA
15196 120 NA
15197 119 NA
15199 113 NA
15204 107 NA
15207 101 NA
15208 97 NA
15210 90 NA
15212 84 NA
15214 80 NA
15215 79 NA
15217 74 NA
15219 70 NA
15220 70 NA
15221 66 NA
15222 68 NA
15224 73 NA
15226 79 NA
15227 85 NA
15229 86 NA
15231 89 NA
15232 92 NA
15233 94 NA
15235 101 NA
15238 103 NA
15240 101 NA
15242 95 NA
15243 90 NA
15244 82 NA
15247 78 NA
15248 73 NA
15249 73 NA
15250 71 NA
15252 70 NA
15254 65 NA
15256 60 NA
15257 59 NA
15258 58 NA
15259 56 NA
15261 55 NA
15263 56 NA
15264 55 NA
15268 59 NA
15270 57 NA
15271 58 NA
15273 57 NA
15275 62 NA
15277 72 NA
15280 78 NA
15281 81 NA
15282 85 NA
15283 87 NA
15284 91 NA
15285 94 NA
15287 104 NA
15289 115 NA
15291 123 NA
15294 132 NA
15295 144 NA
15297 154 NA
15299 162 NA
15302 192 NA
15303 196 NA
15304 205 NA
15306 214 NA
15307 217 NA
15308 217 NA
15310 211 NA
15312 215 NA
15313 212 NA
15314 216 NA
15315 221 NA
15316 230 NA
15317 238 NA
15318 244 NA
15319 251 NA
15320 261 NA
15321 272 NA
15322 281 NA
15323 276 NA
15324 282 NA
15325 289 NA
15326 289 NA
15327 295 NA
15328 309 NA
15329 324 NA
15330 336 NA
15331 344 NA
15332 356 NA
15333 360 NA
15334 357 NA
15335 343 NA
15336 347 NA
15337 330 NA
15338 323 NA
15339 309 NA
15340 306 NA
15341 310 NA
15342 313 NA
15343 318 NA
15344 304 NA
15345 300 NA
15346 291 NA
15347 285 NA
15348 282 NA
15349 288 NA
15350 293 NA
15351 298 NA
15352 307 NA
15353 306 NA
15354 291 NA
15355 281 NA
15356 267 NA
15357 259 NA
15358 251 NA
15359 252 NA
15360 252 NA
15361 244 NA
15362 241 NA
15363 233 NA
15364 230 NA
15365 225 NA
15366 229 NA
15367 235 NA
15368 239 NA
15369 245 NA
15370 251 NA
15371 247 NA
15372 252 NA
15373 253 NA
15374 259 NA
15375 256 NA
15376 252 NA
15377 255 NA
15378 250 NA
15379 249 NA
15380 248 NA
15381 237 NA
15382 236 NA
15383 232 NA
15384 231 NA
15385 240 NA
15386 242 NA
15387 242 NA
15388 242 NA
15389 230 NA
15390 225 NA
15391 236 NA
15392 241 NA
15393 245 NA
15394 238 NA
15395 244 NA
15396 235 NA
15397 238 NA
15398 243 NA
15399 236 NA
15400 236 NA
15401 230 NA
15402 224 NA
15403 214 NA
15404 210 NA
15405 209 NA
15406 211 NA
15407 209 NA
15408 204 NA
15409 200 NA
15410 190 NA
15411 181 NA
15412 180 NA
15413 180 NA
15414 181 NA
15415 172 NA
15416 171 NA
15417 168 NA
15418 160 NA
15419 160 NA
15420 161 NA
15421 164 NA
15422 170 NA
15423 175 NA
15424 181 NA
15425 186 NA
15426 192 NA
15427 200 NA
15428 207 NA
15429 212 NA
15430 206 NA
15431 208 NA
15432 202 NA
15433 196 NA
15434 196 NA
15435 193 NA
15436 191 NA
15437 194 NA
15438 192 NA
15439 188 NA
15440 184 NA
15441 184 NA
15442 177 NA
15443 171 NA
15444 167 NA
15445 161 NA
15446 160 NA
15447 160 NA
15448 163 NA
15449 163 NA
15450 164 NA
15451 163 NA
15452 162 NA
15453 157 NA
15454 163 NA
15455 166 NA
15456 172 NA
15457 168 NA
15458 168 NA
15459 169 NA
15460 172 NA
15461 172 NA
15462 175 NA
15463 172 NA
15464 165 NA
15465 169 NA
15466 169 NA
15467 174 NA
15468 180 NA
15469 182 NA
15470 182 NA
15471 180 NA
15472 178 NA
15473 175 NA
15474 175 NA
15475 172 NA
15476 172 NA
15477 165 NA
15478 159 NA
15479 152 NA
15480 144 NA
15481 139 NA
15482 134 NA
15483 130 NA
15484 125 NA
15485 118 NA
15486 112 NA
15487 106 NA
15488 102 NA
15489 100 NA
15490 95 NA
15491 91 NA
15492 89 NA
15493 88 NA
15494 90 NA
15495 93 NA
15496 94 NA
15497 97 NA
15498 98 NA
15499 95 NA
15500 94 NA
15501 91 NA
15502 93 NA
15503 94 NA
15504 97 NA
15505 99 NA
15506 101 NA
15507 104 NA
15508 105 NA
15509 106 NA
15510 110 NA
15511 115 NA
15512 118 NA
15513 121 NA
15514 124 NA
15515 126 NA
15516 131 NA
15517 137 NA
15518 138 NA
15519 143 NA
15520 144 NA
15521 149 NA
15522 154 NA
15523 157 NA
15524 165 NA
15525 172 NA
15526 176 NA
15527 178 NA
15528 177 NA
15529 183 NA
15530 188 NA
15531 192 NA
15532 195 NA
15533 198 NA
15534 197 NA
15535 193 NA
15536 195 NA
15537 192 NA
15538 190 NA
15539 192 NA
15540 195 NA
15541 196 NA
15542 199 NA
15543 203 NA
15544 194 NA
15545 195 NA
15546 198 NA
15547 192 NA
15548 193 NA
15549 200 NA
15550 201 NA
15551 209 NA
15552 210 NA
15553 213 NA
15554 212 NA
15555 211 NA
15556 208 NA
15557 212 NA
15558 209 NA
15559 199 NA
15560 189 NA
15561 184 NA
15562 181 NA
15563 182 NA
15564 186 NA
15565 184 NA
15566 181 NA
15567 187 NA
15568 193 NA
15569 193 NA
15570 191 NA
15571 189 NA
15572 190 NA
15573 191 NA
15574 187 NA
15575 186 NA
15576 179 NA
15577 172 NA
15578 163 NA
15579 155 NA
15580 149 NA
15581 146 NA
15582 140 NA
15583 135 NA
15584 131 NA
15585 128 NA
15586 121 NA
15587 117 NA
15588 116 NA
15589 118 NA
15590 119 NA
15591 118 NA
15592 117 NA
15593 115 NA
15594 111 NA
15595 109 NA
15596 111 NA
15597 113 NA
15598 114 NA
15599 110 NA
15600 112 NA
15601 112 NA
15602 108 NA
15603 104 NA
15604 106 NA
15605 103 NA
15606 102 NA
15607 105 NA
15608 105 NA
15609 110 NA
15610 111 NA
15611 112 NA
15612 115 NA
15613 118 NA
15614 119 NA
15615 117 NA
15616 117 NA
15617 119 NA
15618 123 NA
15619 126 NA
15620 127 NA
15621 132 NA
15622 134 NA
15623 136 NA
15624 139 NA
15625 144 NA
15626 149 NA
15627 153 NA
15628 156 NA
15629 160 NA
15630 160 NA
15631 159 NA
15632 159 NA
15633 160 NA
15634 164 NA
15635 160 NA
15636 162 NA
15637 154 NA
15638 148 NA
15639 143 NA
15640 136 NA
15641 137 NA
15642 136 NA
15643 136 NA
15644 133 NA
15645 130 NA
15646 125 NA
15647 121 NA
15648 116 NA
15649 115 NA
15650 113 NA
15651 112 NA
15652 110 NA
15653 109 NA
15654 107 NA
15655 105 NA
15656 104 NA
15657 102 NA
15658 97 NA
15659 95 NA
15660 93 NA
15661 92 NA
15662 92 NA
15663 91 NA
15664 88 NA
15665 86 NA
15666 88 NA
15667 88 NA
15668 89 NA
15669 88 NA
15670 86 NA
15671 84 NA
15672 84 NA
15673 87 NA
15674 88 NA
15675 91 NA
15676 89 NA
15677 88 NA
15678 91 NA
15679 95 NA
15680 97 NA
15681 97 NA
15682 92 NA
15683 94 NA
15684 93 NA
15685 98 NA
15686 99 NA
15687 101 NA
15688 103 NA
15689 108 NA
15690 112 NA
15691 117 NA
15692 123 NA
15693 128 NA
15694 134 NA
15695 139 NA
15696 145 NA
15697 152 NA
15698 154 NA
15699 158 NA
15700 164 NA
15701 166 NA
15702 166 NA
15703 169 NA
15704 171 NA
15705 177 NA
15706 185 NA
15707 190 NA
15708 195 NA
15709 188 NA
15710 185 NA
15711 190 NA
15712 187 NA
15713 185 NA
15714 186 NA
15715 183 NA
15716 185 NA
15717 184 NA
15718 180 NA
15719 183 NA
15720 183 NA
15721 176 NA
15722 171 NA
15723 168 NA
15724 169 NA
15725 166 NA
15726 163 NA
15727 166 NA
15728 173 NA
15729 174 NA
15730 167 NA
15731 170 NA
15732 168 NA
15733 173 NA
15734 173 NA
15735 171 NA
15736 169 NA
15737 173 NA
15738 170 NA
15739 169 NA
15740 162 NA
15741 161 NA
15742 166 NA
15743 171 NA
15744 176 NA
15745 177 NA
15746 178 NA
15747 181 NA
15748 185 NA
15749 192 NA
15750 200 NA
15751 199 NA
15752 206 NA
15753 207 NA
15754 208 NA
15755 217 NA
15756 220 NA
15757 219 NA
15758 225 NA
15759 225 NA
15760 232 NA
15761 231 NA
15762 226 NA
15763 217 NA
15764 219 NA
15765 219 NA
15766 214 NA
15767 209 NA
15768 206 NA
15769 207 NA
15770 206 NA
15771 211 NA
15772 218 NA
15773 225 NA
15774 230 NA
15775 236 NA
15776 225 NA
15777 227 NA
15778 238 NA
15779 246 NA
15780 254 NA
15781 256 NA
15782 265 NA
15783 268 NA
15784 268 NA
15785 274 NA
15786 281 NA
15787 287 NA
15788 292 NA
15789 298 NA
15790 303 NA
15791 304 NA
15792 316 NA
15793 313 NA
15794 319 NA
15795 318 NA
15796 325 NA
15797 331 NA
15798 334 NA
15799 338 NA
15800 341 NA
15801 345 NA
15802 348 NA
15803 352 NA
15804 355 NA
15805 357 NA
15806 357 NA
15807 363 NA
15808 351 NA
15809 341 NA
15810 339 NA
15811 334 NA
15812 339 NA
15813 346 NA
15814 334 NA
15815 333 NA
15816 332 NA
15817 333 NA
15818 326 NA
15819 331 NA
15820 343 NA
15821 343 NA
15822 347 NA
15823 352 NA
15824 346 NA
15825 353 NA
15826 357 NA
15827 367 NA
15828 351 NA
15829 334 NA
15830 330 NA
15831 332 NA
15832 344 NA
15833 357 NA
15834 361 NA
15835 362 NA
15836 365 NA
15837 364 NA
15838 362 NA
15839 367 NA
15840 382 NA
15841 375 NA
15842 362 NA
15843 362 NA
15844 369 NA
15845 359 NA
15846 349 NA
15847 349 NA
15848 335 NA
15849 330 NA
15850 328 NA
15851 331 NA
15852 330 NA
15853 326 NA
15854 328 NA
15855 317 NA
15856 309 NA
15857 309 NA
15858 315 NA
15859 319 NA
15860 319 NA
15861 326 NA
15862 339 NA
15863 335 NA
15864 348 NA
15865 364 NA
15866 377 NA
15867 387 NA
15868 401 NA
15869 417 NA
15870 428 NA
15871 433 NA
15872 424 NA
15873 434 NA
15874 429 NA
15875 427 NA
15876 423 NA
15877 436 NA
15878 443 NA
15879 444 NA
15880 456 NA
15881 457 NA
15882 456 NA
15883 467 NA
15884 462 NA
15885 448 NA
15886 450 NA
15887 461 NA
15888 467 NA
15889 456 NA
15890 458 NA
15891 478 NA
15892 495 NA
15893 509 NA
15894 530 NA
15895 552 NA
15896 566 NA
15897 584 NA
15898 600 NA
15899 609 NA
15900 607 NA
15901 619 NA
15902 621 NA
15903 609 NA
15904 597 NA
15905 585 NA
15906 573 NA
15907 561 NA
15908 549 NA
15909 549 NA
15910 538 NA
15911 518 NA
15912 520 NA
15913 526 NA
15914 537 NA
15915 523 NA
15916 532 NA
15917 538 NA
15918 540 NA
15919 541 NA
15920 541 NA
15921 547 NA
15922 567 NA
15923 587 NA
15924 612 NA
15925 617 NA
15926 636 NA
15927 623 NA
15928 616 NA
15929 600 NA
15930 609 NA
15931 621 NA
15932 642 NA
15933 656 NA
15934 656 NA
15935 664 NA
15936 662 NA
15937 689 NA
15938 689 NA
15939 702 NA
15940 702 NA
15941 712 NA
15942 716 NA
15943 716 NA
15944 713 NA
15945 701 NA
15946 701 NA
15947 703 NA
15948 712 NA
15949 714 NA
15950 700 NA
15951 714 NA
15952 714 NA
15953 701 NA
15954 702 NA
15955 702 NA
15956 721 NA
15957 720 NA
15958 720 NA
15959 741 NA
15960 757 NA
15961 757 NA
15962 770 NA
15963 766 NA
15964 779 NA
15965 779 NA
15966 789 NA
15967 789 NA
15968 782 NA
15969 788 NA
15970 795 NA
15971 806 NA
15972 825 NA
15973 830 NA
15974 830 NA
15975 801 NA
15976 801 NA
15977 770 NA
15978 778 NA
15979 753 NA
15980 753 NA
15981 740 NA
15982 721 NA
15983 724 NA
15984 724 NA
15985 704 NA
15986 697 NA
15987 690 NA
15988 683 NA
15989 676 NA
15990 669 NA
15991 662 NA
15992 655 NA
15993 652 NA
15994 647 NA
15995 647 NA
15996 644 NA
15997 637 NA
15998 626 NA
15999 630 NA
16000 618 NA
16001 618 NA
16002 617 NA
16003 606 NA
16004 606 NA
16005 595 NA
16006 594 NA
16007 593 NA
16008 590 NA
16009 590 NA
16010 584 NA
16011 564 NA
16012 549 NA
16013 530 NA
16014 513 NA
16015 516 NA
16016 518 NA
16017 505 NA
16018 505 NA
16019 493 NA
16020 489 NA
16021 485 NA
16022 493 NA
16023 485 NA
16024 470 NA
16025 465 NA
16026 467 NA
16027 475 NA
16028 476 NA
16029 476 NA
16030 468 NA
16031 461 NA
16032 472 NA
16033 485 NA
16034 494 NA
16035 497 NA
16036 501 NA
16037 504 NA
16038 508 NA
16039 511 NA
16040 515 NA
16041 518 NA
16042 518 NA
16043 523 NA
16044 530 NA
16045 531 NA
16046 537 NA
16047 532 NA
16048 531 NA
16049 544 NA
16050 558 NA
16051 567 NA
16052 579 NA
16053 588 NA
16054 594 NA
16055 599 NA
16056 594 NA
16057 594 NA
16058 596 NA
16059 570 NA
16060 547 NA
16061 527 NA
16062 516 NA
16063 513 NA
16064 500 NA
16065 487 NA
16066 490 NA
16067 493 NA
16068 509 NA
16069 511 NA
16070 533 NA
16071 545 NA
16072 555 NA
16073 570 NA
16074 570 NA
16075 590 NA
16076 583 NA
16077 590 NA
16078 613 NA
16079 634 NA
16080 637 NA
16081 642 NA
16082 653 NA
16083 640 NA
16084 634 NA
16085 613 NA
16086 609 NA
16087 600 NA
16088 600 NA
16089 585 NA
16090 585 NA
16091 602 NA
16092 586 NA
16093 565 NA
16094 553 NA
16095 565 NA
16096 558 NA
16097 576 NA
16098 563 NA
16099 546 NA
16100 533 NA
16101 526 NA
16102 504 NA
16103 482 NA
16104 457 NA
16105 434 NA
16106 415 NA
16107 399 NA
16108 396 NA
16109 392 NA
16110 402 NA
16111 416 NA
16112 425 NA
16113 430 NA
16114 431 NA
16115 435 NA
16116 432 NA
16117 442 NA
16118 443 NA
16119 443 NA
16120 444 NA
16121 455 NA
16122 459 NA
16123 478 NA
16124 491 NA
16125 507 NA
16126 514 NA
16127 516 NA
16128 526 NA
16129 545 NA
16130 564 NA
16131 564 NA
16132 580 NA
16133 589 NA
16134 608 NA
16135 627 NA
16136 628 NA
16137 610 NA
16138 616 NA
16139 627 NA
16140 653 NA
16141 661 NA
16142 675 NA
16143 676 NA
16144 652 NA
16145 664 NA
16146 671 NA
16147 670 NA
16148 664 NA
16149 676 NA
16150 697 NA
16151 706 NA
16152 714 NA
16153 726 NA
16154 712 NA
16155 721 NA
16156 721 NA
16157 737 NA
16158 753 NA
16159 744 NA
16160 750 NA
16161 761 NA
16162 762 NA
16163 728 NA
16164 701 NA
16165 693 NA
16166 697 NA
16167 667 NA
16168 664 NA
16169 673 NA
16170 692 NA
16171 692 NA
16172 689 NA
16173 689 NA
16174 697 NA
16175 705 NA
16176 713 NA
16177 690 NA
16178 678 NA
16179 657 NA
16180 649 NA
16181 651 NA
16182 647 NA
16183 652 NA
16184 658 NA
16185 658 NA
16186 665 NA
16187 652 NA
16188 633 NA
16189 628 NA
16190 623 NA
16191 636 NA
16192 614 NA
16193 601 NA
16194 585 NA
16195 570 NA
16196 565 NA
16197 551 NA
16198 542 NA
16199 542 NA
16200 556 NA
16201 580 NA
16202 602 NA
16203 624 NA
16204 620 NA
16205 620 NA
16206 620 NA
16207 640 NA
16208 650 NA
16209 660 NA
16210 679 NA
16211 683 NA
16212 706 NA
16213 706 NA
16214 734 NA
16215 759 NA
16216 756 NA
16217 734 NA
16218 743 NA
16219 737 NA
16220 740 NA
16221 769 NA
16222 780 NA
16223 777 NA
16224 764 NA
16225 762 NA
16226 754 NA
16227 738 NA
16228 722 NA
16229 714 NA
16230 714 NA
16231 732 NA
16232 752 NA
16233 764 NA
16234 747 NA
16235 738 NA
16236 724 NA
16237 695 NA
16238 686 NA
16239 675 NA
16240 659 NA
16241 663 NA
16242 685 NA
16243 690 NA
16244 690 NA
16245 702 NA
16246 694 NA
16247 702 NA
16248 708 NA
16249 710 NA
16250 681 NA
16251 664 NA
16252 666 NA
16253 674 NA
16254 681 NA
16255 687 NA
16256 694 NA
16257 672 NA
16258 673 NA
16259 676 NA
16260 664 NA
16261 649 NA
16262 628 NA
16263 613 NA
16264 599 NA
16265 592 NA
16266 582 NA
16267 581 NA
16268 582 NA
16269 589 NA
16270 577 NA
16271 570 NA
16272 556 NA
16273 542 NA
16274 547 NA
16275 553 NA
16276 565 NA
16277 563 NA
16278 559 NA
16279 547 NA
16280 562 NA
16281 555 NA
16282 539 NA
16283 538 NA
16284 533 NA
16285 517 NA
16286 514 NA
16287 515 NA
16288 514 NA
16289 512 NA
16290 513 NA
16291 510 NA
16292 492 NA
16293 484 NA
16294 471 NA
16295 467 NA
16296 460 NA
16297 452 NA
16298 450 NA
16299 441 NA
16300 432 NA
16301 424 NA
16302 422 NA
16303 430 NA
16304 421 NA
16305 431 NA
16306 419 NA
16307 415 NA
16308 409 NA
16309 407 NA
16310 410 NA
16311 396 NA
16312 380 NA
16313 373 NA
16314 371 NA
16315 367 NA
16316 363 NA
16317 366 NA
16318 369 NA
16319 367 NA
16320 371 NA
16321 373 NA
16322 367 NA
16323 376 NA
16324 376 NA
16325 369 NA
16326 367 NA
16327 358 NA
16328 364 NA
16329 376 NA
16330 379 NA
16331 373 NA
16332 363 NA
16333 370 NA
16334 371 NA
16335 375 NA
16336 391 NA
16337 402 NA
16338 404 NA
16339 413 NA
16340 412 NA
16341 416 NA
16342 408 NA
16343 398 NA
16344 386 NA
16345 394 NA
16346 396 NA
16347 401 NA
16348 388 NA
16349 399 NA
16350 403 NA
16351 409 NA
16352 419 NA
16353 430 NA
16354 438 NA
16355 433 NA
16356 431 NA
16357 422 NA
16358 401 NA
16359 399 NA
16360 405 NA
16361 417 NA
16362 420 NA
16363 425 NA
16364 431 NA
16365 428 NA
16366 415 NA
16367 410 NA
16368 399 NA
16369 393 NA
16370 385 NA
16371 376 NA
16372 368 NA
16373 367 NA
16374 351 NA
16375 357 NA
16376 357 NA
16377 369 NA
16378 380 NA
16379 396 NA
16380 407 NA
16381 427 NA
16382 440 NA
16383 448 NA
16384 443 NA
16385 448 NA
16386 461 NA
16387 464 NA
16388 473 NA
16389 477 NA
16390 470 NA
16391 473 NA
16392 483 NA
16393 494 NA
16394 488 NA
16395 483 NA
16396 501 NA
16397 511 NA
16398 524 NA
16399 527 NA
16400 537 NA
16401 535 NA
16402 511 NA
16403 485 NA
16404 460 NA
16405 437 NA
16406 441 NA
16407 441 NA
16408 457 NA
16409 448 NA
16410 438 NA
16411 440 NA
16412 431 NA
16413 423 NA
16414 422 NA
16415 418 NA
16416 417 NA
16417 411 NA
16418 410 NA
16419 411 NA
16420 404 NA
16421 400 NA
16422 397 NA
16423 400 NA
16424 400 NA
16425 397 NA
16426 396 NA
16427 388 NA
16428 389 NA
16429 385 NA
16430 395 NA
16431 396 NA
16432 386 NA
16433 382 NA
16434 387 NA
16435 390 NA
16436 400 NA
16437 394 NA
16438 394 NA
16439 401 NA
16440 411 NA
16441 412 NA
16442 431 NA
16443 448 NA
16444 454 NA
16445 469 NA
16446 469 NA
16447 471 NA
16448 472 NA
16449 467 NA
16450 480 NA
16451 484 NA
16452 475 NA
16453 471 NA
16454 469 NA
16455 472 NA
16456 470 NA
16457 456 NA
16458 458 NA
16459 461 NA
16460 453 NA
16461 467 NA
16462 464 NA
16463 453 NA
16464 455 NA
16465 456 NA
16466 463 NA
16467 455 NA
16468 448 NA
16469 446 NA
16470 448 NA
16471 450 NA
16472 456 NA
16473 471 NA
16474 467 NA
16475 465 NA
16476 463 NA
16477 467 NA
16478 465 NA
16479 465 NA
16480 465 NA
16481 468 NA
16482 461 NA
16483 462 NA
16484 469 NA
16485 476 NA
16486 476 NA
16487 498 NA
16488 506 NA
16489 513 NA
16490 511 NA
16491 516 NA
16492 519 NA
16493 529 NA
16494 528 NA
16495 522 NA
16496 535 NA
16497 525 NA
16498 526 NA
16499 510 NA
16500 521 NA
16501 523 NA
16502 522 NA
16503 519 NA
16504 533 NA
16505 533 NA
16506 519 NA
16507 519 NA
16508 522 NA
16509 524 NA
16510 519 NA
16511 508 NA
16512 500 NA
16513 495 NA
16514 489 NA
16515 486 NA
16516 485 NA
16517 482 NA
16518 479 NA
16519 462 NA
16520 459 NA
16521 461 NA
16522 450 NA
16523 447 NA
16524 436 NA
16525 433 NA
16526 431 NA
16527 431 NA
16528 434 NA
16529 429 NA
16530 429 NA
16531 432 NA
16532 419 NA
16533 421 NA
16534 415 NA
16535 397 NA
16536 377 NA
16537 365 NA
16538 365 NA
16539 356 NA
16540 352 NA
16541 342 NA
16542 342 NA
16543 338 NA
16544 342 NA
16545 354 NA
16546 356 NA
16547 357 NA
16548 365 NA
16549 364 NA
16550 364 NA
16551 355 NA
16552 344 NA
16553 331 NA
16554 324 NA
16555 319 NA
16556 319 NA
16557 317 NA
16558 319 NA
16559 320 NA
16560 320 NA
16561 323 NA
16562 323 NA
16563 323 NA
16564 322 NA
16565 320 NA
16566 310 NA
16567 309 NA
16568 316 NA
16569 316 NA
16570 306 NA
16571 309 NA
16572 313 NA
16573 314 NA
16574 317 NA
16575 321 NA
16576 318 NA
16577 321 NA
16578 321 NA
16579 316 NA
16580 316 NA
16581 317 NA
16582 325 NA
16583 324 NA
16584 324 NA
16585 330 NA
16586 333 NA
16587 333 NA
16588 324 NA
16589 324 NA
16590 321 NA
16591 318 NA
16592 314 NA
16593 311 NA
16594 315 NA
16595 322 NA
16596 322 NA
16597 317 NA
16598 318 NA
16599 325 NA
16600 332 NA
16601 327 NA
16602 328 NA
16603 324 NA
16604 316 NA
16605 306 NA
16606 303 NA
16607 301 NA
16608 289 NA
16609 284 NA
16610 289 NA
16611 301 NA
16612 308 NA
16613 308 NA
16614 302 NA
16615 299 NA
16616 300 NA
16617 307 NA
16618 302 NA
16619 302 NA
16620 287 NA
16621 281 NA
16622 273 NA
16623 262 NA
16624 251 NA
16625 246 NA
16626 239 NA
16627 243 NA
16628 240 NA
16629 243 NA
16630 245 NA
16631 246 NA
16632 249 NA
16633 252 NA
16634 260 NA
16635 259 NA
16636 264 NA
16637 265 NA
16638 262 NA
16639 262 NA
16640 270 NA
16641 281 NA
16642 273 NA
16643 274 NA
16644 278 NA
16645 285 NA
16646 284 NA
16647 272 NA
16648 263 NA
16649 254 NA
16650 251 NA
16651 257 NA
16652 257 NA
16653 258 NA
16654 250 NA
16655 247 NA
16656 246 NA
16657 256 NA
16658 258 NA
16659 255 NA
16660 254 NA
16661 256 NA
16662 253 NA
16663 251 NA
16665 240 NA
16666 241 NA
16668 239 NA
16669 241 NA
16670 234 NA
16671 231 NA
16672 228 NA
16673 236 NA
16674 236 NA
16675 237 NA
16676 237 NA
16677 238 NA
16678 233 NA
16679 229 NA
16680 229 NA
16681 225 NA
16682 226 NA
16683 224 NA
16684 214 NA
16686 210 NA
16687 204 NA
16688 204 NA
16689 205 NA
16690 205 NA
16691 204 NA
16692 200 NA
16693 196 NA
16694 196 NA
16695 191 NA
16696 191 NA
16697 191 NA
16698 195 NA
16699 199 NA
16700 199 NA
16701 199 NA
16702 195 NA
16703 192 NA
16704 189 NA
16705 190 NA
16706 200 NA
16707 197 NA
16708 199 NA
16709 196 NA
16710 196 NA
16711 201 NA
16712 201 NA
16715 216 NA
16717 224 NA
16719 239 NA
16720 249 NA
16721 256 NA
16722 266 NA
16723 276 NA
16724 277 NA
16725 274 NA
16726 271 NA
16727 279 NA
16728 279 NA
16730 290 NA
16731 286 NA
16732 273 NA
16733 261 NA
16734 252 NA
16735 242 NA
16736 229 NA
16737 220 NA
16738 213 NA
16739 208 NA
16740 201 NA
16741 191 NA
16742 191 NA
16743 187 NA
16744 180 NA
16745 177 NA
16746 174 NA
16747 172 NA
16748 172 NA
16749 163 NA
16750 160 NA
16751 163 NA
16752 163 NA
16753 157 NA
16754 154 NA
16755 156 NA
16756 157 NA
16757 160 NA
16759 164 NA
16760 169 NA
16761 174 NA
16762 174 NA
16763 174 NA
16764 179 NA
16765 178 NA
16766 186 NA
16767 186 NA
16768 192 NA
16769 196 NA
16770 203 NA
16771 205 NA
16772 202 NA
16773 207 NA
16774 214 NA
16775 207 NA
16777 211 NA
16778 218 NA
16779 220 NA
16780 215 NA
16781 214 NA
16782 219 NA
16783 216 NA
16784 215 NA
16785 223 NA
16786 223 NA
16787 228 NA
16788 224 NA
16789 224 NA
16790 218 NA
16791 215 NA
16792 215 NA
16793 212 NA
16794 207 NA
16795 207 NA
16796 210 NA
16797 209 NA
16798 212 NA
16799 210 NA
16800 209 NA
16801 215 NA
16802 209 NA
16803 215 NA
16804 216 NA
16807 213 NA
16808 213 NA
16809 208 NA
16810 210 NA
16811 206 NA
16812 199 NA
16813 203 NA
16814 208 NA
16815 214 NA
16816 218 NA
16817 214 NA
16818 211 NA
16820 210 NA
16821 219 NA
16823 232 NA
16824 235 NA
16825 232 NA
16826 227 NA
16827 231 NA
16828 232 NA
16829 236 NA
16830 239 NA
16831 247 NA
16832 250 NA
16833 250 NA
16834 236 NA
16835 236 NA
16836 225 NA
16837 224 NA
16838 221 NA
16839 213 NA
16840 212 NA
16841 205 NA
16842 205 NA
16843 204 NA
16844 202 NA
16845 203 NA
16847 195 NA
16849 204 NA
16850 200 NA
16851 198 NA
16852 202 NA
16853 199 NA
16854 202 NA
16855 205 NA
16856 208 NA
16857 208 NA
16858 215 NA
16859 219 NA
16860 226 NA
16861 222 NA
16862 220 NA
16863 226 NA
16864 226 NA
16865 221 NA
16866 222 NA
16867 229 NA
16869 218 NA
16870 218 NA
16871 215 NA
16872 209 NA
16873 207 NA
16874 203 NA
16875 198 NA
16876 198 NA
16878 196 NA
16879 197 NA
16880 200 NA
16881 196 NA
16884 198 NA
16885 202 NA
16886 201 NA
16887 204 NA
16888 204 NA
16889 201 NA
16890 202 NA
16892 196 NA
16893 192 NA
16894 184 NA
16895 179 NA
16896 179 NA
16897 179 NA
16898 179 NA
16899 179 NA
16900 180 NA
16901 176 NA
16902 172 NA
16903 171 NA
16904 169 NA
16905 166 NA
16906 166 NA
16907 167 NA
16908 166 NA
16909 158 NA
16910 152 NA
16911 148 NA
16912 148 NA
16913 144 NA
16914 144 NA
16915 139 NA
16916 140 NA
16917 144 NA
16918 145 NA
16919 144 NA
16920 141 NA
16921 141 NA
16922 142 NA
16923 144 NA
16924 144 NA
16925 145 NA
16926 149 NA
16927 146 NA
16928 140 NA
16929 140 NA
16930 136 NA
16931 136 NA
16932 129 NA
16933 127 NA
16934 122 NA
16935 117 NA
16937 118 NA
16938 120 NA
16939 123 NA
16940 123 NA
16941 125 NA
16942 123 NA
16943 119 NA
16944 116 NA
16945 116 NA
16946 114 NA
16949 114 NA
16950 114 NA
16951 115 NA
16952 115 NA
16953 115 NA
16954 110 NA
16955 110 NA
16956 109 NA
16957 109 NA
16958 110 NA
16959 112 NA
16960 114 NA
16967 114 NA
16968 115 NA
16969 116 NA
16970 116 NA
16971 116 NA
16972 119 NA
16974 121 NA
16975 121 NA
16976 121 NA
16977 121 NA
16978 122 NA
16979 122 NA
16980 118 NA
16981 121 NA
16982 121 NA
16984 119 NA
16985 119 NA
16986 115 NA
16987 115 NA
16988 115 NA
16989 116 NA
16990 118 NA
16991 113 NA
16992 108 NA
16993 107 NA
16994 107 NA
16999 109 NA
17001 113 NA
17006 117 NA
17007 117 NA
17014 105 NA
17015 104 NA
17016 102 NA
17017 102 NA
17018 99 NA
17019 96 NA
17020 96 NA
17021 96 NA
17022 96 NA
17023 99 NA
17024 99 NA
17025 101 NA
17026 103 NA
17027 103 NA
17028 100 NA
17029 100 NA
17031 95 NA
17032 95 NA
17033 93 NA
17034 93 NA
17035 93 NA
17036 93 NA
17037 92 NA
17038 92 NA
17039 91 NA
17040 91 NA
17042 94 NA
17044 95 NA
17045 97 NA
17046 97 NA
17047 97 NA
17048 97 NA
17049 98 NA
17050 99 NA
17051 98 NA
17052 99 NA
17053 99 NA
17054 99 NA
17055 99 NA
17056 99 NA
17057 99 NA
17058 96 NA
17059 97 NA
17060 97 NA
17061 97 NA
17062 95 NA
17063 94 NA
17064 97 NA
17069 104 NA
17070 106 NA
17071 106 NA
17072 106 NA
17073 109 NA
17075 113 NA
17076 115 NA
17077 115 NA
17078 118 NA
17079 118 NA
17080 119 NA
17081 119 NA
17083 116 NA
17084 116 NA
17085 114 NA
17086 114 NA
17087 111 NA
17088 113 NA
17089 116 NA
17091 117 NA
17092 117 NA
17093 118 NA
17094 118 NA
17095 120 NA
17096 119 NA
17097 119 NA
17098 119 NA
17099 119 NA
17100 119 NA
17101 116 NA
17102 116 NA
17103 114 NA
17104 111 NA
17105 111 NA
17106 113 NA
17107 108 NA
17108 108 NA
17109 103 NA
17110 103 NA
17111 101 NA
17112 101 NA
17113 97 NA
17114 96 NA
17115 96 NA
17117 101 NA
17118 100 NA
17123 98 NA
17124 96 NA
17125 96 NA
17126 96 NA
17127 97 NA
17129 99 NA
17130 98 NA
17131 98 NA
17132 96 NA
17133 96 NA
17134 94 NA
17135 93 NA
17136 91 NA
17138 91 NA
17139 88 NA
17140 85 NA
17141 85 NA
17142 81 NA
17143 80 NA
17144 77 NA
17145 77 NA
17146 77 NA
17147 79 NA
17148 80 NA
17149 79 NA
