"Index" "Price" "Volume"
15845 2000 NA
15846 2000 NA
15847 2000 NA
15848 2000 NA
15849 2000 NA
15850 2000 NA
15851 2000 NA
15852 2000 NA
15853 2000 NA
15854 2000 NA
15855 2000 NA
15856 2000 NA
15857 2000 NA
15858 2000 NA
15859 2000 NA
15860 2000 NA
15861 2000 NA
15862 2000 NA
15863 2000 NA
15864 2000 NA
15865 2000 NA
15866 2000 NA
15867 2000 NA
15868 2000 NA
15869 2000 NA
15870 2000 NA
15871 2000 NA
15872 2000 NA
15873 2000 NA
15874 2000 NA
15875 2000 NA
15876 2000 NA
15877 2000 NA
15878 2000 NA
15879 2000 NA
15880 2000 NA
15881 2000 NA
15882 2000 NA
15883 2000 NA
15884 2000 NA
15885 2000 NA
15886 2000 NA
15887 2000 NA
15888 2000 NA
15889 2000 NA
15890 2000 NA
15891 2000 NA
15892 2000 NA
15893 2061 NA
15894 2061 NA
15895 2061 NA
15896 2061 NA
15897 2061 NA
15898 2061 NA
15899 2061 NA
15900 2061 NA
15901 2061 NA
15902 2061 NA
15903 2061 NA
15904 2061 NA
15905 2061 NA
15906 2061 NA
15907 2061 NA
15908 2061 NA
15909 2061 NA
15910 2061 NA
15911 2061 NA
15912 2061 NA
15913 2061 NA
15914 2061 NA
15915 2061 NA
15916 2061 NA
15917 2061 NA
15918 2061 NA
15919 2061 NA
15920 2061 NA
15921 2061 NA
15922 2061 NA
15923 2061 NA
15924 2061 NA
15925 2061 NA
15926 2061 NA
15927 2061 NA
15928 2061 NA
15929 2061 NA
15930 2061 NA
15931 2061 NA
15932 2061 NA
15933 2061 NA
15934 2061 NA
15935 2061 NA
15936 2061 NA
15937 2061 NA
15938 2061 NA
15939 2061 NA
15940 2061 NA
15941 2061 NA
15942 2061 NA
15943 2061 NA
15944 2061 NA
15945 2061 NA
15946 2061 NA
15947 2061 NA
15948 2061 NA
15949 2061 NA
15950 2061 NA
15951 2061 NA
15952 2061 NA
15953 2061 NA
15954 2061 NA
15955 2061 NA
15956 2061 NA
15957 2061 NA
15958 2061 NA
15959 2061 NA
15960 2061 NA
15961 2061 NA
15962 2061 NA
15963 2061 NA
15964 2061 NA
15965 2061 NA
15966 2061 NA
15967 2061 NA
15968 2061 NA
15969 2061 NA
15970 2061 NA
15971 2061 NA
15972 2061 NA
15973 2061 NA
15974 2061 NA
15975 2061 NA
15976 2061 NA
15977 2061 NA
15978 2061 NA
15979 2061 NA
15980 2061 NA
15981 2061 NA
15982 2061 NA
15983 2061 NA
15984 2061 NA
15985 2061 NA
15986 2070 NA
15987 2079 NA
15988 2087 NA
15989 2096 NA
15990 2105 NA
15991 2114 NA
15992 2122 NA
15993 2131 NA
15994 2131 NA
15995 2131 NA
15996 2131 NA
15997 2131 NA
15998 2131 NA
15999 2131 NA
16000 2131 NA
16001 2131 NA
16002 2131 NA
16003 2131 NA
16004 2131 NA
16005 2131 NA
16006 2131 NA
16007 2131 NA
16008 2131 NA
16009 2131 NA
16010 2131 NA
16011 2131 NA
16012 2131 NA
16013 2131 NA
16014 2131 NA
16015 2131 NA
16016 2131 NA
16017 2131 NA
16018 2131 NA
16019 2131 NA
16020 2131 NA
16021 2131 NA
16022 2131 NA
16023 2131 NA
16024 2131 NA
16025 2131 NA
16026 2131 NA
16027 2131 NA
16028 2131 NA
16029 2131 NA
16030 2131 NA
16031 2131 NA
16032 2131 NA
16033 2131 NA
16034 2131 NA
16035 2131 NA
16036 2131 NA
16037 2131 NA
16038 2131 NA
16039 2131 NA
16040 2131 NA
16041 2131 NA
16042 2131 NA
16043 2131 NA
16044 2131 NA
16045 2131 NA
16046 2131 NA
16047 2131 NA
16048 2131 NA
16049 2131 NA
16050 2131 NA
16051 2131 NA
16052 2131 NA
16053 2131 NA
16054 2131 NA
16055 2131 NA
16056 2131 NA
16057 2131 NA
16058 2131 NA
16059 2131 NA
16060 2131 NA
16061 2131 NA
16062 2131 NA
16063 2131 NA
16064 2131 NA
16065 2131 NA
16066 2131 NA
16067 2131 NA
16068 2131 NA
16069 2131 NA
16070 2131 NA
16071 2131 NA
16072 2131 NA
16073 2131 NA
16074 2131 NA
16075 2131 NA
16076 2131 NA
16077 2131 NA
16078 2131 NA
16079 2131 NA
16080 2131 NA
16081 2131 NA
16082 2131 NA
16083 2131 NA
16084 2131 NA
16085 2131 NA
16086 2131 NA
16087 2131 NA
16088 2131 NA
16089 2131 NA
16090 2131 NA
16091 2131 NA
16092 2131 NA
16093 2131 NA
16094 2131 NA
16095 2131 NA
16096 2131 NA
16097 2212 NA
16098 2212 NA
16099 2212 NA
16100 2212 NA
16101 2212 NA
16102 2212 NA
16103 2212 NA
16104 2212 NA
16105 2212 NA
16106 2212 NA
16107 2212 NA
16108 2212 NA
16109 2212 NA
16110 2212 NA
16111 2212 NA
16112 2212 NA
16113 2212 NA
16114 2212 NA
16115 2212 NA
16116 2212 NA
16117 2212 NA
16118 2212 NA
16119 2212 NA
16120 2212 NA
16121 2212 NA
16122 2212 NA
16123 2212 NA
16124 2212 NA
16125 2212 NA
16126 2212 NA
16127 2212 NA
16128 2212 NA
16129 2212 NA
16130 2212 NA
16131 2212 NA
16132 2212 NA
16133 2212 NA
16134 2212 NA
16135 2212 NA
16136 2212 NA
16137 2212 NA
16138 2212 NA
16139 2212 NA
16140 2212 NA
16141 2212 NA
16142 2212 NA
16143 2212 NA
16144 2212 NA
16145 2212 NA
16146 2212 NA
16147 2212 NA
16148 2212 NA
16149 2212 NA
16150 2212 NA
16151 2212 NA
16152 2212 NA
16153 2212 NA
16154 2212 NA
16155 2212 NA
16156 2212 NA
16157 2212 NA
16158 2212 NA
16159 2212 NA
16160 2212 NA
16161 2212 NA
16162 2212 NA
16163 2212 NA
16164 2212 NA
16165 2212 NA
16166 2212 NA
16167 2212 NA
16168 2212 NA
16169 2212 NA
16170 2212 NA
16171 2212 NA
16172 2212 NA
16173 2212 NA
16174 2212 NA
16175 2212 NA
16176 2212 NA
16177 2212 NA
16178 2212 NA
16179 2212 NA
16180 2212 NA
16181 2212 NA
16182 2302 NA
16183 2302 NA
16184 2302 NA
16185 2302 NA
16186 2302 NA
16187 2302 NA
16188 2302 NA
16189 2302 NA
16190 2302 NA
16191 2302 NA
16192 2302 NA
16193 2302 NA
16194 2302 NA
16195 2302 NA
16196 2302 NA
16197 2302 NA
16198 2302 NA
16199 2302 NA
16200 2302 NA
16201 2302 NA
16202 2302 NA
16203 2302 NA
16204 2302 NA
16205 2302 NA
16206 2302 NA
16207 2302 NA
16208 2302 NA
16209 2302 NA
16210 2302 NA
16211 2302 NA
16212 2302 NA
16213 2302 NA
16214 2302 NA
16215 2302 NA
16216 2302 NA
16217 2302 NA
16218 2302 NA
16219 2302 NA
16220 2302 NA
16221 2302 NA
16222 2302 NA
16223 2302 NA
16224 2302 NA
16225 2302 NA
16226 2302 NA
16227 2302 NA
16228 2302 NA
16229 2302 NA
16230 2302 NA
16231 2302 NA
16232 2302 NA
16233 2302 NA
16234 2302 NA
16235 2302 NA
16236 2302 NA
16237 2302 NA
16238 2302 NA
16239 2302 NA
16240 2302 NA
16241 2302 NA
16242 2302 NA
16243 2302 NA
16244 2302 NA
16245 2302 NA
16246 2302 NA
16247 2302 NA
16248 2302 NA
16249 2302 NA
16250 2302 NA
16251 2302 NA
16252 2302 NA
16253 2302 NA
16254 2302 NA
16255 2302 NA
16256 2302 NA
16257 2302 NA
16258 2302 NA
16259 2380 NA
16260 2380 NA
16261 2380 NA
16262 2380 NA
16263 2380 NA
16264 2380 NA
16265 2380 NA
16266 2380 NA
16267 2380 NA
16268 2380 NA
16269 2380 NA
16270 2380 NA
16271 2380 NA
16272 2380 NA
16273 2380 NA
16274 2380 NA
16275 2380 NA
16276 2380 NA
16277 2380 NA
16278 2380 NA
16279 2380 NA
16280 2380 NA
16281 2380 NA
16282 2380 NA
16283 2380 NA
16284 2380 NA
16285 2380 NA
16286 2380 NA
16287 2474 NA
16288 2474 NA
16289 2474 NA
16290 2474 NA
16291 2474 NA
16292 2474 NA
16293 2474 NA
16294 2474 NA
16295 2474 NA
16296 2474 NA
16297 2474 NA
16298 2474 NA
16299 2474 NA
16300 2474 NA
16301 2474 NA
16302 2474 NA
16303 2474 NA
16304 2474 NA
16305 2474 NA
16306 2474 NA
16307 2474 NA
16308 2474 NA
16309 2474 NA
16310 2474 NA
16311 2474 NA
16312 2474 NA
16313 2474 NA
16314 2474 NA
16315 2474 NA
16316 2474 NA
16317 2474 NA
16318 2474 NA
16319 2474 NA
16320 2565 NA
16321 2565 NA
16322 2565 NA
16323 2565 NA
16324 2565 NA
16325 2565 NA
16326 2565 NA
16327 2565 NA
16328 2565 NA
16329 2565 NA
16330 2565 NA
16331 2565 NA
16332 2565 NA
16333 2565 NA
16334 2565 NA
16335 2565 NA
16336 2565 NA
16337 2565 NA
16338 2565 NA
16339 2565 NA
16340 2565 NA
16341 2565 NA
16342 2565 NA
16343 2565 NA
16344 2565 NA
16345 2565 NA
16346 2565 NA
16347 2565 NA
16348 2565 NA
16349 2565 NA
16350 2565 NA
16351 2565 NA
16352 2565 NA
16353 2565 NA
16354 2565 NA
16355 2565 NA
16356 2565 NA
16357 2565 NA
16358 2565 NA
16359 2565 NA
16360 2565 NA
16361 2565 NA
16362 2565 NA
16363 2565 NA
16364 2565 NA
16365 2565 NA
16366 2565 NA
16367 2565 NA
16368 2565 NA
16369 2565 NA
16370 2565 NA
16371 2565 NA
16372 2565 NA
16373 2671 NA
16374 2671 NA
16375 2671 NA
16376 2671 NA
16377 2671 NA
16378 2671 NA
16379 2671 NA
16380 2671 NA
16381 2671 NA
16382 2671 NA
16383 2671 NA
16384 2671 NA
16385 2671 NA
16386 2671 NA
16387 2671 NA
16388 2671 NA
16389 2671 NA
16390 2671 NA
16391 2671 NA
16392 2671 NA
16393 2671 NA
16394 2671 NA
16395 2671 NA
16396 2671 NA
16397 2671 NA
16398 2671 NA
16399 2671 NA
16400 2671 NA
16401 2671 NA
16402 2671 NA
16403 2671 NA
16404 2671 NA
16405 2671 NA
16406 2671 NA
16407 2671 NA
16408 2671 NA
16409 2671 NA
16410 2671 NA
16411 2671 NA
16412 2671 NA
16413 2671 NA
16414 2671 NA
16415 2671 NA
16416 2671 NA
16417 2671 NA
16418 2671 NA
16419 2671 NA
16420 2671 NA
16421 2671 NA
16422 2671 NA
16423 2757 NA
16424 2757 NA
16425 2757 NA
16426 2757 NA
16427 2757 NA
16428 2757 NA
16429 2757 NA
16430 2757 NA
16431 2757 NA
16432 2757 NA
16433 2757 NA
16434 2757 NA
16435 2757 NA
16436 2757 NA
16437 2757 NA
16438 2757 NA
16439 2757 NA
16440 2757 NA
16441 2757 NA
16442 2757 NA
16443 2757 NA
16444 2757 NA
16445 2757 NA
16446 2757 NA
16447 2757 NA
16448 2757 NA
16449 2757 NA
16450 2757 NA
16451 2757 NA
16452 2757 NA
16453 2757 NA
16454 2757 NA
16455 2757 NA
16456 2757 NA
16457 2757 NA
16458 2757 NA
16459 2757 NA
16460 2757 NA
16461 2757 NA
16462 2757 NA
16463 2856 NA
16464 2856 NA
16465 2856 NA
16466 2856 NA
16467 2856 NA
16468 2856 NA
16469 2856 NA
16470 2856 NA
16471 2856 NA
16472 2856 NA
16473 2856 NA
16474 2856 NA
16475 2856 NA
16476 2856 NA
16477 2856 NA
16478 2856 NA
16479 2856 NA
16480 2856 NA
16481 2856 NA
16482 2856 NA
16483 2856 NA
16484 2856 NA
16485 2856 NA
16486 2856 NA
16487 2856 NA
16488 2856 NA
16489 2856 NA
16490 2856 NA
16491 2856 NA
16492 2856 NA
16493 2856 NA
16494 2856 NA
16495 2856 NA
16496 2856 NA
16497 2856 NA
16498 2856 NA
16499 2856 NA
16500 2856 NA
16501 2856 NA
16502 2856 NA
16503 2963 NA
16504 2963 NA
16505 2963 NA
16506 2963 NA
16507 2963 NA
16508 2963 NA
16509 2963 NA
16510 2963 NA
16511 2963 NA
16512 2963 NA
16513 2963 NA
16514 2963 NA
16515 2963 NA
16516 2963 NA
16517 2963 NA
16518 2963 NA
16519 2963 NA
16520 2963 NA
16521 2963 NA
16522 2963 NA
16523 2963 NA
16524 2963 NA
16525 2963 NA
16526 2963 NA
16527 2963 NA
16528 2963 NA
16529 2963 NA
16530 2963 NA
16531 2963 NA
16532 2963 NA
16533 2963 NA
16534 2963 NA
16535 2963 NA
16536 2963 NA
16537 2963 NA
16538 2963 NA
16539 2963 NA
16540 2963 NA
16541 2963 NA
16542 2963 NA
16543 2963 NA
16544 3068 NA
16545 3068 NA
16546 3068 NA
16547 3068 NA
16548 3068 NA
16549 3068 NA
16550 3068 NA
16551 3068 NA
16552 3068 NA
16553 3068 NA
16554 3068 NA
16555 3068 NA
16556 3068 NA
16557 3068 NA
16558 3068 NA
16559 3068 NA
16560 3068 NA
16561 3068 NA
16562 3068 NA
16563 3068 NA
16564 3068 NA
16565 3068 NA
16566 3068 NA
16567 3068 NA
16568 3068 NA
16569 3068 NA
16570 3068 NA
16571 3068 NA
16572 3068 NA
16573 3068 NA
16574 3068 NA
16575 3068 NA
16576 3068 NA
16577 3068 NA
16578 3068 NA
16579 3068 NA
16580 3068 NA
16581 3068 NA
16582 3068 NA
16583 3068 NA
16584 3068 NA
16585 3068 NA
16586 3068 NA
16587 3068 NA
16588 3068 NA
16589 3068 NA
16590 3068 NA
16591 3068 NA
16592 3068 NA
16593 3068 NA
16594 3068 NA
16595 3068 NA
16596 3068 NA
16597 3172 NA
16598 3172 NA
16599 3172 NA
16600 3172 NA
16601 3172 NA
16602 3172 NA
16603 3172 NA
16604 3172 NA
16605 3172 NA
16606 3172 NA
16607 3172 NA
16608 3172 NA
16609 3172 NA
16610 3172 NA
16611 3172 NA
16612 3172 NA
16613 3172 NA
16614 3172 NA
16615 3172 NA
16616 3172 NA
16617 3172 NA
16618 3172 NA
16619 3172 NA
16620 3172 NA
16621 3172 NA
16622 3172 NA
16623 3172 NA
16624 3172 NA
16625 3172 NA
16626 3172 NA
16627 3172 NA
16628 3172 NA
16629 3172 NA
16630 3172 NA
16631 3172 NA
16632 3172 NA
16633 3172 NA
16634 3172 NA
16635 3172 NA
16636 3172 NA
16637 3172 NA
16638 3172 NA
16639 3172 NA
16640 3172 NA
16641 3172 NA
16642 3172 NA
16643 3172 NA
16644 3172 NA
16645 3286 NA
16646 3286 NA
16647 3286 NA
16648 3286 NA
16649 3286 NA
16650 3286 NA
16651 3286 NA
16652 3286 NA
16653 3286 NA
16654 3286 NA
16655 3286 NA
16656 3286 NA
16657 3286 NA
16658 3286 NA
16659 3286 NA
16660 3286 NA
16661 3286 NA
16662 3286 NA
16663 3286 NA
16665 3286 NA
16666 3286 NA
16668 3286 NA
16669 3286 NA
16670 3286 NA
16671 3286 NA
16672 3286 NA
16673 3286 NA
16674 3286 NA
16675 3286 NA
16676 3286 NA
16677 3286 NA
16678 3286 NA
16679 3286 NA
16680 3286 NA
16681 3286 NA
16682 3286 NA
16683 3286 NA
16684 3286 NA
16686 3286 NA
16687 3286 NA
16688 3286 NA
16689 3286 NA
16690 3286 NA
16691 3286 NA
16692 3417 NA
16693 3417 NA
16694 3417 NA
16695 3417 NA
16696 3417 NA
16697 3417 NA
16698 3417 NA
16699 3417 NA
16700 3417 NA
16701 3417 NA
16702 3417 NA
16703 3417 NA
16704 3417 NA
16705 3417 NA
16706 3417 NA
16707 3417 NA
16708 3417 NA
16709 3417 NA
16710 3417 NA
16711 3417 NA
16712 3417 NA
16715 3417 NA
16717 3417 NA
16719 3417 NA
16720 3417 NA
16721 3417 NA
16722 3417 NA
16723 3417 NA
16724 3417 NA
16725 3417 NA
16726 3417 NA
16728 3417 NA
16731 3417 NA
16732 3417 NA
16733 3417 NA
16734 3417 NA
16735 3417 NA
16736 3417 NA
16737 3417 NA
16738 3417 NA
16739 3417 NA
16740 3417 NA
16741 3417 NA
16742 3417 NA
16743 3417 NA
16744 3417 NA
16745 3542 NA
16746 3542 NA
16747 3542 NA
16748 3542 NA
16749 3542 NA
16750 3542 NA
16751 3542 NA
16752 3542 NA
16753 3542 NA
16754 3542 NA
16755 3542 NA
16756 3542 NA
16757 3542 NA
16759 3542 NA
16760 3542 NA
16761 3542 NA
16762 3542 NA
16763 3542 NA
16764 3542 NA
16765 3542 NA
16766 3542 NA
16767 3542 NA
16768 3542 NA
16769 3542 NA
16770 3542 NA
16771 3542 NA
16772 3542 NA
16773 3542 NA
16774 3542 NA
16775 3542 NA
16777 3542 NA
16778 3542 NA
16779 3542 NA
16780 3542 NA
16781 3542 NA
16782 3542 NA
16783 3542 NA
16784 3542 NA
16785 3542 NA
16786 3542 NA
16787 3542 NA
16788 3542 NA
16789 3542 NA
16790 3542 NA
16791 3542 NA
16792 3542 NA
16793 3542 NA
16794 3542 NA
16795 3542 NA
16796 3542 NA
16797 3542 NA
16798 3542 NA
16799 3691 NA
16800 3691 NA
16801 3691 NA
16802 3691 NA
16803 3691 NA
16804 3691 NA
16807 3691 NA
16808 3691 NA
16809 3691 NA
16810 3691 NA
16811 3691 NA
16812 3691 NA
16813 3691 NA
16814 3691 NA
16815 3691 NA
16816 3691 NA
16817 3691 NA
16818 3691 NA
16820 3691 NA
16821 3691 NA
16823 3691 NA
16824 3691 NA
16825 3691 NA
16826 3691 NA
16827 3691 NA
16828 3691 NA
16829 3691 NA
16830 3691 NA
16831 3691 NA
16832 3691 NA
16833 3691 NA
16834 3691 NA
16835 3691 NA
16836 3691 NA
16837 3691 NA
16838 3691 NA
16839 3691 NA
16840 3691 NA
16841 3691 NA
16842 3691 NA
16843 3691 NA
16844 3691 NA
16845 3691 NA
16847 3841 NA
16849 3841 NA
16850 3841 NA
16851 3841 NA
16852 3841 NA
16853 3841 NA
16854 3841 NA
16855 3841 NA
16856 3841 NA
16857 3841 NA
16858 3841 NA
16859 3841 NA
16860 3841 NA
16861 3841 NA
16862 3841 NA
16863 3841 NA
16864 3841 NA
16865 3841 NA
16866 3841 NA
16867 3841 NA
16869 3841 NA
16870 3841 NA
16871 3841 NA
16872 3841 NA
16873 3841 NA
16874 3841 NA
16875 3841 NA
16876 3841 NA
16878 3841 NA
16879 3841 NA
16880 3841 NA
16881 3841 NA
16884 3841 NA
16885 3841 NA
16886 3841 NA
16887 3841 NA
16888 3841 NA
16889 3841 NA
16890 3841 NA
16892 3841 NA
16893 3841 NA
16894 3841 NA
16895 3841 NA
16896 3841 NA
16897 3841 NA
16898 3841 NA
16899 3841 NA
16900 3841 NA
16901 3841 NA
16902 4012 NA
16903 4012 NA
16904 4012 NA
16905 4012 NA
16906 4012 NA
16907 4012 NA
16908 4012 NA
16909 4012 NA
16910 4012 NA
16911 4012 NA
16912 4012 NA
16913 4012 NA
16914 4012 NA
16915 4012 NA
16916 4012 NA
16917 4012 NA
16918 4012 NA
16919 4012 NA
16920 4012 NA
16921 4012 NA
16922 4012 NA
16923 4012 NA
16924 4012 NA
16925 4012 NA
16926 4012 NA
16927 4012 NA
16928 4012 NA
16929 4012 NA
16930 4012 NA
16931 4012 NA
16932 4012 NA
16933 4012 NA
16934 4012 NA
16935 4012 NA
16937 4012 NA
16938 4012 NA
16939 4012 NA
16940 4012 NA
16941 4012 NA
16942 4012 NA
16943 4012 NA
16944 4012 NA
16945 4012 NA
16946 4012 NA
16949 4012 NA
16950 4012 NA
16951 4012 NA
16952 4012 NA
16953 4012 NA
16954 4012 NA
16955 4012 NA
16956 4012 NA
16957 4012 NA
16958 4012 NA
16959 4012 NA
16960 4012 NA
16967 4012 NA
16968 4165 NA
16969 4165 NA
16970 4165 NA
16971 4165 NA
16972 4165 NA
16974 4165 NA
16975 4165 NA
16976 4165 NA
16977 4165 NA
16978 4165 NA
16979 4165 NA
16980 4165 NA
16981 4165 NA
16982 4165 NA
16984 4165 NA
16985 4165 NA
16986 4165 NA
16987 4165 NA
16988 4165 NA
16989 4165 NA
16990 4165 NA
16991 4165 NA
16992 4165 NA
16993 4165 NA
16994 4165 NA
16999 4165 NA
17001 4165 NA
17006 4165 NA
17007 4165 NA
17014 4165 NA
17015 4165 NA
17016 4165 NA
17017 4165 NA
17018 4165 NA
17019 4165 NA
17020 4165 NA
17021 4165 NA
17022 4165 NA
17023 4338 NA
17024 4338 NA
17025 4338 NA
17026 4338 NA
17027 4338 NA
17028 4338 NA
17029 4338 NA
17031 4338 NA
17032 4338 NA
17033 4338 NA
17034 4338 NA
17035 4338 NA
17036 4338 NA
17037 4338 NA
17038 4338 NA
17039 4338 NA
17040 4338 NA
17042 4338 NA
17044 4338 NA
17045 4338 NA
17046 4338 NA
17047 4338 NA
17048 4338 NA
17049 4338 NA
17050 4338 NA
17051 4338 NA
17052 4338 NA
17053 4338 NA
17054 4338 NA
17055 4338 NA
17056 4338 NA
17057 4338 NA
17058 4338 NA
17059 4338 NA
17060 4338 NA
17061 4338 NA
17062 4338 NA
17063 4338 NA
17064 4338 NA
17069 4338 NA
17070 4338 NA
17071 4338 NA
17072 4338 NA
17073 4338 NA
17075 4338 NA
17076 4338 NA
17077 4338 NA
17078 4338 NA
17079 4338 NA
17080 4338 NA
17081 4338 NA
17083 4338 NA
17084 4338 NA
17085 4338 NA
17086 4338 NA
17087 4338 NA
17088 4338 NA
17089 4338 NA
17091 4338 NA
17092 4338 NA
17093 4338 NA
17094 4338 NA
17095 4338 NA
17096 4338 NA
17097 4338 NA
17098 4338 NA
17099 4338 NA
17100 4338 NA
17101 4338 NA
17102 4338 NA
17103 4338 NA
17104 4338 NA
17105 4338 NA
17106 4338 NA
17107 4338 NA
17108 4514 NA
17109 4514 NA
17110 4514 NA
17111 4514 NA
17112 4514 NA
17113 4514 NA
17114 4514 NA
17115 4514 NA
17117 4514 NA
17118 4514 NA
17123 4514 NA
17124 4514 NA
17125 4514 NA
17126 4514 NA
17127 4514 NA
17129 4514 NA
17130 4514 NA
17131 4514 NA
17132 4514 NA
17133 4514 NA
17134 4514 NA
17135 4514 NA
17136 4514 NA
17138 4514 NA
17139 4514 NA
17140 4514 NA
17141 4514 NA
17142 4514 NA
17143 4514 NA
17144 4514 NA
17145 4514 NA
17146 4514 NA
17147 4514 NA
