"Index" "Price" "Volume"
14019 475 NA
14020 472 NA
14021 464 NA
14022 464 NA
14023 460 NA
14024 460 NA
14025 496 NA
14026 496 NA
14027 502 NA
14028 502 NA
14029 521 NA
14030 521 NA
14031 543 NA
14032 517 NA
14033 501 NA
14034 502 NA
14035 501 NA
14036 489 NA
14037 501 NA
14038 526 NA
14039 566 NA
14040 566 NA
14041 575 NA
14042 578 NA
14043 577 NA
14044 598 NA
14045 596 NA
14046 596 NA
14047 596 NA
14048 617 NA
14049 621 NA
14050 625 NA
14051 625 NA
14052 619 NA
14053 612 NA
14054 612 NA
14055 627 NA
14056 632 NA
14057 639 NA
14058 624 NA
14059 608 NA
14060 598 NA
14061 591 NA
14062 607 NA
14063 607 NA
14064 614 NA
14065 621 NA
14066 625 NA
14067 623 NA
14068 619 NA
14069 675 NA
14070 675 NA
14071 708 NA
14072 693 NA
14073 666 NA
14074 630 NA
14075 630 NA
14076 649 NA
14077 666 NA
14078 675 NA
14079 666 NA
14080 659 NA
14081 674 NA
14082 698 NA
14083 713 NA
14084 726 NA
14085 771 NA
14086 771 NA
14087 778 NA
14088 787 NA
14089 795 NA
14090 792 NA
14091 772 NA
14092 772 NA
14093 778 NA
14094 776 NA
14095 734 NA
14096 739 NA
14097 739 NA
14098 750 NA
14099 745 NA
14100 741 NA
14101 736 NA
14102 729 NA
14103 713 NA
14104 715 NA
14105 728 NA
14106 734 NA
14107 741 NA
14108 746 NA
14109 772 NA
14110 761 NA
14111 752 NA
14112 752 NA
14113 732 NA
14114 688 NA
14115 688 NA
14116 684 NA
14117 669 NA
14118 660 NA
14119 664 NA
14120 660 NA
14121 656 NA
14122 668 NA
14123 668 NA
14124 652 NA
14125 656 NA
14126 635 NA
14127 607 NA
14128 607 NA
14129 584 NA
14130 584 NA
14131 584 NA
14132 569 NA
14133 564 NA
14134 549 NA
14135 561 NA
14136 598 NA
14137 615 NA
14138 615 NA
14139 594 NA
14140 583 NA
14141 584 NA
14142 584 NA
14143 607 NA
14144 633 NA
14145 621 NA
14146 623 NA
14147 635 NA
14148 629 NA
14149 646 NA
14150 646 NA
14151 660 NA
14152 644 NA
14153 634 NA
14154 638 NA
14155 624 NA
14156 615 NA
14157 615 NA
14158 656 NA
14159 668 NA
14160 649 NA
14161 649 NA
14162 662 NA
14163 676 NA
14164 701 NA
14165 736 NA
14166 772 NA
14167 803 NA
14168 832 NA
14169 871 NA
14170 913 NA
14171 1002 NA
14172 1002 NA
14173 1051 NA
14174 1047 NA
14175 953 NA
14176 953 NA
14177 905 NA
14178 905 NA
14179 899 NA
14180 915 NA
14181 897 NA
14182 884 NA
14183 871 NA
14184 836 NA
14185 817 NA
14186 761 NA
14187 735 NA
14188 735 NA
14189 717 NA
14190 719 NA
14191 736 NA
14192 757 NA
14193 769 NA
14194 791 NA
14195 793 NA
14196 775 NA
14197 784 NA
14198 819 NA
14199 843 NA
14200 825 NA
14201 809 NA
14202 809 NA
14203 790 NA
14204 752 NA
14205 752 NA
14206 775 NA
14207 823 NA
14208 827 NA
14209 827 NA
14210 796 NA
14211 729 NA
14212 729 NA
14213 712 NA
14214 695 NA
14215 698 NA
14216 680 NA
14217 652 NA
14218 658 NA
14219 680 NA
14220 707 NA
14221 672 NA
14222 672 NA
14223 659 NA
14224 671 NA
14225 671 NA
14226 696 NA
14227 724 NA
14228 721 NA
14229 697 NA
14230 686 NA
14231 732 NA
14232 744 NA
14233 744 NA
14234 770 NA
14235 811 NA
14236 825 NA
14237 835 NA
14238 835 NA
14239 846 NA
14240 846 NA
14241 825 NA
14242 841 NA
14243 819 NA
14244 800 NA
14245 800 NA
14246 802 NA
14247 800 NA
14248 787 NA
14249 756 NA
14250 733 NA
14251 750 NA
14252 721 NA
14253 707 NA
14254 682 NA
14255 682 NA
14256 705 NA
14257 698 NA
14258 698 NA
14259 703 NA
14260 737 NA
14261 751 NA
14262 743 NA
14263 743 NA
14264 762 NA
14265 759 NA
14266 759 NA
14267 695 NA
14268 695 NA
14269 719 NA
14270 719 NA
14271 708 NA
14272 749 NA
14273 749 NA
14274 761 NA
14275 761 NA
14276 749 NA
14277 749 NA
14278 731 NA
14279 714 NA
14280 715 NA
14281 715 NA
14282 731 NA
14283 731 NA
14284 742 NA
14285 695 NA
14286 695 NA
14287 687 NA
14288 670 NA
14289 697 NA
14290 705 NA
14291 704 NA
14292 691 NA
14293 691 NA
14294 707 NA
14295 707 NA
14296 723 NA
14297 723 NA
14298 712 NA
14299 731 NA
14300 742 NA
14301 733 NA
14302 722 NA
14303 716 NA
14304 713 NA
14305 719 NA
14306 725 NA
14307 720 NA
14308 720 NA
14309 722 NA
14310 723 NA
14311 736 NA
14312 704 NA
14313 729 NA
14314 729 NA
14315 764 NA
14316 841 NA
14317 841 NA
14318 883 NA
14319 928 NA
14320 970 NA
14321 1017 NA
14322 1034 NA
14323 1024 NA
14324 981 NA
14325 931 NA
14326 885 NA
14327 842 NA
14328 799 NA
14329 759 NA
14330 726 NA
14331 726 NA
14332 746 NA
14333 761 NA
14334 761 NA
14335 728 NA
14336 743 NA
14337 743 NA
14338 713 NA
14339 726 NA
14340 726 NA
14341 718 NA
14342 714 NA
14343 743 NA
14344 777 NA
14345 814 NA
14346 890 NA
14347 933 NA
14348 933 NA
14349 1007 NA
14350 979 NA
14351 979 NA
14352 931 NA
14353 841 NA
14354 841 NA
14355 807 NA
14356 810 NA
14357 838 NA
14358 875 NA
14359 879 NA
14360 853 NA
14361 841 NA
14362 844 NA
14363 832 NA
14364 832 NA
14365 840 NA
14366 866 NA
14367 860 NA
14368 860 NA
14369 830 NA
14370 817 NA
14371 828 NA
14372 884 NA
14373 884 NA
14374 904 NA
14375 871 NA
14376 853 NA
14377 831 NA
14378 812 NA
14379 819 NA
14380 819 NA
14381 819 NA
14382 807 NA
14383 825 NA
14384 832 NA
14385 825 NA
14386 841 NA
14387 868 NA
14388 886 NA
14389 871 NA
14390 877 NA
14391 877 NA
14392 873 NA
14393 873 NA
14394 888 NA
14395 900 NA
14396 878 NA
14397 874 NA
14398 874 NA
14399 910 NA
14400 921 NA
14401 921 NA
14402 962 NA
14403 1010 NA
14404 1059 NA
14405 1167 NA
14406 1225 NA
14407 1283 NA
14408 1283 NA
14409 1265 NA
14410 1268 NA
14411 1317 NA
14412 1241 NA
14413 1244 NA
14414 1244 NA
14415 1243 NA
14416 1244 NA
14417 1206 NA
14418 1165 NA
14419 1157 NA
14420 1177 NA
14421 1177 NA
14422 1200 NA
14423 1251 NA
14424 1251 NA
14425 1293 NA
14426 1316 NA
14427 1338 NA
14428 1341 NA
14429 1365 NA
14430 1365 NA
14431 1368 NA
14432 1428 NA
14433 1430 NA
14434 1430 NA
14435 1416 NA
14436 1378 NA
14437 1378 NA
14438 1359 NA
14439 1342 NA
14440 1309 NA
14441 1289 NA
14442 1276 NA
14443 1266 NA
14444 1352 NA
14445 1352 NA
14446 1414 NA
14447 1498 NA
14448 1498 NA
14449 1522 NA
14450 1555 NA
14451 1593 NA
14452 1654 NA
14453 1654 NA
14454 1671 NA
14455 1671 NA
14456 1697 NA
14457 1694 NA
14458 1686 NA
14459 1717 NA
14460 1748 NA
14461 1787 NA
14462 1815 NA
14463 1859 NA
14464 1873 NA
14465 1905 NA
14466 1931 NA
14467 1969 NA
14468 1957 NA
14469 1962 NA
14470 1963 NA
14471 1986 NA
14472 1972 NA
14473 1972 NA
14474 1961 NA
14475 1984 NA
14476 1984 NA
14477 1895 NA
14478 1895 NA
14479 1826 NA
14480 1786 NA
14481 1718 NA
14482 1718 NA
14483 1750 NA
14484 1750 NA
14485 1800 NA
14486 1798 NA
14487 1810 NA
14488 1821 NA
14489 1682 NA
14490 1682 NA
14491 1649 NA
14492 1635 NA
14493 1679 NA
14494 1728 NA
14495 1728 NA
14496 1683 NA
14497 1600 NA
14498 1590 NA
14499 1651 NA
14500 1645 NA
14501 1645 NA
14502 1606 NA
14503 1508 NA
14504 1480 NA
14505 1480 NA
14506 1432 NA
14507 1496 NA
14508 1496 NA
14509 1561 NA
14510 1527 NA
14511 1514 NA
14512 1484 NA
14513 1484 NA
14514 1426 NA
14515 1435 NA
14516 1455 NA
14517 1509 NA
14518 1509 NA
14519 1602 NA
14520 1602 NA
14521 1534 NA
14522 1529 NA
14523 1529 NA
14524 1473 NA
14525 1482 NA
14526 1508 NA
14527 1528 NA
14528 1596 NA
14529 1596 NA
14530 1645 NA
14531 1645 NA
14532 1714 NA
14533 1791 NA
14534 1791 NA
14535 1949 NA
14536 1949 NA
14537 2013 NA
14538 1970 NA
14539 1970 NA
14540 1953 NA
14541 1904 NA
14542 1967 NA
14543 1905 NA
14544 1905 NA
14545 1816 NA
14546 1816 NA
14547 1832 NA
14548 1901 NA
14549 1963 NA
14550 1995 NA
14551 2055 NA
14552 2062 NA
14553 2071 NA
14554 2071 NA
14555 2191 NA
14556 2191 NA
14557 2136 NA
14558 2029 NA
14559 2073 NA
14560 2073 NA
14561 2169 NA
14562 2252 NA
14563 2254 NA
14564 2282 NA
14565 2179 NA
14566 2261 NA
14567 2261 NA
14568 2272 NA
14569 2294 NA
14570 2272 NA
14571 2272 NA
14572 2203 NA
14573 2165 NA
14574 2213 NA
14575 2316 NA
14576 2391 NA
14577 2379 NA
14578 2306 NA
14579 2306 NA
14580 2239 NA
14581 2243 NA
14582 2248 NA
14583 2248 NA
14584 2303 NA
14585 2269 NA
14586 2269 NA
14587 2241 NA
14588 2245 NA
14589 2245 NA
14590 2267 NA
14591 2271 NA
14592 2243 NA
14593 2133 NA
14594 2083 NA
14595 1998 NA
14596 1998 NA
14597 2036 NA
14598 2095 NA
14599 2208 NA
14600 2208 NA
14601 2270 NA
14602 2303 NA
14603 2383 NA
14604 2581 NA
14605 2564 NA
14606 2564 NA
14607 2494 NA
14608 2494 NA
14609 2461 NA
14610 2376 NA
14611 2270 NA
14612 2248 NA
14613 2284 NA
14614 2196 NA
14615 2196 NA
14616 2194 NA
14617 2282 NA
14618 2315 NA
14619 2297 NA
14620 2297 NA
14621 2087 NA
14622 2087 NA
14623 1921 NA
14624 1921 NA
14625 1931 NA
14626 2028 NA
14627 2028 NA
14628 2054 NA
14629 2054 NA
14630 1975 NA
14631 1920 NA
14632 1918 NA
14633 1991 NA
14634 1991 NA
14635 1984 NA
14636 2024 NA
14637 2042 NA
14638 1970 NA
14639 1984 NA
14640 2029 NA
14641 1981 NA
14642 1981 NA
14643 1995 NA
14644 1995 NA
14645 1996 NA
14646 2085 NA
14647 2118 NA
14648 2011 NA
14649 2011 NA
14650 1924 NA
14651 1961 NA
14652 2009 NA
14653 2009 NA
14654 2042 NA
14655 2145 NA
14656 2145 NA
14657 2173 NA
14658 2337 NA
14659 2441 NA
14660 2441 NA
14661 2463 NA
14662 2457 NA
14663 2457 NA
14664 2438 NA
14665 2326 NA
14666 2212 NA
14667 2212 NA
14668 2215 NA
14669 2301 NA
14670 2414 NA
14671 2462 NA
14672 2496 NA
14673 2496 NA
14674 2591 NA
14675 2660 NA
14676 2647 NA
14677 2706 NA
14678 2720 NA
14679 2697 NA
14680 2698 NA
14681 2450 NA
14682 2329 NA
14683 2224 NA
14684 2224 NA
14685 2233 NA
14686 2229 NA
14687 2154 NA
14688 2060 NA
14689 1957 NA
14690 1819 NA
14691 1816 NA
14692 1816 NA
14693 1819 NA
14694 1877 NA
14695 1877 NA
14696 1925 NA
14697 1919 NA
14698 1890 NA
14699 1836 NA
14700 1837 NA
14701 1817 NA
14702 1821 NA
14703 1785 NA
14704 1832 NA
14705 1845 NA
14706 1845 NA
14707 1854 NA
14708 1766 NA
14709 1766 NA
14710 1712 NA
14711 1648 NA
14712 1498 NA
14713 1498 NA
14714 1431 NA
14715 1350 NA
14716 1350 NA
14717 1365 NA
14718 1374 NA
14719 1374 NA
14720 1411 NA
14721 1411 NA
14722 1377 NA
14723 1377 NA
14724 1388 NA
14725 1405 NA
14726 1417 NA
14727 1499 NA
14728 1499 NA
14729 1492 NA
14730 1481 NA
14731 1509 NA
14732 1486 NA
14733 1486 NA
14734 1391 NA
14735 1391 NA
14736 1311 NA
14737 1311 NA
14738 1265 NA
14739 1265 NA
14740 1249 NA
14741 1209 NA
14742 1193 NA
14743 1241 NA
14744 1304 NA
14745 1360 NA
14746 1422 NA
14747 1492 NA
14748 1608 NA
14749 1608 NA
14750 1576 NA
14751 1587 NA
14752 1617 NA
14753 1578 NA
14754 1602 NA
14755 1681 NA
14756 1681 NA
14757 1706 NA
14758 1715 NA
14759 1680 NA
14760 1625 NA
14761 1625 NA
14762 1514 NA
14763 1514 NA
14764 1455 NA
14765 1415 NA
14766 1425 NA
14767 1380 NA
14768 1446 NA
14769 1468 NA
14770 1473 NA
14771 1618 NA
14772 1618 NA
14773 1690 NA
14774 1764 NA
14775 1929 NA
14776 1968 NA
14777 1968 NA
14778 2006 NA
14779 2006 NA
14780 1890 NA
14781 1885 NA
14782 1880 NA
14783 1880 NA
14784 1834 NA
14785 1834 NA
14786 1859 NA
14787 1843 NA
14788 1887 NA
14789 1963 NA
14790 2043 NA
14791 2043 NA
14792 2141 NA
14793 2154 NA
14794 2112 NA
14795 2108 NA
14796 2108 NA
14797 2176 NA
14798 2362 NA
14799 2442 NA
14800 2442 NA
14801 2465 NA
14802 2403 NA
14803 2260 NA
14804 2260 NA
14805 2059 NA
14806 2059 NA
14807 1987 NA
14808 1908 NA
14809 1898 NA
14810 1836 NA
14811 1836 NA
14812 1771 NA
14813 1826 NA
14814 1826 NA
14815 1822 NA
14816 1809 NA
14817 1794 NA
14818 1762 NA
14819 1827 NA
14820 1827 NA
14821 1833 NA
14822 1853 NA
14823 1902 NA
14824 1902 NA
14825 1853 NA
14826 1824 NA
14827 1825 NA
14828 1786 NA
14829 1786 NA
14830 1804 NA
14831 1822 NA
14832 1903 NA
14833 1903 NA
14834 1970 NA
14835 2003 NA
14836 2016 NA
14837 2016 NA
14838 2070 NA
14839 2070 NA
14840 2024 NA
14841 2024 NA
14842 2062 NA
14843 2161 NA
14844 2256 NA
14845 2293 NA
14846 2360 NA
14847 2551 NA
14848 2651 NA
14849 2651 NA
14850 2737 NA
14851 2719 NA
14852 2733 NA
14853 2733 NA
14854 2704 NA
14855 2803 NA
14856 2691 NA
14857 2428 NA
14858 2428 NA
14859 2190 NA
14860 2190 NA
14861 2080 NA
14862 1977 NA
14863 1883 NA
14864 1790 NA
14865 1713 NA
14866 1696 NA
14867 1696 NA
14868 1660 NA
14869 1614 NA
14870 1571 NA
14871 1571 NA
14872 1483 NA
14873 1483 NA
14874 1450 NA
14875 1450 NA
14876 1510 NA
14877 1584 NA
14878 1628 NA
14879 1588 NA
14880 1661 NA
14881 1661 NA
14882 1617 NA
14883 1617 NA
14884 1633 NA
14885 1585 NA
14886 1536 NA
14887 1465 NA
14888 1401 NA
14889 1363 NA
14890 1466 NA
14891 1466 NA
14892 1413 NA
14893 1366 NA
14894 1366 NA
14895 1362 NA
14896 1317 NA
14897 1357 NA
14898 1357 NA
14899 1423 NA
14900 1494 NA
14901 1561 NA
14902 1561 NA
14903 1503 NA
14904 1503 NA
14905 1450 NA
14906 1375 NA
14907 1386 NA
14908 1386 NA
14909 1376 NA
14910 1374 NA
14911 1402 NA
14912 1416 NA
14913 1430 NA
14914 1397 NA
14915 1397 NA
14916 1435 NA
14917 1506 NA
14918 1456 NA
14920 1457 NA
14921 1591 NA
14922 1581 NA
14923 1581 NA
14924 1508 NA
14925 1462 NA
14926 1480 NA
14927 1436 NA
14928 1316 NA
14929 1316 NA
14930 1204 NA
14931 1204 NA
14932 1165 NA
14933 1183 NA
14934 1212 NA
14935 1212 NA
14936 1170 NA
14937 1197 NA
14938 1257 NA
14939 1306 NA
14940 1359 NA
14941 1337 NA
14942 1337 NA
14943 1344 NA
14944 1482 NA
14945 1552 NA
14946 1552 NA
14947 1613 NA
14948 1625 NA
14949 1672 NA
14950 1672 NA
14951 1522 NA
14952 1452 NA
14953 1452 NA
14954 1397 NA
14955 1369 NA
14956 1371 NA
14957 1340 NA
14958 1293 NA
14959 1245 NA
14960 1174 NA
14961 1174 NA
14962 1258 NA
14963 1258 NA
14964 1319 NA
14965 1408 NA
14966 1386 NA
14967 1363 NA
14968 1363 NA
14969 1363 NA
14970 1360 NA
14971 1375 NA
14972 1342 NA
14973 1317 NA
14974 1338 NA
14975 1338 NA
14976 1332 NA
14977 1338 NA
14979 1291 NA
14981 1305 NA
14983 1298 NA
14984 1294 NA
14985 1298 NA
14986 1298 NA
14987 1338 NA
14989 1397 NA
14990 1436 NA
14991 1532 NA
14992 1593 NA
14993 1670 NA
14995 1694 NA
14996 1648 NA
14998 1702 NA
15000 1760 NA
15001 1807 NA
15003 1835 NA
15005 1900 NA
15007 1872 NA
15008 1833 NA
15009 1829 NA
15011 1890 NA
15012 1956 NA
15013 2045 NA
15014 2045 NA
15016 2001 NA
15018 1999 NA
15020 1964 NA
15021 1964 NA
15023 1996 NA
15025 2027 NA
15026 2046 NA
15028 2035 NA
15029 1958 NA
15031 1960 NA
15032 2014 NA
15033 2182 NA
15035 2246 NA
15036 2319 NA
15037 2319 NA
15038 2329 NA
15039 2321 NA
15040 2322 NA
15042 2346 NA
15044 2511 NA
15046 2288 NA
15047 2173 NA
15048 2064 NA
15049 2064 NA
15050 1953 NA
15052 1854 NA
15054 1841 NA
15055 1762 NA
15058 1533 NA
15060 1480 NA
15061 1470 NA
15063 1489 NA
15064 1576 NA
15066 1578 NA
15067 1604 NA
15068 1601 NA
15070 1579 NA
15072 1531 NA
15073 1474 NA
15076 1364 NA
15078 1255 NA
15080 1210 NA
15081 1165 NA
15082 1174 NA
15084 1204 NA
15085 1222 NA
15086 1254 NA
15087 1328 NA
15089 1376 NA
15090 1431 NA
15091 1473 NA
15093 1459 NA
15094 1429 NA
15095 1391 NA
15096 1366 NA
15097 1325 NA
15098 1323 NA
15100 1330 NA
15101 1319 NA
15102 1287 NA
15103 1289 NA
15105 1334 NA
15106 1332 NA
15107 1358 NA
15109 1413 NA
15110 1412 NA
15112 1381 NA
15114 1305 NA
15115 1298 NA
15116 1302 NA
15119 1337 NA
15120 1344 NA
15121 1355 NA
15123 1336 NA
15124 1320 NA
15125 1267 NA
15126 1226 NA
15128 1123 NA
15130 1063 NA
15131 1043 NA
15132 1032 NA
15133 1004 NA
15135 1039 NA
15136 1078 NA
15137 1100 NA
15138 1120 NA
15140 1145 NA
15142 1186 NA
15143 1192 NA
15144 1174 NA
15145 1179 NA
15147 1213 NA
15149 1284 NA
15150 1322 NA
15151 1362 NA
15152 1387 NA
15154 1404 NA
15156 1339 NA
15157 1337 NA
15158 1308 NA
15159 1304 NA
15161 1321 NA
15163 1297 NA
15164 1258 NA
15165 1231 NA
15166 1202 NA
15168 1148 NA
15170 1132 NA
15172 1193 NA
15173 1204 NA
15175 1293 NA
15177 1366 NA
15178 1409 NA
15179 1455 NA
15182 1477 NA
15184 1475 NA
15185 1443 NA
15186 1400 NA
15187 1365 NA
15189 1287 NA
15191 1292 NA
15193 1317 NA
15194 1322 NA
15195 1339 NA
15196 1384 NA
15197 1400 NA
15199 1426 NA
15204 1321 NA
15207 1230 NA
15208 1227 NA
15210 1169 NA
15212 1192 NA
15214 1245 NA
15215 1239 NA
15217 1210 NA
15219 1170 NA
15220 1155 NA
15221 1155 NA
15222 1136 NA
15224 1040 NA
15226 965 NA
15227 922 NA
15229 875 NA
15231 801 NA
15232 760 NA
15233 736 NA
15235 641 NA
15238 586 NA
15240 542 NA
15242 506 NA
15243 510 NA
15244 494 NA
15247 501 NA
15248 523 NA
15249 523 NA
15250 533 NA
15252 575 NA
15254 629 NA
15256 675 NA
15257 685 NA
15258 707 NA
15259 733 NA
15261 780 NA
15263 842 NA
15264 890 NA
15266 921 NA
15268 916 NA
15270 891 NA
15271 855 NA
15273 779 NA
15275 704 NA
15277 685 NA
15280 690 NA
15281 689 NA
15283 689 NA
15284 684 NA
15285 675 NA
15287 628 NA
15289 610 NA
15291 612 NA
15294 610 NA
15296 619 NA
15297 624 NA
15299 613 NA
15302 619 NA
15303 627 NA
15304 634 NA
15306 632 NA
15307 636 NA
15308 663 NA
15310 654 NA
15313 683 NA
15314 678 NA
15315 678 NA
15316 672 NA
15317 649 NA
15318 649 NA
15319 646 NA
15320 662 NA
15321 680 NA
15322 701 NA
15323 701 NA
15324 717 NA
15325 717 NA
15326 726 NA
15327 727 NA
15328 746 NA
15329 761 NA
15330 771 NA
15331 771 NA
15332 773 NA
15333 770 NA
15334 784 NA
15335 782 NA
15336 784 NA
15337 796 NA
15338 812 NA
15339 827 NA
15340 854 NA
15341 863 NA
15342 882 NA
15343 903 NA
15344 915 NA
15345 890 NA
15346 890 NA
15347 868 NA
15348 829 NA
15349 816 NA
15350 794 NA
15351 794 NA
15352 803 NA
15353 825 NA
15354 809 NA
15355 789 NA
15356 783 NA
15357 750 NA
15358 750 NA
15359 725 NA
15360 729 NA
15361 722 NA
15362 694 NA
15363 686 NA
15364 686 NA
15365 696 NA
15366 705 NA
15367 716 NA
15368 738 NA
15369 735 NA
15370 754 NA
15371 766 NA
15372 776 NA
15373 803 NA
15374 833 NA
15375 872 NA
15376 872 NA
15377 903 NA
15378 937 NA
15379 937 NA
15380 925 NA
15381 925 NA
15382 896 NA
15383 886 NA
15384 872 NA
15385 872 NA
15386 878 NA
15387 864 NA
15388 857 NA
15389 871 NA
15390 835 NA
15391 798 NA
15392 762 NA
15393 736 NA
15394 707 NA
15395 707 NA
15396 716 NA
15397 731 NA
15398 731 NA
15399 723 NA
15400 715 NA
15401 715 NA
15402 699 NA
15403 682 NA
15404 668 NA
15405 668 NA
15406 664 NA
15407 664 NA
15408 678 NA
15409 707 NA
15410 707 NA
15411 729 NA
15412 723 NA
15413 723 NA
15414 710 NA
15415 710 NA
15416 702 NA
15417 668 NA
15418 649 NA
15419 647 NA
15420 647 NA
15421 640 NA
15422 631 NA
15423 621 NA
15424 612 NA
15425 602 NA
15426 593 NA
15427 593 NA
15428 578 NA
15429 578 NA
15430 576 NA
15431 572 NA
15432 590 NA
15433 592 NA
15434 592 NA
15435 592 NA
15436 596 NA
15437 596 NA
15438 595 NA
15439 578 NA
15440 572 NA
15441 574 NA
15442 583 NA
15443 598 NA
15444 615 NA
15445 638 NA
15446 662 NA
15447 692 NA
15448 694 NA
15449 694 NA
15450 708 NA
15451 695 NA
15452 695 NA
15453 677 NA
15454 677 NA
15455 665 NA
15456 665 NA
15457 669 NA
15458 669 NA
15459 679 NA
15460 669 NA
15461 672 NA
15462 667 NA
15463 667 NA
15464 665 NA
15465 675 NA
15466 675 NA
15467 690 NA
15468 718 NA
15469 733 NA
15470 744 NA
15471 744 NA
15472 750 NA
15473 767 NA
15474 770 NA
15475 789 NA
15476 789 NA
15477 796 NA
15478 812 NA
15479 842 NA
15480 870 NA
15481 874 NA
15482 874 NA
15483 886 NA
15484 871 NA
15485 871 NA
15486 858 NA
15487 861 NA
15488 845 NA
15489 828 NA
15490 816 NA
15491 816 NA
15492 787 NA
15493 757 NA
15494 728 NA
15495 710 NA
15496 720 NA
15497 718 NA
15498 705 NA
15499 701 NA
15500 711 NA
15501 711 NA
15502 724 NA
15503 746 NA
15504 746 NA
15505 780 NA
15506 779 NA
15507 787 NA
15508 777 NA
15509 787 NA
15510 797 NA
15511 804 NA
15512 813 NA
15513 823 NA
15514 837 NA
15515 851 NA
15516 866 NA
15517 883 NA
15518 909 NA
15519 936 NA
15520 948 NA
15521 965 NA
15522 1006 NA
15523 1033 NA
15524 1060 NA
15525 1080 NA
15526 1080 NA
15527 1094 NA
15528 1094 NA
15529 1083 NA
15530 1079 NA
15531 1035 NA
15532 1016 NA
15533 989 NA
15534 971 NA
15535 958 NA
15536 958 NA
15537 952 NA
15538 952 NA
15539 962 NA
15540 962 NA
15541 976 NA
15542 983 NA
15543 983 NA
15544 984 NA
15545 1001 NA
15546 1011 NA
15547 1020 NA
15548 1020 NA
15549 1027 NA
15550 1042 NA
15551 1042 NA
15552 1015 NA
15553 974 NA
15554 954 NA
15555 951 NA
15556 932 NA
15557 932 NA
15558 917 NA
15559 908 NA
15560 925 NA
15561 925 NA
15562 934 NA
15563 912 NA
15564 891 NA
15565 891 NA
15566 892 NA
15567 874 NA
15568 874 NA
15569 841 NA
15570 864 NA
15571 894 NA
15572 894 NA
15573 919 NA
15574 923 NA
15575 933 NA
15576 953 NA
15577 953 NA
15578 963 NA
15579 970 NA
15580 972 NA
15581 972 NA
15582 947 NA
15583 947 NA
15584 900 NA
15585 860 NA
15586 860 NA
15587 822 NA
15588 786 NA
15589 756 NA
15590 743 NA
15591 739 NA
15592 746 NA
15593 737 NA
15594 761 NA
15595 761 NA
15596 777 NA
15597 777 NA
15598 795 NA
15599 795 NA
15600 809 NA
15601 820 NA
15602 820 NA
15603 818 NA
15604 818 NA
15605 821 NA
15606 815 NA
15607 815 NA
15608 810 NA
15609 793 NA
15610 793 NA
15611 780 NA
15612 783 NA
15613 783 NA
15614 783 NA
15615 783 NA
15616 781 NA
15617 763 NA
15618 763 NA
15619 755 NA
15620 750 NA
15621 750 NA
15622 761 NA
15623 771 NA
15624 771 NA
15625 785 NA
15626 786 NA
15627 807 NA
15628 822 NA
15629 822 NA
15630 831 NA
15631 837 NA
15632 837 NA
15633 843 NA
15634 853 NA
15635 853 NA
15636 847 NA
15637 823 NA
15638 823 NA
15639 810 NA
15640 813 NA
15641 783 NA
15642 743 NA
15643 719 NA
15644 710 NA
15645 710 NA
15646 706 NA
15647 706 NA
15648 712 NA
15649 713 NA
15650 709 NA
15651 705 NA
15652 701 NA
15653 698 NA
15654 694 NA
15655 690 NA
15656 686 NA
15657 682 NA
15658 678 NA
15659 673 NA
15660 673 NA
15661 670 NA
15662 670 NA
15663 662 NA
15664 648 NA
15665 648 NA
15666 648 NA
15667 622 NA
15668 622 NA
15669 594 NA
15670 594 NA
15671 570 NA
15672 570 NA
15673 570 NA
15674 547 NA
15675 547 NA
15676 524 NA
15677 524 NA
15678 506 NA
15679 506 NA
15680 490 NA
15681 490 NA
15682 490 NA
15683 470 NA
15684 470 NA
15685 454 NA
15686 454 NA
15687 437 NA
15688 437 NA
15689 419 NA
15690 419 NA
15691 401 NA
15692 401 NA
15693 384 NA
15694 384 NA
15695 369 NA
15696 369 NA
15697 369 NA
15698 353 NA
15699 353 NA
15700 353 NA
15701 339 NA
15702 339 NA
15703 328 NA
15704 328 NA
15705 328 NA
15706 313 NA
15707 313 NA
15708 303 NA
15709 303 NA
15710 303 NA
15711 291 NA
15712 291 NA
15713 291 NA
15714 283 NA
15715 283 NA
15716 283 NA
15717 282 NA
15718 282 NA
15719 282 NA
15720 277 NA
15721 277 NA
15722 277 NA
15723 267 NA
15724 267 NA
15725 267 NA
15726 257 NA
15727 257 NA
15728 248 NA
15729 248 NA
15730 239 NA
15731 239 NA
15732 230 NA
15733 230 NA
15734 230 NA
15735 220 NA
15736 220 NA
15737 211 NA
15738 202 NA
15739 202 NA
15740 194 NA
15741 194 NA
15742 186 NA
15743 186 NA
15744 186 NA
15745 178 NA
15746 178 NA
15747 178 NA
15748 174 NA
15749 174 NA
15750 174 NA
15751 167 NA
15752 167 NA
15753 167 NA
15754 160 NA
15755 160 NA
15756 160 NA
15757 157 NA
15758 157 NA
15759 157 NA
15760 157 NA
15761 150 NA
15762 150 NA
15763 150 NA
15764 150 NA
15765 146 NA
15766 146 NA
15767 146 NA
15768 140 NA
15769 140 NA
15770 140 NA
15771 138 NA
15772 138 NA
15773 138 NA
15774 136 NA
15775 136 NA
15776 136 NA
15777 136 NA
15778 133 NA
15779 133 NA
15780 133 NA
15781 133 NA
15782 128 NA
15783 128 NA
15784 128 NA
15785 123 NA
15786 123 NA
15787 123 NA
15788 121 NA
15789 121 NA
15790 121 NA
15791 118 NA
15792 118 NA
15793 118 NA
15794 114 NA
15795 114 NA
15796 114 NA
15797 114 NA
15798 113 NA
15799 112 NA
15800 111 NA
15801 110 NA
15802 109 NA
15803 108 NA
15804 107 NA
15805 107 NA
15806 107 NA
15807 107 NA
15808 103 NA
15809 103 NA
15810 103 NA
15811 99 NA
15812 99 NA
15813 99 NA
15814 99 NA
15815 96 NA
15816 96 NA
15817 96 NA
15818 96 NA
15819 93 NA
15820 93 NA
15821 93 NA
15822 93 NA
15823 91 NA
15824 91 NA
15825 91 NA
15826 91 NA
15827 89 NA
15828 89 NA
15829 89 NA
15830 89 NA
15831 88 NA
15832 88 NA
15833 88 NA
15834 88 NA
15835 88 NA
15836 89 NA
15837 89 NA
15838 89 NA
15839 89 NA
15840 87 NA
15841 87 NA
15842 87 NA
15843 87 NA
15844 87 NA
15845 87 NA
15846 87 NA
15847 87 NA
15848 87 NA
15849 86 NA
15850 86 NA
15851 86 NA
15852 86 NA
15853 82 NA
15854 82 NA
15855 82 NA
15856 82 NA
15857 78 NA
15858 78 NA
15859 78 NA
15860 78 NA
15861 77 NA
15862 77 NA
15863 77 NA
15864 77 NA
15865 79 NA
15866 79 NA
15867 79 NA
15868 79 NA
15869 77 NA
15870 77 NA
15871 77 NA
15872 77 NA
15873 79 NA
15874 79 NA
15875 79 NA
15876 79 NA
15877 79 NA
15878 82 NA
15879 82 NA
15880 82 NA
15881 86 NA
15882 86 NA
15883 86 NA
15884 90 NA
15885 90 NA
15886 90 NA
15887 89 NA
15888 89 NA
15889 89 NA
15890 89 NA
15891 87 NA
15892 87 NA
15893 87 NA
15894 90 NA
15895 90 NA
15896 90 NA
15897 90 NA
15898 90 NA
15899 90 NA
15900 90 NA
15901 90 NA
15902 92 NA
15903 92 NA
15904 93 NA
15905 93 NA
15906 93 NA
15907 94 NA
15908 94 NA
15909 94 NA
15910 96 NA
15911 96 NA
15912 96 NA
15913 96 NA
15914 96 NA
15915 97 NA
15916 97 NA
15917 97 NA
15918 97 NA
15919 97 NA
15920 97 NA
15921 97 NA
15922 97 NA
15923 97 NA
15924 97 NA
15925 97 NA
15926 97 NA
15927 97 NA
15928 97 NA
15929 98 NA
15930 98 NA
15931 98 NA
15932 98 NA
15933 98 NA
15934 100 NA
15935 100 NA
15936 100 NA
15937 100 NA
15938 101 NA
15939 101 NA
15940 101 NA
15941 101 NA
15942 101 NA
15943 101 NA
15944 101 NA
15945 97 NA
15946 97 NA
15947 97 NA
15948 97 NA
15949 97 NA
15950 97 NA
15951 94 NA
15952 94 NA
15953 94 NA
15954 94 NA
15955 94 NA
15956 94 NA
15957 94 NA
15958 94 NA
15959 94 NA
15960 94 NA
15961 94 NA
15962 94 NA
15963 91 NA
15964 91 NA
15965 91 NA
15966 91 NA
15967 91 NA
15968 91 NA
15969 91 NA
15970 90 NA
15971 90 NA
15972 90 NA
15973 90 NA
15974 90 NA
15975 90 NA
15976 90 NA
15977 90 NA
15978 90 NA
15979 90 NA
15980 90 NA
15981 90 NA
15982 90 NA
15983 90 NA
15984 90 NA
15985 90 NA
15986 90 NA
15987 90 NA
15988 90 NA
15989 90 NA
15990 90 NA
15991 90 NA
15992 90 NA
15993 90 NA
15994 90 NA
15995 90 NA
15996 90 NA
15997 92 NA
15998 92 NA
15999 92 NA
16000 92 NA
16001 92 NA
16002 92 NA
16003 91 NA
16004 91 NA
16005 91 NA
16006 91 NA
16007 91 NA
16008 91 NA
16009 88 NA
16010 88 NA
16011 88 NA
16012 88 NA
16013 88 NA
16014 88 NA
16015 84 NA
16016 84 NA
16017 84 NA
16018 84 NA
16019 84 NA
16020 84 NA
16021 87 NA
16022 87 NA
16023 87 NA
16024 87 NA
16025 87 NA
16026 87 NA
16027 91 NA
16028 91 NA
16029 91 NA
16030 91 NA
16031 91 NA
16032 91 NA
16033 94 NA
16034 94 NA
16035 94 NA
16036 95 NA
16037 95 NA
16038 95 NA
16039 95 NA
16040 96 NA
16041 96 NA
16042 96 NA
16043 96 NA
16044 96 NA
16045 94 NA
16046 94 NA
16047 94 NA
16048 94 NA
16049 94 NA
16050 94 NA
16051 91 NA
16052 91 NA
16053 91 NA
16054 91 NA
16055 91 NA
16056 91 NA
16057 91 NA
16058 90 NA
16059 90 NA
16060 90 NA
16061 90 NA
16062 90 NA
16063 90 NA
16064 89 NA
16065 89 NA
16066 89 NA
16067 89 NA
16068 89 NA
16069 87 NA
16070 87 NA
16071 87 NA
16072 87 NA
16073 87 NA
16074 87 NA
16075 87 NA
16076 87 NA
16077 87 NA
16078 87 NA
16079 88 NA
16080 88 NA
16081 88 NA
16082 88 NA
16083 88 NA
16084 87 NA
16085 87 NA
16086 87 NA
16087 87 NA
16088 87 NA
16089 89 NA
16090 89 NA
16091 89 NA
16092 89 NA
16093 89 NA
16094 91 NA
16095 91 NA
16096 91 NA
16097 91 NA
16098 93 NA
16099 93 NA
16100 93 NA
16101 93 NA
16102 93 NA
16103 97 NA
16104 97 NA
16105 97 NA
16106 97 NA
16107 97 NA
16108 99 NA
16109 99 NA
16110 99 NA
16111 99 NA
16112 99 NA
16113 104 NA
16114 104 NA
16115 104 NA
16116 104 NA
16117 104 NA
16118 104 NA
16119 104 NA
16120 104 NA
16121 104 NA
16122 104 NA
16123 105 NA
16124 105 NA
16125 105 NA
16126 104 NA
16127 104 NA
16128 104 NA
16129 104 NA
16130 108 NA
16131 108 NA
16132 108 NA
16133 108 NA
16134 111 NA
16135 111 NA
16136 111 NA
16137 111 NA
16138 111 NA
16139 117 NA
16140 117 NA
16141 117 NA
16142 117 NA
16143 117 NA
16144 121 NA
16145 121 NA
16146 121 NA
16147 121 NA
16148 121 NA
16149 127 NA
16150 127 NA
16151 127 NA
16152 127 NA
16153 127 NA
16154 131 NA
16155 131 NA
16156 131 NA
16157 131 NA
16158 131 NA
16159 137 NA
16160 137 NA
16161 137 NA
16162 137 NA
16163 137 NA
16164 137 NA
16165 143 NA
16166 143 NA
16167 143 NA
16168 143 NA
16169 143 NA
16170 149 NA
16171 149 NA
16172 149 NA
16173 149 NA
16174 149 NA
16175 149 NA
16176 151 NA
16177 151 NA
16178 151 NA
16179 151 NA
16180 151 NA
16181 151 NA
16182 157 NA
16183 157 NA
16184 157 NA
16185 157 NA
16186 157 NA
16187 164 NA
16188 164 NA
16189 164 NA
16190 164 NA
16191 164 NA
16192 158 NA
16193 158 NA
16194 158 NA
16195 158 NA
16196 158 NA
16197 153 NA
16198 153 NA
16199 153 NA
16200 153 NA
16201 153 NA
16202 152 NA
16203 151 NA
16204 151 NA
16205 151 NA
16206 151 NA
16207 159 NA
16208 159 NA
16209 159 NA
16210 159 NA
16211 166 NA
16212 166 NA
16213 166 NA
16214 166 NA
16215 166 NA
16216 173 NA
16217 173 NA
16218 173 NA
16219 173 NA
16220 173 NA
16221 174 NA
16222 174 NA
16223 174 NA
16224 174 NA
16225 182 NA
16226 182 NA
16227 182 NA
16228 182 NA
16229 182 NA
16230 192 NA
16231 192 NA
16232 192 NA
16233 192 NA
16234 192 NA
16235 201 NA
16236 201 NA
16237 201 NA
16238 201 NA
16239 212 NA
16240 212 NA
16241 212 NA
16242 212 NA
16243 212 NA
16244 223 NA
16245 223 NA
16246 223 NA
16247 223 NA
16248 230 NA
16249 230 NA
16250 230 NA
16251 230 NA
16252 229 NA
16253 229 NA
16254 229 NA
16255 229 NA
16256 238 NA
16257 238 NA
16258 238 NA
16259 238 NA
16260 238 NA
16261 248 NA
16262 248 NA
16263 248 NA
16264 248 NA
16265 260 NA
16266 260 NA
16267 260 NA
16268 260 NA
16269 271 NA
16270 271 NA
16271 271 NA
16272 271 NA
16273 282 NA
16274 282 NA
16275 282 NA
16276 294 NA
16277 294 NA
16278 294 NA
16279 308 NA
16280 308 NA
16281 308 NA
16282 308 NA
16283 314 NA
16284 314 NA
16285 314 NA
16286 304 NA
16287 304 NA
16288 304 NA
16289 304 NA
16290 291 NA
16291 291 NA
16292 291 NA
16293 291 NA
16294 279 NA
16295 279 NA
16296 269 NA
16297 269 NA
16298 269 NA
16299 259 NA
16300 259 NA
16301 248 NA
16302 248 NA
16303 248 NA
16304 238 NA
16305 238 NA
16306 238 NA
16307 228 NA
16308 228 NA
16309 228 NA
16310 219 NA
16311 219 NA
16312 219 NA
16313 211 NA
16314 211 NA
16315 202 NA
16316 202 NA
16317 202 NA
16318 193 NA
16319 193 NA
16320 193 NA
16321 185 NA
16322 185 NA
16323 185 NA
16324 180 NA
16325 180 NA
16326 180 NA
16327 180 NA
16328 180 NA
16329 180 NA
16330 180 NA
16331 180 NA
16332 180 NA
16333 180 NA
16334 180 NA
16335 188 NA
16336 188 NA
16337 188 NA
16338 188 NA
16339 197 NA
16340 197 NA
16341 197 NA
16342 197 NA
16343 197 NA
16344 206 NA
16345 206 NA
16346 206 NA
16347 206 NA
16348 217 NA
16349 217 NA
16350 217 NA
16351 217 NA
16352 221 NA
16353 221 NA
16354 221 NA
16355 221 NA
16356 221 NA
16357 227 NA
16358 227 NA
16359 227 NA
16360 227 NA
16361 227 NA
16362 238 NA
16363 238 NA
16364 238 NA
16365 238 NA
16366 238 NA
16367 245 NA
16368 245 NA
16369 245 NA
16370 252 NA
16371 252 NA
16372 252 NA
16373 252 NA
16374 252 NA
16375 255 NA
16376 255 NA
16377 255 NA
16378 250 NA
16379 250 NA
16380 250 NA
16381 250 NA
16382 263 NA
16383 263 NA
16384 263 NA
16385 263 NA
16386 271 NA
16387 271 NA
16388 271 NA
16389 274 NA
16390 274 NA
16391 274 NA
16392 274 NA
16393 282 NA
16394 282 NA
16395 282 NA
16396 282 NA
16397 282 NA
16398 281 NA
16399 281 NA
16400 281 NA
16401 281 NA
16402 281 NA
16403 279 NA
16404 279 NA
16405 279 NA
16406 279 NA
16407 270 NA
16408 270 NA
16409 270 NA
16410 270 NA
16411 272 NA
16412 272 NA
16413 272 NA
16414 272 NA
16415 276 NA
16416 276 NA
16417 276 NA
16418 283 NA
16419 283 NA
16420 283 NA
16421 283 NA
16422 296 NA
16423 296 NA
16424 296 NA
16425 296 NA
16426 305 NA
16427 305 NA
16428 305 NA
16429 305 NA
16430 310 NA
16431 310 NA
16432 310 NA
16433 310 NA
16434 317 NA
16435 317 NA
16436 317 NA
16437 317 NA
16438 332 NA
16439 332 NA
16440 332 NA
16441 348 NA
16442 348 NA
16443 348 NA
16444 348 NA
16445 365 NA
16446 365 NA
16447 365 NA
16448 365 NA
16449 384 NA
16450 384 NA
16451 384 NA
16452 384 NA
16453 404 NA
16454 404 NA
16455 404 NA
16456 404 NA
16457 423 NA
16458 423 NA
16459 423 NA
16460 423 NA
16461 441 NA
16462 441 NA
16463 441 NA
16464 441 NA
16465 441 NA
16466 459 NA
16467 459 NA
16468 459 NA
16469 459 NA
16470 459 NA
16471 451 NA
16472 451 NA
16473 451 NA
16474 451 NA
16475 449 NA
16476 449 NA
16477 449 NA
16478 449 NA
16479 449 NA
16480 462 NA
16481 462 NA
16482 462 NA
16483 462 NA
16484 476 NA
16485 476 NA
16486 476 NA
16487 463 NA
16488 463 NA
16489 463 NA
16490 450 NA
16491 450 NA
16492 450 NA
16493 450 NA
16494 465 NA
16495 465 NA
16496 465 NA
16497 465 NA
16498 480 NA
16499 480 NA
16500 480 NA
16501 480 NA
16502 480 NA
16503 491 NA
16504 491 NA
16505 491 NA
16506 491 NA
16507 504 NA
16508 504 NA
16509 504 NA
16510 504 NA
16511 510 NA
16512 510 NA
16513 510 NA
16514 510 NA
16515 513 NA
16516 513 NA
16517 513 NA
16518 510 NA
16519 510 NA
16520 510 NA
16521 510 NA
16522 510 NA
16523 489 NA
16524 489 NA
16525 489 NA
16526 489 NA
16527 489 NA
16528 482 NA
16529 482 NA
16530 482 NA
16531 482 NA
16532 485 NA
16533 485 NA
16534 485 NA
16535 485 NA
16536 501 NA
16537 501 NA
16538 501 NA
16539 501 NA
16540 501 NA
16541 523 NA
16542 523 NA
16543 523 NA
16544 523 NA
16545 523 NA
16546 537 NA
16547 537 NA
16548 537 NA
16549 537 NA
16550 537 NA
16551 544 NA
16552 544 NA
16553 544 NA
16554 544 NA
16555 544 NA
16556 544 NA
16557 551 NA
16558 551 NA
16559 551 NA
16560 551 NA
16561 551 NA
16562 551 NA
16563 558 NA
16564 558 NA
16565 558 NA
16566 558 NA
16567 558 NA
16568 575 NA
16569 575 NA
16570 575 NA
16571 575 NA
16572 575 NA
16573 580 NA
16574 580 NA
16575 580 NA
16576 580 NA
16577 580 NA
16578 600 NA
16579 600 NA
16580 600 NA
16581 600 NA
16582 611 NA
16583 611 NA
16584 611 NA
16585 611 NA
16586 611 NA
16587 627 NA
16588 627 NA
16589 627 NA
16590 627 NA
16591 627 NA
16592 627 NA
16593 639 NA
16594 639 NA
16595 639 NA
16596 639 NA
16597 639 NA
16598 668 NA
16599 668 NA
16600 668 NA
16601 668 NA
16602 668 NA
16603 699 NA
16604 699 NA
16605 699 NA
16606 699 NA
16607 732 NA
16608 732 NA
16609 732 NA
16610 732 NA
16611 732 NA
16612 766 NA
16613 766 NA
16614 766 NA
16615 766 NA
16616 766 NA
16617 766 NA
16618 805 NA
16619 805 NA
16620 805 NA
16621 805 NA
16622 805 NA
16623 843 NA
16624 843 NA
16625 843 NA
16626 843 NA
16627 843 NA
16628 872 NA
16629 872 NA
16630 872 NA
16631 872 NA
16632 904 NA
16633 904 NA
16634 904 NA
16635 904 NA
16636 904 NA
16637 910 NA
16638 910 NA
16639 910 NA
16640 910 NA
16641 910 NA
16642 937 NA
16643 937 NA
16644 937 NA
16645 937 NA
16646 937 NA
16647 966 NA
16648 966 NA
16649 966 NA
16650 966 NA
16651 1012 NA
16652 1012 NA
16653 1012 NA
16654 1012 NA
16655 1055 NA
16656 1055 NA
16657 1055 NA
16658 1055 NA
16659 1101 NA
16660 1101 NA
16661 1101 NA
16662 1101 NA
16663 1153 NA
16665 1153 NA
16666 1208 NA
16668 1208 NA
16669 1208 NA
16670 1208 NA
16671 1264 NA
16672 1264 NA
16673 1264 NA
16674 1264 NA
16675 1264 NA
16676 1321 NA
16677 1321 NA
16678 1321 NA
16679 1321 NA
16680 1321 NA
16681 1374 NA
16682 1374 NA
16683 1374 NA
16684 1374 NA
16686 1424 NA
16687 1424 NA
16688 1424 NA
16689 1424 NA
16690 1424 NA
16691 1490 NA
16692 1490 NA
16693 1490 NA
16694 1490 NA
16695 1490 NA
16696 1490 NA
16697 1554 NA
16698 1554 NA
16699 1554 NA
16700 1554 NA
16701 1554 NA
16702 1554 NA
16703 1622 NA
16704 1622 NA
16705 1559 NA
16706 1559 NA
16707 1492 NA
16708 1492 NA
16709 1492 NA
16710 1492 NA
16711 1430 NA
16712 1430 NA
16715 1375 NA
16717 1375 NA
16719 1322 NA
16720 1322 NA
16721 1322 NA
16722 1270 NA
16723 1270 NA
16724 1270 NA
16725 1270 NA
16726 1226 NA
16727 1226 NA
16728 1226 NA
16730 1179 NA
16731 1179 NA
16732 1179 NA
16733 1140 NA
16734 1140 NA
16735 1140 NA
16736 1140 NA
16737 1140 NA
16738 1132 NA
16739 1132 NA
16740 1132 NA
16741 1132 NA
16742 1132 NA
16743 1102 NA
16744 1102 NA
16745 1102 NA
16746 1102 NA
16747 1085 NA
16748 1085 NA
16749 1085 NA
16750 1085 NA
16751 1085 NA
16752 1121 NA
16753 1121 NA
16754 1121 NA
16755 1121 NA
16756 1121 NA
16757 1145 NA
16759 1145 NA
16760 1145 NA
16761 1145 NA
16762 1145 NA
16763 1150 NA
16764 1150 NA
16765 1150 NA
16766 1150 NA
16767 1150 NA
16768 1150 NA
16769 1118 NA
16770 1118 NA
16771 1118 NA
16772 1118 NA
16773 1118 NA
16774 1168 NA
16775 1168 NA
16777 1168 NA
16778 1168 NA
16779 1168 NA
16780 1204 NA
16781 1204 NA
16782 1204 NA
16783 1204 NA
16784 1204 NA
16785 1261 NA
16786 1261 NA
16787 1261 NA
16788 1261 NA
16789 1261 NA
16790 1295 NA
16791 1295 NA
16792 1295 NA
16793 1295 NA
16794 1295 NA
16795 1343 NA
16796 1343 NA
16797 1343 NA
16798 1343 NA
16799 1343 NA
16800 1385 NA
16801 1385 NA
16802 1385 NA
16803 1385 NA
16804 1418 NA
16807 1418 NA
16808 1418 NA
16809 1418 NA
16810 1401 NA
16811 1401 NA
16812 1401 NA
16813 1401 NA
16814 1401 NA
16815 1369 NA
16816 1369 NA
16817 1369 NA
16818 1369 NA
16820 1419 NA
16821 1419 NA
16823 1419 NA
16824 1425 NA
16825 1425 NA
16826 1425 NA
16827 1425 NA
16828 1448 NA
16829 1448 NA
16830 1448 NA
16831 1448 NA
16832 1461 NA
16833 1461 NA
16834 1461 NA
16835 1461 NA
16836 1531 NA
16837 1531 NA
16838 1531 NA
16839 1531 NA
16840 1587 NA
16841 1587 NA
16842 1587 NA
16843 1587 NA
16844 1587 NA
16845 1595 NA
16847 1595 NA
16849 1669 NA
16850 1669 NA
16851 1669 NA
16852 1669 NA
16853 1669 NA
16854 1741 NA
16855 1741 NA
16856 1741 NA
16857 1741 NA
16858 1724 NA
16859 1724 NA
16860 1643 NA
16861 1643 NA
16862 1643 NA
16863 1571 NA
16864 1571 NA
16865 1571 NA
16866 1584 NA
16867 1584 NA
16869 1584 NA
16870 1592 NA
16871 1592 NA
16872 1592 NA
16873 1592 NA
16874 1661 NA
16875 1661 NA
16876 1661 NA
16878 1730 NA
16879 1730 NA
16880 1730 NA
16881 1730 NA
16884 1805 NA
16885 1805 NA
16886 1874 NA
16887 1874 NA
16888 1874 NA
16889 1874 NA
16890 1911 NA
16892 1911 NA
16893 1911 NA
16894 1929 NA
16895 1929 NA
16896 1929 NA
16897 1929 NA
16898 1936 NA
16899 1936 NA
16900 1936 NA
16901 1936 NA
16902 1936 NA
16903 1996 NA
16904 1996 NA
16905 1996 NA
16906 1996 NA
16907 1996 NA
16908 1931 NA
16909 1931 NA
16910 1931 NA
16911 1931 NA
16912 1931 NA
16913 1850 NA
16914 1850 NA
16915 1850 NA
16916 1850 NA
16917 1813 NA
16918 1813 NA
16919 1813 NA
16920 1813 NA
16921 1813 NA
16922 1730 NA
16923 1730 NA
16924 1730 NA
16925 1730 NA
16926 1730 NA
16927 1680 NA
16928 1680 NA
16929 1680 NA
16930 1680 NA
16931 1680 NA
16932 1666 NA
16933 1666 NA
16934 1666 NA
16935 1666 NA
16937 1677 NA
16938 1677 NA
16939 1677 NA
16940 1677 NA
16941 1677 NA
16942 1677 NA
16943 1698 NA
16944 1698 NA
16945 1698 NA
16946 1698 NA
16949 1698 NA
16950 1698 NA
16951 1698 NA
16952 1779 NA
16953 1779 NA
16954 1779 NA
16955 1779 NA
16956 1779 NA
16957 1860 NA
16958 1860 NA
16959 1860 NA
16960 1860 NA
16967 2037 NA
16968 2037 NA
16969 2037 NA
16970 2037 NA
16971 2131 NA
16972 2131 NA
16974 2131 NA
16975 2215 NA
16976 2215 NA
16977 2215 NA
16978 2215 NA
16979 2215 NA
16980 2228 NA
16981 2228 NA
16982 2228 NA
16984 2284 NA
16985 2284 NA
16986 2284 NA
16987 2284 NA
16988 2284 NA
16989 2269 NA
16990 2269 NA
16991 2269 NA
16992 2269 NA
16993 2269 NA
16994 2269 NA
16999 2293 NA
17001 2382 NA
17006 2491 NA
17007 2491 NA
17014 2546 NA
17015 2546 NA
17016 2546 NA
17017 2546 NA
17018 2546 NA
17019 2557 NA
17020 2557 NA
17021 2557 NA
17022 2557 NA
17023 2557 NA
17024 2619 NA
17025 2619 NA
17026 2619 NA
17027 2619 NA
17028 2710 NA
17029 2710 NA
17031 2710 NA
17032 2710 NA
17033 2817 NA
17034 2817 NA
17035 2817 NA
17036 2817 NA
17037 2930 NA
17038 2930 NA
17039 2930 NA
17040 2930 NA
17042 3052 NA
17044 3052 NA
17045 3052 NA
17046 3052 NA
17047 3170 NA
17048 3170 NA
17049 3170 NA
17050 3170 NA
17051 3314 NA
17052 3314 NA
17053 3314 NA
17054 3314 NA
17055 3314 NA
17056 3429 NA
17057 3429 NA
17058 3429 NA
17059 3429 NA
17060 3429 NA
17061 3570 NA
17062 3570 NA
17063 3570 NA
17064 3570 NA
17069 3742 NA
17070 3742 NA
17071 3742 NA
17072 3862 NA
17073 3862 NA
17075 3862 NA
17076 3876 NA
17077 3876 NA
17078 3876 NA
17079 3876 NA
17080 3876 NA
17081 3696 NA
17083 3696 NA
17084 3696 NA
17085 3530 NA
17086 3530 NA
17087 3530 NA
17088 3530 NA
17089 3378 NA
17091 3378 NA
17092 3378 NA
17093 3237 NA
17094 3237 NA
17095 3237 NA
17096 3237 NA
17097 3093 NA
17098 3093 NA
17099 3093 NA
17100 3093 NA
17101 2962 NA
17102 2962 NA
17103 2962 NA
17104 2962 NA
17105 2962 NA
17106 2846 NA
17107 2846 NA
17108 2846 NA
17109 2846 NA
17110 2846 NA
17111 2846 NA
17112 2846 NA
17113 2724 NA
17114 2724 NA
17115 2724 NA
17117 2724 NA
17118 2724 NA
17123 2679 NA
17124 2679 NA
17125 2679 NA
17126 2790 NA
17127 2790 NA
17129 2790 NA
17130 2790 NA
17131 2790 NA
17132 2790 NA
17133 2783 NA
17134 2783 NA
17135 2783 NA
17136 2783 NA
17138 2783 NA
17139 2735 NA
17140 2735 NA
17141 2735 NA
17142 2735 NA
17143 2735 NA
17144 2735 NA
17145 2819 NA
17146 2819 NA
17147 2819 NA
