"Index" "Price" "Volume"
14019 8070 NA
14020 8083 NA
14021 8045 NA
14022 8045 NA
14023 8095 NA
14024 8095 NA
14025 8179 NA
14026 8179 NA
14027 8134 NA
14028 8134 NA
14029 8028 NA
14030 8028 NA
14031 8073 NA
14032 8094 NA
14033 8142 NA
14034 8177 NA
14035 8189 NA
14036 8134 NA
14037 8093 NA
14038 8073 NA
14039 8065 NA
14040 8065 NA
14041 7947 NA
14042 7862 NA
14043 7773 NA
14044 7718 NA
14045 7736 NA
14046 7736 NA
14047 7747 NA
14048 7723 NA
14049 7699 NA
14050 7791 NA
14051 7791 NA
14052 7904 NA
14053 7862 NA
14054 7862 NA
14055 7794 NA
14056 7749 NA
14057 7673 NA
14058 7626 NA
14059 7569 NA
14060 7490 NA
14061 7454 NA
14062 7300 NA
14063 7300 NA
14064 7361 NA
14065 7559 NA
14066 7543 NA
14067 7408 NA
14068 7266 NA
14069 7149 NA
14070 7149 NA
14071 7011 NA
14072 6874 NA
14073 6748 NA
14074 6674 NA
14075 6674 NA
14076 6747 NA
14077 6859 NA
14078 7011 NA
14079 7193 NA
14080 7245 NA
14081 7087 NA
14082 6952 NA
14083 6875 NA
14084 6764 NA
14085 6594 NA
14086 6594 NA
14087 6529 NA
14088 6751 NA
14089 6973 NA
14090 6973 NA
14091 6658 NA
14092 6658 NA
14093 6573 NA
14094 6659 NA
14095 6568 NA
14096 6429 NA
14097 6429 NA
14098 6404 NA
14099 6471 NA
14100 6492 NA
14101 6528 NA
14102 6523 NA
14103 6541 NA
14104 6587 NA
14105 6647 NA
14106 6625 NA
14107 6592 NA
14108 6527 NA
14109 6476 NA
14110 6431 NA
14111 6410 NA
14112 6410 NA
14113 6403 NA
14114 6600 NA
14115 6600 NA
14116 6611 NA
14117 6539 NA
14118 6517 NA
14119 6530 NA
14120 6494 NA
14121 6424 NA
14122 6371 NA
14123 6371 NA
14124 6272 NA
14125 6043 NA
14126 5732 NA
14127 5696 NA
14128 5696 NA
14129 6198 NA
14130 6448 NA
14131 6448 NA
14132 6407 NA
14133 6095 NA
14134 5796 NA
14135 5773 NA
14136 5880 NA
14137 5827 NA
14138 5827 NA
14139 5928 NA
14140 5670 NA
14141 5493 NA
14142 5739 NA
14143 5739 NA
14144 5855 NA
14145 5859 NA
14146 5771 NA
14147 5702 NA
14148 5611 NA
14149 5727 NA
14150 5727 NA
14151 5720 NA
14152 5659 NA
14153 5756 NA
14154 5982 NA
14155 6255 NA
14156 6426 NA
14157 6426 NA
14158 5922 NA
14159 5902 NA
14160 5993 NA
14161 5993 NA
14162 6105 NA
14163 6141 NA
14164 6215 NA
14165 6215 NA
14166 6138 NA
14167 6096 NA
14168 6267 NA
14169 6232 NA
14170 5866 NA
14171 5660 NA
14172 5660 NA
14173 5574 NA
14174 5682 NA
14175 5809 NA
14176 5809 NA
14177 5888 NA
14178 5888 NA
14179 5888 NA
14180 5756 NA
14181 5652 NA
14182 5789 NA
14183 5852 NA
14184 5872 NA
14185 6043 NA
14186 6165 NA
14187 6169 NA
14188 6169 NA
14189 6196 NA
14190 6183 NA
14191 6067 NA
14192 5943 NA
14193 5873 NA
14194 5894 NA
14195 5911 NA
14196 5977 NA
14197 5973 NA
14198 5968 NA
14199 6044 NA
14200 6089 NA
14201 6033 NA
14202 6033 NA
14203 5988 NA
14204 5916 NA
14205 5916 NA
14206 5920 NA
14207 6066 NA
14208 6020 NA
14209 6020 NA
14210 5885 NA
14211 5716 NA
14212 5716 NA
14213 5911 NA
14214 5856 NA
14215 5677 NA
14216 5677 NA
14217 5643 NA
14218 5736 NA
14219 5843 NA
14220 5954 NA
14221 6135 NA
14222 6135 NA
14223 6097 NA
14224 6146 NA
14225 6146 NA
14226 6260 NA
14227 6384 NA
14228 6532 NA
14229 6552 NA
14230 6583 NA
14231 6609 NA
14232 6698 NA
14233 6698 NA
14234 6799 NA
14235 7094 NA
14236 7302 NA
14237 7554 NA
14238 7554 NA
14239 7598 NA
14240 7598 NA
14241 7421 NA
14242 7388 NA
14243 7277 NA
14244 7231 NA
14245 7231 NA
14246 7144 NA
14247 7149 NA
14248 7200 NA
14249 7254 NA
14250 7274 NA
14251 7298 NA
14252 7241 NA
14253 7164 NA
14254 7117 NA
14255 7117 NA
14256 7175 NA
14257 7201 NA
14258 7201 NA
14259 7144 NA
14260 7099 NA
14261 7133 NA
14262 7262 NA
14263 7262 NA
14264 7289 NA
14265 7255 NA
14266 7255 NA
14267 7209 NA
14268 7209 NA
14269 7405 NA
14270 7405 NA
14271 7466 NA
14272 7502 NA
14273 7502 NA
14274 7471 NA
14275 7510 NA
14276 7500 NA
14277 7500 NA
14278 7453 NA
14279 7415 NA
14280 7356 NA
14281 7389 NA
14282 7486 NA
14283 7486 NA
14284 7670 NA
14285 7671 NA
14286 7671 NA
14287 7545 NA
14288 7514 NA
14289 7566 NA
14290 7728 NA
14291 7842 NA
14292 7746 NA
14293 7746 NA
14294 8010 NA
14295 8010 NA
14296 8365 NA
14297 8365 NA
14298 8597 NA
14299 8623 NA
14300 8673 NA
14301 8694 NA
14302 8511 NA
14303 8488 NA
14304 8495 NA
14305 8386 NA
14306 8231 NA
14307 8204 NA
14308 8204 NA
14309 8171 NA
14310 8126 NA
14311 8252 NA
14312 8234 NA
14313 8203 NA
14314 8203 NA
14315 8165 NA
14316 8108 NA
14317 8108 NA
14318 8202 NA
14319 8343 NA
14320 8316 NA
14321 8290 NA
14322 8408 NA
14323 8443 NA
14324 8389 NA
14325 8434 NA
14326 8538 NA
14327 8548 NA
14328 8568 NA
14329 8592 NA
14330 8611 NA
14331 8611 NA
14332 8787 NA
14333 8899 NA
14334 8964 NA
14335 8999 NA
14336 9122 NA
14337 9122 NA
14338 9168 NA
14339 9447 NA
14340 9447 NA
14341 9601 NA
14342 9861 NA
14343 10200 NA
14344 10400 NA
14345 10700 NA
14346 10900 NA
14347 10700 NA
14348 10700 NA
14349 9705 NA
14350 9254 NA
14351 9254 NA
14352 9180 NA
14353 9764 NA
14354 9764 NA
14355 9920 NA
14356 9996 NA
14357 9914 NA
14358 9588 NA
14359 9378 NA
14360 9675 NA
14361 10400 NA
14362 11100 NA
14363 10500 NA
14364 9989 NA
14365 9989 NA
14366 9706 NA
14367 9832 NA
14368 9832 NA
14369 9943 NA
14370 9977 NA
14371 9980 NA
14372 9670 NA
14373 9670 NA
14374 9696 NA
14375 9746 NA
14376 9692 NA
14377 9447 NA
14378 9022 NA
14379 8967 NA
14380 8967 NA
14381 9152 NA
14382 9245 NA
14383 9182 NA
14384 9052 NA
14385 8943 NA
14386 8990 NA
14387 9123 NA
14388 9190 NA
14389 9549 NA
14390 9403 NA
14391 9403 NA
14392 9200 NA
14393 9200 NA
14394 9248 NA
14395 9338 NA
14396 9222 NA
14397 9194 NA
14398 9194 NA
14399 9210 NA
14400 9188 NA
14401 9188 NA
14402 9253 NA
14403 9266 NA
14404 9259 NA
14405 9230 NA
14406 9187 NA
14407 9213 NA
14408 9213 NA
14409 9257 NA
14410 9271 NA
14411 9219 NA
14412 9130 NA
14413 9145 NA
14414 9145 NA
14415 9175 NA
14416 9261 NA
14417 9222 NA
14418 9159 NA
14419 9153 NA
14420 9184 NA
14421 9184 NA
14422 9368 NA
14423 9998 NA
14424 9998 NA
14425 10300 NA
14426 10400 NA
14427 10600 NA
14428 10900 NA
14429 10900 NA
14430 10900 NA
14431 10600 NA
14432 10500 NA
14433 10800 NA
14434 10800 NA
14435 11100 NA
14436 11400 NA
14437 11400 NA
14438 11300 NA
14439 11200 NA
14440 11200 NA
14441 10700 NA
14442 10200 NA
14443 9963 NA
14444 10300 NA
14445 10300 NA
14446 10600 NA
14447 11000 NA
14448 11000 NA
14449 11200 NA
14450 11100 NA
14451 11000 NA
14452 11100 NA
14453 11100 NA
14454 11200 NA
14455 11200 NA
14456 11500 NA
14457 11300 NA
14458 11300 NA
14459 11300 NA
14460 11200 NA
14461 11000 NA
14462 10800 NA
14463 10800 NA
14464 10900 NA
14465 11000 NA
14466 11000 NA
14467 11000 NA
14468 10900 NA
14469 10900 NA
14470 11200 NA
14471 11300 NA
14472 11700 NA
14473 11700 NA
14474 11700 NA
14475 11500 NA
14476 12100 NA
14477 13300 NA
14478 13300 NA
14479 14000 NA
14480 14200 NA
14481 13300 NA
14482 13300 NA
14483 12000 NA
14484 12000 NA
14485 11600 NA
14486 11700 NA
14487 11800 NA
14488 12000 NA
14489 12000 NA
14490 11800 NA
14491 11800 NA
14492 11700 NA
14493 11600 NA
14494 12100 NA
14495 12100 NA
14496 11800 NA
14497 11600 NA
14498 11300 NA
14499 11200 NA
14500 11200 NA
14501 11400 NA
14502 11600 NA
14503 11500 NA
14504 11100 NA
14505 11100 NA
14506 11000 NA
14507 11200 NA
14508 11300 NA
14509 11400 NA
14510 11300 NA
14511 11400 NA
14512 11500 NA
14513 11500 NA
14514 11500 NA
14515 11500 NA
14516 11500 NA
14517 11500 NA
14518 11500 NA
14519 11700 NA
14520 11700 NA
14521 11900 NA
14522 12300 NA
14523 12300 NA
14524 12600 NA
14525 13200 NA
14526 13900 NA
14527 14600 NA
14528 13700 NA
14529 13700 NA
14530 13100 NA
14531 13100 NA
14532 13400 NA
14533 13800 NA
14534 13800 NA
14535 14800 NA
14536 14400 NA
14537 14900 NA
14538 14700 NA
14539 14700 NA
14540 14700 NA
14541 15300 NA
14542 15900 NA
14543 15400 NA
14544 15400 NA
14545 14700 NA
14546 14700 NA
14547 14000 NA
14548 14800 NA
14549 14800 NA
14550 14600 NA
14551 14500 NA
14552 14800 NA
14553 15100 NA
14554 15100 NA
14555 15200 NA
14556 15200 NA
14557 14600 NA
14558 14700 NA
14559 14800 NA
14560 14800 NA
14561 15000 NA
14562 15400 NA
14563 15200 NA
14564 14500 NA
14565 14800 NA
14566 14800 NA
14567 14800 NA
14568 14700 NA
14569 14400 NA
14570 14700 NA
14571 14700 NA
14572 14700 NA
14573 14700 NA
14574 14600 NA
14575 14600 NA
14576 14800 NA
14577 14800 NA
14578 14500 NA
14579 14500 NA
14580 14300 NA
14581 14500 NA
14582 15100 NA
14583 15100 NA
14584 14700 NA
14585 14700 NA
14586 14700 NA
14587 14900 NA
14588 14700 NA
14589 14700 NA
14590 14900 NA
14591 14700 NA
14592 14700 NA
14593 14700 NA
14594 14800 NA
14595 14700 NA
14596 14700 NA
14597 14700 NA
14598 14800 NA
14599 15000 NA
14600 15000 NA
14601 15100 NA
14602 15200 NA
14603 15500 NA
14604 15100 NA
14605 15400 NA
14606 15400 NA
14607 15500 NA
14608 15500 NA
14609 15000 NA
14610 14400 NA
14611 14700 NA
14612 14600 NA
14613 14400 NA
14614 14400 NA
14615 14400 NA
14616 14400 NA
14617 14200 NA
14618 14300 NA
14619 14400 NA
14620 14400 NA
14621 15100 NA
14622 15100 NA
14623 15700 NA
14624 15700 NA
14625 15500 NA
14626 15700 NA
14627 15700 NA
14628 16400 NA
14629 16000 NA
14630 16000 NA
14631 15400 NA
14632 15400 NA
14633 16500 NA
14634 16500 NA
14635 16900 NA
14636 16600 NA
14637 16000 NA
14638 15500 NA
14639 16000 NA
14640 16500 NA
14641 16800 NA
14642 16800 NA
14643 16000 NA
14644 16000 NA
14645 15900 NA
14646 15900 NA
14647 16500 NA
14648 16600 NA
14649 16600 NA
14650 16000 NA
14651 16000 NA
14653 16300 NA
14654 16200 NA
14655 16200 NA
14656 16200 NA
14657 16500 NA
14658 16700 NA
14659 17000 NA
14660 17000 NA
14661 17100 NA
14662 16700 NA
14663 16700 NA
14664 16700 NA
14665 16700 NA
14666 16700 NA
14667 16700 NA
14668 17200 NA
14669 18000 NA
14670 18900 NA
14671 19700 NA
14672 19400 NA
14673 19400 NA
14674 18500 NA
14675 17700 NA
14676 17300 NA
14677 17800 NA
14678 17400 NA
14679 16900 NA
14680 16600 NA
14681 15200 NA
14682 14500 NA
14683 15000 NA
14684 15000 NA
14685 15400 NA
14686 15300 NA
14687 15000 NA
14688 14800 NA
14689 14900 NA
14690 14700 NA
14691 14600 NA
14692 14600 NA
14693 14400 NA
14694 14400 NA
14695 14400 NA
14696 14700 NA
14697 14700 NA
14698 14700 NA
14699 14500 NA
14700 14400 NA
14701 14400 NA
14702 14400 NA
14703 14500 NA
14704 14300 NA
14705 13900 NA
14706 13900 NA
14707 13700 NA
14708 13400 NA
14709 13400 NA
14710 13600 NA
14711 14100 NA
14712 13700 NA
14713 13700 NA
14714 13400 NA
14715 13200 NA
14716 13200 NA
14717 13300 NA
14718 13100 NA
14719 13100 NA
14720 12400 NA
14721 12400 NA
14722 12300 NA
14723 12300 NA
14724 12700 NA
14725 13000 NA
14726 13000 NA
14727 12400 NA
14728 12400 NA
14729 12500 NA
14730 12900 NA
14731 13200 NA
14732 13500 NA
14733 13500 NA
14734 13400 NA
14735 13400 NA
14736 12800 NA
14737 12800 NA
14738 13400 NA
14739 13400 NA
14740 13500 NA
14741 13200 NA
14742 13200 NA
14743 13300 NA
14744 13400 NA
14745 13400 NA
14746 13300 NA
14747 13200 NA
14748 13100 NA
14749 13100 NA
14750 13200 NA
14751 13300 NA
14752 13400 NA
14753 13400 NA
14754 13400 NA
14755 13400 NA
14756 13400 NA
14757 13400 NA
14758 13500 NA
14759 13600 NA
14760 13800 NA
14761 13800 NA
14762 13700 NA
14763 13700 NA
14764 13300 NA
14765 13300 NA
14766 13300 NA
14767 13400 NA
14768 13400 NA
14769 13200 NA
14770 12700 NA
14771 12400 NA
14772 12400 NA
14773 12500 NA
14774 12700 NA
14775 12300 NA
14776 12100 NA
14777 12100 NA
14778 12100 NA
14779 12100 NA
14780 12100 NA
14781 12000 NA
14782 11900 NA
14783 11900 NA
14784 11500 NA
14785 11500 NA
14786 11400 NA
14787 11300 NA
14788 11300 NA
14789 11800 NA
14790 11800 NA
14791 11800 NA
14792 11800 NA
14793 11900 NA
14794 12100 NA
14795 13000 NA
14796 13000 NA
14797 12800 NA
14798 12400 NA
14799 12200 NA
14800 12200 NA
14801 12200 NA
14802 12600 NA
14803 12800 NA
14804 12800 NA
14805 12000 NA
14806 12000 NA
14807 11700 NA
14808 11800 NA
14809 12200 NA
14810 12500 NA
14811 12500 NA
14812 11300 NA
14813 11300 NA
14814 11300 NA
14815 11600 NA
14816 11900 NA
14817 12200 NA
14818 11900 NA
14819 11500 NA
14820 11500 NA
14821 11400 NA
14822 11500 NA
14823 11700 NA
14824 11700 NA
14825 11700 NA
14826 11200 NA
14827 11200 NA
14828 10800 NA
14829 10500 NA
14830 10400 NA
14831 10500 NA
14832 10800 NA
14833 10800 NA
14834 10700 NA
14835 10500 NA
14836 10500 NA
14837 11000 NA
14838 10800 NA
14839 10800 NA
14840 10200 NA
14841 10200 NA
14842 10500 NA
14843 11000 NA
14844 11500 NA
14845 12100 NA
14846 12700 NA
14847 13100 NA
14848 12400 NA
14849 12400 NA
14850 12100 NA
14851 12600 NA
14852 13000 NA
14853 12900 NA
14854 12900 NA
14855 13000 NA
14856 12300 NA
14857 11100 NA
14858 11100 NA
14859 10100 NA
14860 10100 NA
14861 9844 NA
14862 10100 NA
14863 10100 NA
14864 10000 NA
14865 9986 NA
14866 10300 NA
14867 10300 NA
14868 10100 NA
14869 10000 NA
14870 10200 NA
14871 10200 NA
14872 9817 NA
14873 9817 NA
14874 9952 NA
14875 9952 NA
14876 9925 NA
14877 9996 NA
14878 10300 NA
14879 10400 NA
14880 10200 NA
14881 10200 NA
14882 9993 NA
14883 9993 NA
14884 9957 NA
14885 9963 NA
14886 10000 NA
14887 10100 NA
14888 10100 NA
14889 10100 NA
14890 9762 NA
14891 9762 NA
14892 9639 NA
14893 10100 NA
14894 10100 NA
14895 10300 NA
14896 9957 NA
14897 9910 NA
14898 9910 NA
14899 9932 NA
14900 9998 NA
14901 9972 NA
14902 9972 NA
14903 9836 NA
14904 9836 NA
14905 9850 NA
14906 10200 NA
14907 10300 NA
14908 10300 NA
14909 10300 NA
14910 10200 NA
14911 9959 NA
14912 10100 NA
14913 10200 NA
14914 9960 NA
14915 9960 NA
14916 9967 NA
14917 10000 NA
14918 10000 NA
14920 10300 NA
14921 10300 NA
14922 9992 NA
14923 9992 NA
14924 9823 NA
14925 9955 NA
14926 10300 NA
14927 10300 NA
14928 9819 NA
14929 9819 NA
14930 10300 NA
14931 10300 NA
14932 10400 NA
14933 9964 NA
14934 9983 NA
14935 9983 NA
14936 10100 NA
14937 10100 NA
14938 10100 NA
14939 10000 NA
14940 9965 NA
14941 9987 NA
14942 9987 NA
14943 9862 NA
14944 9910 NA
14945 9864 NA
14946 9864 NA
14947 9878 NA
14948 9822 NA
14949 9705 NA
14950 9705 NA
14951 9570 NA
14952 9408 NA
14953 9408 NA
14954 9340 NA
14955 9396 NA
14956 9717 NA
14957 9728 NA
14958 9560 NA
14959 9380 NA
14960 9587 NA
14961 9587 NA
14962 9576 NA
14963 9576 NA
14964 9359 NA
14965 9673 NA
14966 9780 NA
14967 10000 NA
14968 10000 NA
14969 9923 NA
14970 9780 NA
14971 9918 NA
14972 9927 NA
14973 9714 NA
14974 9490 NA
14975 9490 NA
14976 9281 NA
14977 9667 NA
14979 11000 NA
14981 10200 NA
14983 9670 NA
14984 9543 NA
14985 9952 NA
14986 10900 NA
14987 11100 NA
14989 10600 NA
14990 10100 NA
14991 9812 NA
14992 10100 NA
14993 10500 NA
14995 10900 NA
14996 10700 NA
14998 9827 NA
15000 9904 NA
15001 10300 NA
15003 10200 NA
15005 10200 NA
15007 10100 NA
15008 9784 NA
15009 9299 NA
15011 8658 NA
15012 8630 NA
15013 8724 NA
15014 8724 NA
15016 8955 NA
15018 8856 NA
15019 8833 NA
15020 9283 NA
15021 9283 NA
15023 9121 NA
15025 9068 NA
15026 9110 NA
15028 9472 NA
15029 10200 NA
15031 10400 NA
15032 10900 NA
15033 11900 NA
15035 12500 NA
15036 13100 NA
15037 13100 NA
15038 12600 NA
15039 12000 NA
15040 11700 NA
15042 11800 NA
15044 10400 NA
15046 9380 NA
15047 8912 NA
15048 8763 NA
15049 8763 NA
15050 9137 NA
15052 9295 NA
15053 9290 NA
15054 9540 NA
15055 9580 NA
15056 9133 NA
15058 8704 NA
15060 8878 NA
15061 9048 NA
15063 8991 NA
15064 8555 NA
15066 8613 NA
15067 8817 NA
15068 9169 NA
15070 9046 NA
15072 8605 NA
15073 8833 NA
15076 8574 NA
15078 8456 NA
15080 8426 NA
15081 8477 NA
15082 8608 NA
15084 8582 NA
15085 8548 NA
15086 8738 NA
15087 9075 NA
15089 8852 NA
15090 8707 NA
15091 8719 NA
15093 8936 NA
15094 8970 NA
15095 8924 NA
15096 8830 NA
15097 8776 NA
15098 8932 NA
15100 8957 NA
15101 8669 NA
15102 8542 NA
15103 8533 NA
15105 8276 NA
15106 8349 NA
15107 8353 NA
15109 8200 NA
15110 8172 NA
15111 7787 NA
15114 7246 NA
15115 7299 NA
15116 7590 NA
15119 7602 NA
15120 7290 NA
15121 6942 NA
15123 6779 NA
15124 6908 NA
15125 7031 NA
15126 6880 NA
15128 6296 NA
15130 6583 NA
15131 6753 NA
15132 6817 NA
15133 6409 NA
15135 6198 NA
15136 6198 NA
15137 6317 NA
15138 6499 NA
15140 6452 NA
15141 6021 NA
15143 5945 NA
15144 6020 NA
15145 6133 NA
15147 6152 NA
15149 5726 NA
15150 5656 NA
15151 5618 NA
15152 5544 NA
15154 5264 NA
15156 5100 NA
15157 5213 NA
15158 5402 NA
15159 5505 NA
15161 5033 NA
15163 4675 NA
15164 4745 NA
15165 4925 NA
15166 5134 NA
15168 4930 NA
15170 4566 NA
15172 4566 NA
15173 4505 NA
15175 4515 NA
15177 4793 NA
15178 4869 NA
15179 4755 NA
15182 4721 NA
15184 5052 NA
15185 5293 NA
15186 5445 NA
15187 5393 NA
15189 5078 NA
15191 5332 NA
15193 5741 NA
15194 5930 NA
15196 5460 NA
15197 5188 NA
15199 5016 NA
15204 5390 NA
15207 5214 NA
15208 5249 NA
15210 5236 NA
15212 4920 NA
15214 5007 NA
15215 5180 NA
15217 5298 NA
15219 5084 NA
15220 4890 NA
15221 4825 NA
15222 4938 NA
15223 4923 NA
15224 4695 NA
15226 4460 NA
15227 4025 NA
15229 3824 NA
15231 3455 NA
15232 3310 NA
15233 3191 NA
15235 3090 NA
15237 3023 NA
15240 3013 NA
15242 2925 NA
15243 2844 NA
15244 2692 NA
15247 2625 NA
15248 2634 NA
15249 2634 NA
15250 2693 NA
15252 2657 NA
15254 2569 NA
15256 2757 NA
15258 3028 NA
15261 3005 NA
15263 2976 NA
15264 2978 NA
15266 3010 NA
15268 2991 NA
15270 2881 NA
15271 3012 NA
15273 3316 NA
15274 3639 NA
15275 3817 NA
15277 4012 NA
15280 3916 NA
15281 3907 NA
15282 3874 NA
15283 3778 NA
15284 3757 NA
15285 3725 NA
15287 3905 NA
15289 4066 NA
15291 4552 NA
15294 5012 NA
15296 5276 NA
15297 4908 NA
15299 4804 NA
15302 5637 NA
15303 5873 NA
15304 6022 NA
15306 6006 NA
15307 5927 NA
15308 5693 NA
15310 5650 NA
15312 5726 NA
15313 5727 NA
15314 5787 NA
15315 5897 NA
15316 5910 NA
15317 5884 NA
15318 5856 NA
15319 5840 NA
15320 5930 NA
15321 5920 NA
15322 6033 NA
15323 6021 NA
15324 5813 NA
15325 5540 NA
15326 5341 NA
15327 5155 NA
15328 5087 NA
15329 5189 NA
15330 5277 NA
15331 5300 NA
15332 5292 NA
15333 5110 NA
15334 4860 NA
15335 4694 NA
15336 4737 NA
15337 4954 NA
15338 5073 NA
15339 5119 NA
15340 5090 NA
15341 4957 NA
15342 4995 NA
15343 5008 NA
15344 5039 NA
15345 5191 NA
15346 5390 NA
15347 5560 NA
15348 5592 NA
15349 5521 NA
15350 5251 NA
15351 5008 NA
15352 4879 NA
15353 4969 NA
15354 5183 NA
15355 5437 NA
15356 5659 NA
15357 5731 NA
15358 5646 NA
15359 5533 NA
15360 5460 NA
15361 5564 NA
15362 5713 NA
15363 5898 NA
15364 6010 NA
15365 5941 NA
15366 5767 NA
15367 5843 NA
15368 5976 NA
15369 6254 NA
15370 6538 NA
15371 6613 NA
15372 6800 NA
15373 7112 NA
15374 7440 NA
15375 7800 NA
15376 8080 NA
15377 7932 NA
15378 7671 NA
15379 7444 NA
15380 7633 NA
15381 7979 NA
15382 8329 NA
15383 8662 NA
15384 8691 NA
15385 8690 NA
15386 8496 NA
15387 8366 NA
15388 8395 NA
15389 8706 NA
15390 8790 NA
15391 8936 NA
15392 8735 NA
15393 8595 NA
15394 8411 NA
15395 8690 NA
15396 9034 NA
15397 9421 NA
15398 9204 NA
15399 9132 NA
15400 8792 NA
15401 8417 NA
15402 8291 NA
15403 8570 NA
15404 8993 NA
15405 9278 NA
15406 9566 NA
15407 9459 NA
15408 9217 NA
15409 9105 NA
15410 8973 NA
15411 9000 NA
15412 8955 NA
15413 8798 NA
15414 8502 NA
15415 8173 NA
15416 7768 NA
15417 7380 NA
15418 7057 NA
15419 6998 NA
15420 7205 NA
15421 7276 NA
15422 7259 NA
15423 7242 NA
15424 7225 NA
15425 7208 NA
15426 7191 NA
15427 6896 NA
15428 6762 NA
15429 6736 NA
15430 6828 NA
15431 7020 NA
15432 6897 NA
15433 6767 NA
15434 6772 NA
15435 6852 NA
15436 6938 NA
15437 7039 NA
15438 6968 NA
15439 6885 NA
15440 6720 NA
15441 6513 NA
15442 6293 NA
15443 6145 NA
15444 6224 NA
15445 6334 NA
15446 6389 NA
15447 6457 NA
15448 6345 NA
15449 6139 NA
15450 6023 NA
15451 6155 NA
15452 6433 NA
15453 6689 NA
15454 6970 NA
15455 7034 NA
15456 6805 NA
15457 6699 NA
15458 6824 NA
15459 7054 NA
15460 7113 NA
15461 7196 NA
15462 7368 NA
15463 7578 NA
15464 7638 NA
15465 7852 NA
15466 7943 NA
15467 7994 NA
15468 7870 NA
15469 7626 NA
15470 7606 NA
15471 7460 NA
15472 7624 NA
15473 7775 NA
15474 7833 NA
15475 7887 NA
15476 7887 NA
15477 7971 NA
15478 8240 NA
15479 8617 NA
15480 8913 NA
15481 8957 NA
15482 8896 NA
15483 8798 NA
15484 8875 NA
15485 8829 NA
15486 8855 NA
15487 8929 NA
15488 8928 NA
15489 8916 NA
15490 9166 NA
15491 8995 NA
15492 8693 NA
15493 8314 NA
15494 8180 NA
15495 8189 NA
15496 8294 NA
15497 8227 NA
15498 7937 NA
15499 7639 NA
15500 7326 NA
15501 7050 NA
15502 6890 NA
15503 6769 NA
15504 6690 NA
15505 6506 NA
15506 6496 NA
15507 6651 NA
15508 6815 NA
15509 7078 NA
15510 7192 NA
15511 7335 NA
15512 7497 NA
15513 7579 NA
15514 7563 NA
15515 7427 NA
15516 7209 NA
15517 7040 NA
15518 6852 NA
15519 6545 NA
15520 6250 NA
15521 6077 NA
15522 5871 NA
15523 5800 NA
15524 5803 NA
15525 5903 NA
15526 6000 NA
15527 6254 NA
15528 6328 NA
15529 6211 NA
15530 5938 NA
15531 5643 NA
15532 5496 NA
15533 5464 NA
15534 5436 NA
15535 5425 NA
15536 5407 NA
15537 5315 NA
15538 5096 NA
15539 4923 NA
15540 4835 NA
15541 4725 NA
15542 4503 NA
15543 4399 NA
15544 4411 NA
15545 4565 NA
15546 4677 NA
15547 4669 NA
15548 4587 NA
15549 4598 NA
15550 4687 NA
15551 4726 NA
15552 4804 NA
15553 4861 NA
15554 4904 NA
15555 5002 NA
15556 5160 NA
15557 5269 NA
15558 5447 NA
15559 5591 NA
15560 5655 NA
15561 5608 NA
15562 5587 NA
15563 5674 NA
15564 5784 NA
15565 5716 NA
15566 5699 NA
15567 5726 NA
15568 5737 NA
15569 5922 NA
15570 6028 NA
15571 6014 NA
15572 5989 NA
15573 5903 NA
15574 5794 NA
15575 5770 NA
15576 5827 NA
15577 5957 NA
15578 6155 NA
15579 6357 NA
15580 6412 NA
15581 6374 NA
15582 6227 NA
15583 6283 NA
15584 6518 NA
15585 6802 NA
15586 7056 NA
15587 7189 NA
15588 7223 NA
15589 6935 NA
15590 6795 NA
15591 6849 NA
15592 6863 NA
15593 6869 NA
15594 6814 NA
15595 6849 NA
15596 6816 NA
15597 6962 NA
15598 7185 NA
15599 7398 NA
15600 7676 NA
15601 7559 NA
15602 7285 NA
15603 7125 NA
15604 7003 NA
15605 7091 NA
15606 7211 NA
15607 7341 NA
15608 7356 NA
15609 7178 NA
15610 7030 NA
15611 6926 NA
15612 6924 NA
15613 6970 NA
15614 6981 NA
15615 6936 NA
15616 6943 NA
15617 6901 NA
15618 6906 NA
15619 7026 NA
15620 7190 NA
15621 7304 NA
15622 7394 NA
15623 7419 NA
15624 7260 NA
15625 7104 NA
15626 7214 NA
15627 7520 NA
15628 7881 NA
15629 8162 NA
15630 8371 NA
15631 8212 NA
15632 7918 NA
15633 7865 NA
15634 8098 NA
15635 8386 NA
15636 8508 NA
15637 8421 NA
15638 8098 NA
15639 7844 NA
15640 7623 NA
15641 7241 NA
15642 6878 NA
15643 6586 NA
15644 6455 NA
15645 6370 NA
15646 6317 NA
15647 6407 NA
15648 6407 NA
15649 6354 NA
15650 6145 NA
15651 5937 NA
15652 5728 NA
15653 5519 NA
15654 5310 NA
15655 5102 NA
15656 4893 NA
15657 4684 NA
15658 4559 NA
15659 4418 NA
15660 4333 NA
15661 4432 NA
15662 4513 NA
15663 4593 NA
15664 4430 NA
15665 4430 NA
15666 4208 NA
15667 4036 NA
15668 3834 NA
15669 3642 NA
15670 3459 NA
15671 3286 NA
15672 3286 NA
15673 3121 NA
15674 2974 NA
15675 2825 NA
15676 2683 NA
15677 2548 NA
15678 2441 NA
15679 2318 NA
15680 2202 NA
15681 2133 NA
15682 2133 NA
15683 2123 NA
15684 2129 NA
15685 2070 NA
15686 2070 NA
15687 2004 NA
15688 2004 NA
15689 1905 NA
15690 1905 NA
15691 1825 NA
15692 1825 NA
15693 1777 NA
15694 1777 NA
15695 1859 NA
15696 1859 NA
15697 1933 NA
15698 1971 NA
15699 1958 NA
15700 1958 NA
15701 1990 NA
15702 1990 NA
15703 2068 NA
15704 2107 NA
15705 2108 NA
15706 2054 NA
15707 1972 NA
15708 1919 NA
15709 1919 NA
15710 1895 NA
15711 1905 NA
15712 1933 NA
15713 1975 NA
15714 2018 NA
15715 2018 NA
15716 2058 NA
15717 2069 NA
15718 2133 NA
15719 2196 NA
15720 2196 NA
15721 2212 NA
15722 2123 NA
15723 2032 NA
15724 2032 NA
15725 1930 NA
15726 1845 NA
15727 1752 NA
15728 1752 NA
15729 1672 NA
15730 1625 NA
15731 1610 NA
15732 1584 NA
15733 1611 NA
15734 1611 NA
15735 1586 NA
15736 1551 NA
15737 1553 NA
15738 1567 NA
15739 1584 NA
15740 1621 NA
15741 1660 NA
15742 1718 NA
15743 1771 NA
15744 1830 NA
15745 1887 NA
15746 1945 NA
15747 1981 NA
15748 1981 NA
15749 1990 NA
15750 1952 NA
15751 1952 NA
15752 1907 NA
15753 1907 NA
15754 1890 NA
15755 1848 NA
15756 1868 NA
15757 1868 NA
15758 1915 NA
15759 1930 NA
15760 1930 NA
15761 1918 NA
15762 1918 NA
15763 1927 NA
15764 1927 NA
15765 1884 NA
15766 1805 NA
15767 1805 NA
15768 1744 NA
15769 1698 NA
15770 1630 NA
15771 1630 NA
15772 1616 NA
15773 1616 NA
15774 1594 NA
15775 1594 NA
15776 1577 NA
15777 1601 NA
15778 1601 NA
15779 1631 NA
15780 1631 NA
15781 1639 NA
15782 1691 NA
15783 1733 NA
15784 1733 NA
15785 1758 NA
15786 1758 NA
15787 1762 NA
15788 1762 NA
15789 1790 NA
15790 1790 NA
15791 1818 NA
15792 1818 NA
15793 1861 NA
15794 1920 NA
15795 1962 NA
15796 1962 NA
15797 2006 NA
15798 2038 NA
15799 2070 NA
15800 2102 NA
15801 2134 NA
15802 2166 NA
15803 2198 NA
15804 2230 NA
15805 2230 NA
15806 2164 NA
15807 2069 NA
15808 1979 NA
15809 1979 NA
15810 1922 NA
15811 1922 NA
15812 1922 NA
15813 1877 NA
15814 1918 NA
15815 1901 NA
15816 1901 NA
15817 1900 NA
15818 1900 NA
15819 1903 NA
15820 1903 NA
15821 1899 NA
15822 1884 NA
15823 1884 NA
15824 1899 NA
15825 1899 NA
15826 1890 NA
15827 1890 NA
15828 1843 NA
15829 1843 NA
15830 1765 NA
15831 1765 NA
15832 1684 NA
15833 1684 NA
15834 1599 NA
15835 1599 NA
15836 1519 NA
15837 1443 NA
15838 1443 NA
15839 1370 NA
15840 1370 NA
15841 1310 NA
15842 1310 NA
15843 1256 NA
15844 1249 NA
15845 1249 NA
15846 1251 NA
15847 1251 NA
15848 1251 NA
15849 1241 NA
15850 1241 NA
15851 1230 NA
15852 1230 NA
15853 1209 NA
15854 1209 NA
15855 1200 NA
15856 1200 NA
15857 1181 NA
15858 1171 NA
15859 1179 NA
15860 1179 NA
15861 1193 NA
15862 1193 NA
15863 1185 NA
15864 1163 NA
15865 1163 NA
15866 1173 NA
15867 1150 NA
15868 1177 NA
15869 1177 NA
15870 1160 NA
15871 1163 NA
15872 1163 NA
15873 1197 NA
15874 1197 NA
15875 1239 NA
15876 1239 NA
15877 1263 NA
15878 1299 NA
15879 1299 NA
15880 1329 NA
15881 1329 NA
15882 1367 NA
15883 1367 NA
15884 1410 NA
15885 1410 NA
15886 1452 NA
15887 1524 NA
15888 1580 NA
15889 1580 NA
15890 1659 NA
15891 1699 NA
15892 1699 NA
15893 1722 NA
15894 1722 NA
15895 1696 NA
15896 1696 NA
15897 1660 NA
15898 1660 NA
15899 1594 NA
15900 1594 NA
15901 1556 NA
15902 1556 NA
15903 1564 NA
15904 1572 NA
15905 1580 NA
15906 1588 NA
15907 1596 NA
15908 1604 NA
15909 1604 NA
15910 1604 NA
15911 1586 NA
15912 1586 NA
15913 1590 NA
15914 1590 NA
15915 1602 NA
15916 1602 NA
15917 1562 NA
15918 1562 NA
15919 1512 NA
15920 1512 NA
15921 1500 NA
15922 1500 NA
15923 1506 NA
15924 1506 NA
15925 1554 NA
15926 1554 NA
15927 1609 NA
15928 1609 NA
15929 1652 NA
15930 1652 NA
15931 1675 NA
15932 1675 NA
15933 1702 NA
15934 1702 NA
15935 1730 NA
15936 1730 NA
15937 1781 NA
15938 1781 NA
15939 1781 NA
15940 1804 NA
15941 1804 NA
15942 1824 NA
15943 1824 NA
15944 1832 NA
15945 1832 NA
15946 1826 NA
15947 1826 NA
15948 1826 NA
15949 1854 NA
15950 1854 NA
15951 1812 NA
15952 1812 NA
15953 1812 NA
15954 1784 NA
15955 1784 NA
15956 1736 NA
15957 1736 NA
15958 1736 NA
15959 1706 NA
15960 1706 NA
15961 1706 NA
15962 1684 NA
15963 1684 NA
15964 1628 NA
15965 1628 NA
15966 1628 NA
15967 1592 NA
15968 1592 NA
15969 1586 NA
15970 1586 NA
15971 1586 NA
15972 1593 NA
15973 1593 NA
15974 1593 NA
15975 1581 NA
15976 1581 NA
15977 1583 NA
15978 1583 NA
15979 1600 NA
15980 1600 NA
15981 1600 NA
15982 1627 NA
15983 1627 NA
15984 1636 NA
15985 1636 NA
15986 1645 NA
15987 1653 NA
15988 1662 NA
15989 1670 NA
15990 1679 NA
15991 1687 NA
15992 1696 NA
15993 1704 NA
15994 1704 NA
15995 1713 NA
15996 1713 NA
15997 1703 NA
15998 1703 NA
15999 1714 NA
16000 1714 NA
16001 1714 NA
16002 1767 NA
16003 1767 NA
16004 1767 NA
16005 1828 NA
16006 1850 NA
16007 1850 NA
16008 1865 NA
16009 1865 NA
16010 1865 NA
16011 1874 NA
16012 1874 NA
16013 1871 NA
16014 1871 NA
16015 1910 NA
16016 1910 NA
16017 1946 NA
16018 1946 NA
16019 1974 NA
16020 1974 NA
16021 2012 NA
16022 2012 NA
16023 2052 NA
16024 2052 NA
16025 2068 NA
16026 2068 NA
16027 2108 NA
16028 2108 NA
16029 2164 NA
16030 2164 NA
16031 2208 NA
16032 2208 NA
16033 2281 NA
16034 2281 NA
16035 2330 NA
16036 2379 NA
16037 2428 NA
16038 2478 NA
16039 2527 NA
16040 2576 NA
16041 2625 NA
16042 2703 NA
16043 2703 NA
16044 2787 NA
16045 2787 NA
16046 2782 NA
16047 2782 NA
16048 2776 NA
16049 2776 NA
16050 2813 NA
16051 2813 NA
16052 2839 NA
16053 2839 NA
16054 2798 NA
16055 2798 NA
16056 2715 NA
16057 2715 NA
16058 2641 NA
16059 2641 NA
16060 2612 NA
16061 2612 NA
16062 2618 NA
16063 2632 NA
16064 2632 NA
16065 2645 NA
16066 2645 NA
16067 2612 NA
16068 2651 NA
16069 2651 NA
16070 2578 NA
16071 2578 NA
16072 2523 NA
16073 2523 NA
16074 2456 NA
16075 2456 NA
16076 2387 NA
16077 2315 NA
16078 2315 NA
16079 2304 NA
16080 2304 NA
16081 2235 NA
16082 2235 NA
16083 2165 NA
16084 2165 NA
16085 2102 NA
16086 2102 NA
16087 2102 NA
16088 2102 NA
16089 2096 NA
16090 2096 NA
16091 2076 NA
16092 2076 NA
16093 2056 NA
16094 2056 NA
16095 2067 NA
16096 2063 NA
16097 2063 NA
16098 2110 NA
16099 2110 NA
16100 2153 NA
16101 2153 NA
16102 2218 NA
16103 2320 NA
16104 2433 NA
16105 2433 NA
16106 2554 NA
16107 2554 NA
16108 2664 NA
16109 2782 NA
16110 2906 NA
16111 2906 NA
16112 3051 NA
16113 3051 NA
16114 3204 NA
16115 3359 NA
16116 3488 NA
16117 3488 NA
16118 3640 NA
16119 3640 NA
16120 3820 NA
16121 3820 NA
16122 3928 NA
16123 3732 NA
16124 3545 NA
16125 3367 NA
16126 3198 NA
16127 3038 NA
16128 2919 NA
16129 2794 NA
16130 2657 NA
16131 2657 NA
16132 2524 NA
16133 2524 NA
16134 2398 NA
16135 2398 NA
16136 2280 NA
16137 2280 NA
16138 2171 NA
16139 2077 NA
16140 2077 NA
16141 2014 NA
16142 2014 NA
16143 1963 NA
16144 1998 NA
16145 1998 NA
16146 2018 NA
16147 2018 NA
16148 2029 NA
16149 2029 NA
16150 2018 NA
16151 2018 NA
16152 1964 NA
16153 1942 NA
16154 1942 NA
16155 1979 NA
16156 1979 NA
16157 1956 NA
16158 1956 NA
16159 2001 NA
16160 2046 NA
16161 2046 NA
16162 2147 NA
16163 2147 NA
16164 2244 NA
16165 2244 NA
16166 2349 NA
16167 2410 NA
16168 2410 NA
16169 2442 NA
16170 2489 NA
16171 2489 NA
16172 2531 NA
16173 2531 NA
16174 2577 NA
16175 2577 NA
16176 2656 NA
16177 2672 NA
16178 2670 NA
16179 2670 NA
16180 2702 NA
16181 2702 NA
16182 2675 NA
16183 2688 NA
16184 2692 NA
16185 2692 NA
16186 2694 NA
16187 2689 NA
16188 2689 NA
16189 2736 NA
16190 2736 NA
16191 2735 NA
16192 2735 NA
16193 2778 NA
16194 2778 NA
16195 2790 NA
16196 2790 NA
16197 2785 NA
16198 2726 NA
16199 2726 NA
16200 2657 NA
16201 2567 NA
16202 2565 NA
16203 2562 NA
16204 2562 NA
16205 2509 NA
16206 2422 NA
16207 2422 NA
16208 2399 NA
16209 2399 NA
16210 2407 NA
16211 2407 NA
16212 2417 NA
16213 2417 NA
16214 2471 NA
16215 2522 NA
16216 2522 NA
16217 2543 NA
16218 2543 NA
16219 2571 NA
16220 2571 NA
16221 2600 NA
16222 2600 NA
16223 2592 NA
16224 2650 NA
16225 2650 NA
16226 2650 NA
16227 2672 NA
16228 2672 NA
16229 2669 NA
16230 2679 NA
16231 2679 NA
16232 2633 NA
16233 2581 NA
16234 2581 NA
16235 2622 NA
16236 2654 NA
16237 2654 NA
16238 2673 NA
16239 2672 NA
16240 2672 NA
16241 2684 NA
16242 2688 NA
16243 2723 NA
16244 2782 NA
16245 2782 NA
16246 2811 NA
16247 2715 NA
16248 2710 NA
16249 2710 NA
16250 2734 NA
16251 2795 NA
16252 2795 NA
16253 2837 NA
16254 2837 NA
16255 2869 NA
16256 2902 NA
16257 2902 NA
16258 2934 NA
16259 3003 NA
16260 3003 NA
16261 2991 NA
16262 2991 NA
16263 2985 NA
16264 2982 NA
16265 2997 NA
16266 2997 NA
16267 2995 NA
16268 2981 NA
16269 3028 NA
16270 3094 NA
16271 3094 NA
16272 3119 NA
16273 3203 NA
16274 3150 NA
16275 3115 NA
16276 3115 NA
16277 3201 NA
16278 3304 NA
16279 3390 NA
16280 3390 NA
16281 3363 NA
16282 3221 NA
16283 3131 NA
16284 3073 NA
16285 3117 NA
16286 3182 NA
16287 3103 NA
16288 2963 NA
16289 2817 NA
16290 2682 NA
16291 2547 NA
16292 2419 NA
16293 2327 NA
16294 2221 NA
16295 2208 NA
16296 2196 NA
16297 2184 NA
16298 2239 NA
16299 2246 NA
16300 2210 NA
16301 2209 NA
16302 2243 NA
16303 2276 NA
16304 2375 NA
16305 2456 NA
16306 2570 NA
16307 2654 NA
16308 2777 NA
16309 2849 NA
16310 2852 NA
16311 2842 NA
16312 2743 NA
16313 2743 NA
16314 2605 NA
16315 2486 NA
16316 2566 NA
16317 2598 NA
16318 2676 NA
16319 2788 NA
16320 2843 NA
16321 2951 NA
16322 3088 NA
16323 3086 NA
16324 3157 NA
16325 3091 NA
16326 3091 NA
16327 3112 NA
16328 2959 NA
16329 2863 NA
16330 2999 NA
16331 2999 NA
16332 3148 NA
16333 3306 NA
16334 3472 NA
16335 3643 NA
16336 3826 NA
16337 3972 NA
16338 3973 NA
16339 4006 NA
16340 4006 NA
16341 4032 NA
16342 3906 NA
16343 3871 NA
16344 3839 NA
16345 3775 NA
16346 3739 NA
16347 3872 NA
16348 3910 NA
16349 3913 NA
16350 3924 NA
16351 4025 NA
16352 4025 NA
16353 4041 NA
16354 4041 NA
16355 3977 NA
16356 4004 NA
16357 4009 NA
16358 4009 NA
16359 4201 NA
16360 4201 NA
16361 4357 NA
16362 4424 NA
16363 4259 NA
16364 4226 NA
16365 4226 NA
16366 4014 NA
16367 3901 NA
16368 4066 NA
16369 4246 NA
16370 4271 NA
16371 4441 NA
16372 4577 NA
16373 4669 NA
16374 4669 NA
16375 4463 NA
16376 4239 NA
16377 4027 NA
16378 3825 NA
16379 3634 NA
16380 3480 NA
16381 3333 NA
16382 3181 NA
16383 3021 NA
16384 2900 NA
16385 2791 NA
16386 2682 NA
16387 2569 NA
16388 2476 NA
16389 2455 NA
16390 2518 NA
16391 2561 NA
16392 2557 NA
16393 2580 NA
16394 2580 NA
16395 2549 NA
16396 2434 NA
16397 2434 NA
16398 2351 NA
16399 2410 NA
16400 2410 NA
16401 2380 NA
16402 2380 NA
16403 2416 NA
16404 2515 NA
16405 2578 NA
16406 2517 NA
16407 2427 NA
16408 2427 NA
16409 2306 NA
16410 2231 NA
16411 2126 NA
16412 2034 NA
16413 2125 NA
16414 2156 NA
16415 2156 NA
16416 2187 NA
16417 2130 NA
16418 2063 NA
16419 2091 NA
16420 2091 NA
16421 2145 NA
16422 2213 NA
16423 2321 NA
16424 2438 NA
16425 2556 NA
16426 2653 NA
16427 2711 NA
16428 2640 NA
16429 2729 NA
16430 2816 NA
16431 2891 NA
16432 2891 NA
16433 2893 NA
16434 2750 NA
16435 2745 NA
16436 2803 NA
16437 2809 NA
16438 2849 NA
16439 2750 NA
16440 2730 NA
16441 2798 NA
16442 2883 NA
16443 3015 NA
16444 3149 NA
16445 3279 NA
16446 3385 NA
16447 3545 NA
16448 3620 NA
16449 3600 NA
16450 3585 NA
16451 3585 NA
16452 3493 NA
16453 3318 NA
16454 3193 NA
16455 3159 NA
16456 3309 NA
16457 3438 NA
16458 3579 NA
16459 3675 NA
16460 3835 NA
16461 3922 NA
16462 3995 NA
16463 4051 NA
16464 4118 NA
16465 4103 NA
16466 4056 NA
16467 4155 NA
16468 4206 NA
16469 4269 NA
16470 4438 NA
16471 4529 NA
16472 4482 NA
16473 4482 NA
16474 4606 NA
16475 4733 NA
16476 4530 NA
16477 4303 NA
16478 4303 NA
16479 4242 NA
16480 4305 NA
16481 4302 NA
16482 4285 NA
16483 4241 NA
16484 4322 NA
16485 4411 NA
16486 4284 NA
16487 4069 NA
16488 3865 NA
16489 3671 NA
16490 3553 NA
16491 3529 NA
16492 3485 NA
16493 3538 NA
16494 3473 NA
16495 3407 NA
16496 3298 NA
16497 3298 NA
16498 3163 NA
16499 3112 NA
16500 3102 NA
16501 3006 NA
16502 2921 NA
16503 2867 NA
16504 2778 NA
16505 2751 NA
16506 2751 NA
16507 2758 NA
16508 2762 NA
16509 2737 NA
16510 2692 NA
16511 2692 NA
16512 2705 NA
16513 2705 NA
16514 2710 NA
16515 2710 NA
16516 2785 NA
16517 2887 NA
16518 2987 NA
16519 2987 NA
16520 3028 NA
16521 3028 NA
16522 2906 NA
16523 2761 NA
16524 2637 NA
16525 2513 NA
16526 2425 NA
16527 2425 NA
16528 2452 NA
16529 2432 NA
16530 2430 NA
16531 2538 NA
16532 2538 NA
16533 2617 NA
16534 2660 NA
16535 2665 NA
16536 2561 NA
16537 2553 NA
16538 2553 NA
16539 2619 NA
16540 2638 NA
16541 2638 NA
16542 2575 NA
16543 2542 NA
16544 2517 NA
16545 2431 NA
16546 2431 NA
16547 2485 NA
16548 2602 NA
16549 2602 NA
16550 2507 NA
16551 2504 NA
16552 2520 NA
16553 2566 NA
16554 2566 NA
16555 2607 NA
16556 2607 NA
16557 2549 NA
16558 2549 NA
16559 2483 NA
16560 2468 NA
16561 2369 NA
16562 2369 NA
16563 2364 NA
16564 2368 NA
16565 2405 NA
16566 2412 NA
16567 2495 NA
16568 2537 NA
16569 2537 NA
16570 2593 NA
16571 2643 NA
16572 2670 NA
16573 2664 NA
16574 2664 NA
16575 2689 NA
16576 2689 NA
16577 2666 NA
16578 2666 NA
16579 2533 NA
16580 2533 NA
16581 2406 NA
16582 2310 NA
16583 2201 NA
16584 2201 NA
16585 2133 NA
16586 2212 NA
16587 2298 NA
16588 2411 NA
16589 2411 NA
16590 2529 NA
16591 2529 NA
16592 2636 NA
16593 2636 NA
16594 2596 NA
16595 2471 NA
16596 2471 NA
16597 2374 NA
16598 2331 NA
16599 2331 NA
16600 2338 NA
16601 2360 NA
16602 2360 NA
16603 2328 NA
16604 2328 NA
16605 2281 NA
16606 2303 NA
16607 2301 NA
16608 2301 NA
16609 2335 NA
16610 2388 NA
16611 2488 NA
16612 2606 NA
16613 2606 NA
16614 2726 NA
16615 2800 NA
16616 2875 NA
16617 2875 NA
16618 2997 NA
16619 2997 NA
16620 3144 NA
16621 3299 NA
16622 3394 NA
16623 3394 NA
16624 3343 NA
16625 3199 NA
16626 3065 NA
16627 3124 NA
16628 3193 NA
16629 3332 NA
16630 3473 NA
16631 3399 NA
16632 3258 NA
16633 3102 NA
16634 3102 NA
16635 2946 NA
16636 2828 NA
16637 2860 NA
16638 2845 NA
16639 2862 NA
16640 2862 NA
16641 2803 NA
16642 2756 NA
16643 2657 NA
16644 2657 NA
16645 2548 NA
16646 2453 NA
16647 2453 NA
16648 2431 NA
16649 2550 NA
16650 2572 NA
16651 2564 NA
16652 2564 NA
16653 2682 NA
16654 2814 NA
16655 2814 NA
16656 2946 NA
16657 2946 NA
16658 2940 NA
16659 2940 NA
16660 2985 NA
16661 3106 NA
16662 3262 NA
16663 3262 NA
16665 3396 NA
16666 3322 NA
16668 3238 NA
16669 3238 NA
16670 3114 NA
16671 3005 NA
16672 3011 NA
16673 3011 NA
16674 2991 NA
16675 2842 NA
16676 2842 NA
16677 2821 NA
16678 2845 NA
16679 2950 NA
16680 2950 NA
16681 3063 NA
16682 3063 NA
16683 3169 NA
16684 3327 NA
16686 3408 NA
16687 3469 NA
16688 3469 NA
16689 3516 NA
16690 3516 NA
16691 3537 NA
16692 3594 NA
16693 3594 NA
16694 3642 NA
16695 3670 NA
16696 3670 NA
16697 3636 NA
16698 3531 NA
16699 3429 NA
16700 3429 NA
16701 3261 NA
16702 3261 NA
16703 3098 NA
16704 2944 NA
16705 2796 NA
16706 2656 NA
16707 2638 NA
16708 2750 NA
16709 2836 NA
16710 2836 NA
16711 2916 NA
16712 2916 NA
16715 2935 NA
16717 2892 NA
16719 2748 NA
16720 2622 NA
16721 2622 NA
16722 2643 NA
16723 2643 NA
16724 2730 NA
16725 2770 NA
16726 2700 NA
16727 2594 NA
16728 2594 NA
16731 2474 NA
16732 2474 NA
16733 2472 NA
16734 2472 NA
16735 2590 NA
16736 2696 NA
16737 2696 NA
16738 2828 NA
16739 2933 NA
16740 2933 NA
16741 2911 NA
16742 2911 NA
16743 2938 NA
16744 2938 NA
16745 2852 NA
16746 2774 NA
16747 2774 NA
16748 2774 NA
16749 2829 NA
16750 2812 NA
16751 2750 NA
16752 2750 NA
16753 2822 NA
16754 2884 NA
16755 3028 NA
16756 3160 NA
16757 3160 NA
16759 3189 NA
16760 3125 NA
16761 3125 NA
16762 3125 NA
16763 3195 NA
16764 3215 NA
16765 3215 NA
16766 3215 NA
16767 3215 NA
16768 3124 NA
16769 3124 NA
16770 3100 NA
16771 3100 NA
16772 2977 NA
16773 3053 NA
16774 3053 NA
16775 3173 NA
16777 3332 NA
16778 3337 NA
16779 3337 NA
16780 3347 NA
16781 3340 NA
16782 3369 NA
16783 3369 NA
16784 3508 NA
16785 3508 NA
16786 3547 NA
16787 3547 NA
16788 3429 NA
16789 3429 NA
16790 3350 NA
16791 3232 NA
16792 3232 NA
16793 3253 NA
16794 3358 NA
16795 3358 NA
16796 3347 NA
16797 3215 NA
16798 3066 NA
16799 2989 NA
16800 3053 NA
16801 3053 NA
16802 3088 NA
16803 2971 NA
16804 2843 NA
16807 2777 NA
16808 2800 NA
16809 2800 NA
16810 2897 NA
16811 3023 NA
16812 3023 NA
16813 3110 NA
16814 3110 NA
16815 3010 NA
16816 2895 NA
16817 2753 NA
16818 2753 NA
16820 2635 NA
16821 2735 NA
16823 2802 NA
16824 2813 NA
16825 2765 NA
16826 2706 NA
16827 2706 NA
16828 2576 NA
16829 2589 NA
16830 2706 NA
16831 2819 NA
16832 2960 NA
16833 2960 NA
16834 3264 NA
16835 3264 NA
16836 3428 NA
16837 3600 NA
16838 3600 NA
16839 3780 NA
16840 3969 NA
16841 4168 NA
16842 4168 NA
16843 4304 NA
16844 4265 NA
16845 4341 NA
16847 4237 NA
16849 4163 NA
16850 4163 NA
16851 4309 NA
16852 4309 NA
16853 4446 NA
16854 4446 NA
16855 4608 NA
16856 4608 NA
16857 4804 NA
16858 4580 NA
16859 4351 NA
16860 4133 NA
16861 4045 NA
16862 4195 NA
16863 4321 NA
16864 4321 NA
16865 4343 NA
16866 4365 NA
16867 4339 NA
16869 4186 NA
16870 4186 NA
16871 4048 NA
16872 3933 NA
16873 3742 NA
16874 3574 NA
16875 3451 NA
16876 3451 NA
16878 3541 NA
16879 3633 NA
16880 3664 NA
16881 3640 NA
16884 3426 NA
16885 3280 NA
16886 3132 NA
16887 2975 NA
16888 2975 NA
16889 2989 NA
16890 3135 NA
16892 3408 NA
16893 3533 NA
16894 3561 NA
16895 3467 NA
16896 3475 NA
16897 3510 NA
16898 3377 NA
16899 3377 NA
16900 3386 NA
16901 3386 NA
16902 3398 NA
16903 3398 NA
16904 3290 NA
16905 3175 NA
16906 3175 NA
16907 3146 NA
16908 3284 NA
16909 3241 NA
16910 3241 NA
16911 3279 NA
16912 3279 NA
16913 3227 NA
16914 3227 NA
16915 3081 NA
16916 2973 NA
16917 2824 NA
16918 2689 NA
16919 2686 NA
16920 2706 NA
16921 2706 NA
16922 2645 NA
16923 2719 NA
16924 2719 NA
16925 2704 NA
16926 2834 NA
16927 2820 NA
16928 2820 NA
16929 2843 NA
16930 2837 NA
16931 2837 NA
16932 2813 NA
16933 2813 NA
16934 2949 NA
16935 2949 NA
16937 2736 NA
16938 2736 NA
16939 2710 NA
16940 2710 NA
16941 2574 NA
16942 2540 NA
16943 2540 NA
16944 2580 NA
16945 2580 NA
16946 2679 NA
16949 2862 NA
16950 2862 NA
16951 2963 NA
16952 3085 NA
16953 3085 NA
16954 3008 NA
16955 3008 NA
16956 2901 NA
16957 2901 NA
16958 2894 NA
16959 2935 NA
16960 2935 NA
16967 3415 NA
16968 3383 NA
16969 3381 NA
16970 3461 NA
16971 3461 NA
16972 3591 NA
16974 3441 NA
16975 3309 NA
16976 3318 NA
16977 3318 NA
16978 3403 NA
16979 3403 NA
16980 3531 NA
16981 3683 NA
16982 3683 NA
16984 3599 NA
16985 3599 NA
16986 3556 NA
16987 3556 NA
16988 3380 NA
16989 3211 NA
16990 3096 NA
16991 3123 NA
16992 3241 NA
16993 3392 NA
16994 3392 NA
16999 3743 NA
17001 4078 NA
17006 3892 NA
17007 3718 NA
17014 3276 NA
17015 3161 NA
17016 3058 NA
17017 3058 NA
17018 3059 NA
17019 2954 NA
17020 2954 NA
17021 2954 NA
17022 2980 NA
17023 3117 NA
17024 3117 NA
17025 3220 NA
17026 3381 NA
17027 3381 NA
17028 3551 NA
17029 3551 NA
17031 3627 NA
17032 3604 NA
17033 3604 NA
17034 3710 NA
17035 3710 NA
17036 3896 NA
17037 4002 NA
17038 4002 NA
17039 4199 NA
17040 4199 NA
17042 4171 NA
17044 3962 NA
17045 3795 NA
17046 3795 NA
17047 3889 NA
17048 3889 NA
17049 3995 NA
17050 3995 NA
17051 4044 NA
17052 4044 NA
17053 4057 NA
17054 4069 NA
17055 4069 NA
17056 4195 NA
17057 4195 NA
17058 4331 NA
17059 4362 NA
17060 4362 NA
17061 4518 NA
17062 4518 NA
17063 4744 NA
17064 4829 NA
17069 4132 NA
17070 3982 NA
17071 4150 NA
17072 4357 NA
17073 4431 NA
17075 4444 NA
17076 4392 NA
17077 4392 NA
17078 4210 NA
17079 4210 NA
17080 4117 NA
17081 4117 NA
17083 4242 NA
17084 4242 NA
17085 4225 NA
17086 4225 NA
17087 4155 NA
17088 4155 NA
17089 4084 NA
17091 3879 NA
17092 3879 NA
17093 3736 NA
17094 3736 NA
17095 3754 NA
17096 3781 NA
17097 3781 NA
17098 3828 NA
17099 3828 NA
17100 3828 NA
17101 3828 NA
17102 3825 NA
17103 3825 NA
17104 3922 NA
17105 3922 NA
17106 3754 NA
17107 3754 NA
17108 3633 NA
17109 3665 NA
17110 3665 NA
17111 3720 NA
17112 3720 NA
17113 3821 NA
17114 3821 NA
17115 3896 NA
17117 4043 NA
17118 4016 NA
17123 3861 NA
17124 3861 NA
17125 3766 NA
17126 3766 NA
17127 3855 NA
17129 3906 NA
17130 3906 NA
17131 3824 NA
17132 3937 NA
17133 3937 NA
17134 4026 NA
17135 4026 NA
17136 3926 NA
17138 3821 NA
17139 3878 NA
17140 3896 NA
17141 3896 NA
17142 3911 NA
17143 3911 NA
17144 3978 NA
17145 3978 NA
17146 4086 NA
17147 4068 NA
