"Index" "Price" "Volume"
14019 23 NA
14020 23 NA
14021 24 NA
14022 24 NA
14023 24 NA
14024 24 NA
14025 24 NA
14026 24 NA
14027 24 NA
14028 24 NA
14029 24 NA
14030 24 NA
14031 24 NA
14032 24 NA
14033 24 NA
14034 23 NA
14035 23 NA
14036 23 NA
14037 23 NA
14038 23 NA
14039 23 NA
14040 23 NA
14041 23 NA
14042 24 NA
14043 24 NA
14044 24 NA
14045 24 NA
14046 24 NA
14047 24 NA
14048 24 NA
14049 24 NA
14050 24 NA
14051 24 NA
14052 24 NA
14053 24 NA
14054 24 NA
14055 24 NA
14056 24 NA
14057 24 NA
14058 24 NA
14059 24 NA
14060 24 NA
14061 24 NA
14062 24 NA
14063 24 NA
14064 24 NA
14065 24 NA
14066 24 NA
14067 24 NA
14068 24 NA
14069 24 NA
14070 24 NA
14071 24 NA
14072 24 NA
14073 24 NA
14074 23 NA
14075 23 NA
14076 23 NA
14077 23 NA
14078 24 NA
14079 24 NA
14080 24 NA
14081 24 NA
14082 24 NA
14083 24 NA
14084 24 NA
14085 24 NA
14086 24 NA
14087 24 NA
14088 24 NA
14089 24 NA
14090 24 NA
14091 24 NA
14092 24 NA
14093 24 NA
14094 24 NA
14095 24 NA
14096 24 NA
14097 24 NA
14098 24 NA
14099 24 NA
14100 24 NA
14101 24 NA
14102 24 NA
14103 24 NA
14104 24 NA
14105 24 NA
14106 24 NA
14107 24 NA
14108 23 NA
14109 23 NA
14110 24 NA
14111 24 NA
14112 24 NA
14113 24 NA
14114 24 NA
14115 24 NA
14116 24 NA
14117 24 NA
14118 24 NA
14119 24 NA
14120 24 NA
14121 23 NA
14122 24 NA
14123 24 NA
14124 24 NA
14125 24 NA
14126 24 NA
14127 24 NA
14128 24 NA
14129 24 NA
14130 24 NA
14131 24 NA
14132 23 NA
14133 23 NA
14134 24 NA
14135 24 NA
14136 23 NA
14137 23 NA
14138 23 NA
14139 24 NA
14140 24 NA
14141 24 NA
14142 24 NA
14143 24 NA
14144 24 NA
14145 24 NA
14146 24 NA
14147 24 NA
14148 23 NA
14149 23 NA
14150 23 NA
14151 24 NA
14152 24 NA
14153 24 NA
14154 24 NA
14155 24 NA
14156 24 NA
14157 24 NA
14158 24 NA
14159 24 NA
14160 24 NA
14161 24 NA
14162 24 NA
14163 24 NA
14164 24 NA
14165 24 NA
14166 24 NA
14167 24 NA
14168 24 NA
14169 24 NA
14170 24 NA
14171 24 NA
14172 24 NA
14173 24 NA
14174 24 NA
14175 24 NA
14176 24 NA
14177 24 NA
14178 24 NA
14179 24 NA
14180 24 NA
14181 24 NA
14182 24 NA
14183 24 NA
14184 24 NA
14185 24 NA
14186 23 NA
14187 24 NA
14188 24 NA
14189 24 NA
14190 24 NA
14191 24 NA
14192 24 NA
14193 24 NA
14194 24 NA
14195 24 NA
14196 24 NA
14197 24 NA
14198 24 NA
14199 24 NA
14200 24 NA
14201 24 NA
14202 24 NA
14203 24 NA
14204 24 NA
14205 24 NA
14206 24 NA
14207 24 NA
14208 24 NA
14209 24 NA
14210 24 NA
14211 24 NA
14212 24 NA
14213 24 NA
14214 24 NA
14215 23 NA
14216 23 NA
14217 23 NA
14218 23 NA
14219 23 NA
14220 24 NA
14221 24 NA
14222 24 NA
14223 24 NA
14224 24 NA
14225 24 NA
14226 24 NA
14227 24 NA
14228 24 NA
14229 24 NA
14230 24 NA
14231 24 NA
14232 24 NA
14233 24 NA
14234 24 NA
14235 24 NA
14236 24 NA
14237 24 NA
14238 24 NA
14239 24 NA
14240 24 NA
14241 24 NA
14242 24 NA
14243 24 NA
14244 24 NA
14245 24 NA
14246 24 NA
14247 24 NA
14248 24 NA
14249 24 NA
14250 24 NA
14251 24 NA
14252 24 NA
14253 24 NA
14254 24 NA
14255 24 NA
14256 24 NA
14257 24 NA
14258 24 NA
14259 24 NA
14260 24 NA
14261 24 NA
14262 24 NA
14263 24 NA
14264 24 NA
14265 24 NA
14266 24 NA
14267 23 NA
14268 23 NA
14269 23 NA
14270 23 NA
14271 24 NA
14272 24 NA
14273 24 NA
14274 24 NA
14275 24 NA
14276 24 NA
14277 24 NA
14278 24 NA
14279 24 NA
14280 24 NA
14281 24 NA
14282 24 NA
14283 24 NA
14284 24 NA
14285 23 NA
14286 23 NA
14287 23 NA
14288 23 NA
14289 23 NA
14290 24 NA
14291 24 NA
14292 24 NA
14293 24 NA
14294 24 NA
14295 24 NA
14296 24 NA
14297 24 NA
14298 24 NA
14299 24 NA
14300 24 NA
14301 24 NA
14302 24 NA
14303 24 NA
14304 24 NA
14305 24 NA
14306 24 NA
14307 24 NA
14308 24 NA
14309 24 NA
14310 24 NA
14311 24 NA
14312 24 NA
14313 24 NA
14314 24 NA
14315 24 NA
14316 24 NA
14317 24 NA
14318 24 NA
14319 24 NA
14320 24 NA
14321 23 NA
14322 23 NA
14323 24 NA
14324 24 NA
14325 24 NA
14326 24 NA
14327 24 NA
14328 24 NA
14329 24 NA
14330 24 NA
14331 24 NA
14332 24 NA
14333 24 NA
14334 24 NA
14335 24 NA
14336 23 NA
14337 23 NA
14338 23 NA
14339 24 NA
14340 24 NA
14341 24 NA
14342 24 NA
14343 24 NA
14344 24 NA
14345 24 NA
14346 24 NA
14347 24 NA
14348 24 NA
14349 24 NA
14350 24 NA
14351 24 NA
14352 24 NA
14353 24 NA
14354 24 NA
14355 24 NA
14356 24 NA
14357 24 NA
14358 24 NA
14359 24 NA
14360 24 NA
14361 24 NA
14362 24 NA
14363 24 NA
14364 24 NA
14365 24 NA
14366 24 NA
14367 24 NA
14368 24 NA
14369 24 NA
14370 24 NA
14371 24 NA
14372 24 NA
14373 24 NA
14374 24 NA
14375 24 NA
14376 24 NA
14377 24 NA
14378 24 NA
14379 24 NA
14380 24 NA
14381 24 NA
14382 24 NA
14383 24 NA
14384 24 NA
14385 24 NA
14386 24 NA
14387 24 NA
14388 24 NA
14389 24 NA
14390 24 NA
14391 24 NA
14392 24 NA
14393 24 NA
14394 24 NA
14395 24 NA
14396 24 NA
14397 24 NA
14398 24 NA
14399 24 NA
14400 24 NA
14401 24 NA
14402 24 NA
14403 24 NA
14404 24 NA
14405 24 NA
14406 24 NA
14407 24 NA
14408 24 NA
14409 24 NA
14410 24 NA
14411 24 NA
14412 24 NA
14413 24 NA
14414 24 NA
14415 24 NA
14416 24 NA
14417 25 NA
14418 24 NA
14419 24 NA
14420 24 NA
14421 24 NA
14422 24 NA
14423 24 NA
14424 24 NA
14425 24 NA
14426 24 NA
14428 24 NA
14429 24 NA
14430 24 NA
14431 24 NA
14432 24 NA
14433 24 NA
14434 24 NA
14435 24 NA
14436 24 NA
14437 24 NA
14438 24 NA
14439 24 NA
14440 24 NA
14441 24 NA
14442 24 NA
14443 24 NA
14444 24 NA
14445 24 NA
14446 24 NA
14447 24 NA
14448 24 NA
14449 24 NA
14450 24 NA
14451 24 NA
14452 24 NA
14453 24 NA
14454 24 NA
14455 24 NA
14456 24 NA
14457 24 NA
14458 24 NA
14459 24 NA
14460 24 NA
14461 24 NA
14462 24 NA
14463 24 NA
14464 24 NA
14465 24 NA
14466 24 NA
14467 24 NA
14468 24 NA
14469 24 NA
14470 24 NA
14471 24 NA
14472 24 NA
14473 24 NA
14474 24 NA
14475 24 NA
14476 24 NA
14477 24 NA
14478 24 NA
14479 25 NA
14480 24 NA
14481 24 NA
14482 24 NA
14483 24 NA
14484 24 NA
14485 24 NA
14486 24 NA
14487 24 NA
14488 24 NA
14489 22 NA
14490 19 NA
14491 18 NA
14492 18 NA
14493 18 NA
14494 17 NA
14495 17 NA
14496 16 NA
14497 15 NA
14498 15 NA
14499 15 NA
14500 15 NA
14501 14 NA
14502 14 NA
14503 14 NA
14504 13 NA
14505 12 NA
14506 11 NA
14507 10 NA
14508 9 NA
14509 9 NA
14510 9 NA
14511 9 NA
14512 9 NA
14513 9 NA
14514 9 NA
14515 9 NA
14516 9 NA
14517 9 NA
14518 9 NA
14519 9 NA
14520 9 NA
14521 9 NA
14522 9 NA
14523 9 NA
14524 9 NA
14525 9 NA
14526 9 NA
14527 9 NA
14528 9 NA
14529 9 NA
14530 9 NA
14531 9 NA
14532 9 NA
14533 9 NA
14534 9 NA
14535 9 NA
14536 9 NA
14537 9 NA
14538 9 NA
14539 9 NA
14540 9 NA
14541 9 NA
14542 9 NA
14543 9 NA
14544 9 NA
14545 9 NA
14546 9 NA
14547 9 NA
14548 9 NA
14549 9 NA
14550 9 NA
14551 9 NA
14552 9 NA
14553 9 NA
14554 9 NA
14555 9 NA
14556 9 NA
14557 9 NA
14558 9 NA
14559 9 NA
14560 9 NA
14561 9 NA
14562 9 NA
14563 9 NA
14564 9 NA
14565 9 NA
14566 9 NA
14567 9 NA
14568 9 NA
14569 9 NA
14570 9 NA
14571 9 NA
14572 9 NA
14573 9 NA
14574 9 NA
14575 9 NA
14576 9 NA
14577 9 NA
14578 9 NA
14579 9 NA
14580 9 NA
14581 9 NA
14582 9 NA
14583 9 NA
14584 9 NA
14585 9 NA
14586 9 NA
14587 9 NA
14588 9 NA
14589 9 NA
14590 9 NA
14591 9 NA
14592 9 NA
14593 9 NA
14594 9 NA
14595 9 NA
14596 9 NA
14597 9 NA
14598 9 NA
14599 9 NA
14600 9 NA
14601 9 NA
14602 9 NA
14603 9 NA
14604 9 NA
14605 9 NA
14606 9 NA
14607 9 NA
14608 9 NA
14609 9 NA
14610 9 NA
14611 9 NA
14612 9 NA
14613 9 NA
14614 9 NA
14615 9 NA
14616 9 NA
14617 9 NA
14618 9 NA
14619 9 NA
14620 9 NA
14621 9 NA
14622 9 NA
14623 9 NA
14624 9 NA
14625 9 NA
14626 9 NA
14627 9 NA
14628 9 NA
14629 9 NA
14630 9 NA
14631 9 NA
14632 9 NA
14633 9 NA
14634 9 NA
14635 9 NA
14636 9 NA
14637 9 NA
14638 9 NA
14639 9 NA
14640 9 NA
14641 9 NA
14642 9 NA
14643 9 NA
14644 9 NA
14645 9 NA
14646 9 NA
14647 9 NA
14648 9 NA
14649 9 NA
14650 9 NA
14651 9 NA
14652 9 NA
14653 9 NA
14654 9 NA
14655 9 NA
14656 9 NA
14657 9 NA
14658 9 NA
14659 9 NA
14660 9 NA
14661 9 NA
14662 9 NA
14663 9 NA
14664 9 NA
14665 9 NA
14666 9 NA
14667 9 NA
14668 9 NA
14669 9 NA
14670 9 NA
14671 9 NA
14672 9 NA
14673 9 NA
14674 9 NA
14675 9 NA
14676 9 NA
14677 9 NA
14678 9 NA
14679 9 NA
14680 9 NA
14681 9 NA
14682 9 NA
14683 9 NA
14684 9 NA
14685 9 NA
14686 9 NA
14687 9 NA
14688 9 NA
14689 9 NA
14690 9 NA
14691 9 NA
14692 9 NA
14693 9 NA
14694 9 NA
14695 9 NA
14696 9 NA
14697 9 NA
14698 9 NA
14699 9 NA
14700 9 NA
14701 9 NA
14702 9 NA
14703 9 NA
14704 9 NA
14705 9 NA
14706 9 NA
14707 9 NA
14708 9 NA
14709 9 NA
14710 9 NA
14711 9 NA
14712 9 NA
14713 9 NA
14714 9 NA
14715 9 NA
14716 9 NA
14717 9 NA
14718 9 NA
14719 9 NA
14720 9 NA
14721 9 NA
14722 9 NA
14723 9 NA
14724 9 NA
14725 9 NA
14726 9 NA
14727 9 NA
14728 9 NA
14729 9 NA
14730 9 NA
14731 9 NA
14732 9 NA
14733 9 NA
14734 9 NA
14735 9 NA
14736 9 NA
14737 9 NA
14738 9 NA
14739 9 NA
14740 9 NA
14741 9 NA
14742 9 NA
14743 9 NA
14744 9 NA
14745 9 NA
14746 9 NA
14747 9 NA
14748 9 NA
14749 9 NA
14750 9 NA
14751 9 NA
14752 9 NA
14753 9 NA
14754 9 NA
14755 9 NA
14756 9 NA
14757 9 NA
14758 9 NA
14759 9 NA
14760 9 NA
14761 9 NA
14762 9 NA
14763 9 NA
14764 9 NA
14765 9 NA
14766 9 NA
14767 9 NA
14768 9 NA
14769 9 NA
14770 9 NA
14771 9 NA
14772 9 NA
14773 9 NA
14774 9 NA
14775 9 NA
14776 9 NA
14777 9 NA
14778 9 NA
14779 9 NA
14780 9 NA
14781 9 NA
14782 9 NA
14783 9 NA
14784 9 NA
14785 9 NA
14786 9 NA
14787 9 NA
14788 9 NA
14789 9 NA
14790 9 NA
14791 9 NA
14792 9 NA
14793 9 NA
14794 9 NA
14795 9 NA
14796 9 NA
14797 9 NA
14798 9 NA
14799 9 NA
14800 9 NA
14801 9 NA
14802 9 NA
14803 9 NA
14804 9 NA
14805 9 NA
14806 9 NA
14807 9 NA
14808 9 NA
14809 9 NA
14810 9 NA
14811 9 NA
14812 9 NA
14813 9 NA
14814 9 NA
14815 9 NA
14816 9 NA
14817 9 NA
14818 9 NA
14819 9 NA
14820 9 NA
14821 9 NA
14822 9 NA
14823 9 NA
14824 9 NA
14825 9 NA
14826 9 NA
14827 9 NA
14828 9 NA
14829 9 NA
14830 9 NA
14831 9 NA
14832 9 NA
14833 9 NA
14834 9 NA
14835 9 NA
14836 9 NA
14837 9 NA
14838 9 NA
14839 9 NA
14840 9 NA
14841 9 NA
14842 9 NA
14843 9 NA
14844 9 NA
14845 9 NA
14846 9 NA
14847 9 NA
14848 9 NA
14849 9 NA
14850 9 NA
14851 9 NA
14852 9 NA
14853 9 NA
14854 9 NA
14855 9 NA
14856 9 NA
14857 9 NA
14858 9 NA
14859 9 NA
14860 9 NA
14861 9 NA
14862 9 NA
14863 9 NA
14864 9 NA
14865 9 NA
14866 9 NA
14867 9 NA
14868 9 NA
14869 9 NA
14870 9 NA
14871 9 NA
14872 9 NA
14873 9 NA
14874 9 NA
14875 9 NA
14876 9 NA
14877 9 NA
14878 9 NA
14879 9 NA
14880 9 NA
14881 9 NA
14882 9 NA
14883 9 NA
14884 9 NA
14885 9 NA
14886 9 NA
14887 9 NA
14888 9 NA
14889 9 NA
14890 9 NA
14891 9 NA
14892 9 NA
14893 9 NA
14894 9 NA
14895 9 NA
14896 9 NA
14897 9 NA
14898 9 NA
14899 9 NA
14900 9 NA
14901 9 NA
14902 9 NA
14903 9 NA
14904 9 NA
14905 9 NA
14906 9 NA
14907 9 NA
14908 9 NA
14909 9 NA
14910 9 NA
14911 9 NA
14912 9 NA
14913 9 NA
14914 9 NA
14915 9 NA
14916 9 NA
14917 9 NA
14918 9 NA
14920 9 NA
14921 9 NA
14922 9 NA
14923 9 NA
14924 9 NA
14925 9 NA
14926 9 NA
14927 9 NA
14928 9 NA
14929 9 NA
14930 9 NA
14931 9 NA
14932 9 NA
14933 9 NA
14934 9 NA
14935 9 NA
14936 9 NA
14937 9 NA
14938 9 NA
14939 9 NA
14940 9 NA
14941 9 NA
14942 9 NA
14943 9 NA
14944 9 NA
14945 9 NA
14946 9 NA
14947 9 NA
14948 9 NA
14949 9 NA
14950 9 NA
14951 9 NA
14952 9 NA
14953 9 NA
14954 9 NA
14955 9 NA
14956 9 NA
14957 9 NA
14958 9 NA
14959 9 NA
14960 9 NA
14961 9 NA
14962 9 NA
14963 9 NA
14964 9 NA
14965 9 NA
14966 9 NA
14967 9 NA
14968 9 NA
14969 9 NA
14970 9 NA
14971 9 NA
14972 9 NA
14973 9 NA
14974 9 NA
14981 9 NA
14988 9 NA
14995 9 NA
15002 9 NA
15009 9 NA
15016 9 NA
15018 8 NA
15019 7 NA
15020 5 NA
15021 5 NA
15022 4 NA
15023 2 NA
15025 1 NA
15032 1 NA
15039 1 NA
15046 1 NA
15053 1 NA
15060 1 NA
15067 1 NA
15074 1 NA
15081 1 NA
15088 1 NA
15095 1 NA
15102 1 NA
15109 1 NA
15116 1 NA
15123 1 NA
15130 1 NA
15137 1 NA
15144 1 NA
15151 1 NA
15158 1 NA
15165 1 NA
15172 1 NA
15179 1 NA
15186 1 NA
15193 1 NA
15200 1 NA
15207 1 NA
15214 1 NA
15221 1 NA
15228 1 NA
15235 1 NA
15242 1 NA
15249 1 NA
15256 1 NA
15263 1 NA
15270 1 NA
15277 1 NA
15284 1 NA
15291 1 NA
15298 1 NA
15305 1 NA
15312 1 NA
15319 1 NA
15326 1 NA
15333 1 NA
15340 1 NA
15341 1 NA
15342 1 NA
15343 1 NA
15344 1 NA
15345 1 NA
15346 1 NA
15347 1 NA
15348 1 NA
15349 1 NA
15350 1 NA
15351 1 NA
15352 1 NA
15353 1 NA
15354 1 NA
15355 1 NA
15356 1 NA
15357 1 NA
15358 1 NA
15359 1 NA
15360 1 NA
15361 1 NA
15362 1 NA
15363 1 NA
15364 1 NA
15365 1 NA
15366 1 NA
15367 1 NA
15368 1 NA
15369 1 NA
15370 1 NA
15371 1 NA
15372 1 NA
15373 1 NA
15374 1 NA
15375 1 NA
15376 1 NA
15377 1 NA
15378 1 NA
15379 1 NA
15380 1 NA
15381 1 NA
15382 1 NA
15383 1 NA
15384 1 NA
15385 1 NA
15386 1 NA
15387 1 NA
15388 1 NA
15389 1 NA
15390 1 NA
15391 1 NA
15392 1 NA
15393 1 NA
15394 1 NA
15395 1 NA
15396 1 NA
15397 1 NA
15398 1 NA
15399 1 NA
15400 1 NA
15401 1 NA
15402 1 NA
15403 1 NA
15404 1 NA
15405 1 NA
15406 1 NA
15407 1 NA
15408 1 NA
15409 1 NA
15410 1 NA
15411 1 NA
15412 1 NA
15413 1 NA
15414 1 NA
15415 1 NA
15416 1 NA
15417 1 NA
15418 1 NA
15419 1 NA
15420 1 NA
15421 1 NA
15422 1 NA
15423 1 NA
15424 1 NA
15425 1 NA
15426 1 NA
15427 1 NA
15428 1 NA
15429 1 NA
15430 1 NA
15431 1 NA
15432 1 NA
15433 1 NA
15434 1 NA
15435 1 NA
15436 1 NA
15437 1 NA
15438 1 NA
15439 1 NA
15440 1 NA
15441 1 NA
15442 1 NA
15443 1 NA
15444 1 NA
15445 1 NA
15446 1 NA
15447 1 NA
15448 1 NA
15449 1 NA
15450 1 NA
15451 1 NA
15452 1 NA
15453 1 NA
15454 1 NA
15455 1 NA
15456 1 NA
15457 1 NA
15458 1 NA
15459 1 NA
15460 1 NA
15461 1 NA
15462 1 NA
15463 1 NA
15464 1 NA
15465 1 NA
15466 1 NA
15467 1 NA
15468 1 NA
15469 1 NA
15470 1 NA
15471 1 NA
15472 1 NA
15473 1 NA
15474 1 NA
15475 1 NA
15476 1 NA
15477 1 NA
15478 1 NA
15479 1 NA
15480 1 NA
15481 1 NA
15482 1 NA
15483 1 NA
15484 1 NA
15485 1 NA
15486 1 NA
15487 1 NA
15488 1 NA
15489 1 NA
15490 1 NA
15491 1 NA
15492 1 NA
15493 1 NA
15494 1 NA
15495 1 NA
15496 1 NA
15497 1 NA
15498 1 NA
15499 1 NA
15500 1 NA
15501 1 NA
15502 1 NA
15503 1 NA
15504 1 NA
15505 1 NA
15506 1 NA
15507 1 NA
15508 1 NA
15509 1 NA
15510 1 NA
15511 1 NA
15512 1 NA
15513 1 NA
15514 1 NA
15515 1 NA
15516 1 NA
15517 1 NA
15518 1 NA
15519 1 NA
15520 1 NA
15521 1 NA
15522 1 NA
15523 1 NA
15524 1 NA
15525 1 NA
15526 1 NA
15527 1 NA
15528 1 NA
15529 1 NA
15530 1 NA
15531 1 NA
15532 1 NA
15533 1 NA
15534 1 NA
15535 1 NA
15536 1 NA
15537 1 NA
15538 1 NA
15539 1 NA
15540 1 NA
15541 1 NA
15542 1 NA
15543 1 NA
15544 1 NA
15545 1 NA
15546 1 NA
15547 1 NA
15548 1 NA
15549 1 NA
15550 1 NA
15551 1 NA
15552 1 NA
15553 1 NA
15554 1 NA
15555 1 NA
15556 1 NA
15557 1 NA
15558 1 NA
15559 1 NA
15560 1 NA
15561 1 NA
15562 1 NA
15563 1 NA
15564 1 NA
15565 1 NA
15566 1 NA
15567 1 NA
15568 1 NA
15569 1 NA
15570 1 NA
15571 1 NA
15572 1 NA
15573 1 NA
15574 1 NA
15575 1 NA
15576 1 NA
15577 1 NA
15578 1 NA
15579 1 NA
15580 1 NA
15581 1 NA
15582 1 NA
15583 1 NA
15584 1 NA
15585 1 NA
15586 1 NA
15587 1 NA
15588 1 NA
15589 1 NA
15590 1 NA
15591 1 NA
15592 1 NA
15593 1 NA
15594 1 NA
15595 1 NA
15596 1 NA
15597 1 NA
15598 1 NA
15599 1 NA
15600 1 NA
15601 1 NA
15602 1 NA
15603 1 NA
15604 1 NA
15605 1 NA
15606 1 NA
15607 1 NA
15608 1 NA
15609 1 NA
15610 1 NA
15611 1 NA
15612 1 NA
15613 1 NA
15614 1 NA
15615 1 NA
15616 1 NA
15617 1 NA
15618 1 NA
15619 1 NA
15620 1 NA
15621 1 NA
15622 1 NA
15623 1 NA
15624 1 NA
15625 1 NA
15626 1 NA
15627 1 NA
15628 1 NA
15629 1 NA
15630 1 NA
15631 1 NA
15632 1 NA
15633 1 NA
15634 1 NA
15635 1 NA
15636 1 NA
15637 1 NA
15638 1 NA
15639 1 NA
15640 1 NA
15641 1 NA
15642 1 NA
15643 1 NA
15644 1 NA
15645 1 NA
15646 1 NA
15647 1 NA
15648 1 NA
15649 1 NA
15650 1 NA
15651 1 NA
15652 1 NA
15653 1 NA
15654 1 NA
15655 1 NA
15656 1 NA
15657 1 NA
15658 1 NA
15659 1 NA
15660 1 NA
15661 1 NA
15662 1 NA
15663 1 NA
15664 1 NA
15665 1 NA
15666 1 NA
15667 1 NA
15668 1 NA
15669 1 NA
15670 1 NA
15671 1 NA
15672 1 NA
15673 1 NA
15674 1 NA
15675 1 NA
15676 1 NA
15677 1 NA
15678 1 NA
15679 1 NA
15680 1 NA
15681 1 NA
15682 1 NA
15683 1 NA
15684 1 NA
15685 1 NA
15686 1 NA
15687 1 NA
15688 1 NA
15689 1 NA
15690 1 NA
15691 1 NA
15692 1 NA
15693 1 NA
15694 1 NA
15695 1 NA
15696 1 NA
15697 1 NA
15698 1 NA
15699 1 NA
15700 1 NA
15701 1 NA
15702 1 NA
15703 1 NA
15704 1 NA
15705 1 NA
15706 1 NA
15707 1 NA
15708 1 NA
15709 1 NA
15710 1 NA
15711 1 NA
15712 1 NA
15713 1 NA
15714 1 NA
15715 1 NA
15716 1 NA
15717 1 NA
15718 1 NA
15719 1 NA
15720 1 NA
15721 1 NA
15722 1 NA
15723 1 NA
15724 1 NA
15725 1 NA
15726 1 NA
15727 1 NA
15728 1 NA
15729 1 NA
15730 1 NA
15731 1 NA
15732 1 NA
15733 1 NA
15734 1 NA
15735 1 NA
15736 1 NA
15737 1 NA
15738 1 NA
15739 1 NA
15740 1 NA
15741 1 NA
15742 1 NA
15743 1 NA
15744 1 NA
15745 1 NA
15746 1 NA
15747 1 NA
15748 1 NA
15749 1 NA
15750 1 NA
15751 1 NA
15752 1 NA
15753 1 NA
15754 1 NA
15755 1 NA
15756 1 NA
15757 1 NA
15758 1 NA
15759 1 NA
15760 1 NA
15761 1 NA
15762 2 NA
15763 2 NA
15764 2 NA
15765 2 NA
15766 2 NA
15767 2 NA
15768 2 NA
15769 2 NA
15770 2 NA
15771 2 NA
15772 2 NA
15773 2 NA
15774 2 NA
15775 2 NA
15776 2 NA
15777 2 NA
15778 2 NA
15779 2 NA
15780 2 NA
15781 2 NA
15782 1 NA
15783 1 NA
15784 1 NA
15785 1 NA
15786 1 NA
15787 1 NA
15788 1 NA
15789 1 NA
15790 1 NA
15791 1 NA
15792 1 NA
15793 1 NA
15794 1 NA
15795 1 NA
15796 1 NA
15797 1 NA
15798 1 NA
15799 1 NA
15800 1 NA
15801 1 NA
15802 1 NA
15803 1 NA
15804 1 NA
15805 1 NA
15806 1 NA
15807 1 NA
15808 1 NA
15809 2 NA
15810 1 NA
15811 1 NA
15812 1 NA
15813 1 NA
15814 1 NA
15815 1 NA
15816 1 NA
15817 1 NA
15818 1 NA
15819 1 NA
15820 1 NA
15821 1 NA
15822 1 NA
15823 1 NA
15824 1 NA
15825 1 NA
15826 1 NA
15827 1 NA
15828 1 NA
15829 1 NA
15830 1 NA
15831 1 NA
15832 1 NA
15833 1 NA
15834 1 NA
15835 2 NA
15836 2 NA
15837 2 NA
15838 2 NA
15839 2 NA
15840 2 NA
15841 2 NA
15842 2 NA
15843 2 NA
15844 1 NA
15845 1 NA
15846 1 NA
15847 1 NA
15848 1 NA
15849 1 NA
15850 1 NA
15851 1 NA
15852 1 NA
15853 1 NA
15854 1 NA
15855 1 NA
15856 1 NA
15857 1 NA
15858 1 NA
15859 1 NA
15860 1 NA
15861 1 NA
15862 1 NA
15863 1 NA
15864 1 NA
15865 1 NA
15866 1 NA
15867 1 NA
15868 1 NA
15869 1 NA
15870 1 NA
15871 1 NA
15872 1 NA
15873 1 NA
15874 1 NA
15875 1 NA
15876 1 NA
15877 1 NA
15878 1 NA
15879 1 NA
15880 1 NA
15881 1 NA
15882 1 NA
15883 1 NA
15884 1 NA
15885 1 NA
15886 1 NA
15887 2 NA
15888 2 NA
15889 1 NA
15890 1 NA
15891 1 NA
15892 1 NA
15893 1 NA
15894 1 NA
15895 1 NA
15896 1 NA
15897 1 NA
15898 1 NA
15899 1 NA
15900 1 NA
15901 1 NA
15902 1 NA
15903 1 NA
15904 1 NA
15905 1 NA
15906 1 NA
15907 1 NA
15908 1 NA
15909 1 NA
15910 1 NA
15911 1 NA
15912 1 NA
15913 1 NA
15914 1 NA
15915 1 NA
15916 2 NA
15917 2 NA
15918 2 NA
15919 2 NA
15920 2 NA
15921 2 NA
15922 2 NA
15923 2 NA
15924 2 NA
15925 2 NA
15926 2 NA
15927 2 NA
15928 2 NA
15929 2 NA
15930 1 NA
15931 1 NA
15932 1 NA
15933 1 NA
15934 1 NA
15935 1 NA
15936 1 NA
15937 1 NA
15938 1 NA
15939 1 NA
15940 1 NA
15941 1 NA
15942 1 NA
15943 1 NA
15944 1 NA
15945 1 NA
15946 1 NA
15947 1 NA
15948 1 NA
15949 1 NA
15950 1 NA
15951 1 NA
15952 1 NA
15953 1 NA
15954 1 NA
15955 1 NA
15956 1 NA
15957 1 NA
15958 1 NA
15959 1 NA
15960 1 NA
15961 1 NA
15962 1 NA
15963 1 NA
15964 1 NA
15965 1 NA
15966 1 NA
15967 1 NA
15968 1 NA
15969 1 NA
15970 1 NA
15971 1 NA
15972 1 NA
15973 2 NA
15974 2 NA
15975 2 NA
15976 2 NA
15977 2 NA
15978 2 NA
15979 2 NA
15980 1 NA
15981 1 NA
15982 1 NA
15983 1 NA
15984 1 NA
15985 1 NA
15986 1 NA
15987 2 NA
15988 2 NA
15989 3 NA
15990 3 NA
15991 3 NA
15992 4 NA
15993 4 NA
15994 4 NA
15995 3 NA
15996 3 NA
15997 3 NA
15998 2 NA
15999 2 NA
16000 2 NA
16001 2 NA
16002 2 NA
16003 2 NA
16004 2 NA
16005 2 NA
16006 2 NA
16007 2 NA
16008 2 NA
16009 2 NA
16010 2 NA
16011 2 NA
16012 2 NA
16013 2 NA
16014 2 NA
16015 2 NA
16016 2 NA
16017 2 NA
16018 2 NA
16019 2 NA
16020 2 NA
16021 2 NA
16022 2 NA
16023 2 NA
16024 2 NA
16025 2 NA
16026 2 NA
16027 2 NA
16028 2 NA
16029 2 NA
16030 2 NA
16031 1 NA
16032 1 NA
16033 1 NA
16034 1 NA
16035 1 NA
16036 1 NA
16037 1 NA
16038 1 NA
16039 1 NA
16040 1 NA
16041 1 NA
16042 1 NA
16043 1 NA
16044 1 NA
16045 1 NA
16046 1 NA
16047 1 NA
16048 1 NA
16049 1 NA
16050 1 NA
16051 1 NA
16052 1 NA
16053 1 NA
16054 1 NA
16055 1 NA
16056 1 NA
16057 1 NA
16058 1 NA
16059 1 NA
16060 1 NA
16061 1 NA
16062 1 NA
16063 1 NA
16064 1 NA
16065 1 NA
16066 1 NA
16067 1 NA
16068 1 NA
16069 1 NA
16070 1 NA
16071 1 NA
16072 1 NA
16073 1 NA
16074 1 NA
16075 1 NA
16076 1 NA
16077 1 NA
16078 1 NA
16079 1 NA
16080 1 NA
16081 1 NA
16082 1 NA
16083 1 NA
16084 1 NA
16085 1 NA
16086 1 NA
16087 1 NA
16088 1 NA
16089 1 NA
16090 1 NA
16091 1 NA
16092 1 NA
16093 1 NA
16094 1 NA
16095 1 NA
16096 1 NA
16097 1 NA
16098 1 NA
16099 1 NA
16100 1 NA
16101 1 NA
16102 1 NA
16103 1 NA
16104 1 NA
16105 1 NA
16106 1 NA
16107 1 NA
16108 1 NA
16109 1 NA
16110 1 NA
16111 1 NA
16112 1 NA
16113 1 NA
16114 1 NA
16115 1 NA
16116 1 NA
16117 1 NA
16118 1 NA
16119 1 NA
16120 1 NA
16121 1 NA
16122 1 NA
16123 1 NA
16124 1 NA
16125 1 NA
16126 1 NA
16127 1 NA
16128 1 NA
16129 1 NA
16130 1 NA
16131 1 NA
16132 1 NA
16133 1 NA
16134 1 NA
16135 1 NA
16136 1 NA
16137 1 NA
16138 1 NA
16139 1 NA
16140 1 NA
16141 1 NA
16142 1 NA
16143 1 NA
16144 1 NA
16145 1 NA
16146 1 NA
16147 1 NA
16148 1 NA
16149 1 NA
16150 1 NA
16151 1 NA
16152 1 NA
16153 1 NA
16154 1 NA
16155 2 NA
16156 2 NA
16157 2 NA
16158 2 NA
16159 2 NA
16160 1 NA
16161 1 NA
16162 1 NA
16163 1 NA
16164 1 NA
16165 1 NA
16166 1 NA
16167 1 NA
16168 1 NA
16169 1 NA
16170 1 NA
16171 1 NA
16172 1 NA
16173 1 NA
16174 1 NA
16175 1 NA
16176 2 NA
16177 2 NA
16178 1 NA
16179 1 NA
16180 1 NA
16181 1 NA
16182 1 NA
16183 1 NA
16184 1 NA
16185 1 NA
16186 1 NA
16187 1 NA
16188 1 NA
16189 1 NA
16190 1 NA
16191 1 NA
16192 1 NA
16193 1 NA
16194 1 NA
16195 1 NA
16196 1 NA
16197 1 NA
16198 1 NA
16199 1 NA
16200 1 NA
16201 1 NA
16202 1 NA
16203 1 NA
16204 1 NA
16205 1 NA
16206 1 NA
16207 1 NA
16208 1 NA
16209 1 NA
16210 1 NA
16211 1 NA
16212 1 NA
16213 1 NA
16214 1 NA
16215 1 NA
16216 1 NA
16217 1 NA
16218 1 NA
16219 1 NA
16220 1 NA
16221 1 NA
16222 1 NA
16223 1 NA
16224 1 NA
16225 1 NA
16226 1 NA
16227 1 NA
16228 1 NA
16229 1 NA
16230 1 NA
16231 1 NA
16232 1 NA
16233 1 NA
16234 1 NA
16235 1 NA
16236 1 NA
16237 1 NA
16238 1 NA
16239 1 NA
16240 1 NA
16241 1 NA
16242 1 NA
16243 1 NA
16244 1 NA
16245 1 NA
16246 1 NA
16247 1 NA
16248 1 NA
16249 1 NA
16250 1 NA
16251 1 NA
16252 1 NA
16253 1 NA
16254 1 NA
16255 1 NA
16256 1 NA
16257 1 NA
16258 1 NA
16259 1 NA
16260 1 NA
16261 1 NA
16262 1 NA
16263 1 NA
16264 1 NA
16265 1 NA
16266 1 NA
16267 1 NA
16268 1 NA
16269 1 NA
16270 1 NA
16271 1 NA
16272 1 NA
16273 1 NA
16274 1 NA
16275 1 NA
16276 1 NA
16277 1 NA
16278 1 NA
16279 1 NA
16280 1 NA
16281 1 NA
16282 1 NA
16283 1 NA
16284 1 NA
16285 1 NA
16286 1 NA
16287 1 NA
16288 1 NA
16289 1 NA
16290 1 NA
16291 1 NA
16292 1 NA
16293 1 NA
16294 1 NA
16295 1 NA
16296 1 NA
16297 1 NA
16298 1 NA
16299 1 NA
16300 1 NA
16301 1 NA
16302 1 NA
16303 1 NA
16304 1 NA
16305 1 NA
16306 1 NA
16307 1 NA
16308 1 NA
16309 1 NA
16310 1 NA
16311 1 NA
16312 1 NA
16313 1 NA
16314 1 NA
16315 1 NA
16316 1 NA
16317 1 NA
16318 1 NA
16319 1 NA
16320 1 NA
16321 1 NA
16322 1 NA
16323 1 NA
16324 1 NA
16325 1 NA
16326 1 NA
16327 1 NA
16328 1 NA
16329 1 NA
16330 1 NA
16331 1 NA
16332 1 NA
16333 1 NA
16334 1 NA
16335 1 NA
16336 1 NA
16337 1 NA
16338 1 NA
16339 1 NA
16340 1 NA
16341 1 NA
16342 1 NA
16343 1 NA
16344 1 NA
16345 1 NA
16346 1 NA
16347 1 NA
16348 1 NA
16349 1 NA
16350 1 NA
16351 1 NA
16352 1 NA
16353 1 NA
16354 1 NA
16355 1 NA
16356 1 NA
16357 1 NA
16358 1 NA
16359 1 NA
16360 1 NA
16361 1 NA
16362 1 NA
16363 1 NA
16364 1 NA
16365 1 NA
16366 1 NA
16367 1 NA
16368 1 NA
16369 1 NA
16370 1 NA
16371 1 NA
16372 1 NA
16373 1 NA
16374 1 NA
16375 1 NA
16376 1 NA
16377 1 NA
16378 1 NA
16379 1 NA
16380 1 NA
16381 1 NA
16382 1 NA
16383 1 NA
16384 1 NA
16385 1 NA
16386 1 NA
16387 1 NA
16388 1 NA
16389 1 NA
16390 1 NA
16391 1 NA
16392 1 NA
16393 1 NA
16394 1 NA
16395 1 NA
16396 1 NA
16397 1 NA
16398 1 NA
16399 1 NA
16400 1 NA
16401 1 NA
16402 1 NA
16403 1 NA
16404 1 NA
16405 1 NA
16406 1 NA
16407 1 NA
16408 1 NA
16409 1 NA
16410 1 NA
16411 1 NA
16412 1 NA
16413 1 NA
16414 1 NA
16415 1 NA
16416 1 NA
16417 1 NA
16418 1 NA
16419 1 NA
16420 1 NA
16421 1 NA
16422 1 NA
16423 1 NA
16424 1 NA
16425 1 NA
16426 1 NA
16427 1 NA
16428 1 NA
16429 1 NA
16430 1 NA
16431 1 NA
16432 1 NA
16433 1 NA
16434 1 NA
16435 1 NA
16436 1 NA
16437 1 NA
16438 1 NA
16439 1 NA
16440 1 NA
16441 1 NA
16442 1 NA
16443 1 NA
16444 1 NA
16445 1 NA
16446 1 NA
16447 1 NA
16448 1 NA
16449 1 NA
16450 1 NA
16451 1 NA
16452 1 NA
16453 1 NA
16454 1 NA
16455 1 NA
16456 1 NA
16457 1 NA
16458 1 NA
16459 1 NA
16460 1 NA
16461 1 NA
16462 1 NA
16463 1 NA
16464 1 NA
16465 1 NA
16466 1 NA
16467 1 NA
16468 1 NA
16469 1 NA
16470 1 NA
16471 1 NA
16472 1 NA
16473 1 NA
16474 1 NA
16475 1 NA
16476 1 NA
16477 1 NA
16478 1 NA
16479 1 NA
16480 1 NA
16481 1 NA
16482 1 NA
16483 1 NA
16484 1 NA
16485 1 NA
16486 1 NA
16487 1 NA
16488 1 NA
16489 1 NA
16490 1 NA
16491 1 NA
16492 1 NA
16493 1 NA
16494 1 NA
16495 1 NA
16496 1 NA
16497 1 NA
16498 1 NA
16499 1 NA
16500 1 NA
16501 1 NA
16502 1 NA
16503 1 NA
16504 1 NA
16505 1 NA
16506 1 NA
16507 1 NA
16508 1 NA
16509 1 NA
16510 1 NA
16511 1 NA
16512 1 NA
16513 1 NA
16514 1 NA
16515 1 NA
16516 1 NA
16517 1 NA
16518 1 NA
16519 1 NA
16520 1 NA
16521 1 NA
16522 1 NA
16523 1 NA
16524 1 NA
16525 1 NA
16526 1 NA
16527 1 NA
16528 1 NA
16529 1 NA
16530 1 NA
16531 1 NA
16532 1 NA
16533 1 NA
16534 1 NA
16535 1 NA
16536 1 NA
16537 1 NA
16538 1 NA
16539 1 NA
16540 1 NA
16541 1 NA
16542 1 NA
16543 1 NA
16544 1 NA
16545 1 NA
16546 1 NA
16547 1 NA
16548 1 NA
16549 1 NA
16550 1 NA
16551 1 NA
16552 1 NA
16553 1 NA
16554 1 NA
16555 1 NA
16556 1 NA
16557 1 NA
16558 1 NA
16559 1 NA
16560 1 NA
16561 1 NA
16562 1 NA
16563 1 NA
16564 1 NA
16565 1 NA
16566 1 NA
16567 1 NA
16568 1 NA
16569 1 NA
16570 1 NA
16571 1 NA
16572 1 NA
16573 1 NA
16574 1 NA
16575 1 NA
16576 1 NA
16577 1 NA
16578 1 NA
16579 1 NA
16580 1 NA
16581 1 NA
16582 1 NA
16583 1 NA
16584 1 NA
16585 1 NA
16586 1 NA
16587 1 NA
16588 2 NA
16589 2 NA
16590 2 NA
16591 2 NA
16592 1 NA
16593 1 NA
16594 1 NA
16595 1 NA
16596 1 NA
16597 1 NA
16598 1 NA
16599 1 NA
16600 1 NA
16601 1 NA
16602 1 NA
16603 1 NA
16604 1 NA
16605 1 NA
16606 1 NA
16607 1 NA
16608 1 NA
16609 2 NA
16610 2 NA
16611 2 NA
16612 2 NA
16613 2 NA
16614 2 NA
16615 2 NA
16616 2 NA
16617 2 NA
16618 2 NA
16619 2 NA
16620 1 NA
16621 1 NA
16622 1 NA
16623 1 NA
16624 1 NA
16625 1 NA
16626 1 NA
16627 1 NA
16628 1 NA
16629 1 NA
16630 1 NA
16631 1 NA
16632 1 NA
16633 1 NA
16634 1 NA
16635 1 NA
16636 1 NA
16637 1 NA
16638 1 NA
16639 1 NA
16640 1 NA
16641 2 NA
16642 2 NA
16643 2 NA
16644 2 NA
16645 2 NA
16646 2 NA
16647 2 NA
16648 2 NA
16649 2 NA
16650 1 NA
16651 1 NA
16652 1 NA
16653 1 NA
16654 1 NA
16655 1 NA
16656 1 NA
16657 1 NA
16658 1 NA
16659 1 NA
16660 1 NA
16661 1 NA
16662 1 NA
16663 1 NA
16665 1 NA
16666 1 NA
16668 2 NA
16669 2 NA
16670 2 NA
16671 2 NA
16672 2 NA
16673 2 NA
16674 2 NA
16675 2 NA
16676 2 NA
16677 2 NA
16678 2 NA
16679 2 NA
16680 2 NA
16681 2 NA
16682 2 NA
16683 2 NA
16684 2 NA
16686 2 NA
16687 2 NA
16688 2 NA
16689 2 NA
16690 2 NA
16691 2 NA
16692 2 NA
16693 2 NA
16694 2 NA
16695 2 NA
16696 2 NA
16697 2 NA
16698 2 NA
16699 2 NA
16700 2 NA
16701 1 NA
16702 1 NA
16703 1 NA
16704 1 NA
16705 1 NA
16706 1 NA
16707 2 NA
16708 2 NA
16709 2 NA
16710 2 NA
16711 1 NA
16712 1 NA
16715 2 NA
16717 2 NA
16719 2 NA
16720 2 NA
16721 2 NA
16722 2 NA
16723 2 NA
16724 2 NA
16725 2 NA
16726 2 NA
16728 2 NA
16731 2 NA
16732 1 NA
16733 1 NA
16734 1 NA
16735 1 NA
16736 1 NA
16737 1 NA
16738 2 NA
16739 2 NA
16740 2 NA
16741 2 NA
16742 2 NA
16743 2 NA
16744 2 NA
16745 2 NA
16746 2 NA
16747 2 NA
16748 2 NA
16749 2 NA
16750 2 NA
16751 2 NA
16752 2 NA
16753 2 NA
16754 2 NA
16755 2 NA
16756 2 NA
16757 2 NA
16759 2 NA
16760 2 NA
16761 2 NA
16762 2 NA
16763 2 NA
16764 2 NA
16765 2 NA
16766 2 NA
16767 2 NA
16768 2 NA
16769 2 NA
16770 2 NA
16771 2 NA
16772 2 NA
16773 2 NA
16774 2 NA
16775 2 NA
16777 2 NA
16778 2 NA
16779 2 NA
16780 2 NA
16781 2 NA
16782 2 NA
16783 2 NA
16784 2 NA
16785 2 NA
16786 2 NA
16787 2 NA
16788 2 NA
16789 2 NA
16790 2 NA
16791 1 NA
16792 1 NA
16793 2 NA
16794 2 NA
16795 2 NA
16796 2 NA
16797 2 NA
16798 2 NA
16799 2 NA
16800 2 NA
16801 2 NA
16802 2 NA
16803 2 NA
16804 2 NA
16807 2 NA
16808 2 NA
16809 2 NA
16810 2 NA
16811 2 NA
16812 2 NA
16813 2 NA
16814 2 NA
16815 2 NA
16816 1 NA
16817 1 NA
16818 2 NA
16820 2 NA
16821 2 NA
16823 2 NA
16824 1 NA
16825 1 NA
16826 1 NA
16827 1 NA
16828 1 NA
16829 1 NA
16830 1 NA
16831 1 NA
16832 1 NA
16833 1 NA
16834 1 NA
16835 1 NA
16836 1 NA
16837 1 NA
16838 1 NA
16839 1 NA
16840 1 NA
16841 1 NA
16842 1 NA
16843 1 NA
16844 1 NA
16845 1 NA
16847 1 NA
16849 1 NA
16850 1 NA
16851 1 NA
16852 1 NA
16853 1 NA
16854 1 NA
16855 1 NA
16856 1 NA
16857 1 NA
16858 1 NA
16859 1 NA
16860 1 NA
16861 1 NA
16862 1 NA
16863 1 NA
16864 1 NA
16865 1 NA
16866 1 NA
16867 1 NA
16869 1 NA
16870 1 NA
16871 1 NA
16872 1 NA
16873 1 NA
16874 1 NA
16875 1 NA
16876 1 NA
16878 1 NA
16879 1 NA
16880 1 NA
16881 1 NA
16884 1 NA
16885 1 NA
16886 1 NA
16887 1 NA
16888 1 NA
16889 1 NA
16890 1 NA
16892 1 NA
16893 1 NA
16894 1 NA
16895 1 NA
16896 1 NA
16897 1 NA
16898 1 NA
16899 1 NA
16900 1 NA
16901 1 NA
16902 1 NA
16903 1 NA
16904 1 NA
16905 1 NA
16906 1 NA
16907 2 NA
16908 2 NA
16909 2 NA
16910 2 NA
16911 2 NA
16912 2 NA
16913 2 NA
16914 2 NA
16915 2 NA
16916 2 NA
16917 2 NA
16918 2 NA
16919 2 NA
16920 2 NA
16921 2 NA
16922 1 NA
16923 1 NA
16924 1 NA
16925 1 NA
16926 2 NA
16927 2 NA
16928 2 NA
16929 2 NA
16930 2 NA
16931 2 NA
16932 2 NA
16933 1 NA
16934 1 NA
16935 1 NA
16937 1 NA
16938 1 NA
16939 1 NA
16940 1 NA
16941 2 NA
16942 2 NA
16943 2 NA
16944 2 NA
16945 2 NA
16946 2 NA
16949 2 NA
16950 2 NA
16951 2 NA
16952 2 NA
16953 2 NA
16954 2 NA
16955 2 NA
16956 2 NA
16957 2 NA
16958 2 NA
16959 2 NA
16960 2 NA
16967 2 NA
16968 2 NA
16969 2 NA
16970 2 NA
16971 2 NA
16972 2 NA
16974 2 NA
16975 2 NA
16976 2 NA
16977 2 NA
16978 2 NA
16979 2 NA
16980 2 NA
16981 2 NA
16982 2 NA
16984 2 NA
16985 2 NA
16986 2 NA
16987 2 NA
16988 2 NA
16989 2 NA
16990 2 NA
16991 2 NA
16992 2 NA
16993 2 NA
16994 2 NA
16999 2 NA
17001 2 NA
17006 2 NA
17007 2 NA
17014 1 NA
17015 1 NA
17016 2 NA
17017 2 NA
17018 2 NA
17019 2 NA
17020 2 NA
17021 2 NA
17022 2 NA
17023 2 NA
17024 2 NA
17025 2 NA
17026 2 NA
17027 2 NA
17028 2 NA
17029 2 NA
17031 1 NA
17032 1 NA
17033 1 NA
17034 1 NA
17035 1 NA
17036 2 NA
17037 2 NA
17038 2 NA
17039 2 NA
17040 2 NA
17042 2 NA
17044 2 NA
17045 2 NA
17046 2 NA
17047 2 NA
17048 2 NA
17049 2 NA
17050 2 NA
17051 2 NA
17052 2 NA
17053 2 NA
17054 2 NA
17055 2 NA
17056 2 NA
17057 2 NA
17058 2 NA
17059 2 NA
17060 2 NA
17061 2 NA
17062 2 NA
17063 2 NA
17064 2 NA
17069 2 NA
17070 2 NA
17071 2 NA
17072 2 NA
17073 2 NA
17075 2 NA
17076 2 NA
17077 2 NA
17078 2 NA
17079 2 NA
17080 2 NA
17081 2 NA
17083 2 NA
17084 2 NA
17085 2 NA
17086 2 NA
17087 2 NA
17088 2 NA
17089 2 NA
17091 2 NA
17092 2 NA
17093 2 NA
17094 2 NA
17095 2 NA
17096 2 NA
17097 2 NA
17098 2 NA
17099 2 NA
17100 2 NA
17101 2 NA
17102 2 NA
17103 2 NA
17104 2 NA
17105 1 NA
17106 1 NA
17107 1 NA
17108 1 NA
17109 1 NA
17110 1 NA
17111 1 NA
17112 1 NA
17113 1 NA
17114 1 NA
17115 1 NA
17117 1 NA
17118 2 NA
17123 2 NA
17124 2 NA
17125 2 NA
17126 2 NA
17127 2 NA
17129 2 NA
17130 2 NA
17131 2 NA
17132 1 NA
17133 1 NA
17134 1 NA
17135 2 NA
17136 2 NA
17138 2 NA
17139 2 NA
17140 1 NA
17141 1 NA
17142 1 NA
17143 1 NA
17144 2 NA
17145 2 NA
17146 2 NA
17147 2 NA
17148 2 NA
17149 2 NA
