"Index" "Price" "Volume"
14019 9 NA
14020 9 NA
14021 9 NA
14022 9 NA
14023 9 NA
14024 9 NA
14025 9 NA
14026 9 NA
14027 9 NA
14028 9 NA
14029 9 NA
14030 9 NA
14031 9 NA
14032 9 NA
14033 9 NA
14034 9 NA
14035 9 NA
14036 9 NA
14037 9 NA
14038 9 NA
14039 9 NA
14040 9 NA
14041 9 NA
14042 9 NA
14043 9 NA
14044 9 NA
14045 9 NA
14046 9 NA
14047 9 NA
14048 8 NA
14049 8 NA
14050 8 NA
14051 8 NA
14052 8 NA
14053 8 NA
14054 8 NA
14055 8 NA
14056 8 NA
14057 8 NA
14058 8 NA
14059 8 NA
14060 8 NA
14061 8 NA
14062 8 NA
14063 8 NA
14064 9 NA
14065 9 NA
14066 9 NA
14067 9 NA
14068 9 NA
14069 9 NA
14070 9 NA
14071 9 NA
14072 9 NA
14073 9 NA
14074 9 NA
14075 9 NA
14076 9 NA
14077 9 NA
14078 9 NA
14079 9 NA
14080 10 NA
14081 10 NA
14082 10 NA
14083 10 NA
14084 10 NA
14085 11 NA
14086 11 NA
14087 11 NA
14088 12 NA
14089 12 NA
14090 12 NA
14091 12 NA
14092 12 NA
14093 12 NA
14094 12 NA
14095 11 NA
14096 11 NA
14097 11 NA
14098 11 NA
14099 11 NA
14100 11 NA
14101 11 NA
14102 11 NA
14103 11 NA
14104 11 NA
14105 12 NA
14106 12 NA
14107 12 NA
14108 12 NA
14109 12 NA
14110 12 NA
14111 12 NA
14112 12 NA
14113 12 NA
14114 12 NA
14115 12 NA
14116 12 NA
14117 12 NA
14118 13 NA
14119 13 NA
14120 13 NA
14121 12 NA
14122 12 NA
14123 12 NA
14124 12 NA
14125 12 NA
14126 12 NA
14127 12 NA
14128 12 NA
14129 12 NA
14130 12 NA
14131 12 NA
14132 12 NA
14133 12 NA
14134 12 NA
14135 11 NA
14136 10 NA
14137 10 NA
14138 10 NA
14139 10 NA
14140 11 NA
14141 11 NA
14142 11 NA
14143 11 NA
14144 11 NA
14145 11 NA
14146 12 NA
14147 12 NA
14148 12 NA
14149 12 NA
14150 12 NA
14151 12 NA
14152 12 NA
14153 12 NA
14154 12 NA
14155 12 NA
14156 12 NA
14157 12 NA
14158 13 NA
14159 14 NA
14160 14 NA
14161 14 NA
14162 14 NA
14163 15 NA
14164 15 NA
14165 15 NA
14166 15 NA
14167 15 NA
14168 15 NA
14169 15 NA
14170 15 NA
14171 14 NA
14172 14 NA
14173 14 NA
14174 14 NA
14175 13 NA
14176 13 NA
14177 13 NA
14178 13 NA
14179 13 NA
14180 14 NA
14181 14 NA
14182 14 NA
14183 14 NA
14184 14 NA
14185 14 NA
14186 14 NA
14187 13 NA
14188 13 NA
14189 13 NA
14190 13 NA
14191 13 NA
14192 13 NA
14193 13 NA
14194 12 NA
14195 12 NA
14196 11 NA
14197 10 NA
14198 9 NA
14199 10 NA
14200 10 NA
14201 11 NA
14202 11 NA
14203 11 NA
14204 10 NA
14205 10 NA
14206 10 NA
14207 10 NA
14208 11 NA
14209 11 NA
14210 12 NA
14211 11 NA
14212 11 NA
14213 11 NA
14214 11 NA
14215 11 NA
14216 11 NA
14217 11 NA
14218 12 NA
14219 11 NA
14220 11 NA
14221 10 NA
14222 10 NA
14223 10 NA
14224 10 NA
14225 10 NA
14226 10 NA
14227 9 NA
14228 9 NA
14229 9 NA
14230 9 NA
14231 9 NA
14232 9 NA
14233 9 NA
14234 9 NA
14235 9 NA
14236 9 NA
14237 9 NA
14238 9 NA
14239 10 NA
14240 10 NA
14241 10 NA
14242 10 NA
14243 11 NA
14244 12 NA
14245 12 NA
14246 12 NA
14247 12 NA
14248 12 NA
14249 12 NA
14250 11 NA
14251 11 NA
14252 11 NA
14253 11 NA
14254 9 NA
14255 9 NA
14256 9 NA
14257 8 NA
14258 8 NA
14259 9 NA
14260 9 NA
14261 9 NA
14262 8 NA
14263 8 NA
14264 8 NA
14265 8 NA
14266 8 NA
14267 8 NA
14268 8 NA
14269 8 NA
14270 8 NA
14271 8 NA
14272 9 NA
14273 9 NA
14274 8 NA
14275 8 NA
14276 8 NA
14277 8 NA
14278 8 NA
14279 9 NA
14280 9 NA
14281 9 NA
14282 9 NA
14283 9 NA
14284 10 NA
14285 12 NA
14286 12 NA
14287 12 NA
14288 12 NA
14289 13 NA
14290 13 NA
14291 13 NA
14292 13 NA
14293 13 NA
14294 13 NA
14295 13 NA
14296 13 NA
14297 13 NA
14298 13 NA
14299 13 NA
14300 13 NA
14301 13 NA
14302 13 NA
14303 13 NA
14304 13 NA
14305 13 NA
14306 13 NA
14307 13 NA
14308 13 NA
14309 13 NA
14310 12 NA
14311 10 NA
14312 10 NA
14313 10 NA
14314 10 NA
14315 10 NA
14316 9 NA
14317 9 NA
14318 9 NA
14319 10 NA
14320 10 NA
14321 10 NA
14322 10 NA
14323 10 NA
14324 10 NA
14325 10 NA
14326 10 NA
14327 10 NA
14328 11 NA
14329 11 NA
14330 12 NA
14331 12 NA
14332 12 NA
14333 12 NA
14334 12 NA
14335 12 NA
14336 11 NA
14337 11 NA
14338 11 NA
14339 12 NA
14340 12 NA
14341 12 NA
14342 12 NA
14343 12 NA
14344 12 NA
14345 12 NA
14346 12 NA
14347 12 NA
14348 12 NA
14349 10 NA
14350 10 NA
14351 10 NA
14352 11 NA
14353 11 NA
14354 11 NA
14355 12 NA
14356 12 NA
14357 12 NA
14358 13 NA
14359 14 NA
14360 15 NA
14361 15 NA
14362 17 NA
14363 18 NA
14364 19 NA
14365 19 NA
14366 20 NA
14367 21 NA
14368 21 NA
14369 23 NA
14370 25 NA
14371 27 NA
14372 30 NA
14373 30 NA
14374 32 NA
14375 34 NA
14376 35 NA
14377 35 NA
14378 36 NA
14379 35 NA
14380 35 NA
14381 33 NA
14382 31 NA
14383 29 NA
14384 27 NA
14385 25 NA
14386 23 NA
14387 21 NA
14388 19 NA
14389 17 NA
14390 15 NA
14391 15 NA
14392 14 NA
14393 14 NA
14394 14 NA
14395 12 NA
14396 11 NA
14397 9 NA
14398 9 NA
14399 10 NA
14400 11 NA
14401 11 NA
14402 11 NA
14403 12 NA
14404 12 NA
14405 12 NA
14406 12 NA
14407 11 NA
14408 11 NA
14409 11 NA
14410 11 NA
14411 10 NA
14412 9 NA
14413 9 NA
14414 9 NA
14415 9 NA
14416 9 NA
14417 9 NA
14418 10 NA
14419 12 NA
14420 13 NA
14421 13 NA
14422 14 NA
14423 15 NA
14424 15 NA
14425 14 NA
14426 15 NA
14428 16 NA
14429 16 NA
14430 16 NA
14431 16 NA
14432 15 NA
14433 14 NA
14434 14 NA
14435 14 NA
14436 13 NA
14437 13 NA
14438 13 NA
14439 13 NA
14440 13 NA
14441 13 NA
14442 13 NA
14443 13 NA
14444 13 NA
14445 13 NA
14446 13 NA
14447 13 NA
14448 13 NA
14449 13 NA
14450 14 NA
14451 15 NA
14452 15 NA
14453 15 NA
14454 15 NA
14455 15 NA
14456 15 NA
14457 14 NA
14458 15 NA
14459 16 NA
14460 17 NA
14461 18 NA
14462 18 NA
14463 19 NA
14464 20 NA
14465 20 NA
14466 21 NA
14467 23 NA
14468 24 NA
14469 24 NA
14470 22 NA
14471 20 NA
14472 18 NA
14473 18 NA
14474 16 NA
14475 16 NA
14476 16 NA
14477 15 NA
14478 15 NA
14479 15 NA
14480 15 NA
14481 15 NA
14482 15 NA
14483 14 NA
14484 14 NA
14485 14 NA
14486 14 NA
14487 13 NA
14488 12 NA
14489 13 NA
14490 12 NA
14491 12 NA
14492 12 NA
14493 12 NA
14494 12 NA
14495 12 NA
14496 13 NA
14497 13 NA
14498 12 NA
14499 12 NA
14500 11 NA
14501 10 NA
14502 9 NA
14503 9 NA
14504 10 NA
14505 10 NA
14506 11 NA
14507 11 NA
14508 11 NA
14509 11 NA
14510 11 NA
14511 12 NA
14512 12 NA
14513 12 NA
14514 12 NA
14515 11 NA
14516 11 NA
14517 11 NA
14518 11 NA
14519 12 NA
14520 12 NA
14521 13 NA
14522 12 NA
14523 12 NA
14524 12 NA
14525 13 NA
14526 13 NA
14527 14 NA
14528 15 NA
14529 15 NA
14530 14 NA
14531 14 NA
14532 13 NA
14533 13 NA
14534 13 NA
14535 14 NA
14536 14 NA
14537 14 NA
14538 15 NA
14539 15 NA
14540 16 NA
14541 16 NA
14542 16 NA
14543 16 NA
14544 16 NA
14545 17 NA
14546 17 NA
14547 17 NA
14548 16 NA
14549 17 NA
14550 17 NA
14551 18 NA
14552 19 NA
14553 20 NA
14554 20 NA
14555 19 NA
14556 19 NA
14557 17 NA
14558 16 NA
14559 16 NA
14560 16 NA
14561 17 NA
14562 16 NA
14563 16 NA
14564 17 NA
14565 18 NA
14566 18 NA
14567 18 NA
14568 17 NA
14569 18 NA
14570 19 NA
14571 19 NA
14572 20 NA
14573 21 NA
14574 23 NA
14575 25 NA
14576 27 NA
14577 28 NA
14578 32 NA
14579 32 NA
14580 34 NA
14581 36 NA
14582 39 NA
14583 39 NA
14584 40 NA
14585 42 NA
14586 42 NA
14587 43 NA
14588 44 NA
14589 44 NA
14590 41 NA
14591 38 NA
14592 36 NA
14593 35 NA
14594 33 NA
14595 29 NA
14596 29 NA
14597 27 NA
14598 25 NA
14599 22 NA
14600 22 NA
14601 22 NA
14602 21 NA
14603 21 NA
14604 19 NA
14605 19 NA
14606 19 NA
14607 21 NA
14608 21 NA
14609 23 NA
14610 25 NA
14611 24 NA
14612 26 NA
14613 25 NA
14614 26 NA
14615 26 NA
14616 28 NA
14617 30 NA
14618 30 NA
14619 29 NA
14620 29 NA
14621 31 NA
14622 31 NA
14623 30 NA
14624 30 NA
14625 29 NA
14626 28 NA
14627 28 NA
14628 29 NA
14629 30 NA
14630 30 NA
14631 32 NA
14632 32 NA
14633 31 NA
14634 31 NA
14635 32 NA
14636 33 NA
14637 34 NA
14638 34 NA
14639 34 NA
14640 32 NA
14641 30 NA
14642 30 NA
14643 26 NA
14644 26 NA
14645 25 NA
14646 24 NA
14647 22 NA
14648 23 NA
14649 23 NA
14650 21 NA
14651 23 NA
14653 24 NA
14654 28 NA
14655 30 NA
14656 30 NA
14657 32 NA
14658 34 NA
14659 33 NA
14660 33 NA
14661 32 NA
14662 28 NA
14663 28 NA
14664 24 NA
14665 22 NA
14666 22 NA
14667 22 NA
14668 23 NA
14669 23 NA
14670 23 NA
14671 24 NA
14672 22 NA
14673 22 NA
14674 22 NA
14675 22 NA
14676 23 NA
14677 24 NA
14678 25 NA
14679 26 NA
14680 26 NA
14681 23 NA
14682 21 NA
14683 19 NA
14684 19 NA
14685 18 NA
14686 17 NA
14687 16 NA
14688 15 NA
14689 14 NA
14690 13 NA
14691 14 NA
14692 14 NA
14693 16 NA
14694 16 NA
14695 16 NA
14696 17 NA
14697 17 NA
14698 18 NA
14699 19 NA
14700 19 NA
14701 20 NA
14702 19 NA
14703 18 NA
14704 18 NA
14705 18 NA
14706 18 NA
14707 17 NA
14708 17 NA
14709 17 NA
14710 18 NA
14711 19 NA
14712 19 NA
14713 19 NA
14714 19 NA
14715 21 NA
14716 21 NA
14717 23 NA
14718 23 NA
14719 23 NA
14720 22 NA
14721 22 NA
14722 24 NA
14723 24 NA
14724 24 NA
14725 23 NA
14726 23 NA
14727 25 NA
14728 25 NA
14729 23 NA
14730 22 NA
14731 22 NA
14732 20 NA
14733 20 NA
14734 21 NA
14735 21 NA
14736 23 NA
14737 23 NA
14738 26 NA
14739 26 NA
14740 26 NA
14741 27 NA
14742 27 NA
14743 29 NA
14744 30 NA
14745 32 NA
14746 32 NA
14747 31 NA
14748 28 NA
14749 28 NA
14750 28 NA
14751 26 NA
14752 25 NA
14753 26 NA
14754 26 NA
14755 22 NA
14756 22 NA
14757 21 NA
14758 20 NA
14759 20 NA
14760 20 NA
14761 19 NA
14762 18 NA
14763 18 NA
14764 17 NA
14765 17 NA
14766 17 NA
14767 16 NA
14768 15 NA
14769 14 NA
14770 13 NA
14771 11 NA
14772 11 NA
14773 10 NA
14774 10 NA
14775 11 NA
14776 12 NA
14777 12 NA
14778 12 NA
14779 12 NA
14780 12 NA
14781 11 NA
14782 11 NA
14783 11 NA
14784 10 NA
14785 10 NA
14786 9 NA
14787 8 NA
14788 7 NA
14789 9 NA
14790 10 NA
14791 10 NA
14792 10 NA
14793 11 NA
14794 11 NA
14795 12 NA
14796 12 NA
14797 13 NA
14798 14 NA
14799 14 NA
14800 14 NA
14801 15 NA
14802 16 NA
14803 18 NA
14804 18 NA
14805 17 NA
14806 17 NA
14807 16 NA
14808 15 NA
14809 15 NA
14810 13 NA
14811 13 NA
14812 11 NA
14813 10 NA
14814 10 NA
14815 9 NA
14816 9 NA
14817 9 NA
14818 8 NA
14819 6 NA
14820 6 NA
14821 5 NA
14822 5 NA
14823 5 NA
14824 5 NA
14825 5 NA
14826 5 NA
14827 5 NA
14828 5 NA
14829 6 NA
14830 6 NA
14831 5 NA
14832 3 NA
14833 3 NA
14834 3 NA
14835 2 NA
14836 2 NA
14837 3 NA
14838 2 NA
14839 2 NA
14840 4 NA
14841 4 NA
14842 5 NA
14843 4 NA
14844 4 NA
14845 4 NA
14846 4 NA
14847 4 NA
14848 4 NA
14849 4 NA
14850 5 NA
14851 5 NA
14852 5 NA
14853 5 NA
14854 5 NA
14855 5 NA
14856 5 NA
14857 6 NA
14858 6 NA
14859 6 NA
14860 6 NA
14861 5 NA
14862 5 NA
14863 4 NA
14864 3 NA
14865 3 NA
14866 3 NA
14867 3 NA
14868 3 NA
14869 3 NA
14870 4 NA
14871 4 NA
14872 4 NA
14873 4 NA
14874 4 NA
14875 4 NA
14876 4 NA
14877 5 NA
14878 5 NA
14879 4 NA
14880 4 NA
14881 4 NA
14882 4 NA
14883 4 NA
14884 4 NA
14885 4 NA
14886 4 NA
14887 3 NA
14888 3 NA
14889 3 NA
14890 3 NA
14891 3 NA
14892 3 NA
14893 3 NA
14894 3 NA
14895 4 NA
14896 3 NA
14897 2 NA
14898 2 NA
14899 2 NA
14900 2 NA
14901 3 NA
14902 3 NA
14903 3 NA
14904 3 NA
14905 3 NA
14906 3 NA
14907 3 NA
14908 3 NA
14909 3 NA
14910 4 NA
14911 4 NA
14912 4 NA
14913 4 NA
14914 4 NA
14915 4 NA
14916 4 NA
14917 3 NA
14918 2 NA
14920 2 NA
14921 3 NA
14922 3 NA
14923 3 NA
14924 3 NA
14925 3 NA
14926 3 NA
14927 3 NA
14928 4 NA
14929 4 NA
14930 5 NA
14931 5 NA
14932 5 NA
14933 5 NA
14934 5 NA
14935 5 NA
14936 5 NA
14937 4 NA
14938 5 NA
14939 5 NA
14940 5 NA
14941 6 NA
14942 6 NA
14943 6 NA
14944 5 NA
14945 5 NA
14946 5 NA
14947 5 NA
14948 6 NA
14949 5 NA
14950 5 NA
14951 5 NA
14952 4 NA
14953 4 NA
14954 4 NA
14955 3 NA
14956 3 NA
14957 3 NA
14958 3 NA
14959 3 NA
14960 4 NA
14961 4 NA
14962 4 NA
14963 4 NA
14964 4 NA
14965 4 NA
14966 4 NA
14967 3 NA
14968 3 NA
14969 2 NA
14970 2 NA
14971 2 NA
14972 3 NA
14973 4 NA
14974 4 NA
14975 4 NA
14976 5 NA
14979 5 NA
14981 6 NA
14984 6 NA
14985 5 NA
14986 5 NA
14987 6 NA
14989 5 NA
14990 4 NA
14991 3 NA
14992 2 NA
14993 1 NA
14995 2 NA
14996 3 NA
14998 5 NA
15001 6 NA
15003 7 NA
15005 7 NA
15007 6 NA
15008 5 NA
15009 4 NA
15011 2 NA
15018 2 NA
15020 2 NA
15023 1 NA
15025 1 NA
15028 2 NA
15035 2 NA
15039 2 NA
15042 1 NA
15047 1 NA
15048 2 NA
15052 2 NA
15054 1 NA
15055 1 NA
15060 2 NA
15061 2 NA
15063 1 NA
15064 2 NA
15067 2 NA
15068 1 NA
15072 2 NA
15073 1 NA
15076 2 NA
15078 2 NA
15079 1 NA
15080 2 NA
15084 1 NA
15085 1 NA
15086 2 NA
15087 1 NA
15088 2 NA
15094 2 NA
15096 1 NA
15101 1 NA
15103 2 NA
15106 2 NA
15107 1 NA
15109 2 NA
15110 1 NA
15115 1 NA
15116 2 NA
15119 1 NA
15120 1 NA
15124 2 NA
15125 2 NA
15128 1 NA
15131 2 NA
15133 2 NA
15136 3 NA
15142 2 NA
15149 2 NA
15150 2 NA
15152 3 NA
15154 2 NA
15161 2 NA
15164 2 NA
15165 1 NA
15168 2 NA
15170 3 NA
15172 3 NA
15177 2 NA
15184 2 NA
15191 2 NA
15197 2 NA
15199 1 NA
15204 2 NA
15211 2 NA
15212 2 NA
15214 1 NA
15217 2 NA
15224 2 NA
15231 2 NA
15238 2 NA
15244 2 NA
15248 1 NA
15250 1 NA
15254 2 NA
15256 1 NA
15258 2 NA
15265 2 NA
15272 2 NA
15279 2 NA
15283 2 NA
15291 1 NA
15294 2 NA
15297 2 NA
15302 3 NA
15303 3 NA
15304 2 NA
15311 2 NA
15317 2 NA
15318 3 NA
15324 3 NA
15325 2 NA
15326 2 NA
15327 1 NA
15328 1 NA
15329 2 NA
15334 2 NA
15335 1 NA
15336 2 NA
15340 2 NA
15341 2 NA
15342 1 NA
15343 1 NA
15344 1 NA
15345 1 NA
15346 1 NA
15347 2 NA
15348 2 NA
15349 2 NA
15350 1 NA
15351 1 NA
15352 1 NA
15353 2 NA
15354 2 NA
15355 2 NA
15356 2 NA
15357 2 NA
15358 2 NA
15359 2 NA
15360 1 NA
15361 2 NA
15362 2 NA
15363 2 NA
15364 2 NA
15365 2 NA
15366 2 NA
15367 2 NA
15368 2 NA
15369 2 NA
15370 3 NA
15371 3 NA
15372 3 NA
15373 3 NA
15374 3 NA
15375 3 NA
15376 3 NA
15377 3 NA
15378 3 NA
15379 3 NA
15380 2 NA
15381 2 NA
15382 1 NA
15383 1 NA
15384 1 NA
15385 1 NA
15386 2 NA
15387 2 NA
15388 2 NA
15389 1 NA
15390 1 NA
15391 2 NA
15392 2 NA
15393 2 NA
15394 2 NA
15395 2 NA
15396 2 NA
15397 2 NA
15398 2 NA
15399 2 NA
15400 2 NA
15401 2 NA
15402 2 NA
15403 2 NA
15404 2 NA
15405 2 NA
15406 2 NA
15407 2 NA
15408 2 NA
15409 3 NA
15410 3 NA
15411 3 NA
15412 3 NA
15413 3 NA
15414 3 NA
15415 3 NA
15416 4 NA
15417 3 NA
15418 3 NA
15419 3 NA
15420 3 NA
15421 3 NA
15422 3 NA
15423 3 NA
15424 3 NA
15425 3 NA
15426 3 NA
15427 3 NA
15428 3 NA
15429 3 NA
15430 3 NA
15431 4 NA
15432 4 NA
15433 3 NA
15434 3 NA
15435 3 NA
15436 3 NA
15437 3 NA
15438 3 NA
15439 3 NA
15440 3 NA
15441 3 NA
15442 3 NA
15443 3 NA
15444 3 NA
15445 3 NA
15446 3 NA
15447 2 NA
15448 2 NA
15449 2 NA
15450 2 NA
15451 2 NA
15452 2 NA
15453 3 NA
15454 3 NA
15455 3 NA
15456 3 NA
15457 3 NA
15458 3 NA
15459 3 NA
15460 3 NA
15461 3 NA
15462 3 NA
15463 4 NA
15464 4 NA
15465 4 NA
15466 4 NA
15467 4 NA
15468 4 NA
15469 4 NA
15470 4 NA
15471 4 NA
15472 4 NA
15473 5 NA
15474 4 NA
15475 4 NA
15476 3 NA
15477 2 NA
15478 2 NA
15479 2 NA
15480 2 NA
15481 2 NA
15482 2 NA
15483 2 NA
15484 3 NA
15485 2 NA
15486 2 NA
15487 2 NA
15488 2 NA
15489 2 NA
15490 2 NA
15491 2 NA
15492 2 NA
15493 2 NA
15494 2 NA
15495 3 NA
15496 3 NA
15497 3 NA
15498 3 NA
15499 3 NA
15500 3 NA
15501 3 NA
15502 2 NA
15503 2 NA
15504 2 NA
15505 2 NA
15506 2 NA
15507 2 NA
15508 3 NA
15509 3 NA
15510 3 NA
15511 3 NA
15512 3 NA
15513 3 NA
15514 3 NA
15515 3 NA
15516 2 NA
15517 2 NA
15518 2 NA
15519 2 NA
15520 2 NA
15521 3 NA
15522 3 NA
15523 3 NA
15524 2 NA
15525 2 NA
15526 2 NA
15527 2 NA
15528 2 NA
15529 3 NA
15530 3 NA
15531 2 NA
15532 2 NA
15533 3 NA
15534 3 NA
15535 3 NA
15536 4 NA
15537 4 NA
15538 3 NA
15539 2 NA
15540 2 NA
15541 1 NA
15542 1 NA
15543 1 NA
15544 1 NA
15545 2 NA
15546 3 NA
15547 3 NA
15548 3 NA
15549 4 NA
15550 4 NA
15551 4 NA
15552 4 NA
15553 4 NA
15554 4 NA
15555 4 NA
15556 3 NA
15557 3 NA
15558 3 NA
15559 4 NA
15560 4 NA
15561 3 NA
15562 2 NA
15563 1 NA
15564 1 NA
15565 1 NA
15566 2 NA
15567 2 NA
15568 2 NA
15569 2 NA
15570 2 NA
15571 2 NA
15572 1 NA
15573 2 NA
15574 2 NA
15575 2 NA
15576 2 NA
15577 2 NA
15578 2 NA
15579 2 NA
15580 1 NA
15581 1 NA
15582 1 NA
15583 1 NA
15584 2 NA
15585 2 NA
15586 1 NA
15587 2 NA
15588 2 NA
15589 2 NA
15590 2 NA
15591 2 NA
15592 2 NA
15593 2 NA
15594 2 NA
15595 2 NA
15596 2 NA
15597 2 NA
15598 2 NA
15599 2 NA
15600 3 NA
15601 3 NA
15602 3 NA
15603 3 NA
15604 3 NA
15605 3 NA
15606 2 NA
15607 2 NA
15608 2 NA
15609 2 NA
15610 2 NA
15611 2 NA
15612 2 NA
15613 2 NA
15614 2 NA
15615 2 NA
15616 2 NA
15617 2 NA
15618 2 NA
15619 2 NA
15620 2 NA
15621 2 NA
15622 2 NA
15623 1 NA
15624 1 NA
15625 1 NA
15626 2 NA
15627 2 NA
15628 2 NA
15629 2 NA
15630 3 NA
15631 3 NA
15632 3 NA
15633 3 NA
15634 2 NA
15635 2 NA
15636 2 NA
15637 3 NA
15638 3 NA
15639 3 NA
15640 4 NA
15641 4 NA
15642 4 NA
15643 3 NA
15644 3 NA
15645 4 NA
15646 4 NA
15647 4 NA
15648 4 NA
15649 4 NA
15650 4 NA
15651 5 NA
15652 5 NA
15653 5 NA
15654 5 NA
15655 6 NA
15656 6 NA
15657 6 NA
15658 7 NA
15659 7 NA
15660 7 NA
15661 7 NA
15662 7 NA
15663 6 NA
15664 5 NA
15665 5 NA
15666 5 NA
15667 5 NA
15668 5 NA
15669 5 NA
15670 5 NA
15671 5 NA
15672 5 NA
15673 5 NA
15674 5 NA
15675 5 NA
15676 6 NA
15677 6 NA
15678 6 NA
15679 6 NA
15680 6 NA
15681 6 NA
15682 6 NA
15683 6 NA
15684 6 NA
15685 6 NA
15686 6 NA
15687 6 NA
15688 6 NA
15689 6 NA
15690 6 NA
15691 6 NA
15692 5 NA
15693 5 NA
15694 5 NA
15695 4 NA
15696 4 NA
15697 3 NA
15698 3 NA
15699 4 NA
15700 4 NA
15701 4 NA
15702 4 NA
15703 4 NA
15704 4 NA
15705 5 NA
15706 5 NA
15707 5 NA
15708 5 NA
15709 5 NA
15710 5 NA
15711 5 NA
15712 5 NA
15713 4 NA
15714 4 NA
15715 4 NA
15716 4 NA
15717 4 NA
15718 3 NA
15719 2 NA
15720 2 NA
15721 2 NA
15722 2 NA
15723 2 NA
15724 2 NA
15725 2 NA
15726 2 NA
15727 2 NA
15728 2 NA
15729 3 NA
15730 3 NA
15731 3 NA
15732 3 NA
15733 3 NA
15734 3 NA
15735 3 NA
15736 3 NA
15737 3 NA
15738 3 NA
15739 3 NA
15740 3 NA
15741 4 NA
15742 5 NA
15743 5 NA
15744 5 NA
15745 4 NA
15746 3 NA
15747 3 NA
15748 4 NA
15749 5 NA
15750 6 NA
15751 5 NA
15752 5 NA
15753 4 NA
15754 3 NA
15755 3 NA
15756 3 NA
15757 3 NA
15758 4 NA
15759 5 NA
15760 4 NA
15761 4 NA
15762 4 NA
15763 5 NA
15764 5 NA
15765 5 NA
15766 5 NA
15767 5 NA
15768 5 NA
15769 5 NA
15770 5 NA
15771 5 NA
15772 5 NA
15773 5 NA
15774 5 NA
15775 5 NA
15776 6 NA
15777 6 NA
15778 5 NA
15779 5 NA
15780 6 NA
15781 6 NA
15782 6 NA
15783 6 NA
15784 6 NA
15785 7 NA
15786 6 NA
15787 5 NA
15788 6 NA
15789 6 NA
15790 6 NA
15791 6 NA
15792 6 NA
15793 5 NA
15794 5 NA
15795 5 NA
15796 5 NA
15797 5 NA
15798 5 NA
15799 5 NA
15800 5 NA
15801 6 NA
15802 6 NA
15803 6 NA
15804 6 NA
15805 6 NA
15806 6 NA
15807 6 NA
15808 6 NA
15809 6 NA
15810 5 NA
15811 5 NA
15812 5 NA
15813 5 NA
15814 5 NA
15815 5 NA
15816 5 NA
15817 4 NA
15818 4 NA
15819 4 NA
15820 4 NA
15821 4 NA
15822 4 NA
15823 4 NA
15824 4 NA
15825 3 NA
15826 3 NA
15827 3 NA
15828 3 NA
15829 3 NA
15830 3 NA
15831 3 NA
15832 2 NA
15833 2 NA
15834 2 NA
15835 2 NA
15836 2 NA
15837 3 NA
15838 3 NA
15839 3 NA
15840 4 NA
15841 4 NA
15842 4 NA
15843 4 NA
15844 4 NA
15845 4 NA
15846 4 NA
15847 4 NA
15848 4 NA
15849 4 NA
15850 4 NA
15851 4 NA
15852 5 NA
15853 5 NA
15854 5 NA
15855 5 NA
15856 5 NA
15857 5 NA
15858 5 NA
15859 5 NA
15860 5 NA
15861 5 NA
15862 5 NA
15863 5 NA
15864 5 NA
15865 5 NA
15866 5 NA
15867 5 NA
15868 5 NA
15869 5 NA
15870 4 NA
15871 4 NA
15872 4 NA
15873 4 NA
15874 4 NA
15875 4 NA
15876 3 NA
15877 3 NA
15878 3 NA
15879 3 NA
15880 3 NA
15881 2 NA
15882 1 NA
15883 1 NA
15884 2 NA
15885 2 NA
15886 3 NA
15887 3 NA
15888 4 NA
15889 4 NA
15890 5 NA
15891 6 NA
15892 7 NA
15893 7 NA
15894 7 NA
15895 8 NA
15896 9 NA
15897 9 NA
15898 9 NA
15899 9 NA
15900 8 NA
15901 8 NA
15902 8 NA
15903 8 NA
15904 8 NA
15905 8 NA
15906 7 NA
15907 7 NA
15908 7 NA
15909 7 NA
15910 8 NA
15911 8 NA
15912 8 NA
15913 8 NA
15914 8 NA
15915 8 NA
15916 8 NA
15917 8 NA
15918 8 NA
15919 8 NA
15920 8 NA
15921 8 NA
15922 9 NA
15923 9 NA
15924 10 NA
15925 10 NA
15926 10 NA
15927 10 NA
15928 10 NA
15929 10 NA
15930 10 NA
15931 10 NA
15932 10 NA
15933 10 NA
15934 10 NA
15935 9 NA
15936 8 NA
15937 8 NA
15938 8 NA
15939 8 NA
15940 8 NA
15941 7 NA
15942 6 NA
15943 6 NA
15944 5 NA
15945 4 NA
15946 4 NA
15947 4 NA
15948 4 NA
15949 4 NA
15950 4 NA
15951 5 NA
15952 5 NA
15953 5 NA
15954 5 NA
15955 6 NA
15956 7 NA
15957 7 NA
15958 7 NA
15959 7 NA
15960 8 NA
15961 8 NA
15962 8 NA
15963 8 NA
15964 8 NA
15965 8 NA
15966 8 NA
15967 8 NA
15968 8 NA
15969 8 NA
15970 8 NA
15971 9 NA
15972 9 NA
15973 10 NA
15974 10 NA
15975 10 NA
15976 10 NA
15977 10 NA
15978 10 NA
15979 10 NA
15980 9 NA
15981 9 NA
15982 9 NA
15983 8 NA
15984 8 NA
15985 9 NA
15986 9 NA
15987 9 NA
15988 9 NA
15989 10 NA
15990 10 NA
15991 10 NA
15992 10 NA
15993 10 NA
15994 10 NA
15995 10 NA
15996 10 NA
15997 10 NA
15998 10 NA
15999 9 NA
16000 8 NA
16001 8 NA
16002 7 NA
16003 7 NA
16004 7 NA
16005 7 NA
16006 6 NA
16007 5 NA
16008 5 NA
16009 5 NA
16010 5 NA
16011 5 NA
16012 5 NA
16013 5 NA
16014 5 NA
16015 5 NA
16016 4 NA
16017 4 NA
16018 4 NA
16019 3 NA
16020 2 NA
16021 2 NA
16022 3 NA
16023 3 NA
16024 3 NA
16025 4 NA
16026 4 NA
16027 5 NA
16028 5 NA
16029 5 NA
16030 5 NA
16031 6 NA
16032 6 NA
16033 6 NA
16034 6 NA
16035 6 NA
16036 7 NA
16037 7 NA
16038 8 NA
16039 8 NA
16040 9 NA
16041 9 NA
16042 9 NA
16043 8 NA
16044 8 NA
16045 8 NA
16046 8 NA
16047 8 NA
16048 8 NA
16049 8 NA
16050 8 NA
16051 9 NA
16052 9 NA
16053 8 NA
16054 8 NA
16055 7 NA
16056 6 NA
16057 6 NA
16058 5 NA
16059 5 NA
16060 5 NA
16061 4 NA
16062 4 NA
16063 4 NA
16064 4 NA
16065 4 NA
16066 4 NA
16067 4 NA
16068 4 NA
16069 4 NA
16070 4 NA
16071 4 NA
16072 5 NA
16073 5 NA
16074 5 NA
16075 5 NA
16076 5 NA
16077 5 NA
16078 5 NA
16079 5 NA
16080 5 NA
16081 5 NA
16082 5 NA
16083 5 NA
16084 5 NA
16085 4 NA
16086 4 NA
16087 4 NA
16088 4 NA
16089 5 NA
16090 5 NA
16091 5 NA
16092 5 NA
16093 5 NA
16094 5 NA
16095 5 NA
16096 5 NA
16097 5 NA
16098 5 NA
16099 5 NA
16100 6 NA
16101 7 NA
16102 8 NA
16103 7 NA
16104 7 NA
16105 7 NA
16106 6 NA
16107 6 NA
16108 6 NA
16109 6 NA
16110 6 NA
16111 5 NA
16112 5 NA
16113 5 NA
16114 5 NA
16115 5 NA
16116 5 NA
16117 5 NA
16118 5 NA
16119 5 NA
16120 6 NA
16121 6 NA
16122 6 NA
16123 6 NA
16124 6 NA
16125 6 NA
16126 6 NA
16127 7 NA
16128 8 NA
16129 8 NA
16130 7 NA
16131 7 NA
16132 7 NA
16133 7 NA
16134 6 NA
16135 6 NA
16136 5 NA
16137 4 NA
16138 5 NA
16139 5 NA
16140 5 NA
16141 5 NA
16142 5 NA
16143 4 NA
16144 4 NA
16145 4 NA
16146 4 NA
16147 4 NA
16148 5 NA
16149 6 NA
16150 6 NA
16151 7 NA
16152 6 NA
16153 5 NA
16154 5 NA
16155 5 NA
16156 5 NA
16157 5 NA
16158 5 NA
16159 6 NA
16160 6 NA
16161 6 NA
16162 6 NA
16163 6 NA
16164 7 NA
16165 7 NA
16166 7 NA
16167 7 NA
16168 7 NA
16169 7 NA
16170 7 NA
16171 7 NA
16172 7 NA
16173 7 NA
16174 8 NA
16175 8 NA
16176 8 NA
16177 7 NA
16178 7 NA
16179 7 NA
16180 7 NA
16181 7 NA
16182 6 NA
16183 6 NA
16184 6 NA
16185 6 NA
16186 6 NA
16187 6 NA
16188 6 NA
16189 7 NA
16190 7 NA
16191 7 NA
16192 7 NA
16193 6 NA
16194 6 NA
16195 6 NA
16196 6 NA
16197 6 NA
16198 6 NA
16199 6 NA
16200 6 NA
16201 6 NA
16202 6 NA
16203 6 NA
16204 6 NA
16205 6 NA
16206 6 NA
16207 6 NA
16208 6 NA
16209 6 NA
16210 6 NA
16211 5 NA
16212 5 NA
16213 5 NA
16214 5 NA
16215 4 NA
16216 4 NA
16217 5 NA
16218 5 NA
16219 6 NA
16220 6 NA
16221 6 NA
16222 6 NA
16223 5 NA
16224 4 NA
16225 4 NA
16226 4 NA
16227 4 NA
16228 4 NA
16229 4 NA
16230 4 NA
16231 4 NA
16232 4 NA
16233 4 NA
16234 4 NA
16235 4 NA
16236 4 NA
16237 4 NA
16238 4 NA
16239 4 NA
16240 4 NA
16241 4 NA
16242 4 NA
16243 4 NA
16244 4 NA
16245 4 NA
16246 4 NA
16247 4 NA
16248 4 NA
16249 4 NA
16250 4 NA
16251 4 NA
16252 4 NA
16253 4 NA
16254 4 NA
16255 4 NA
16256 4 NA
16257 4 NA
16258 4 NA
16259 4 NA
16260 4 NA
16261 4 NA
16262 4 NA
16263 4 NA
16264 4 NA
16265 4 NA
16266 4 NA
16267 4 NA
16268 5 NA
16269 5 NA
16270 5 NA
16271 5 NA
16272 5 NA
16273 4 NA
16274 3 NA
16275 2 NA
16276 2 NA
16277 1 NA
16278 1 NA
16279 1 NA
16280 1 NA
16281 2 NA
16282 2 NA
16283 2 NA
16284 3 NA
16285 3 NA
16286 3 NA
16287 3 NA
16288 3 NA
16289 3 NA
16290 3 NA
16291 3 NA
16292 3 NA
16293 3 NA
16294 3 NA
16295 2 NA
16296 2 NA
16297 2 NA
16298 3 NA
16299 4 NA
16300 4 NA
16301 4 NA
16302 4 NA
16303 4 NA
16304 4 NA
16305 5 NA
16306 5 NA
16307 5 NA
16308 6 NA
16309 6 NA
16310 6 NA
16311 6 NA
16312 7 NA
16313 7 NA
16314 7 NA
16315 7 NA
16316 6 NA
16317 7 NA
16318 7 NA
16319 6 NA
16320 5 NA
16321 5 NA
16322 6 NA
16323 7 NA
16324 8 NA
16325 9 NA
16326 10 NA
16327 11 NA
16328 11 NA
16329 12 NA
16330 12 NA
16331 12 NA
16332 12 NA
16333 13 NA
16334 13 NA
16335 13 NA
16336 13 NA
16337 13 NA
16338 12 NA
16339 12 NA
16340 12 NA
16341 12 NA
16342 12 NA
16343 12 NA
16344 12 NA
16345 12 NA
16346 13 NA
16347 13 NA
16348 13 NA
16349 12 NA
16350 12 NA
16351 12 NA
16352 11 NA
16353 11 NA
16354 11 NA
16355 12 NA
16356 12 NA
16357 13 NA
16358 13 NA
16359 14 NA
16360 14 NA
16361 14 NA
16362 14 NA
16363 13 NA
16364 13 NA
16365 13 NA
16366 14 NA
16367 14 NA
16368 15 NA
16369 16 NA
16370 17 NA
16371 17 NA
16372 18 NA
16373 18 NA
16374 18 NA
16375 18 NA
16376 18 NA
16377 17 NA
16378 16 NA
16379 16 NA
16380 15 NA
16381 15 NA
16382 14 NA
16383 13 NA
16384 13 NA
16385 13 NA
16386 13 NA
16387 13 NA
16388 12 NA
16389 11 NA
16390 11 NA
16391 11 NA
16392 11 NA
16393 11 NA
16394 11 NA
16395 11 NA
16396 11 NA
16397 11 NA
16398 11 NA
16399 10 NA
16400 10 NA
16401 10 NA
16402 10 NA
16403 9 NA
16404 9 NA
16405 9 NA
16406 9 NA
16407 8 NA
16408 8 NA
16409 8 NA
16410 8 NA
16411 7 NA
16412 7 NA
16413 7 NA
16414 7 NA
16415 7 NA
16416 7 NA
16417 7 NA
16418 7 NA
16419 7 NA
16420 8 NA
16421 8 NA
16422 7 NA
16423 7 NA
16424 7 NA
16425 7 NA
16426 8 NA
16427 8 NA
16428 7 NA
16429 7 NA
16430 7 NA
16431 7 NA
16432 7 NA
16433 7 NA
16434 7 NA
16435 7 NA
16436 7 NA
16437 7 NA
16438 7 NA
16439 6 NA
16440 5 NA
16441 5 NA
16442 5 NA
16443 5 NA
16444 5 NA
16445 5 NA
16446 5 NA
16447 5 NA
16448 5 NA
16449 5 NA
16450 5 NA
16451 5 NA
16452 4 NA
16453 4 NA
16454 4 NA
16455 4 NA
16456 4 NA
16457 4 NA
16458 3 NA
16459 4 NA
16460 5 NA
16461 5 NA
16462 5 NA
16463 5 NA
16464 5 NA
16465 5 NA
16466 5 NA
16467 5 NA
16468 5 NA
16469 5 NA
16470 5 NA
16471 5 NA
16472 5 NA
16473 5 NA
16474 4 NA
16475 4 NA
16476 4 NA
16477 4 NA
16478 4 NA
16479 4 NA
16480 3 NA
16481 3 NA
16482 3 NA
16483 3 NA
16484 3 NA
16485 3 NA
16486 4 NA
16487 5 NA
16488 5 NA
16489 5 NA
16490 5 NA
16491 5 NA
16492 6 NA
16493 7 NA
16494 7 NA
16495 7 NA
16496 7 NA
16497 7 NA
16498 6 NA
16499 6 NA
16500 6 NA
16501 5 NA
16502 5 NA
16503 5 NA
16504 5 NA
16505 5 NA
16506 5 NA
16507 5 NA
16508 4 NA
16509 3 NA
16510 2 NA
16511 2 NA
16512 1 NA
16513 1 NA
16514 1 NA
16515 1 NA
16516 2 NA
16517 2 NA
16518 3 NA
16519 3 NA
16520 3 NA
16521 3 NA
16522 3 NA
16523 4 NA
16524 4 NA
16525 5 NA
16526 6 NA
16527 6 NA
16528 6 NA
16529 6 NA
16530 6 NA
16531 6 NA
16532 6 NA
16533 6 NA
16534 6 NA
16535 6 NA
16536 6 NA
16537 6 NA
16538 6 NA
16539 6 NA
16540 6 NA
16541 6 NA
16542 7 NA
16543 8 NA
16544 8 NA
16545 9 NA
16546 9 NA
16547 10 NA
16548 10 NA
16549 11 NA
16550 11 NA
16551 12 NA
16552 12 NA
16553 13 NA
16554 13 NA
16555 14 NA
16556 14 NA
16557 14 NA
16558 13 NA
16559 13 NA
16560 12 NA
16561 13 NA
16562 13 NA
16563 14 NA
16564 14 NA
16565 15 NA
16566 15 NA
16567 15 NA
16568 15 NA
16569 15 NA
16570 15 NA
16571 16 NA
16572 17 NA
16573 18 NA
16574 18 NA
16575 18 NA
16576 18 NA
16577 17 NA
16578 17 NA
16579 18 NA
16580 18 NA
16581 19 NA
16582 19 NA
16583 20 NA
16584 20 NA
16585 21 NA
16586 21 NA
16587 22 NA
16588 24 NA
16589 24 NA
16590 26 NA
16591 26 NA
16592 27 NA
16593 27 NA
16594 28 NA
16595 30 NA
16596 30 NA
16597 32 NA
16598 32 NA
16599 34 NA
16600 36 NA
16601 37 NA
16602 37 NA
16603 39 NA
16604 39 NA
16605 40 NA
16606 42 NA
16607 45 NA
16608 45 NA
16609 45 NA
16610 45 NA
16611 48 NA
16612 49 NA
16613 49 NA
16614 49 NA
16615 49 NA
16616 52 NA
16617 52 NA
16618 55 NA
16619 55 NA
16620 58 NA
16621 58 NA
16622 60 NA
16623 60 NA
16624 60 NA
16625 63 NA
16626 67 NA
16627 67 NA
16628 70 NA
16629 73 NA
16630 73 NA
16631 77 NA
16632 77 NA
16633 81 NA
16634 81 NA
16635 86 NA
16636 86 NA
16637 86 NA
16638 85 NA
16639 85 NA
16640 84 NA
16641 84 NA
16642 89 NA
16643 92 NA
16644 92 NA
16645 95 NA
16646 98 NA
16647 98 NA
16648 102 NA
16649 102 NA
16650 101 NA
16651 98 NA
16652 98 NA
16653 96 NA
16654 92 NA
16655 88 NA
16656 84 NA
16657 80 NA
16658 77 NA
16659 74 NA
16660 71 NA
16661 68 NA
16662 65 NA
16663 62 NA
16665 56 NA
16666 54 NA
16668 52 NA
16669 50 NA
16670 48 NA
16671 46 NA
16672 44 NA
16673 44 NA
16674 41 NA
16675 39 NA
16676 39 NA
16677 37 NA
16678 35 NA
16679 34 NA
16680 34 NA
16681 32 NA
16682 31 NA
16683 30 NA
16684 28 NA
16686 25 NA
16687 24 NA
16688 24 NA
16689 22 NA
16690 22 NA
16691 20 NA
16692 19 NA
16693 18 NA
16694 18 NA
16695 17 NA
16696 17 NA
16697 16 NA
16698 16 NA
16699 15 NA
16700 15 NA
16701 15 NA
16702 15 NA
16703 15 NA
16704 15 NA
16705 15 NA
16706 15 NA
16707 15 NA
16708 15 NA
16709 14 NA
16710 14 NA
16711 14 NA
16712 14 NA
16715 14 NA
16717 14 NA
16719 13 NA
16720 13 NA
16721 13 NA
16722 13 NA
16723 13 NA
16724 13 NA
16725 13 NA
16726 12 NA
16728 12 NA
16731 10 NA
16732 10 NA
16733 10 NA
16734 10 NA
16735 9 NA
16736 9 NA
16737 8 NA
16738 8 NA
16739 8 NA
16740 8 NA
16741 7 NA
16742 7 NA
16743 7 NA
16744 7 NA
16745 7 NA
16746 7 NA
16747 7 NA
16748 7 NA
16749 7 NA
16750 6 NA
16751 6 NA
16752 5 NA
16753 5 NA
16754 4 NA
16755 4 NA
16756 5 NA
16757 5 NA
16759 6 NA
16760 7 NA
16761 7 NA
16762 7 NA
16763 8 NA
16764 8 NA
16765 8 NA
16766 8 NA
16767 8 NA
16768 8 NA
16769 7 NA
16770 7 NA
16771 7 NA
16772 7 NA
16773 7 NA
16774 7 NA
16775 7 NA
16777 8 NA
16778 7 NA
16779 7 NA
16780 7 NA
16781 7 NA
16782 7 NA
16783 7 NA
16784 7 NA
16785 7 NA
16786 7 NA
16787 7 NA
16788 7 NA
16789 7 NA
16790 8 NA
16791 8 NA
16792 8 NA
16793 8 NA
16794 8 NA
16795 8 NA
16796 8 NA
16797 9 NA
16798 9 NA
16799 10 NA
16800 10 NA
16801 10 NA
16802 10 NA
16803 10 NA
16804 10 NA
16807 10 NA
16808 11 NA
16809 11 NA
16810 11 NA
16811 11 NA
16812 11 NA
16813 11 NA
16814 11 NA
16815 11 NA
16816 11 NA
16817 12 NA
16818 12 NA
16820 13 NA
16821 13 NA
16823 13 NA
16824 13 NA
16825 13 NA
16826 13 NA
16827 13 NA
16828 13 NA
16829 13 NA
16830 13 NA
16831 13 NA
16832 13 NA
16833 13 NA
16834 12 NA
16835 12 NA
16836 12 NA
16837 11 NA
16838 11 NA
16839 11 NA
16840 12 NA
16841 12 NA
16842 12 NA
16843 13 NA
16844 13 NA
16845 13 NA
16847 13 NA
16849 12 NA
16850 12 NA
16851 12 NA
16852 12 NA
16853 12 NA
16854 12 NA
16855 12 NA
16856 12 NA
16857 12 NA
16858 12 NA
16859 12 NA
16860 12 NA
16861 12 NA
16862 12 NA
16863 12 NA
16864 12 NA
16865 12 NA
16866 12 NA
16867 11 NA
16869 11 NA
16870 11 NA
16871 11 NA
16872 11 NA
16873 11 NA
16874 11 NA
16875 11 NA
16876 11 NA
16878 11 NA
16879 12 NA
16880 12 NA
16881 12 NA
16884 13 NA
16885 13 NA
16886 13 NA
16887 14 NA
16888 14 NA
16889 14 NA
16890 14 NA
16892 14 NA
16893 14 NA
16894 14 NA
16895 14 NA
16896 14 NA
16897 15 NA
16898 15 NA
16899 15 NA
16900 15 NA
16901 16 NA
16902 16 NA
16903 16 NA
16904 16 NA
16905 16 NA
16906 16 NA
16907 15 NA
16908 15 NA
16909 15 NA
16910 15 NA
16911 15 NA
16912 15 NA
16913 16 NA
16914 16 NA
16915 17 NA
16916 18 NA
16917 18 NA
16918 17 NA
16919 17 NA
16920 17 NA
16921 16 NA
16922 16 NA
16923 17 NA
16924 17 NA
16925 17 NA
16926 17 NA
16927 17 NA
16928 17 NA
16929 17 NA
16930 17 NA
16931 17 NA
16932 16 NA
16933 16 NA
16934 16 NA
16935 16 NA
16937 14 NA
16938 14 NA
16939 14 NA
16940 14 NA
16941 14 NA
16942 14 NA
16943 15 NA
16944 15 NA
16945 15 NA
16946 15 NA
16949 16 NA
16950 16 NA
16951 17 NA
16952 17 NA
16953 18 NA
16954 18 NA
16955 18 NA
16956 18 NA
16957 18 NA
16958 18 NA
16959 18 NA
16960 19 NA
16967 21 NA
16968 21 NA
16969 20 NA
16970 21 NA
16971 21 NA
16972 21 NA
16974 23 NA
16975 22 NA
16976 21 NA
16977 21 NA
16978 21 NA
16979 21 NA
16980 21 NA
16981 22 NA
16982 22 NA
16984 23 NA
16985 23 NA
16986 22 NA
16987 22 NA
16988 22 NA
16989 23 NA
16990 23 NA
16991 25 NA
16992 25 NA
16993 24 NA
16994 24 NA
16999 24 NA
17001 22 NA
17006 22 NA
17007 22 NA
17014 20 NA
17015 21 NA
17016 21 NA
17017 21 NA
17018 20 NA
17019 20 NA
17020 20 NA
17021 20 NA
17022 20 NA
17023 20 NA
17024 20 NA
17025 20 NA
17026 20 NA
17027 20 NA
17028 20 NA
17029 20 NA
17031 19 NA
17032 18 NA
17033 18 NA
17034 18 NA
17035 18 NA
17036 18 NA
17037 18 NA
17038 18 NA
17039 19 NA
17040 19 NA
17042 20 NA
17044 21 NA
17045 22 NA
17046 22 NA
17047 21 NA
17048 21 NA
17049 20 NA
17050 20 NA
17051 20 NA
17052 20 NA
17053 19 NA
17054 19 NA
17055 19 NA
17056 19 NA
17057 19 NA
17058 19 NA
17059 19 NA
17060 19 NA
17061 19 NA
17062 19 NA
17063 19 NA
17064 19 NA
17069 20 NA
17070 20 NA
17071 20 NA
17072 20 NA
17073 19 NA
17075 19 NA
17076 18 NA
17077 18 NA
17078 18 NA
17079 18 NA
17080 18 NA
17081 18 NA
17083 18 NA
17084 18 NA
17085 18 NA
17086 18 NA
17087 18 NA
17088 18 NA
17089 18 NA
17091 18 NA
17092 17 NA
17093 17 NA
17094 18 NA
17095 18 NA
17096 18 NA
17097 18 NA
17098 19 NA
17099 19 NA
17100 19 NA
17101 19 NA
17102 19 NA
17103 19 NA
17104 19 NA
17105 18 NA
17106 18 NA
17107 18 NA
17108 18 NA
17109 18 NA
17110 18 NA
17111 18 NA
17112 18 NA
17113 18 NA
17114 18 NA
17115 18 NA
17117 18 NA
17118 17 NA
17123 15 NA
17124 15 NA
17125 15 NA
17126 16 NA
17127 16 NA
17129 17 NA
17130 18 NA
17131 18 NA
17132 19 NA
17133 19 NA
17134 19 NA
17135 20 NA
17136 20 NA
17138 20 NA
17139 20 NA
17140 20 NA
17141 20 NA
17142 20 NA
17143 21 NA
17144 21 NA
17145 21 NA
17146 21 NA
17147 21 NA
17148 21 NA
17149 21 NA
