"Index" "Price" "Volume"
14019 22200000 NA
14020 2.3e+07 NA
14021 2.3e+07 NA
14022 2.3e+07 NA
14023 2.3e+07 NA
14024 2.3e+07 NA
14025 2.3e+07 NA
14026 2.3e+07 NA
14027 2.3e+07 NA
14028 2.3e+07 NA
14029 2.3e+07 NA
14030 2.3e+07 NA
14031 2.3e+07 NA
14032 2.3e+07 NA
14033 2.3e+07 NA
14034 2.3e+07 NA
14035 2.3e+07 NA
14036 2.3e+07 NA
14037 2.3e+07 NA
14038 2.3e+07 NA
14039 2.3e+07 NA
14040 2.3e+07 NA
14041 2.3e+07 NA
14042 2.3e+07 NA
14043 2.3e+07 NA
14044 2.3e+07 NA
14045 2.3e+07 NA
14046 2.3e+07 NA
14047 2.3e+07 NA
14048 2.3e+07 NA
14049 2.3e+07 NA
14050 2.3e+07 NA
14051 2.3e+07 NA
14052 2.3e+07 NA
14053 2.3e+07 NA
14054 2.3e+07 NA
14055 2.3e+07 NA
14056 2.3e+07 NA
14057 2.3e+07 NA
14058 2.3e+07 NA
14059 2.3e+07 NA
14060 2.3e+07 NA
14061 2.3e+07 NA
14062 2.3e+07 NA
14063 2.3e+07 NA
14064 2.3e+07 NA
14065 2.3e+07 NA
14066 2.3e+07 NA
14067 2.3e+07 NA
14068 2.3e+07 NA
14069 2.3e+07 NA
14070 2.3e+07 NA
14071 2.3e+07 NA
14072 2.3e+07 NA
14073 2.3e+07 NA
14074 2.3e+07 NA
14075 2.3e+07 NA
14076 2.3e+07 NA
14077 2.3e+07 NA
14078 2.3e+07 NA
14079 2.3e+07 NA
14080 2.3e+07 NA
14081 2.3e+07 NA
14082 2.3e+07 NA
14083 2.3e+07 NA
14084 2.3e+07 NA
14085 2.3e+07 NA
14086 2.3e+07 NA
14087 2.3e+07 NA
14088 2.3e+07 NA
14089 2.3e+07 NA
14090 2.3e+07 NA
14091 2.3e+07 NA
14092 2.3e+07 NA
14093 2.3e+07 NA
14094 2.3e+07 NA
14095 2.3e+07 NA
14096 2.3e+07 NA
14097 2.3e+07 NA
14098 2.3e+07 NA
14099 2.3e+07 NA
14100 2.3e+07 NA
14101 2.3e+07 NA
14102 2.3e+07 NA
14103 2.3e+07 NA
14104 2.3e+07 NA
14105 2.3e+07 NA
14106 2.3e+07 NA
14107 2.3e+07 NA
14108 2.3e+07 NA
14109 2.3e+07 NA
14110 2.3e+07 NA
14111 2.3e+07 NA
14112 2.3e+07 NA
14113 2.3e+07 NA
14114 2.3e+07 NA
14115 2.3e+07 NA
14116 24100000 NA
14117 24100000 NA
14118 24100000 NA
14119 24100000 NA
14120 24100000 NA
14121 24100000 NA
14122 24100000 NA
14123 24100000 NA
14124 25400000 NA
14125 25400000 NA
14126 25400000 NA
14127 25400000 NA
14128 25400000 NA
14129 25400000 NA
14130 25400000 NA
14131 25400000 NA
14132 25400000 NA
14133 25400000 NA
14134 25400000 NA
14135 25400000 NA
14136 25400000 NA
14137 25400000 NA
14138 25400000 NA
14139 25400000 NA
14140 25400000 NA
14141 25400000 NA
14142 25400000 NA
14143 25400000 NA
14144 25400000 NA
14145 26600000 NA
14146 26600000 NA
14147 26600000 NA
14148 26600000 NA
14149 26600000 NA
14150 26600000 NA
14151 26600000 NA
14152 26600000 NA
14153 26600000 NA
14154 26600000 NA
14155 26600000 NA
14156 26600000 NA
14157 26600000 NA
14158 26600000 NA
14159 26600000 NA
14160 26600000 NA
14161 26600000 NA
14162 26600000 NA
14163 26600000 NA
14164 27900000 NA
14165 27900000 NA
14166 27900000 NA
14167 27900000 NA
14168 27900000 NA
14169 27900000 NA
14170 27900000 NA
14171 27900000 NA
14172 27900000 NA
14173 27900000 NA
14174 27900000 NA
14175 27900000 NA
14176 27900000 NA
14177 27900000 NA
14178 27900000 NA
14179 27900000 NA
14180 27900000 NA
14181 27900000 NA
14182 27900000 NA
14183 27900000 NA
14184 27900000 NA
14185 27900000 NA
14186 27900000 NA
14187 27900000 NA
14188 27900000 NA
14189 27900000 NA
14190 29300000 NA
14191 29300000 NA
14192 29300000 NA
14193 29300000 NA
14194 29300000 NA
14195 29300000 NA
14196 29300000 NA
14197 29300000 NA
14198 29300000 NA
14199 29300000 NA
14200 30800000 NA
14201 30800000 NA
14202 30800000 NA
14203 30800000 NA
14204 32100000 NA
14205 32100000 NA
14206 32100000 NA
14207 32100000 NA
14208 32100000 NA
14209 32100000 NA
14210 32100000 NA
14211 32100000 NA
14212 32100000 NA
14213 32100000 NA
14214 32100000 NA
14215 32100000 NA
14216 33700000 NA
14217 33700000 NA
14218 33700000 NA
14219 33700000 NA
14220 33700000 NA
14221 33700000 NA
14222 33700000 NA
14223 33700000 NA
14224 33700000 NA
14225 33700000 NA
14226 33700000 NA
14227 33700000 NA
14228 35400000 NA
14229 35400000 NA
14230 35400000 NA
14231 35400000 NA
14232 35400000 NA
14233 35400000 NA
14234 35400000 NA
14235 35400000 NA
14236 35400000 NA
14237 35400000 NA
14238 35400000 NA
14239 35400000 NA
14240 35400000 NA
14241 37200000 NA
14242 37200000 NA
14243 37200000 NA
14244 37200000 NA
14245 37200000 NA
14246 37200000 NA
14247 37200000 NA
14248 37200000 NA
14249 37200000 NA
14250 37200000 NA
14251 37200000 NA
14252 37200000 NA
14253 37200000 NA
14254 37200000 NA
14255 37200000 NA
14256 3.9e+07 NA
14257 3.9e+07 NA
14258 3.9e+07 NA
14259 3.9e+07 NA
14260 3.9e+07 NA
14261 3.9e+07 NA
14262 3.9e+07 NA
14263 3.9e+07 NA
14264 3.9e+07 NA
14265 3.9e+07 NA
14266 3.9e+07 NA
14267 3.9e+07 NA
14268 3.9e+07 NA
14269 40900000 NA
14270 40900000 NA
14271 40900000 NA
14272 40900000 NA
14273 40900000 NA
14274 40900000 NA
14275 40900000 NA
14276 40900000 NA
14277 40900000 NA
14278 40900000 NA
14279 40900000 NA
14280 40900000 NA
14281 40900000 NA
14282 40900000 NA
14283 40900000 NA
14284 42900000 NA
14285 42900000 NA
14286 42900000 NA
14287 42900000 NA
14288 42900000 NA
14289 42900000 NA
14290 42900000 NA
14291 42900000 NA
14292 42900000 NA
14293 42900000 NA
14294 42900000 NA
14295 42900000 NA
14296 42900000 NA
14297 42900000 NA
14298 42900000 NA
14299 42900000 NA
14300 4.5e+07 NA
14301 4.5e+07 NA
14302 4.5e+07 NA
14303 4.5e+07 NA
14304 4.5e+07 NA
14305 4.5e+07 NA
14306 4.5e+07 NA
14307 4.5e+07 NA
14308 4.5e+07 NA
14309 4.5e+07 NA
14310 4.5e+07 NA
14311 4.5e+07 NA
14312 4.5e+07 NA
14313 4.5e+07 NA
14314 4.5e+07 NA
14315 4.5e+07 NA
14316 4.5e+07 NA
14317 4.5e+07 NA
14318 4.5e+07 NA
14319 4.5e+07 NA
14320 4.5e+07 NA
14321 47200000 NA
14322 47200000 NA
14323 47200000 NA
14324 47200000 NA
14325 47200000 NA
14326 47200000 NA
14327 47200000 NA
14328 47200000 NA
14329 47200000 NA
14330 47200000 NA
14331 47200000 NA
14332 47200000 NA
14333 5.2e+07 NA
14334 5.2e+07 NA
14335 5.2e+07 NA
14336 5.2e+07 NA
14337 5.2e+07 NA
14338 5.2e+07 NA
14339 52700000 NA
14340 52700000 NA
14341 52700000 NA
14342 52700000 NA
14343 52700000 NA
14344 50200000 NA
14345 50200000 NA
14346 50200000 NA
14347 50200000 NA
14348 50200000 NA
14349 47700000 NA
14350 47700000 NA
14351 47700000 NA
14352 47700000 NA
14353 47700000 NA
14354 47700000 NA
14355 45300000 NA
14356 45300000 NA
14357 45300000 NA
14358 45300000 NA
14359 45300000 NA
14360 45300000 NA
14361 4.3e+07 NA
14362 4.3e+07 NA
14363 4.3e+07 NA
14364 4.3e+07 NA
14365 4.3e+07 NA
14366 4.3e+07 NA
14367 4.3e+07 NA
14368 4.3e+07 NA
14369 40900000 NA
14370 40900000 NA
14371 40900000 NA
14372 40900000 NA
14373 40900000 NA
14374 40900000 NA
14375 38800000 NA
14376 38800000 NA
14377 38800000 NA
14378 38800000 NA
14379 38800000 NA
14380 38800000 NA
14381 38800000 NA
14382 36900000 NA
14383 36900000 NA
14384 36900000 NA
14385 36900000 NA
14386 36900000 NA
14387 36900000 NA
14388 36900000 NA
14389 36900000 NA
14390 3.5e+07 NA
14391 3.5e+07 NA
14392 3.5e+07 NA
14393 3.5e+07 NA
14394 3.5e+07 NA
14395 3.5e+07 NA
14396 3.5e+07 NA
14397 3.5e+07 NA
14398 3.5e+07 NA
14399 33300000 NA
14400 33300000 NA
14401 33300000 NA
14402 33300000 NA
14403 33300000 NA
14404 33300000 NA
14405 33300000 NA
14406 33300000 NA
14407 31600000 NA
14408 31600000 NA
14409 31600000 NA
14410 31600000 NA
14411 31600000 NA
14412 31600000 NA
14413 30100000 NA
14414 30100000 NA
14415 30100000 NA
14416 30100000 NA
14417 30100000 NA
14418 28600000 NA
14419 28600000 NA
14420 28600000 NA
14421 29100000 NA
14422 29100000 NA
14423 29100000 NA
14424 30600000 NA
14425 30600000 NA
14426 30600000 NA
14427 32100000 NA
14428 32100000 NA
14429 32100000 NA
14430 32100000 NA
14431 32100000 NA
14432 33100000 NA
14433 33100000 NA
14434 33100000 NA
14435 32500000 NA
14436 32500000 NA
14437 32500000 NA
14438 32500000 NA
14439 32500000 NA
14440 32700000 NA
14441 32700000 NA
14442 32700000 NA
14443 32700000 NA
14444 32700000 NA
14445 32700000 NA
14446 32700000 NA
14447 32700000 NA
14448 32700000 NA
14449 32700000 NA
14450 32700000 NA
14451 32700000 NA
14452 32700000 NA
14453 3.4e+07 NA
14454 3.4e+07 NA
14455 3.4e+07 NA
14456 35700000 NA
14457 35700000 NA
14458 35700000 NA
14459 35700000 NA
14460 35700000 NA
14461 35700000 NA
14462 35700000 NA
14463 37300000 NA
14464 37300000 NA
14465 37300000 NA
14466 37300000 NA
14467 39100000 NA
14468 39100000 NA
14469 39100000 NA
14470 41100000 NA
14471 41100000 NA
14472 41100000 NA
14473 41100000 NA
14474 41100000 NA
14475 41100000 NA
14476 41100000 NA
14477 41300000 NA
14478 41300000 NA
14479 41300000 NA
14480 41300000 NA
14481 41300000 NA
14482 41300000 NA
14483 41300000 NA
14484 41300000 NA
14485 39400000 NA
14486 39400000 NA
14487 39400000 NA
14488 39400000 NA
14489 39400000 NA
14490 39400000 NA
14491 39400000 NA
14492 39400000 NA
14493 38200000 NA
14494 38200000 NA
14495 38200000 NA
14496 38200000 NA
14497 38200000 NA
14498 38200000 NA
14499 38200000 NA
14500 3.8e+07 NA
14501 3.8e+07 NA
14502 3.8e+07 NA
14503 3.8e+07 NA
14504 3.8e+07 NA
14505 3.8e+07 NA
14506 3.8e+07 NA
14507 3.8e+07 NA
14508 37900000 NA
14509 37900000 NA
14510 37900000 NA
14511 37900000 NA
14512 37900000 NA
14513 37900000 NA
14514 38500000 NA
14515 38500000 NA
14516 38500000 NA
14517 38500000 NA
14518 38500000 NA
14519 39500000 NA
14520 39500000 NA
14521 39500000 NA
14522 39500000 NA
14523 39500000 NA
14524 40900000 NA
14525 40900000 NA
14526 40900000 NA
14527 40900000 NA
14528 40900000 NA
14529 40900000 NA
14530 42400000 NA
14531 42400000 NA
14532 42400000 NA
14533 42400000 NA
14534 42400000 NA
14535 44100000 NA
14536 44100000 NA
14537 44100000 NA
14538 44100000 NA
14539 44100000 NA
14540 44100000 NA
14541 44100000 NA
14542 45700000 NA
14543 45700000 NA
14544 45700000 NA
14545 45700000 NA
14546 45700000 NA
14547 45700000 NA
14548 4.5e+07 NA
14549 4.5e+07 NA
14550 4.5e+07 NA
14551 4.5e+07 NA
14552 4.5e+07 NA
14553 4.5e+07 NA
14554 4.5e+07 NA
14555 43800000 NA
14556 43800000 NA
14557 43800000 NA
14558 43800000 NA
14559 43800000 NA
14560 43800000 NA
14561 43800000 NA
14562 43800000 NA
14563 43800000 NA
14564 43800000 NA
14565 43800000 NA
14566 42900000 NA
14567 42900000 NA
14568 42900000 NA
14569 42900000 NA
14570 42900000 NA
14571 42900000 NA
14572 42900000 NA
14573 42900000 NA
14574 42900000 NA
14575 43800000 NA
14576 43800000 NA
14577 43800000 NA
14578 43800000 NA
14579 43800000 NA
14580 43800000 NA
14581 43800000 NA
14582 43800000 NA
14583 43800000 NA
14584 45200000 NA
14585 45200000 NA
14586 45200000 NA
14587 45200000 NA
14588 45200000 NA
14589 45200000 NA
14590 45200000 NA
14591 45200000 NA
14592 46700000 NA
14593 46700000 NA
14594 46700000 NA
14595 46700000 NA
14596 46700000 NA
14597 46700000 NA
14598 46700000 NA
14599 46700000 NA
14600 46700000 NA
14601 48100000 NA
14602 48100000 NA
14603 48100000 NA
14604 48100000 NA
14605 48100000 NA
14606 48100000 NA
14607 48100000 NA
14608 48100000 NA
14609 48100000 NA
14610 48100000 NA
14611 48100000 NA
14612 4.9e+07 NA
14613 4.9e+07 NA
14614 4.9e+07 NA
14615 4.9e+07 NA
14616 4.9e+07 NA
14617 4.9e+07 NA
14618 4.9e+07 NA
14619 4.9e+07 NA
14620 4.9e+07 NA
14621 4.9e+07 NA
14622 4.9e+07 NA
14623 50400000 NA
14624 50400000 NA
14625 50400000 NA
14626 50400000 NA
14627 50400000 NA
14628 50400000 NA
14629 50400000 NA
14630 50400000 NA
14631 50400000 NA
14632 50400000 NA
14633 52100000 NA
14634 52100000 NA
14635 52100000 NA
14636 52100000 NA
14637 52100000 NA
14638 52100000 NA
14639 52100000 NA
14640 52100000 NA
14641 5.4e+07 NA
14642 5.4e+07 NA
14643 5.4e+07 NA
14644 5.4e+07 NA
14645 5.4e+07 NA
14646 5.4e+07 NA
14647 5.4e+07 NA
14648 5.4e+07 NA
14649 5.4e+07 NA
14650 55900000 NA
14651 55900000 NA
14653 55900000 NA
14654 55900000 NA
14655 55900000 NA
14656 55900000 NA
14657 55900000 NA
14658 55900000 NA
14659 55900000 NA
14660 55900000 NA
14661 57300000 NA
14662 57300000 NA
14663 57300000 NA
14664 57300000 NA
14665 57300000 NA
14666 57300000 NA
14667 57300000 NA
14668 57300000 NA
14669 57300000 NA
14670 57300000 NA
14671 57300000 NA
14672 57300000 NA
14673 57300000 NA
14674 57900000 NA
14675 57900000 NA
14676 57900000 NA
14677 57900000 NA
14678 57900000 NA
14679 57900000 NA
14680 57900000 NA
14681 57900000 NA
14682 57900000 NA
14683 57900000 NA
14684 57900000 NA
14685 57900000 NA
14686 55500000 NA
14687 55500000 NA
14688 55500000 NA
14689 55500000 NA
14690 55500000 NA
14691 55500000 NA
14692 55500000 NA
14693 55500000 NA
14694 55500000 NA
14695 55500000 NA
14696 55500000 NA
14697 53200000 NA
14698 53200000 NA
14699 53200000 NA
14700 53200000 NA
14701 53200000 NA
14702 53200000 NA
14703 53200000 NA
14704 53200000 NA
14705 53200000 NA
14706 53200000 NA
14707 50700000 NA
14708 50700000 NA
14709 50700000 NA
14710 50700000 NA
14711 50700000 NA
14712 50700000 NA
14713 50700000 NA
14714 50700000 NA
14715 50700000 NA
14716 50700000 NA
14717 48500000 NA
14718 48500000 NA
14719 48500000 NA
14720 48500000 NA
14721 48500000 NA
14722 48500000 NA
14723 48500000 NA
14724 48500000 NA
14725 48500000 NA
14726 49600000 NA
14727 49600000 NA
14728 49600000 NA
14729 49600000 NA
14730 49600000 NA
14731 49600000 NA
14732 49600000 NA
14733 49600000 NA
14734 49600000 NA
14735 49600000 NA
14736 49600000 NA
14737 49600000 NA
14738 51600000 NA
14739 51600000 NA
14740 51600000 NA
14741 51600000 NA
14742 51600000 NA
14743 51600000 NA
14744 51600000 NA
14745 51600000 NA
14746 51600000 NA
14747 51600000 NA
14748 5.3e+07 NA
14749 5.3e+07 NA
14750 5.3e+07 NA
14751 5.3e+07 NA
14752 5.3e+07 NA
14753 5.3e+07 NA
14754 5.3e+07 NA
14755 5.3e+07 NA
14756 5.3e+07 NA
14757 5.3e+07 NA
14758 53600000 NA
14759 53600000 NA
14760 53600000 NA
14761 53600000 NA
14762 53600000 NA
14763 53600000 NA
14764 53600000 NA
14765 53600000 NA
14766 53600000 NA
14767 53600000 NA
14768 53600000 NA
14769 53600000 NA
14770 53200000 NA
14771 53200000 NA
14772 53200000 NA
14773 53200000 NA
14774 53200000 NA
14775 53200000 NA
14776 53200000 NA
14777 53200000 NA
14778 53200000 NA
14779 53200000 NA
14780 52100000 NA
14781 52100000 NA
14782 52100000 NA
14783 52100000 NA
14784 52100000 NA
14785 52100000 NA
14786 52100000 NA
14787 52100000 NA
14788 52100000 NA
14789 52100000 NA
14790 52100000 NA
14791 52100000 NA
14792 50400000 NA
14793 50400000 NA
14794 50400000 NA
14795 50400000 NA
14796 50400000 NA
14797 50400000 NA
14798 4.8e+07 NA
14799 4.8e+07 NA
14800 4.8e+07 NA
14801 4.8e+07 NA
14802 4.8e+07 NA
14803 4.8e+07 NA
14804 4.8e+07 NA
14805 45600000 NA
14806 45600000 NA
14807 45600000 NA
14808 45600000 NA
14809 45600000 NA
14810 43500000 NA
14811 43500000 NA
14812 43500000 NA
14813 43500000 NA
14814 43500000 NA
14815 41500000 NA
14816 41500000 NA
14817 41500000 NA
14818 41500000 NA
14819 41500000 NA
14820 41500000 NA
14821 40700000 NA
14822 40700000 NA
14823 40700000 NA
14824 40700000 NA
14825 40700000 NA
14826 40700000 NA
14827 40700000 NA
14828 41900000 NA
14829 41900000 NA
14830 41900000 NA
14831 41900000 NA
14832 41900000 NA
14833 41900000 NA
14834 41900000 NA
14835 43500000 NA
14836 43500000 NA
14837 43500000 NA
14838 43500000 NA
14839 43500000 NA
14840 43500000 NA
14841 43500000 NA
14842 43500000 NA
14843 44900000 NA
14844 44900000 NA
14845 44900000 NA
14846 44900000 NA
14847 44900000 NA
14848 44900000 NA
14849 44900000 NA
14850 44900000 NA
14851 44900000 NA
14852 44900000 NA
14853 44900000 NA
14854 44900000 NA
14855 45900000 NA
14856 45900000 NA
14857 45900000 NA
14858 45900000 NA
14859 45900000 NA
14860 45900000 NA
14861 45900000 NA
14862 45900000 NA
14863 45900000 NA
14864 45900000 NA
14865 45900000 NA
14866 44500000 NA
14867 44500000 NA
14868 44500000 NA
14869 44500000 NA
14870 44500000 NA
14871 44500000 NA
14872 44500000 NA
14873 44500000 NA
14874 42700000 NA
14875 42700000 NA
14876 42700000 NA
14877 42700000 NA
14878 42700000 NA
14879 42700000 NA
14880 42700000 NA
14881 42700000 NA
14882 41200000 NA
14883 41200000 NA
14884 41200000 NA
14885 41200000 NA
14886 41200000 NA
14887 41200000 NA
14888 41200000 NA
14889 41200000 NA
14890 41200000 NA
14891 41200000 NA
14892 40300000 NA
14893 40300000 NA
14894 40300000 NA
14895 40300000 NA
14896 40300000 NA
14897 40300000 NA
14898 40300000 NA
14899 40300000 NA
14900 40300000 NA
14901 39600000 NA
14902 39600000 NA
14903 39600000 NA
14904 39600000 NA
14905 39600000 NA
14906 39600000 NA
14907 39600000 NA
14908 39600000 NA
14909 40500000 NA
14910 40500000 NA
14911 40500000 NA
14912 40500000 NA
14913 40500000 NA
14914 40500000 NA
14915 40500000 NA
14916 40500000 NA
14917 40500000 NA
14918 40500000 NA
14920 41600000 NA
14921 41600000 NA
14922 41600000 NA
14923 41600000 NA
14924 41600000 NA
14925 41600000 NA
14926 41600000 NA
14927 41600000 NA
14928 41700000 NA
14929 41700000 NA
14930 41700000 NA
14931 41700000 NA
14932 41700000 NA
14933 41700000 NA
14934 41700000 NA
14935 41700000 NA
14936 41700000 NA
14937 41700000 NA
14938 4.1e+07 NA
14939 4.1e+07 NA
14940 4.1e+07 NA
14941 4.1e+07 NA
14942 4.1e+07 NA
14943 4.1e+07 NA
14944 4.1e+07 NA
14945 4.1e+07 NA
14946 4.1e+07 NA
14947 4.1e+07 NA
14948 4.1e+07 NA
14949 4.1e+07 NA
14950 4.1e+07 NA
14951 4.1e+07 NA
14952 4.1e+07 NA
14953 4.1e+07 NA
14954 4.1e+07 NA
14955 4.1e+07 NA
14956 4.1e+07 NA
14957 39900000 NA
14958 39900000 NA
14959 39900000 NA
14960 39900000 NA
14961 39900000 NA
14962 3.9e+07 NA
14963 3.9e+07 NA
14964 3.9e+07 NA
14965 3.9e+07 NA
14966 3.9e+07 NA
14967 3.9e+07 NA
14968 3.9e+07 NA
14969 3.9e+07 NA
14970 3.9e+07 NA
14971 38100000 NA
14972 38100000 NA
14973 38100000 NA
14974 38100000 NA
14981 38100000 NA
14983 36400000 NA
14990 36400000 NA
14991 34700000 NA
14995 34700000 NA
14996 3.3e+07 NA
14998 3.3e+07 NA
15000 31400000 NA
15005 31400000 NA
15008 30200000 NA
15009 30200000 NA
15012 30900000 NA
15013 30900000 NA
15016 32200000 NA
15018 33500000 NA
15020 34800000 NA
15021 34800000 NA
15025 36200000 NA
15028 37700000 NA
15029 37700000 NA
15031 39289835 NA
15033 39300000 NA
15036 40900000 NA
15039 40900000 NA
15042 42300000 NA
15044 42300000 NA
15046 43900000 NA
15050 43900000 NA
15052 4.5e+07 NA
15055 4.5e+07 NA
15058 43900000 NA
15064 43900000 NA
15066 42600000 NA
15067 42600000 NA
15070 41900000 NA
15073 41900000 NA
15076 40900000 NA
15078 40900000 NA
15080 40600000 NA
15084 41600000 NA
15087 41600000 NA
15088 42300000 NA
15090 42300000 NA
15093 43200000 NA
15094 43200000 NA
15096 44600000 NA
15098 44600000 NA
15100 45300000 NA
15101 45300000 NA
15105 46900000 NA
15106 46854496 NA
15109 46500000 NA
15110 46500000 NA
15114 47100000 NA
15116 47100000 NA
15119 4.7e+07 NA
15120 4.7e+07 NA
15124 46900000 NA
15125 46900000 NA
15128 47200000 NA
15132 47200000 NA
15133 4.7e+07 NA
15136 4.7e+07 NA
15137 47300000 NA
15144 47300000 NA
15145 47300000 NA
15147 47600000 NA
15150 48300000 NA
15154 4.8e+07 NA
15157 4.8e+07 NA
15158 47300000 NA
15161 47300000 NA
15164 46200000 NA
15165 46200000 NA
15169 45041294 NA
15172 4.5e+07 NA
15175 44100000 NA
15178 43100000 NA
15179 43100000 NA
15182 42600000 NA
15185 4.2e+07 NA
15187 4.2e+07 NA
15189 43800000 NA
15193 43100000 NA
15194 43100000 NA
15196 44100000 NA
15199 44100000 NA
15201 43400000 NA
15204 43400000 NA
15207 44300000 NA
15210 4.5e+07 NA
15214 44500000 NA
15217 45800000 NA
15221 45800000 NA
15222 45600000 NA
15224 45600000 NA
15226 44400000 NA
15227 44400000 NA
15231 43600000 NA
15232 43600000 NA
15235 43500000 NA
15238 43700000 NA
15242 43700000 NA
15243 44600000 NA
15244 44600000 NA
15247 45100000 NA
15248 45100000 NA
15250 4.7e+07 NA
15256 48600000 NA
15258 48600000 NA
15261 5e+07 NA
15264 51300000 NA
15268 53300000 NA
15271 53300000 NA
15273 55600000 NA
15275 5.3e+07 NA
15277 5.3e+07 NA
15280 51100000 NA
15283 51100000 NA
15285 49500000 NA
15289 4.9e+07 NA
15294 49300000 NA
15297 49300000 NA
15302 4.8e+07 NA
15303 4.8e+07 NA
15304 47800000 NA
15310 47800000 NA
15312 46400000 NA
15313 46357569 NA
15316 46357569 NA
15317 44604169 NA
15322 44604169 NA
15323 42896215 NA
15328 42896215 NA
15329 41019175 NA
15334 41019175 NA
15335 39075395 NA
15338 39075395 NA
15339 37589237 NA
15340 37589237 NA
15341 37589237 NA
15342 37589237 NA
15343 37589237 NA
15344 38685738 NA
15345 38685738 NA
15346 38685738 NA
15347 38685738 NA
15348 38685738 NA
15349 39535071 NA
15350 39535071 NA
15351 39535071 NA
15352 39535071 NA
15353 39535071 NA
15354 39535071 NA
15355 39919976 NA
15356 39919976 NA
15357 39919976 NA
15358 39919976 NA
15359 39919976 NA
15360 39919976 NA
15361 38859352 NA
15362 38859352 NA
15363 38859352 NA
15364 38859352 NA
15365 38859352 NA
15366 38859352 NA
15367 37261565 NA
15368 37261565 NA
15369 37261565 NA
15370 37261565 NA
15371 37261565 NA
15372 37261565 NA
15373 35539772 NA
15374 35539772 NA
15375 35539772 NA
15376 35539772 NA
15377 35539772 NA
15378 35461964 NA
15379 35461964 NA
15380 35461964 NA
15381 35461964 NA
15382 35461964 NA
15383 33904722 NA
15384 33904722 NA
15385 33904722 NA
15386 33904722 NA
15387 33904722 NA
15388 32567714 NA
15389 32567714 NA
15390 32567714 NA
15391 32567714 NA
15392 32567714 NA
15393 31482156 NA
15394 31482156 NA
15395 31482156 NA
15396 31482156 NA
15397 31482156 NA
15398 30365514 NA
15399 30365514 NA
15400 30365514 NA
15401 30365514 NA
15402 30365514 NA
15403 29824330 NA
15404 29824330 NA
15405 29824330 NA
15406 29824330 NA
15407 30050181 NA
15408 30050181 NA
15409 30050181 NA
15410 30050181 NA
15411 30229978 NA
15412 30229978 NA
15413 30229978 NA
15414 30229978 NA
15415 30229978 NA
15416 30229978 NA
15417 31436838 NA
15418 31436838 NA
15419 31436838 NA
15420 31436838 NA
15421 31436838 NA
15422 31720796 NA
15423 32004754 NA
15424 32288712 NA
15425 32572670 NA
15426 32856628 NA
15427 32856628 NA
15428 32856628 NA
15429 33481052 NA
15430 33481052 NA
15431 33481052 NA
15432 33481052 NA
15433 33481052 NA
15434 33481052 NA
15435 33828990 NA
15436 33828990 NA
15437 33828990 NA
15438 33828990 NA
15439 33828990 NA
15440 33828990 NA
15441 33315342 NA
15442 33315342 NA
15443 33315342 NA
15444 33315342 NA
15445 33315342 NA
15446 31818907 NA
15447 31818907 NA
15448 31818907 NA
15449 31818907 NA
15450 31818907 NA
15451 31323894 NA
15452 31323894 NA
15453 31323894 NA
15454 31323894 NA
15455 31323894 NA
15456 31323894 NA
15457 31326214 NA
15458 31326214 NA
15459 31326214 NA
15460 31326214 NA
15461 31326214 NA
15462 30606385 NA
15463 30606385 NA
15464 30606385 NA
15465 30606385 NA
15466 30606385 NA
15467 30606385 NA
15468 29448033 NA
15469 29448033 NA
15470 29448033 NA
15471 29448033 NA
15472 29448033 NA
15473 28527175 NA
15474 28527175 NA
15475 28527175 NA
15476 28527175 NA
15477 27410220 NA
15478 27410220 NA
15479 27410220 NA
15480 27410220 NA
15481 27011799 NA
15482 27011799 NA
15483 27011799 NA
15484 27011799 NA
15485 27011799 NA
15486 27841711 NA
15487 27841711 NA
15488 27841711 NA
15489 27841711 NA
15490 27304221 NA
15491 27304221 NA
15492 27304221 NA
15493 27304221 NA
15494 26011519 NA
15495 26011519 NA
15496 26011519 NA
15497 26011519 NA
15498 24760646 NA
15499 24760646 NA
15500 24760646 NA
15501 24760646 NA
15502 23587069 NA
15503 23587069 NA
15504 23587069 NA
15505 23587069 NA
15506 22680973 NA
15507 22680973 NA
15508 22680973 NA
15509 22680973 NA
15510 22721441 NA
15511 22721441 NA
15512 22721441 NA
15513 23716512 NA
15514 23716512 NA
15515 23716512 NA
15516 23716512 NA
15517 24747331 NA
15518 24747331 NA
15519 24747331 NA
15520 24747331 NA
15521 25719708 NA
15522 25719708 NA
15523 25719708 NA
15524 25719708 NA
15525 26754228 NA
15526 26754228 NA
15527 26754228 NA
15528 26754228 NA
15529 26465868 NA
15530 26465868 NA
15531 26465868 NA
15532 26465868 NA
15533 25156683 NA
15534 25156683 NA
15535 25156683 NA
15536 25156683 NA
15537 24065701 NA
15538 24065701 NA
15539 24065701 NA
15540 24065701 NA
15541 24415106 NA
15542 24415106 NA
15543 24415106 NA
15544 24415106 NA
15545 24699272 NA
15546 24699272 NA
15547 24699272 NA
15548 24699272 NA
15549 24790283 NA
15550 24790283 NA
15551 24790283 NA
15552 24708000 NA
15553 24708000 NA
15554 24708000 NA
15555 24837203 NA
15556 24837203 NA
15557 24837203 NA
15558 25799954 NA
15559 25799954 NA
15560 25799954 NA
15561 26837989 NA
15562 26837989 NA
15563 26837989 NA
15564 27228702 NA
15565 27228702 NA
15566 27228702 NA
15567 27228702 NA
15568 27636794 NA
15569 27636794 NA
15570 27636794 NA
15571 28736287 NA
15572 28736287 NA
15573 28736287 NA
15574 28736287 NA
15575 29956650 NA
15576 29956650 NA
15577 29956650 NA
15578 29956650 NA
15579 30087390 NA
15580 30087390 NA
15581 30087390 NA
15582 30087390 NA
15583 29741484 NA
15584 29741484 NA
15585 29741484 NA
15586 29741484 NA
15587 29584784 NA
15588 29584784 NA
15589 29584784 NA
15590 29584784 NA
15591 29021069 NA
15592 29021069 NA
15593 29021069 NA
15594 29021069 NA
15595 27877844 NA
15596 27877844 NA
15597 27877844 NA
15598 27877844 NA
15599 27877844 NA
15600 29078333 NA
15601 29078333 NA
15602 29078333 NA
15603 29078333 NA
15604 29078333 NA
15605 29078333 NA
15606 30369353 NA
15607 30369353 NA
15608 30369353 NA
15609 30369353 NA
15610 30369353 NA
15611 30369353 NA
15612 31686821 NA
15613 31686821 NA
15614 31686821 NA
15615 31686821 NA
15616 31686821 NA
15617 33057872 NA
15618 33057872 NA
15619 33057872 NA
15620 33057872 NA
15621 33057872 NA
15622 34442644 NA
15623 34442644 NA
15624 34442644 NA
15625 34442644 NA
15626 34442644 NA
15627 34442644 NA
15628 34442644 NA
15629 35908815 NA
15630 35908815 NA
15631 35908815 NA
15632 35908815 NA
15633 35908815 NA
15634 35908815 NA
15635 35908815 NA
15636 37121829 NA
15637 37121829 NA
15638 37121829 NA
15639 37121829 NA
15640 37121829 NA
15641 37121829 NA
15642 36621712 NA
15643 36621712 NA
15644 36621712 NA
15645 36621712 NA
15646 36621712 NA
15647 36621712 NA
15648 34935626 NA
15649 34935626 NA
15650 34717278 NA
15651 34498931 NA
15652 34280583 NA
15653 34062235 NA
15654 33843887 NA
15655 33625540 NA
15656 33407192 NA
15657 33188844 NA
15658 33188844 NA
15659 33188844 NA
15660 31543773 NA
15661 31543773 NA
15662 31543773 NA
15663 31543773 NA
15664 31543773 NA
15665 31543773 NA
15666 31543773 NA
15667 30045084 NA
15668 30045084 NA
15669 30045084 NA
15670 30045084 NA
15671 30045084 NA
15672 30045084 NA
15673 28649530 NA
15674 28649530 NA
15675 28649530 NA
15676 28649530 NA
15677 28649530 NA
15678 28649530 NA
15679 28649530 NA
15680 27237960 NA
15681 27237960 NA
15682 27237960 NA
15683 27237960 NA
15684 27237960 NA
15685 27237960 NA
15686 27237960 NA
15687 25876062 NA
15688 25876062 NA
15689 25876062 NA
15690 25876062 NA
15691 25876062 NA
15692 25876062 NA
15693 25836631 NA
15694 25836631 NA
15695 25836631 NA
15696 25836631 NA
15697 25836631 NA
15698 26966069 NA
15699 26966069 NA
15700 26966069 NA
15701 26966069 NA
15702 26966069 NA
15703 28151425 NA
15704 28151425 NA
15705 28151425 NA
15706 28151425 NA
15707 28151425 NA
15708 29457526 NA
15709 29457526 NA
15710 29457526 NA
15711 29457526 NA
15712 29457526 NA
15713 30795249 NA
15714 30795249 NA
15715 30795249 NA
15716 30795249 NA
15717 32185277 NA
15718 32185277 NA
15719 32185277 NA
15720 32185277 NA
15721 32185277 NA
15722 32185277 NA
15723 33613469 NA
15724 33613469 NA
15725 33613469 NA
15726 33613469 NA
15727 33613469 NA
15728 33613469 NA
15729 33613469 NA
15730 32632342 NA
15731 32632342 NA
15732 32632342 NA
15733 32632342 NA
15734 32632342 NA
15735 32632342 NA
15736 32632342 NA
15737 32246617 NA
15738 32246617 NA
15739 32246617 NA
15740 32246617 NA
15741 32246617 NA
15742 32246617 NA
15743 32246617 NA
15744 33615225 NA
15745 33615225 NA
15746 33615225 NA
15747 33615225 NA
15748 33615225 NA
15749 33615225 NA
15750 33615225 NA
15751 33615225 NA
15752 35065829 NA
15753 35065829 NA
15754 35065829 NA
15755 35065829 NA
15756 35065829 NA
15757 35065829 NA
15758 35065829 NA
15759 35065829 NA
15760 35065829 NA
15761 34677269 NA
15762 34677269 NA
15763 34677269 NA
15764 34677269 NA
15765 34677269 NA
15766 34677269 NA
15767 34677269 NA
15768 34677269 NA
15769 34677269 NA
15770 34677269 NA
15771 34677269 NA
15772 35086222 NA
15773 35086222 NA
15774 35086222 NA
15775 35086222 NA
15776 35086222 NA
15777 35086222 NA
15778 35086222 NA
15779 35086222 NA
15780 35086222 NA
15781 35086222 NA
15782 35086222 NA
15783 35086222 NA
15784 33547968 NA
15785 33547968 NA
15786 33547968 NA
15787 33547968 NA
15788 33547968 NA
15789 33547968 NA
15790 33547968 NA
15791 33547968 NA
15792 33547968 NA
15793 33547968 NA
15794 33547968 NA
15795 33547968 NA
15796 32276402 NA
15797 32276402 NA
15798 32276402 NA
15799 32276402 NA
15800 32276402 NA
15801 32276402 NA
15802 32276402 NA
15803 32276402 NA
15804 32276402 NA
15805 32276402 NA
15806 32276402 NA
15807 32276402 NA
15808 30954904 NA
15809 30954904 NA
15810 30954904 NA
15811 30954904 NA
15812 30954904 NA
15813 30954904 NA
15814 30954904 NA
15815 30954904 NA
15816 30954904 NA
15817 30954904 NA
15818 30954904 NA
15819 30954904 NA
15820 30954904 NA
15821 30954904 NA
15822 30205425 NA
15823 30205425 NA
15824 30205425 NA
15825 30205425 NA
15826 30205425 NA
15827 30205425 NA
15828 30205425 NA
15829 30205425 NA
15830 30205425 NA
15831 30205425 NA
15832 30636139 NA
15833 30636139 NA
15834 30636139 NA
15835 30636139 NA
15836 30636139 NA
15837 30636139 NA
15838 30636139 NA
15839 30636139 NA
15840 30636139 NA
15841 30597662 NA
15842 30597662 NA
15843 30597662 NA
15844 30597662 NA
15845 30597662 NA
15846 30597662 NA
15847 30597662 NA
15848 30597662 NA
15849 31756395 NA
15850 31756395 NA
15851 31756395 NA
15852 31756395 NA
15853 31756395 NA
15854 31756395 NA
15855 31756395 NA
15856 31756395 NA
15857 33153087 NA
15858 33153087 NA
15859 33153087 NA
15860 33153087 NA
15861 33153087 NA
15862 33153087 NA
15863 33153087 NA
15864 33153087 NA
15865 34604682 NA
15866 34604682 NA
15867 34604682 NA
15868 34604682 NA
15869 34604682 NA
15870 34604682 NA
15871 34604682 NA
15872 34604682 NA
15873 36021253 NA
15874 36021253 NA
15875 36021253 NA
15876 36021253 NA
15877 36021253 NA
15878 36021253 NA
15879 36021253 NA
15880 36021253 NA
15881 36021253 NA
15882 36021253 NA
15883 37528055 NA
15884 37528055 NA
15885 37528055 NA
15886 37528055 NA
15887 37528055 NA
15888 37528055 NA
15889 37528055 NA
15890 37528055 NA
15891 39078936 NA
15892 39078936 NA
15893 39078936 NA
15894 39078936 NA
15895 39078936 NA
15896 39078936 NA
15897 39078936 NA
15898 39078936 NA
15899 40675581 NA
15900 40675581 NA
15901 40675581 NA
15902 40675581 NA
15903 40961429 NA
15904 41247277 NA
15905 41533125 NA
15906 41818973 NA
15907 42104821 NA
15908 42390669 NA
15909 42390669 NA
15910 42390669 NA
15911 42390669 NA
15912 42390669 NA
15913 42390669 NA
15914 42390669 NA
15915 42390669 NA
15916 42390669 NA
15917 42390669 NA
15918 42390669 NA
15919 44203660 NA
15920 44203660 NA
15921 44203660 NA
15922 44203660 NA
15923 44203660 NA
15924 44203660 NA
15925 44203660 NA
15926 44203660 NA
15927 44203660 NA
15928 44203660 NA
15929 44203660 NA
15930 44203660 NA
15931 44203660 NA
15932 46039783 NA
15933 46039783 NA
15934 46039783 NA
15935 46039783 NA
15936 46039783 NA
15937 46039783 NA
15938 46039783 NA
15939 46039783 NA
15940 46039783 NA
15941 46039783 NA
15942 46039783 NA
15943 46039783 NA
15944 46039783 NA
15945 46039783 NA
15946 46039783 NA
15947 47936711 NA
15948 47936711 NA
15949 47936711 NA
15950 47936711 NA
15951 47936711 NA
15952 47936711 NA
15953 47936711 NA
15954 47936711 NA
15955 47936711 NA
15956 47936711 NA
15957 47936711 NA
15958 47936711 NA
15959 47936711 NA
15960 47936711 NA
15961 47936711 NA
15962 47936711 NA
15963 47936711 NA
15964 49951289 NA
15965 49951289 NA
15966 49951289 NA
15967 49951289 NA
15968 49951289 NA
15969 49951289 NA
15970 49951289 NA
15971 49951289 NA
15972 49951289 NA
15973 49951289 NA
15974 49951289 NA
15975 49951289 NA
15976 49951289 NA
15977 49951289 NA
15978 49951289 NA
15979 49951289 NA
15980 49951289 NA
15981 49951289 NA
15982 49951289 NA
15983 49951289 NA
15984 51917507 NA
15985 51917507 NA
15986 51917507 NA
15987 51917507 NA
15988 51917507 NA
15989 51917507 NA
15990 51917507 NA
15991 51917507 NA
15992 51917507 NA
15993 51917507 NA
15994 51917507 NA
15995 51917507 NA
15996 51917507 NA
15997 51917507 NA
15998 51917507 NA
15999 51917507 NA
16000 51917507 NA
16001 51917507 NA
16002 51917507 NA
16003 51917507 NA
16004 54004111 NA
16005 54004111 NA
16006 54004111 NA
16007 54004111 NA
16008 54004111 NA
16009 54004111 NA
16010 54004111 NA
16011 54004111 NA
16012 54004111 NA
16013 54004111 NA
16014 54004111 NA
16015 54004111 NA
16016 54004111 NA
16017 54004111 NA
16018 54004111 NA
16019 54004111 NA
16020 54004111 NA
16021 56425264 NA
16022 56425264 NA
16023 56425264 NA
16024 56425264 NA
16025 56425264 NA
16026 56425264 NA
16027 56425264 NA
16028 56425264 NA
16029 56425264 NA
16030 56425264 NA
16031 56425264 NA
16032 56425264 NA
16033 56425264 NA
16034 56425264 NA
16035 56740471 NA
16036 57055677 NA
16037 57370884 NA
16038 57686091 NA
16039 58001298 NA
16040 58316504 NA
16041 58631711 NA
16042 58631711 NA
16043 58631711 NA
16044 58631711 NA
16045 58631711 NA
16046 58631711 NA
16047 58631711 NA
16048 58631711 NA
16049 58631711 NA
16050 58631711 NA
16051 58631711 NA
16052 58631711 NA
16053 58631711 NA
16054 58631711 NA
16055 58631711 NA
16056 58631711 NA
16057 58631711 NA
16058 58631711 NA
16059 61066303 NA
16060 61066303 NA
16061 61066303 NA
16062 61066303 NA
16063 61066303 NA
16064 61066303 NA
16065 61066303 NA
16066 61066303 NA
16067 61066303 NA
16068 61066303 NA
16069 61066303 NA
16070 61066303 NA
16071 61066303 NA
16072 61066303 NA
16073 61066303 NA
16074 61066303 NA
16075 61066303 NA
16076 61066303 NA
16077 61066303 NA
16078 63609974 NA
16079 63609974 NA
16080 63609974 NA
16081 63609974 NA
16082 63609974 NA
16083 63609974 NA
16084 63609974 NA
16085 63609974 NA
16086 63609974 NA
16087 63609974 NA
16088 63609974 NA
16089 63609974 NA
16090 63609974 NA
16091 63609974 NA
16092 63609974 NA
16093 63609974 NA
16094 63609974 NA
16095 66114673 NA
16096 66114673 NA
16097 66114673 NA
16098 66114673 NA
16099 66114673 NA
16100 66114673 NA
16101 66114673 NA
16102 66114673 NA
16103 66114673 NA
16104 66114673 NA
16105 66114673 NA
16106 66114673 NA
16107 66114673 NA
16108 66114673 NA
16109 66114673 NA
16110 66114673 NA
16111 66114673 NA
16112 66114673 NA
16113 68712128 NA
16114 68712128 NA
16115 68712128 NA
16116 68712128 NA
16117 68712128 NA
16118 68712128 NA
16119 68712128 NA
16120 68712128 NA
16121 68712128 NA
16122 68712128 NA
16123 68712128 NA
16124 68712128 NA
16125 68712128 NA
16126 68712128 NA
16127 68712128 NA
16128 68712128 NA
16129 68712128 NA
16130 68712128 NA
16131 68712128 NA
16132 71298905 NA
16133 71298905 NA
16134 71298905 NA
16135 71298905 NA
16136 71298905 NA
16137 71298905 NA
16138 71298905 NA
16139 71298905 NA
16140 71298905 NA
16141 71298905 NA
16142 71298905 NA
16143 71298905 NA
16144 71298905 NA
16145 71298905 NA
16146 71298905 NA
16147 71298905 NA
16148 74503559 NA
16149 74503559 NA
16150 74503559 NA
16151 74503559 NA
16152 74503559 NA
16153 74503559 NA
16154 74503559 NA
16155 74503559 NA
16156 74503559 NA
16157 74503559 NA
16158 74503559 NA
16159 74503559 NA
16160 74503559 NA
16161 74503559 NA
16162 74503559 NA
16163 74503559 NA
16164 74503559 NA
16165 74503559 NA
16166 74503559 NA
16167 77591470 NA
16168 77591470 NA
16169 77591470 NA
16170 77591470 NA
16171 77591470 NA
16172 77591470 NA
16173 77591470 NA
16174 77591470 NA
16175 77591470 NA
16176 77591470 NA
16177 77591470 NA
16178 77591470 NA
16179 77591470 NA
16180 77591470 NA
16181 77591470 NA
16182 77591470 NA
16183 77591470 NA
16184 77591470 NA
16185 77591470 NA
16186 77591470 NA
16187 80927643 NA
16188 80927643 NA
16189 80927643 NA
16190 80927643 NA
16191 80927643 NA
16192 80927643 NA
16193 80927643 NA
16194 80927643 NA
16195 80927643 NA
16196 80927643 NA
16197 80927643 NA
16198 80927643 NA
16199 80927643 NA
16200 80927643 NA
16201 80927643 NA
16202 80927643 NA
16203 80927643 NA
16204 80927643 NA
16205 80927643 NA
16206 80927643 NA
16207 80927643 NA
16208 84510873 NA
16209 84510873 NA
16210 84510873 NA
16211 84510873 NA
16212 84510873 NA
16213 84510873 NA
16214 84510873 NA
16215 84510873 NA
16216 84510873 NA
16217 84510873 NA
16218 84510873 NA
16219 84510873 NA
16220 84510873 NA
16221 84510873 NA
16222 84510873 NA
16223 84510873 NA
16224 84510873 NA
16225 84510873 NA
16226 84510873 NA
16227 84510873 NA
16228 84510873 NA
16229 84510873 NA
16230 88364776 NA
16231 88364776 NA
16232 88364776 NA
16233 88364776 NA
16234 88364776 NA
16235 88364776 NA
16236 88364776 NA
16237 88364776 NA
16238 88364776 NA
16239 88364776 NA
16240 88364776 NA
16241 88364776 NA
16242 88364776 NA
16243 88364776 NA
16244 88364776 NA
16245 88364776 NA
16246 88364776 NA
16247 88364776 NA
16248 88364776 NA
16249 92292246 NA
16250 92292246 NA
16251 92292246 NA
16252 92292246 NA
16253 92292246 NA
16254 92292246 NA
16255 92292246 NA
16256 92292246 NA
16257 92292246 NA
16258 92292246 NA
16259 92292246 NA
16260 92292246 NA
16261 92292246 NA
16262 92292246 NA
16263 92292246 NA
16264 92292246 NA
16265 92292246 NA
16266 92292246 NA
16267 92292246 NA
16268 92292246 NA
16269 96240610 NA
16270 96240610 NA
16271 96240610 NA
16272 96240610 NA
16273 96240610 NA
16274 96240610 NA
16275 96240610 NA
16276 96240610 NA
16277 96240610 NA
16278 96240610 NA
16279 96240610 NA
16280 96240610 NA
16281 96240610 NA
16282 96240610 NA
16283 96240610 NA
16284 96240610 NA
16285 96240610 NA
16286 96240610 NA
16287 99769761 NA
16288 99769761 NA
16289 99769761 NA
16290 99769761 NA
16291 99769761 NA
16292 99769761 NA
16293 99769761 NA
16294 99769761 NA
16295 99769761 NA
16296 99769761 NA
16297 99769761 NA
16298 99769761 NA
16299 99769761 NA
16300 99769761 NA
16301 99769761 NA
16302 99769761 NA
16303 99769761 NA
16304 99769761 NA
16305 99769761 NA
16306 99769761 NA
16307 99769761 NA
16308 99769761 NA
16309 99769761 NA
16310 96092219 NA
16311 96092219 NA
16312 96092219 NA
16313 96092219 NA
16314 96092219 NA
16315 96092219 NA
16316 96092219 NA
16317 96092219 NA
16318 96092219 NA
16319 96092219 NA
16320 96092219 NA
16321 96092219 NA
16322 96092219 NA
16323 96092219 NA
16324 96092219 NA
16325 96092219 NA
16326 96092219 NA
16327 96092219 NA
16328 96092219 NA
16329 96092219 NA
16330 96092219 NA
16331 96092219 NA
16332 96092219 NA
16333 96092219 NA
16334 96092219 NA
16335 91394719 NA
16336 91394719 NA
16337 91394719 NA
16338 91394719 NA
16339 91394719 NA
16340 91394719 NA
16341 91394719 NA
16342 91394719 NA
16343 91394719 NA
16344 91394719 NA
16345 91394719 NA
16346 91394719 NA
16347 91394719 NA
16348 91394719 NA
16349 91394719 NA
16350 91394719 NA
16351 91394719 NA
16352 91394719 NA
16353 91394719 NA
16354 91394719 NA
16355 91394719 NA
16356 86880286 NA
16357 86880286 NA
16358 86880286 NA
16359 86880286 NA
16360 86880286 NA
16361 86880286 NA
16362 86880286 NA
16363 86880286 NA
16364 86880286 NA
16365 86880286 NA
16366 86880286 NA
16367 86880286 NA
16368 86880286 NA
16369 86880286 NA
16370 86880286 NA
16371 86880286 NA
16372 86880286 NA
16373 86880286 NA
16374 86880286 NA
16375 86880286 NA
16376 86880286 NA
16377 86880286 NA
16378 86880286 NA
16379 82610178 NA
16380 82610178 NA
16381 82610178 NA
16382 82610178 NA
16383 82610178 NA
16384 82610178 NA
16385 82610178 NA
16386 82610178 NA
16387 82610178 NA
16388 82610178 NA
16389 82610178 NA
16390 82610178 NA
16391 82610178 NA
16392 82610178 NA
16393 82610178 NA
16394 82610178 NA
16395 82610178 NA
16396 82610178 NA
16397 82610178 NA
16398 82610178 NA
16399 82610178 NA
16400 78509100 NA
16401 78509100 NA
16402 78509100 NA
16403 78509100 NA
16404 78509100 NA
16405 78509100 NA
16406 78509100 NA
16407 78509100 NA
16408 78509100 NA
16409 78509100 NA
16410 78509100 NA
16411 78509100 NA
16412 78509100 NA
16413 78509100 NA
16414 78509100 NA
16415 78509100 NA
16416 74660193 NA
16417 74660193 NA
16418 74660193 NA
16419 74660193 NA
16420 74660193 NA
16421 74660193 NA
16422 74660193 NA
16423 74660193 NA
16424 74660193 NA
16425 74660193 NA
16426 74660193 NA
16427 74660193 NA
16428 74660193 NA
16429 74660193 NA
16430 70995780 NA
16431 70995780 NA
16432 70995780 NA
16433 70995780 NA
16434 70995780 NA
16435 70995780 NA
16436 70995780 NA
16437 70995780 NA
16438 70995780 NA
16439 70995780 NA
16440 70995780 NA
16441 70995780 NA
16442 70995780 NA
16443 70995780 NA
16444 70995780 NA
16445 70995780 NA
16446 70995780 NA
16447 67519891 NA
16448 67519891 NA
16449 67519891 NA
16450 67519891 NA
16451 67519891 NA
16452 67519891 NA
16453 67519891 NA
16454 67519891 NA
16455 67519891 NA
16456 67519891 NA
16457 67519891 NA
16458 67519891 NA
16459 67519891 NA
16460 67519891 NA
16461 67519891 NA
16462 67519891 NA
16463 67519891 NA
16464 67519891 NA
16465 67519891 NA
16466 67519891 NA
16467 67519891 NA
16468 67519891 NA
16469 67519891 NA
16470 64239370 NA
16471 64239370 NA
16472 64239370 NA
16473 64239370 NA
16474 64239370 NA
16475 64239370 NA
16476 64239370 NA
16477 64239370 NA
16478 64239370 NA
16479 64239370 NA
16480 64239370 NA
16481 64239370 NA
16482 45676012 NA
16483 45676012 NA
16484 45676012 NA
16485 45676012 NA
16486 45676012 NA
16487 45676012 NA
16488 45676012 NA
16489 45676012 NA
16490 45676012 NA
16491 45676012 NA
16492 45676012 NA
16493 45676012 NA
16494 45676012 NA
16495 45676012 NA
16496 45676012 NA
16497 45676012 NA
16498 45676012 NA
16499 45676012 NA
16500 43560972 NA
16501 43560972 NA
16502 43560972 NA
16503 43560972 NA
16504 43560972 NA
16505 43560972 NA
16506 43560972 NA
16507 43560972 NA
16508 43560972 NA
16509 43560972 NA
16510 43560972 NA
16511 43560972 NA
16512 43560972 NA
16513 43560972 NA
16514 43560972 NA
16515 43560972 NA
16516 43560972 NA
16517 43560972 NA
16518 43560972 NA
16519 43170578 NA
16520 43170578 NA
16521 43170578 NA
16522 43170578 NA
16523 43170578 NA
16524 43170578 NA
16525 43170578 NA
16526 43170578 NA
16527 43170578 NA
16528 43170578 NA
16529 43170578 NA
16530 41031312 NA
16531 41031312 NA
16532 41031312 NA
16533 41031312 NA
16534 41031312 NA
16535 41031312 NA
16536 41031312 NA
16537 41031312 NA
16538 41031312 NA
16539 41031312 NA
16540 39008781 NA
16541 39008781 NA
16542 39008781 NA
16543 39008781 NA
16544 39008781 NA
16545 39008781 NA
16546 39008781 NA
16547 39008781 NA
16548 39008781 NA
16549 39008781 NA
16550 39008781 NA
16551 37103671 NA
16552 37103671 NA
16553 37103671 NA
16554 37103671 NA
16555 37103671 NA
16556 37103671 NA
16557 37103671 NA
16558 37103671 NA
16559 37103671 NA
16560 37103671 NA
16561 37103671 NA
16562 37103671 NA
16563 35376471 NA
16564 35376471 NA
16565 35376471 NA
16566 35376471 NA
16567 35376471 NA
16568 35376471 NA
16569 35376471 NA
16570 35376471 NA
16571 35376471 NA
16572 35376471 NA
16573 36942560 NA
16574 36942560 NA
16575 36942560 NA
16576 36942560 NA
16577 36942560 NA
16578 36942560 NA
16579 36942560 NA
16580 36942560 NA
16581 36942560 NA
16582 36942560 NA
16583 38469608 NA
16584 38469608 NA
16585 38469608 NA
16586 38469608 NA
16587 38469608 NA
16588 38469608 NA
16589 38469608 NA
16590 38469608 NA
16591 38469608 NA
16592 38469608 NA
16593 38469608 NA
16594 38469608 NA
16595 38469608 NA
16596 40048070 NA
16597 40048070 NA
16598 40048070 NA
16599 40048070 NA
16600 40048070 NA
16601 40048070 NA
16602 40048070 NA
16603 40048070 NA
16604 40048070 NA
16605 40048070 NA
16606 40048070 NA
16607 40048070 NA
16608 40048070 NA
16609 40034123 NA
16610 40034123 NA
16611 40034123 NA
16612 40034123 NA
16613 40034123 NA
16614 40034123 NA
16615 40034123 NA
16616 40034123 NA
16617 40034123 NA
16618 40034123 NA
16619 40034123 NA
16620 40034123 NA
16621 40034123 NA
16622 38971464 NA
16623 38971464 NA
16624 38971464 NA
16625 38971464 NA
16626 38971464 NA
16627 38971464 NA
16628 38971464 NA
16629 38971464 NA
16630 38971464 NA
16631 38971464 NA
16632 38971464 NA
16633 37022890 NA
16634 37022890 NA
16635 37022890 NA
16636 37022890 NA
16637 37022890 NA
16638 37022890 NA
16639 37022890 NA
16640 37022890 NA
16641 37022890 NA
16642 37022890 NA
16643 35272210 NA
16644 35272210 NA
16645 35272210 NA
16646 35272210 NA
16647 35272210 NA
16648 35272210 NA
16649 35272210 NA
16650 35272210 NA
16651 35272210 NA
16652 35272210 NA
16653 35272210 NA
16654 35272210 NA
16655 35272210 NA
16656 33547236 NA
16657 33547236 NA
16658 33547236 NA
16659 33547236 NA
16660 33547236 NA
16661 33547236 NA
16662 33547236 NA
16663 33547236 NA
16665 33547236 NA
16666 33547236 NA
16668 33547236 NA
16669 33547236 NA
16670 33547236 NA
16671 33547236 NA
16672 32054314 NA
16673 32054314 NA
16674 32054314 NA
16675 32054314 NA
16676 32054314 NA
16677 32054314 NA
16678 32054314 NA
16679 32054314 NA
16680 32054314 NA
16681 32054314 NA
16682 32054314 NA
16683 32054314 NA
16684 30642249 NA
16686 30642249 NA
16687 30642249 NA
16688 30642249 NA
16689 30642249 NA
16690 30642249 NA
16691 30642249 NA
16692 30642249 NA
16693 30642249 NA
16694 31414892 NA
16695 31414892 NA
16696 31414892 NA
16697 31414892 NA
16698 31414892 NA
16699 31414892 NA
16700 31414892 NA
16701 31414892 NA
16702 31414892 NA
16703 31414892 NA
16704 31414892 NA
16705 31414892 NA
16706 32421986 NA
16707 32421986 NA
16708 32421986 NA
16709 32421986 NA
16710 32421986 NA
16711 32421986 NA
16712 32421986 NA
16715 32421986 NA
16717 32421986 NA
16719 33042846 NA
16720 33042846 NA
16721 33042846 NA
16722 33042846 NA
16723 33042846 NA
16724 33042846 NA
16725 33042846 NA
16726 33042846 NA
16728 33042846 NA
16731 34314833 NA
16732 34314833 NA
16733 34314833 NA
16734 34314833 NA
16735 34314833 NA
16736 34314833 NA
16737 34314833 NA
16738 34314833 NA
16739 34314833 NA
16740 34314833 NA
16741 35758584 NA
16742 35758584 NA
16743 35758584 NA
16744 35758584 NA
16745 35758584 NA
16746 35758584 NA
16747 35758584 NA
16748 35758584 NA
16749 35758584 NA
16750 35758584 NA
16751 35758584 NA
16752 35758584 NA
16753 35758584 NA
16754 35758584 NA
16755 35758584 NA
16756 35758584 NA
16757 35758584 NA
16759 36869056 NA
16760 36869056 NA
16761 36869056 NA
16762 36869056 NA
16763 36869056 NA
16764 36869056 NA
16765 36869056 NA
16766 36869056 NA
16767 36869056 NA
16768 36869056 NA
16769 36869056 NA
16770 36869056 NA
16771 36869056 NA
16772 36869056 NA
16773 37807820 NA
16774 37807820 NA
16775 37807820 NA
16777 37807820 NA
16778 37807820 NA
16779 37807820 NA
16780 37807820 NA
16781 37807820 NA
16782 37807820 NA
16783 37807820 NA
16784 37807820 NA
16785 37807820 NA
16786 37807820 NA
16787 37807820 NA
16788 38786783 NA
16789 38786783 NA
16790 38786783 NA
16791 38786783 NA
16792 38786783 NA
16793 38786783 NA
16794 38786783 NA
16795 38786783 NA
16796 38786783 NA
16797 38786783 NA
16798 38786783 NA
16799 38786783 NA
16800 38786783 NA
16801 38786783 NA
16802 37149590 NA
16803 37149590 NA
16804 37149590 NA
16807 37149590 NA
16808 37149590 NA
16809 37149590 NA
16810 37149590 NA
16811 37149590 NA
16812 37149590 NA
16813 37149590 NA
16814 35652518 NA
16815 35652518 NA
16816 35652518 NA
16817 35652518 NA
16818 35652518 NA
16820 35652518 NA
16821 35652518 NA
16823 35652518 NA
16824 35652518 NA
16825 35652518 NA
16826 34893118 NA
16827 34893118 NA
16828 34893118 NA
16829 34893118 NA
16830 34893118 NA
16831 34893118 NA
16832 34893118 NA
16833 34893118 NA
16834 34893118 NA
16835 34893118 NA
16836 34893118 NA
16837 34893118 NA
16838 34893118 NA
16839 34893118 NA
16840 34893118 NA
16841 33833962 NA
16842 33833962 NA
16843 33833962 NA
16844 33833962 NA
16845 33833962 NA
16847 33833962 NA
16849 33833962 NA
16850 33833962 NA
16851 33833962 NA
16852 33833962 NA
16853 33833962 NA
16854 33833962 NA
16855 32619075 NA
16856 32619075 NA
16857 31664466 NA
16858 31664466 NA
16859 31664466 NA
16860 31664466 NA
16861 31664466 NA
16862 31664466 NA
16863 31664466 NA
16864 31664466 NA
16865 31664466 NA
16866 31664466 NA
16867 31664466 NA
16869 31664466 NA
16870 31664466 NA
16871 31664466 NA
16872 31454157 NA
16873 31454157 NA
16874 31454157 NA
16875 31454157 NA
16876 31454157 NA
16878 31454157 NA
16879 31454157 NA
16880 31454157 NA
16881 31454157 NA
16884 31454157 NA
16885 31454157 NA
16886 31454157 NA
16887 31454157 NA
16888 32205649 NA
16889 32205649 NA
16890 32205649 NA
16892 32205649 NA
16893 32205649 NA
16894 32205649 NA
16895 32205649 NA
16896 32205649 NA
16897 32205649 NA
16898 32205649 NA
16899 32205649 NA
16900 32205649 NA
16901 32996412 NA
16902 32996412 NA
16903 32996412 NA
16904 32996412 NA
16905 32996412 NA
16906 32996412 NA
16907 32996412 NA
16908 32996412 NA
16909 32996412 NA
16910 32996412 NA
16911 32996412 NA
16912 32996412 NA
16913 34486518 NA
16914 34486518 NA
16915 34486518 NA
16916 34486518 NA
16917 34486518 NA
16918 34486518 NA
16919 34486518 NA
16920 34486518 NA
16921 34486518 NA
16922 34486518 NA
16923 34486518 NA
16924 34486518 NA
16925 34486518 NA
16926 34486518 NA
16927 35984131 NA
16928 35984131 NA
16929 35984131 NA
16930 35984131 NA
16931 35984131 NA
16932 35984131 NA
16933 35984131 NA
16934 35984131 NA
16935 35984131 NA
16937 35984131 NA
16938 35984131 NA
16939 35984131 NA
16940 35984131 NA
16941 37621508 NA
16942 37621508 NA
16943 37621508 NA
16944 37621508 NA
16945 37621508 NA
16946 37621508 NA
16949 37621508 NA
16950 37621508 NA
16951 37621508 NA
16952 37621508 NA
16953 37621508 NA
16954 37621508 NA
16955 37621508 NA
16956 39302046 NA
16957 39302046 NA
16958 39302046 NA
16959 39302046 NA
16960 39302046 NA
16967 45289807 NA
16968 45289807 NA
16969 45289807 NA
16970 45289807 NA
16971 45289807 NA
16972 45289807 NA
16974 45289807 NA
16975 45289807 NA
16976 47342658 NA
16977 47342658 NA
16978 47342658 NA
16979 47342658 NA
16980 47342658 NA
16981 47342658 NA
16982 47342658 NA
16984 47342658 NA
16985 47342658 NA
16986 47342658 NA
16987 47342658 NA
16988 47342658 NA
16989 47342658 NA
16990 47342658 NA
16991 47342658 NA
16992 47342658 NA
16993 47342658 NA
16994 47342658 NA
16999 49422944 NA
17001 49422944 NA
17006 49422944 NA
17007 49422944 NA
17014 49422944 NA
17015 49422944 NA
17016 49422944 NA
17017 49422944 NA
17018 49422944 NA
17019 49422944 NA
17020 49422944 NA
17021 49422944 NA
17022 49326288 NA
17023 49326288 NA
17024 49326288 NA
17025 49326288 NA
17026 49326288 NA
17027 49326288 NA
17028 49326288 NA
17029 49326288 NA
17031 49326288 NA
17032 49326288 NA
17033 49326288 NA
17034 49326288 NA
17035 49326288 NA
17036 49326288 NA
17037 49326288 NA
17038 49326288 NA
17039 49326288 NA
17040 49326288 NA
17042 49326288 NA
17044 49326288 NA
17045 49326288 NA
17046 49326288 NA
17047 49326288 NA
17048 48155753 NA
17049 48155753 NA
17050 48155753 NA
17051 48155753 NA
17052 48155753 NA
17053 48155753 NA
17054 48155753 NA
17055 48155753 NA
17056 48155753 NA
17057 48155753 NA
17058 48155753 NA
17059 48155753 NA
17060 48155753 NA
17061 48155753 NA
17062 48155753 NA
17063 48155753 NA
17064 48155753 NA
17069 48155753 NA
17070 48155753 NA
17071 48155753 NA
17072 48155753 NA
17073 48155753 NA
17075 48155753 NA
17076 48155753 NA
17077 46523503 NA
17078 46523503 NA
17079 46523503 NA
17080 46523503 NA
17081 46523503 NA
17083 46523503 NA
17084 46523503 NA
17085 46523503 NA
17086 46523503 NA
17087 46523503 NA
17088 46523503 NA
17089 46523503 NA
17091 46523503 NA
17092 46523503 NA
17093 46523503 NA
17094 46523503 NA
17095 46523503 NA
17096 46523503 NA
17097 46523503 NA
17098 46523503 NA
17099 46523503 NA
17100 46523503 NA
17101 46523503 NA
17102 46523503 NA
17103 44383189 NA
17104 44383189 NA
17105 44383189 NA
17106 44383189 NA
17107 44383189 NA
17108 44383189 NA
17109 44383189 NA
17110 44383189 NA
17111 44383189 NA
17112 44383189 NA
17113 44383189 NA
17114 44383189 NA
17115 44383189 NA
17117 44383189 NA
17118 44383189 NA
17123 44383189 NA
17124 44383189 NA
17125 44383189 NA
17126 44383189 NA
17127 44383189 NA
17129 44383189 NA
17130 44383189 NA
17131 44383189 NA
17132 43167466 NA
17133 43167466 NA
17134 43167466 NA
17135 43167466 NA
17136 43167466 NA
17138 43167466 NA
17139 43167466 NA
17140 43167466 NA
17141 43167466 NA
17142 43167466 NA
17143 43167466 NA
17144 43167466 NA
17145 43167466 NA
17146 43167466 NA
17147 43167466 NA
17148 43167466 NA
17149 43167466 NA
