"Index" "Price" "Volume"
14019 55 NA
14020 55 NA
14021 55 NA
14022 55 NA
14023 55 NA
14024 55 NA
14025 55 NA
14026 55 NA
14027 54 NA
14028 54 NA
14029 54 NA
14030 54 NA
14031 54 NA
14032 54 NA
14033 54 NA
14034 54 NA
14035 54 NA
14036 54 NA
14037 55 NA
14038 55 NA
14039 55 NA
14040 55 NA
14041 55 NA
14042 55 NA
14043 55 NA
14044 55 NA
14045 55 NA
14046 55 NA
14047 55 NA
14048 56 NA
14049 56 NA
14050 56 NA
14051 56 NA
14052 56 NA
14053 56 NA
14054 56 NA
14055 57 NA
14056 57 NA
14057 56 NA
14058 56 NA
14059 56 NA
14060 56 NA
14061 56 NA
14062 56 NA
14063 56 NA
14064 56 NA
14065 56 NA
14066 56 NA
14067 57 NA
14068 57 NA
14069 57 NA
14070 57 NA
14071 57 NA
14072 58 NA
14073 58 NA
14074 58 NA
14075 58 NA
14076 58 NA
14077 58 NA
14078 58 NA
14079 58 NA
14080 58 NA
14081 58 NA
14082 58 NA
14083 58 NA
14084 58 NA
14085 58 NA
14086 58 NA
14087 57 NA
14088 57 NA
14089 56 NA
14090 56 NA
14091 56 NA
14092 56 NA
14093 56 NA
14094 56 NA
14095 55 NA
14096 55 NA
14097 55 NA
14098 55 NA
14099 54 NA
14100 54 NA
14101 53 NA
14102 53 NA
14103 53 NA
14104 52 NA
14105 52 NA
14106 51 NA
14107 51 NA
14108 52 NA
14109 52 NA
14110 51 NA
14111 51 NA
14112 51 NA
14113 50 NA
14114 50 NA
14115 50 NA
14116 49 NA
14117 49 NA
14118 49 NA
14119 49 NA
14120 49 NA
14121 49 NA
14122 49 NA
14123 49 NA
14124 48 NA
14125 48 NA
14126 51 NA
14127 54 NA
14128 54 NA
14129 56 NA
14130 58 NA
14131 58 NA
14132 58 NA
14133 60 NA
14134 60 NA
14135 62 NA
14136 64 NA
14137 64 NA
14138 64 NA
14139 64 NA
14140 66 NA
14141 66 NA
14142 65 NA
14143 65 NA
14144 65 NA
14145 68 NA
14146 68 NA
14147 68 NA
14148 70 NA
14149 69 NA
14150 69 NA
14151 69 NA
14152 67 NA
14153 67 NA
14154 67 NA
14155 65 NA
14156 65 NA
14157 65 NA
14158 65 NA
14159 65 NA
14160 65 NA
14161 65 NA
14162 64 NA
14163 64 NA
14164 64 NA
14165 64 NA
14166 64 NA
14167 64 NA
14168 64 NA
14169 63 NA
14170 63 NA
14171 63 NA
14172 63 NA
14173 63 NA
14174 62 NA
14175 62 NA
14176 62 NA
14177 61 NA
14178 61 NA
14179 63 NA
14180 63 NA
14181 63 NA
14182 63 NA
14183 63 NA
14184 63 NA
14185 63 NA
14186 63 NA
14187 61 NA
14188 61 NA
14189 61 NA
14190 61 NA
14191 60 NA
14192 60 NA
14193 60 NA
14194 60 NA
14195 60 NA
14196 60 NA
14197 59 NA
14198 59 NA
14199 59 NA
14200 59 NA
14201 58 NA
14202 58 NA
14203 58 NA
14204 57 NA
14205 57 NA
14206 58 NA
14207 58 NA
14208 58 NA
14209 58 NA
14210 58 NA
14211 58 NA
14212 58 NA
14213 57 NA
14214 57 NA
14215 55 NA
14216 55 NA
14217 55 NA
14218 53 NA
14219 53 NA
14220 53 NA
14221 53 NA
14222 53 NA
14223 53 NA
14224 52 NA
14225 52 NA
14226 54 NA
14227 54 NA
14228 53 NA
14229 53 NA
14230 53 NA
14231 52 NA
14232 52 NA
14233 54 NA
14234 54 NA
14235 54 NA
14236 54 NA
14237 56 NA
14238 56 NA
14239 56 NA
14240 56 NA
14241 56 NA
14242 57 NA
14243 57 NA
14244 58 NA
14245 58 NA
14246 58 NA
14247 59 NA
14248 59 NA
14249 59 NA
14250 59 NA
14251 59 NA
14252 59 NA
14253 59 NA
14254 57 NA
14255 57 NA
14256 57 NA
14257 57 NA
14258 57 NA
14259 57 NA
14260 55 NA
14261 55 NA
14262 54 NA
14263 54 NA
14264 54 NA
14265 54 NA
14266 54 NA
14267 53 NA
14268 53 NA
14269 53 NA
14270 53 NA
14271 53 NA
14272 53 NA
14273 53 NA
14274 53 NA
14275 53 NA
14276 52 NA
14277 52 NA
14278 52 NA
14279 52 NA
14280 51 NA
14281 51 NA
14282 53 NA
14283 53 NA
14284 53 NA
14285 55 NA
14286 55 NA
14287 55 NA
14288 57 NA
14289 57 NA
14290 59 NA
14291 60 NA
14292 60 NA
14293 60 NA
14294 61 NA
14295 61 NA
14296 60 NA
14297 60 NA
14298 60 NA
14299 60 NA
14300 60 NA
14301 60 NA
14302 59 NA
14303 59 NA
14304 59 NA
14305 58 NA
14306 58 NA
14307 58 NA
14308 58 NA
14309 57 NA
14310 57 NA
14311 56 NA
14312 56 NA
14313 56 NA
14314 56 NA
14315 56 NA
14316 56 NA
14317 56 NA
14318 56 NA
14319 56 NA
14320 56 NA
14321 56 NA
14322 57 NA
14323 57 NA
14324 57 NA
14325 57 NA
14326 57 NA
14327 57 NA
14328 58 NA
14329 58 NA
14330 59 NA
14331 59 NA
14332 60 NA
14333 60 NA
14334 60 NA
14335 60 NA
14336 60 NA
14337 60 NA
14338 60 NA
14339 60 NA
14340 60 NA
14341 60 NA
14342 59 NA
14343 59 NA
14344 59 NA
14345 59 NA
14346 59 NA
14347 58 NA
14348 58 NA
14349 58 NA
14350 57 NA
14351 57 NA
14352 57 NA
14353 59 NA
14354 59 NA
14355 59 NA
14356 59 NA
14357 59 NA
14358 59 NA
14359 60 NA
14360 60 NA
14361 60 NA
14362 60 NA
14363 60 NA
14364 59 NA
14365 59 NA
14366 59 NA
14367 59 NA
14368 59 NA
14369 59 NA
14370 58 NA
14371 58 NA
14372 59 NA
14373 59 NA
14374 59 NA
14375 59 NA
14376 59 NA
14377 59 NA
14378 59 NA
14379 59 NA
14380 59 NA
14381 58 NA
14382 58 NA
14383 58 NA
14384 58 NA
14385 58 NA
14386 58 NA
14387 58 NA
14388 58 NA
14389 58 NA
14390 59 NA
14391 59 NA
14392 59 NA
14393 59 NA
14394 60 NA
14395 60 NA
14396 60 NA
14397 60 NA
14398 60 NA
14399 59 NA
14400 59 NA
14401 59 NA
14402 60 NA
14403 60 NA
14404 60 NA
14405 59 NA
14406 59 NA
14407 60 NA
14408 60 NA
14409 60 NA
14410 62 NA
14411 62 NA
14412 61 NA
14413 61 NA
14414 61 NA
14415 61 NA
14416 61 NA
14417 61 NA
14418 60 NA
14419 60 NA
14420 58 NA
14421 58 NA
14422 58 NA
14423 56 NA
14424 56 NA
14425 57 NA
14426 57 NA
14428 59 NA
14429 59 NA
14430 59 NA
14431 58 NA
14432 58 NA
14433 60 NA
14434 60 NA
14435 60 NA
14436 61 NA
14437 61 NA
14438 62 NA
14439 62 NA
14440 62 NA
14441 61 NA
14442 61 NA
14443 61 NA
14444 60 NA
14445 60 NA
14446 59 NA
14447 59 NA
14448 59 NA
14449 61 NA
14450 61 NA
14451 62 NA
14452 62 NA
14453 64 NA
14454 64 NA
14455 64 NA
14456 66 NA
14457 66 NA
14458 69 NA
14459 69 NA
14460 71 NA
14461 71 NA
14462 71 NA
14463 71 NA
14464 71 NA
14465 71 NA
14466 71 NA
14467 71 NA
14468 73 NA
14469 73 NA
14470 73 NA
14471 72 NA
14472 72 NA
14473 72 NA
14474 69 NA
14475 69 NA
14476 69 NA
14477 68 NA
14478 68 NA
14479 68 NA
14480 67 NA
14481 67 NA
14482 67 NA
14483 65 NA
14484 65 NA
14485 65 NA
14486 64 NA
14487 64 NA
14488 62 NA
14489 62 NA
14490 61 NA
14491 61 NA
14492 61 NA
14493 62 NA
14494 64 NA
14495 64 NA
14496 64 NA
14497 64 NA
14498 66 NA
14499 66 NA
14500 68 NA
14501 68 NA
14502 68 NA
14503 69 NA
14504 69 NA
14505 69 NA
14506 69 NA
14507 67 NA
14508 67 NA
14509 67 NA
14510 66 NA
14511 66 NA
14512 66 NA
14513 66 NA
14514 69 NA
14515 69 NA
14516 69 NA
14517 69 NA
14518 69 NA
14519 69 NA
14520 69 NA
14521 68 NA
14522 68 NA
14523 68 NA
14524 71 NA
14525 71 NA
14526 71 NA
14527 72 NA
14528 75 NA
14529 75 NA
14530 78 NA
14531 78 NA
14532 78 NA
14533 80 NA
14534 80 NA
14535 82 NA
14536 82 NA
14537 82 NA
14538 83 NA
14539 83 NA
14540 83 NA
14541 83 NA
14542 82 NA
14543 82 NA
14544 82 NA
14545 84 NA
14546 84 NA
14547 84 NA
14548 87 NA
14549 87 NA
14550 88 NA
14551 88 NA
14552 88 NA
14553 88 NA
14554 88 NA
14555 87 NA
14556 87 NA
14557 88 NA
14558 88 NA
14559 88 NA
14560 88 NA
14561 87 NA
14562 87 NA
14563 87 NA
14564 85 NA
14565 85 NA
14566 85 NA
14567 85 NA
14568 83 NA
14569 83 NA
14570 83 NA
14571 83 NA
14572 83 NA
14573 83 NA
14574 83 NA
14575 80 NA
14576 80 NA
14577 81 NA
14578 81 NA
14579 81 NA
14580 82 NA
14581 82 NA
14582 82 NA
14583 82 NA
14584 80 NA
14585 80 NA
14586 80 NA
14587 80 NA
14588 81 NA
14589 81 NA
14590 81 NA
14591 83 NA
14592 83 NA
14593 83 NA
14594 83 NA
14595 83 NA
14596 83 NA
14597 83 NA
14598 83 NA
14599 83 NA
14600 83 NA
14601 87 NA
14602 87 NA
14603 87 NA
14604 91 NA
14605 91 NA
14606 91 NA
14607 94 NA
14608 94 NA
14609 94 NA
14610 97 NA
14611 97 NA
14612 97 NA
14613 100 NA
14614 100 NA
14615 100 NA
14616 100 NA
14617 98 NA
14618 98 NA
14619 98 NA
14620 98 NA
14621 99 NA
14622 99 NA
14623 99 NA
14624 99 NA
14625 97 NA
14626 97 NA
14627 97 NA
14628 94 NA
14629 94 NA
14630 94 NA
14631 92 NA
14632 92 NA
14633 92 NA
14634 92 NA
14635 94 NA
14636 94 NA
14637 94 NA
14638 98 NA
14639 98 NA
14640 98 NA
14641 98 NA
14642 98 NA
14643 100 NA
14644 100 NA
14645 100 NA
14646 100 NA
14647 97 NA
14648 97 NA
14649 97 NA
14650 94 NA
14651 94 NA
14653 94 NA
14654 91 NA
14655 91 NA
14656 91 NA
14657 91 NA
14658 91 NA
14659 92 NA
14660 92 NA
14661 92 NA
14662 95 NA
14663 95 NA
14664 95 NA
14665 95 NA
14666 99 NA
14667 99 NA
14668 99 NA
14669 98 NA
14670 98 NA
14671 98 NA
14672 98 NA
14673 98 NA
14674 95 NA
14675 95 NA
14676 95 NA
14677 92 NA
14678 92 NA
14679 92 NA
14680 92 NA
14681 90 NA
14682 90 NA
14683 90 NA
14684 90 NA
14685 89 NA
14686 89 NA
14687 89 NA
14688 89 NA
14689 87 NA
14690 87 NA
14691 87 NA
14692 87 NA
14693 88 NA
14694 88 NA
14695 88 NA
14696 88 NA
14697 90 NA
14698 90 NA
14699 90 NA
14700 90 NA
14701 92 NA
14702 92 NA
14703 92 NA
14704 93 NA
14705 93 NA
14706 93 NA
14707 93 NA
14708 92 NA
14709 92 NA
14710 92 NA
14711 92 NA
14712 91 NA
14713 91 NA
14714 91 NA
14715 91 NA
14716 91 NA
14717 94 NA
14718 94 NA
14719 94 NA
14720 94 NA
14721 94 NA
14722 94 NA
14723 94 NA
14724 94 NA
14725 94 NA
14726 94 NA
14727 94 NA
14728 94 NA
14729 93 NA
14730 93 NA
14731 93 NA
14732 89 NA
14733 89 NA
14734 89 NA
14735 89 NA
14736 89 NA
14737 89 NA
14738 85 NA
14739 85 NA
14740 85 NA
14741 85 NA
14742 85 NA
14743 85 NA
14744 85 NA
14745 85 NA
14746 85 NA
14747 86 NA
14748 86 NA
14749 86 NA
14750 86 NA
14751 86 NA
14752 88 NA
14753 88 NA
14754 88 NA
14755 88 NA
14756 88 NA
14757 88 NA
14758 89 NA
14759 89 NA
14760 89 NA
14761 89 NA
14762 90 NA
14763 90 NA
14764 90 NA
14765 90 NA
14766 90 NA
14767 90 NA
14768 90 NA
14769 90 NA
14770 90 NA
14771 92 NA
14772 92 NA
14773 92 NA
14774 92 NA
14775 92 NA
14776 95 NA
14777 95 NA
14778 95 NA
14779 95 NA
14780 95 NA
14781 97 NA
14782 97 NA
14783 97 NA
14784 97 NA
14785 97 NA
14786 97 NA
14787 96 NA
14788 96 NA
14789 96 NA
14790 96 NA
14791 96 NA
14792 95 NA
14793 95 NA
14794 95 NA
14795 95 NA
14796 95 NA
14797 95 NA
14798 95 NA
14799 96 NA
14800 96 NA
14801 96 NA
14802 96 NA
14803 97 NA
14804 97 NA
14805 97 NA
14806 97 NA
14807 97 NA
14808 98 NA
14809 98 NA
14810 98 NA
14811 98 NA
14812 98 NA
14813 99 NA
14814 99 NA
14815 99 NA
14816 99 NA
14817 99 NA
14818 97 NA
14819 97 NA
14820 97 NA
14821 97 NA
14822 97 NA
14823 96 NA
14824 96 NA
14825 96 NA
14826 96 NA
14827 96 NA
14828 95 NA
14829 95 NA
14830 95 NA
14831 95 NA
14832 96 NA
14833 96 NA
14834 96 NA
14835 96 NA
14836 97 NA
14837 97 NA
14838 97 NA
14839 97 NA
14840 97 NA
14841 97 NA
14842 95 NA
14843 95 NA
14844 95 NA
14845 95 NA
14846 95 NA
14847 95 NA
14848 95 NA
14849 95 NA
14850 95 NA
14851 95 NA
14852 95 NA
14853 98 NA
14854 98 NA
14855 98 NA
14856 98 NA
14857 98 NA
14858 98 NA
14859 98 NA
14860 98 NA
14861 97 NA
14862 97 NA
14863 97 NA
14864 97 NA
14865 97 NA
14866 97 NA
14867 97 NA
14868 97 NA
14869 97 NA
14870 97 NA
14871 97 NA
14872 97 NA
14873 97 NA
14874 95 NA
14875 95 NA
14876 95 NA
14877 95 NA
14878 95 NA
14879 95 NA
14880 97 NA
14881 97 NA
14882 97 NA
14883 97 NA
14884 97 NA
14885 97 NA
14886 97 NA
14887 97 NA
14888 100 NA
14889 100 NA
14890 100 NA
14891 100 NA
14892 100 NA
14893 100 NA
14894 100 NA
14895 99 NA
14896 99 NA
14897 99 NA
14898 99 NA
14899 99 NA
14900 99 NA
14901 100 NA
14902 100 NA
14903 100 NA
14904 100 NA
14905 100 NA
14906 100 NA
14907 100 NA
14908 100 NA
14909 101 NA
14910 101 NA
14911 101 NA
14912 101 NA
14913 101 NA
14914 101 NA
14915 101 NA
14916 99 NA
14917 99 NA
14918 99 NA
14920 99 NA
14921 99 NA
14922 96 NA
14923 96 NA
14924 96 NA
14925 96 NA
14926 96 NA
14927 96 NA
14928 96 NA
14929 96 NA
14930 93 NA
14931 93 NA
14932 93 NA
14933 93 NA
14934 93 NA
14935 93 NA
14936 93 NA
14937 89 NA
14938 89 NA
14939 89 NA
14940 89 NA
14941 89 NA
14942 89 NA
14943 89 NA
14944 88 NA
14945 88 NA
14946 88 NA
14947 88 NA
14948 88 NA
14949 88 NA
14950 88 NA
14951 85 NA
14952 85 NA
14953 85 NA
14954 85 NA
14955 85 NA
14956 85 NA
14957 85 NA
14958 86 NA
14959 86 NA
14960 86 NA
14961 86 NA
14962 86 NA
14963 86 NA
14964 86 NA
14965 87 NA
14966 87 NA
14967 87 NA
14968 87 NA
14969 87 NA
14970 89 NA
14971 89 NA
14972 89 NA
14973 89 NA
14974 89 NA
14975 89 NA
14976 87 NA
14981 87 NA
14983 85 NA
14990 85 NA
14992 85 NA
14993 82 NA
14996 82 NA
14998 80 NA
15001 80 NA
15003 83 NA
15009 83 NA
15011 82 NA
15013 82 NA
15016 78 NA
15019 74 NA
15020 74 NA
15023 72 NA
15025 72 NA
15026 71 NA
15029 71 NA
15031 70 NA
15033 70 NA
15035 72 NA
15038 72 NA
15039 73 NA
15044 75 NA
15051 75 NA
15052 75 NA
15054 76 NA
15055 76 NA
15058 78 NA
15061 78 NA
15064 79 NA
15071 79 NA
15073 79 NA
15076 80 NA
15080 80 NA
15084 82 NA
15091 82 NA
15094 82 NA
15095 80 NA
15098 80 NA
15101 79 NA
15108 79 NA
15110 79 NA
15114 77 NA
15121 77 NA
15128 77 NA
15132 78 NA
15136 78 NA
15140 77 NA
15145 77 NA
15147 76 NA
15150 76 NA
15151 73 NA
15156 70 NA
15163 70 NA
15170 70 NA
15177 70 NA
15184 70 NA
15187 70 NA
15191 71 NA
15194 71 NA
15196 72 NA
15199 72 NA
15204 75 NA
15210 76 NA
15217 76 NA
15219 79 NA
15226 79 NA
15227 79 NA
15229 80 NA
15236 80 NA
15243 80 NA
15250 80 NA
15257 82 NA
15258 82 NA
15264 81 NA
15271 81 NA
15273 81 NA
15275 79 NA
15281 79 NA
15283 77 NA
15291 74 NA
15297 74 NA
15299 71 NA
15306 71 NA
15307 71 NA
15310 68 NA
15317 68 NA
15318 68 NA
15319 65 NA
15326 65 NA
15327 62 NA
15334 62 NA
15335 61 NA
15340 61 NA
15341 61 NA
15342 57 NA
15343 57 NA
15344 57 NA
15345 57 NA
15346 57 NA
15347 57 NA
15348 57 NA
15349 58 NA
15350 58 NA
15351 58 NA
15352 58 NA
15353 58 NA
15354 58 NA
15355 58 NA
15356 58 NA
15357 58 NA
15358 58 NA
15359 58 NA
15360 58 NA
15361 58 NA
15362 58 NA
15363 59 NA
15364 59 NA
15365 59 NA
15366 59 NA
15367 59 NA
15368 59 NA
15369 59 NA
15370 59 NA
15371 59 NA
15372 59 NA
15373 59 NA
15374 59 NA
15375 59 NA
15376 59 NA
15377 59 NA
15378 60 NA
15379 60 NA
15380 60 NA
15381 60 NA
15382 60 NA
15383 60 NA
15384 60 NA
15385 60 NA
15386 60 NA
15387 61 NA
15388 61 NA
15389 61 NA
15390 61 NA
15391 61 NA
15392 61 NA
15393 61 NA
15394 61 NA
15395 61 NA
15396 61 NA
15397 61 NA
15398 61 NA
15399 62 NA
15400 62 NA
15401 62 NA
15402 62 NA
15403 62 NA
15404 62 NA
15405 62 NA
15406 62 NA
15407 63 NA
15408 63 NA
15409 63 NA
15410 63 NA
15411 63 NA
15412 63 NA
15413 63 NA
15414 65 NA
15415 65 NA
15416 65 NA
15417 65 NA
15418 65 NA
15419 65 NA
15420 65 NA
15421 65 NA
15422 65 NA
15423 65 NA
15424 66 NA
15425 66 NA
15426 66 NA
15427 66 NA
15428 66 NA
15429 66 NA
15430 68 NA
15431 68 NA
15432 68 NA
15433 68 NA
15434 68 NA
15435 68 NA
15436 68 NA
15437 68 NA
15438 69 NA
15439 69 NA
15440 69 NA
15441 69 NA
15442 69 NA
15443 69 NA
15444 69 NA
15445 69 NA
15446 70 NA
15447 70 NA
15448 70 NA
15449 70 NA
15450 70 NA
15451 70 NA
15452 70 NA
15453 70 NA
15454 70 NA
15455 70 NA
15456 70 NA
15457 70 NA
15458 70 NA
15459 70 NA
15460 70 NA
15461 70 NA
15462 70 NA
15463 70 NA
15464 70 NA
15465 71 NA
15466 71 NA
15467 71 NA
15468 71 NA
15469 71 NA
15470 71 NA
15471 71 NA
15472 71 NA
15473 70 NA
15474 70 NA
15475 70 NA
15476 70 NA
15477 70 NA
15478 70 NA
15479 70 NA
15480 70 NA
15481 70 NA
15482 70 NA
15483 70 NA
15484 70 NA
15485 70 NA
15486 70 NA
15487 70 NA
15488 71 NA
15489 71 NA
15490 71 NA
15491 71 NA
15492 71 NA
15493 71 NA
15494 71 NA
15495 71 NA
15496 71 NA
15497 71 NA
15498 73 NA
15499 73 NA
15500 73 NA
15501 73 NA
15502 73 NA
15503 73 NA
15504 75 NA
15505 75 NA
15506 75 NA
15507 75 NA
15508 75 NA
15509 75 NA
15510 75 NA
15511 76 NA
15512 76 NA
15513 76 NA
15514 76 NA
15515 76 NA
15516 76 NA
15517 76 NA
15518 77 NA
15519 77 NA
15520 77 NA
15521 77 NA
15522 77 NA
15523 77 NA
15524 77 NA
15525 77 NA
15526 77 NA
15527 75 NA
15528 75 NA
15529 75 NA
15530 75 NA
15531 75 NA
15532 75 NA
15533 75 NA
15534 75 NA
15535 75 NA
15536 75 NA
15537 75 NA
15538 75 NA
15539 75 NA
15540 75 NA
15541 75 NA
15542 75 NA
15543 75 NA
15544 76 NA
15545 76 NA
15546 76 NA
15547 76 NA
15548 76 NA
15549 76 NA
15550 76 NA
15551 76 NA
15552 76 NA
15553 76 NA
15554 76 NA
15555 76 NA
15556 76 NA
15557 76 NA
15558 76 NA
15559 76 NA
15560 76 NA
15561 76 NA
15562 76 NA
15563 76 NA
15564 76 NA
15565 76 NA
15566 76 NA
15567 78 NA
15568 78 NA
15569 78 NA
15570 78 NA
15571 78 NA
15572 78 NA
15573 78 NA
15574 78 NA
15575 78 NA
15576 78 NA
15577 80 NA
15578 80 NA
15579 80 NA
15580 80 NA
15581 80 NA
15582 80 NA
15583 80 NA
15584 80 NA
15585 80 NA
15586 80 NA
15587 80 NA
15588 80 NA
15589 80 NA
15590 80 NA
15591 80 NA
15592 80 NA
15593 80 NA
15594 80 NA
15595 80 NA
15596 78 NA
15597 78 NA
15598 78 NA
15599 78 NA
15600 78 NA
15601 78 NA
15602 78 NA
15603 78 NA
15604 78 NA
15605 78 NA
15606 78 NA
15607 74 NA
15608 74 NA
15609 74 NA
15610 74 NA
15611 74 NA
15612 74 NA
15613 74 NA
15614 74 NA
15615 74 NA
15616 74 NA
15617 74 NA
15618 72 NA
15619 72 NA
15620 72 NA
15621 72 NA
15622 72 NA
15623 72 NA
15624 72 NA
15625 72 NA
15626 72 NA
15627 72 NA
15628 72 NA
15629 72 NA
15630 72 NA
15631 70 NA
15632 70 NA
15633 70 NA
15634 70 NA
15635 70 NA
15636 70 NA
15637 70 NA
15638 70 NA
15639 70 NA
15640 70 NA
15641 70 NA
15642 70 NA
15643 70 NA
15644 70 NA
15645 68 NA
15646 68 NA
15647 68 NA
15648 68 NA
15649 68 NA
15650 68 NA
15651 68 NA
15652 68 NA
15653 68 NA
15654 68 NA
15655 68 NA
15656 68 NA
15657 68 NA
15658 68 NA
15659 68 NA
15660 68 NA
15661 68 NA
15662 68 NA
15663 68 NA
15664 68 NA
15665 68 NA
15666 68 NA
15667 68 NA
15668 68 NA
15669 68 NA
15670 70 NA
15671 70 NA
15672 70 NA
15673 70 NA
15674 70 NA
15675 70 NA
15676 70 NA
15677 70 NA
15678 70 NA
15679 70 NA
15680 70 NA
15681 70 NA
15682 70 NA
15683 72 NA
15684 72 NA
15685 72 NA
15686 72 NA
15687 72 NA
15688 72 NA
15689 72 NA
15690 72 NA
15691 72 NA
15692 72 NA
15693 72 NA
15694 72 NA
15695 72 NA
15696 72 NA
15697 72 NA
15698 72 NA
15699 72 NA
15700 72 NA
15701 72 NA
15702 72 NA
15703 72 NA
15704 72 NA
15705 72 NA
15706 72 NA
15707 72 NA
15708 72 NA
15709 72 NA
15710 72 NA
15711 72 NA
15712 73 NA
15713 73 NA
15714 73 NA
15715 73 NA
15716 73 NA
15717 73 NA
15718 73 NA
15719 73 NA
15720 73 NA
15721 73 NA
15722 73 NA
15723 73 NA
15724 73 NA
15725 73 NA
15726 73 NA
15727 73 NA
15728 74 NA
15729 74 NA
15730 74 NA
15731 74 NA
15732 74 NA
15733 74 NA
15734 74 NA
15735 74 NA
15736 74 NA
15737 74 NA
15738 74 NA
15739 74 NA
15740 74 NA
15741 74 NA
15742 74 NA
15743 74 NA
15744 74 NA
15745 74 NA
15746 74 NA
15747 74 NA
15748 73 NA
15749 73 NA
15750 73 NA
15751 73 NA
15752 73 NA
15753 73 NA
15754 73 NA
15755 73 NA
15756 73 NA
15757 73 NA
15758 73 NA
15759 73 NA
15760 73 NA
15761 73 NA
15762 73 NA
15763 73 NA
15764 73 NA
15765 73 NA
15766 72 NA
15767 72 NA
15768 72 NA
15769 72 NA
15770 72 NA
15771 72 NA
15772 72 NA
15773 72 NA
15774 72 NA
15775 72 NA
15776 72 NA
15777 72 NA
15778 72 NA
15779 72 NA
15780 72 NA
15781 72 NA
15782 72 NA
15783 72 NA
15784 72 NA
15785 72 NA
15786 72 NA
15787 72 NA
15788 72 NA
15789 72 NA
15790 72 NA
15791 72 NA
15792 72 NA
15793 72 NA
15794 72 NA
15795 72 NA
15796 72 NA
15797 72 NA
15798 72 NA
15799 72 NA
15800 72 NA
15801 71 NA
15802 71 NA
15803 71 NA
15804 71 NA
15805 71 NA
15806 71 NA
15807 71 NA
15808 71 NA
15809 71 NA
15810 71 NA
15811 71 NA
15812 71 NA
15813 71 NA
15814 71 NA
15815 71 NA
15816 71 NA
15817 69 NA
15818 69 NA
15819 69 NA
15820 69 NA
15821 69 NA
15822 69 NA
15823 69 NA
15824 69 NA
15825 69 NA
15826 69 NA
15827 69 NA
15828 69 NA
15829 69 NA
15830 69 NA
15831 69 NA
15832 69 NA
15833 69 NA
15834 69 NA
15835 69 NA
15836 69 NA
15837 69 NA
15838 69 NA
15839 69 NA
15840 69 NA
15841 69 NA
15842 69 NA
15843 69 NA
15844 69 NA
15845 69 NA
15846 69 NA
15847 69 NA
15848 69 NA
15849 69 NA
15850 69 NA
15851 69 NA
15852 69 NA
15853 69 NA
15854 69 NA
15855 69 NA
15856 66 NA
15857 66 NA
15858 66 NA
15859 66 NA
15860 66 NA
15861 66 NA
15862 66 NA
15863 66 NA
15864 66 NA
15865 66 NA
15866 66 NA
15867 66 NA
15868 66 NA
15869 66 NA
15870 66 NA
15871 66 NA
15872 66 NA
15873 66 NA
15874 66 NA
15875 66 NA
15876 66 NA
15877 66 NA
15878 63 NA
15879 63 NA
15880 63 NA
15881 63 NA
15882 63 NA
15883 63 NA
15884 63 NA
15885 63 NA
15886 63 NA
15887 63 NA
15888 63 NA
15889 63 NA
15890 63 NA
15891 63 NA
15892 63 NA
15893 63 NA
15894 63 NA
15895 63 NA
15896 63 NA
15897 63 NA
15898 63 NA
15899 63 NA
15900 63 NA
15901 63 NA
15902 64 NA
15903 64 NA
15904 64 NA
15905 64 NA
15906 64 NA
15907 64 NA
15908 64 NA
15909 64 NA
15910 64 NA
15911 64 NA
15912 64 NA
15913 64 NA
15914 64 NA
15915 64 NA
15916 64 NA
15917 64 NA
15918 64 NA
15919 64 NA
15920 64 NA
15921 64 NA
15922 64 NA
15923 64 NA
15924 64 NA
15925 64 NA
15926 64 NA
15927 64 NA
15928 64 NA
15929 64 NA
15930 65 NA
15931 65 NA
15932 65 NA
15933 65 NA
15934 65 NA
15935 65 NA
15936 65 NA
15937 65 NA
15938 65 NA
15939 65 NA
15940 65 NA
15941 65 NA
15942 65 NA
15943 65 NA
15944 65 NA
15945 65 NA
15946 65 NA
15947 65 NA
15948 65 NA
15949 65 NA
15950 65 NA
15951 65 NA
15952 65 NA
15953 65 NA
15954 65 NA
15955 65 NA
15956 65 NA
15957 65 NA
15958 65 NA
15959 65 NA
15960 65 NA
15961 65 NA
15962 65 NA
15963 65 NA
15964 65 NA
15965 65 NA
15966 65 NA
15967 65 NA
15968 65 NA
15969 65 NA
15970 65 NA
15971 65 NA
15972 65 NA
15973 65 NA
15974 65 NA
15975 65 NA
15976 65 NA
15977 65 NA
15978 65 NA
15979 65 NA
15980 65 NA
15981 65 NA
15982 65 NA
15983 65 NA
15984 65 NA
15985 65 NA
15986 65 NA
15987 65 NA
15988 65 NA
15989 65 NA
15990 65 NA
15991 65 NA
15992 65 NA
15993 65 NA
15994 65 NA
15995 65 NA
15996 65 NA
15997 65 NA
15998 65 NA
15999 65 NA
16000 65 NA
16001 65 NA
16002 65 NA
16003 65 NA
16004 65 NA
16005 65 NA
16006 65 NA
16007 65 NA
16008 65 NA
16009 65 NA
16010 65 NA
16011 65 NA
16012 65 NA
16013 65 NA
16014 65 NA
16015 65 NA
16016 65 NA
16017 65 NA
16018 65 NA
16019 65 NA
16020 65 NA
16021 65 NA
16022 65 NA
16023 65 NA
16024 65 NA
16025 65 NA
16026 65 NA
16027 65 NA
16028 65 NA
16029 65 NA
16030 65 NA
16031 65 NA
16032 65 NA
16033 65 NA
16034 65 NA
16035 65 NA
16036 65 NA
16037 65 NA
16038 65 NA
16039 65 NA
16040 65 NA
16041 65 NA
16042 65 NA
16043 65 NA
16044 65 NA
16045 65 NA
16046 65 NA
16047 65 NA
16048 65 NA
16049 65 NA
16050 65 NA
16051 65 NA
16052 65 NA
16053 65 NA
16054 65 NA
16055 65 NA
16056 65 NA
16057 65 NA
16058 65 NA
16059 65 NA
16060 65 NA
16061 65 NA
16062 65 NA
16063 65 NA
16064 65 NA
16065 65 NA
16066 65 NA
16067 65 NA
16068 65 NA
16069 65 NA
16070 65 NA
16071 65 NA
16072 65 NA
16073 65 NA
16074 65 NA
16075 65 NA
16076 65 NA
16077 65 NA
16078 65 NA
16079 65 NA
16080 65 NA
16081 65 NA
16082 65 NA
16083 65 NA
16084 65 NA
16085 65 NA
16086 65 NA
16087 65 NA
16088 65 NA
16089 65 NA
16090 65 NA
16091 65 NA
16092 63 NA
16093 63 NA
16094 63 NA
16095 63 NA
16096 63 NA
16097 63 NA
16098 63 NA
16099 63 NA
16100 63 NA
16101 63 NA
16102 63 NA
16103 63 NA
16104 63 NA
16105 63 NA
16106 63 NA
16107 63 NA
16108 63 NA
16109 63 NA
16110 63 NA
16111 63 NA
16112 63 NA
16113 63 NA
16114 63 NA
16115 63 NA
16116 63 NA
16117 64 NA
16118 64 NA
16119 64 NA
16120 64 NA
16121 64 NA
16122 64 NA
16123 64 NA
16124 64 NA
16125 64 NA
16126 64 NA
16127 64 NA
16128 64 NA
16129 64 NA
16130 64 NA
16131 64 NA
16132 64 NA
16133 64 NA
16134 64 NA
16135 64 NA
16136 64 NA
16137 64 NA
16138 64 NA
16139 64 NA
16140 64 NA
16141 64 NA
16142 64 NA
16143 64 NA
16144 64 NA
16145 64 NA
16146 63 NA
16147 63 NA
16148 63 NA
16149 63 NA
16150 63 NA
16151 63 NA
16152 63 NA
16153 63 NA
16154 63 NA
16155 63 NA
16156 63 NA
16157 63 NA
16158 63 NA
16159 63 NA
16160 63 NA
16161 63 NA
16162 63 NA
16163 63 NA
16164 63 NA
16165 63 NA
16166 63 NA
16167 63 NA
16168 63 NA
16169 63 NA
16170 63 NA
16171 63 NA
16172 63 NA
16173 63 NA
16174 63 NA
16175 63 NA
16176 63 NA
16177 63 NA
16178 63 NA
16179 63 NA
16180 63 NA
16181 63 NA
16182 65 NA
16183 65 NA
16184 65 NA
16185 65 NA
16186 65 NA
16187 65 NA
16188 65 NA
16189 65 NA
16190 65 NA
16191 65 NA
16192 65 NA
16193 65 NA
16194 65 NA
16195 65 NA
16196 65 NA
16197 65 NA
16198 65 NA
16199 65 NA
16200 65 NA
16201 65 NA
16202 65 NA
16203 65 NA
16204 65 NA
16205 65 NA
16206 65 NA
16207 65 NA
16208 65 NA
16209 65 NA
16210 65 NA
16211 65 NA
16212 65 NA
16213 65 NA
16214 65 NA
16215 65 NA
16216 65 NA
16217 65 NA
16218 65 NA
16219 65 NA
16220 65 NA
16221 65 NA
16222 65 NA
16223 65 NA
16224 65 NA
16225 65 NA
16226 66 NA
16227 66 NA
16228 66 NA
16229 66 NA
16230 66 NA
16231 66 NA
16232 66 NA
16233 66 NA
16234 66 NA
16235 66 NA
16236 66 NA
16237 66 NA
16238 66 NA
16239 66 NA
16240 66 NA
16241 66 NA
16242 66 NA
16243 66 NA
16244 66 NA
16245 66 NA
16246 66 NA
16247 66 NA
16248 66 NA
16249 66 NA
16250 66 NA
16251 66 NA
16252 66 NA
16253 66 NA
16254 66 NA
16255 67 NA
16256 67 NA
16257 67 NA
16258 67 NA
16259 67 NA
16260 67 NA
16261 67 NA
16262 67 NA
16263 67 NA
16264 67 NA
16265 67 NA
16266 67 NA
16267 67 NA
16268 67 NA
16269 67 NA
16270 67 NA
16271 67 NA
16272 67 NA
16273 67 NA
16274 67 NA
16275 67 NA
16276 67 NA
16277 67 NA
16278 67 NA
16279 69 NA
16280 69 NA
16281 69 NA
16282 69 NA
16283 69 NA
16284 69 NA
16285 69 NA
16286 69 NA
16287 69 NA
16288 69 NA
16289 69 NA
16290 69 NA
16291 69 NA
16292 69 NA
16293 69 NA
16294 69 NA
16295 69 NA
16296 69 NA
16297 69 NA
16298 69 NA
16299 69 NA
16300 69 NA
16301 69 NA
16302 69 NA
16303 69 NA
16304 71 NA
16305 71 NA
16306 71 NA
16307 71 NA
16308 71 NA
16309 71 NA
16310 71 NA
16311 71 NA
16312 71 NA
16313 71 NA
16314 71 NA
16315 71 NA
16316 71 NA
16317 71 NA
16318 71 NA
16319 71 NA
16320 71 NA
16321 71 NA
16322 71 NA
16323 71 NA
16324 71 NA
16325 71 NA
16326 71 NA
16327 71 NA
16328 71 NA
16329 71 NA
16330 71 NA
16331 71 NA
16332 71 NA
16333 71 NA
16334 71 NA
16335 72 NA
16336 72 NA
16337 72 NA
16338 72 NA
16339 72 NA
16340 72 NA
16341 72 NA
16342 72 NA
16343 72 NA
16344 72 NA
16345 72 NA
16346 72 NA
16347 72 NA
16348 72 NA
16349 72 NA
16350 72 NA
16351 72 NA
16352 72 NA
16353 72 NA
16354 72 NA
16355 72 NA
16356 72 NA
16357 72 NA
16358 72 NA
16359 72 NA
16360 72 NA
16361 72 NA
16362 72 NA
16363 72 NA
16364 72 NA
16365 72 NA
16366 72 NA
16367 72 NA
16368 72 NA
16369 72 NA
16370 72 NA
16371 74 NA
16372 74 NA
16373 74 NA
16374 74 NA
16375 74 NA
16376 74 NA
16377 74 NA
16378 74 NA
16379 74 NA
16380 74 NA
16381 74 NA
16382 74 NA
16383 74 NA
16384 74 NA
16385 74 NA
16386 74 NA
16387 74 NA
16388 74 NA
16389 74 NA
16390 74 NA
16391 74 NA
16392 74 NA
16393 74 NA
16394 74 NA
16395 74 NA
16396 74 NA
16397 74 NA
16398 74 NA
16399 74 NA
16400 74 NA
16401 74 NA
16402 74 NA
16403 74 NA
16404 74 NA
16405 74 NA
16406 74 NA
16407 74 NA
16408 74 NA
16409 74 NA
16410 74 NA
16411 74 NA
16412 74 NA
16413 74 NA
16414 74 NA
16415 74 NA
16416 74 NA
16417 74 NA
16418 74 NA
16419 74 NA
16420 74 NA
16421 74 NA
16422 74 NA
16423 74 NA
16424 74 NA
16425 74 NA
16426 74 NA
16427 74 NA
16428 74 NA
16429 74 NA
16430 74 NA
16431 74 NA
16432 74 NA
16433 74 NA
16434 73 NA
16435 73 NA
16436 73 NA
16437 73 NA
16438 73 NA
16439 73 NA
16440 73 NA
16441 73 NA
16442 73 NA
16443 73 NA
16444 73 NA
16445 73 NA
16446 73 NA
16447 73 NA
16448 73 NA
16449 73 NA
16450 73 NA
16451 73 NA
16452 73 NA
16453 73 NA
16454 73 NA
16455 73 NA
16456 73 NA
16457 73 NA
16458 73 NA
16459 73 NA
16460 73 NA
16461 73 NA
16462 73 NA
16463 73 NA
16464 73 NA
16465 73 NA
16466 73 NA
16467 73 NA
16468 73 NA
16469 73 NA
16470 73 NA
16471 73 NA
16472 73 NA
16473 73 NA
16474 73 NA
16475 73 NA
16476 73 NA
16477 73 NA
16478 73 NA
16479 73 NA
16480 72 NA
16481 72 NA
16482 72 NA
16483 72 NA
16484 72 NA
16485 72 NA
16486 72 NA
16487 72 NA
16488 72 NA
16489 72 NA
16490 72 NA
16491 72 NA
16492 72 NA
16493 72 NA
16494 72 NA
16495 72 NA
16496 72 NA
16497 72 NA
16498 72 NA
16499 72 NA
16500 72 NA
16501 72 NA
16502 72 NA
16503 72 NA
16504 72 NA
16505 72 NA
16506 72 NA
16507 72 NA
16508 72 NA
16509 72 NA
16510 72 NA
16511 72 NA
16512 72 NA
16513 72 NA
16514 72 NA
16515 72 NA
16516 72 NA
16517 72 NA
16518 72 NA
16519 72 NA
16520 72 NA
16521 72 NA
16522 72 NA
16523 72 NA
16524 72 NA
16525 72 NA
16526 72 NA
16527 72 NA
16528 72 NA
16529 72 NA
16530 72 NA
16531 72 NA
16532 72 NA
16533 72 NA
16534 72 NA
16535 72 NA
16536 71 NA
16537 71 NA
16538 71 NA
16539 71 NA
16540 71 NA
16541 71 NA
16542 71 NA
16543 71 NA
16544 71 NA
16545 71 NA
16546 71 NA
16547 71 NA
16548 71 NA
16549 71 NA
16550 71 NA
16551 71 NA
16552 71 NA
16553 71 NA
16554 71 NA
16555 71 NA
16556 71 NA
16557 71 NA
16558 71 NA
16559 71 NA
16560 71 NA
16561 71 NA
16562 71 NA
16563 71 NA
16564 71 NA
16565 71 NA
16566 71 NA
16567 71 NA
16568 71 NA
16569 71 NA
16570 71 NA
16571 71 NA
16572 71 NA
16573 71 NA
16574 71 NA
16575 71 NA
16576 71 NA
16577 69 NA
16578 69 NA
16579 69 NA
16580 69 NA
16581 69 NA
16582 69 NA
16583 69 NA
16584 69 NA
16585 69 NA
16586 69 NA
16587 69 NA
16588 69 NA
16589 69 NA
16590 69 NA
16591 69 NA
16592 69 NA
16593 69 NA
16594 69 NA
16595 69 NA
16596 69 NA
16597 69 NA
16598 69 NA
16599 69 NA
16600 69 NA
16601 69 NA
16602 69 NA
16603 69 NA
16604 69 NA
16605 69 NA
16606 69 NA
16607 69 NA
16608 69 NA
16609 69 NA
16610 69 NA
16611 69 NA
16612 69 NA
16613 69 NA
16614 69 NA
16615 69 NA
16616 68 NA
16617 68 NA
16618 68 NA
16619 68 NA
16620 68 NA
16621 68 NA
16622 68 NA
16623 68 NA
16624 68 NA
16625 68 NA
16626 68 NA
16627 68 NA
16628 68 NA
16629 68 NA
16630 68 NA
16631 68 NA
16632 68 NA
16633 68 NA
16634 68 NA
16635 68 NA
16636 68 NA
16637 68 NA
16638 68 NA
16639 68 NA
16640 68 NA
16641 68 NA
16642 68 NA
16643 68 NA
16644 68 NA
16645 68 NA
16646 68 NA
16647 68 NA
16648 68 NA
16649 68 NA
16650 68 NA
16651 68 NA
16652 68 NA
16653 68 NA
16654 68 NA
16655 68 NA
16656 68 NA
16657 68 NA
16658 68 NA
16659 68 NA
16660 68 NA
16661 68 NA
16662 68 NA
16663 68 NA
16665 68 NA
16666 68 NA
16668 68 NA
16669 68 NA
16670 68 NA
16671 68 NA
16672 68 NA
16673 68 NA
16674 68 NA
16675 68 NA
16676 68 NA
16677 68 NA
16678 68 NA
16679 68 NA
16680 68 NA
16681 68 NA
16682 68 NA
16683 68 NA
16684 68 NA
16686 68 NA
16687 68 NA
16688 68 NA
16689 68 NA
16690 68 NA
16691 68 NA
16692 68 NA
16693 68 NA
16694 68 NA
16695 68 NA
16696 68 NA
16697 68 NA
16698 68 NA
16699 68 NA
16700 68 NA
16701 68 NA
16702 68 NA
16703 68 NA
16704 68 NA
16705 68 NA
16706 68 NA
16707 68 NA
16708 68 NA
16709 68 NA
16710 68 NA
16711 68 NA
16712 68 NA
16715 68 NA
16717 68 NA
16719 68 NA
16720 68 NA
16721 68 NA
16722 68 NA
16723 68 NA
16724 68 NA
16725 68 NA
16726 68 NA
16728 68 NA
16731 68 NA
16732 68 NA
16733 68 NA
16734 68 NA
16735 68 NA
16736 68 NA
16737 68 NA
16738 68 NA
16739 68 NA
16740 68 NA
16741 68 NA
16742 68 NA
16743 68 NA
16744 68 NA
16745 68 NA
16746 68 NA
16747 68 NA
16748 68 NA
16749 68 NA
16750 68 NA
16751 68 NA
16752 68 NA
16753 68 NA
16754 68 NA
16755 68 NA
16756 68 NA
16757 68 NA
16759 70 NA
16760 70 NA
16761 70 NA
16762 70 NA
16763 70 NA
16764 70 NA
16765 70 NA
16766 70 NA
16767 70 NA
16768 70 NA
16769 70 NA
16770 70 NA
16771 70 NA
16772 70 NA
16773 70 NA
16774 70 NA
16775 70 NA
16777 70 NA
16778 70 NA
16779 70 NA
16780 70 NA
16781 70 NA
16782 70 NA
16783 70 NA
16784 70 NA
16785 70 NA
16786 70 NA
16787 70 NA
16788 70 NA
16789 70 NA
16790 70 NA
16791 70 NA
16792 70 NA
16793 70 NA
16794 70 NA
16795 70 NA
16796 70 NA
16797 70 NA
16798 70 NA
16799 70 NA
16800 70 NA
16801 70 NA
16802 70 NA
16803 70 NA
16804 70 NA
16807 70 NA
16808 70 NA
16809 70 NA
16810 70 NA
16811 70 NA
16812 70 NA
16813 70 NA
16814 70 NA
16815 70 NA
16816 70 NA
16817 70 NA
16818 70 NA
16820 70 NA
16821 70 NA
16823 70 NA
16824 70 NA
16825 70 NA
16826 70 NA
16827 70 NA
16828 70 NA
16829 70 NA
16830 70 NA
16831 70 NA
16832 70 NA
16833 70 NA
16834 70 NA
16835 70 NA
16836 70 NA
16837 70 NA
16838 70 NA
16839 70 NA
16840 70 NA
16841 70 NA
16842 70 NA
16843 70 NA
16844 72 NA
16845 72 NA
16847 72 NA
16849 72 NA
16850 72 NA
16851 72 NA
16852 72 NA
16853 72 NA
16854 72 NA
16855 72 NA
16856 72 NA
16857 72 NA
16858 72 NA
16859 72 NA
16860 72 NA
16861 72 NA
16862 72 NA
16863 72 NA
16864 72 NA
16865 72 NA
16866 72 NA
16867 72 NA
16869 74 NA
16870 74 NA
16871 74 NA
16872 74 NA
16873 74 NA
16874 74 NA
16875 74 NA
16876 74 NA
16878 74 NA
16879 74 NA
16880 74 NA
16881 74 NA
16884 74 NA
16885 74 NA
16886 74 NA
16887 74 NA
16888 74 NA
16889 74 NA
16890 74 NA
16892 74 NA
16893 74 NA
16894 74 NA
16895 74 NA
16896 74 NA
16897 74 NA
16898 74 NA
16899 74 NA
16900 74 NA
16901 74 NA
16902 74 NA
16903 74 NA
16904 74 NA
16905 76 NA
16906 76 NA
16907 76 NA
16908 76 NA
16909 76 NA
16910 76 NA
16911 76 NA
16912 76 NA
16913 76 NA
16914 76 NA
16915 76 NA
16916 76 NA
16917 76 NA
16918 76 NA
16919 76 NA
16920 76 NA
16921 76 NA
16922 76 NA
16923 76 NA
16924 76 NA
16925 76 NA
16926 76 NA
16927 76 NA
16928 76 NA
16929 76 NA
16930 76 NA
16931 76 NA
16932 76 NA
16933 76 NA
16934 76 NA
16935 76 NA
16937 76 NA
16938 76 NA
16939 76 NA
16940 79 NA
16941 79 NA
16942 79 NA
16943 79 NA
16944 79 NA
16945 79 NA
16946 79 NA
16949 79 NA
16950 79 NA
16951 79 NA
16952 79 NA
16953 79 NA
16954 79 NA
16955 79 NA
16956 79 NA
16957 79 NA
16958 79 NA
16959 79 NA
16960 79 NA
16967 79 NA
16968 79 NA
16969 79 NA
16970 79 NA
16971 79 NA
16972 79 NA
16974 79 NA
16975 79 NA
16976 79 NA
16977 79 NA
16978 79 NA
16979 82 NA
16980 82 NA
16981 82 NA
16982 82 NA
16984 82 NA
16985 82 NA
16986 82 NA
16987 82 NA
16988 82 NA
16989 82 NA
16990 82 NA
16991 82 NA
16992 82 NA
16993 82 NA
16994 82 NA
16999 82 NA
17001 82 NA
17006 82 NA
17007 82 NA
17014 82 NA
17015 82 NA
17016 82 NA
17017 82 NA
17018 82 NA
17019 82 NA
17020 82 NA
17021 82 NA
17022 82 NA
17023 82 NA
17024 85 NA
17025 85 NA
17026 85 NA
17027 85 NA
17028 85 NA
17029 85 NA
17031 85 NA
17032 85 NA
17033 85 NA
17034 85 NA
17035 85 NA
17036 85 NA
17037 85 NA
17038 85 NA
17039 85 NA
17040 85 NA
17042 85 NA
17044 85 NA
17045 85 NA
17046 85 NA
17047 85 NA
17048 85 NA
17049 85 NA
17050 85 NA
17051 85 NA
17052 85 NA
17053 85 NA
17054 85 NA
17055 85 NA
17056 85 NA
17057 85 NA
17058 85 NA
17059 85 NA
17060 85 NA
17061 85 NA
17062 85 NA
17063 85 NA
17064 85 NA
17069 85 NA
17070 85 NA
17071 85 NA
17072 88 NA
17073 88 NA
17075 88 NA
17076 88 NA
17077 88 NA
17078 88 NA
17079 88 NA
17080 88 NA
17081 88 NA
17083 88 NA
17084 88 NA
17085 88 NA
17086 88 NA
17087 88 NA
17088 88 NA
17089 88 NA
17091 88 NA
17092 88 NA
17093 88 NA
17094 88 NA
17095 88 NA
17096 88 NA
17097 88 NA
17098 88 NA
17099 88 NA
17100 88 NA
17101 88 NA
17102 88 NA
17103 88 NA
17104 88 NA
17105 88 NA
17106 88 NA
17107 88 NA
17108 88 NA
17109 88 NA
17110 88 NA
17111 88 NA
17112 88 NA
17113 88 NA
17114 88 NA
17115 88 NA
17117 88 NA
17118 88 NA
17123 91 NA
17124 91 NA
17125 91 NA
17126 91 NA
17127 91 NA
17129 91 NA
17130 91 NA
17131 91 NA
17132 91 NA
17133 91 NA
17134 91 NA
17135 91 NA
17136 91 NA
17138 91 NA
17139 91 NA
17140 91 NA
17141 91 NA
17142 91 NA
17143 91 NA
17144 91 NA
17145 91 NA
17146 91 NA
17147 91 NA
17148 91 NA
17149 91 NA
