"Index" "Price" "Volume"
14019 329200 NA
14020 330200 NA
14021 334400 NA
14022 334400 NA
14023 338300 NA
14024 338300 NA
14025 347400 NA
14026 347400 NA
14027 350800 NA
14028 350800 NA
14029 344100 NA
14030 344100 NA
14031 343900 NA
14032 341500 NA
14033 341000 NA
14034 340100 NA
14035 340500 NA
14036 344200 NA
14037 349700 NA
14038 355800 NA
14039 365500 NA
14040 365500 NA
14041 369900 NA
14042 371600 NA
14043 374100 NA
14044 376900 NA
14045 384500 NA
14046 384500 NA
14047 386500 NA
14048 384000 NA
14049 378100 NA
14050 375500 NA
14051 375500 NA
14052 374100 NA
14053 377000 NA
14054 377000 NA
14055 380500 NA
14056 383500 NA
14057 386400 NA
14058 388700 NA
14059 387800 NA
14060 384200 NA
14061 381200 NA
14062 375300 NA
14063 375300 NA
14064 375500 NA
14065 379500 NA
14066 381800 NA
14067 385700 NA
14068 390800 NA
14069 399600 NA
14070 399600 NA
14071 404300 NA
14072 409900 NA
14073 413100 NA
14074 413100 NA
14075 413100 NA
14076 404200 NA
14077 391300 NA
14078 378700 NA
14079 369600 NA
14080 362100 NA
14081 354500 NA
14082 348300 NA
14083 341900 NA
14084 341800 NA
14085 344200 NA
14086 344200 NA
14087 348900 NA
14088 353950 NA
14089 359000 NA
14090 362600 NA
14091 372200 NA
14092 372200 NA
14093 376400 NA
14094 380400 NA
14095 389700 NA
14096 390700 NA
14097 390700 NA
14098 388300 NA
14099 383800 NA
14100 376800 NA
14101 370800 NA
14102 365900 NA
14103 361300 NA
14104 355300 NA
14105 351000 NA
14106 347500 NA
14107 345500 NA
14108 351700 NA
14109 367400 NA
14110 370800 NA
14111 369300 NA
14112 369300 NA
14113 360100 NA
14114 347200 NA
14115 347200 NA
14116 341800 NA
14117 338000 NA
14118 342400 NA
14119 348800 NA
14120 353200 NA
14121 357200 NA
14122 357200 NA
14123 342500 NA
14124 325500 NA
14125 309300 NA
14126 280400 NA
14127 282300 NA
14128 282300 NA
14129 306600 NA
14130 316100 NA
14131 316100 NA
14132 323800 NA
14133 327900 NA
14134 331200 NA
14135 328200 NA
14136 319700 NA
14137 313800 NA
14138 313800 NA
14139 310300 NA
14140 301400 NA
14141 296800 NA
14142 296800 NA
14143 298600 NA
14144 309100 NA
14145 319800 NA
14146 312100 NA
14147 307200 NA
14148 302400 NA
14149 311600 NA
14150 311600 NA
14151 314100 NA
14152 302700 NA
14153 290300 NA
14154 278100 NA
14155 266600 NA
14156 256200 NA
14157 256200 NA
14158 265400 NA
14159 267000 NA
14160 265300 NA
14161 265300 NA
14162 264600 NA
14163 264600 NA
14164 267500 NA
14165 270600 NA
14166 275700 NA
14167 279000 NA
14168 281500 NA
14169 282300 NA
14170 289400 NA
14171 306000 NA
14172 306000 NA
14173 315000 NA
14174 322300 NA
14175 318800 NA
14176 318800 NA
14177 324100 NA
14178 324100 NA
14179 332100 NA
14180 339500 NA
14181 347500 NA
14182 348300 NA
14183 351300 NA
14184 357300 NA
14185 370700 NA
14186 377200 NA
14187 377500 NA
14188 377500 NA
14189 376900 NA
14190 374400 NA
14191 370700 NA
14192 374500 NA
14193 378400 NA
14194 381200 NA
14195 375000 NA
14196 363600 NA
14197 351200 NA
14198 338900 NA
14199 316200 NA
14200 305600 NA
14201 302200 NA
14202 302200 NA
14203 309000 NA
14204 317300 NA
14205 317300 NA
14206 320900 NA
14207 327100 NA
14208 326900 NA
14209 326900 NA
14210 325900 NA
14211 311800 NA
14212 311800 NA
14213 310400 NA
14214 311100 NA
14215 310000 NA
14216 304300 NA
14217 298100 NA
14218 297100 NA
14219 299800 NA
14220 306000 NA
14221 316600 NA
14222 316600 NA
14223 319000 NA
14224 328100 NA
14225 328100 NA
14226 336900 NA
14227 343100 NA
14228 345600 NA
14229 344500 NA
14230 337000 NA
14231 321700 NA
14232 320700 NA
14233 320700 NA
14234 323900 NA
14235 336300 NA
14236 347100 NA
14237 352900 NA
14238 352900 NA
14239 338100 NA
14240 338100 NA
14241 332800 NA
14242 335900 NA
14243 343700 NA
14244 351100 NA
14245 351100 NA
14246 351600 NA
14247 350000 NA
14248 351100 NA
14249 353100 NA
14250 352200 NA
14251 349000 NA
14252 344000 NA
14253 339800 NA
14254 337300 NA
14255 337300 NA
14256 339000 NA
14257 341500 NA
14258 341500 NA
14259 340500 NA
14260 340700 NA
14261 343400 NA
14262 350100 NA
14263 350100 NA
14264 359000 NA
14265 359000 NA
14266 362800 NA
14267 373700 NA
14268 373700 NA
14269 379700 NA
14270 379700 NA
14271 379800 NA
14272 372400 NA
14273 372400 NA
14274 361500 NA
14275 356700 NA
14276 361400 NA
14277 361400 NA
14278 369800 NA
14279 368700 NA
14280 361200 NA
14281 361200 NA
14282 347300 NA
14283 347300 NA
14284 347300 NA
14285 359500 NA
14286 359500 NA
14287 364900 NA
14288 366500 NA
14289 368900 NA
14290 369000 NA
14291 366300 NA
14292 358100 NA
14293 358100 NA
14294 352200 NA
14295 352200 NA
14296 355900 NA
14297 355900 NA
14298 357400 NA
14299 354300 NA
14300 349700 NA
14301 344900 NA
14302 340300 NA
14303 342600 NA
14304 343200 NA
14305 346000 NA
14306 350700 NA
14307 353300 NA
14308 353300 NA
14309 350800 NA
14310 349300 NA
14311 357100 NA
14312 391700 NA
14313 391400 NA
14314 391400 NA
14315 372700 NA
14316 344600 NA
14317 344600 NA
14318 347700 NA
14319 349100 NA
14320 347200 NA
14321 345300 NA
14322 346400 NA
14323 350200 NA
14324 352400 NA
14325 350900 NA
14326 344600 NA
14327 340500 NA
14328 338200 NA
14329 337900 NA
14330 338600 NA
14331 338600 NA
14332 339600 NA
14333 341200 NA
14334 344300 NA
14335 344200 NA
14336 346300 NA
14337 346300 NA
14338 347900 NA
14339 348900 NA
14340 348900 NA
14341 347600 NA
14342 346400 NA
14343 348000 NA
14344 351800 NA
14345 355700 NA
14346 355300 NA
14347 352300 NA
14348 352300 NA
14349 350800 NA
14350 349300 NA
14351 349300 NA
14352 348700 NA
14353 346300 NA
14354 346300 NA
14355 344900 NA
14356 345000 NA
14357 348100 NA
14358 349900 NA
14359 353400 NA
14360 358000 NA
14361 361200 NA
14362 367800 NA
14363 368800 NA
14364 368800 NA
14365 367100 NA
14366 365000 NA
14367 362400 NA
14368 362400 NA
14369 362300 NA
14370 362800 NA
14371 361800 NA
14372 358700 NA
14373 358700 NA
14374 359100 NA
14375 358000 NA
14376 356700 NA
14377 354000 NA
14378 335200 NA
14379 319600 NA
14380 319600 NA
14381 306300 NA
14382 305100 NA
14383 314500 NA
14384 321500 NA
14385 325000 NA
14386 327200 NA
14387 326200 NA
14388 324300 NA
14389 327500 NA
14390 328100 NA
14391 328100 NA
14392 339800 NA
14393 339800 NA
14394 346300 NA
14395 362000 NA
14396 367600 NA
14397 372200 NA
14398 372200 NA
14399 364400 NA
14400 359900 NA
14401 359900 NA
14402 359500 NA
14403 359000 NA
14404 359300 NA
14405 362300 NA
14406 365100 NA
14407 365100 NA
14408 368100 NA
14409 373300 NA
14410 380700 NA
14411 390600 NA
14412 418800 NA
14413 433000 NA
14414 433000 NA
14415 442100 NA
14416 445200 NA
14417 444100 NA
14418 438300 NA
14419 442800 NA
14420 453200 NA
14421 453200 NA
14422 466800 NA
14423 491600 NA
14424 491600 NA
14425 501100 NA
14426 510100 NA
14427 524000 NA
14428 538400 NA
14429 570700 NA
14430 570700 NA
14431 587500 NA
14432 589600 NA
14433 570100 NA
14434 570100 NA
14435 548600 NA
14436 544200 NA
14437 544200 NA
14438 561900 NA
14439 578000 NA
14440 590000 NA
14441 536200 NA
14442 510000 NA
14443 528400 NA
14444 579500 NA
14445 579500 NA
14446 630600 NA
14447 591600 NA
14448 591600 NA
14449 562900 NA
14450 538000 NA
14451 539900 NA
14452 562800 NA
14453 562800 NA
14454 581200 NA
14455 581200 NA
14456 585400 NA
14457 592900 NA
14458 595300 NA
14459 599200 NA
14460 599000 NA
14461 587200 NA
14462 562000 NA
14463 540900 NA
14464 542600 NA
14465 553400 NA
14466 566700 NA
14467 578000 NA
14468 593000 NA
14469 599000 NA
14470 609200 NA
14471 620100 NA
14472 632500 NA
14473 632500 NA
14474 638800 NA
14475 640200 NA
14476 640200 NA
14477 649500 NA
14478 649500 NA
14479 654400 NA
14480 654600 NA
14481 608700 NA
14482 608700 NA
14483 581500 NA
14484 581500 NA
14485 603800 NA
14486 630000 NA
14487 651500 NA
14488 657400 NA
14489 644000 NA
14490 648800 NA
14491 648800 NA
14492 665300 NA
14493 684400 NA
14494 722400 NA
14495 722400 NA
14496 731200 NA
14497 745700 NA
14498 763200 NA
14499 787100 NA
14500 809600 NA
14501 821600 NA
14502 825400 NA
14503 808100 NA
14504 791400 NA
14505 791400 NA
14506 793800 NA
14507 816700 NA
14508 839200 NA
14509 864100 NA
14510 876500 NA
14511 854900 NA
14512 821500 NA
14513 821500 NA
14514 825900 NA
14515 883800 NA
14516 883800 NA
14517 879400 NA
14518 879400 NA
14519 893800 NA
14520 893800 NA
14521 918400 NA
14522 975300 NA
14523 975300 NA
14524 983900 NA
14525 985900 NA
14526 953900 NA
14527 914100 NA
14528 911800 NA
14529 911800 NA
14530 930900 NA
14531 930900 NA
14532 979100 NA
14533 1e+06 NA
14534 1e+06 NA
14535 1e+06 NA
14536 1e+06 NA
14537 1e+06 NA
14538 1e+06 NA
14539 1e+06 NA
14540 1e+06 NA
14541 1100000 NA
14542 1100000 NA
14543 1100000 NA
14544 1100000 NA
14545 966500 NA
14546 918300 NA
14547 874100 NA
14548 871700 NA
14549 907000 NA
14550 942700 NA
14551 972900 NA
14552 1e+06 NA
14553 1e+06 NA
14554 1e+06 NA
14555 986100 NA
14556 986100 NA
14557 979100 NA
14558 1e+06 NA
14559 1e+06 NA
14560 1e+06 NA
14561 1e+06 NA
14562 1e+06 NA
14563 1e+06 NA
14564 998700 NA
14565 1e+06 NA
14566 999200 NA
14567 999200 NA
14568 1e+06 NA
14569 990700 NA
14570 1e+06 NA
14571 1e+06 NA
14572 1e+06 NA
14573 1e+06 NA
14574 1100000 NA
14575 1100000 NA
14576 1100000 NA
14577 1100000 NA
14578 1200000 NA
14579 1200000 NA
14580 1100000 NA
14581 1100000 NA
14582 1e+06 NA
14583 1e+06 NA
14584 1100000 NA
14585 1100000 NA
14586 1100000 NA
14587 1100000 NA
14588 1100000 NA
14589 1100000 NA
14590 1100000 NA
14591 1200000 NA
14592 1200000 NA
14593 1200000 NA
14594 1200000 NA
14595 1300000 NA
14596 1300000 NA
14597 1300000 NA
14598 1300000 NA
14599 1400000 NA
14600 1400000 NA
14601 1400000 NA
14602 1300000 NA
14603 1300000 NA
14604 1300000 NA
14605 1300000 NA
14606 1300000 NA
14607 1400000 NA
14608 1400000 NA
14609 1400000 NA
14610 1400000 NA
14611 1400000 NA
14612 1300000 NA
14613 1200000 NA
14614 1100000 NA
14615 1100000 NA
14616 1200000 NA
14617 1200000 NA
14618 1300000 NA
14619 1300000 NA
14620 1300000 NA
14621 1300000 NA
14622 1300000 NA
14623 1400000 NA
14624 1400000 NA
14625 1300000 NA
14626 1200000 NA
14627 1200000 NA
14628 1200000 NA
14629 1300000 NA
14630 1300000 NA
14631 1300000 NA
14632 1300000 NA
14633 1300000 NA
14634 1300000 NA
14635 1300000 NA
14636 1300000 NA
14637 1300000 NA
14638 1300000 NA
14639 1300000 NA
14640 1300000 NA
14641 1300000 NA
14642 1300000 NA
14643 1300000 NA
14644 1300000 NA
14645 1300000 NA
14646 1300000 NA
14647 1400000 NA
14648 1300000 NA
14649 1300000 NA
14650 1300000 NA
14651 1300000 NA
14653 1400000 NA
14654 1400000 NA
14655 1400000 NA
14656 1400000 NA
14657 1400000 NA
14658 1400000 NA
14659 1400000 NA
14660 1400000 NA
14661 1400000 NA
14662 1400000 NA
14663 1400000 NA
14664 1400000 NA
14665 1300000 NA
14666 1400000 NA
14667 1400000 NA
14668 1400000 NA
14669 1400000 NA
14670 1300000 NA
14671 1200000 NA
14672 1200000 NA
14673 1200000 NA
14674 1200000 NA
14675 1300000 NA
14676 1300000 NA
14677 1300000 NA
14678 1200000 NA
14679 1200000 NA
14680 1200000 NA
14681 1300000 NA
14682 1300000 NA
14683 1300000 NA
14684 1300000 NA
14685 1400000 NA
14686 1400000 NA
14687 1500000 NA
14688 1500000 NA
14689 1600000 NA
14690 1600000 NA
14691 1500000 NA
14692 1500000 NA
14693 1400000 NA
14694 1400000 NA
14695 1400000 NA
14696 1500000 NA
14697 1500000 NA
14698 1500000 NA
14699 1500000 NA
14700 1500000 NA
14701 1500000 NA
14702 1600000 NA
14703 1600000 NA
14704 1600000 NA
14705 1500000 NA
14706 1500000 NA
14707 1500000 NA
14708 1600000 NA
14709 1600000 NA
14710 1700000 NA
14711 1700000 NA
14712 1500000 NA
14713 1500000 NA
14714 1500000 NA
14715 1600000 NA
14716 1600000 NA
14717 1600000 NA
14718 1600000 NA
14719 1600000 NA
14720 1600000 NA
14721 1600000 NA
14722 1700000 NA
14723 1700000 NA
14724 1600000 NA
14725 1600000 NA
14726 1600000 NA
14727 1600000 NA
14728 1600000 NA
14729 1600000 NA
14730 1600000 NA
14731 1600000 NA
14732 1600000 NA
14733 1600000 NA
14734 1500000 NA
14735 1500000 NA
14736 1600000 NA
14737 1600000 NA
14738 1600000 NA
14739 1600000 NA
14740 1600000 NA
14741 1600000 NA
14742 1600000 NA
14743 1700000 NA
14744 1700000 NA
14745 1800000 NA
14746 1800000 NA
14747 1700000 NA
14748 1600000 NA
14749 1600000 NA
14750 1600000 NA
14751 1600000 NA
14752 1700000 NA
14753 1700000 NA
14754 1700000 NA
14755 1700000 NA
14756 1700000 NA
14757 1700000 NA
14758 1800000 NA
14759 1800000 NA
14760 1800000 NA
14761 1800000 NA
14762 1800000 NA
14763 1800000 NA
14764 1800000 NA
14765 1900000 NA
14766 1900000 NA
14767 1900000 NA
14768 1800000 NA
14769 1800000 NA
14770 1900000 NA
14771 1900000 NA
14772 1900000 NA
14773 1900000 NA
14774 1800000 NA
14775 1800000 NA
14776 1800000 NA
14777 1800000 NA
14778 1900000 NA
14779 1900000 NA
14780 1800000 NA
14781 1800000 NA
14782 1800000 NA
14783 1800000 NA
14784 1800000 NA
14785 1800000 NA
14786 1800000 NA
14787 1800000 NA
14788 1800000 NA
14789 1800000 NA
14790 1900000 NA
14791 1900000 NA
14792 1800000 NA
14793 1800000 NA
14794 1800000 NA
14795 1800000 NA
14796 1800000 NA
14797 1800000 NA
14798 1800000 NA
14799 1800000 NA
14800 1800000 NA
14801 1800000 NA
14802 1800000 NA
14803 1800000 NA
14804 1800000 NA
14805 1800000 NA
14806 1800000 NA
14807 1800000 NA
14808 1700000 NA
14809 1700000 NA
14810 1600000 NA
14811 1600000 NA
14812 1500000 NA
14813 1400000 NA
14814 1400000 NA
14815 1500000 NA
14816 1500000 NA
14817 1500000 NA
14818 1500000 NA
14819 1600000 NA
14820 1600000 NA
14821 1700000 NA
14822 1700000 NA
14823 1600000 NA
14824 1600000 NA
14825 1600000 NA
14826 1500000 NA
14827 1500000 NA
14828 1500000 NA
14829 1500000 NA
14830 1500000 NA
14831 1600000 NA
14832 1600000 NA
14833 1600000 NA
14834 1600000 NA
14835 1700000 NA
14836 1700000 NA
14837 1600000 NA
14838 1600000 NA
14839 1600000 NA
14840 1600000 NA
14841 1600000 NA
14842 1600000 NA
14843 1600000 NA
14844 1500000 NA
14845 1400000 NA
14846 1400000 NA
14847 1500000 NA
14848 1500000 NA
14849 1500000 NA
14850 1600000 NA
14851 1500000 NA
14852 1500000 NA
14853 1500000 NA
14854 1500000 NA
14855 1500000 NA
14856 1500000 NA
14857 1600000 NA
14858 1600000 NA
14859 1700000 NA
14860 1700000 NA
14861 1700000 NA
14862 1700000 NA
14863 1800000 NA
14864 1700000 NA
14865 1700000 NA
14866 1700000 NA
14867 1700000 NA
14868 1700000 NA
14869 1700000 NA
14870 1800000 NA
14871 1800000 NA
14872 1800000 NA
14873 1800000 NA
14874 1700000 NA
14875 1700000 NA
14876 1700000 NA
14877 1700000 NA
14878 1800000 NA
14879 1800000 NA
14880 1800000 NA
14881 1800000 NA
14882 1800000 NA
14883 1800000 NA
14884 1800000 NA
14885 1900000 NA
14886 1900000 NA
14887 1800000 NA
14888 1800000 NA
14889 1800000 NA
14890 1900000 NA
14891 1900000 NA
14892 1900000 NA
14893 1800000 NA
14894 1800000 NA
14895 1900000 NA
14896 1900000 NA
14897 1800000 NA
14898 1800000 NA
14899 1800000 NA
14900 1800000 NA
14901 1900000 NA
14902 1900000 NA
14903 1800000 NA
14904 1800000 NA
14905 1800000 NA
14906 1900000 NA
14907 1800000 NA
14908 1800000 NA
14909 1800000 NA
14910 1800000 NA
14911 1800000 NA
14912 1800000 NA
14913 1800000 NA
14914 1800000 NA
14915 1800000 NA
14916 1800000 NA
14917 1800000 NA
14918 1800000 NA
14920 1800000 NA
14921 1800000 NA
14922 1800000 NA
14923 1800000 NA
14924 1700000 NA
14925 1700000 NA
14926 1700000 NA
14927 1700000 NA
14928 1700000 NA
14929 1700000 NA
14930 1600000 NA
14931 1600000 NA
14932 1600000 NA
14933 1600000 NA
14934 1600000 NA
14935 1600000 NA
14936 1600000 NA
14937 1600000 NA
14938 1600000 NA
14939 1600000 NA
14940 1600000 NA
14941 1600000 NA
14942 1600000 NA
14943 1600000 NA
14944 1600000 NA
14945 1700000 NA
14946 1700000 NA
14947 1700000 NA
14948 1800000 NA
14949 1800000 NA
14950 1800000 NA
14951 1800000 NA
14952 1900000 NA
14953 1900000 NA
14954 1900000 NA
14955 2e+06 NA
14956 2e+06 NA
14957 2100000 NA
14958 2100000 NA
14959 2200000 NA
14960 2e+06 NA
14961 2e+06 NA
14962 1800000 NA
14963 1800000 NA
14964 1800000 NA
14965 1900000 NA
14966 1800000 NA
14967 1800000 NA
14968 1800000 NA
14969 1700000 NA
14970 1600000 NA
14971 1500000 NA
14972 1400000 NA
14973 1400000 NA
14974 1400000 NA
14978 1400000 NA
14979 1300000 NA
14981 1200000 NA
14985 1200000 NA
14986 1300000 NA
14987 1400000 NA
14990 1400000 NA
14991 1500000 NA
14992 1500000 NA
14993 1400000 NA
14995 1300000 NA
14996 1400000 NA
14998 1500000 NA
15000 1400000 NA
15001 1300000 NA
15003 1300000 NA
15005 1200000 NA
15008 1100000 NA
15009 1100000 NA
15011 925500 NA
15013 908700 NA
15014 897700 NA
15016 939900 NA
15018 954500 NA
15019 989600 NA
15020 997100 NA
15021 997100 NA
15023 883600 NA
15025 868600 NA
15026 877700 NA
15028 921500 NA
15029 890500 NA
15031 859600 NA
15032 840100 NA
15033 815500 NA
15035 796200 NA
15036 793300 NA
15037 793300 NA
15038 812200 NA
15039 837100 NA
15040 867400 NA
15042 881100 NA
15044 783500 NA
15046 750700 NA
15047 775800 NA
15048 798700 NA
15049 798700 NA
15050 849700 NA
15052 899700 NA
15054 928800 NA
15055 877400 NA
15058 798600 NA
15060 778700 NA
15061 798300 NA
15063 824600 NA
15064 813800 NA
15066 799900 NA
15067 786200 NA
15068 784500 NA
15070 803900 NA
15072 781500 NA
15073 762700 NA
15076 783700 NA
15078 805200 NA
15080 830100 NA
15081 856200 NA
15082 890600 NA
15084 930600 NA
15085 949400 NA
15086 959800 NA
15087 943600 NA
15088 927300 NA
15089 915400 NA
15090 904500 NA
15091 874300 NA
15093 838300 NA
15094 820700 NA
15095 847400 NA
15096 879900 NA
15097 943800 NA
15098 934600 NA
15100 917300 NA
15101 903400 NA
15102 898000 NA
15105 822300 NA
15106 801000 NA
15107 784200 NA
15109 795900 NA
15110 815000 NA
15112 818300 NA
15114 767100 NA
15115 763300 NA
15116 786900 NA
15119 836500 NA
15120 847000 NA
15121 841900 NA
15123 819600 NA
15124 811200 NA
15125 806600 NA
15126 809600 NA
15128 810700 NA
15130 836400 NA
15131 832600 NA
15132 821500 NA
15133 811500 NA
15135 811400 NA
15136 824900 NA
15137 850800 NA
15138 861500 NA
15140 845200 NA
15142 860600 NA
15143 863900 NA
15144 853900 NA
15145 846900 NA
15147 847000 NA
15149 853500 NA
15150 863100 NA
15151 871000 NA
15152 872700 NA
15154 849900 NA
15156 827900 NA
15157 814600 NA
15158 797600 NA
15159 792700 NA
15161 817700 NA
15163 809200 NA
15164 797600 NA
15165 800100 NA
15166 809200 NA
15168 804500 NA
15170 824500 NA
15172 831400 NA
15175 820200 NA
15177 805100 NA
15178 791800 NA
15179 782400 NA
15180 773237 NA
15182 768900 NA
15184 779200 NA
15185 772600 NA
15186 760000 NA
15187 744200 NA
15189 710600 NA
15191 688800 NA
15193 666800 NA
15194 660000 NA
15196 647700 NA
15197 646700 NA
15199 640500 NA
15204 632300 NA
15207 617100 NA
15208 623200 NA
15210 601900 NA
15212 566500 NA
15214 539700 NA
15215 532000 NA
15217 504300 NA
15219 498400 NA
15220 492000 NA
15221 490200 NA
15222 485000 NA
15224 486800 NA
15226 476200 NA
15227 452200 NA
15229 451800 NA
15231 462800 NA
15232 463100 NA
15233 470000 NA
15235 5e+05 NA
15238 480800 NA
15240 461100 NA
15242 440100 NA
15243 431300 NA
15244 411900 NA
15247 385300 NA
15248 362000 NA
15249 362000 NA
15250 352600 NA
15252 332200 NA
15254 321000 NA
15256 315300 NA
15257 322500 NA
15258 333200 NA
15259 342900 NA
15261 348300 NA
15263 338300 NA
15264 330600 NA
15266 316700 NA
15268 305800 NA
15270 312200 NA
15271 325800 NA
15273 358500 NA
15275 395200 NA
15277 456400 NA
15280 499700 NA
15281 520800 NA
15282 527800 NA
15283 521100 NA
15284 498800 NA
15285 487000 NA
15287 470900 NA
15289 470400 NA
15291 430800 NA
15294 397100 NA
15296 371000 NA
15297 387800 NA
15299 393700 NA
15302 442500 NA
15303 434600 NA
15304 424800 NA
15306 416400 NA
15307 412100 NA
15308 402100 NA
15310 383500 NA
15312 381800 NA
15313 387071 NA
15314 392572 NA
15315 398321 NA
15316 414711 NA
15317 429048 NA
15318 446016 NA
15319 462232 NA
15320 473223 NA
15321 488052 NA
15322 503832 NA
15323 495831 NA
15324 485649 NA
15325 485439 NA
15326 480926 NA
15327 485576 NA
15328 492734 NA
15329 492633 NA
15330 495094 NA
15331 491377 NA
15332 499461 NA
15333 498288 NA
15334 504082 NA
15335 496056 NA
15336 487533 NA
15337 486171 NA
15338 484572 NA
15339 476565 NA
15340 481622 NA
15341 492225 NA
15342 516672 NA
15343 542506 NA
15344 568362 NA
15345 553825 NA
15346 526958 NA
15347 500786 NA
15348 475832 NA
15349 452110 NA
15350 429731 NA
15351 408335 NA
15352 388209 NA
15353 371362 NA
15354 366344 NA
15355 374474 NA
15356 390709 NA
15357 407854 NA
15358 418910 NA
15359 424248 NA
15360 418239 NA
15361 416340 NA
15362 411849 NA
15363 412246 NA
15364 412061 NA
15365 414894 NA
15366 428599 NA
15367 439297 NA
15368 451791 NA
15369 461137 NA
15370 453070 NA
15371 439467 NA
15372 422762 NA
15373 406096 NA
15374 393765 NA
15375 393104 NA
15376 406244 NA
15377 409431 NA
15378 402688 NA
15379 404339 NA
15380 414811 NA
15381 430991 NA
15382 444145 NA
15383 450995 NA
15384 435582 NA
15385 427225 NA
15386 421729 NA
15387 423378 NA
15388 413532 NA
15389 435885 NA
15390 427681 NA
15391 419670 NA
15392 412707 NA
15393 407814 NA
15394 402763 NA
15395 403641 NA
15396 416410 NA
15397 417395 NA
15398 415551 NA
15399 408259 NA
15400 401926 NA
15401 390025 NA
15402 376233 NA
15403 368805 NA
15404 369247 NA
15405 366959 NA
15406 368751 NA
15407 376763 NA
15408 381834 NA
15409 392162 NA
15410 408318 NA
15411 412890 NA
15412 423640 NA
15413 421781 NA
15414 423310 NA
15415 428633 NA
15416 435383 NA
15417 443203 NA
15418 460440 NA
15419 472111 NA
15420 482742 NA
15421 480061 NA
15422 477490 NA
15423 474920 NA
15424 472349 NA
15425 469779 NA
15426 467208 NA
15427 484400 NA
15428 496578 NA
15429 501967 NA
15430 512823 NA
15431 512089 NA
15432 499306 NA
15433 485835 NA
15434 475845 NA
15435 463261 NA
15436 450917 NA
15437 440522 NA
15438 432074 NA
15439 427507 NA
15440 423060 NA
15441 415804 NA
15442 409890 NA
15443 408553 NA
15444 404481 NA
15445 406216 NA
15446 407045 NA
15447 415970 NA
15448 413159 NA
15449 416512 NA
15450 418671 NA
15451 422784 NA
15452 429077 NA
15453 430760 NA
15454 433884 NA
15455 433236 NA
15456 436974 NA
15457 441637 NA
15458 438807 NA
15459 442282 NA
15460 444977 NA
15461 454745 NA
15462 467112 NA
15463 464711 NA
15464 460529 NA
15465 461373 NA
15466 469797 NA
15467 470666 NA
15468 479814 NA
15469 490780 NA
15470 507463 NA
15471 526533 NA
15472 525881 NA
15473 521081 NA
15474 512592 NA
15475 510509 NA
15476 503400 NA
15477 497392 NA
15478 494891 NA
15479 496325 NA
15480 480424 NA
15481 460976 NA
15482 437927 NA
15483 416946 NA
15484 401267 NA
15485 399588 NA
15486 408228 NA
15487 420053 NA
15488 434675 NA
15489 438173 NA
15490 446536 NA
15491 447952 NA
15492 447175 NA
15493 446440 NA
15494 446961 NA
15495 445777 NA
15496 444975 NA
15497 442047 NA
15498 439309 NA
15499 439341 NA
15500 452724 NA
15501 457836 NA
15502 459581 NA
15503 463145 NA
15504 477620 NA
15505 491279 NA
15506 494173 NA
15507 508410 NA
15508 515599 NA
15509 517911 NA
15510 519004 NA
15511 533087 NA
15512 542786 NA
15513 551104 NA
15514 545995 NA
15515 547315 NA
15516 557141 NA
15517 572722 NA
15518 587649 NA
15519 608320 NA
15520 624304 NA
15521 616005 NA
15522 596922 NA
15523 578505 NA
15524 574965 NA
15525 585618 NA
15526 589733 NA
15527 577552 NA
15528 567858 NA
15529 567869 NA
15530 563410 NA
15531 560621 NA
15532 548724 NA
15533 540334 NA
15534 538765 NA
15535 551131 NA
15536 544486 NA
15537 534971 NA
15538 528955 NA
15539 522403 NA
15540 535577 NA
15541 549555 NA
15542 534641 NA
15543 536188 NA
15544 525594 NA
15545 515584 NA
15546 508896 NA
15547 513694 NA
15548 518729 NA
15549 532339 NA
15550 524916 NA
15551 512741 NA
15552 507343 NA
15553 507392 NA
15554 501136 NA
15555 493448 NA
15556 488133 NA
15557 493666 NA
15558 510716 NA
15559 512978 NA
15560 511296 NA
15561 513272 NA
15562 513950 NA
15563 501821 NA
15564 491810 NA
15565 482564 NA
15566 472664 NA
15567 480721 NA
15568 494829 NA
15569 489815 NA
15570 502867 NA
15571 485682 NA
15572 479403 NA
15573 473921 NA
15574 475250 NA
15575 479908 NA
15576 473405 NA
15577 469855 NA
15578 475864 NA
15579 478060 NA
15580 478241 NA
15581 474805 NA
15582 477387 NA
15583 480194 NA
15584 482577 NA
15585 485443 NA
15586 484566 NA
15587 482636 NA
15588 482308 NA
15589 479606 NA
15590 476080 NA
15591 474840 NA
15592 479486 NA
15593 481494 NA
15594 482776 NA
15595 485891 NA
15596 489919 NA
15597 493147 NA
15598 494216 NA
15599 495688 NA
15600 486524 NA
15601 487967 NA
15602 491636 NA
15603 495595 NA
15604 497334 NA
15605 497537 NA
15606 500092 NA
15607 497357 NA
15608 489371 NA
15609 477906 NA
15610 468781 NA
15611 471392 NA
15612 475136 NA
15613 477328 NA
15614 474225 NA
15615 479089 NA
15616 479586 NA
15617 482747 NA
15618 485734 NA
15619 495429 NA
15620 503837 NA
15621 497951 NA
15622 506505 NA
15623 516374 NA
15624 524278 NA
15625 525824 NA
15626 533368 NA
15627 540153 NA
15628 523057 NA
15629 511986 NA
15630 506082 NA
15631 493710 NA
15632 487086 NA
15633 484536 NA
15634 477653 NA
15635 475525 NA
15636 472857 NA
15637 473152 NA
15638 473328 NA
15639 474273 NA
15640 475113 NA
15641 467391 NA
15642 462910 NA
15643 474211 NA
15644 486286 NA
15645 501345 NA
15646 512825 NA
15647 524964 NA
15648 533547 NA
15649 529621 NA
15650 541988 NA
15651 554356 NA
15652 566723 NA
15653 579090 NA
15654 591457 NA
15655 603825 NA
15656 616192 NA
15657 628559 NA
15658 649564 NA
15659 673161 NA
15660 690430 NA
15661 693238 NA
15662 693082 NA
15663 696377 NA
15664 677242 NA
15665 652396 NA
15666 620937 NA
15667 589993 NA
15668 560505 NA
15669 533145 NA
15670 506487 NA
15671 481352 NA
15672 457374 NA
15673 434505 NA
15674 412779 NA
15675 392140 NA
15676 372670 NA
15677 354207 NA
15678 336496 NA
15679 319671 NA
15680 303687 NA
15681 289357 NA
15682 275745 NA
15683 273384 NA
15684 274883 NA
15685 270937 NA
15686 279934 NA
15687 286381 NA
15688 294149 NA
15689 299092 NA
15690 302458 NA
15691 309093 NA
15692 318331 NA
15693 334231 NA
15694 349928 NA
15695 363197 NA
15696 364772 NA
15697 377137 NA
15698 390098 NA
15699 381657 NA
15700 375771 NA
15701 374857 NA
15702 367079 NA
15703 355464 NA
15704 348737 NA
15705 351012 NA
15706 339975 NA
15707 333365 NA
15708 329826 NA
15709 323865 NA
15710 321625 NA
15711 311142 NA
15712 309895 NA
15713 303362 NA
15714 293185 NA
15715 296889 NA
15716 300682 NA
15717 305224 NA
15718 311749 NA
15719 318631 NA
15720 322447 NA
15721 323372 NA
15722 318594 NA
15723 315884 NA
15724 310824 NA
15725 313307 NA
15726 315790 NA
15727 310852 NA
15728 300146 NA
15729 290271 NA
15730 285430 NA
15731 283880 NA
15732 287132 NA
15733 289549 NA
15734 292935 NA
15735 297268 NA
15736 299148 NA
15737 297623 NA
15738 297121 NA
15739 303472 NA
15740 306107 NA
15741 303726 NA
15742 305450 NA
15743 312852 NA
15744 320473 NA
15745 321912 NA
15746 327604 NA
15747 331197 NA
15748 331340 NA
15749 333024 NA
15750 335275 NA
15751 334814 NA
15752 334346 NA
15753 332138 NA
15754 332425 NA
15755 333376 NA
15756 336114 NA
15757 336089 NA
15758 332233 NA
15759 331802 NA
15760 326105 NA
15761 316560 NA
15762 304442 NA
15763 290528 NA
15764 280444 NA
15765 280444 NA
15766 272206 NA
15767 270182 NA
15768 267892 NA
15769 269047 NA
15770 270916 NA
15771 270635 NA
15772 271041 NA
15773 269035 NA
15774 269735 NA
15775 269760 NA
15776 267754 NA
15777 269238 NA
15778 267613 NA
15779 270565 NA
15780 275937 NA
15781 281084 NA
15782 291127 NA
15783 300543 NA
15784 304907 NA
15785 305422 NA
15786 307531 NA
15787 314526 NA
15788 317074 NA
15789 320517 NA
15790 327775 NA
15791 329448 NA
15792 331988 NA
15793 332352 NA
15794 336153 NA
15795 335876 NA
15796 335876 NA
15797 328400 NA
15798 322988 NA
15799 317575 NA
15800 312163 NA
15801 306751 NA
15802 301339 NA
15803 295926 NA
15804 290514 NA
15805 291343 NA
15806 291343 NA
15807 291236 NA
15808 293739 NA
15809 292524 NA
15810 298195 NA
15811 299709 NA
15812 299709 NA
15813 303603 NA
15814 306618 NA
15815 303615 NA
15816 307266 NA
15817 310068 NA
15818 310068 NA
15819 310860 NA
15820 313552 NA
15821 313552 NA
15822 315276 NA
15823 314343 NA
15824 314100 NA
15825 314100 NA
15826 316751 NA
15827 326492 NA
15828 337052 NA
15829 346151 NA
15830 353982 NA
15831 360825 NA
15832 364843 NA
15833 374650 NA
15834 383426 NA
15835 387622 NA
15836 392655 NA
15837 400590 NA
15838 400590 NA
15839 409566 NA
15840 415200 NA
15841 410150 NA
15842 404271 NA
15843 404271 NA
15844 393830 NA
15845 393830 NA
15846 386626 NA
15847 381986 NA
15848 381986 NA
15849 377451 NA
15850 377451 NA
15851 380277 NA
15852 385370 NA
15853 386872 NA
15854 386872 NA
15855 387454 NA
15856 387454 NA
15857 380042 NA
15858 373347 NA
15859 363732 NA
15860 363732 NA
15861 357769 NA
15862 348197 NA
15863 348197 NA
15864 335680 NA
15865 322782 NA
15866 316746 NA
15867 310633 NA
15868 304304 NA
15869 304304 NA
15870 303598 NA
15871 309870 NA
15872 313129 NA
15873 320775 NA
15874 320775 NA
15875 327998 NA
15876 327066 NA
15877 327066 NA
15878 325445 NA
15879 327318 NA
15880 324468 NA
15881 321653 NA
15882 317288 NA
15883 317500 NA
15884 320621 NA
15885 319456 NA
15886 315637 NA
15887 313650 NA
15888 313958 NA
15889 313313 NA
15890 313217 NA
15891 304598 NA
15892 302273 NA
15893 305396 NA
15894 308970 NA
15895 316495 NA
15896 321252 NA
15897 317465 NA
15898 317465 NA
15899 310329 NA
15900 313118 NA
15901 307061 NA
15902 305377 NA
15903 305379 NA
15904 305380 NA
15905 305382 NA
15906 305384 NA
15907 305385 NA
15908 305387 NA
15909 305387 NA
15910 310843 NA
15911 315681 NA
15912 317257 NA
15913 321607 NA
15914 325605 NA
15915 325605 NA
15916 325752 NA
15917 325752 NA
15918 322231 NA
15919 319339 NA
15920 319339 NA
15921 311906 NA
15922 308443 NA
15923 308443 NA
15924 306343 NA
15925 306343 NA
15926 306624 NA
15927 306624 NA
15928 302397 NA
15929 302397 NA
15930 297413 NA
15931 297413 NA
15932 292799 NA
15933 287919 NA
15934 287919 NA
15935 283816 NA
15936 283816 NA
15937 280903 NA
15938 280903 NA
15939 279666 NA
15940 279666 NA
15941 277738 NA
15942 277738 NA
15943 276692 NA
15944 276692 NA
15945 280049 NA
15946 280049 NA
15947 282344 NA
15948 282344 NA
15949 284450 NA
15950 284450 NA
15951 286694 NA
15952 286694 NA
15953 286694 NA
15954 287198 NA
15955 287198 NA
15956 284367 NA
15957 284367 NA
15958 284367 NA
15959 282602 NA
15960 282602 NA
15961 282602 NA
15962 280959 NA
15963 280959 NA
15964 285244 NA
15965 285244 NA
15966 285244 NA
15967 290369 NA
15968 290369 NA
15969 294249 NA
15970 294249 NA
15971 298017 NA
15972 298017 NA
15973 298017 NA
15974 300949 NA
15975 300949 NA
15976 307468 NA
15977 307468 NA
15978 313853 NA
15979 313853 NA
15980 320245 NA
15981 320245 NA
15982 327087 NA
15983 327087 NA
15984 327087 NA
15985 327661 NA
15986 326091 NA
15987 324522 NA
15988 322952 NA
15989 321382 NA
15990 319812 NA
15991 318243 NA
15992 316673 NA
15993 315103 NA
15994 315103 NA
15995 316057 NA
15996 316057 NA
15997 311541 NA
15998 311541 NA
15999 307779 NA
16000 307779 NA
16001 307779 NA
16002 304701 NA
16003 304701 NA
16004 304701 NA
16005 298006 NA
16006 295652 NA
16007 295652 NA
16008 293363 NA
16009 293363 NA
16010 293363 NA
16011 290323 NA
16012 290323 NA
16013 285557 NA
16014 285557 NA
16015 288026 NA
16016 288026 NA
16017 287932 NA
16018 287932 NA
16019 285938 NA
16020 285938 NA
16021 287852 NA
16022 287852 NA
16023 285534 NA
16024 285534 NA
16025 277407 NA
16026 277407 NA
16027 265916 NA
16028 265916 NA
16029 254659 NA
16030 254659 NA
16031 242047 NA
16032 242047 NA
16033 232317 NA
16034 232317 NA
16035 232771 NA
16036 233226 NA
16037 233680 NA
16038 234135 NA
16039 234589 NA
16040 235044 NA
16041 235498 NA
16042 235498 NA
16043 235498 NA
16044 242198 NA
16045 242198 NA
16046 246172 NA
16047 246172 NA
16048 252639 NA
16049 252639 NA
16050 260020 NA
16051 260020 NA
16052 268493 NA
16053 268493 NA
16054 277900 NA
16055 277900 NA
16056 288509 NA
16057 288509 NA
16058 300271 NA
16059 300271 NA
16060 310947 NA
16061 310947 NA
16062 314873 NA
16063 310853 NA
16064 310853 NA
16065 310853 NA
16066 303838 NA
16067 303838 NA
16068 293239 NA
16069 293239 NA
16070 287284 NA
16071 287284 NA
16072 285875 NA
16073 285875 NA
16074 285503 NA
16075 285503 NA
16076 286910 NA
16077 286910 NA
16078 284949 NA
16079 284949 NA
16080 279274 NA
16081 279274 NA
16082 281456 NA
16083 281456 NA
16084 281880 NA
16085 281880 NA
16086 283350 NA
16087 283350 NA
16088 286717 NA
16089 290622 NA
16090 290622 NA
16091 295473 NA
16092 295473 NA
16093 300459 NA
16094 300459 NA
16095 309508 NA
16096 319752 NA
16097 319752 NA
16098 327614 NA
16099 327614 NA
16100 336695 NA
16101 336695 NA
16102 345298 NA
16103 355789 NA
16104 356970 NA
16105 356970 NA
16106 364612 NA
16107 364612 NA
16108 372779 NA
16109 384262 NA
16110 384262 NA
16111 394036 NA
16112 406948 NA
16113 406948 NA
16114 420251 NA
16115 420251 NA
16116 435551 NA
16117 435551 NA
16118 452356 NA
16119 452356 NA
16120 463728 NA
16121 463728 NA
16122 465356 NA
16123 477943 NA
16124 477943 NA
16125 485620 NA
16126 485620 NA
16127 490826 NA
16128 490826 NA
16129 494621 NA
16130 503241 NA
16131 503241 NA
16132 505978 NA
16133 505978 NA
16134 499064 NA
16135 499064 NA
16136 486169 NA
16137 486169 NA
16138 476158 NA
16139 461565 NA
16140 461565 NA
16141 448351 NA
16142 448351 NA
16143 437569 NA
16144 437569 NA
16145 425609 NA
16146 425609 NA
16147 412440 NA
16148 399189 NA
16149 399189 NA
16150 383039 NA
16151 383039 NA
16152 368657 NA
16153 368657 NA
16154 351540 NA
16155 351540 NA
16156 335889 NA
16157 335889 NA
16158 321318 NA
16159 321318 NA
16160 311121 NA
16161 311121 NA
16162 311704 NA
16163 311704 NA
16164 319117 NA
16165 319117 NA
16166 316590 NA
16167 316590 NA
16168 308764 NA
16169 308764 NA
16170 300566 NA
16171 300566 NA
16172 300566 NA
16173 286926 NA
16174 286926 NA
16175 275134 NA
16176 275134 NA
16177 265828 NA
16178 265828 NA
16179 258392 NA
16180 258392 NA
16181 253163 NA
16182 253163 NA
16183 250755 NA
16184 250755 NA
16185 250755 NA
16186 253861 NA
16187 253861 NA
16188 249912 NA
16189 249912 NA
16190 249634 NA
16191 249634 NA
16192 249634 NA
16193 250018 NA
16194 250018 NA
16195 251333 NA
16196 251333 NA
16197 251858 NA
16198 251858 NA
16199 251858 NA
16200 253187 NA
16201 253187 NA
16202 256102 NA
16203 259016 NA
16204 260088 NA
16205 260088 NA
16206 260088 NA
16207 260336 NA
16208 260336 NA
16209 264027 NA
16210 264027 NA
16211 265174 NA
16212 265174 NA
16213 265174 NA
16214 266931 NA
16215 266931 NA
16216 270740 NA
16217 270740 NA
16218 270740 NA
16219 276358 NA
16220 276358 NA
16221 281454 NA
16222 281454 NA
16223 293453 NA
16224 305726 NA
16225 305726 NA
16226 319915 NA
16227 319915 NA
16228 334874 NA
16229 334874 NA
16230 350860 NA
16231 350860 NA
16232 366207 NA
16233 366207 NA
16234 368027 NA
16235 368027 NA
16236 380805 NA
16237 380805 NA
16238 394433 NA
16239 394433 NA
16240 406969 NA
16241 406969 NA
16242 417908 NA
16243 417908 NA
16244 420142 NA
16245 420142 NA
16246 424899 NA
16247 424899 NA
16248 406863 NA
16249 406863 NA
16250 387102 NA
16251 367981 NA
16252 367981 NA
16253 353792 NA
16254 353792 NA
16255 341274 NA
16256 341274 NA
16257 332406 NA
16258 332406 NA
16259 319399 NA
16260 319399 NA
16261 309595 NA
16262 309595 NA
16263 306174 NA
16264 306174 NA
16265 310615 NA
16266 322828 NA
16267 336758 NA
16268 353460 NA
16269 370523 NA
16270 387127 NA
16271 387127 NA
16272 405899 NA
16273 425533 NA
16274 437593 NA
16275 428653 NA
16276 428653 NA
16277 411523 NA
16278 397769 NA
16279 379449 NA
16280 379449 NA
16281 365497 NA
16282 351088 NA
16283 344100 NA
16284 330451 NA
16285 316825 NA
16286 305296 NA
16287 305296 NA
16288 296373 NA
16289 285636 NA
16290 277538 NA
16291 270641 NA
16292 274887 NA
16293 274887 NA
16294 284409 NA
16295 292392 NA
16296 304427 NA
16297 304427 NA
16298 316323 NA
16299 316452 NA
16300 301763 NA
16301 290322 NA
16302 290322 NA
16303 280474 NA
16304 276318 NA
16305 276318 NA
16306 275842 NA
16307 272988 NA
16308 269247 NA
16309 269247 NA
16310 264414 NA
16311 266592 NA
16312 266592 NA
16313 274160 NA
16314 268592 NA
16315 264687 NA
16316 264687 NA
16317 264580 NA
16318 264580 NA
16319 259856 NA
16320 259856 NA
16321 256788 NA
16322 256788 NA
16323 257192 NA
16324 257192 NA
16325 257115 NA
16326 257115 NA
16327 256989 NA
16328 256989 NA
16329 253002 NA
16330 253002 NA
16331 255998 NA
16332 255998 NA
16333 264895 NA
16334 264895 NA
16335 264266 NA
16336 264266 NA
16337 264266 NA
16338 262487 NA
16339 262487 NA
16340 263184 NA
16341 263184 NA
16342 264018 NA
16343 264018 NA
16344 264018 NA
16345 266666 NA
16346 266666 NA
16347 275325 NA
16348 275325 NA
16349 283415 NA
16350 283415 NA
16351 283415 NA
16352 294214 NA
16353 294214 NA
16354 294214 NA
16355 293592 NA
16356 293592 NA
16357 299707 NA
16358 299707 NA
16359 306970 NA
16360 306970 NA
16361 306970 NA
16362 303429 NA
16363 303429 NA
16364 304351 NA
16365 304351 NA
16366 304351 NA
16367 302486 NA
16368 302486 NA
16369 294788 NA
16370 294788 NA
16371 287593 NA
16372 287593 NA
16373 278454 NA
16374 278454 NA
16375 278454 NA
16376 272577 NA
16377 272577 NA
16378 274006 NA
16379 274006 NA
16380 280524 NA
16381 280524 NA
16382 289264 NA
16383 289264 NA
16384 295934 NA
16385 295934 NA
16386 301684 NA
16387 301684 NA
16388 306885 NA
16389 306885 NA
16390 306885 NA
16391 303065 NA
16392 303065 NA
16393 305131 NA
16394 305131 NA
16395 305131 NA
16396 307051 NA
16397 307051 NA
16398 312430 NA
16399 312430 NA
16400 312430 NA
16401 320146 NA
16402 320146 NA
16403 324548 NA
16404 324548 NA
16405 330828 NA
16406 330828 NA
16407 338435 NA
16408 338435 NA
16409 338435 NA
16410 343454 NA
16411 343454 NA
16412 339904 NA
16413 339904 NA
16414 339904 NA
16415 342100 NA
16416 342100 NA
16417 338699 NA
16418 338699 NA
16419 323189 NA
16420 323189 NA
16421 311246 NA
16422 311246 NA
16423 299011 NA
16424 299011 NA
16425 294742 NA
16426 294742 NA
16427 284907 NA
16428 284907 NA
16429 273662 NA
16430 273662 NA
16431 274897 NA
16432 274897 NA
16433 274897 NA
16434 274008 NA
16435 274008 NA
16436 267246 NA
16437 267246 NA
16438 265312 NA
16439 265312 NA
16440 263690 NA
16441 263690 NA
16442 263690 NA
16443 264397 NA
16444 264397 NA
16445 270754 NA
16446 270754 NA
16447 277370 NA
16448 277370 NA
16449 277370 NA
16450 280136 NA
16451 280136 NA
16452 280136 NA
16453 280549 NA
16454 280549 NA
16455 281544 NA
16456 281544 NA
16457 281544 NA
16458 275979 NA
16459 275979 NA
16460 273698 NA
16461 273698 NA
16462 273698 NA
16463 274016 NA
16464 274016 NA
16465 274016 NA
16466 277153 NA
16467 277153 NA
16468 277153 NA
16469 283039 NA
16470 283039 NA
16471 283039 NA
16472 280854 NA
16473 280854 NA
16474 280854 NA
16475 277170 NA
16476 277170 NA
16477 277170 NA
16478 275278 NA
16479 275278 NA
16480 275278 NA
16481 270442 NA
16482 270442 NA
16483 271771 NA
16484 271771 NA
16485 271771 NA
16486 275989 NA
16487 275989 NA
16488 275989 NA
16489 276759 NA
16490 276759 NA
16491 276759 NA
16492 277683 NA
16493 277683 NA
16494 279447 NA
16495 279447 NA
16496 280791 NA
16497 280791 NA
16498 280791 NA
16499 283570 NA
16500 283570 NA
16501 290884 NA
16502 290884 NA
16503 290884 NA
16504 294829 NA
16505 294829 NA
16506 294829 NA
16507 299406 NA
16508 299406 NA
16509 299406 NA
16510 306461 NA
16511 306461 NA
16512 306461 NA
16513 306461 NA
16514 309709 NA
16515 309709 NA
16516 309709 NA
16517 305563 NA
16518 305563 NA
16519 305563 NA
16520 305563 NA
16521 305563 NA
16522 295573 NA
16523 295573 NA
16524 295573 NA
16525 283572 NA
16526 283572 NA
16527 283572 NA
16528 283572 NA
16529 273263 NA
16530 273263 NA
16531 264811 NA
16532 264811 NA
16533 264811 NA
16534 264811 NA
16535 259789 NA
16536 259789 NA
16537 259789 NA
16538 261976 NA
16539 261976 NA
16540 261976 NA
16541 261976 NA
16542 266239 NA
16543 266239 NA
16544 266239 NA
16545 266239 NA
16546 269546 NA
16547 269546 NA
16548 269546 NA
16549 269546 NA
16550 273112 NA
16551 273112 NA
16552 273112 NA
16553 270170 NA
16554 270170 NA
16555 270170 NA
16556 270170 NA
16557 269267 NA
16558 269267 NA
16559 269267 NA
16560 269267 NA
16561 269267 NA
16562 267309 NA
16563 267309 NA
16564 267309 NA
16565 267309 NA
16566 271892 NA
16567 271892 NA
16568 271892 NA
16569 271892 NA
16570 271892 NA
16571 270655 NA
16572 270655 NA
16573 270655 NA
16574 270655 NA
16575 264648 NA
16576 264648 NA
16577 264648 NA
16578 264648 NA
16579 257969 NA
16580 257969 NA
16581 257969 NA
16582 257969 NA
16583 261818 NA
16584 261818 NA
16585 261818 NA
16586 261818 NA
16587 259559 NA
16588 259559 NA
16589 259559 NA
16590 259559 NA
16591 259559 NA
16592 260975 NA
16593 260975 NA
16594 260975 NA
16595 260975 NA
16596 258370 NA
16597 258370 NA
16598 258370 NA
16599 258370 NA
16600 258301 NA
16601 258301 NA
16602 258301 NA
16603 258301 NA
16604 258301 NA
16605 259092 NA
16606 259092 NA
16607 259092 NA
16608 259092 NA
16609 256698 NA
16610 256698 NA
16611 256698 NA
16612 256698 NA
16613 256698 NA
16614 258106 NA
16615 258106 NA
16616 258106 NA
16617 258106 NA
16618 261488 NA
16619 261488 NA
16620 261488 NA
16621 261488 NA
16622 261488 NA
16623 268075 NA
16624 268075 NA
16625 268075 NA
16626 268075 NA
16627 268075 NA
16628 272335 NA
16629 272335 NA
16630 272335 NA
16631 272335 NA
16632 273166 NA
16633 273166 NA
16634 273166 NA
16635 273166 NA
16636 271334 NA
16637 271334 NA
16638 271334 NA
16639 271334 NA
16640 271908 NA
16641 271908 NA
16642 271908 NA
16643 271908 NA
16644 270695 NA
16645 270695 NA
16646 270695 NA
16647 270695 NA
16648 269993 NA
16649 269993 NA
16650 269993 NA
16651 269993 NA
16652 272423 NA
16653 272423 NA
16654 272423 NA
16655 272423 NA
16656 277277 NA
16657 277277 NA
16658 277277 NA
16659 277277 NA
16660 277277 NA
16661 283459 NA
16662 283459 NA
16663 283459 NA
16665 280262 NA
16666 280262 NA
16668 278191 NA
16669 278191 NA
16670 278191 NA
16671 278191 NA
16672 278191 NA
16673 275758 NA
16674 275758 NA
16675 275758 NA
16676 275758 NA
16677 275758 NA
16678 272487 NA
16679 272487 NA
16680 272487 NA
16681 272487 NA
16682 272487 NA
16683 272487 NA
16684 282339 NA
16686 282339 NA
16687 282339 NA
16688 282339 NA
16689 282339 NA
16690 289594 NA
16691 289594 NA
16692 289594 NA
16693 289594 NA
16694 289594 NA
16695 289056 NA
16696 289056 NA
16697 289056 NA
16698 289056 NA
16699 289056 NA
16700 289056 NA
16701 284965 NA
16702 284965 NA
16703 284965 NA
16704 284965 NA
16705 284965 NA
16706 284965 NA
16707 281145 NA
16708 281145 NA
16709 281145 NA
16710 281145 NA
16711 281145 NA
16712 288487 NA
16715 288487 NA
16717 297378 NA
16719 297378 NA
16720 297378 NA
16721 297378 NA
16722 299020 NA
16723 299020 NA
16724 299020 NA
16725 299020 NA
16726 299020 NA
16728 294142 NA
16731 294142 NA
16732 294142 NA
16733 287886 NA
16734 287886 NA
16735 287886 NA
16736 287886 NA
16737 287886 NA
16738 298872 NA
16739 298872 NA
16740 298872 NA
16741 298872 NA
16742 298872 NA
16743 312864 NA
16744 312864 NA
16745 312864 NA
16746 312864 NA
16747 312864 NA
16748 312864 NA
16749 319171 NA
16750 319171 NA
16751 319171 NA
16752 319171 NA
16753 319171 NA
16754 319171 NA
16755 306339 NA
16756 306339 NA
16757 306339 NA
16759 306339 NA
16760 306339 NA
16761 306339 NA
16762 306339 NA
16763 297882 NA
16764 297882 NA
16765 297882 NA
16766 297882 NA
16767 297882 NA
16768 297882 NA
16769 287191 NA
16770 287191 NA
16771 287191 NA
16772 273183 NA
16773 273183 NA
16774 273183 NA
16775 273183 NA
16777 259603 NA
16778 259603 NA
16779 259603 NA
16780 248815 NA
16781 248815 NA
16782 248815 NA
16783 248815 NA
16784 238606 NA
16785 238606 NA
16786 238606 NA
16787 238606 NA
16788 231453 NA
16789 231453 NA
16790 231453 NA
16791 231453 NA
16792 228489 NA
16793 228489 NA
16794 228489 NA
16795 228489 NA
16796 236588 NA
16797 236588 NA
16798 236588 NA
16799 236588 NA
16800 245966 NA
16801 245966 NA
16802 245966 NA
16803 245966 NA
16804 235922 NA
16807 235922 NA
16808 235922 NA
16809 234424 NA
16810 234424 NA
16811 234424 NA
16812 234424 NA
16813 238778 NA
16814 238778 NA
16815 238778 NA
16816 238778 NA
16817 238778 NA
16818 240866 NA
16820 240866 NA
16821 240866 NA
16823 250583 NA
16824 250583 NA
16825 250583 NA
16826 250583 NA
16827 258957 NA
16828 271500 NA
16829 285075 NA
16830 299329 NA
16831 314138 NA
16832 329845 NA
16833 329845 NA
16834 363655 NA
16835 381746 NA
16836 400681 NA
16837 420421 NA
16838 420421 NA
16839 441443 NA
16840 463360 NA
16841 486154 NA
16842 486154 NA
16843 509920 NA
16844 509920 NA
16845 535416 NA
16847 562009 NA
16849 589953 NA
16850 589953 NA
16851 618624 NA
16852 618624 NA
16853 649220 NA
16854 649220 NA
16855 680949 NA
16856 680949 NA
16857 680949 NA
16858 713954 NA
16859 713954 NA
16860 748896 NA
16861 748896 NA
16862 785351 NA
16863 785351 NA
16864 823677 NA
16865 823677 NA
16866 863685 NA
16867 863685 NA
16869 905018 NA
16870 905018 NA
16871 949406 NA
16872 949406 NA
16873 996341 NA
16874 996341 NA
16875 1043857 NA
16876 1043857 NA
16878 2065151 NA
16879 2065151 NA
16880 2065151 NA
16881 2051827 NA
16884 2051827 NA
16885 1987153 NA
16886 1987153 NA
16887 1987153 NA
16888 1987153 NA
16889 1896562 NA
16890 1896562 NA
16892 1836515 NA
16893 1836515 NA
16894 1836515 NA
16895 1836515 NA
16896 1774948 NA
16897 1774948 NA
16898 1774948 NA
16899 1774948 NA
16900 1774948 NA
16901 1750479 NA
16902 1750479 NA
16903 1750479 NA
16904 1750479 NA
16905 1692696 NA
16906 1692696 NA
16907 1692696 NA
16908 1692696 NA
16909 1692696 NA
16910 1615421 NA
16911 1615421 NA
16912 1615421 NA
16913 1615421 NA
16914 1615421 NA
16915 1552358 NA
16916 1552358 NA
16917 1552358 NA
16918 1495866 NA
16919 1495866 NA
16920 1495866 NA
16921 1495866 NA
16922 1432269 NA
16923 1432269 NA
16924 1432269 NA
16925 1432269 NA
16926 1413040 NA
16927 1413040 NA
16928 1413040 NA
16929 1413040 NA
16930 1365107 NA
16931 1365107 NA
16932 1365107 NA
16933 1365107 NA
16934 1365107 NA
16935 1318899 NA
16937 1318899 NA
16938 1318899 NA
16939 1333375 NA
16940 1333375 NA
16941 1333375 NA
16942 1333375 NA
16943 1386020 NA
16944 1386020 NA
16945 1386020 NA
16946 1405873 NA
16949 1405873 NA
16950 1405873 NA
16951 1340652 NA
16952 1340652 NA
16953 1340652 NA
16954 1314787 NA
16955 1314787 NA
16956 1314787 NA
16957 1314787 NA
16958 1314787 NA
16959 1335101 NA
16960 1335101 NA
16967 1346880 NA
16968 1346880 NA
16969 1374467 NA
16970 1374467 NA
16971 1374467 NA
16972 1374467 NA
16974 1395834 NA
16975 1395834 NA
16976 1395834 NA
16977 1395834 NA
16978 1395834 NA
16979 1408463 NA
16980 1408463 NA
16981 1408463 NA
16982 1408463 NA
16984 1356975 NA
16985 1356975 NA
16986 1356975 NA
16987 1356975 NA
16988 1356975 NA
16989 1317278 NA
16990 1317278 NA
16991 1317278 NA
16992 1317278 NA
16993 1317278 NA
16994 1317278 NA
16999 1329904 NA
17001 1329904 NA
17006 1355067 NA
17007 1355067 NA
17014 1362528 NA
17015 1362832 NA
17016 1362832 NA
17017 1362832 NA
17018 1362832 NA
17019 1362832 NA
17020 1362832 NA
17021 1363918 NA
17022 1363918 NA
17023 1363918 NA
17024 1363918 NA
17025 1363918 NA
17026 1363918 NA
17027 1363918 NA
17028 1350061 NA
17029 1350061 NA
17031 1350061 NA
17032 1350061 NA
17033 1350061 NA
17034 1350061 NA
17035 1350061 NA
17036 1381960 NA
17037 1381960 NA
17038 1381960 NA
17039 1381960 NA
17040 1381960 NA
17042 1402020 NA
17044 1402020 NA
17045 1402020 NA
17046 1402020 NA
17047 1402020 NA
17048 1402020 NA
17049 1464219 NA
17050 1464219 NA
17051 1464219 NA
17052 1464219 NA
17053 1464219 NA
17054 1464219 NA
17055 1464219 NA
17056 1516547 NA
17057 1516547 NA
17058 1516547 NA
17059 1516547 NA
17060 1516547 NA
17061 1516547 NA
17062 1516547 NA
17063 1516547 NA
17064 1557039 NA
17069 1557039 NA
17070 1584469 NA
17071 1584469 NA
17072 1584469 NA
17073 1584469 NA
17075 1584469 NA
17076 1584469 NA
17077 1584469 NA
17078 1611526 NA
17079 1611526 NA
17080 1611526 NA
17081 1611526 NA
17083 1611526 NA
17084 1611526 NA
17085 1611526 NA
17086 1611526 NA
17087 1551581 NA
17088 1551581 NA
17089 1551581 NA
17091 1551581 NA
17092 1551581 NA
17093 1551581 NA
17094 1551581 NA
17095 1551581 NA
17096 1481866 NA
17097 1481866 NA
17098 1481866 NA
17099 1481866 NA
17100 1481866 NA
17101 1481866 NA
17102 1481866 NA
17103 1481866 NA
17104 1481866 NA
17105 1420539 NA
17106 1420539 NA
17107 1420539 NA
17108 1420539 NA
17109 1420539 NA
17110 1420539 NA
17111 1420539 NA
17112 1420539 NA
17113 1420539 NA
17114 1420539 NA
17115 1361921 NA
17117 1361921 NA
17118 1361921 NA
17123 1361921 NA
17124 1321902 NA
17125 1321902 NA
17126 1321902 NA
17127 1321902 NA
17129 1321902 NA
17130 1321902 NA
17131 1321902 NA
17132 1321902 NA
17133 1262210 NA
17134 1262210 NA
17135 1262210 NA
17136 1262210 NA
17138 1262210 NA
17139 1262210 NA
17140 1262210 NA
17141 1262210 NA
17142 1207427 NA
17143 1207427 NA
17144 1207427 NA
17145 1207427 NA
17146 1207427 NA
17147 1207427 NA
