"Index" "Price" "Volume"
15694 1e+07 NA
15695 1e+07 NA
15696 1e+07 NA
15697 1e+07 NA
15698 1e+07 NA
15699 1e+07 NA
15700 1e+07 NA
15701 1e+07 NA
15702 1e+07 NA
15703 1e+07 NA
15704 1e+07 NA
15705 1e+07 NA
15706 1e+07 NA
15707 1e+07 NA
15708 1e+07 NA
15709 1e+07 NA
15710 1e+07 NA
15711 1e+07 NA
15712 1e+07 NA
15713 1e+07 NA
15714 1e+07 NA
15715 1e+07 NA
15716 1e+07 NA
15717 1e+07 NA
15718 1e+07 NA
15719 1e+07 NA
15720 1e+07 NA
15721 1e+07 NA
15722 1e+07 NA
15723 1e+07 NA
15724 1e+07 NA
15725 1e+07 NA
15726 1e+07 NA
15727 1e+07 NA
15728 1e+07 NA
15729 1e+07 NA
15730 1e+07 NA
15731 1e+07 NA
15732 1e+07 NA
15733 1e+07 NA
15734 1e+07 NA
15735 1e+07 NA
15736 1e+07 NA
15737 1e+07 NA
15738 1e+07 NA
15739 1e+07 NA
15740 1e+07 NA
15741 1e+07 NA
15742 1e+07 NA
15743 1e+07 NA
15744 1e+07 NA
15745 1e+07 NA
15746 1e+07 NA
15747 1e+07 NA
15748 1e+07 NA
15749 1e+07 NA
15750 1e+07 NA
15751 1e+07 NA
15752 1e+07 NA
15753 1e+07 NA
15754 1e+07 NA
15755 1e+07 NA
15756 1e+07 NA
15757 1e+07 NA
15758 1e+07 NA
15759 1e+07 NA
15760 1e+07 NA
15761 9525481 NA
15762 9049206 NA
15763 9049206 NA
15764 9049206 NA
15765 9049206 NA
15766 8596745 NA
15767 8596745 NA
15768 8596745 NA
15769 8596745 NA
15770 8596745 NA
15771 8596745 NA
15772 8596745 NA
15773 8596745 NA
15774 8596745 NA
15775 8596745 NA
15776 8596745 NA
15777 8596745 NA
15778 7823037 NA
15779 7118963 NA
15780 7118963 NA
15781 7118963 NA
15782 7118963 NA
15783 6478256 NA
15784 5895212 NA
15785 5895212 NA
15786 5364642 NA
15787 5364642 NA
15788 5364642 NA
15789 5364642 NA
15790 4881824 NA
15791 4296005 NA
15792 4296005 NA
15793 4296005 NA
15794 4296005 NA
15795 4296005 NA
15796 4296005 NA
15797 4296005 NA
15798 4296005 NA
15799 4296005 NA
15800 4296005 NA
15801 4296005 NA
15802 4296005 NA
15803 4296005 NA
15804 4296005 NA
15805 4296005 NA
15806 4296005 NA
15807 3866404 NA
15808 3866404 NA
15809 3866404 NA
15810 1059725 NA
15811 1006738 NA
15812 1006738 NA
15813 1006738 NA
15814 1006738 NA
15815 1006738 NA
15816 1006738 NA
15817 956401 NA
15818 956401 NA
15819 956401 NA
15820 908580 NA
15821 908580 NA
15822 908580 NA
15823 908580 NA
15824 908580 NA
15825 908580 NA
15826 908580 NA
15827 908580 NA
15828 908580 NA
15829 908580 NA
15830 908580 NA
15831 908580 NA
15832 908580 NA
15833 808636 NA
15834 808636 NA
15835 808636 NA
15836 808636 NA
15837 808636 NA
15838 808636 NA
15839 808636 NA
15840 808636 NA
15841 808636 NA
15842 808636 NA
15843 808636 NA
15844 808636 NA
15845 771214 NA
15846 771214 NA
15847 771214 NA
15848 771214 NA
15849 771214 NA
15850 771214 NA
15851 771214 NA
15852 771214 NA
15853 771214 NA
15854 771214 NA
15855 736023 NA
15856 736023 NA
15857 736023 NA
15858 736023 NA
15859 736023 NA
15860 736023 NA
15861 736023 NA
15862 736023 NA
15863 736023 NA
15864 701890 NA
15865 701890 NA
15866 701890 NA
15867 701890 NA
15868 701890 NA
15869 701890 NA
15870 701890 NA
15871 671038 NA
15872 671038 NA
15873 671038 NA
15874 671038 NA
15875 671038 NA
15876 641576 NA
15877 641576 NA
15878 641576 NA
15879 641576 NA
15880 641576 NA
15881 613127 NA
15882 613127 NA
15883 613127 NA
15884 613127 NA
15885 613127 NA
15886 585935 NA
15887 585935 NA
15888 585935 NA
15889 585935 NA
15890 585935 NA
15891 585935 NA
15892 559669 NA
15893 559669 NA
15894 559669 NA
15895 559669 NA
15896 559669 NA
15897 559669 NA
15898 559669 NA
15899 559669 NA
15900 535457 NA
15901 535457 NA
15902 535457 NA
15903 531598 NA
15904 527739 NA
15905 523881 NA
15906 520022 NA
15907 516163 NA
15908 512304 NA
15909 512304 NA
15910 512304 NA
15911 512304 NA
15912 512304 NA
15913 512304 NA
15914 512304 NA
15915 512304 NA
15916 512304 NA
15917 512304 NA
15918 512304 NA
15919 512304 NA
15920 512304 NA
15921 490382 NA
15922 490382 NA
15923 490382 NA
15924 490382 NA
15925 490382 NA
15926 490382 NA
15927 490382 NA
15928 490382 NA
15929 490382 NA
15930 490382 NA
15931 490382 NA
15932 490382 NA
15933 490382 NA
15934 490382 NA
15935 490382 NA
15936 469503 NA
15937 469503 NA
15938 469503 NA
15939 469503 NA
15940 469503 NA
15941 469503 NA
15942 469503 NA
15943 469503 NA
15944 469503 NA
15945 469503 NA
15946 469503 NA
15947 469503 NA
15948 469503 NA
15949 469503 NA
15950 469503 NA
15951 469503 NA
15952 469503 NA
15953 449126 NA
15954 449126 NA
15955 449126 NA
15956 449126 NA
15957 449126 NA
15958 449126 NA
15959 449126 NA
15960 449126 NA
15961 449126 NA
15962 449126 NA
15963 449126 NA
15964 449126 NA
15965 449126 NA
15966 449126 NA
15967 429527 NA
15968 429527 NA
15969 429527 NA
15970 429527 NA
15971 429527 NA
15972 429527 NA
15973 429527 NA
15974 429527 NA
15975 429527 NA
15976 429527 NA
15977 429527 NA
15978 411097 NA
15979 411097 NA
15980 411097 NA
15981 411097 NA
15982 411097 NA
15983 411097 NA
15984 411097 NA
15985 411097 NA
15986 419414 NA
15987 427731 NA
15988 436048 NA
15989 444365 NA
15990 452681 NA
15991 460998 NA
15992 469315 NA
15993 477632 NA
15994 477632 NA
15995 495680 NA
15996 495680 NA
15997 495680 NA
15998 485033 NA
15999 485033 NA
16000 485033 NA
16001 469646 NA
16002 469646 NA
16003 469646 NA
16004 469646 NA
16005 454983 NA
16006 454983 NA
16007 454983 NA
16008 444055 NA
16009 444055 NA
16010 444055 NA
16011 444055 NA
16012 444055 NA
16013 433518 NA
16014 433518 NA
16015 433518 NA
16016 433518 NA
16017 433518 NA
16018 428334 NA
16019 428334 NA
16020 428334 NA
16021 428334 NA
16022 428334 NA
16023 424081 NA
16024 424081 NA
16025 424081 NA
16026 424081 NA
16027 424081 NA
16028 407458 NA
16029 407458 NA
16030 407458 NA
16031 407458 NA
16032 407458 NA
16033 394327 NA
16034 394327 NA
16035 393817 NA
16036 393308 NA
16037 392798 NA
16038 392288 NA
16039 391778 NA
16040 391269 NA
16041 390759 NA
16042 390759 NA
16043 390759 NA
16044 390759 NA
16045 392782 NA
16046 392782 NA
16047 392782 NA
16048 392782 NA
16049 392782 NA
16050 392782 NA
16051 406879 NA
16052 406879 NA
16053 406879 NA
16054 406879 NA
16055 406879 NA
16056 406879 NA
16057 406879 NA
16058 406879 NA
16059 411414 NA
16060 411414 NA
16061 411414 NA
16062 411414 NA
16063 411414 NA
16064 411414 NA
16065 422612 NA
16066 422612 NA
16067 422612 NA
16068 422612 NA
16069 422612 NA
16070 422612 NA
16071 422612 NA
16072 426267 NA
16073 426267 NA
16074 426267 NA
16075 426267 NA
16076 426267 NA
16077 426267 NA
16078 426267 NA
16079 435053 NA
16080 435053 NA
16081 435053 NA
16082 435053 NA
16083 435053 NA
16084 435053 NA
16085 435053 NA
16086 446755 NA
16087 446755 NA
16088 446755 NA
16089 446755 NA
16090 446755 NA
16091 446755 NA
16092 461925 NA
16093 461925 NA
16094 461925 NA
16095 461925 NA
16096 461925 NA
16097 461925 NA
16098 476819 NA
16099 476819 NA
16100 476819 NA
16101 476819 NA
16102 476819 NA
16103 476819 NA
16104 476819 NA
16105 497395 NA
16106 497395 NA
16107 497395 NA
16108 497395 NA
16109 497395 NA
16110 497395 NA
16111 497395 NA
16112 497395 NA
16113 520283 NA
16114 520283 NA
16115 520283 NA
16116 520283 NA
16117 520283 NA
16118 520283 NA
16119 520283 NA
16120 520283 NA
16121 520283 NA
16122 542935 NA
16123 542935 NA
16124 542935 NA
16125 542935 NA
16126 542935 NA
16127 542935 NA
16128 542935 NA
16129 542935 NA
16130 541284 NA
16131 541284 NA
16132 541284 NA
16133 541284 NA
16134 541284 NA
16135 541284 NA
16136 541284 NA
16137 541284 NA
16138 541284 NA
16139 564480 NA
16140 564480 NA
16141 564480 NA
16142 564480 NA
16143 564480 NA
16144 564480 NA
16145 564480 NA
16146 564480 NA
16147 564480 NA
16148 564480 NA
16149 564480 NA
16150 590948 NA
16151 590948 NA
16152 590948 NA
16153 590948 NA
16154 590948 NA
16155 590948 NA
16156 590948 NA
16157 590948 NA
16158 590948 NA
16159 590948 NA
16160 590948 NA
16161 618128 NA
16162 618128 NA
16163 618128 NA
16164 618128 NA
16165 618128 NA
16166 618128 NA
16167 618128 NA
16168 618128 NA
16169 618128 NA
16170 618128 NA
16171 618128 NA
16172 618128 NA
16173 646741 NA
16174 646741 NA
16175 646741 NA
16176 646741 NA
16177 646741 NA
16178 646741 NA
16179 646741 NA
16180 646741 NA
16181 646741 NA
16182 646741 NA
16183 646741 NA
16184 646741 NA
16185 646741 NA
16186 646741 NA
16187 646741 NA
16188 676793 NA
16189 676793 NA
16190 676793 NA
16191 676793 NA
16192 676793 NA
16193 676793 NA
16194 676793 NA
16195 676793 NA
16196 676793 NA
16197 676793 NA
16198 676793 NA
16199 676793 NA
16200 676793 NA
16201 676793 NA
16202 676793 NA
16203 676793 NA
16204 709155 NA
16205 709155 NA
16206 709155 NA
16207 709155 NA
16208 709155 NA
16209 709155 NA
16210 709155 NA
16211 709155 NA
16212 709155 NA
16213 709155 NA
16214 709155 NA
16215 709155 NA
16216 737584 NA
16217 737584 NA
16218 737584 NA
16219 737584 NA
16220 737584 NA
16221 737584 NA
16222 737584 NA
16223 737584 NA
16224 737584 NA
16225 737584 NA
16226 737584 NA
16227 737584 NA
16228 737584 NA
16229 732996 NA
16230 732996 NA
16231 732996 NA
16232 732996 NA
16233 732996 NA
16234 732996 NA
16235 732996 NA
16236 732996 NA
16237 732996 NA
16238 732996 NA
16239 732996 NA
16240 737325 NA
16241 737325 NA
16242 737325 NA
16243 737325 NA
16244 737325 NA
16245 737325 NA
16246 737325 NA
16247 737325 NA
16248 737325 NA
16249 737325 NA
16250 737325 NA
16251 737325 NA
16252 759214 NA
16253 759214 NA
16254 759214 NA
16255 759214 NA
16256 759214 NA
16257 759214 NA
16258 759214 NA
16259 759214 NA
16260 759214 NA
16261 759214 NA
16262 759214 NA
16263 759214 NA
16264 757438 NA
16265 757438 NA
16266 757438 NA
16267 757438 NA
16268 757438 NA
16269 757438 NA
16270 757438 NA
16271 757438 NA
16272 757438 NA
16273 757438 NA
16274 757438 NA
16275 739060 NA
16276 739060 NA
16277 739060 NA
16278 739060 NA
16279 739060 NA
16280 739060 NA
16281 739060 NA
16282 739060 NA
16283 739060 NA
16284 739060 NA
16285 739060 NA
16286 739060 NA
16287 739060 NA
16288 707297 NA
16289 707297 NA
16290 707297 NA
16291 707297 NA
16292 707297 NA
16293 707297 NA
16294 707297 NA
16295 707297 NA
16296 707297 NA
16297 707297 NA
16298 707297 NA
16299 680440 NA
16300 680440 NA
16301 680440 NA
16302 680440 NA
16303 680440 NA
16304 680440 NA
16305 680440 NA
16306 680440 NA
16307 680440 NA
16308 680440 NA
16309 680440 NA
16310 680440 NA
16311 660745 NA
16312 660745 NA
16313 660745 NA
16314 660745 NA
16315 660745 NA
16316 660745 NA
16317 660745 NA
16318 660745 NA
16319 660745 NA
16320 660745 NA
16321 660745 NA
16322 660745 NA
16323 660745 NA
16324 660745 NA
16325 654204 NA
16326 654204 NA
16327 654204 NA
16328 654204 NA
16329 654204 NA
16330 654204 NA
16331 654204 NA
16332 654204 NA
16333 654204 NA
16334 654204 NA
16335 654204 NA
16336 654204 NA
16337 654204 NA
16338 654204 NA
16339 647163 NA
16340 647163 NA
16341 647163 NA
16342 647163 NA
16343 647163 NA
16344 647163 NA
16345 647163 NA
16346 647163 NA
16347 647163 NA
16348 647163 NA
16349 647163 NA
16350 647163 NA
16351 647163 NA
16352 647163 NA
16353 653284 NA
16354 653284 NA
16355 653284 NA
16356 653284 NA
16357 653284 NA
16358 653284 NA
16359 653284 NA
16360 653284 NA
16361 672902 NA
16362 672902 NA
16363 672902 NA
16364 672902 NA
16365 672902 NA
16366 672902 NA
16367 672902 NA
16368 672902 NA
16369 672902 NA
16370 698528 NA
16371 698528 NA
16372 698528 NA
16373 698528 NA
16374 698528 NA
16375 698528 NA
16376 698528 NA
16377 698528 NA
16378 698528 NA
16379 698528 NA
16380 703997 NA
16381 703997 NA
16382 703997 NA
16383 703997 NA
16384 703997 NA
16385 703997 NA
16386 731914 NA
16387 731914 NA
16388 731914 NA
16389 765696 NA
16390 765696 NA
16391 765696 NA
16392 765696 NA
16393 799659 NA
16394 799659 NA
16395 799659 NA
16396 799659 NA
16397 799659 NA
16398 814407 NA
16399 814407 NA
16400 814407 NA
16401 814407 NA
16402 814407 NA
16403 814407 NA
16404 832930 NA
16405 832930 NA
16406 832930 NA
16407 832930 NA
16408 832930 NA
16409 832930 NA
16410 832930 NA
16411 832930 NA
16412 820005 NA
16413 820005 NA
16414 820005 NA
16415 820005 NA
16416 820005 NA
16417 820005 NA
16418 820005 NA
16419 820005 NA
16420 820005 NA
16421 820005 NA
16422 793127 NA
16423 793127 NA
16424 793127 NA
16425 793127 NA
16426 793127 NA
16427 793127 NA
16428 793127 NA
16429 793127 NA
16430 793127 NA
16431 793127 NA
16432 793127 NA
16433 759903 NA
16434 759903 NA
16435 759903 NA
16436 759903 NA
16437 759903 NA
16438 759903 NA
16439 759903 NA
16440 759903 NA
16441 759903 NA
16442 759903 NA
16443 728818 NA
16444 728818 NA
16445 728818 NA
16446 728818 NA
16447 728818 NA
16448 728818 NA
16449 728818 NA
16450 728818 NA
16451 728818 NA
16452 728818 NA
16453 728818 NA
16454 699167 NA
16455 699167 NA
16456 699167 NA
16457 699167 NA
16458 699167 NA
16459 699167 NA
16460 699167 NA
16461 699167 NA
16462 699167 NA
16463 699167 NA
16464 699167 NA
16465 678457 NA
16466 678457 NA
16467 678457 NA
16468 678457 NA
16469 678457 NA
16470 678457 NA
16471 678457 NA
16472 678457 NA
16473 678457 NA
16474 678457 NA
16475 678457 NA
16476 678457 NA
16477 678457 NA
16478 689667 NA
16479 689667 NA
16480 689667 NA
16481 689667 NA
16482 689667 NA
16483 689667 NA
16484 689667 NA
16485 689667 NA
16486 689667 NA
16487 689667 NA
16488 689667 NA
16489 689667 NA
16490 707910 NA
16491 707910 NA
16492 707910 NA
16493 707910 NA
16494 707910 NA
16495 707910 NA
16496 707910 NA
16497 707910 NA
16498 707910 NA
16499 707910 NA
16500 707910 NA
16501 707910 NA
16502 707910 NA
16503 736100 NA
16504 736100 NA
16505 736100 NA
16506 736100 NA
16507 736100 NA
16508 736100 NA
16509 736100 NA
16510 736100 NA
16511 736100 NA
16512 736100 NA
16513 736100 NA
16514 736100 NA
16515 736100 NA
16516 736100 NA
16517 736100 NA
16518 770232 NA
16519 770232 NA
16520 770232 NA
16521 770232 NA
16522 770232 NA
16523 770232 NA
16524 770232 NA
16525 770232 NA
16526 770232 NA
16527 770232 NA
16528 770232 NA
16529 770232 NA
16530 770232 NA
16531 770232 NA
16532 770232 NA
16533 770232 NA
16534 770232 NA
16535 770232 NA
16536 770232 NA
16537 770232 NA
16538 805143 NA
16539 805143 NA
16540 805143 NA
16541 805143 NA
16542 805143 NA
16543 805143 NA
16544 805143 NA
16545 805143 NA
16546 805143 NA
16547 805143 NA
16548 805143 NA
16549 805143 NA
16550 805143 NA
16551 805143 NA
16552 805143 NA
16553 805143 NA
16554 805143 NA
16555 805143 NA
16556 805143 NA
16557 805143 NA
16558 805143 NA
16559 805143 NA
16560 837406 NA
16561 837406 NA
16562 837406 NA
16563 837406 NA
16564 837406 NA
16565 837406 NA
16566 837406 NA
16567 837406 NA
16568 837406 NA
16569 837406 NA
16570 837406 NA
16571 837406 NA
16572 837406 NA
16573 837406 NA
16574 837406 NA
16575 837406 NA
16576 837406 NA
16577 837406 NA
16578 837406 NA
16579 837406 NA
16580 837406 NA
16581 837406 NA
16582 837406 NA
16583 837406 NA
16584 837406 NA
16585 808447 NA
16586 808447 NA
16587 808447 NA
16588 808447 NA
16589 808447 NA
16590 808447 NA
16591 808447 NA
16592 808447 NA
16593 808447 NA
16594 808447 NA
16595 808447 NA
16596 808447 NA
16597 808447 NA
16598 808447 NA
16599 808447 NA
16600 808447 NA
16601 808447 NA
16602 808447 NA
16603 808447 NA
16604 808447 NA
16605 808447 NA
16606 808447 NA
16607 781541 NA
16608 781541 NA
16609 781541 NA
16610 781541 NA
16611 781541 NA
16612 781541 NA
16613 781541 NA
16614 781541 NA
16615 781541 NA
16616 781541 NA
16617 781541 NA
16618 781541 NA
16619 781541 NA
16620 781541 NA
16621 781541 NA
16622 781541 NA
16623 781541 NA
16624 781541 NA
16625 781541 NA
16626 781541 NA
16627 781541 NA
16628 781541 NA
16629 781541 NA
16630 781541 NA
16631 781541 NA
16632 781541 NA
16633 746496 NA
16634 746496 NA
16635 746496 NA
16636 746496 NA
16637 746496 NA
16638 746496 NA
16639 746496 NA
16640 746496 NA
16641 746496 NA
16642 746496 NA
16643 746496 NA
16644 746496 NA
16645 746496 NA
16646 746496 NA
16647 746496 NA
16648 746496 NA
16649 746496 NA
16650 746496 NA
16651 746496 NA
16652 746496 NA
16653 746496 NA
16654 746496 NA
16655 746496 NA
16656 746496 NA
16657 746496 NA
16658 757060 NA
16659 757060 NA
16660 757060 NA
16661 757060 NA
16662 757060 NA
16663 757060 NA
16665 757060 NA
16666 757060 NA
16668 757060 NA
16669 757060 NA
16670 757060 NA
16671 757060 NA
16672 757060 NA
16673 757060 NA
16674 757060 NA
16675 757060 NA
16676 757060 NA
16677 757060 NA
16678 757060 NA
16679 757060 NA
16680 757060 NA
16681 757060 NA
16682 757060 NA
16683 791062 NA
16684 791062 NA
16686 791062 NA
16687 791062 NA
16688 791062 NA
16689 791062 NA
16690 791062 NA
16691 791062 NA
16692 791062 NA
16693 791062 NA
16694 791062 NA
16695 791062 NA
16696 791062 NA
16697 791062 NA
16698 791062 NA
16699 791062 NA
16700 791062 NA
16701 791062 NA
16702 791062 NA
16703 791062 NA
16704 791062 NA
16705 791062 NA
16706 791062 NA
16707 791062 NA
16708 791062 NA
16709 814136 NA
16710 814136 NA
16711 814136 NA
16712 814136 NA
16715 814136 NA
16717 814136 NA
16719 814136 NA
16720 814136 NA
16721 814136 NA
16722 814136 NA
16723 814136 NA
16724 814136 NA
16725 814136 NA
16726 814136 NA
16728 814136 NA
16731 814136 NA
16732 814136 NA
16733 814136 NA
16734 814136 NA
16735 823298 NA
16736 823298 NA
16737 823298 NA
16738 823298 NA
16739 823298 NA
16740 823298 NA
16741 823298 NA
16742 823298 NA
16743 823298 NA
16744 823298 NA
16745 823298 NA
16746 823298 NA
16747 823298 NA
16748 823298 NA
16749 823298 NA
16750 823298 NA
16751 823298 NA
16752 823298 NA
16753 823298 NA
16754 823298 NA
16755 823298 NA
16756 823298 NA
16757 823298 NA
16759 823298 NA
16760 823298 NA
16761 823298 NA
16762 823298 NA
16763 823298 NA
16764 823298 NA
16765 823298 NA
16766 832506 NA
16767 832506 NA
16768 832506 NA
16769 832506 NA
16770 832506 NA
16771 832506 NA
16772 832506 NA
16773 832506 NA
16774 832506 NA
16775 832506 NA
16777 832506 NA
16778 832506 NA
16779 832506 NA
16780 832506 NA
16781 832506 NA
16782 832506 NA
16783 832506 NA
16784 832506 NA
16785 832506 NA
16786 832506 NA
16787 832506 NA
16788 832506 NA
16789 832506 NA
16790 832506 NA
16791 832506 NA
16792 832506 NA
16793 832506 NA
16794 832506 NA
16795 832506 NA
16796 832506 NA
16797 862819 NA
16798 862819 NA
16799 862819 NA
16800 862819 NA
16801 862819 NA
16802 862819 NA
16803 862819 NA
16804 862819 NA
16807 862819 NA
16808 862819 NA
16809 862819 NA
16810 862819 NA
16811 862819 NA
16812 862819 NA
16813 862819 NA
16814 862819 NA
16815 862819 NA
16816 862819 NA
16817 862819 NA
16818 862819 NA
16820 862819 NA
16821 862819 NA
16823 862819 NA
16824 862819 NA
16825 862819 NA
16826 862819 NA
16827 862819 NA
16828 875981 NA
16829 875981 NA
16830 875981 NA
16831 875981 NA
16832 875981 NA
16833 875981 NA
16834 875981 NA
16835 875981 NA
16836 889154 NA
16837 889154 NA
16838 928243 NA
16839 928243 NA
16840 969528 NA
16841 969528 NA
16842 969528 NA
16843 969528 NA
16844 969528 NA
16845 969528 NA
16847 969528 NA
16849 969528 NA
16850 969528 NA
16851 969528 NA
16852 995393 NA
16853 995393 NA
16854 995393 NA
16855 995393 NA
16856 995393 NA
16857 995393 NA
16858 995393 NA
16859 995393 NA
16860 995393 NA
16861 995393 NA
16862 995393 NA
16863 995393 NA
16864 995393 NA
16865 995393 NA
16866 995393 NA
16867 995393 NA
16869 995393 NA
16870 995393 NA
16871 995393 NA
16872 995393 NA
16873 995393 NA
16874 995393 NA
16875 995393 NA
16876 995393 NA
16878 995393 NA
16879 994411 NA
16880 994411 NA
16881 994411 NA
16884 994411 NA
16885 994411 NA
16886 994411 NA
16887 994411 NA
16888 994411 NA
16889 994411 NA
16890 994411 NA
16892 994411 NA
16893 994411 NA
16894 994411 NA
16895 994411 NA
16896 994411 NA
16897 994411 NA
16898 994411 NA
16899 994411 NA
16900 994411 NA
16901 994411 NA
16902 994411 NA
16903 994411 NA
16904 994411 NA
16905 994411 NA
16906 994411 NA
16907 994411 NA
16908 994411 NA
16909 994411 NA
16910 994411 NA
16911 994411 NA
16912 994411 NA
16913 994411 NA
16914 994411 NA
16915 994411 NA
16916 1024510 NA
16917 1024510 NA
16918 1024510 NA
16919 1024510 NA
16920 1024510 NA
16921 1024510 NA
16922 1024510 NA
16923 1024510 NA
16924 1024510 NA
16925 1024510 NA
16926 1024510 NA
16927 1024510 NA
16928 1024510 NA
16929 1024510 NA
16930 1024510 NA
16931 1024510 NA
16932 1024510 NA
16933 1024510 NA
16934 1024510 NA
16935 1024510 NA
16937 1024510 NA
16938 1024510 NA
16939 1024510 NA
16940 1024510 NA
16941 1024510 NA
16942 1024510 NA
16943 1024510 NA
16944 1024510 NA
16945 1024510 NA
16946 1024510 NA
16949 1024510 NA
16950 1024510 NA
16951 1024510 NA
16952 1024510 NA
16953 1024510 NA
16954 1024510 NA
16955 1024510 NA
16956 1024510 NA
16957 1024510 NA
16958 1024510 NA
16959 1024510 NA
16960 1024510 NA
16967 1053071 NA
16968 1053071 NA
16969 1053071 NA
16970 1053071 NA
16971 1053071 NA
16972 1053071 NA
16974 1053071 NA
16975 1053071 NA
16976 1053071 NA
16977 1053071 NA
16978 1053071 NA
16979 1053071 NA
16980 1053071 NA
16981 1053071 NA
16982 1053071 NA
16984 1053071 NA
16985 1053071 NA
16986 1053071 NA
16987 1053071 NA
16988 1053071 NA
16989 1053071 NA
16990 1053071 NA
16991 1053071 NA
16992 1053071 NA
16993 1053071 NA
16994 1053071 NA
16999 1053071 NA
17001 1053071 NA
17006 1053071 NA
17007 1053071 NA
17014 1053071 NA
17015 1053071 NA
17016 1053071 NA
17017 1052919 NA
17018 1052919 NA
17019 1052919 NA
17020 1052919 NA
17021 1052919 NA
17022 1052919 NA
17023 1052919 NA
17024 1052919 NA
17025 1052919 NA
17026 1052919 NA
17027 1052919 NA
17028 1052919 NA
17029 1052919 NA
17031 1052919 NA
17032 1052919 NA
17033 1052919 NA
17034 1052919 NA
17035 1052919 NA
17036 1052919 NA
17037 1052919 NA
17038 1052919 NA
17039 1052919 NA
17040 1052919 NA
17042 1052919 NA
17044 1052919 NA
17045 1052919 NA
17046 1052919 NA
17047 1052919 NA
17048 1052919 NA
17049 1052919 NA
17050 1052919 NA
17051 1052919 NA
17052 1052919 NA
17053 1052919 NA
17054 1052919 NA
17055 1052919 NA
17056 1052919 NA
17057 1052919 NA
17058 1052919 NA
17059 1052919 NA
17060 1052919 NA
17061 1052919 NA
17062 1052919 NA
17063 1052919 NA
17064 1052919 NA
17069 1052919 NA
17070 1052919 NA
17071 1052919 NA
17072 1052919 NA
17073 1060107 NA
17075 1060107 NA
17076 1060107 NA
17077 1060107 NA
17078 1060107 NA
17079 1060107 NA
17080 1060107 NA
17081 1060107 NA
17083 1060107 NA
17084 1060107 NA
17085 1060107 NA
17086 1060107 NA
17087 1060107 NA
17088 1060107 NA
17089 1060107 NA
17091 1060107 NA
17092 1060107 NA
17093 1060107 NA
17094 1060107 NA
17095 1060107 NA
17096 1060107 NA
17097 1060107 NA
17098 1060107 NA
17099 1060107 NA
17100 1060107 NA
17101 1060107 NA
17102 1060107 NA
17103 1060107 NA
17104 1060107 NA
17105 1060107 NA
17106 1060107 NA
17107 1060107 NA
17108 1060107 NA
17109 1060107 NA
17110 1060107 NA
17111 1060107 NA
17112 1060107 NA
17113 1060107 NA
17114 1060107 NA
17115 1060107 NA
17117 1060107 NA
17118 1060107 NA
17123 1060107 NA
17124 1060107 NA
17125 1060107 NA
17126 1060107 NA
17127 1060107 NA
17129 1060107 NA
17130 1060107 NA
17131 1060107 NA
17132 1060107 NA
17133 1060107 NA
17134 1060107 NA
17135 1060107 NA
17136 1060107 NA
17138 1081136 NA
17139 1081136 NA
17140 1081136 NA
17141 1081136 NA
17142 1081136 NA
17143 1081136 NA
17144 1081136 NA
17145 1081136 NA
17146 1081136 NA
17147 1081136 NA
17148 1081136 NA
17149 1081136 NA
