"Index" "Price" "Volume"
14019 1563 NA
14020 1572 NA
14021 1596 NA
14022 1596 NA
14023 1649 NA
14024 1649 NA
14025 1661 NA
14026 1661 NA
14027 1693 NA
14028 1693 NA
14029 1685 NA
14030 1685 NA
14031 1678 NA
14032 1680 NA
14033 1673 NA
14034 1667 NA
14035 1665 NA
14036 1658 NA
14037 1635 NA
14038 1628 NA
14039 1611 NA
14040 1611 NA
14041 1595 NA
14042 1602 NA
14043 1628 NA
14044 1649 NA
14045 1671 NA
14046 1671 NA
14047 1681 NA
14048 1671 NA
14049 1610 NA
14050 1587 NA
14051 1587 NA
14052 1593 NA
14053 1606 NA
14054 1606 NA
14055 1629 NA
14056 1673 NA
14057 1687 NA
14058 1650 NA
14059 1621 NA
14060 1606 NA
14061 1600 NA
14062 1572 NA
14063 1572 NA
14064 1566 NA
14065 1567 NA
14066 1575 NA
14067 1580 NA
14068 1586 NA
14069 1581 NA
14070 1581 NA
14071 1568 NA
14072 1586 NA
14073 1583 NA
14074 1588 NA
14075 1588 NA
14076 1608 NA
14077 1614 NA
14078 1615 NA
14079 1607 NA
14080 1581 NA
14081 1559 NA
14082 1545 NA
14083 1555 NA
14084 1547 NA
14085 1534 NA
14086 1534 NA
14087 1544 NA
14088 1559 NA
14089 1573 NA
14090 1592 NA
14091 1617 NA
14092 1617 NA
14093 1613 NA
14094 1606 NA
14095 1583 NA
14096 1578 NA
14097 1578 NA
14098 1587 NA
14099 1599 NA
14100 1607 NA
14101 1610 NA
14102 1610 NA
14103 1612 NA
14104 1602 NA
14105 1597 NA
14106 1595 NA
14107 1592 NA
14108 1610 NA
14109 1653 NA
14110 1641 NA
14111 1639 NA
14112 1639 NA
14113 1632 NA
14114 1606 NA
14115 1606 NA
14116 1607 NA
14117 1613 NA
14118 1614 NA
14119 1613 NA
14120 1612 NA
14121 1611 NA
14122 1602 NA
14123 1602 NA
14124 1594 NA
14125 1577 NA
14126 1545 NA
14127 1523 NA
14128 1523 NA
14129 1466 NA
14130 1477 NA
14131 1477 NA
14132 1500 NA
14133 1540 NA
14134 1575 NA
14135 1602 NA
14136 1616 NA
14137 1628 NA
14138 1628 NA
14139 1668 NA
14140 1782 NA
14141 1856 NA
14142 1872 NA
14143 1872 NA
14144 1826 NA
14145 1778 NA
14146 1722 NA
14147 1664 NA
14148 1612 NA
14149 1567 NA
14150 1567 NA
14151 1595 NA
14152 1642 NA
14153 1672 NA
14154 1692 NA
14155 1668 NA
14156 1598 NA
14157 1598 NA
14158 1631 NA
14159 1624 NA
14160 1622 NA
14161 1622 NA
14162 1654 NA
14163 1690 NA
14164 1726 NA
14165 1725 NA
14166 1720 NA
14167 1714 NA
14168 1697 NA
14169 1697 NA
14170 1695 NA
14171 1692 NA
14172 1692 NA
14173 1686 NA
14174 1673 NA
14175 1654 NA
14176 1654 NA
14177 1676 NA
14178 1676 NA
14179 1677 NA
14180 1659 NA
14181 1642 NA
14182 1636 NA
14183 1632 NA
14184 1633 NA
14185 1661 NA
14186 1667 NA
14187 1644 NA
14188 1644 NA
14189 1634 NA
14190 1639 NA
14191 1634 NA
14192 1630 NA
14193 1645 NA
14194 1659 NA
14195 1661 NA
14196 1694 NA
14197 1734 NA
14198 1765 NA
14199 1861 NA
14200 1898 NA
14201 1932 NA
14202 1932 NA
14203 1954 NA
14204 1911 NA
14205 1911 NA
14206 1846 NA
14207 1777 NA
14208 1742 NA
14209 1742 NA
14210 1760 NA
14211 1755 NA
14212 1755 NA
14213 1771 NA
14214 1810 NA
14215 1837 NA
14216 1860 NA
14217 1805 NA
14218 1779 NA
14219 1750 NA
14220 1734 NA
14221 1730 NA
14222 1730 NA
14223 1722 NA
14224 1671 NA
14225 1671 NA
14226 1658 NA
14227 1645 NA
14228 1641 NA
14229 1665 NA
14230 1687 NA
14231 1777 NA
14232 1802 NA
14233 1802 NA
14234 1769 NA
14235 1720 NA
14236 1716 NA
14237 1713 NA
14238 1713 NA
14239 1706 NA
14240 1706 NA
14241 1705 NA
14242 1719 NA
14243 1752 NA
14244 1768 NA
14245 1768 NA
14246 1769 NA
14247 1750 NA
14248 1733 NA
14249 1778 NA
14250 1776 NA
14251 1778 NA
14252 1816 NA
14253 1846 NA
14254 1873 NA
14255 1873 NA
14256 1860 NA
14257 1846 NA
14258 1846 NA
14259 1868 NA
14260 1857 NA
14261 1836 NA
14262 1803 NA
14263 1803 NA
14264 1780 NA
14265 1808 NA
14266 1808 NA
14267 1840 NA
14268 1840 NA
14269 1850 NA
14270 1850 NA
14271 1850 NA
14272 1893 NA
14273 1893 NA
14274 1946 NA
14275 1925 NA
14276 1880 NA
14277 1880 NA
14278 1864 NA
14279 1871 NA
14280 1956 NA
14281 1928 NA
14282 1849 NA
14283 1849 NA
14284 1829 NA
14285 1836 NA
14286 1836 NA
14287 1856 NA
14288 1824 NA
14289 1791 NA
14290 1819 NA
14291 1840 NA
14292 1830 NA
14293 1830 NA
14294 1782 NA
14295 1782 NA
14296 1773 NA
14297 1773 NA
14298 1806 NA
14299 1833 NA
14300 1801 NA
14301 1731 NA
14302 1715 NA
14303 1864 NA
14304 1937 NA
14305 2011 NA
14306 2011 NA
14307 1916 NA
14308 1916 NA
14309 1816 NA
14310 1839 NA
14311 1877 NA
14312 1885 NA
14313 1898 NA
14314 1898 NA
14315 1988 NA
14316 2170 NA
14317 2170 NA
14318 2264 NA
14319 2086 NA
14320 1987 NA
14321 1992 NA
14322 2052 NA
14323 2093 NA
14324 2178 NA
14325 2219 NA
14326 2083 NA
14327 1954 NA
14328 1919 NA
14329 1960 NA
14330 2133 NA
14331 2133 NA
14332 2082 NA
14333 2033 NA
14334 2036 NA
14335 2095 NA
14336 2073 NA
14337 2073 NA
14338 2073 NA
14339 2203 NA
14340 2203 NA
14341 2239 NA
14342 2227 NA
14343 2289 NA
14344 2332 NA
14345 2337 NA
14346 2212 NA
14347 2230 NA
14348 2230 NA
14349 2227 NA
14350 2253 NA
14351 2253 NA
14352 2333 NA
14353 2482 NA
14354 2482 NA
14355 2548 NA
14356 2592 NA
14357 2543 NA
14358 2434 NA
14359 2388 NA
14360 2354 NA
14361 2437 NA
14362 2546 NA
14363 2563 NA
14364 2520 NA
14365 2520 NA
14366 2567 NA
14367 2685 NA
14368 2685 NA
14369 2741 NA
14370 2834 NA
14371 2914 NA
14372 2961 NA
14373 2961 NA
14374 3025 NA
14375 3049 NA
14376 3063 NA
14377 3022 NA
14378 2943 NA
14379 2914 NA
14380 2914 NA
14381 2875 NA
14382 2823 NA
14383 2779 NA
14384 2760 NA
14385 2698 NA
14386 2713 NA
14387 2761 NA
14388 2756 NA
14389 2690 NA
14390 2643 NA
14391 2643 NA
14392 2818 NA
14393 2818 NA
14394 2918 NA
14395 2826 NA
14396 2597 NA
14397 2662 NA
14398 2662 NA
14399 2690 NA
14400 2604 NA
14401 2604 NA
14402 2627 NA
14403 2655 NA
14404 2696 NA
14405 2724 NA
14406 2784 NA
14407 2765 NA
14408 2765 NA
14409 2698 NA
14410 2681 NA
14411 2697 NA
14412 2660 NA
14413 2663 NA
14414 2600 NA
14415 2604 NA
14416 2648 NA
14417 2663 NA
14418 2661 NA
14419 2653 NA
14420 2663 NA
14421 2663 NA
14422 2712 NA
14423 2938 NA
14424 2938 NA
14425 2762 NA
14426 2628 NA
14427 2365 NA
14428 2443 NA
14429 2525 NA
14430 2525 NA
14431 2513 NA
14432 2383 NA
14433 2427 NA
14434 2427 NA
14435 2456 NA
14436 2563 NA
14437 2563 NA
14438 2608 NA
14439 2634 NA
14440 2424 NA
14441 2147 NA
14442 2248 NA
14443 2348 NA
14444 2373 NA
14445 2373 NA
14446 2330 NA
14447 2368 NA
14448 2368 NA
14449 2385 NA
14450 2394 NA
14451 2369 NA
14452 2400 NA
14453 2400 NA
14454 2413 NA
14455 2413 NA
14456 2448 NA
14457 2443 NA
14458 2450 NA
14459 2483 NA
14460 2515 NA
14461 2504 NA
14462 2519 NA
14463 2521 NA
14464 2483 NA
14465 2456 NA
14466 2417 NA
14467 2418 NA
14468 2494 NA
14469 2615 NA
14470 2565 NA
14471 2556 NA
14472 2602 NA
14473 2602 NA
14474 2729 NA
14475 2780 NA
14476 2780 NA
14477 2887 NA
14478 2887 NA
14479 2885 NA
14480 2828 NA
14481 2793 NA
14482 2793 NA
14483 2816 NA
14484 2816 NA
14485 2863 NA
14486 2865 NA
14487 2830 NA
14488 2831 NA
14489 2827 NA
14490 2840 NA
14491 2840 NA
14492 2848 NA
14493 2843 NA
14494 2861 NA
14495 2861 NA
14496 2887 NA
14497 2929 NA
14498 2937 NA
14499 2840 NA
14500 2846 NA
14501 2903 NA
14502 2895 NA
14503 2819 NA
14504 2839 NA
14505 2839 NA
14506 2945 NA
14507 2912 NA
14508 2805 NA
14509 2876 NA
14510 2851 NA
14511 2826 NA
14512 2840 NA
14513 2840 NA
14514 2874 NA
14515 2867 NA
14516 2867 NA
14517 2912 NA
14518 2912 NA
14519 2913 NA
14520 2913 NA
14521 3018 NA
14522 2962 NA
14523 2962 NA
14524 2881 NA
14525 2916 NA
14526 3038 NA
14527 2963 NA
14528 2984 NA
14529 2984 NA
14530 3007 NA
14531 3007 NA
14532 2890 NA
14533 2894 NA
14534 2894 NA
14535 3086 NA
14536 3069 NA
14537 3218 NA
14538 3019 NA
14539 3019 NA
14540 3150 NA
14541 3171 NA
14542 3065 NA
14543 3125 NA
14544 3106 NA
14545 3026 NA
14546 3026 NA
14547 2988 NA
14548 3089 NA
14549 3199 NA
14550 3186 NA
14551 3180 NA
14552 3141 NA
14553 3143 NA
14554 3143 NA
14555 3211 NA
14556 3211 NA
14557 3220 NA
14558 3212 NA
14559 3372 NA
14560 3372 NA
14561 3391 NA
14562 3358 NA
14563 3398 NA
14564 3363 NA
14565 3684 NA
14566 3679 NA
14567 3679 NA
14568 3690 NA
14569 3856 NA
14570 3798 NA
14571 3798 NA
14572 3917 NA
14573 3946 NA
14574 3882 NA
14575 3910 NA
14576 3999 NA
14577 4114 NA
14578 4524 NA
14579 4524 NA
14580 4748 NA
14581 4860 NA
14582 5021 NA
14583 5021 NA
14584 4608 NA
14585 4593 NA
14586 4593 NA
14587 4732 NA
14588 5195 NA
14589 5195 NA
14590 5412 NA
14591 5605 NA
14592 5841 NA
14593 6065 NA
14594 6276 NA
14595 6843 NA
14596 6843 NA
14597 7139 NA
14598 6955 NA
14599 6284 NA
14600 6284 NA
14601 6118 NA
14602 6103 NA
14603 5919 NA
14604 6004 NA
14605 6172 NA
14606 6172 NA
14607 6153 NA
14608 6153 NA
14609 6351 NA
14610 6505 NA
14611 6414 NA
14612 6216 NA
14613 5751 NA
14614 5775 NA
14615 5775 NA
14616 5871 NA
14617 6029 NA
14618 5975 NA
14619 5895 NA
14620 5895 NA
14621 5774 NA
14622 5774 NA
14623 5734 NA
14624 5734 NA
14625 5924 NA
14626 6052 NA
14627 6052 NA
14628 6454 NA
14629 6454 NA
14630 6776 NA
14631 7469 NA
14632 7469 NA
14633 7223 NA
14634 7223 NA
14635 6861 NA
14636 6517 NA
14637 6191 NA
14638 6269 NA
14639 6231 NA
14640 6063 NA
14641 5909 NA
14642 5909 NA
14643 6058 NA
14644 6058 NA
14645 6130 NA
14646 6195 NA
14647 6141 NA
14648 6146 NA
14649 6146 NA
14650 6105 NA
14651 6069 NA
14652 6041 NA
14653 6041 NA
14654 6006 NA
14655 6150 NA
14656 6150 NA
14657 6097 NA
14658 6311 NA
14659 6315 NA
14660 6315 NA
14661 6270 NA
14662 6395 NA
14663 6395 NA
14664 6463 NA
14665 6411 NA
14666 6424 NA
14667 6424 NA
14668 6427 NA
14669 6399 NA
14670 6557 NA
14671 6438 NA
14672 6494 NA
14673 6494 NA
14674 6764 NA
14675 7090 NA
14676 7040 NA
14677 6689 NA
14678 6465 NA
14679 6661 NA
14680 6874 NA
14681 7317 NA
14682 7360 NA
14683 7299 NA
14684 7299 NA
14685 7415 NA
14686 7423 NA
14687 7269 NA
14688 7313 NA
14689 7477 NA
14690 8195 NA
14691 8539 NA
14692 8539 NA
14693 8726 NA
14694 8782 NA
14695 8782 NA
14696 8929 NA
14697 8834 NA
14698 8918 NA
14699 9213 NA
14700 9505 NA
14701 9766 NA
14702 9848 NA
14703 9834 NA
14704 9957 NA
14705 10500 NA
14706 10500 NA
14707 11000 NA
14708 11600 NA
14709 11600 NA
14710 11000 NA
14711 10600 NA
14712 9604 NA
14713 9604 NA
14714 9123 NA
14715 8261 NA
14716 8261 NA
14717 7460 NA
14718 7087 NA
14719 7087 NA
14720 7141 NA
14721 7141 NA
14722 7345 NA
14723 7345 NA
14724 7210 NA
14725 6887 NA
14726 6636 NA
14727 6115 NA
14728 6115 NA
14729 5870 NA
14730 5692 NA
14731 5672 NA
14732 5978 NA
14733 5978 NA
14734 6054 NA
14735 6054 NA
14736 5820 NA
14737 5820 NA
14738 5737 NA
14739 5737 NA
14740 5946 NA
14741 6057 NA
14742 5873 NA
14743 5741 NA
14744 5698 NA
14745 5897 NA
14746 5773 NA
14747 5568 NA
14748 5461 NA
14749 5461 NA
14750 5421 NA
14751 5617 NA
14752 5641 NA
14753 5587 NA
14754 5352 NA
14755 5276 NA
14756 5276 NA
14757 5285 NA
14758 5305 NA
14759 5346 NA
14760 5160 NA
14761 5054 NA
14762 5061 NA
14763 5061 NA
14764 5164 NA
14765 5092 NA
14766 4993 NA
14767 5082 NA
14768 5080 NA
14769 4941 NA
14770 4937 NA
14771 5166 NA
14772 5166 NA
14773 5272 NA
14774 5404 NA
14775 5462 NA
14776 5226 NA
14777 5226 NA
14778 4977 NA
14779 4977 NA
14780 4970 NA
14781 4907 NA
14782 4813 NA
14783 4813 NA
14784 4916 NA
14785 4916 NA
14786 5011 NA
14787 4998 NA
14788 4964 NA
14789 4797 NA
14790 4752 NA
14791 4752 NA
14792 4895 NA
14793 4974 NA
14794 5042 NA
14795 5052 NA
14796 5052 NA
14797 5007 NA
14798 5109 NA
14799 5224 NA
14800 5224 NA
14801 5280 NA
14802 5054 NA
14803 4818 NA
14804 4818 NA
14805 4985 NA
14806 4985 NA
14807 4887 NA
14808 4813 NA
14809 4885 NA
14810 4737 NA
14811 4737 NA
14812 4878 NA
14813 4807 NA
14814 4807 NA
14815 4704 NA
14816 4636 NA
14817 4644 NA
14818 4690 NA
14819 4689 NA
14820 4689 NA
14821 4640 NA
14822 4625 NA
14823 4766 NA
14824 4766 NA
14825 4722 NA
14826 4642 NA
14827 4674 NA
14828 4547 NA
14829 4412 NA
14830 4302 NA
14831 4240 NA
14832 4311 NA
14833 4311 NA
14834 4313 NA
14835 4411 NA
14836 4253 NA
14837 4183 NA
14838 4197 NA
14839 4197 NA
14840 4263 NA
14841 4263 NA
14842 4393 NA
14843 4613 NA
14844 4839 NA
14845 5054 NA
14846 5306 NA
14847 4957 NA
14848 4771 NA
14849 4771 NA
14850 4650 NA
14851 4468 NA
14852 4581 NA
14853 4581 NA
14854 4782 NA
14855 4957 NA
14856 5199 NA
14857 5013 NA
14858 5013 NA
14859 4792 NA
14860 4792 NA
14861 4879 NA
14862 4882 NA
14863 4769 NA
14864 4685 NA
14865 4567 NA
14866 4483 NA
14867 4483 NA
14868 4635 NA
14869 4698 NA
14870 4469 NA
14871 4469 NA
14872 4488 NA
14873 4488 NA
14874 4343 NA
14875 4343 NA
14876 4518 NA
14877 4530 NA
14878 4383 NA
14879 4263 NA
14880 4219 NA
14881 4219 NA
14882 4265 NA
14883 4265 NA
14884 4306 NA
14885 4311 NA
14886 4285 NA
14887 4342 NA
14888 4404 NA
14889 4550 NA
14890 4570 NA
14891 4570 NA
14892 4592 NA
14893 4701 NA
14894 4701 NA
14895 4597 NA
14896 4668 NA
14897 4566 NA
14898 4566 NA
14899 4445 NA
14900 4382 NA
14901 4316 NA
14902 4316 NA
14903 4320 NA
14904 4320 NA
14905 4337 NA
14906 4257 NA
14907 4168 NA
14908 4168 NA
14909 4162 NA
14910 4241 NA
14911 4122 NA
14912 3993 NA
14913 3909 NA
14914 4070 NA
14915 4070 NA
14916 4125 NA
14917 4072 NA
14918 3937 NA
14920 3792 NA
14921 3774 NA
14922 3867 NA
14923 3867 NA
14924 3855 NA
14925 3814 NA
14926 3787 NA
14927 3900 NA
14928 3632 NA
14929 3632 NA
14930 3641 NA
14931 3641 NA
14932 3611 NA
14933 3519 NA
14934 3398 NA
14935 3398 NA
14936 3274 NA
14937 3198 NA
14938 3185 NA
14939 3228 NA
14940 3337 NA
14941 3399 NA
14942 3399 NA
14943 3401 NA
14944 3429 NA
14945 3431 NA
14946 3431 NA
14947 3512 NA
14948 3667 NA
14949 3724 NA
14950 3724 NA
14951 3447 NA
14952 3448 NA
14953 3448 NA
14954 3486 NA
14955 3520 NA
14956 3550 NA
14957 3525 NA
14958 3382 NA
14959 3229 NA
14960 3128 NA
14961 3128 NA
14962 3221 NA
14963 3221 NA
14964 3124 NA
14965 2917 NA
14966 2815 NA
14967 2888 NA
14968 2888 NA
14969 2954 NA
14970 3016 NA
14971 3160 NA
14972 3216 NA
14973 3221 NA
14974 3189 NA
14975 3189 NA
14976 3283 NA
14977 3279 NA
14979 3195 NA
14981 3186 NA
14983 3135 NA
14984 3013 NA
14985 2946 NA
14986 2919 NA
14987 3034 NA
14989 3183 NA
14990 3249 NA
14991 3110 NA
14992 3022 NA
14993 3006 NA
14995 3038 NA
14996 3052 NA
14998 3004 NA
15000 3072 NA
15001 3064 NA
15003 2962 NA
15005 2887 NA
15007 2751 NA
15008 2613 NA
15009 2508 NA
15011 2382 NA
15012 2432 NA
15013 2611 NA
15014 2611 NA
15016 2977 NA
15017 3077 NA
15019 3127 NA
15020 3238 NA
15021 3238 NA
15023 3284 NA
15025 3223 NA
15026 3166 NA
15028 3143 NA
15029 3124 NA
15031 3208 NA
15032 3195 NA
15033 3112 NA
15035 3075 NA
15036 2943 NA
15037 2859 NA
15039 2681 NA
15042 2674 NA
15044 3028 NA
15045 3174 NA
15046 3259 NA
15047 3182 NA
15048 3054 NA
15049 3054 NA
15050 2758 NA
15052 2536 NA
15054 2509 NA
15055 2488 NA
15056 2555 NA
15058 2810 NA
15060 2768 NA
15061 2754 NA
15063 2667 NA
15064 2717 NA
15066 2760 NA
15067 2759 NA
15068 2775 NA
15070 2783 NA
15072 2678 NA
15073 2396 NA
15076 2431 NA
15078 2516 NA
15080 2506 NA
15081 2432 NA
15082 2357 NA
15084 2134 NA
15085 2080 NA
15086 2210 NA
15087 2238 NA
15088 2258 NA
15089 2214 NA
15090 2203 NA
15091 2194 NA
15093 2195 NA
15094 2174 NA
15095 2179 NA
15096 2140 NA
15097 2123 NA
15098 2027 NA
15099 2044 NA
15100 2074 NA
15101 2100 NA
15102 2085 NA
15103 2169 NA
15105 2218 NA
15106 2263 NA
15107 2322 NA
15109 2432 NA
15110 2475 NA
15112 2655 NA
15114 2607 NA
15115 2501 NA
15116 2392 NA
15118 2275 NA
15119 2207 NA
15120 2241 NA
15121 2298 NA
15122 2256 NA
15123 2311 NA
15124 2304 NA
15125 2384 NA
15126 2572 NA
15128 2589 NA
15130 2511 NA
15131 2511 NA
15132 2322 NA
15133 2363 NA
15135 2420 NA
15136 2419 NA
15137 2463 NA
15138 2475 NA
15140 2467 NA
15142 2585 NA
15143 2589 NA
15144 2605 NA
15145 2537 NA
15147 2525 NA
15148 2617 NA
15150 2534 NA
15151 2462 NA
15152 2403 NA
15154 2386 NA
15156 2305 NA
15157 2358 NA
15158 2440 NA
15159 2479 NA
15161 2433 NA
15163 2401 NA
15164 2355 NA
15165 2317 NA
15166 2267 NA
15168 2364 NA
15170 2318 NA
15171 2316 NA
15172 2357 NA
15173 2357 NA
15175 2355 NA
15177 2464 NA
15178 2496 NA
15179 2487 NA
15182 2614 NA
15184 2760 NA
15185 2826 NA
15186 2836 NA
15187 2711 NA
15189 2686 NA
15191 2608 NA
15193 2392 NA
15194 2326 NA
15196 2396 NA
15197 2446 NA
15199 2414 NA
15202 2503 NA
15204 2426 NA
15207 2380 NA
15208 2300 NA
15210 2271 NA
15212 2237 NA
15214 2327 NA
15215 2282 NA
15217 2350 NA
15219 2325 NA
15220 2297 NA
15221 2241 NA
15222 2279 NA
15223 2408 NA
15224 2398 NA
15226 2476 NA
15227 2598 NA
15229 2623 NA
15231 2582 NA
15232 2544 NA
15233 2596 NA
15235 2392 NA
15238 2197 NA
15240 2156 NA
15242 2057 NA
15243 2092 NA
15244 2188 NA
15246 2204 NA
15247 2233 NA
15248 2261 NA
15249 2261 NA
15250 2246 NA
15252 2227 NA
15254 2285 NA
15255 2267 NA
15256 2296 NA
15257 2335 NA
15258 2354 NA
15259 2364 NA
15261 2325 NA
15263 2372 NA
15264 2389 NA
15266 2344 NA
15268 2343 NA
15270 2233 NA
15271 2201 NA
15273 2118 NA
15275 2101 NA
15277 2320 NA
15279 2469 NA
15280 2469 NA
15281 2476 NA
15282 2575 NA
15283 2661 NA
15284 2749 NA
15285 2755 NA
15287 3159 NA
15289 3179 NA
15291 3560 NA
15294 3742 NA
15296 4059 NA
15297 4172 NA
15299 4205 NA
15302 4480 NA
15303 4629 NA
15304 4727 NA
15306 4540 NA
15307 4540 NA
15308 4359 NA
15310 4619 NA
15312 4664 NA
15313 4757 NA
15314 4803 NA
15315 4628 NA
15316 4506 NA
15317 4557 NA
15318 4553 NA
15319 4608 NA
15320 4693 NA
15321 4811 NA
15322 4837 NA
15323 4905 NA
15324 4882 NA
15325 4835 NA
15326 4847 NA
15327 4846 NA
15328 4920 NA
15329 4914 NA
15330 4750 NA
15331 4557 NA
15332 4348 NA
15333 4301 NA
15334 4184 NA
15335 4258 NA
15336 4407 NA
15337 4465 NA
15338 4462 NA
15339 4503 NA
15340 4386 NA
15341 4332 NA
15342 4464 NA
15343 4529 NA
15344 4644 NA
15345 4656 NA
15346 4571 NA
15347 4557 NA
15348 4696 NA
15349 4756 NA
15350 4851 NA
15351 4888 NA
15352 4815 NA
15353 4846 NA
15354 4775 NA
15355 4886 NA
15356 4977 NA
15357 4926 NA
15358 4689 NA
15359 4712 NA
15360 4876 NA
15361 5023 NA
15362 5148 NA
15363 5205 NA
15364 5247 NA
15365 5179 NA
15366 5061 NA
15367 4907 NA
15368 4853 NA
15369 4984 NA
15370 5045 NA
15371 5081 NA
15372 5141 NA
15373 5197 NA
15374 5298 NA
15375 5284 NA
15376 5302 NA
15377 5164 NA
15378 5130 NA
15379 5259 NA
15380 5290 NA
15381 5224 NA
15382 5151 NA
15383 5066 NA
15384 5017 NA
15385 4970 NA
15386 4872 NA
15387 4869 NA
15388 4856 NA
15389 5022 NA
15390 4791 NA
15391 4677 NA
15392 4710 NA
15393 4834 NA
15394 4760 NA
15395 4662 NA
15396 4562 NA
15397 4582 NA
15398 4755 NA
15399 4693 NA
15400 4735 NA
15401 4873 NA
15402 4820 NA
15403 4852 NA
15404 4814 NA
15405 4714 NA
15406 4610 NA
15407 4511 NA
15408 4437 NA
15409 4509 NA
15410 4552 NA
15411 4451 NA
15412 4418 NA
15413 4548 NA
15414 4732 NA
15415 4915 NA
15416 5054 NA
15417 5092 NA
15418 4895 NA
15419 4743 NA
15420 4548 NA
15421 4337 NA
15422 4152 NA
15423 3967 NA
15424 3783 NA
15425 3598 NA
15426 3413 NA
15427 3410 NA
15428 3240 NA
15429 3127 NA
15430 3259 NA
15431 3352 NA
15432 3438 NA
15433 3445 NA
15434 3427 NA
15435 3378 NA
15436 3337 NA
15437 3441 NA
15438 3414 NA
15439 3387 NA
15440 3342 NA
15441 3230 NA
15442 3291 NA
15443 3338 NA
15444 3266 NA
15445 3286 NA
15446 3284 NA
15447 3283 NA
15448 3269 NA
15449 3310 NA
15450 3297 NA
15451 3421 NA
15452 3545 NA
15453 3541 NA
15454 3390 NA
15455 3318 NA
15456 3265 NA
15457 3175 NA
15458 3119 NA
15459 3058 NA
15460 2980 NA
15461 2951 NA
15462 3002 NA
15463 3007 NA
15464 3035 NA
15465 3021 NA
15466 3098 NA
15467 3091 NA
15468 3103 NA
15469 3033 NA
15470 2983 NA
15471 2940 NA
15472 2922 NA
15473 2864 NA
15474 2896 NA
15475 2909 NA
15476 2872 NA
15477 2908 NA
15478 2918 NA
15479 2962 NA
15480 3029 NA
15481 3036 NA
15482 3075 NA
15483 3196 NA
15484 3244 NA
15485 3341 NA
15486 3308 NA
15487 3199 NA
15488 3076 NA
15489 3106 NA
15490 3142 NA
15491 3179 NA
15492 3168 NA
15493 3050 NA
15494 2985 NA
15495 2927 NA
15496 2893 NA
15497 2964 NA
15498 3029 NA
15499 3093 NA
15500 2988 NA
15501 2941 NA
15502 2929 NA
15503 2959 NA
15504 2959 NA
15505 3042 NA
15506 3024 NA
15507 2992 NA
15508 2957 NA
15509 2951 NA
15510 2994 NA
15511 3054 NA
15512 3036 NA
15513 3056 NA
15514 3044 NA
15515 2985 NA
15516 2914 NA
15517 2888 NA
15518 2888 NA
15519 2909 NA
15520 2967 NA
15521 2874 NA
15522 2859 NA
15523 2832 NA
15524 2800 NA
15525 2761 NA
15526 2789 NA
15527 2852 NA
15528 2924 NA
15529 3026 NA
15530 3048 NA
15531 3025 NA
15532 2993 NA
15533 2968 NA
15534 2894 NA
15535 2881 NA
15536 2830 NA
15537 2875 NA
15538 2992 NA
15539 3076 NA
15540 3083 NA
15541 3105 NA
15542 3127 NA
15543 3066 NA
15544 2945 NA
15545 2904 NA
15546 2923 NA
15547 2951 NA
15548 2966 NA
15549 3033 NA
15550 3110 NA
15551 3090 NA
15552 3131 NA
15553 3054 NA
15554 3012 NA
15555 3084 NA
15556 3135 NA
15557 3196 NA
15558 3241 NA
15559 3276 NA
15560 3169 NA
15561 3151 NA
15562 3105 NA
15563 3050 NA
15564 3013 NA
15565 3015 NA
15566 3016 NA
15567 3015 NA
15568 3013 NA
15569 3119 NA
15570 3085 NA
15571 3094 NA
15572 3158 NA
15573 3105 NA
15574 3120 NA
15575 3122 NA
15576 3119 NA
15577 3073 NA
15578 3029 NA
15579 2961 NA
15580 2915 NA
15581 2996 NA
15582 3018 NA
15583 3065 NA
15584 3097 NA
15585 3057 NA
15586 3017 NA
15587 2977 NA
15588 2957 NA
15589 2883 NA
15590 2895 NA
15591 2855 NA
15592 2830 NA
15593 2821 NA
15594 2884 NA
15595 2912 NA
15596 2975 NA
15597 3071 NA
15598 3109 NA
15599 3166 NA
15600 3122 NA
15601 3064 NA
15602 3139 NA
15603 3197 NA
15604 3103 NA
15605 3075 NA
15606 3057 NA
15607 3023 NA
15608 3075 NA
15609 3116 NA
15610 3155 NA
15611 3133 NA
15612 3090 NA
15613 3067 NA
15614 3081 NA
15615 3023 NA
15616 3025 NA
15617 3088 NA
15618 3167 NA
15619 3214 NA
15620 3168 NA
15621 3121 NA
15622 3056 NA
15623 3040 NA
15624 3013 NA
15625 3050 NA
15626 3182 NA
15627 3235 NA
15628 3335 NA
15629 3310 NA
15630 3312 NA
15631 3387 NA
15632 3395 NA
15633 3395 NA
15634 3364 NA
15635 3399 NA
15636 3379 NA
15637 3334 NA
15638 3314 NA
15639 3332 NA
15640 3416 NA
15641 3533 NA
15642 3643 NA
15643 3546 NA
15644 3425 NA
15645 3371 NA
15646 3272 NA
15647 3262 NA
15648 3208 NA
15649 3140 NA
15650 3081 NA
15651 3022 NA
15652 2962 NA
15653 2903 NA
15654 2844 NA
15655 2785 NA
15656 2725 NA
15657 2666 NA
15658 2637 NA
15659 2639 NA
15660 2633 NA
15661 2613 NA
15662 2639 NA
15663 2645 NA
15664 2627 NA
15665 2624 NA
15666 2605 NA
15667 2551 NA
15668 2555 NA
15669 2506 NA
15670 2490 NA
15671 2454 NA
15672 2436 NA
15673 2518 NA
15674 2620 NA
15675 2703 NA
15676 2691 NA
15677 2674 NA
15678 2654 NA
15679 2576 NA
15680 2563 NA
15681 2569 NA
15682 2621 NA
15683 2606 NA
15684 2674 NA
15685 2734 NA
15686 2790 NA
15687 2891 NA
15688 2860 NA
15689 2820 NA
15690 2824 NA
15691 2924 NA
15692 3030 NA
15693 3069 NA
15694 2993 NA
15695 2917 NA
15696 2890 NA
15697 2850 NA
15698 2838 NA
15699 2873 NA
15700 2838 NA
15701 2746 NA
15702 2637 NA
15703 2597 NA
15704 2562 NA
15705 2484 NA
15706 2528 NA
15707 2582 NA
15708 2637 NA
15709 2604 NA
15710 2618 NA
15711 2717 NA
15712 2746 NA
15713 2727 NA
15714 2803 NA
15715 2914 NA
15716 2945 NA
15717 2963 NA
15718 3001 NA
15719 2973 NA
15720 2887 NA
15721 2795 NA
15722 2715 NA
15723 2662 NA
15724 2680 NA
15725 2784 NA
15726 2808 NA
15727 2794 NA
15728 2783 NA
15729 2817 NA
15730 2862 NA
15731 2830 NA
15732 2798 NA
15733 2817 NA
15734 2852 NA
15735 2849 NA
15736 2827 NA
15737 2819 NA
15738 2807 NA
15739 2815 NA
15740 2756 NA
15741 2789 NA
15742 2853 NA
15743 2875 NA
15744 2859 NA
15745 2931 NA
15746 2912 NA
15747 2949 NA
15748 2974 NA
15749 2993 NA
15750 3018 NA
15751 2990 NA
15752 2988 NA
15753 3034 NA
15754 3058 NA
15755 3100 NA
15756 3128 NA
15757 3151 NA
15758 3130 NA
15759 3157 NA
15760 3127 NA
15761 3119 NA
15762 3139 NA
15763 3027 NA
15764 2956 NA
15765 2981 NA
15766 2903 NA
15767 2876 NA
15768 2920 NA
15769 2945 NA
15770 3013 NA
15771 2986 NA
15772 3025 NA
15773 3019 NA
15774 3082 NA
15775 3055 NA
15776 3112 NA
15777 3074 NA
15778 2999 NA
15779 3065 NA
15780 3095 NA
15781 3115 NA
15782 3158 NA
15783 3236 NA
15784 3204 NA
15785 3348 NA
15786 3448 NA
15787 3542 NA
15788 3638 NA
15789 3697 NA
15790 3613 NA
15791 3672 NA
15792 3671 NA
15793 3623 NA
15794 3710 NA
15795 3805 NA
15796 3850 NA
15797 3902 NA
15798 3900 NA
15799 3899 NA
15800 3897 NA
15801 3895 NA
15802 3893 NA
15803 3892 NA
15804 3890 NA
15805 3889 NA
15806 3902 NA
15807 3930 NA
15808 3977 NA
15809 3976 NA
15810 3971 NA
15811 4051 NA
15812 4086 NA
15813 4027 NA
15814 3968 NA
15815 3948 NA
15816 3914 NA
15817 3857 NA
15818 3838 NA
15819 3911 NA
15820 4059 NA
15821 4198 NA
15822 4329 NA
15823 4293 NA
15824 4350 NA
15825 4205 NA
15826 4145 NA
15827 4073 NA
15828 4018 NA
15829 3945 NA
15830 3822 NA
15831 3805 NA
15832 3752 NA
15833 3682 NA
15834 3707 NA
15835 3626 NA
15836 3547 NA
15837 3480 NA
15838 3374 NA
15839 3344 NA
15840 3430 NA
15841 3415 NA
15842 3380 NA
15843 3429 NA
15844 3492 NA
15845 3576 NA
15846 3592 NA
15847 3615 NA
15848 3649 NA
15849 3626 NA
15850 3690 NA
15851 3719 NA
15852 3707 NA
15853 3647 NA
15854 3676 NA
15855 3645 NA
15856 3675 NA
15857 3686 NA
15858 3609 NA
15859 3627 NA
15860 3693 NA
15861 3732 NA
15862 3705 NA
15863 3716 NA
15864 3709 NA
15865 3643 NA
15866 3535 NA
15867 3510 NA
15868 3419 NA
15869 3347 NA
15870 3317 NA
15871 3318 NA
15872 3278 NA
15873 3172 NA
15874 3112 NA
15875 3080 NA
15876 3108 NA
15877 3122 NA
15878 3198 NA
15879 3258 NA
15880 3330 NA
15881 3447 NA
15882 3515 NA
15883 3578 NA
15884 3583 NA
15885 3577 NA
15886 3569 NA
15887 3457 NA
15888 3373 NA
15889 3288 NA
15890 3206 NA
15891 3213 NA
15892 3143 NA
15893 3184 NA
15894 3220 NA
15895 3245 NA
15896 3312 NA
15897 3427 NA
15898 3596 NA
15899 3770 NA
15900 3887 NA
15901 3888 NA
15902 3930 NA
15903 3921 NA
15904 3912 NA
15905 3903 NA
15906 3893 NA
15907 3884 NA
15908 3875 NA
15909 3863 NA
15910 3798 NA
15911 3729 NA
15912 3705 NA
15913 3685 NA
15914 3809 NA
15915 3884 NA
15916 3969 NA
15917 3901 NA
15918 3933 NA
15919 3889 NA
15920 3876 NA
15921 3847 NA
15922 3912 NA
15923 4002 NA
15924 4116 NA
15925 4102 NA
15926 4143 NA
15927 4034 NA
15928 3943 NA
15929 4049 NA
15930 4025 NA
15931 3917 NA
15932 3845 NA
15933 3771 NA
15934 3758 NA
15935 3830 NA
15936 3947 NA
15937 4008 NA
15938 4205 NA
15939 4198 NA
15940 4128 NA
15941 4007 NA
15942 3921 NA
15943 3903 NA
15944 3934 NA
15945 3915 NA
15946 3864 NA
15947 3833 NA
15948 3843 NA
15949 3738 NA
15950 3686 NA
15951 3692 NA
15952 3696 NA
15953 3775 NA
15954 3835 NA
15955 3952 NA
15956 3946 NA
15957 3952 NA
15958 4005 NA
15959 4075 NA
15960 4107 NA
15961 4156 NA
15962 4163 NA
15963 4150 NA
15964 4096 NA
15965 4095 NA
15966 4078 NA
15967 4149 NA
15968 4207 NA
15969 4165 NA
15970 4132 NA
15971 4142 NA
15972 4102 NA
15973 4023 NA
15974 3982 NA
15975 3905 NA
15976 3909 NA
15977 3874 NA
15978 3912 NA
15979 3891 NA
15980 3912 NA
15981 3958 NA
15982 3919 NA
15983 3823 NA
15984 3750 NA
15985 3742 NA
15986 3763 NA
15987 3784 NA
15988 3805 NA
15989 3827 NA
15990 3848 NA
15991 3869 NA
15992 3890 NA
15993 3911 NA
15994 3998 NA
15995 4107 NA
15996 4004 NA
15997 3904 NA
15998 3810 NA
15999 3750 NA
16000 3652 NA
16001 3591 NA
16002 3636 NA
16003 3694 NA
16004 3763 NA
16005 3781 NA
16006 3713 NA
16007 3769 NA
16008 3853 NA
16009 3943 NA
16010 4053 NA
16011 4056 NA
16012 4078 NA
16013 3952 NA
16014 4060 NA
16015 4130 NA
16016 4121 NA
16017 4212 NA
16018 4286 NA
16019 4262 NA
16020 4246 NA
16021 4362 NA
16022 4410 NA
16023 4360 NA
16024 4341 NA
16025 4311 NA
16026 4382 NA
16027 4372 NA
16028 4378 NA
16029 4350 NA
16030 4357 NA
16031 4308 NA
16032 4299 NA
16033 4357 NA
16034 4356 NA
16035 4361 NA
16036 4367 NA
16037 4372 NA
16038 4378 NA
16039 4383 NA
16040 4389 NA
16041 4394 NA
16042 4403 NA
16043 4420 NA
16044 4426 NA
16045 4545 NA
16046 4684 NA
16047 4669 NA
16048 4737 NA
16049 4766 NA
16050 4959 NA
16051 5068 NA
16052 4982 NA
16053 4934 NA
16054 4882 NA
16055 4801 NA
16056 4694 NA
16057 4753 NA
16058 4732 NA
16059 4714 NA
16060 4710 NA
16061 4686 NA
16062 4608 NA
16063 4668 NA
16064 4863 NA
16065 5085 NA
16066 5138 NA
16067 5073 NA
16068 5044 NA
16069 5005 NA
16070 5044 NA
16071 4971 NA
16072 5010 NA
16073 4962 NA
16074 4937 NA
16075 4938 NA
16076 5049 NA
16077 5020 NA
16078 4961 NA
16079 4856 NA
16080 4764 NA
16081 4836 NA
16082 4881 NA
16083 4731 NA
16084 4615 NA
16085 4643 NA
16086 4761 NA
16087 4936 NA
16088 4937 NA
16089 4960 NA
16090 4882 NA
16091 4849 NA
16092 4902 NA
16093 4895 NA
16094 5005 NA
16095 4949 NA
16096 4942 NA
16097 4862 NA
16098 4701 NA
16099 4762 NA
16100 4897 NA
16101 5093 NA
16102 5225 NA
16103 5456 NA
16104 5582 NA
16105 5684 NA
16106 5548 NA
16107 5336 NA
16108 5207 NA
16109 5154 NA
16110 5166 NA
16111 5095 NA
16112 4915 NA
16113 4946 NA
16114 5104 NA
16115 5087 NA
16116 5007 NA
16117 4966 NA
16118 5073 NA
16119 5225 NA
16120 5148 NA
16121 5272 NA
16122 5368 NA
16123 5461 NA
16124 5660 NA
16125 5752 NA
16126 5464 NA
16127 5190 NA
16128 4935 NA
16129 4688 NA
16130 4453 NA
16131 4336 NA
16132 4187 NA
16133 4165 NA
16134 4090 NA
16135 3974 NA
16136 3896 NA
16137 3929 NA
16138 3955 NA
16139 3997 NA
16140 4002 NA
16141 4065 NA
16142 4096 NA
16143 4029 NA
16144 4035 NA
16145 4011 NA
16146 3916 NA
16147 3769 NA
16148 3624 NA
16149 3557 NA
16150 3574 NA
16151 3544 NA
16152 3605 NA
16153 3613 NA
16154 3519 NA
16155 3460 NA
16156 3424 NA
16157 3334 NA
16158 3269 NA
16159 3332 NA
16160 3483 NA
16161 3531 NA
16162 3508 NA
16163 3452 NA
16164 3468 NA
16165 3459 NA
16166 3417 NA
16167 3368 NA
16168 3302 NA
16169 3212 NA
16170 3215 NA
16171 3295 NA
16172 3321 NA
16173 3236 NA
16174 3253 NA
16175 3294 NA
16176 3276 NA
16177 3236 NA
16178 3273 NA
16179 3244 NA
16180 3288 NA
16181 3296 NA
16182 3240 NA
16183 3253 NA
16184 3358 NA
16185 3414 NA
16186 3413 NA
16187 3343 NA
16188 3188 NA
16189 3265 NA
16190 3349 NA
16191 3354 NA
16192 3386 NA
16193 3409 NA
16194 3380 NA
16195 3315 NA
16196 3322 NA
16197 3395 NA
16198 3442 NA
16199 3520 NA
16200 3479 NA
16201 3479 NA
16202 3434 NA
16203 3388 NA
16204 3339 NA
16205 3381 NA
16206 3469 NA
16207 3598 NA
16208 3641 NA
16209 3706 NA
16210 3708 NA
16211 3631 NA
16212 3557 NA
16213 3536 NA
16214 3531 NA
16215 3554 NA
16216 3556 NA
16217 3540 NA
16218 3507 NA
16219 3580 NA
16220 3608 NA
16221 3633 NA
16222 3714 NA
16223 3790 NA
16224 3925 NA
16225 4090 NA
16226 4250 NA
16227 4440 NA
16228 4652 NA
16229 4463 NA
16230 4414 NA
16231 4370 NA
16232 4430 NA
16233 4606 NA
16234 4722 NA
16235 4633 NA
16236 4489 NA
16237 4328 NA
16238 4384 NA
16239 4373 NA
16240 4461 NA
16241 4435 NA
16242 4299 NA
16243 4177 NA
16244 4048 NA
16245 3960 NA
16246 3964 NA
16247 3949 NA
16248 4088 NA
16249 4241 NA
16250 4173 NA
16251 4067 NA
16252 4037 NA
16253 4139 NA
16254 4128 NA
16255 4162 NA
16256 4160 NA
16257 4071 NA
16258 4048 NA
16259 4097 NA
16260 4119 NA
16261 4184 NA
16262 4220 NA
16263 4146 NA
16264 4147 NA
16265 4111 NA
16266 3968 NA
16267 3869 NA
16268 3871 NA
16269 3854 NA
16270 3799 NA
16271 3742 NA
16272 3666 NA
16273 3586 NA
16274 3661 NA
16275 3748 NA
16276 3710 NA
16277 3756 NA
16278 3807 NA
16279 3836 NA
16280 3806 NA
16281 3791 NA
16282 3807 NA
16283 3810 NA
16284 3764 NA
16285 3800 NA
16286 3745 NA
16287 3708 NA
16288 3653 NA
16289 3574 NA
16290 3573 NA
16291 3553 NA
16292 3594 NA
16293 3467 NA
16294 3522 NA
16295 3638 NA
16296 3739 NA
16297 3672 NA
16298 3635 NA
16299 3647 NA
16300 3720 NA
16301 3730 NA
16302 3643 NA
16303 3628 NA
16304 3601 NA
16305 3664 NA
16306 3720 NA
16307 3708 NA
16308 3716 NA
16309 3695 NA
16310 3732 NA
16311 3705 NA
16312 3713 NA
16313 3644 NA
16314 3697 NA
16315 3688 NA
16316 3641 NA
16317 3623 NA
16318 3602 NA
16319 3594 NA
16320 3534 NA
16321 3488 NA
16322 3471 NA
16323 3436 NA
16324 3405 NA
16325 3367 NA
16326 3485 NA
16327 3645 NA
16328 3819 NA
16329 3993 NA
16330 4126 NA
16331 4277 NA
16332 4402 NA
16333 4440 NA
16334 4296 NA
16335 4099 NA
16336 3921 NA
16337 3730 NA
16338 3604 NA
16339 3500 NA
16340 3465 NA
16341 3520 NA
16342 3503 NA
16343 3596 NA
16344 3635 NA
16345 3653 NA
16346 3698 NA
16347 3758 NA
16348 3703 NA
16349 3567 NA
16350 3431 NA
16351 3349 NA
16352 3321 NA
16353 3379 NA
16354 3417 NA
16355 3416 NA
16356 3502 NA
16357 3504 NA
16358 3421 NA
16359 3437 NA
16360 3489 NA
16361 3562 NA
16362 3569 NA
16363 3539 NA
16364 3546 NA
16365 3464 NA
16366 3420 NA
16367 3362 NA
16368 3446 NA
16369 3403 NA
16370 3322 NA
16371 3374 NA
16372 3341 NA
16373 3425 NA
16374 3404 NA
16375 3443 NA
16376 3365 NA
16377 3331 NA
16378 3256 NA
16379 3171 NA
16380 3074 NA
16381 2976 NA
16382 2908 NA
16383 2862 NA
16384 2806 NA
16385 2771 NA
16386 2711 NA
16387 2614 NA
16388 2701 NA
16389 2803 NA
16390 2878 NA
16391 2924 NA
16392 2971 NA
16393 3014 NA
16394 3011 NA
16395 3035 NA
16396 3034 NA
16397 3027 NA
16398 3046 NA
16399 3008 NA
16400 2910 NA
16401 2865 NA
16402 2766 NA
16403 2688 NA
16404 2739 NA
16405 2758 NA
16406 2798 NA
16407 2879 NA
16408 2939 NA
16409 2859 NA
16410 2874 NA
16411 2846 NA
16412 2837 NA
16413 2871 NA
16414 2873 NA
16415 2918 NA
16416 2876 NA
16417 2863 NA
16418 2911 NA
16419 2898 NA
16420 2862 NA
16421 2850 NA
16422 2928 NA
16423 2984 NA
16424 3015 NA
16425 3041 NA
16426 3007 NA
16427 2967 NA
16428 2906 NA
16429 2867 NA
16430 2877 NA
16431 2812 NA
16432 2787 NA
16433 2698 NA
16434 2604 NA
16435 2561 NA
16436 2574 NA
16437 2583 NA
16438 2590 NA
16439 2610 NA
16440 2584 NA
16441 2588 NA
16442 2580 NA
16443 2605 NA
16444 2580 NA
16445 2509 NA
16446 2452 NA
16447 2399 NA
16448 2364 NA
16449 2337 NA
16450 2393 NA
16451 2427 NA
16452 2499 NA
16453 2593 NA
16454 2642 NA
16455 2774 NA
16456 2899 NA
16457 2910 NA
16458 2881 NA
16459 2952 NA
16460 3029 NA
16461 3137 NA
16462 3140 NA
16463 3146 NA
16464 3074 NA
16465 2970 NA
16466 2956 NA
16467 2874 NA
16468 2895 NA
16469 2820 NA
16470 2689 NA
16471 2699 NA
16472 2811 NA
16473 2945 NA
16474 3053 NA
16475 3071 NA
16476 3000 NA
16477 2905 NA
16478 2849 NA
16479 2822 NA
16480 2846 NA
16481 2740 NA
16482 2621 NA
16483 2518 NA
16484 2470 NA
16485 2494 NA
16486 2556 NA
16487 2590 NA
16488 2645 NA
16489 2688 NA
16490 2613 NA
16491 2490 NA
16492 2389 NA
16493 2388 NA
16494 2403 NA
16495 2468 NA
16496 2535 NA
16497 2587 NA
16498 2623 NA
16499 2620 NA
16500 2587 NA
16501 2560 NA
16502 2501 NA
16503 2494 NA
16504 2461 NA
16505 2420 NA
16506 2430 NA
16507 2349 NA
16508 2289 NA
16509 2327 NA
16510 2254 NA
16511 2263 NA
16512 2305 NA
16513 2351 NA
16514 2392 NA
16515 2379 NA
16516 2352 NA
16517 2374 NA
16518 2424 NA
16519 2447 NA
16520 2503 NA
16521 2513 NA
16522 2440 NA
16523 2411 NA
16524 2381 NA
16525 2368 NA
16526 2355 NA
16527 2333 NA
16528 2345 NA
16529 2344 NA
16530 2356 NA
16531 2358 NA
16532 2342 NA
16533 2353 NA
16534 2354 NA
16535 2354 NA
16536 2346 NA
16537 2356 NA
16538 2344 NA
16539 2306 NA
16540 2328 NA
16541 2335 NA
16542 2338 NA
16543 2348 NA
16544 2347 NA
16545 2349 NA
16546 2280 NA
16547 2226 NA
16548 2199 NA
16549 2189 NA
16550 2191 NA
16551 2187 NA
16552 2187 NA
16553 2190 NA
16554 2193 NA
16555 2191 NA
16556 2189 NA
16557 2181 NA
16558 2168 NA
16559 2161 NA
16560 2108 NA
16561 2191 NA
16562 2237 NA
16563 2256 NA
16564 2244 NA
16565 2250 NA
16566 2300 NA
16567 2308 NA
16568 2292 NA
16569 2301 NA
16570 2322 NA
16571 2308 NA
16572 2293 NA
16573 2278 NA
16574 2259 NA
16575 2290 NA
16576 2273 NA
16577 2293 NA
16578 2296 NA
16579 2272 NA
16580 2257 NA
16581 2254 NA
16582 2270 NA
16583 2334 NA
16584 2232 NA
16585 2255 NA
16586 2259 NA
16587 2255 NA
16588 2294 NA
16589 2328 NA
16590 2329 NA
16591 2341 NA
16592 2367 NA
16593 2394 NA
16594 2371 NA
16595 2295 NA
16596 2291 NA
16597 2332 NA
16598 2346 NA
16599 2362 NA
16600 2384 NA
16601 2369 NA
16602 2378 NA
16603 2339 NA
16604 2275 NA
16605 2260 NA
16606 2299 NA
16607 2354 NA
16608 2326 NA
16609 2323 NA
16610 2322 NA
16611 2318 NA
16612 2378 NA
16613 2441 NA
16614 2444 NA
16615 2479 NA
16616 2445 NA
16617 2468 NA
16618 2488 NA
16619 2472 NA
16620 2491 NA
16621 2528 NA
16622 2505 NA
16623 2451 NA
16624 2438 NA
16625 2493 NA
16626 2441 NA
16627 2434 NA
16628 2359 NA
16629 2319 NA
16630 2291 NA
16631 2256 NA
16632 2165 NA
16633 2173 NA
16634 2112 NA
16635 2125 NA
16636 2108 NA
16637 2180 NA
16638 2125 NA
16639 2146 NA
16640 2168 NA
16641 2132 NA
16642 2154 NA
16643 2239 NA
16644 2300 NA
16645 2246 NA
16646 2226 NA
16647 2266 NA
16648 2299 NA
16649 2350 NA
16650 2365 NA
16651 2399 NA
16652 2441 NA
16653 2512 NA
16654 2594 NA
16655 2662 NA
16656 2714 NA
16657 2775 NA
16658 2742 NA
16659 2762 NA
16660 2773 NA
16661 2796 NA
16662 2808 NA
16663 2730 NA
16665 2688 NA
16666 2668 NA
16668 2553 NA
16669 2455 NA
16670 2362 NA
16671 2356 NA
16672 2399 NA
16673 2427 NA
16674 2531 NA
16675 2490 NA
16676 2499 NA
16677 2509 NA
16678 2476 NA
16679 2520 NA
16680 2612 NA
16681 2669 NA
16682 2719 NA
16683 2812 NA
16684 2881 NA
16686 2650 NA
16687 2586 NA
16688 2586 NA
16689 2451 NA
16690 2447 NA
16691 2493 NA
16692 2558 NA
16693 2564 NA
16694 2535 NA
16695 2596 NA
16696 2683 NA
16697 2640 NA
16698 2579 NA
16699 2531 NA
16700 2578 NA
16701 2544 NA
16702 2501 NA
16703 2493 NA
16704 2499 NA
16705 2504 NA
16706 2479 NA
16707 2364 NA
16708 2245 NA
16709 2190 NA
16710 2107 NA
16711 2111 NA
16712 2137 NA
16715 2246 NA
16717 2247 NA
16719 2377 NA
16720 2403 NA
16721 2431 NA
16722 2402 NA
16723 2416 NA
16724 2396 NA
16725 2356 NA
16726 2351 NA
16728 2301 NA
16731 2113 NA
16732 2120 NA
16733 2173 NA
16734 2247 NA
16735 2271 NA
16736 2323 NA
16737 2282 NA
16738 2281 NA
16739 2288 NA
16740 2301 NA
16741 2374 NA
16742 2376 NA
16743 2376 NA
16744 2437 NA
16745 2456 NA
16746 2486 NA
16747 2449 NA
16748 2449 NA
16749 2411 NA
16750 2408 NA
16751 2442 NA
16752 2476 NA
16753 2488 NA
16754 2487 NA
16755 2537 NA
16756 2532 NA
16757 2499 NA
16759 2460 NA
16760 2442 NA
16761 2429 NA
16762 2429 NA
16763 2303 NA
16764 2248 NA
16765 2239 NA
16766 2258 NA
16767 2275 NA
16768 2242 NA
16769 2235 NA
16770 2258 NA
16771 2255 NA
16772 2323 NA
16773 2376 NA
16774 2383 NA
16775 2368 NA
16777 2327 NA
16778 2297 NA
16779 2292 NA
16780 2329 NA
16781 2331 NA
16782 2328 NA
16783 2289 NA
16784 2286 NA
16785 2279 NA
16786 2296 NA
16787 2327 NA
16788 2305 NA
16789 2269 NA
16790 2302 NA
16791 2287 NA
16792 2295 NA
16793 2268 NA
16794 2316 NA
16795 2353 NA
16796 2315 NA
16797 2323 NA
16798 2352 NA
16799 2440 NA
16800 2442 NA
16801 2410 NA
16802 2446 NA
16803 2446 NA
16804 2433 NA
16807 2452 NA
16808 2521 NA
16809 2533 NA
16810 2581 NA
16811 2645 NA
16812 2675 NA
16813 2659 NA
16814 2754 NA
16815 2679 NA
16816 2600 NA
16817 2540 NA
16818 2487 NA
16820 2398 NA
16821 2409 NA
16823 2537 NA
16824 2553 NA
16825 2614 NA
16826 2614 NA
16827 2568 NA
16828 2605 NA
16829 2706 NA
16830 2737 NA
16831 2795 NA
16832 2847 NA
16833 2847 NA
16834 3060 NA
16835 3123 NA
16836 3235 NA
16837 3259 NA
16838 3237 NA
16839 3278 NA
16840 3337 NA
16841 3392 NA
16842 3480 NA
16843 3592 NA
16844 3718 NA
16845 3858 NA
16847 3920 NA
16849 4145 NA
16850 4336 NA
16851 4461 NA
16852 4523 NA
16853 4521 NA
16854 4461 NA
16855 4430 NA
16856 4476 NA
16857 4589 NA
16858 4493 NA
16859 4308 NA
16860 4211 NA
16861 4004 NA
16862 3803 NA
16863 3612 NA
16864 3465 NA
16865 3381 NA
16866 3263 NA
16869 3199 NA
16870 3053 NA
16871 2913 NA
16872 2951 NA
16873 3085 NA
16874 3162 NA
16875 3170 NA
16876 3146 NA
16878 2889 NA
16879 2959 NA
16880 2947 NA
16881 2943 NA
16884 2927 NA
16885 3020 NA
16886 2927 NA
16887 2804 NA
16888 2808 NA
16889 2783 NA
16890 2731 NA
16892 2771 NA
16893 2776 NA
16894 2762 NA
16895 2662 NA
16896 2632 NA
16897 2631 NA
16898 2579 NA
16899 2587 NA
16900 2563 NA
16901 2636 NA
16902 2612 NA
16903 2675 NA
16904 2746 NA
16905 2730 NA
16906 2697 NA
16907 2678 NA
16908 2668 NA
16909 2656 NA
16910 2721 NA
16911 2767 NA
16912 2760 NA
16913 2835 NA
16914 2862 NA
16915 2814 NA
16916 2849 NA
16917 2925 NA
16918 2993 NA
16919 3013 NA
16920 3026 NA
16921 2957 NA
16922 2932 NA
16923 2967 NA
16924 3002 NA
16925 3001 NA
16926 2963 NA
16927 2910 NA
16928 2911 NA
16929 2955 NA
16930 2910 NA
16931 2891 NA
16932 2815 NA
16933 2833 NA
16934 2887 NA
16935 2967 NA
16937 3055 NA
16938 3067 NA
16939 2989 NA
16940 2969 NA
16941 2922 NA
16942 2842 NA
16943 2768 NA
16944 2687 NA
16945 2768 NA
16946 2892 NA
16949 2980 NA
16950 2971 NA
16951 3007 NA
16952 3024 NA
16953 3084 NA
16954 3019 NA
16955 3077 NA
16956 3125 NA
16957 3063 NA
16958 3095 NA
16959 3124 NA
16960 3195 NA
16967 3202 NA
16968 3172 NA
16969 3258 NA
16970 3344 NA
16971 3384 NA
16972 3386 NA
16974 3556 NA
16975 3630 NA
16976 3517 NA
16977 3341 NA
16978 3174 NA
16979 3065 NA
16980 3073 NA
16981 3121 NA
16982 3221 NA
16984 3416 NA
16985 3545 NA
16986 3554 NA
16987 3463 NA
16988 3423 NA
16989 3368 NA
16990 3358 NA
16991 3330 NA
16992 3322 NA
16993 3292 NA
16994 3284 NA
16999 3507 NA
17001 3302 NA
17006 3258 NA
17007 3230 NA
17014 3317 NA
17015 3223 NA
17016 3089 NA
17017 3056 NA
17018 3072 NA
17019 3147 NA
17020 3280 NA
17021 3338 NA
17022 3297 NA
17023 3328 NA
17024 3304 NA
17025 3301 NA
17026 3260 NA
17027 3387 NA
17028 3358 NA
17029 3330 NA
17031 3339 NA
17032 3295 NA
17033 3300 NA
17034 3342 NA
17035 3342 NA
17036 3416 NA
17037 3509 NA
17038 3652 NA
17039 3690 NA
17040 3664 NA
17042 3760 NA
17044 3738 NA
17045 3629 NA
17046 3502 NA
17047 3544 NA
17048 3635 NA
17049 3519 NA
17050 3508 NA
17051 3404 NA
17052 3411 NA
17053 3531 NA
17054 3537 NA
17055 3521 NA
17056 3572 NA
17057 3506 NA
17058 3564 NA
17059 3560 NA
17060 3635 NA
17061 3747 NA
17062 3770 NA
17063 3678 NA
17064 3617 NA
17069 3497 NA
17070 3485 NA
17071 3310 NA
17072 3144 NA
17073 2986 NA
17075 2749 NA
17076 2635 NA
17077 2598 NA
17078 2723 NA
17079 2699 NA
17080 2717 NA
17081 2739 NA
17083 2608 NA
17084 2556 NA
17085 2647 NA
17086 2664 NA
17087 2676 NA
17088 2709 NA
17089 2704 NA
17091 2667 NA
17092 2654 NA
17093 2631 NA
17094 2547 NA
17095 2478 NA
17096 2486 NA
17097 2477 NA
17098 2549 NA
17099 2489 NA
17100 2555 NA
17101 2632 NA
17102 2655 NA
17103 2647 NA
17104 2610 NA
17105 2585 NA
17106 2635 NA
17107 2667 NA
17108 2696 NA
17109 2720 NA
17110 2692 NA
17111 2691 NA
17112 2667 NA
17113 2685 NA
17114 2662 NA
17115 2681 NA
17117 2716 NA
17118 2673 NA
17123 2699 NA
17124 2720 NA
17125 2718 NA
17126 2729 NA
17127 2771 NA
17129 2791 NA
17130 2777 NA
17131 2753 NA
17132 2748 NA
17133 2699 NA
17134 2685 NA
17135 2721 NA
17136 2739 NA
17138 2775 NA
17139 2746 NA
17140 2741 NA
17141 2741 NA
17142 2766 NA
17143 2816 NA
17144 2850 NA
17145 2825 NA
17146 2781 NA
17147 2797 NA
