"Index" "Price" "Volume"
14019 39100 NA
14020 39300 NA
14021 39300 NA
14022 39300 NA
14023 39000 NA
14024 39000 NA
14025 39000 NA
14026 39000 NA
14027 39200 NA
14028 39200 NA
14029 39200 NA
14030 39200 NA
14031 39100 NA
14032 39200 NA
14033 38900 NA
14034 38900 NA
14035 38900 NA
14036 39200 NA
14037 39200 NA
14038 39100 NA
14039 39500 NA
14040 39500 NA
14041 39600 NA
14042 39600 NA
14043 39400 NA
14044 38500 NA
14045 39400 NA
14046 39400 NA
14047 39200 NA
14048 39200 NA
14049 39100 NA
14050 39800 NA
14051 39800 NA
14052 40100 NA
14053 39800 NA
14054 39800 NA
14055 39400 NA
14056 39800 NA
14057 39900 NA
14058 39500 NA
14059 39600 NA
14060 39600 NA
14061 39200 NA
14062 38200 NA
14063 38200 NA
14064 38300 NA
14065 37900 NA
14066 38400 NA
14067 38400 NA
14068 38200 NA
14069 37600 NA
14070 37600 NA
14071 37800 NA
14072 38300 NA
14073 38400 NA
14074 38100 NA
14075 38100 NA
14076 37800 NA
14077 38800 NA
14078 38800 NA
14079 37600 NA
14080 36700 NA
14081 36800 NA
14082 36700 NA
14083 35800 NA
14084 36200 NA
14085 35800 NA
14086 35800 NA
14087 36100 NA
14088 36150 NA
14089 36200 NA
14090 36200 NA
14091 34900 NA
14092 34900 NA
14093 35000 NA
14094 35400 NA
14095 34700 NA
14096 35100 NA
14097 35100 NA
14098 35200 NA
14099 35100 NA
14100 35100 NA
14101 35100 NA
14102 34600 NA
14103 34200 NA
14104 34000 NA
14105 34200 NA
14106 34900 NA
14107 35600 NA
14108 35600 NA
14109 35200 NA
14110 35000 NA
14111 35200 NA
14112 35200 NA
14113 34900 NA
14114 33100 NA
14115 33100 NA
14116 33300 NA
14117 33400 NA
14118 32900 NA
14119 32400 NA
14120 31900 NA
14121 32000 NA
14122 31900 NA
14123 31900 NA
14124 31700 NA
14125 31000 NA
14126 29600 NA
14127 29100 NA
14128 29100 NA
14129 28900 NA
14130 29700 NA
14131 29700 NA
14132 30000 NA
14133 30300 NA
14134 31200 NA
14135 31600 NA
14136 29600 NA
14137 29300 NA
14138 29300 NA
14139 28800 NA
14140 28800 NA
14141 29200 NA
14142 29800 NA
14143 29800 NA
14144 29700 NA
14145 29700 NA
14146 29500 NA
14147 29400 NA
14148 29600 NA
14149 30000 NA
14150 30000 NA
14151 30100 NA
14152 30100 NA
14153 29700 NA
14154 30300 NA
14155 31800 NA
14156 33300 NA
14157 33300 NA
14158 33000 NA
14159 33200 NA
14160 33800 NA
14161 33800 NA
14162 34100 NA
14163 34300 NA
14164 34700 NA
14165 35400 NA
14166 35800 NA
14167 36100 NA
14168 37000 NA
14169 38100 NA
14170 41600 NA
14171 43300 NA
14172 43300 NA
14173 45000 NA
14174 43600 NA
14175 42600 NA
14176 42600 NA
14177 46900 NA
14178 46900 NA
14179 48600 NA
14180 50100 NA
14181 50000 NA
14182 49500 NA
14183 49600 NA
14184 49300 NA
14185 48100 NA
14186 47500 NA
14187 46500 NA
14188 46500 NA
14189 44900 NA
14190 43800 NA
14191 43900 NA
14192 45400 NA
14193 47600 NA
14194 49900 NA
14195 52400 NA
14196 54100 NA
14197 56500 NA
14198 59000 NA
14199 64900 NA
14200 68100 NA
14201 71500 NA
14202 71500 NA
14203 74900 NA
14204 70400 NA
14205 70400 NA
14206 66900 NA
14207 60400 NA
14208 57400 NA
14209 57400 NA
14210 54600 NA
14211 49400 NA
14212 49400 NA
14213 47300 NA
14214 47000 NA
14215 47600 NA
14216 48700 NA
14217 50700 NA
14218 51200 NA
14219 49700 NA
14220 49200 NA
14221 46800 NA
14222 46800 NA
14223 47000 NA
14224 49200 NA
14225 49200 NA
14226 51600 NA
14227 54000 NA
14228 56500 NA
14229 57500 NA
14230 54700 NA
14231 49500 NA
14232 47900 NA
14233 47900 NA
14234 48700 NA
14235 48300 NA
14236 48100 NA
14237 48300 NA
14238 48300 NA
14239 48900 NA
14240 48900 NA
14241 48700 NA
14242 48400 NA
14243 47900 NA
14244 47200 NA
14245 47200 NA
14246 47000 NA
14247 48400 NA
14248 49500 NA
14249 50900 NA
14250 49800 NA
14251 48300 NA
14252 48300 NA
14253 48100 NA
14254 48400 NA
14255 48400 NA
14256 47900 NA
14257 46300 NA
14258 46300 NA
14259 47000 NA
14260 46500 NA
14261 46500 NA
14262 47800 NA
14263 47800 NA
14264 47400 NA
14265 47700 NA
14266 47700 NA
14267 48700 NA
14268 48700 NA
14269 48300 NA
14270 48300 NA
14271 47600 NA
14272 47200 NA
14273 47200 NA
14274 48900 NA
14275 48900 NA
14276 48800 NA
14277 48800 NA
14278 48200 NA
14279 47700 NA
14280 48200 NA
14281 48500 NA
14282 48600 NA
14283 48600 NA
14284 48200 NA
14285 49400 NA
14286 49400 NA
14287 48800 NA
14288 48400 NA
14289 49400 NA
14290 49800 NA
14291 49400 NA
14292 48900 NA
14293 48900 NA
14294 49600 NA
14295 49600 NA
14296 48700 NA
14297 48700 NA
14298 48300 NA
14299 48600 NA
14300 49100 NA
14301 47300 NA
14302 46200 NA
14303 47100 NA
14304 47600 NA
14305 47400 NA
14306 46600 NA
14307 45400 NA
14308 45400 NA
14309 45600 NA
14310 45600 NA
14311 45700 NA
14312 45900 NA
14313 45500 NA
14314 45500 NA
14315 45400 NA
14316 45400 NA
14317 45400 NA
14318 45300 NA
14319 45200 NA
14320 44700 NA
14321 44300 NA
14322 44100 NA
14323 43500 NA
14324 42000 NA
14325 40800 NA
14326 41400 NA
14327 42300 NA
14328 41700 NA
14329 42300 NA
14330 41900 NA
14331 41900 NA
14332 41700 NA
14333 41300 NA
14334 41300 NA
14335 41000 NA
14336 41400 NA
14337 41400 NA
14338 41600 NA
14339 41700 NA
14340 41700 NA
14341 42200 NA
14342 42300 NA
14343 42100 NA
14344 40800 NA
14345 40800 NA
14346 40700 NA
14347 40700 NA
14348 40700 NA
14349 39000 NA
14350 39900 NA
14351 39900 NA
14352 39300 NA
14353 39600 NA
14354 39600 NA
14355 39600 NA
14356 39000 NA
14357 39200 NA
14358 39600 NA
14359 38500 NA
14360 38500 NA
14361 38400 NA
14362 38600 NA
14363 38300 NA
14364 38200 NA
14365 38200 NA
14366 37900 NA
14367 38200 NA
14368 38200 NA
14369 38400 NA
14370 38500 NA
14371 38900 NA
14372 40800 NA
14373 40800 NA
14374 41100 NA
14375 45200 NA
14376 47500 NA
14377 49800 NA
14378 54400 NA
14379 57100 NA
14380 57100 NA
14381 59900 NA
14382 62800 NA
14383 65700 NA
14384 68900 NA
14385 79600 NA
14386 83500 NA
14387 87500 NA
14388 91800 NA
14389 101000 NA
14390 111000 NA
14391 111000 NA
14392 116100 NA
14393 116100 NA
14394 110300 NA
14395 99700 NA
14396 85300 NA
14397 79100 NA
14398 79100 NA
14399 64200 NA
14400 59100 NA
14401 59100 NA
14402 56200 NA
14403 50700 NA
14404 45800 NA
14405 41700 NA
14406 41500 NA
14407 42600 NA
14408 42600 NA
14409 41600 NA
14410 40400 NA
14411 40400 NA
14412 40800 NA
14413 42200 NA
14414 42200 NA
14415 41300 NA
14416 40600 NA
14417 40600 NA
14418 40100 NA
14419 40400 NA
14420 41100 NA
14421 41100 NA
14422 40900 NA
14423 41600 NA
14424 41600 NA
14425 40400 NA
14426 40500 NA
14427 40100 NA
14428 40000 NA
14429 39900 NA
14430 39900 NA
14431 41100 NA
14432 40200 NA
14433 41500 NA
14434 41500 NA
14435 41500 NA
14436 39500 NA
14437 39500 NA
14438 40200 NA
14439 40200 NA
14440 40300 NA
14441 41500 NA
14442 41800 NA
14443 40700 NA
14444 41000 NA
14445 41000 NA
14446 41100 NA
14447 40400 NA
14448 40400 NA
14449 40400 NA
14450 40500 NA
14451 40300 NA
14452 40100 NA
14453 40100 NA
14454 40200 NA
14455 40200 NA
14456 39900 NA
14457 40700 NA
14458 40400 NA
14459 40500 NA
14460 42500 NA
14461 44300 NA
14462 46500 NA
14463 48700 NA
14464 49300 NA
14465 46800 NA
14466 44500 NA
14467 40700 NA
14468 41300 NA
14469 41600 NA
14470 42900 NA
14471 42100 NA
14472 42900 NA
14473 42900 NA
14474 42200 NA
14475 42000 NA
14476 42000 NA
14477 43000 NA
14478 43000 NA
14479 42400 NA
14480 41000 NA
14481 41500 NA
14482 41500 NA
14483 42400 NA
14484 42400 NA
14485 41900 NA
14486 42400 NA
14487 42800 NA
14488 43600 NA
14489 44200 NA
14490 43700 NA
14491 43700 NA
14492 44000 NA
14493 44400 NA
14494 44300 NA
14495 44300 NA
14496 44900 NA
14497 44800 NA
14498 43900 NA
14499 43000 NA
14500 42800 NA
14501 43600 NA
14502 43700 NA
14503 45000 NA
14504 45800 NA
14505 45800 NA
14506 45100 NA
14507 44700 NA
14508 44700 NA
14509 45100 NA
14510 44900 NA
14511 43900 NA
14512 45800 NA
14513 45800 NA
14514 46100 NA
14515 45800 NA
14516 45800 NA
14517 45000 NA
14518 45000 NA
14519 46300 NA
14520 46300 NA
14521 45700 NA
14522 46600 NA
14523 46600 NA
14524 46900 NA
14525 47400 NA
14526 47700 NA
14527 47600 NA
14528 47200 NA
14529 47200 NA
14530 47800 NA
14531 47800 NA
14532 48900 NA
14533 49400 NA
14534 49400 NA
14535 51100 NA
14536 52800 NA
14537 53900 NA
14538 54700 NA
14539 54700 NA
14540 52200 NA
14541 50600 NA
14542 53100 NA
14543 54200 NA
14544 54200 NA
14545 50500 NA
14546 50500 NA
14547 51400 NA
14548 52300 NA
14549 52100 NA
14550 52900 NA
14551 54400 NA
14552 55600 NA
14553 57700 NA
14554 57700 NA
14555 62500 NA
14556 62500 NA
14557 64200 NA
14558 65600 NA
14559 67300 NA
14560 67300 NA
14561 68400 NA
14562 67700 NA
14563 64700 NA
14564 65300 NA
14565 63700 NA
14566 64900 NA
14567 64900 NA
14568 65800 NA
14569 68500 NA
14570 67900 NA
14571 67900 NA
14572 69400 NA
14573 69600 NA
14574 68900 NA
14575 70300 NA
14576 71400 NA
14577 72900 NA
14578 74300 NA
14579 74300 NA
14580 75200 NA
14581 73700 NA
14582 72600 NA
14583 72600 NA
14584 73000 NA
14585 73400 NA
14586 73400 NA
14587 73500 NA
14588 72600 NA
14589 72600 NA
14590 72700 NA
14591 71800 NA
14592 72300 NA
14593 71500 NA
14594 71000 NA
14595 71600 NA
14596 71600 NA
14597 72200 NA
14598 72100 NA
14599 71400 NA
14600 71400 NA
14601 71900 NA
14602 72400 NA
14603 72500 NA
14604 73000 NA
14605 74200 NA
14606 74200 NA
14607 74900 NA
14608 74900 NA
14609 75100 NA
14610 76300 NA
14611 75900 NA
14612 75900 NA
14613 72400 NA
14614 70800 NA
14615 70800 NA
14616 70600 NA
14617 71700 NA
14618 70900 NA
14619 72000 NA
14620 72000 NA
14621 73500 NA
14622 73500 NA
14623 72600 NA
14624 72600 NA
14625 72800 NA
14626 72700 NA
14627 72700 NA
14628 73200 NA
14629 73200 NA
14630 72600 NA
14631 73100 NA
14632 73100 NA
14633 72400 NA
14634 72400 NA
14635 73100 NA
14636 73300 NA
14637 72900 NA
14638 72800 NA
14639 71900 NA
14640 72700 NA
14641 72900 NA
14642 72900 NA
14643 73200 NA
14644 73200 NA
14645 72200 NA
14646 73000 NA
14647 74000 NA
14648 73400 NA
14649 73400 NA
14650 73800 NA
14651 73500 NA
14652 73300 NA
14653 73300 NA
14654 73900 NA
14655 73400 NA
14656 73400 NA
14657 73500 NA
14658 73600 NA
14659 73600 NA
14660 73600 NA
14661 73900 NA
14662 73500 NA
14663 73500 NA
14664 73100 NA
14665 70500 NA
14666 70000 NA
14667 70000 NA
14668 67700 NA
14669 64900 NA
14670 62900 NA
14671 63600 NA
14672 64700 NA
14673 64700 NA
14674 64900 NA
14675 63000 NA
14676 63000 NA
14677 64000 NA
14678 63900 NA
14679 63300 NA
14680 61200 NA
14681 61400 NA
14682 61000 NA
14683 61300 NA
14684 61300 NA
14685 59900 NA
14686 59500 NA
14687 58700 NA
14688 59000 NA
14689 60400 NA
14690 62200 NA
14691 61400 NA
14692 61400 NA
14693 62500 NA
14694 62900 NA
14695 62900 NA
14696 63800 NA
14697 63700 NA
14698 61800 NA
14699 61700 NA
14700 62400 NA
14701 64100 NA
14702 64800 NA
14703 62600 NA
14704 64300 NA
14705 65500 NA
14706 65500 NA
14707 65400 NA
14708 69500 NA
14709 69500 NA
14710 70600 NA
14711 70600 NA
14712 69000 NA
14713 69000 NA
14714 66600 NA
14715 71700 NA
14716 71700 NA
14717 74700 NA
14718 71700 NA
14719 71700 NA
14720 68000 NA
14721 68000 NA
14722 64000 NA
14723 64000 NA
14724 60800 NA
14725 59600 NA
14726 59400 NA
14727 56400 NA
14728 56400 NA
14729 57800 NA
14730 57200 NA
14731 54900 NA
14732 56300 NA
14733 56300 NA
14734 56600 NA
14735 56600 NA
14736 54800 NA
14737 54800 NA
14738 54800 NA
14739 54800 NA
14740 54800 NA
14741 55500 NA
14742 56200 NA
14743 55600 NA
14744 55600 NA
14745 54500 NA
14746 54800 NA
14747 54300 NA
14748 55100 NA
14749 55100 NA
14750 55600 NA
14751 56500 NA
14752 56300 NA
14753 56300 NA
14754 55500 NA
14755 55900 NA
14756 55900 NA
14757 55500 NA
14758 54800 NA
14759 55300 NA
14760 56400 NA
14761 56400 NA
14762 56100 NA
14763 56100 NA
14764 56500 NA
14765 57000 NA
14766 57700 NA
14767 58400 NA
14768 59600 NA
14769 62100 NA
14770 61500 NA
14771 59300 NA
14772 59300 NA
14773 59600 NA
14774 58500 NA
14775 57000 NA
14776 58300 NA
14777 58300 NA
14778 60100 NA
14779 60100 NA
14780 61000 NA
14781 60400 NA
14782 61700 NA
14783 61700 NA
14784 62300 NA
14785 62300 NA
14786 62700 NA
14787 64500 NA
14788 62400 NA
14789 62200 NA
14790 62700 NA
14791 62700 NA
14792 62800 NA
14793 64100 NA
14794 64100 NA
14795 62100 NA
14796 62100 NA
14797 61900 NA
14798 63500 NA
14799 64000 NA
14800 64000 NA
14801 64400 NA
14802 62900 NA
14803 63400 NA
14804 63400 NA
14805 62700 NA
14806 62700 NA
14807 63600 NA
14808 64900 NA
14809 64300 NA
14810 64400 NA
14811 64400 NA
14812 64800 NA
14813 63900 NA
14814 63900 NA
14815 63800 NA
14816 63300 NA
14817 62500 NA
14818 63100 NA
14819 64400 NA
14820 64400 NA
14821 64800 NA
14822 64900 NA
14823 66200 NA
14824 66200 NA
14825 65500 NA
14826 65400 NA
14827 66000 NA
14828 65200 NA
14829 62800 NA
14830 63700 NA
14831 64800 NA
14832 66100 NA
14833 66100 NA
14834 67100 NA
14835 66800 NA
14836 66500 NA
14837 65900 NA
14838 66400 NA
14839 66400 NA
14840 67400 NA
14841 67400 NA
14842 70100 NA
14843 73600 NA
14844 73100 NA
14845 72500 NA
14846 74800 NA
14847 74400 NA
14848 71700 NA
14849 71700 NA
14850 72300 NA
14851 74200 NA
14852 75200 NA
14853 75200 NA
14854 76000 NA
14855 74900 NA
14856 76200 NA
14857 77700 NA
14858 77700 NA
14859 77100 NA
14860 77100 NA
14861 74700 NA
14862 71100 NA
14863 68300 NA
14864 70600 NA
14865 71300 NA
14866 71700 NA
14867 71700 NA
14868 72400 NA
14869 72900 NA
14870 73300 NA
14871 73300 NA
14872 73800 NA
14873 73800 NA
14874 73500 NA
14875 73500 NA
14876 74700 NA
14877 74600 NA
14878 75400 NA
14879 74700 NA
14880 75800 NA
14881 75800 NA
14882 78700 NA
14883 78700 NA
14884 80000 NA
14885 77500 NA
14886 77000 NA
14887 77400 NA
14888 79300 NA
14889 79000 NA
14890 77200 NA
14891 77200 NA
14892 77500 NA
14893 77900 NA
14894 77900 NA
14895 78100 NA
14896 78600 NA
14897 80900 NA
14898 80900 NA
14899 81500 NA
14900 81800 NA
14901 82100 NA
14902 82100 NA
14903 83100 NA
14904 83100 NA
14905 85600 NA
14906 85000 NA
14907 84100 NA
14908 84100 NA
14909 82800 NA
14910 81000 NA
14911 78900 NA
14912 79900 NA
14913 81500 NA
14914 80700 NA
14915 80700 NA
14916 80400 NA
14917 81400 NA
14918 81500 NA
14920 80100 NA
14921 80300 NA
14922 80200 NA
14923 80200 NA
14924 80200 NA
14925 80600 NA
14926 81200 NA
14927 82500 NA
14928 84000 NA
14929 84000 NA
14930 80300 NA
14931 80300 NA
14932 81600 NA
14933 82000 NA
14934 79400 NA
14935 79400 NA
14936 79600 NA
14937 80400 NA
14938 81600 NA
14939 81600 NA
14940 81600 NA
14941 83000 NA
14942 83000 NA
14943 82500 NA
14944 81200 NA
14945 80600 NA
14946 80600 NA
14947 80800 NA
14948 82000 NA
14949 83100 NA
14950 83100 NA
14951 81500 NA
14952 82000 NA
14953 82000 NA
14954 82200 NA
14955 81900 NA
14956 81600 NA
14957 81900 NA
14958 78800 NA
14959 74900 NA
14960 77000 NA
14961 77000 NA
14962 75300 NA
14963 75300 NA
14964 76900 NA
14965 74300 NA
14966 73200 NA
14967 73700 NA
14968 73700 NA
14969 71500 NA
14970 68300 NA
14971 67000 NA
14972 66700 NA
14973 67700 NA
14974 69000 NA
14975 69000 NA
14976 69200 NA
14977 69300 NA
14979 71000 NA
14981 69100 NA
14983 67800 NA
14984 64900 NA
14985 62300 NA
14986 62400 NA
14987 62700 NA
14989 63900 NA
14990 64400 NA
14991 66100 NA
14992 67100 NA
14993 68200 NA
14995 68800 NA
14996 71700 NA
14998 72200 NA
15000 73300 NA
15001 73200 NA
15003 69700 NA
15005 69200 NA
15007 68500 NA
15008 69000 NA
15009 69000 NA
15011 73500 NA
15012 72989 NA
15013 70000 NA
15014 70000 NA
15016 64000 NA
15018 64700 NA
15019 64800 NA
15020 66400 NA
15021 66400 NA
15023 65000 NA
15025 64800 NA
15026 64200 NA
15028 64100 NA
15029 65134 NA
15030 65500 NA
15031 64800 NA
15032 63300 NA
15033 62000 NA
15035 61900 NA
15036 67600 NA
15038 67600 NA
15039 65500 NA
15040 62700 NA
15042 61400 NA
15044 63400 NA
15046 62900 NA
15047 61800 NA
15048 62400 NA
15049 62400 NA
15050 61400 NA
15051 61382 NA
15052 58900 NA
15054 58400 NA
15055 57700 NA
15058 58600 NA
15060 58700 NA
15061 56500 NA
15063 57000 NA
15064 56900 NA
15066 57100 NA
15067 56200 NA
15068 55400 NA
15070 56150 NA
15072 55400 NA
15073 53100 NA
15076 50200 NA
15078 49500 NA
15080 49600 NA
15081 47825 NA
15083 47854 NA
15085 47900 NA
15086 48200 NA
15087 47400 NA
15088 46200 NA
15089 44700 NA
15090 43761 NA
15093 42900 NA
15094 42553 NA
15096 42300 NA
15097 42500 NA
15098 42500 NA
15100 42900 NA
15101 43300 NA
15102 43200 NA
15103 42600 NA
15105 42900 NA
15106 42700 NA
15107 42245 NA
15108 42200 NA
15109 41400 NA
15110 40900 NA
15112 41282 NA
15114 40919 NA
15115 39300 NA
15116 39800 NA
15119 40400 NA
15120 40600 NA
15121 40700 NA
15123 41901 NA
15124 41884 NA
15125 41800 NA
15126 41600 NA
15128 41400 NA
15130 41600 NA
15131 42000 NA
15132 42400 NA
15133 42700 NA
15135 43400 NA
15136 43200 NA
15137 42600 NA
15138 43000 NA
15140 42800 NA
15142 42700 NA
15143 43212 NA
15145 43000 NA
15148 42400 NA
15150 42300 NA
15151 41300 NA
15152 40100 NA
15155 40000 NA
15156 39869 NA
15157 39900 NA
15158 39500 NA
15159 39300 NA
15161 38800 NA
15163 38300 NA
15164 37800 NA
15165 37500 NA
15166 37800 NA
15168 38000 NA
15170 37900 NA
15171 37853 NA
15172 37900 NA
15173 37300 NA
15174 36214 NA
15177 34900 NA
15178 35400 NA
15179 35300 NA
15182 34127 NA
15184 33500 NA
15185 33200 NA
15186 33300 NA
15187 32700 NA
15189 33100 NA
15191 32800 NA
15193 32300 NA
15194 32400 NA
15196 32200 NA
15197 32600 NA
15199 33300 NA
15204 31800 NA
15207 30300 NA
15208 28250 NA
15209 28000 NA
15212 26600 NA
15214 26400 NA
15215 26300 NA
15217 26702 NA
15220 27100 NA
15221 27500 NA
15222 28236 NA
15224 28400 NA
15226 28700 NA
15227 30500 NA
15229 29500 NA
15231 26600 NA
15232 25500 NA
15233 24900 NA
15235 24200 NA
15238 24400 NA
15240 24900 NA
15242 24200 NA
15243 23900 NA
15244 23900 NA
15247 24300 NA
15248 24600 NA
15249 24600 NA
15250 24800 NA
15252 25200 NA
15254 26200 NA
15256 27000 NA
15257 27100 NA
15258 27400 NA
15259 27500 NA
15261 27700 NA
15263 27700 NA
15264 27300 NA
15266 27900 NA
15268 28200 NA
15270 26800 NA
15271 26200 NA
15272 26090 NA
15273 26200 NA
15275 26414 NA
15277 27200 NA
15280 28000 NA
15281 28700 NA
15282 29700 NA
15283 30393 NA
15284 31200 NA
15285 30900 NA
15287 31100 NA
15289 31800 NA
15291 32300 NA
15294 30600 NA
15296 28900 NA
15298 29500 NA
15299 29900 NA
15300 30347 NA
15302 30100 NA
15303 30100 NA
15305 29900 NA
15306 30400 NA
15307 30600 NA
15308 29800 NA
15310 28100 NA
15312 27400 NA
15313 27306 NA
15314 27465 NA
15315 27869 NA
15316 28456 NA
15317 28262 NA
15318 28617 NA
15319 28671 NA
15320 28548 NA
15321 28461 NA
15322 28833 NA
15323 29161 NA
15324 29757 NA
15325 29477 NA
15326 29818 NA
15327 30270 NA
15328 30488 NA
15329 30705 NA
15330 30758 NA
15331 30893 NA
15332 31025 NA
15333 31406 NA
15334 31428 NA
15335 30795 NA
15336 30959 NA
15337 30621 NA
15338 30965 NA
15339 30634 NA
15340 29633 NA
15341 28854 NA
15342 28583 NA
15343 28766 NA
15344 28876 NA
15345 29286 NA
15346 29238 NA
15347 29495 NA
15348 29591 NA
15349 28984 NA
15350 29144 NA
15351 29573 NA
15352 29732 NA
15353 29805 NA
15354 29892 NA
15355 30585 NA
15356 31055 NA
15357 30829 NA
15358 30714 NA
15359 30131 NA
15360 30309 NA
15361 30652 NA
15362 30892 NA
15363 31044 NA
15364 31081 NA
15365 31161 NA
15366 31225 NA
15367 31458 NA
15368 30898 NA
15369 30889 NA
15370 31073 NA
15371 31468 NA
15372 31877 NA
15373 32370 NA
15374 32955 NA
15375 33132 NA
15376 32470 NA
15377 33203 NA
15378 33992 NA
15379 35138 NA
15380 35745 NA
15381 35548 NA
15382 35076 NA
15383 33877 NA
15384 32634 NA
15385 31679 NA
15386 31786 NA
15387 32201 NA
15388 32561 NA
15389 32681 NA
15390 31380 NA
15391 29913 NA
15392 29497 NA
15393 30205 NA
15394 30493 NA
15395 30692 NA
15396 30243 NA
15397 30628 NA
15398 30250 NA
15399 30103 NA
15400 30448 NA
15401 30470 NA
15402 30704 NA
15403 30845 NA
15404 31355 NA
15405 31956 NA
15406 31893 NA
15407 31816 NA
15408 32269 NA
15409 31892 NA
15410 31037 NA
15411 30689 NA
15412 31348 NA
15413 32180 NA
15414 32190 NA
15415 32311 NA
15416 33319 NA
15417 33097 NA
15418 31992 NA
15419 30577 NA
15420 29470 NA
15421 28278 NA
15422 28400 NA
15423 28521 NA
15424 28643 NA
15425 28764 NA
15426 28886 NA
15427 28878 NA
15428 29012 NA
15429 29032 NA
15430 28542 NA
15431 28323 NA
15432 28202 NA
15433 27715 NA
15434 26769 NA
15435 25790 NA
15436 24746 NA
15437 23996 NA
15438 23231 NA
15439 24066 NA
15440 24197 NA
15441 24818 NA
15442 24368 NA
15443 24448 NA
15444 24300 NA
15445 23540 NA
15446 23032 NA
15447 22248 NA
15448 21534 NA
15449 21228 NA
15450 21115 NA
15451 21018 NA
15452 21391 NA
15453 21800 NA
15454 22157 NA
15455 22063 NA
15456 22046 NA
15457 22444 NA
15458 22744 NA
15459 22638 NA
15460 22475 NA
15461 22544 NA
15462 22578 NA
15463 22444 NA
15464 22281 NA
15465 22429 NA
15466 22519 NA
15467 22739 NA
15468 22924 NA
15469 22934 NA
15470 22834 NA
15471 22616 NA
15472 22389 NA
15473 22145 NA
15474 21959 NA
15475 22392 NA
15476 21951 NA
15477 21877 NA
15478 22001 NA
15479 21658 NA
15480 20913 NA
15481 20305 NA
15482 19999 NA
15483 19953 NA
15484 20389 NA
15485 20693 NA
15486 21096 NA
15487 21467 NA
15488 21596 NA
15489 21390 NA
15490 20981 NA
15491 20995 NA
15492 21097 NA
15493 20916 NA
15494 20984 NA
15495 21562 NA
15496 22067 NA
15497 22103 NA
15498 22259 NA
15499 22192 NA
15500 22095 NA
15501 22488 NA
15502 22282 NA
15503 22101 NA
15504 22467 NA
15505 22119 NA
15506 21652 NA
15507 21456 NA
15508 21209 NA
15509 20988 NA
15510 20927 NA
15511 20941 NA
15512 20920 NA
15513 20772 NA
15514 20854 NA
15515 20907 NA
15516 20870 NA
15517 21028 NA
15518 21298 NA
15519 21262 NA
15520 21138 NA
15521 20864 NA
15522 20890 NA
15523 20960 NA
15524 21260 NA
15525 20717 NA
15526 20853 NA
15527 20480 NA
15528 20657 NA
15529 20938 NA
15530 20887 NA
15531 21013 NA
15532 20946 NA
15533 21043 NA
15534 20771 NA
15535 20547 NA
15536 20359 NA
15537 20460 NA
15538 20552 NA
15539 20363 NA
15540 20284 NA
15541 20393 NA
15542 20187 NA
15543 20141 NA
15544 19936 NA
15545 19921 NA
15546 19754 NA
15547 19633 NA
15548 19696 NA
15549 19478 NA
15550 19318 NA
15551 19088 NA
15552 19265 NA
15553 19036 NA
15554 19188 NA
15555 19663 NA
15556 19763 NA
15557 19710 NA
15558 19867 NA
15559 19963 NA
15560 19802 NA
15561 20051 NA
15562 19920 NA
15563 19835 NA
15564 19671 NA
15565 19147 NA
15566 19443 NA
15567 19588 NA
15568 19634 NA
15569 19738 NA
15570 19705 NA
15571 19090 NA
15572 19071 NA
15573 19337 NA
15574 19021 NA
15575 19114 NA
15576 18921 NA
15577 18586 NA
15578 18297 NA
15579 18149 NA
15580 18295 NA
15581 18499 NA
15582 18504 NA
15583 18656 NA
15584 18869 NA
15585 18711 NA
15586 18621 NA
15587 18664 NA
15588 18828 NA
15589 18666 NA
15590 18783 NA
15591 18741 NA
15592 17902 NA
15593 17922 NA
15594 18130 NA
15595 18322 NA
15596 18373 NA
15597 18594 NA
15598 18615 NA
15599 18443 NA
15600 18500 NA
15601 18614 NA
15602 19123 NA
15603 18442 NA
15604 17758 NA
15605 17524 NA
15606 17006 NA
15607 16722 NA
15608 16634 NA
15609 17047 NA
15610 16854 NA
15611 16554 NA
15612 16504 NA
15613 16299 NA
15614 16221 NA
15615 16029 NA
15616 15927 NA
15617 16133 NA
15618 16167 NA
15619 16118 NA
15620 16230 NA
15621 16125 NA
15622 16272 NA
15623 16083 NA
15624 15843 NA
15625 16160 NA
15626 16340 NA
15627 16253 NA
15628 16557 NA
15629 16706 NA
15630 16798 NA
15631 17074 NA
15632 17144 NA
15633 17079 NA
15634 16934 NA
15635 17356 NA
15636 17552 NA
15637 18067 NA
15638 18214 NA
15639 18912 NA
15640 18895 NA
15641 18980 NA
15642 18968 NA
15643 18134 NA
15644 17227 NA
15645 16431 NA
15646 15620 NA
15647 14948 NA
15648 14477 NA
15649 14025 NA
15650 13933 NA
15651 13841 NA
15652 13749 NA
15653 13657 NA
15654 13564 NA
15655 13472 NA
15656 13380 NA
15657 13288 NA
15658 13464 NA
15659 13547 NA
15660 13667 NA
15661 13392 NA
15662 13572 NA
15663 13461 NA
15664 13514 NA
15665 13433 NA
15666 13426 NA
15667 13522 NA
15668 13534 NA
15669 13446 NA
15670 13480 NA
15671 13566 NA
15672 13716 NA
15673 13874 NA
15674 13984 NA
15675 13961 NA
15676 13794 NA
15677 13450 NA
15678 13344 NA
15679 13135 NA
15680 13148 NA
15681 12938 NA
15682 12939 NA
15683 12969 NA
15684 12633 NA
15685 12376 NA
15686 12596 NA
15687 12862 NA
15688 13000 NA
15689 12956 NA
15690 12993 NA
15691 13013 NA
15692 12983 NA
15693 13043 NA
15694 12894 NA
15695 12958 NA
15696 12930 NA
15697 12946 NA
15698 13074 NA
15699 13127 NA
15700 13356 NA
15701 13269 NA
15702 13183 NA
15703 12873 NA
15704 13296 NA
15705 13374 NA
15706 13545 NA
15707 13722 NA
15708 14065 NA
15709 14298 NA
15710 14019 NA
15711 13965 NA
15712 13862 NA
15713 13635 NA
15714 13597 NA
15715 13809 NA
15716 13764 NA
15717 13867 NA
15718 13594 NA
15719 13344 NA
15720 13107 NA
15721 12526 NA
15722 12194 NA
15723 12506 NA
15724 12467 NA
15725 12513 NA
15726 12503 NA
15727 12616 NA
15728 12813 NA
15729 12860 NA
15730 12708 NA
15731 12845 NA
15732 12919 NA
15733 13037 NA
15734 13221 NA
15735 13336 NA
15736 13365 NA
15737 13407 NA
15738 13453 NA
15739 13596 NA
15740 13599 NA
15741 13706 NA
15742 13832 NA
15743 13893 NA
15744 13962 NA
15745 14131 NA
15746 14025 NA
15747 14044 NA
15748 13883 NA
15749 14128 NA
15750 14092 NA
15751 13992 NA
15752 13847 NA
15753 13518 NA
15754 13240 NA
15755 13028 NA
15756 13227 NA
15757 13322 NA
15758 13323 NA
15759 13589 NA
15760 13640 NA
15761 13810 NA
15762 13888 NA
15763 13951 NA
15764 14070 NA
15765 13993 NA
15766 14050 NA
15767 14083 NA
15768 13632 NA
15769 13734 NA
15770 13925 NA
15771 13834 NA
15772 13890 NA
15773 14025 NA
15774 13935 NA
15775 13979 NA
15776 14063 NA
15777 13969 NA
15778 14174 NA
15779 14123 NA
15780 14160 NA
15781 14245 NA
15782 14005 NA
15783 14384 NA
15784 14518 NA
15785 14574 NA
15786 14675 NA
15787 14860 NA
15788 14940 NA
15789 14918 NA
15790 14869 NA
15791 14994 NA
15792 15106 NA
15793 15257 NA
15794 15421 NA
15795 15582 NA
15796 15699 NA
15797 15757 NA
15798 15835 NA
15799 15913 NA
15800 15991 NA
15801 16069 NA
15802 16147 NA
15803 16225 NA
15804 16303 NA
15805 16171 NA
15806 15912 NA
15807 15573 NA
15808 14869 NA
15809 14207 NA
15810 13881 NA
15811 13645 NA
15812 13925 NA
15813 14061 NA
15814 14079 NA
15815 14172 NA
15816 14263 NA
15817 14416 NA
15818 14611 NA
15819 14726 NA
15820 14959 NA
15821 15062 NA
15822 15095 NA
15823 14755 NA
15824 14815 NA
15825 14731 NA
15826 14679 NA
15827 15009 NA
15828 14899 NA
15829 14932 NA
15830 14921 NA
15831 15040 NA
15832 15041 NA
15833 15232 NA
15834 15475 NA
15835 15495 NA
15836 15661 NA
15837 15575 NA
15838 15727 NA
15839 15475 NA
15840 15605 NA
15841 15341 NA
15842 15452 NA
15843 15457 NA
15844 15141 NA
15845 14935 NA
15846 14542 NA
15847 14454 NA
15848 14574 NA
15849 14823 NA
15850 14963 NA
15851 15027 NA
15852 15033 NA
15853 14677 NA
15854 14685 NA
15855 14825 NA
15856 14917 NA
15857 15048 NA
15858 14992 NA
15859 14794 NA
15860 14937 NA
15861 14770 NA
15862 14722 NA
15863 14939 NA
15864 15037 NA
15865 15036 NA
15866 15062 NA
15867 14768 NA
15868 14029 NA
15869 13462 NA
15870 13060 NA
15871 12947 NA
15872 12684 NA
15873 12885 NA
15874 12877 NA
15875 13094 NA
15876 12753 NA
15877 13118 NA
15878 13356 NA
15879 13380 NA
15880 13635 NA
15881 13839 NA
15882 13819 NA
15883 13827 NA
15884 14106 NA
15885 14232 NA
15886 14537 NA
15887 14803 NA
15888 14943 NA
15889 15138 NA
15890 15341 NA
15891 15345 NA
15892 15241 NA
15893 15130 NA
15894 15171 NA
15895 15265 NA
15896 15456 NA
15897 15513 NA
15898 15323 NA
15899 15539 NA
15900 15514 NA
15901 15611 NA
15902 15596 NA
15903 15623 NA
15904 15650 NA
15905 15677 NA
15906 15703 NA
15907 15730 NA
15908 15757 NA
15909 15818 NA
15910 16020 NA
15911 16121 NA
15912 15980 NA
15913 15423 NA
15914 15228 NA
15915 15116 NA
15916 14710 NA
15917 15231 NA
15918 15421 NA
15919 15343 NA
15920 15587 NA
15921 15638 NA
15922 15557 NA
15923 15648 NA
15924 15840 NA
15925 15897 NA
15926 15846 NA
15927 15989 NA
15928 16163 NA
15929 16120 NA
15930 16072 NA
15931 15955 NA
15932 15750 NA
15933 15564 NA
15934 15247 NA
15935 14970 NA
15936 14822 NA
15937 14802 NA
15938 15178 NA
15939 15533 NA
15940 15187 NA
15941 15225 NA
15942 15170 NA
15943 15214 NA
15944 15476 NA
15945 15684 NA
15946 15474 NA
15947 15647 NA
15948 15417 NA
15949 15206 NA
15950 14954 NA
15951 15050 NA
15952 14998 NA
15953 14996 NA
15954 14745 NA
15955 14879 NA
15956 14742 NA
15957 14657 NA
15958 14845 NA
15959 14850 NA
15960 14900 NA
15961 14919 NA
15962 15143 NA
15963 15026 NA
15964 14848 NA
15965 14635 NA
15966 14954 NA
15967 15029 NA
15968 15026 NA
15969 14973 NA
15970 14654 NA
15971 14078 NA
15972 13861 NA
15973 13719 NA
15974 13411 NA
15975 13415 NA
15976 13322 NA
15977 13381 NA
15978 13231 NA
15979 13253 NA
15980 13523 NA
15981 13870 NA
15982 14128 NA
15983 14362 NA
15984 14332 NA
15985 13945 NA
15986 13986 NA
15987 14027 NA
15988 14067 NA
15989 14108 NA
15990 14149 NA
15991 14190 NA
15992 14230 NA
15993 14271 NA
15994 14627 NA
15995 14827 NA
15996 15001 NA
15997 14996 NA
15998 15163 NA
15999 15229 NA
16000 14845 NA
16001 15321 NA
16002 15050 NA
16003 15135 NA
16004 14796 NA
16005 14950 NA
16006 14978 NA
16007 14776 NA
16008 15106 NA
16009 15172 NA
16010 15089 NA
16011 15169 NA
16012 14909 NA
16013 14893 NA
16014 14963 NA
16015 15220 NA
16016 15441 NA
16017 15617 NA
16018 15612 NA
16019 15454 NA
16020 15416 NA
16021 15627 NA
16022 15805 NA
16023 15806 NA
16024 15787 NA
16025 15647 NA
16026 15398 NA
16027 15324 NA
16028 15835 NA
16029 16000 NA
16030 15939 NA
16031 16100 NA
16032 16041 NA
16033 16110 NA
16034 15907 NA
16035 15987 NA
16036 16066 NA
16037 16146 NA
16038 16225 NA
16039 16305 NA
16040 16384 NA
16041 16464 NA
16042 16844 NA
16043 17047 NA
16044 16873 NA
16045 16948 NA
16046 17039 NA
16047 16883 NA
16048 16534 NA
16049 16388 NA
16050 16680 NA
16051 16889 NA
16052 16885 NA
16053 17042 NA
16054 17034 NA
16055 16886 NA
16056 17173 NA
16057 17327 NA
16058 17393 NA
16059 17283 NA
16060 17320 NA
16061 17230 NA
16062 17079 NA
16063 17065 NA
16064 17216 NA
16065 17194 NA
16066 17332 NA
16067 17288 NA
16068 17297 NA
16069 17208 NA
16070 16931 NA
16071 16968 NA
16072 16795 NA
16073 16923 NA
16074 16819 NA
16075 16651 NA
16076 16714 NA
16077 16930 NA
16078 17000 NA
16079 17085 NA
16080 17110 NA
16081 17084 NA
16082 17080 NA
16083 17028 NA
16084 17183 NA
16085 17186 NA
16086 17274 NA
16087 17232 NA
16088 17210 NA
16089 17168 NA
16090 17085 NA
16091 17269 NA
16092 17483 NA
16093 17619 NA
16094 17634 NA
16095 17339 NA
16096 17152 NA
16097 16852 NA
16098 16904 NA
16099 16985 NA
16100 17226 NA
16101 17333 NA
16102 17648 NA
16103 17997 NA
16104 17996 NA
16105 18211 NA
16106 18096 NA
16107 18149 NA
16108 18144 NA
16109 18160 NA
16110 18174 NA
16111 18057 NA
16112 17996 NA
16113 17987 NA
16114 17843 NA
16115 17449 NA
16116 17414 NA
16117 17028 NA
16118 17258 NA
16119 16667 NA
16120 16565 NA
16121 16236 NA
16122 15907 NA
16123 16057 NA
16124 16245 NA
16125 16637 NA
16126 16673 NA
16127 16896 NA
16128 17023 NA
16129 17020 NA
16130 17140 NA
16131 17121 NA
16132 17200 NA
16133 17247 NA
16134 17371 NA
16135 17365 NA
16136 17437 NA
16137 17444 NA
16138 17430 NA
16139 17442 NA
16140 17354 NA
16141 17447 NA
16142 17523 NA
16143 17561 NA
16144 17643 NA
16145 17646 NA
16146 17660 NA
16147 17773 NA
16148 17675 NA
16149 17670 NA
16150 17435 NA
16151 16882 NA
16152 16069 NA
16153 15334 NA
16154 15149 NA
16155 15164 NA
16156 15031 NA
16157 15192 NA
16158 15354 NA
16159 15371 NA
16160 15406 NA
16161 15383 NA
16162 15544 NA
16163 15491 NA
16164 15503 NA
16165 15497 NA
16166 15059 NA
16167 14530 NA
16168 14156 NA
16169 13795 NA
16170 13568 NA
16171 13471 NA
16172 13727 NA
16173 13798 NA
16174 13883 NA
16175 14154 NA
16176 14314 NA
16177 14418 NA
16178 14604 NA
16179 14675 NA
16180 14721 NA
16181 14753 NA
16182 14664 NA
16183 14778 NA
16184 14612 NA
16185 14462 NA
16186 14608 NA
16187 14721 NA
16188 14636 NA
16189 14180 NA
16190 13929 NA
16191 13709 NA
16192 13730 NA
16193 13226 NA
16194 12742 NA
16195 12394 NA
16196 12527 NA
16197 12890 NA
16198 13167 NA
16199 13461 NA
16200 13643 NA
16201 13812 NA
16202 13845 NA
16203 13878 NA
16204 14211 NA
16205 14245 NA
16206 14494 NA
16207 14663 NA
16208 14786 NA
16209 14908 NA
16210 14905 NA
16211 15083 NA
16212 15109 NA
16213 15111 NA
16214 15228 NA
16215 15088 NA
16216 15236 NA
16217 15235 NA
16218 15377 NA
16219 15456 NA
16220 15485 NA
16221 15623 NA
16222 15712 NA
16223 15867 NA
16224 16184 NA
16225 16001 NA
16226 16292 NA
16227 16490 NA
16228 16633 NA
16229 16577 NA
16230 16794 NA
16231 16892 NA
16232 16953 NA
16233 17130 NA
16234 17057 NA
16235 17042 NA
16236 17236 NA
16237 17289 NA
16238 17426 NA
16239 17496 NA
16240 17592 NA
16241 17681 NA
16242 17776 NA
16243 17779 NA
16244 17869 NA
16245 17860 NA
16246 17911 NA
16247 17872 NA
16248 17571 NA
16249 17078 NA
16250 16422 NA
16251 16328 NA
16252 16320 NA
16253 16268 NA
16254 16487 NA
16255 16696 NA
16256 16876 NA
16257 16865 NA
16258 16897 NA
16259 16923 NA
16260 16953 NA
16261 16926 NA
16262 17005 NA
16263 17060 NA
16264 17128 NA
16265 16967 NA
16266 16322 NA
16267 16337 NA
16268 16444 NA
16269 16235 NA
16270 15974 NA
16271 15529 NA
16272 15498 NA
16273 15600 NA
16274 15760 NA
16275 15876 NA
16276 15942 NA
16277 16016 NA
16278 16111 NA
16279 15995 NA
16280 15516 NA
16281 15012 NA
16282 14699 NA
16283 14201 NA
16284 14318 NA
16285 14519 NA
16286 14422 NA
16287 14404 NA
16288 14489 NA
16289 14518 NA
16290 14754 NA
16291 14842 NA
16292 14970 NA
16293 14906 NA
16294 15014 NA
16295 15106 NA
16296 15206 NA
16297 15400 NA
16298 15622 NA
16299 15786 NA
16300 15786 NA
16301 15956 NA
16302 15867 NA
16303 16094 NA
16304 16117 NA
16305 16201 NA
16306 16206 NA
16307 16154 NA
16308 16225 NA
16309 16139 NA
16310 16126 NA
16311 16092 NA
16312 16062 NA
16313 15716 NA
16314 15617 NA
16315 15490 NA
16316 15341 NA
16317 15137 NA
16318 14864 NA
16319 14806 NA
16320 14707 NA
16321 14386 NA
16322 14336 NA
16323 14123 NA
16324 14107 NA
16325 14008 NA
16326 14366 NA
16327 15025 NA
16328 15219 NA
16329 14953 NA
16330 15284 NA
16331 15408 NA
16332 15587 NA
16333 15595 NA
16334 15822 NA
16335 15777 NA
16336 15638 NA
16337 15516 NA
16338 15814 NA
16339 15761 NA
16340 15738 NA
16341 15556 NA
16342 15366 NA
16343 15413 NA
16344 15788 NA
16345 15651 NA
16346 15698 NA
16347 15624 NA
16348 15471 NA
16349 15648 NA
16350 15705 NA
16351 15650 NA
16352 15693 NA
16353 15721 NA
16354 15710 NA
16355 15555 NA
16356 15540 NA
16357 15595 NA
16358 15676 NA
16359 15552 NA
16360 15588 NA
16361 15694 NA
16362 15605 NA
16363 15626 NA
16364 15502 NA
16365 15714 NA
16366 15844 NA
16367 15998 NA
16368 16062 NA
16369 15937 NA
16370 16138 NA
16371 16160 NA
16372 16201 NA
16373 15659 NA
16374 14893 NA
16375 14162 NA
16376 13492 NA
16377 12938 NA
16378 12673 NA
16379 12934 NA
16380 13229 NA
16381 13275 NA
16382 13394 NA
16383 13513 NA
16384 13297 NA
16385 13566 NA
16386 13690 NA
16387 13855 NA
16388 14185 NA
16389 14231 NA
16390 14341 NA
16391 14467 NA
16392 14543 NA
16393 14692 NA
16394 14727 NA
16395 14815 NA
16396 14714 NA
16397 14477 NA
16398 14432 NA
16399 14670 NA
16400 14622 NA
16401 14600 NA
16402 14500 NA
16403 14097 NA
16404 13418 NA
16405 12872 NA
16406 12279 NA
16407 12217 NA
16408 12504 NA
16409 12477 NA
16410 12694 NA
16411 12972 NA
16412 13127 NA
16413 13180 NA
16414 13310 NA
16415 13363 NA
16416 13457 NA
16417 13394 NA
16418 13218 NA
16419 12886 NA
16420 13010 NA
16421 12972 NA
16422 13198 NA
16423 13129 NA
16424 13166 NA
16425 13104 NA
16426 12828 NA
16427 12534 NA
16428 12446 NA
16429 12343 NA
16430 12454 NA
16431 12331 NA
16432 12484 NA
16433 12435 NA
16434 12236 NA
16435 11997 NA
16436 12272 NA
16437 12168 NA
16438 12178 NA
16439 12305 NA
16440 12349 NA
16441 12189 NA
16442 12313 NA
16443 12370 NA
16444 12398 NA
16445 12432 NA
16446 12436 NA
16447 12476 NA
16448 12506 NA
16449 12535 NA
16450 12594 NA
16451 12620 NA
16452 12514 NA
16453 12863 NA
16454 12897 NA
16455 13089 NA
16456 13259 NA
16457 13375 NA
16458 13595 NA
16459 13813 NA
16460 13677 NA
16461 13934 NA
16462 14047 NA
16463 14086 NA
16464 14186 NA
16465 14214 NA
16466 14388 NA
16467 14404 NA
16468 14458 NA
16469 14394 NA
16470 14411 NA
16471 14302 NA
16472 14218 NA
16473 14144 NA
16474 13696 NA
16475 13184 NA
16476 12931 NA
16477 13160 NA
16478 12700 NA
16479 12470 NA
16480 12678 NA
16481 12435 NA
16482 12622 NA
16483 12726 NA
16484 12723 NA
16485 12516 NA
16486 12103 NA
16487 11885 NA
16488 11976 NA
16489 12132 NA
16490 12153 NA
16491 12129 NA
16492 12106 NA
16493 12251 NA
16494 12264 NA
16495 12139 NA
16496 12046 NA
16497 11923 NA
16498 12070 NA
16499 12187 NA
16500 12226 NA
16501 12113 NA
16502 12162 NA
16503 12131 NA
16504 12366 NA
16505 12276 NA
16506 12544 NA
16507 12430 NA
16508 12410 NA
16509 12574 NA
16510 12537 NA
16511 12545 NA
16512 12589 NA
16513 12467 NA
16514 12620 NA
16515 12565 NA
16516 12539 NA
16517 12640 NA
16518 12608 NA
16519 12622 NA
16520 12609 NA
16521 12670 NA
16522 12717 NA
16523 12698 NA
16524 12702 NA
16525 12533 NA
16526 12647 NA
16527 12451 NA
16528 12686 NA
16529 12653 NA
16530 12749 NA
16531 12626 NA
16532 12836 NA
16533 12792 NA
16534 12720 NA
16535 12834 NA
16536 12768 NA
16537 12782 NA
16538 12822 NA
16539 12967 NA
16540 12963 NA
16541 13024 NA
16542 12985 NA
16543 12971 NA
16544 12893 NA
16545 12890 NA
16546 13080 NA
16547 13139 NA
16548 13191 NA
16549 13113 NA
16550 13146 NA
16551 13102 NA
16552 12768 NA
16553 12478 NA
16554 12327 NA
16555 12401 NA
16556 12004 NA
16557 12230 NA
16558 12224 NA
16559 11937 NA
16560 12351 NA
16561 12397 NA
16562 12515 NA
16563 12502 NA
16564 12447 NA
16565 12579 NA
16566 12663 NA
16567 12658 NA
16568 12605 NA
16569 12595 NA
16570 12438 NA
16571 12330 NA
16572 12469 NA
16573 12408 NA
16574 12218 NA
16575 12450 NA
16576 12515 NA
16577 12678 NA
16578 12699 NA
16579 12726 NA
16580 12735 NA
16581 12618 NA
16582 12202 NA
16583 12228 NA
16584 12508 NA
16585 12504 NA
16586 12245 NA
16587 12026 NA
16588 12125 NA
16589 12224 NA
16590 12420 NA
16591 12401 NA
16592 12361 NA
16593 12496 NA
16594 12378 NA
16595 12498 NA
16596 12602 NA
16597 12682 NA
16598 12764 NA
16599 12858 NA
16600 12811 NA
16601 12728 NA
16602 12249 NA
16603 12278 NA
16604 12493 NA
16605 12414 NA
16606 12171 NA
16607 12244 NA
16608 12354 NA
16609 12499 NA
16610 12462 NA
16611 12451 NA
16612 12513 NA
16613 12193 NA
16614 12201 NA
16615 12224 NA
16616 12166 NA
16617 12459 NA
16618 12503 NA
16619 12319 NA
16620 12457 NA
16621 12347 NA
16622 12410 NA
16623 12216 NA
16624 11971 NA
16625 12163 NA
16626 12267 NA
16627 12465 NA
16628 12597 NA
16629 12535 NA
16630 12563 NA
16631 12577 NA
16632 12653 NA
16633 12764 NA
16634 12771 NA
16635 12831 NA
16636 12772 NA
16637 12853 NA
16638 12883 NA
16639 12925 NA
16640 12769 NA
16641 12970 NA
16642 12969 NA
16643 12840 NA
16644 12516 NA
16645 12674 NA
16646 12651 NA
16647 12361 NA
16648 12228 NA
16649 12601 NA
16650 12497 NA
16651 12468 NA
16652 12209 NA
16653 12446 NA
16654 12309 NA
16655 12512 NA
16656 12604 NA
16657 12494 NA
16658 12638 NA
16659 12704 NA
16660 12713 NA
16661 12740 NA
16662 12874 NA
16663 12846 NA
16665 13000 NA
16666 13021 NA
16668 13062 NA
16669 13028 NA
16670 13026 NA
16671 13083 NA
16672 13092 NA
16673 13077 NA
16674 13164 NA
16675 13116 NA
16676 13145 NA
16677 13183 NA
16678 13242 NA
16679 13283 NA
16680 13103 NA
16681 13302 NA
16682 13293 NA
16683 13348 NA
16684 13247 NA
16686 13247 NA
16687 13257 NA
16688 13257 NA
16689 12895 NA
16690 12730 NA
16691 12782 NA
16692 12635 NA
16693 12988 NA
16694 12908 NA
16695 13040 NA
16696 12845 NA
16697 12870 NA
16698 12394 NA
16699 11865 NA
16700 11655 NA
16701 12009 NA
16702 12198 NA
16703 11899 NA
16704 11431 NA
16705 10949 NA
16706 10751 NA
16707 10811 NA
16708 10940 NA
16709 11285 NA
16710 11328 NA
16711 11449 NA
16712 11268 NA
16715 11578 NA
16717 11659 NA
16719 11406 NA
16720 11388 NA
16721 11140 NA
16722 11313 NA
16723 11622 NA
16724 11579 NA
16725 11763 NA
16726 11855 NA
16728 11896 NA
16731 11935 NA
16732 12065 NA
16733 11991 NA
16734 11842 NA
16735 11912 NA
16736 12021 NA
16737 12016 NA
16738 12057 NA
16739 11964 NA
16740 11964 NA
16741 11818 NA
16742 11527 NA
16743 11368 NA
16744 11172 NA
16745 11051 NA
16746 11129 NA
16747 11144 NA
16748 11144 NA
16749 11598 NA
16750 11627 NA
16751 11668 NA
16752 11466 NA
16753 11431 NA
16754 11406 NA
16755 11439 NA
16756 11639 NA
16757 11715 NA
16759 11475 NA
16760 11581 NA
16761 11651 NA
16762 11651 NA
16763 11782 NA
16764 11442 NA
16765 11651 NA
16766 11937 NA
16767 11915 NA
16768 11995 NA
16769 11934 NA
16770 11849 NA
16771 11884 NA
16772 11893 NA
16773 12104 NA
16774 12106 NA
16775 12224 NA
16777 12125 NA
16778 12247 NA
16779 12267 NA
16780 12389 NA
16781 12437 NA
16782 12326 NA
16783 12145 NA
16784 12278 NA
16785 12421 NA
16786 12486 NA
16787 12441 NA
16788 12492 NA
16789 12263 NA
16790 12178 NA
16791 12212 NA
16792 11959 NA
16793 12321 NA
16794 12371 NA
16795 12486 NA
16796 12525 NA
16797 12435 NA
16798 12549 NA
16799 12460 NA
16800 12522 NA
16801 12577 NA
16802 12487 NA
16803 12357 NA
16804 12294 NA
16807 12405 NA
16808 12582 NA
16809 12522 NA
16810 12669 NA
16811 12638 NA
16812 12629 NA
16813 12800 NA
16814 12708 NA
16815 12580 NA
16816 12740 NA
16817 12698 NA
16818 12517 NA
16820 12777 NA
16821 12916 NA
16823 12297 NA
16824 12833 NA
16825 12975 NA
16826 13226 NA
16827 13259 NA
16828 13336 NA
16829 13765 NA
16830 14015 NA
16831 14178 NA
16832 14291 NA
16833 14291 NA
16834 14631 NA
16835 14682 NA
16836 14873 NA
16837 14895 NA
16838 14945 NA
16839 14745 NA
16840 14448 NA
16841 14256 NA
16842 14200 NA
16843 14205 NA
16844 14213 NA
16845 14129 NA
16847 14308 NA
16849 14316 NA
16850 14214 NA
16851 14207 NA
16852 14212 NA
16853 14417 NA
16854 14526 NA
16855 14688 NA
16856 14818 NA
16857 14918 NA
16858 15034 NA
16859 15135 NA
16860 15166 NA
16861 14416 NA
16862 13710 NA
16863 13471 NA
16864 13312 NA
16865 13442 NA
16866 13270 NA
16867 13127 NA
16869 13186 NA
16870 13046 NA
16871 13074 NA
16872 13371 NA
16873 13483 NA
16874 13596 NA
16875 13662 NA
16876 13638 NA
16878 13293 NA
16879 13149 NA
16880 12959 NA
16881 12896 NA
16884 13391 NA
16885 13392 NA
16886 13507 NA
16887 13640 NA
16888 13786 NA
16889 13814 NA
16890 13223 NA
16892 12135 NA
16893 11994 NA
16894 12067 NA
16895 11856 NA
16896 12169 NA
16897 12286 NA
16898 12310 NA
16899 12404 NA
16900 12445 NA
16901 12527 NA
16902 12678 NA
16903 12802 NA
16904 13060 NA
16905 13051 NA
16906 12791 NA
16907 12982 NA
16908 13101 NA
16909 13213 NA
16910 13367 NA
16911 13439 NA
16912 13108 NA
16913 12848 NA
16914 12862 NA
16915 13022 NA
16916 13031 NA
16917 12932 NA
16918 13004 NA
16919 12710 NA
16920 12595 NA
16921 12376 NA
16922 12735 NA
16923 12654 NA
16924 12733 NA
16925 12672 NA
16926 12719 NA
16927 12716 NA
16928 12616 NA
16929 12361 NA
16930 12438 NA
16931 12508 NA
16932 12481 NA
16933 12557 NA
16934 12537 NA
16935 12523 NA
16937 12344 NA
16938 12408 NA
16939 12526 NA
16940 12658 NA
16941 12784 NA
16942 12841 NA
16943 12758 NA
16944 12834 NA
16945 12808 NA
16946 12875 NA
16949 12777 NA
16950 12779 NA
16951 12734 NA
16952 12842 NA
16953 12902 NA
16954 13147 NA
16955 12944 NA
16956 13092 NA
16957 13197 NA
16958 13305 NA
16959 13492 NA
16960 13400 NA
16967 13021 NA
16968 13147 NA
16969 13099 NA
16970 12923 NA
16971 12757 NA
16972 12879 NA
16974 12935 NA
16975 12925 NA
16976 12788 NA
16977 12577 NA
16978 12740 NA
16979 12430 NA
16980 12374 NA
16981 12508 NA
16982 12569 NA
16984 12570 NA
16985 12007 NA
16986 12385 NA
16987 12437 NA
16988 12602 NA
16989 12542 NA
16990 12673 NA
16991 12667 NA
16992 12820 NA
16993 12986 NA
16994 13041 NA
16999 13464 NA
17001 13641 NA
17006 13585 NA
17007 13361 NA
17014 13459 NA
17015 13490 NA
17016 13253 NA
17017 13494 NA
17018 13530 NA
17019 13648 NA
17020 13754 NA
17021 13752 NA
17022 13755 NA
17023 13715 NA
17024 13668 NA
17025 13403 NA
17026 13269 NA
17027 13556 NA
17028 13705 NA
17029 13679 NA
17031 13901 NA
17032 13893 NA
17033 14028 NA
17034 14056 NA
17035 14056 NA
17036 13694 NA
17037 13766 NA
17038 13937 NA
17039 14184 NA
17040 14212 NA
17042 13990 NA
17044 13675 NA
17045 14098 NA
17046 14185 NA
17047 14216 NA
17048 14207 NA
17049 14282 NA
17050 14390 NA
17051 14395 NA
17052 14435 NA
17053 14437 NA
17054 14603 NA
17055 14413 NA
17056 14077 NA
17057 13778 NA
17058 14203 NA
17059 14506 NA
17060 14447 NA
17061 14348 NA
17062 14188 NA
17063 13981 NA
17064 13823 NA
17069 13900 NA
17070 13725 NA
17071 13041 NA
17072 12625 NA
17073 12510 NA
17075 12286 NA
17076 12130 NA
17077 12167 NA
17078 12373 NA
17079 12347 NA
17080 12105 NA
17081 12090 NA
17083 12023 NA
17084 12055 NA
17085 12063 NA
17086 12248 NA
17087 12315 NA
17088 12363 NA
17089 12299 NA
17091 12112 NA
17092 12333 NA
17093 12461 NA
17094 12387 NA
17095 12200 NA
17096 12098 NA
17097 12083 NA
17098 11988 NA
17099 11898 NA
17100 11874 NA
17101 11862 NA
17102 12007 NA
17103 12119 NA
17104 12089 NA
17105 12093 NA
17106 11974 NA
17107 12077 NA
17108 12176 NA
17109 12311 NA
17110 12165 NA
17111 12094 NA
17112 12000 NA
17113 11953 NA
17114 12116 NA
17115 12118 NA
17117 12173 NA
17118 12036 NA
17123 12293 NA
17124 12333 NA
17125 12329 NA
17126 12311 NA
17127 12391 NA
17129 12411 NA
17130 12504 NA
17131 12479 NA
17132 12508 NA
17133 12386 NA
17134 12517 NA
17135 12505 NA
17136 12502 NA
17138 12546 NA
17139 12620 NA
17140 12496 NA
17141 12719 NA
17142 12452 NA
17143 12649 NA
17144 12718 NA
17145 12620 NA
17146 12576 NA
17147 12672 NA
