"Index" "Price" "Volume"
14019 474800 NA
14020 483700 NA
14021 494100 NA
14022 494100 NA
14023 485100 NA
14024 485100 NA
14025 469900 NA
14026 469900 NA
14027 455800 NA
14028 455800 NA
14029 453200 NA
14030 453200 NA
14031 456500 NA
14032 462300 NA
14033 467700 NA
14034 470900 NA
14035 476200 NA
14036 478900 NA
14037 477900 NA
14038 475200 NA
14039 469800 NA
14040 469800 NA
14041 464800 NA
14042 462100 NA
14043 461000 NA
14044 456500 NA
14045 451100 NA
14046 451100 NA
14047 443900 NA
14048 439100 NA
14049 447700 NA
14050 458000 NA
14051 458000 NA
14052 466400 NA
14053 475900 NA
14054 475900 NA
14055 473100 NA
14056 467400 NA
14057 461800 NA
14058 454900 NA
14059 446600 NA
14060 440800 NA
14061 437300 NA
14062 455900 NA
14063 455900 NA
14064 459500 NA
14065 459800 NA
14066 457100 NA
14067 454100 NA
14068 452700 NA
14069 452900 NA
14070 452900 NA
14071 450800 NA
14072 447100 NA
14073 443000 NA
14074 434700 NA
14075 434700 NA
14076 430100 NA
14077 430100 NA
14078 430100 NA
14079 435800 NA
14080 440600 NA
14081 446700 NA
14082 444800 NA
14083 437000 NA
14084 432600 NA
14085 420500 NA
14086 420500 NA
14087 413900 NA
14088 417450 NA
14089 421000 NA
14090 428300 NA
14091 443400 NA
14092 443400 NA
14093 441300 NA
14094 437000 NA
14095 440200 NA
14096 443000 NA
14097 443000 NA
14098 442900 NA
14099 433200 NA
14100 424400 NA
14101 415700 NA
14102 411600 NA
14103 419800 NA
14104 432200 NA
14105 438300 NA
14106 442200 NA
14107 447800 NA
14108 454100 NA
14109 446000 NA
14110 434700 NA
14111 425000 NA
14112 425000 NA
14113 419000 NA
14114 410000 NA
14115 410000 NA
14116 416000 NA
14117 420700 NA
14118 428300 NA
14119 433400 NA
14120 420100 NA
14121 379800 NA
14122 360900 NA
14123 360900 NA
14124 342900 NA
14125 325800 NA
14126 305100 NA
14127 316300 NA
14128 316300 NA
14129 343600 NA
14130 350000 NA
14131 350000 NA
14132 349600 NA
14133 348800 NA
14134 350200 NA
14135 346300 NA
14136 328900 NA
14137 324100 NA
14138 324100 NA
14139 320900 NA
14140 343600 NA
14141 344100 NA
14142 344100 NA
14143 332900 NA
14144 324700 NA
14145 320400 NA
14146 329100 NA
14147 345000 NA
14148 350400 NA
14149 334500 NA
14150 334500 NA
14151 338300 NA
14152 329700 NA
14153 315500 NA
14154 304500 NA
14155 293200 NA
14156 274900 NA
14157 274900 NA
14158 280300 NA
14159 288200 NA
14160 287500 NA
14161 287500 NA
14162 281200 NA
14163 276300 NA
14164 274800 NA
14165 276000 NA
14166 281100 NA
14167 280000 NA
14168 275900 NA
14169 268400 NA
14170 264000 NA
14171 262700 NA
14172 262700 NA
14173 264800 NA
14174 265300 NA
14175 258500 NA
14176 258500 NA
14177 247800 NA
14178 247800 NA
14179 245100 NA
14180 247700 NA
14181 253100 NA
14182 249700 NA
14183 245100 NA
14184 242800 NA
14185 248200 NA
14186 244300 NA
14187 243800 NA
14188 243800 NA
14189 244500 NA
14190 241400 NA
14191 240800 NA
14192 238500 NA
14193 234200 NA
14194 232800 NA
14195 230400 NA
14196 226500 NA
14197 223400 NA
14198 220700 NA
14199 219400 NA
14200 217500 NA
14201 215400 NA
14202 215400 NA
14203 214100 NA
14204 211800 NA
14205 211800 NA
14206 214400 NA
14207 207500 NA
14208 203200 NA
14209 203200 NA
14210 199200 NA
14211 195400 NA
14212 195400 NA
14213 194300 NA
14214 191900 NA
14215 190500 NA
14216 188400 NA
14217 186800 NA
14218 188600 NA
14219 195000 NA
14220 200900 NA
14221 211200 NA
14222 211200 NA
14223 217100 NA
14224 232400 NA
14225 232400 NA
14226 239900 NA
14227 234000 NA
14228 224800 NA
14229 215100 NA
14230 207100 NA
14231 194700 NA
14232 195500 NA
14233 195500 NA
14234 196200 NA
14235 200400 NA
14236 206400 NA
14237 211700 NA
14238 211700 NA
14239 218400 NA
14240 218400 NA
14241 224100 NA
14242 226200 NA
14243 226000 NA
14244 225100 NA
14245 225100 NA
14246 223300 NA
14247 222200 NA
14248 220700 NA
14249 217700 NA
14250 213700 NA
14251 211100 NA
14252 206700 NA
14253 203400 NA
14254 202300 NA
14255 202300 NA
14256 204400 NA
14257 210800 NA
14258 210800 NA
14259 213000 NA
14260 213800 NA
14261 218400 NA
14262 221200 NA
14263 221200 NA
14264 224200 NA
14265 226400 NA
14266 226400 NA
14267 224900 NA
14268 224900 NA
14269 227800 NA
14270 227800 NA
14271 226400 NA
14272 223400 NA
14273 223400 NA
14274 220200 NA
14275 224000 NA
14276 228100 NA
14277 228100 NA
14278 230800 NA
14279 235800 NA
14280 257200 NA
14281 257200 NA
14282 279900 NA
14283 279900 NA
14284 285300 NA
14285 264600 NA
14286 264600 NA
14287 256000 NA
14288 250500 NA
14289 251000 NA
14290 253900 NA
14291 258100 NA
14292 257600 NA
14293 257600 NA
14294 243400 NA
14295 243400 NA
14296 233000 NA
14297 233000 NA
14298 237700 NA
14299 237300 NA
14300 231300 NA
14301 223400 NA
14302 215700 NA
14303 219000 NA
14304 226000 NA
14305 234700 NA
14306 240200 NA
14307 235800 NA
14308 235800 NA
14309 230200 NA
14310 229000 NA
14311 233000 NA
14312 232700 NA
14313 231700 NA
14314 231700 NA
14315 230200 NA
14316 233400 NA
14317 233400 NA
14318 238400 NA
14319 245600 NA
14320 246200 NA
14321 238500 NA
14322 230600 NA
14323 224900 NA
14324 225300 NA
14325 228200 NA
14326 229000 NA
14327 226100 NA
14328 223000 NA
14329 219400 NA
14330 218600 NA
14331 218600 NA
14332 223800 NA
14333 223600 NA
14334 221200 NA
14335 218800 NA
14336 219100 NA
14337 219100 NA
14338 220400 NA
14339 224000 NA
14340 224000 NA
14341 222900 NA
14342 222500 NA
14343 222200 NA
14344 221200 NA
14345 220800 NA
14346 215200 NA
14347 213100 NA
14348 213100 NA
14349 210600 NA
14350 210000 NA
14351 210000 NA
14352 211800 NA
14353 218600 NA
14354 218600 NA
14355 220700 NA
14356 221200 NA
14357 219900 NA
14358 218800 NA
14359 219100 NA
14360 222800 NA
14361 226500 NA
14362 235100 NA
14363 236300 NA
14364 236300 NA
14365 229700 NA
14366 220800 NA
14367 229500 NA
14368 229500 NA
14369 229500 NA
14370 224300 NA
14371 219300 NA
14372 213500 NA
14373 213500 NA
14374 208700 NA
14375 204700 NA
14376 205100 NA
14377 202700 NA
14378 194200 NA
14379 192600 NA
14380 192600 NA
14381 197800 NA
14382 205200 NA
14383 212600 NA
14384 217600 NA
14385 213900 NA
14386 207500 NA
14387 205600 NA
14388 208600 NA
14389 214400 NA
14390 215500 NA
14391 215500 NA
14392 216300 NA
14393 216300 NA
14394 217700 NA
14395 217700 NA
14396 214800 NA
14397 211700 NA
14398 211700 NA
14399 210000 NA
14400 211100 NA
14401 211100 NA
14402 210100 NA
14403 204200 NA
14404 201200 NA
14405 208900 NA
14406 214100 NA
14407 218700 NA
14408 218700 NA
14409 225100 NA
14410 231100 NA
14411 236600 NA
14412 254800 NA
14413 263500 NA
14414 263500 NA
14415 257800 NA
14416 246700 NA
14417 235900 NA
14418 228900 NA
14419 235700 NA
14420 243700 NA
14421 243700 NA
14422 247600 NA
14423 256800 NA
14424 256800 NA
14425 263500 NA
14426 270800 NA
14427 281800 NA
14428 294800 NA
14429 323000 NA
14430 323000 NA
14431 327400 NA
14432 308800 NA
14433 315100 NA
14434 315100 NA
14435 326500 NA
14436 342800 NA
14437 342800 NA
14438 346500 NA
14439 351800 NA
14440 356200 NA
14441 342500 NA
14442 325900 NA
14443 311100 NA
14444 329800 NA
14445 329800 NA
14446 341000 NA
14447 357500 NA
14448 357500 NA
14449 362500 NA
14450 370700 NA
14451 375900 NA
14452 390300 NA
14453 390300 NA
14454 387100 NA
14455 387100 NA
14456 391500 NA
14457 400900 NA
14458 405600 NA
14459 409200 NA
14460 407900 NA
14461 398600 NA
14462 384100 NA
14463 372000 NA
14464 364500 NA
14465 372700 NA
14466 385300 NA
14467 395400 NA
14468 404100 NA
14469 402300 NA
14470 397800 NA
14471 395400 NA
14472 396600 NA
14473 396600 NA
14474 396100 NA
14475 393500 NA
14476 393500 NA
14477 386300 NA
14478 386300 NA
14479 384700 NA
14480 388900 NA
14481 407200 NA
14482 407200 NA
14483 413500 NA
14484 413500 NA
14485 421900 NA
14486 429200 NA
14487 432700 NA
14488 435100 NA
14489 419200 NA
14490 409600 NA
14491 409600 NA
14492 410700 NA
14493 417900 NA
14494 432900 NA
14495 432900 NA
14496 437000 NA
14497 438000 NA
14498 432200 NA
14499 422700 NA
14500 424000 NA
14501 428200 NA
14502 432300 NA
14503 445300 NA
14504 455900 NA
14505 455900 NA
14506 464600 NA
14507 476500 NA
14508 495400 NA
14509 504800 NA
14510 494100 NA
14511 470600 NA
14512 443000 NA
14513 443000 NA
14514 445500 NA
14515 485300 NA
14516 485300 NA
14517 501100 NA
14518 501100 NA
14519 490400 NA
14520 490400 NA
14521 501900 NA
14522 490000 NA
14523 490000 NA
14524 488600 NA
14525 491900 NA
14526 485400 NA
14527 467100 NA
14528 462200 NA
14529 462200 NA
14530 478100 NA
14531 478100 NA
14532 499400 NA
14533 514100 NA
14534 514100 NA
14535 548800 NA
14536 562600 NA
14537 570400 NA
14538 568300 NA
14539 540700 NA
14540 540700 NA
14541 519600 NA
14542 490200 NA
14543 492700 NA
14544 492700 NA
14545 450500 NA
14546 450500 NA
14547 428700 NA
14548 428800 NA
14549 447100 NA
14550 462600 NA
14551 480300 NA
14552 494600 NA
14553 497700 NA
14554 497700 NA
14555 470600 NA
14556 470600 NA
14557 462600 NA
14558 477300 NA
14559 474200 NA
14560 474200 NA
14561 478600 NA
14562 483200 NA
14563 487300 NA
14564 500500 NA
14565 509800 NA
14566 504000 NA
14567 504000 NA
14568 493800 NA
14569 493000 NA
14570 496500 NA
14571 496500 NA
14572 503400 NA
14573 512900 NA
14574 517600 NA
14575 511800 NA
14576 504500 NA
14577 509100 NA
14578 527000 NA
14579 527000 NA
14580 525600 NA
14581 515900 NA
14582 502900 NA
14583 502900 NA
14584 515100 NA
14585 518800 NA
14586 518800 NA
14587 516900 NA
14588 505100 NA
14589 505100 NA
14590 499300 NA
14591 507700 NA
14592 513800 NA
14593 517400 NA
14594 519800 NA
14595 519100 NA
14596 519100 NA
14597 520600 NA
14598 522000 NA
14599 528900 NA
14600 528900 NA
14601 523900 NA
14602 527000 NA
14603 529200 NA
14604 536800 NA
14605 541200 NA
14606 541200 NA
14607 552100 NA
14608 552100 NA
14609 561300 NA
14610 570100 NA
14611 564600 NA
14612 545100 NA
14613 513800 NA
14614 512600 NA
14615 512600 NA
14616 522400 NA
14617 548000 NA
14618 555600 NA
14619 561000 NA
14620 561000 NA
14621 555600 NA
14622 555600 NA
14623 540600 NA
14624 540600 NA
14625 541300 NA
14626 543600 NA
14627 543600 NA
14628 540900 NA
14629 534000 NA
14630 534000 NA
14631 521900 NA
14632 521900 NA
14633 511900 NA
14634 511900 NA
14635 510700 NA
14636 511400 NA
14637 521500 NA
14638 528200 NA
14639 523200 NA
14640 521200 NA
14641 521100 NA
14642 521100 NA
14643 520400 NA
14644 520400 NA
14645 518200 NA
14646 517900 NA
14647 519400 NA
14648 516800 NA
14649 516800 NA
14650 497900 NA
14651 491700 NA
14653 486000 NA
14654 492600 NA
14655 499900 NA
14656 499900 NA
14657 502000 NA
14658 513600 NA
14659 516000 NA
14660 516000 NA
14661 521700 NA
14662 535600 NA
14663 535600 NA
14664 533900 NA
14665 528900 NA
14666 524100 NA
14667 524100 NA
14668 515900 NA
14669 505700 NA
14670 485500 NA
14671 461700 NA
14672 439500 NA
14673 439500 NA
14674 452500 NA
14675 468900 NA
14676 476100 NA
14677 477900 NA
14678 478800 NA
14679 468700 NA
14680 462000 NA
14681 482500 NA
14682 499500 NA
14683 494700 NA
14684 494700 NA
14685 492600 NA
14686 496000 NA
14687 503500 NA
14688 506700 NA
14689 511800 NA
14690 518600 NA
14691 516500 NA
14692 516500 NA
14693 501100 NA
14694 495500 NA
14695 495500 NA
14696 497200 NA
14697 500900 NA
14698 500300 NA
14699 494000 NA
14700 487600 NA
14701 486000 NA
14702 487300 NA
14703 488900 NA
14704 487100 NA
14705 476600 NA
14706 476600 NA
14707 472700 NA
14708 474500 NA
14709 474500 NA
14710 475100 NA
14711 472300 NA
14712 455200 NA
14713 455200 NA
14714 444200 NA
14715 437000 NA
14716 437000 NA
14717 449100 NA
14718 449400 NA
14719 449400 NA
14720 447100 NA
14721 447100 NA
14722 455800 NA
14723 455800 NA
14724 457200 NA
14725 455100 NA
14726 453700 NA
14727 449300 NA
14728 449300 NA
14729 446100 NA
14730 444300 NA
14731 443700 NA
14732 438100 NA
14733 438100 NA
14734 428400 NA
14735 428400 NA
14736 423500 NA
14737 423500 NA
14738 429200 NA
14739 429200 NA
14740 426800 NA
14741 427100 NA
14742 427100 NA
14743 427500 NA
14744 432300 NA
14745 437200 NA
14746 438100 NA
14747 436800 NA
14748 432600 NA
14749 432600 NA
14750 428900 NA
14751 429900 NA
14752 432400 NA
14753 432000 NA
14754 430100 NA
14755 425700 NA
14756 425700 NA
14757 425200 NA
14758 431200 NA
14759 430500 NA
14760 425600 NA
14761 419300 NA
14762 417200 NA
14763 417200 NA
14764 418600 NA
14765 422200 NA
14766 424800 NA
14767 423400 NA
14768 422100 NA
14769 419800 NA
14770 422000 NA
14771 424700 NA
14772 424700 NA
14773 424700 NA
14774 424400 NA
14775 428500 NA
14776 430300 NA
14777 430300 NA
14778 432900 NA
14779 432900 NA
14780 431300 NA
14781 433200 NA
14782 436700 NA
14783 436700 NA
14784 445500 NA
14785 445500 NA
14786 450800 NA
14787 454200 NA
14788 457500 NA
14789 457800 NA
14790 454000 NA
14791 454000 NA
14792 450000 NA
14793 446600 NA
14794 448400 NA
14795 444000 NA
14796 444000 NA
14797 444400 NA
14798 446700 NA
14799 447500 NA
14800 447500 NA
14801 446900 NA
14802 446700 NA
14803 445700 NA
14804 445700 NA
14805 445200 NA
14806 445200 NA
14807 444600 NA
14808 445100 NA
14809 443800 NA
14810 442700 NA
14811 442700 NA
14812 443100 NA
14813 449600 NA
14814 449600 NA
14815 460400 NA
14816 465100 NA
14817 462800 NA
14818 461900 NA
14819 468100 NA
14820 468100 NA
14821 472300 NA
14822 472400 NA
14823 469000 NA
14824 469000 NA
14825 465400 NA
14826 446700 NA
14827 446700 NA
14828 442200 NA
14829 444800 NA
14830 447400 NA
14831 449800 NA
14832 470100 NA
14833 470100 NA
14834 477600 NA
14835 485900 NA
14836 492700 NA
14837 506000 NA
14838 514100 NA
14839 514100 NA
14840 507200 NA
14841 507200 NA
14842 493700 NA
14843 471300 NA
14844 450500 NA
14845 432200 NA
14846 423000 NA
14847 434900 NA
14848 433200 NA
14849 433200 NA
14850 435100 NA
14851 454400 NA
14852 461200 NA
14853 455500 NA
14854 455500 NA
14855 440700 NA
14856 426500 NA
14857 446600 NA
14858 446600 NA
14859 439300 NA
14860 439300 NA
14861 431400 NA
14862 433000 NA
14863 439000 NA
14864 441100 NA
14865 439700 NA
14866 433500 NA
14867 433500 NA
14868 433100 NA
14869 435500 NA
14870 446100 NA
14871 446100 NA
14872 444700 NA
14873 444700 NA
14874 432000 NA
14875 432000 NA
14876 429300 NA
14877 430200 NA
14878 431600 NA
14879 430500 NA
14880 429700 NA
14881 429700 NA
14882 429700 NA
14883 429700 NA
14884 428600 NA
14885 427400 NA
14886 427700 NA
14887 426200 NA
14888 425800 NA
14889 426200 NA
14890 429000 NA
14891 429000 NA
14892 429700 NA
14893 429500 NA
14894 429500 NA
14895 429300 NA
14896 421100 NA
14897 413200 NA
14898 413200 NA
14899 407800 NA
14900 405400 NA
14901 407100 NA
14902 407100 NA
14903 411000 NA
14904 411000 NA
14905 409200 NA
14906 408300 NA
14907 409200 NA
14908 409200 NA
14909 408900 NA
14910 409300 NA
14911 411000 NA
14912 414600 NA
14913 418300 NA
14914 419500 NA
14915 419500 NA
14916 419900 NA
14917 420200 NA
14918 420900 NA
14920 425100 NA
14921 430900 NA
14922 425600 NA
14923 425600 NA
14924 417300 NA
14925 415600 NA
14926 413800 NA
14927 414200 NA
14928 401000 NA
14929 401000 NA
14930 370800 NA
14931 370800 NA
14932 371900 NA
14933 386900 NA
14934 389300 NA
14935 389300 NA
14936 390100 NA
14937 388500 NA
14938 381400 NA
14939 376700 NA
14940 379300 NA
14941 388300 NA
14942 388300 NA
14943 392300 NA
14944 397000 NA
14945 399200 NA
14946 399200 NA
14947 408900 NA
14948 423200 NA
14949 448400 NA
14950 448400 NA
14951 456800 NA
14952 444000 NA
14953 444000 NA
14954 438600 NA
14955 452800 NA
14956 470700 NA
14957 492400 NA
14958 516700 NA
14959 537900 NA
14960 530900 NA
14961 530900 NA
14962 479600 NA
14963 479600 NA
14964 459500 NA
14965 431700 NA
14966 418200 NA
14967 406200 NA
14968 406200 NA
14969 396500 NA
14970 383300 NA
14971 372500 NA
14972 372600 NA
14973 373700 NA
14974 389800 NA
14975 389800 NA
14976 407500 NA
14977 418600 NA
14979 412200 NA
14981 382300 NA
14983 366400 NA
14984 367400 NA
14986 377700 NA
14987 391100 NA
14989 398700 NA
14990 409100 NA
14991 431300 NA
14992 437700 NA
14993 444700 NA
14995 451400 NA
14996 455300 NA
14998 468200 NA
14999 477774 NA
15001 464100 NA
15003 445700 NA
15005 425700 NA
15007 405800 NA
15008 385600 NA
15009 366400 NA
15011 322000 NA
15013 318600 NA
15014 323300 NA
15016 348000 NA
15018 309800 NA
15019 310600 NA
15020 334100 NA
15021 334100 NA
15023 370400 NA
15025 384900 NA
15026 385300 NA
15028 357200 NA
15029 322900 NA
15031 308000 NA
15032 286200 NA
15033 279300 NA
15035 270900 NA
15036 275100 NA
15037 275100 NA
15038 279300 NA
15039 299677 NA
15042 309400 NA
15044 276900 NA
15046 272500 NA
15047 284000 NA
15048 296500 NA
15050 317600 NA
15052 338400 NA
15054 348200 NA
15055 353400 NA
15058 326900 NA
15060 320300 NA
15061 317300 NA
15063 314200 NA
15064 322500 NA
15066 325400 NA
15067 328300 NA
15068 334600 NA
15070 344500 NA
15072 364900 NA
15073 368700 NA
15076 383800 NA
15078 395200 NA
15080 402900 NA
15081 412600 NA
15082 425500 NA
15084 455200 NA
15085 468600 NA
15086 477100 NA
15087 471300 NA
15088 455100 NA
15089 440100 NA
15090 426100 NA
15091 415300 NA
15093 384500 NA
15094 379500 NA
15095 367200 NA
15096 358300 NA
15097 354300 NA
15098 350200 NA
15100 355200 NA
15101 365600 NA
15102 358500 NA
15103 334200 NA
15105 327600 NA
15106 313900 NA
15107 298800 NA
15109 279700 NA
15110 275700 NA
15112 283500 NA
15114 297000 NA
15115 299800 NA
15116 296300 NA
15119 286600 NA
15120 281900 NA
15121 280200 NA
15123 266600 NA
15124 261800 NA
15125 257300 NA
15126 260400 NA
15128 264200 NA
15130 273500 NA
15131 279600 NA
15132 285900 NA
15133 293700 NA
15135 306339 NA
15136 306300 NA
15137 310600 NA
15138 309600 NA
15140 301000 NA
15142 286900 NA
15143 279500 NA
15144 275000 NA
15145 276700 NA
15146 292531 NA
15149 307500 NA
15150 305100 NA
15151 306500 NA
15152 307600 NA
15153 299639 NA
15156 286600 NA
15157 280400 NA
15158 280900 NA
15159 283800 NA
15161 289700 NA
15163 289900 NA
15164 286600 NA
15165 286200 NA
15166 289200 NA
15168 292100 NA
15170 298900 NA
15172 306700 NA
15173 308100 NA
15175 307800 NA
15177 310000 NA
15178 315100 NA
15179 312900 NA
15182 310500 NA
15184 312700 NA
15185 313000 NA
15186 307400 NA
15187 293700 NA
15189 284700 NA
15190 274516 NA
15191 270870 NA
15193 274500 NA
15194 273700 NA
15196 287800 NA
15197 294500 NA
15199 286600 NA
15204 260400 NA
15207 254600 NA
15208 250400 NA
15210 246600 NA
15212 239500 NA
15214 238100 NA
15215 235000 NA
15217 216700 NA
15219 211500 NA
15220 213200 NA
15221 215100 NA
15222 221600 NA
15224 241200 NA
15226 256200 NA
15227 238900 NA
15229 235600 NA
15231 236000 NA
15232 234400 NA
15233 230900 NA
15235 235600 NA
15238 245100 NA
15240 238400 NA
15242 222400 NA
15243 218800 NA
15244 218400 NA
15247 233800 NA
15248 242600 NA
15249 242600 NA
15250 238400 NA
15252 232300 NA
15254 230600 NA
15256 230400 NA
15257 237700 NA
15258 243500 NA
15259 246100 NA
15261 237300 NA
15263 223700 NA
15264 225500 NA
15266 230800 NA
15268 236400 NA
15270 236800 NA
15271 246800 NA
15273 281206 NA
15275 309033 NA
15277 324000 NA
15280 312000 NA
15281 299800 NA
15282 285346 NA
15283 272200 NA
15284 265600 NA
15285 265800 NA
15287 261200 NA
15289 255300 NA
15291 227800 NA
15294 216700 NA
15296 219000 NA
15297 233300 NA
15299 240100 NA
15302 257600 NA
15303 262400 NA
15304 256400 NA
15306 245100 NA
15307 235200 NA
15308 225700 NA
15310 227200 NA
15312 238300 NA
15313 250644 NA
15314 257305 NA
15315 256156 NA
15316 255885 NA
15317 254795 NA
15318 247524 NA
15319 241795 NA
15320 242382 NA
15321 244586 NA
15322 246151 NA
15323 244682 NA
15324 243632 NA
15325 239370 NA
15326 237276 NA
15327 238856 NA
15328 239065 NA
15329 239934 NA
15330 242628 NA
15331 247176 NA
15332 249933 NA
15333 252935 NA
15334 250901 NA
15335 246074 NA
15336 241935 NA
15337 238503 NA
15338 243441 NA
15339 250535 NA
15340 252291 NA
15341 253678 NA
15342 265646 NA
15343 278886 NA
15344 292774 NA
15345 305629 NA
15346 302274 NA
15347 289125 NA
15348 275853 NA
15349 262591 NA
15350 249927 NA
15351 238334 NA
15352 228840 NA
15353 220573 NA
15354 216458 NA
15355 216878 NA
15356 223415 NA
15357 226245 NA
15358 220234 NA
15359 214550 NA
15360 208497 NA
15361 210744 NA
15362 212666 NA
15363 218846 NA
15364 224142 NA
15365 230579 NA
15366 233763 NA
15367 233604 NA
15368 230237 NA
15369 234257 NA
15370 239037 NA
15371 231533 NA
15372 225950 NA
15373 219600 NA
15374 214910 NA
15375 209487 NA
15376 211594 NA
15377 210475 NA
15378 219526 NA
15379 229370 NA
15380 238931 NA
15381 248296 NA
15382 258786 NA
15383 267820 NA
15384 269951 NA
15385 269986 NA
15386 266084 NA
15387 257652 NA
15388 248332 NA
15389 269926 NA
15390 260664 NA
15391 252409 NA
15392 249301 NA
15393 246426 NA
15394 245137 NA
15395 244582 NA
15396 241615 NA
15397 237256 NA
15398 234768 NA
15399 232445 NA
15400 224374 NA
15401 215603 NA
15402 207123 NA
15403 200940 NA
15404 197518 NA
15405 196087 NA
15406 191923 NA
15407 197770 NA
15408 205856 NA
15409 214344 NA
15410 223429 NA
15411 233983 NA
15412 244307 NA
15413 253824 NA
15414 261704 NA
15415 261566 NA
15416 257263 NA
15417 263374 NA
15418 261162 NA
15419 256016 NA
15420 258297 NA
15421 256528 NA
15422 256133 NA
15423 255738 NA
15424 255343 NA
15425 254948 NA
15426 254553 NA
15427 263078 NA
15428 271806 NA
15429 278305 NA
15430 281756 NA
15431 274152 NA
15432 266053 NA
15433 265716 NA
15434 260754 NA
15435 262214 NA
15436 267257 NA
15437 264531 NA
15438 259954 NA
15439 253210 NA
15440 251906 NA
15441 243255 NA
15442 237903 NA
15443 235188 NA
15444 233650 NA
15445 234517 NA
15446 235376 NA
15447 233117 NA
15448 233692 NA
15449 233146 NA
15450 233255 NA
15451 235640 NA
15452 239455 NA
15453 243581 NA
15454 244372 NA
15455 250512 NA
15456 249725 NA
15457 248669 NA
15458 247710 NA
15459 246745 NA
15460 247756 NA
15461 247014 NA
15462 248069 NA
15463 247302 NA
15464 249496 NA
15465 251219 NA
15466 245834 NA
15467 245621 NA
15468 248242 NA
15469 247528 NA
15470 249885 NA
15471 248131 NA
15472 246946 NA
15473 243118 NA
15474 237659 NA
15475 236985 NA
15476 239695 NA
15477 239489 NA
15478 240845 NA
15479 238495 NA
15480 232268 NA
15481 221938 NA
15482 211066 NA
15483 206565 NA
15484 201667 NA
15485 199504 NA
15486 196259 NA
15487 197364 NA
15488 199162 NA
15489 199390 NA
15490 200905 NA
15491 204999 NA
15492 208168 NA
15493 210824 NA
15494 214041 NA
15495 218829 NA
15496 226279 NA
15497 232389 NA
15498 237678 NA
15499 242896 NA
15500 239558 NA
15501 234116 NA
15502 232830 NA
15503 235957 NA
15504 243713 NA
15505 251251 NA
15506 257401 NA
15507 265367 NA
15508 273037 NA
15509 267541 NA
15510 258748 NA
15511 257853 NA
15512 258584 NA
15513 260122 NA
15514 254901 NA
15515 249294 NA
15516 246039 NA
15517 250141 NA
15518 252250 NA
15519 258581 NA
15520 259286 NA
15521 257821 NA
15522 255711 NA
15523 251016 NA
15524 245729 NA
15525 243746 NA
15526 238662 NA
15527 237770 NA
15528 237705 NA
15529 238510 NA
15530 239449 NA
15531 239996 NA
15532 242948 NA
15533 246687 NA
15534 250127 NA
15535 251962 NA
15536 250678 NA
15537 249856 NA
15538 249066 NA
15539 245918 NA
15540 243404 NA
15541 240325 NA
15542 235430 NA
15543 229755 NA
15544 225797 NA
15545 223329 NA
15546 222267 NA
15547 223211 NA
15548 225227 NA
15549 229551 NA
15550 232866 NA
15551 237133 NA
15552 236395 NA
15553 234984 NA
15554 231451 NA
15555 231181 NA
15556 228802 NA
15557 232325 NA
15558 233181 NA
15559 231005 NA
15560 229775 NA
15561 230372 NA
15562 228296 NA
15563 227031 NA
15564 229877 NA
15565 235569 NA
15566 236349 NA
15567 230688 NA
15568 222417 NA
15569 215092 NA
15570 209164 NA
15571 203433 NA
15572 201592 NA
15573 193686 NA
15574 191228 NA
15575 194881 NA
15576 200670 NA
15577 207542 NA
15578 210841 NA
15579 207949 NA
15580 204018 NA
15581 202733 NA
15582 199002 NA
15583 203776 NA
15584 210823 NA
15585 216634 NA
15586 222993 NA
15587 230435 NA
15588 240754 NA
15589 249573 NA
15590 259172 NA
15591 265121 NA
15592 275828 NA
15593 284162 NA
15594 285603 NA
15595 279447 NA
15596 277178 NA
15597 269787 NA
15598 261076 NA
15599 255239 NA
15600 248451 NA
15601 245987 NA
15602 240702 NA
15603 234845 NA
15604 228520 NA
15605 226802 NA
15606 229442 NA
15607 233725 NA
15608 233259 NA
15609 231970 NA
15610 228558 NA
15611 228860 NA
15612 230493 NA
15613 232982 NA
15614 237126 NA
15615 241821 NA
15616 248447 NA
15617 257285 NA
15618 267081 NA
15619 277290 NA
15620 288280 NA
15621 299348 NA
15622 307917 NA
15623 315826 NA
15624 323397 NA
15625 324631 NA
15626 313613 NA
15627 305338 NA
15628 300674 NA
15629 300298 NA
15630 298227 NA
15631 304180 NA
15632 311247 NA
15633 319055 NA
15634 329327 NA
15635 338059 NA
15636 347270 NA
15637 355408 NA
15638 355408 NA
15639 362394 NA
15640 364773 NA
15641 360189 NA
15642 352572 NA
15643 355666 NA
15644 364268 NA
15645 373820 NA
15646 381271 NA
15647 393683 NA
15648 407865 NA
15649 420142 NA
15650 442048 NA
15651 463953 NA
15652 485859 NA
15653 507765 NA
15654 529670 NA
15655 551576 NA
15656 573481 NA
15657 595387 NA
15658 623387 NA
15659 654557 NA
15660 685089 NA
15661 716620 NA
15662 747957 NA
15663 785355 NA
15664 824623 NA
15665 865855 NA
15666 908617 NA
15667 954048 NA
15668 1000461 NA
15669 1023499 NA
15670 976045 NA
15671 927919 NA
15672 887495 NA
15673 843120 NA
15674 805258 NA
15675 767122 NA
15676 730200 NA
15677 693690 NA
15678 659005 NA
15679 626054 NA
15680 594751 NA
15681 565393 NA
15682 540521 NA
15683 515730 NA
15684 492273 NA
15685 470084 NA
15686 457910 NA
15687 455270 NA
15688 450963 NA
15689 440764 NA
15690 446434 NA
15691 447197 NA
15692 453786 NA
15693 470228 NA
15694 491386 NA
15695 507341 NA
15696 501273 NA
15697 509492 NA
15698 520498 NA
15699 534553 NA
15700 534553 NA
15701 539257 NA
15702 548482 NA
15703 548506 NA
15704 541418 NA
15705 541437 NA
15706 543243 NA
15707 560097 NA
15708 576624 NA
15709 597533 NA
15710 616486 NA
15711 615872 NA
15712 604217 NA
15713 593027 NA
15714 570720 NA
15715 570720 NA
15716 543359 NA
15717 521719 NA
15718 504554 NA
15719 505656 NA
15720 525757 NA
15721 537289 NA
15722 522752 NA
15723 511977 NA
15724 524582 NA
15725 528954 NA
15726 509061 NA
15727 497146 NA
15728 497146 NA
15729 481436 NA
15730 463883 NA
15731 448000 NA
15732 438607 NA
15733 424617 NA
15734 415441 NA
15735 415486 NA
15736 404723 NA
15737 392145 NA
15738 382753 NA
15739 385838 NA
15740 386401 NA
15741 390920 NA
15742 397965 NA
15743 409173 NA
15744 409300 NA
15745 418046 NA
15746 423926 NA
15747 436725 NA
15748 448646 NA
15749 457021 NA
15750 468210 NA
15751 477448 NA
15752 483716 NA
15753 494139 NA
15754 502303 NA
15755 502247 NA
15756 500283 NA
15757 488080 NA
15758 482611 NA
15759 462348 NA
15760 455944 NA
15761 439179 NA
15762 431225 NA
15763 418059 NA
15764 401854 NA
15765 401854 NA
15766 389587 NA
15767 394821 NA
15768 387357 NA
15769 391953 NA
15770 394657 NA
15771 405194 NA
15772 414524 NA
15773 419795 NA
15774 430038 NA
15775 443085 NA
15776 457922 NA
15777 473244 NA
15778 479788 NA
15779 479530 NA
15780 476922 NA
15781 469440 NA
15782 471518 NA
15783 462563 NA
15784 448341 NA
15785 432231 NA
15786 415982 NA
15787 401686 NA
15788 398753 NA
15789 408889 NA
15790 421377 NA
15791 425563 NA
15792 427427 NA
15793 429475 NA
15794 433929 NA
15795 442579 NA
15796 452932 NA
15797 457400 NA
15798 457878 NA
15799 458356 NA
15800 458834 NA
15801 459312 NA
15802 459790 NA
15803 460268 NA
15804 460746 NA
15805 454103 NA
15806 454103 NA
15807 448707 NA
15808 436896 NA
15809 429363 NA
15810 422860 NA
15811 421595 NA
15812 421595 NA
15813 424986 NA
15814 425153 NA
15815 417944 NA
15816 409543 NA
15817 403212 NA
15818 403212 NA
15819 403846 NA
15820 402221 NA
15821 402221 NA
15822 404287 NA
15823 404951 NA
15824 404568 NA
15825 405002 NA
15826 413895 NA
15827 428272 NA
15828 444462 NA
15829 458663 NA
15830 479429 NA
15831 502672 NA
15832 525281 NA
15833 549527 NA
15834 570700 NA
15835 582612 NA
15836 593818 NA
15837 605519 NA
15838 603523 NA
15839 611372 NA
15840 623897 NA
15841 632904 NA
15842 645319 NA
15843 645319 NA
15844 650668 NA
15845 650668 NA
15846 648286 NA
15847 631036 NA
15848 631036 NA
15849 625310 NA
15850 625310 NA
15851 611322 NA
15852 591061 NA
15853 570844 NA
15854 570844 NA
15855 554702 NA
15856 554702 NA
15857 536892 NA
15858 522348 NA
15859 514786 NA
15860 514786 NA
15861 499150 NA
15862 485636 NA
15863 485636 NA
15864 474174 NA
15865 470406 NA
15866 458526 NA
15867 445918 NA
15868 428918 NA
15869 412566 NA
15870 404260 NA
15871 401806 NA
15872 403686 NA
15873 401640 NA
15874 401640 NA
15875 406180 NA
15876 406116 NA
15877 406116 NA
15878 405986 NA
15879 405687 NA
15880 410038 NA
15881 404700 NA
15882 408900 NA
15883 411568 NA
15884 411929 NA
15885 404248 NA
15886 398508 NA
15887 396379 NA
15888 392179 NA
15889 394225 NA
15890 393613 NA
15891 395870 NA
15892 403854 NA
15893 408033 NA
15894 411115 NA
15895 408622 NA
15896 395257 NA
15897 387445 NA
15898 387445 NA
15899 382449 NA
15900 382853 NA
15901 378471 NA
15902 375430 NA
15903 372084 NA
15904 368737 NA
15905 365391 NA
15906 362044 NA
15907 358698 NA
15908 355351 NA
15909 355351 NA
15910 355963 NA
15911 357528 NA
15912 359694 NA
15913 361529 NA
15914 368082 NA
15915 371720 NA
15916 376666 NA
15917 376666 NA
15918 375641 NA
15919 381557 NA
15920 381557 NA
15921 384979 NA
15922 389807 NA
15923 389807 NA
15924 394170 NA
15925 397841 NA
15926 397841 NA
15927 396271 NA
15928 391871 NA
15929 391871 NA
15930 383210 NA
15931 383210 NA
15932 380223 NA
15933 368342 NA
15934 368342 NA
15935 358696 NA
15936 354467 NA
15937 345920 NA
15938 345920 NA
15939 332028 NA
15940 332028 NA
15941 322671 NA
15942 322671 NA
15943 316224 NA
15944 318624 NA
15945 318624 NA
15946 321732 NA
15947 321732 NA
15948 323107 NA
15949 323107 NA
15950 318009 NA
15951 318009 NA
15952 324188 NA
15953 324188 NA
15954 319860 NA
15955 319860 NA
15956 309746 NA
15957 309746 NA
15958 299796 NA
15959 299796 NA
15960 291280 NA
15961 291280 NA
15962 287761 NA
15963 287761 NA
15964 277114 NA
15965 277114 NA
15966 269478 NA
15967 269478 NA
15968 269478 NA
15969 266175 NA
15970 266175 NA
15971 267605 NA
15972 267605 NA
15973 268557 NA
15974 268557 NA
15975 269306 NA
15976 269306 NA
15977 270824 NA
15978 272626 NA
15979 272626 NA
15980 280712 NA
15981 280712 NA
15982 288269 NA
15983 288269 NA
15984 299452 NA
15985 299452 NA
15986 303789 NA
15987 308125 NA
15988 312462 NA
15989 316798 NA
15990 321135 NA
15991 323013 NA
15992 324891 NA
15993 326769 NA
15994 328159 NA
15995 328159 NA
15996 328159 NA
15997 328745 NA
15998 327029 NA
15999 327029 NA
16000 327226 NA
16001 327226 NA
16002 325419 NA
16003 325419 NA
16004 324695 NA
16005 324695 NA
16006 325516 NA
16007 325516 NA
16008 321780 NA
16009 321780 NA
16010 321780 NA
16011 317792 NA
16012 317792 NA
16013 319266 NA
16014 319266 NA
16015 322034 NA
16016 322034 NA
16017 322604 NA
16018 322604 NA
16019 319182 NA
16020 319182 NA
16021 314782 NA
16022 314782 NA
16023 305798 NA
16024 305798 NA
16025 295501 NA
16026 295501 NA
16027 286599 NA
16028 286599 NA
16029 280339 NA
16030 280339 NA
16031 274080 NA
16032 274080 NA
16033 267819 NA
16034 267819 NA
16035 267193 NA
16036 266566 NA
16037 265940 NA
16038 265314 NA
16039 264688 NA
16040 264061 NA
16041 263435 NA
16042 263435 NA
16043 263290 NA
16044 263290 NA
16045 262624 NA
16046 262624 NA
16047 259840 NA
16048 259840 NA
16049 260561 NA
16050 260561 NA
16051 261752 NA
16052 261752 NA
16053 270679 NA
16054 270679 NA
16055 281367 NA
16056 281367 NA
16057 287653 NA
16058 287653 NA
16059 295826 NA
16060 295826 NA
16061 301263 NA
16062 301263 NA
16063 302875 NA
16064 302875 NA
16065 299385 NA
16066 299385 NA
16067 299674 NA
16068 302661 NA
16069 302661 NA
16070 302610 NA
16071 302610 NA
16072 306873 NA
16073 306873 NA
16074 311387 NA
16075 311387 NA
16076 318458 NA
16077 318458 NA
16078 326018 NA
16079 326018 NA
16080 336394 NA
16081 336394 NA
16082 341912 NA
16083 341912 NA
16084 349163 NA
16085 349163 NA
16086 359002 NA
16087 359002 NA
16088 369059 NA
16089 378720 NA
16090 378720 NA
16091 387669 NA
16092 387669 NA
16093 390940 NA
16094 390940 NA
16095 386289 NA
16096 377967 NA
16097 377967 NA
16098 368257 NA
16099 368257 NA
16100 360267 NA
16101 360267 NA
16102 361375 NA
16103 365622 NA
16104 368803 NA
16105 368803 NA
16106 369905 NA
16107 369905 NA
16108 368258 NA
16109 367828 NA
16110 367828 NA
16111 360625 NA
16112 360625 NA
16113 358622 NA
16114 354843 NA
16115 359588 NA
16116 363205 NA
16117 363205 NA
16118 366580 NA
16119 366580 NA
16120 371674 NA
16121 371674 NA
16122 376722 NA
16123 372915 NA
16124 372915 NA
16125 373558 NA
16126 373558 NA
16127 374195 NA
16128 374195 NA
16129 373141 NA
16130 372018 NA
16131 372018 NA
16132 369794 NA
16133 369794 NA
16134 366485 NA
16135 366485 NA
16136 368551 NA
16137 368551 NA
16138 368352 NA
16139 370096 NA
16140 370096 NA
16141 370486 NA
16142 370486 NA
16143 365154 NA
16144 365154 NA
16145 357936 NA
16146 357936 NA
16147 345636 NA
16148 345636 NA
16149 331720 NA
16150 331720 NA
16151 316444 NA
16152 305549 NA
16153 305549 NA
16154 294795 NA
16155 294795 NA
16156 283492 NA
16157 283492 NA
16158 272946 NA
16159 272946 NA
16160 266743 NA
16161 266743 NA
16162 267822 NA
16163 267822 NA
16164 271324 NA
16165 271324 NA
16166 275980 NA
16167 278445 NA
16168 278445 NA
16169 283812 NA
16170 283812 NA
16171 292795 NA
16172 292795 NA
16173 294976 NA
16174 294976 NA
16175 295844 NA
16176 295844 NA
16177 300700 NA
16178 300700 NA
16179 305730 NA
16180 305730 NA
16181 312454 NA
16182 312454 NA
16183 312124 NA
16184 312124 NA
16185 311309 NA
16186 311309 NA
16187 314517 NA
16188 314517 NA
16189 315175 NA
16190 315175 NA
16191 315175 NA
16192 319556 NA
16193 319556 NA
16194 325468 NA
16195 325468 NA
16196 331033 NA
16197 331033 NA
16198 336815 NA
16199 336815 NA
16200 336815 NA
16201 347097 NA
16202 350007 NA
16203 352917 NA
16204 352917 NA
16205 352917 NA
16206 355818 NA
16207 355818 NA
16208 354220 NA
16209 354220 NA
16210 353763 NA
16211 353763 NA
16212 353891 NA
16213 353891 NA
16214 353891 NA
16215 344147 NA
16216 344147 NA
16217 344147 NA
16218 339721 NA
16219 339721 NA
16220 333980 NA
16221 333980 NA
16222 332078 NA
16223 332078 NA
16224 328828 NA
16225 328828 NA
16226 330882 NA
16227 330882 NA
16228 336920 NA
16229 336920 NA
16230 340007 NA
16231 340007 NA
16232 350797 NA
16233 350797 NA
16234 360802 NA
16235 360802 NA
16236 364185 NA
16237 364185 NA
16238 369082 NA
16239 374187 NA
16240 374187 NA
16241 380905 NA
16242 380905 NA
16243 390635 NA
16244 390635 NA
16245 391272 NA
16246 391272 NA
16247 386575 NA
16248 386575 NA
16249 373214 NA
16250 373214 NA
16251 366758 NA
16252 366758 NA
16253 366271 NA
16254 366271 NA
16255 362557 NA
16256 362557 NA
16257 360199 NA
16258 360199 NA
16259 358837 NA
16260 358837 NA
16261 361972 NA
16262 361972 NA
16263 359701 NA
16264 359701 NA
16265 368588 NA
16266 375096 NA
16267 382102 NA
16268 396850 NA
16269 411436 NA
16270 428469 NA
16271 428469 NA
16272 441631 NA
16273 444259 NA
16274 454059 NA
16275 456344 NA
16276 456344 NA
16277 439639 NA
16278 417657 NA
16279 403867 NA
16280 403867 NA
16281 390907 NA
16282 390907 NA
16283 381060 NA
16284 367088 NA
16285 354477 NA
16286 340465 NA
16287 340465 NA
16288 327982 NA
16289 324310 NA
16290 322889 NA
16291 322889 NA
16292 328363 NA
16293 328363 NA
16294 319117 NA
16295 326566 NA
16296 326566 NA
16297 331127 NA
16298 333021 NA
16299 332017 NA
16300 322802 NA
16301 318312 NA
16302 318312 NA
16303 320505 NA
16304 320505 NA
16305 320675 NA
16306 316801 NA
16307 316801 NA
16308 308575 NA
16309 308575 NA
16310 313426 NA
16311 313426 NA
16312 319085 NA
16313 319085 NA
16314 310976 NA
16315 304250 NA
16316 304250 NA
16317 300232 NA
16318 300232 NA
16319 293202 NA
16320 293202 NA
16321 283226 NA
16322 283226 NA
16323 278293 NA
16324 278293 NA
16325 274395 NA
16326 274395 NA
16327 271252 NA
16328 271252 NA
16329 264716 NA
16330 264716 NA
16331 258503 NA
16332 258503 NA
16333 257979 NA
16334 257979 NA
16335 250071 NA
16336 250071 NA
16337 250071 NA
16338 242863 NA
16339 242863 NA
16340 239587 NA
16341 239587 NA
16342 237867 NA
16343 237867 NA
16344 238479 NA
16345 238479 NA
16346 243106 NA
16347 243106 NA
16348 246236 NA
16349 246236 NA
16350 257980 NA
16351 257980 NA
16352 257980 NA
16353 260537 NA
16354 260537 NA
16355 260537 NA
16356 256807 NA
16357 256807 NA
16358 259713 NA
16359 259713 NA
16360 267258 NA
16361 267258 NA
16362 272791 NA
16363 272791 NA
16364 281748 NA
16365 281748 NA
16366 281748 NA
16367 287027 NA
16368 287027 NA
16369 286456 NA
16370 286456 NA
16371 286609 NA
16372 286609 NA
16373 276874 NA
16374 276874 NA
16375 276874 NA
16376 272276 NA
16377 272276 NA
16378 270725 NA
16379 270725 NA
16380 270725 NA
16381 271186 NA
16382 271186 NA
16383 272865 NA
16384 272865 NA
16385 272865 NA
16386 276700 NA
16387 276700 NA
16388 283131 NA
16389 283131 NA
16390 283131 NA
16391 282712 NA
16392 282712 NA
16393 286458 NA
16394 286458 NA
16395 286458 NA
16396 286905 NA
16397 286905 NA
16398 286905 NA
16399 290415 NA
16400 290415 NA
16401 294749 NA
16402 294749 NA
16403 294749 NA
16404 292942 NA
16405 292942 NA
16406 292942 NA
16407 292311 NA
16408 292311 NA
16409 292311 NA
16410 287259 NA
16411 287259 NA
16412 282851 NA
16413 282851 NA
16414 282851 NA
16415 284175 NA
16416 284175 NA
16417 285648 NA
16418 285648 NA
16419 283488 NA
16420 283488 NA
16421 285263 NA
16422 285263 NA
16423 285263 NA
16424 287208 NA
16425 287208 NA
16426 291183 NA
16427 291183 NA
16428 296115 NA
16429 296115 NA
16430 292772 NA
16431 292772 NA
16432 298875 NA
16433 298875 NA
16434 299135 NA
16435 299135 NA
16436 308521 NA
16437 308521 NA
16438 315657 NA
16439 315657 NA
16440 318112 NA
16441 318112 NA
16442 318112 NA
16443 316838 NA
16444 316838 NA
16445 323128 NA
16446 323128 NA
16447 325812 NA
16448 325812 NA
16449 325812 NA
16450 325381 NA
16451 325381 NA
16452 325381 NA
16453 313655 NA
16454 313655 NA
16455 304327 NA
16456 304327 NA
16457 304327 NA
16458 301789 NA
16459 301789 NA
16460 301789 NA
16461 297790 NA
16462 297790 NA
16463 297790 NA
16464 302491 NA
16465 302491 NA
16466 306393 NA
16467 306393 NA
16468 306558 NA
16469 306558 NA
16470 306558 NA
16471 302255 NA
16472 302255 NA
16473 302255 NA
16474 298738 NA
16475 298738 NA
16476 298738 NA
16477 298747 NA
16478 298747 NA
16479 298747 NA
16480 295057 NA
16481 295057 NA
16482 292169 NA
16483 292169 NA
16484 296769 NA
16485 296769 NA
16486 302315 NA
16487 302315 NA
16488 302315 NA
16489 302403 NA
16490 302403 NA
16491 302403 NA
16492 304999 NA
16493 304999 NA
16494 304329 NA
16495 304329 NA
16496 306175 NA
16497 306175 NA
16498 306175 NA
16499 310112 NA
16500 310112 NA
16501 313900 NA
16502 313900 NA
16503 313900 NA
16504 317142 NA
16505 317142 NA
16506 317142 NA
16507 310410 NA
16508 310410 NA
16509 310816 NA
16510 310816 NA
16511 310816 NA
16512 316142 NA
16513 316142 NA
16514 316142 NA
16515 316142 NA
16516 320026 NA
16517 320026 NA
16518 320026 NA
16519 320026 NA
16520 318965 NA
16521 318965 NA
16522 318965 NA
16523 317652 NA
16524 317652 NA
16525 317652 NA
16526 317652 NA
16527 314786 NA
16528 314786 NA
16529 314786 NA
16530 309965 NA
16531 309965 NA
16532 309965 NA
16533 310063 NA
16534 310063 NA
16535 310063 NA
16536 318624 NA
16537 318624 NA
16538 318624 NA
16539 318624 NA
16540 328412 NA
16541 328412 NA
16542 328412 NA
16543 328412 NA
16544 336105 NA
16545 336105 NA
16546 336105 NA
16547 336105 NA
16548 336105 NA
16549 340919 NA
16550 340919 NA
16551 340919 NA
16552 340919 NA
16553 336789 NA
16554 336789 NA
16555 336789 NA
16556 336789 NA
16557 335798 NA
16558 335798 NA
16559 335798 NA
16560 335798 NA
16561 335798 NA
16562 336354 NA
16563 336354 NA
16564 336354 NA
16565 336354 NA
16566 329852 NA
16567 329852 NA
16568 329852 NA
16569 329852 NA
16570 329852 NA
16571 327018 NA
16572 327018 NA
16573 327018 NA
16574 327018 NA
16575 325503 NA
16576 325503 NA
16577 325503 NA
16578 325503 NA
16579 322317 NA
16580 322317 NA
16581 322317 NA
16582 322317 NA
16583 321612 NA
16584 321612 NA
16585 321612 NA
16586 321612 NA
16587 320384 NA
16588 320384 NA
16589 320384 NA
16590 320384 NA
16591 319138 NA
16592 319138 NA
16593 319138 NA
16594 319138 NA
16595 315880 NA
16596 315880 NA
16597 315880 NA
16598 315880 NA
16599 315880 NA
16600 314052 NA
16601 314052 NA
16602 314052 NA
16603 314052 NA
16604 314052 NA
16605 310760 NA
16606 310760 NA
16607 310760 NA
16608 310760 NA
16609 310214 NA
16610 310214 NA
16611 310214 NA
16612 310214 NA
16613 310214 NA
16614 306342 NA
16615 306342 NA
16616 306342 NA
16617 306342 NA
16618 301946 NA
16619 301946 NA
16620 301946 NA
16621 301946 NA
16622 303925 NA
16623 303925 NA
16624 303925 NA
16625 303925 NA
16626 303925 NA
16627 305334 NA
16628 305334 NA
16629 305334 NA
16630 305334 NA
16631 305334 NA
16632 305829 NA
16633 305829 NA
16634 305829 NA
16635 305829 NA
16636 299111 NA
16637 299111 NA
16638 299111 NA
16639 299111 NA
16640 300986 NA
16641 300986 NA
16642 300986 NA
16643 300986 NA
16644 298585 NA
16645 298585 NA
16646 298585 NA
16647 298585 NA
16648 304182 NA
16649 304182 NA
16650 304182 NA
16651 304182 NA
16652 305610 NA
16653 305610 NA
16654 305610 NA
16655 305610 NA
16656 311318 NA
16657 311318 NA
16658 311318 NA
16659 311318 NA
16660 311318 NA
16661 316860 NA
16662 316860 NA
16663 316860 NA
16665 313740 NA
16666 313740 NA
16668 310628 NA
16669 310628 NA
16670 310628 NA
16671 310353 NA
16672 310353 NA
16673 310353 NA
16674 310353 NA
16675 310353 NA
16676 310745 NA
16677 310745 NA
16678 310745 NA
16679 310745 NA
16680 310745 NA
16681 314631 NA
16682 314631 NA
16683 314631 NA
16684 314631 NA
16686 314631 NA
16687 314046 NA
16688 314046 NA
16689 314046 NA
16690 314046 NA
16691 314046 NA
16692 303388 NA
16693 303388 NA
16694 303388 NA
16695 303388 NA
16696 303388 NA
16697 303388 NA
16698 309009 NA
16699 309009 NA
16700 309009 NA
16701 309009 NA
16702 309009 NA
16703 309009 NA
16704 305510 NA
16705 305510 NA
16706 305510 NA
16707 305510 NA
16708 305510 NA
16709 300851 NA
16710 300851 NA
16711 300851 NA
16712 300851 NA
16715 300625 NA
16717 300625 NA
16719 301757 NA
16720 301757 NA
16721 301757 NA
16722 301757 NA
16723 301757 NA
16724 306208 NA
16725 306208 NA
16726 306208 NA
16728 306208 NA
16731 308406 NA
16732 308406 NA
16733 313942 NA
16734 313942 NA
16735 313942 NA
16736 313942 NA
16737 313942 NA
16738 317354 NA
16739 317354 NA
16740 317354 NA
16741 317354 NA
16742 325852 NA
16743 325852 NA
16744 325852 NA
16745 325852 NA
16746 321921 NA
16747 321921 NA
16748 321921 NA
16749 321921 NA
16750 331720 NA
16751 331720 NA
16752 331720 NA
16753 331720 NA
16754 331720 NA
16755 343270 NA
16756 343270 NA
16757 343270 NA
16759 343270 NA
16760 352090 NA
16761 352090 NA
16762 352090 NA
16763 352090 NA
16764 352090 NA
16765 352090 NA
16766 361118 NA
16767 361118 NA
16768 361118 NA
16769 361118 NA
16770 367669 NA
16771 367669 NA
16772 367669 NA
16773 366550 NA
16774 366550 NA
16775 366550 NA
16777 357561 NA
16778 357561 NA
16779 357561 NA
16780 341052 NA
16781 341052 NA
16782 341052 NA
16783 331161 NA
16784 331161 NA
16785 331161 NA
16786 331161 NA
16787 315588 NA
16788 315588 NA
16789 315588 NA
16790 302483 NA
16791 302483 NA
16792 302483 NA
16793 292946 NA
16794 292946 NA
16795 292946 NA
16796 292946 NA
16797 293621 NA
16798 293621 NA
16799 293621 NA
16800 293621 NA
16801 290560 NA
16802 290560 NA
16803 290560 NA
16804 290560 NA
16807 301489 NA
16808 301489 NA
16809 310315 NA
16810 310315 NA
16811 310315 NA
16812 310315 NA
16813 312577 NA
16814 312577 NA
16815 312577 NA
16816 312577 NA
16817 317891 NA
16818 317891 NA
16820 317891 NA
16821 325722 NA
16823 325722 NA
16824 325722 NA
16825 339037 NA
16826 339037 NA
16827 339037 NA
16828 351598 NA
16829 369178 NA
16830 387637 NA
16831 406964 NA
16832 427313 NA
16833 427313 NA
16834 471113 NA
16835 494380 NA
16836 518769 NA
16837 544287 NA
16838 571238 NA
16839 599551 NA
16840 628524 NA
16841 659474 NA
16842 691491 NA
16843 725784 NA
16844 760855 NA
16845 797951 NA
16847 876810 NA
16849 964891 NA
16850 964891 NA
16851 1012358 NA
16852 1061577 NA
16853 1112818 NA
16854 1112818 NA
16855 1167578 NA
16856 1167578 NA
16857 1224752 NA
16858 1224752 NA
16859 1283772 NA
16860 1283772 NA
16861 1345363 NA
16862 1345363 NA
16863 1410444 NA
16864 1410444 NA
16865 1479726 NA
16866 1479726 NA
16869 1700667 NA
16870 1700667 NA
16871 1700667 NA
16872 1783289 NA
16873 1783289 NA
16874 1870951 NA
16875 1870951 NA
16876 1960269 NA
16878 3577572 NA
16879 3577572 NA
16880 3577572 NA
16881 3407798 NA
16884 3407798 NA
16885 3239434 NA
16886 3239434 NA
16887 3239434 NA
16888 3239434 NA
16889 3184582 NA
16890 3184582 NA
16892 3027448 NA
16893 3027448 NA
16894 3027448 NA
16895 2960297 NA
16896 2960297 NA
16897 2960297 NA
16898 2919785 NA
16899 2919785 NA
16900 2919785 NA
16901 3001020 NA
16902 3001020 NA
16903 3001020 NA
16904 3140185 NA
16905 3140185 NA
16906 3140185 NA
16907 3140185 NA
16908 3287090 NA
16909 3287090 NA
16910 3287090 NA
16911 3287090 NA
16912 3441073 NA
16913 3441073 NA
16914 3441073 NA
16915 3441073 NA
16916 3469285 NA
16917 3469285 NA
16918 3469285 NA
16919 3469285 NA
16920 3314868 NA
16921 3314868 NA
16922 3314868 NA
16923 3163792 NA
16924 3163792 NA
16925 3163792 NA
16926 3163792 NA
16927 3015333 NA
16928 3015333 NA
16929 3015333 NA
16930 2878853 NA
16931 2878853 NA
16932 2878853 NA
16933 2878853 NA
16934 2748667 NA
16935 2748667 NA
16937 2739436 NA
16938 2739436 NA
16939 2739436 NA
16940 2739436 NA
16941 2778274 NA
16942 2778274 NA
16943 2778274 NA
16944 2768424 NA
16945 2768424 NA
16946 2768424 NA
16949 2640054 NA
16950 2640054 NA
16951 2640054 NA
16952 2512781 NA
16953 2512781 NA
16954 2512781 NA
16955 2512781 NA
16956 2458878 NA
16957 2458878 NA
16958 2458878 NA
16959 2458878 NA
16960 2534987 NA
16967 2638111 NA
16968 2702247 NA
16969 2702247 NA
16970 2702247 NA
16971 2702247 NA
16972 2798003 NA
16974 2798003 NA
16975 2798003 NA
16976 2909408 NA
16977 2909408 NA
16978 2909408 NA
16979 2909408 NA
16980 2909408 NA
16981 2918547 NA
16982 2918547 NA
16984 2918547 NA
16985 2918547 NA
16986 2781316 NA
16987 2781316 NA
16988 2781316 NA
16989 2781316 NA
16990 2767916 NA
16991 2767916 NA
16992 2767916 NA
16993 2767916 NA
16994 2767916 NA
16999 2747756 NA
17001 2861720 NA
17006 2861720 NA
17007 2797394 NA
17014 2822243 NA
17015 2822243 NA
17016 2822243 NA
17017 2822243 NA
17018 2822243 NA
17019 2869535 NA
17020 2869535 NA
17021 2869535 NA
17022 2869535 NA
17023 2869535 NA
17024 2869535 NA
17025 2869535 NA
17026 2868796 NA
17027 2868796 NA
17028 2868796 NA
17029 2868796 NA
17031 2868796 NA
17032 2868796 NA
17033 2913768 NA
17034 2913768 NA
17035 2913768 NA
17036 2913768 NA
17037 2913768 NA
17038 2913768 NA
17039 2913768 NA
17040 2944309 NA
17042 2944309 NA
17044 2944309 NA
17045 2944309 NA
17046 2944309 NA
17047 2957235 NA
17048 2957235 NA
17049 2957235 NA
17050 2957235 NA
17051 2957235 NA
17052 2957235 NA
17053 2957235 NA
17054 2948097 NA
17055 2948097 NA
17056 2948097 NA
17057 2948097 NA
17058 2948097 NA
17059 2948097 NA
17060 2948097 NA
17061 2948097 NA
17062 2971429 NA
17063 2971429 NA
17064 2971429 NA
17069 2938394 NA
17070 2938394 NA
17071 2938394 NA
17072 2938394 NA
17073 3039767 NA
17075 3039767 NA
17076 3039767 NA
17077 3039767 NA
17078 3039767 NA
17079 3039767 NA
17080 3039767 NA
17081 2978293 NA
17083 2978293 NA
17084 2978293 NA
17085 2978293 NA
17086 2978293 NA
17087 2978293 NA
17088 2978293 NA
17089 2919309 NA
17091 2919309 NA
17092 2919309 NA
17093 2919309 NA
17094 2919309 NA
17095 2919309 NA
17096 2919309 NA
17097 2919309 NA
17098 2859328 NA
17099 2859328 NA
17100 2859328 NA
17101 2859328 NA
17102 2859328 NA
17103 2859328 NA
17104 2859328 NA
17105 2859328 NA
17106 2859328 NA
17107 2859328 NA
17108 2739214 NA
17109 2739214 NA
17110 2739214 NA
17111 2739214 NA
17112 2739214 NA
17113 2739214 NA
17114 2739214 NA
17115 2739214 NA
17117 2611618 NA
17118 2611618 NA
17123 2611618 NA
17124 2493691 NA
17125 2493691 NA
17126 2493691 NA
17127 2493691 NA
17129 2493691 NA
17130 2493691 NA
17131 2493691 NA
17132 2410293 NA
17133 2410293 NA
17134 2410293 NA
17135 2410293 NA
17136 2410293 NA
17138 2410293 NA
17139 2410293 NA
17140 2317741 NA
17141 2317741 NA
17142 2317741 NA
17143 2317741 NA
17144 2317741 NA
17145 2317741 NA
17146 2317741 NA
17147 2317741 NA
17148 2213196 NA
17149 2213196 NA
