"Index" "Price" "Volume"
14019 472500 NA
14020 479700 NA
14021 486500 NA
14022 486500 NA
14023 481700 NA
14024 481700 NA
14025 470200 NA
14026 470200 NA
14027 454400 NA
14028 454400 NA
14029 444400 NA
14030 444400 NA
14031 444100 NA
14032 447300 NA
14033 454400 NA
14034 461700 NA
14035 466600 NA
14036 473800 NA
14037 478200 NA
14038 476300 NA
14039 458500 NA
14040 458500 NA
14041 450500 NA
14042 446200 NA
14043 454500 NA
14044 472200 NA
14045 487400 NA
14046 487400 NA
14047 479400 NA
14048 467700 NA
14049 452200 NA
14050 447800 NA
14051 447800 NA
14052 445700 NA
14053 466400 NA
14054 466400 NA
14055 471600 NA
14056 474300 NA
14057 468000 NA
14058 463100 NA
14059 461200 NA
14060 457300 NA
14061 451800 NA
14062 448700 NA
14063 448700 NA
14064 457800 NA
14065 457900 NA
14066 452600 NA
14067 452500 NA
14068 459500 NA
14069 467700 NA
14070 467700 NA
14071 464000 NA
14072 460300 NA
14073 458500 NA
14074 463600 NA
14075 463600 NA
14076 465200 NA
14077 466900 NA
14078 458200 NA
14079 451300 NA
14080 462600 NA
14081 465400 NA
14082 461000 NA
14083 456900 NA
14084 454200 NA
14085 459500 NA
14086 459500 NA
14087 467800 NA
14088 470150 NA
14089 472500 NA
14090 472500 NA
14091 456500 NA
14092 456500 NA
14093 456300 NA
14094 468500 NA
14095 492400 NA
14096 497900 NA
14097 497900 NA
14098 495600 NA
14099 488100 NA
14100 484900 NA
14101 500100 NA
14102 514300 NA
14103 517400 NA
14104 510900 NA
14105 498900 NA
14106 489400 NA
14107 479900 NA
14108 475500 NA
14109 504000 NA
14110 518500 NA
14111 527000 NA
14112 527000 NA
14113 522500 NA
14114 513200 NA
14115 513200 NA
14116 537000 NA
14117 564600 NA
14118 593600 NA
14119 623200 NA
14120 655100 NA
14121 696600 NA
14122 673600 NA
14123 673600 NA
14124 638800 NA
14125 605200 NA
14126 549900 NA
14127 570600 NA
14128 570600 NA
14129 623600 NA
14130 641900 NA
14131 641900 NA
14132 636700 NA
14133 634100 NA
14134 625800 NA
14135 615000 NA
14136 592100 NA
14137 582400 NA
14138 582400 NA
14139 569500 NA
14140 546100 NA
14141 543900 NA
14142 568700 NA
14143 568700 NA
14144 577000 NA
14145 585200 NA
14146 570100 NA
14147 556800 NA
14148 544400 NA
14149 570100 NA
14150 570100 NA
14151 596900 NA
14152 581900 NA
14153 552000 NA
14154 522800 NA
14155 501400 NA
14156 488700 NA
14157 488700 NA
14158 514000 NA
14159 517100 NA
14160 520300 NA
14161 520300 NA
14162 522400 NA
14163 532100 NA
14164 531100 NA
14165 531100 NA
14166 529000 NA
14167 524600 NA
14168 512000 NA
14169 496500 NA
14170 472200 NA
14171 474700 NA
14172 474700 NA
14173 481400 NA
14174 490400 NA
14175 484500 NA
14176 484500 NA
14177 470100 NA
14178 470100 NA
14179 474500 NA
14180 478500 NA
14181 488300 NA
14182 484100 NA
14183 478400 NA
14184 476100 NA
14185 496200 NA
14186 500100 NA
14187 5e+05 NA
14188 5e+05 NA
14189 498300 NA
14190 495000 NA
14191 493000 NA
14192 489600 NA
14193 479600 NA
14194 470200 NA
14195 459700 NA
14196 449700 NA
14197 438900 NA
14198 429300 NA
14199 415800 NA
14200 420000 NA
14201 434600 NA
14202 434600 NA
14203 447000 NA
14204 435400 NA
14205 435400 NA
14206 426300 NA
14207 407200 NA
14208 403300 NA
14209 403300 NA
14210 408800 NA
14211 433400 NA
14212 433400 NA
14213 440500 NA
14214 431500 NA
14215 402500 NA
14216 402500 NA
14217 388800 NA
14218 384800 NA
14219 395500 NA
14220 405400 NA
14221 411900 NA
14222 411900 NA
14223 412400 NA
14224 457000 NA
14225 457000 NA
14226 480800 NA
14227 460300 NA
14228 435500 NA
14229 413700 NA
14230 395700 NA
14231 387900 NA
14232 399100 NA
14233 399100 NA
14234 409500 NA
14235 438600 NA
14236 442700 NA
14237 442400 NA
14238 442400 NA
14239 444200 NA
14240 444200 NA
14241 460100 NA
14242 464500 NA
14243 465000 NA
14244 461800 NA
14245 461800 NA
14246 459800 NA
14247 458700 NA
14248 459100 NA
14249 458200 NA
14250 455700 NA
14251 450500 NA
14252 444200 NA
14253 439300 NA
14254 446000 NA
14255 446000 NA
14256 454200 NA
14257 460600 NA
14258 460600 NA
14259 463300 NA
14260 465100 NA
14261 471200 NA
14262 487500 NA
14263 487500 NA
14264 493800 NA
14265 496200 NA
14266 496200 NA
14267 492100 NA
14268 492100 NA
14269 498300 NA
14270 498300 NA
14271 500200 NA
14272 494100 NA
14273 494100 NA
14274 489800 NA
14275 491600 NA
14276 494900 NA
14277 494900 NA
14278 497100 NA
14279 497300 NA
14280 481800 NA
14281 476300 NA
14282 473200 NA
14283 473200 NA
14284 480400 NA
14285 515900 NA
14286 536200 NA
14287 536200 NA
14288 557800 NA
14289 579200 NA
14290 589500 NA
14291 582700 NA
14292 546800 NA
14293 546800 NA
14294 514900 NA
14295 514900 NA
14296 513200 NA
14297 513200 NA
14298 519700 NA
14299 517500 NA
14300 508200 NA
14301 494100 NA
14302 490700 NA
14303 495900 NA
14304 502100 NA
14305 508600 NA
14306 511300 NA
14307 514200 NA
14308 514200 NA
14309 518700 NA
14310 530900 NA
14311 547200 NA
14312 545600 NA
14313 536600 NA
14314 536600 NA
14315 525500 NA
14316 509800 NA
14317 509800 NA
14318 514100 NA
14319 530200 NA
14320 549400 NA
14321 532800 NA
14322 513000 NA
14323 503600 NA
14324 503800 NA
14325 511500 NA
14326 515400 NA
14327 506600 NA
14328 498000 NA
14329 494300 NA
14330 496800 NA
14331 496800 NA
14332 501000 NA
14333 499800 NA
14334 496700 NA
14335 491000 NA
14336 486100 NA
14337 486100 NA
14338 489400 NA
14339 494300 NA
14340 494300 NA
14341 492900 NA
14342 498900 NA
14343 519400 NA
14344 528600 NA
14345 526700 NA
14346 510700 NA
14347 5e+05 NA
14348 5e+05 NA
14349 496000 NA
14350 500200 NA
14351 500200 NA
14352 502700 NA
14353 497600 NA
14354 497600 NA
14355 494400 NA
14356 490900 NA
14357 487300 NA
14358 485000 NA
14359 485900 NA
14360 490200 NA
14361 491400 NA
14362 482700 NA
14363 481800 NA
14364 479600 NA
14365 479600 NA
14366 479100 NA
14367 490100 NA
14368 490100 NA
14369 490900 NA
14370 487000 NA
14371 478200 NA
14372 461600 NA
14373 461600 NA
14374 450100 NA
14375 439900 NA
14376 432800 NA
14377 426600 NA
14378 400600 NA
14379 382000 NA
14380 382000 NA
14381 371600 NA
14382 385100 NA
14383 402600 NA
14384 417200 NA
14385 420600 NA
14386 414100 NA
14387 412000 NA
14388 416100 NA
14389 431400 NA
14390 433700 NA
14391 433700 NA
14392 444000 NA
14393 444000 NA
14394 455200 NA
14395 481700 NA
14396 487800 NA
14397 484000 NA
14398 484000 NA
14399 455400 NA
14400 448700 NA
14401 448700 NA
14402 442700 NA
14403 427600 NA
14404 419300 NA
14405 442500 NA
14406 457700 NA
14407 473400 NA
14408 473400 NA
14409 486300 NA
14410 501400 NA
14411 515500 NA
14412 556000 NA
14413 569000 NA
14414 569000 NA
14415 541600 NA
14416 512700 NA
14417 485200 NA
14418 467000 NA
14419 501100 NA
14420 518500 NA
14421 518500 NA
14422 536700 NA
14423 564300 NA
14424 564300 NA
14425 514000 NA
14426 499900 NA
14427 526400 NA
14428 613100 NA
14429 678400 NA
14430 678400 NA
14431 713100 NA
14432 636000 NA
14433 570700 NA
14434 570700 NA
14435 517600 NA
14436 538200 NA
14437 538200 NA
14438 561400 NA
14439 553100 NA
14440 540000 NA
14441 486700 NA
14442 461200 NA
14443 453200 NA
14444 500700 NA
14445 500700 NA
14446 525200 NA
14447 541700 NA
14448 541700 NA
14449 530100 NA
14450 548600 NA
14451 567000 NA
14452 568500 NA
14453 568500 NA
14454 622100 NA
14455 622100 NA
14456 647300 NA
14457 626200 NA
14458 606400 NA
14459 630300 NA
14460 645900 NA
14461 625900 NA
14462 594400 NA
14463 570700 NA
14464 581800 NA
14465 598700 NA
14466 599500 NA
14467 610800 NA
14468 629000 NA
14469 632200 NA
14470 638500 NA
14471 651500 NA
14472 674400 NA
14473 674400 NA
14474 681800 NA
14475 662600 NA
14476 662600 NA
14477 635800 NA
14478 635800 NA
14479 643500 NA
14480 647700 NA
14481 651300 NA
14482 651300 NA
14483 658900 NA
14484 658900 NA
14485 687800 NA
14486 715800 NA
14487 739900 NA
14488 743600 NA
14489 715500 NA
14490 695800 NA
14491 695800 NA
14492 713500 NA
14493 736500 NA
14494 778000 NA
14495 778000 NA
14496 780500 NA
14497 783000 NA
14498 847000 NA
14499 890900 NA
14500 922900 NA
14501 857200 NA
14502 812900 NA
14503 747000 NA
14504 757900 NA
14505 757900 NA
14506 787300 NA
14507 803900 NA
14508 842500 NA
14509 833000 NA
14510 829800 NA
14511 794300 NA
14512 787100 NA
14513 787100 NA
14514 811400 NA
14515 854800 NA
14516 854800 NA
14517 869600 NA
14518 869600 NA
14519 874300 NA
14520 874300 NA
14521 890300 NA
14522 957000 NA
14523 957000 NA
14524 981600 NA
14525 975500 NA
14526 879300 NA
14527 838700 NA
14528 846700 NA
14529 846700 NA
14530 910700 NA
14531 910700 NA
14532 967400 NA
14533 984700 NA
14534 984700 NA
14535 1e+06 NA
14536 1100000 NA
14537 1100000 NA
14538 1100000 NA
14539 1100000 NA
14540 1100000 NA
14541 1100000 NA
14542 1200000 NA
14543 1200000 NA
14544 1200000 NA
14545 1e+06 NA
14546 968600 NA
14547 920100 NA
14548 918500 NA
14549 966100 NA
14550 1e+06 NA
14551 1e+06 NA
14552 1100000 NA
14553 1100000 NA
14554 1100000 NA
14555 1100000 NA
14556 1100000 NA
14557 1100000 NA
14558 1200000 NA
14559 1200000 NA
14560 1200000 NA
14561 1200000 NA
14562 1200000 NA
14563 1300000 NA
14564 1300000 NA
14565 1300000 NA
14566 1300000 NA
14567 1300000 NA
14568 1200000 NA
14569 1200000 NA
14570 1300000 NA
14571 1300000 NA
14572 1300000 NA
14573 1300000 NA
14574 1300000 NA
14575 1300000 NA
14576 1400000 NA
14577 1400000 NA
14578 1500000 NA
14579 1500000 NA
14580 1400000 NA
14581 1300000 NA
14582 1200000 NA
14583 1200000 NA
14584 1300000 NA
14585 1300000 NA
14586 1300000 NA
14587 1400000 NA
14588 1400000 NA
14589 1400000 NA
14590 1300000 NA
14591 1400000 NA
14592 1400000 NA
14593 1400000 NA
14594 1500000 NA
14595 1500000 NA
14596 1500000 NA
14597 1600000 NA
14598 1600000 NA
14599 1700000 NA
14600 1700000 NA
14601 1700000 NA
14602 1700000 NA
14603 1700000 NA
14604 1700000 NA
14605 1800000 NA
14606 1800000 NA
14607 1800000 NA
14608 1800000 NA
14609 1900000 NA
14610 1900000 NA
14611 1800000 NA
14612 1700000 NA
14613 1500000 NA
14614 1500000 NA
14615 1500000 NA
14616 1500000 NA
14617 1600000 NA
14618 1600000 NA
14619 1600000 NA
14620 1600000 NA
14621 1600000 NA
14622 1600000 NA
14623 1700000 NA
14624 1700000 NA
14625 1600000 NA
14626 1600000 NA
14627 1600000 NA
14628 1600000 NA
14629 1600000 NA
14630 1600000 NA
14631 1500000 NA
14632 1500000 NA
14633 1600000 NA
14634 1600000 NA
14635 1600000 NA
14636 1600000 NA
14637 1500000 NA
14638 1500000 NA
14639 1500000 NA
14640 1500000 NA
14641 1500000 NA
14642 1500000 NA
14643 1400000 NA
14644 1400000 NA
14645 1400000 NA
14646 1500000 NA
14647 1500000 NA
14648 1500000 NA
14649 1500000 NA
14650 1500000 NA
14651 1500000 NA
14653 1500000 NA
14654 1600000 NA
14655 1600000 NA
14656 1600000 NA
14657 1700000 NA
14658 1600000 NA
14659 1500000 NA
14660 1500000 NA
14661 1600000 NA
14662 1700000 NA
14663 1700000 NA
14664 1600000 NA
14665 1500000 NA
14666 1600000 NA
14667 1600000 NA
14668 1600000 NA
14669 1500000 NA
14670 1500000 NA
14671 1400000 NA
14672 1300000 NA
14673 1300000 NA
14674 1400000 NA
14675 1400000 NA
14676 1400000 NA
14677 1400000 NA
14678 1300000 NA
14679 1300000 NA
14680 1300000 NA
14681 1300000 NA
14682 1400000 NA
14683 1400000 NA
14684 1400000 NA
14685 1500000 NA
14686 1500000 NA
14687 1600000 NA
14688 1700000 NA
14689 1700000 NA
14690 1700000 NA
14691 1700000 NA
14692 1700000 NA
14693 1600000 NA
14694 1600000 NA
14695 1600000 NA
14696 1700000 NA
14697 1800000 NA
14698 1800000 NA
14699 1700000 NA
14700 1700000 NA
14701 1700000 NA
14702 1800000 NA
14703 1900000 NA
14704 1900000 NA
14705 1700000 NA
14706 1700000 NA
14707 1800000 NA
14708 1900000 NA
14709 1900000 NA
14710 2e+06 NA
14711 2e+06 NA
14712 1800000 NA
14713 1800000 NA
14714 1700000 NA
14715 1700000 NA
14716 1700000 NA
14717 1800000 NA
14718 1700000 NA
14719 1700000 NA
14720 1700000 NA
14721 1700000 NA
14722 1800000 NA
14723 1800000 NA
14724 1800000 NA
14725 1700000 NA
14726 1800000 NA
14727 1800000 NA
14728 1800000 NA
14729 1700000 NA
14730 1800000 NA
14731 1800000 NA
14732 1800000 NA
14733 1800000 NA
14734 1700000 NA
14735 1700000 NA
14736 1800000 NA
14737 1800000 NA
14738 1900000 NA
14739 1900000 NA
14740 1900000 NA
14741 1900000 NA
14742 1900000 NA
14743 1900000 NA
14744 1900000 NA
14745 1900000 NA
14746 2e+06 NA
14747 2e+06 NA
14748 1900000 NA
14749 1900000 NA
14750 1800000 NA
14751 1800000 NA
14752 1900000 NA
14753 1900000 NA
14754 1900000 NA
14755 1900000 NA
14756 1900000 NA
14757 1900000 NA
14758 2e+06 NA
14759 2e+06 NA
14760 2e+06 NA
14761 2e+06 NA
14762 2e+06 NA
14763 2e+06 NA
14764 2e+06 NA
14765 2100000 NA
14766 2100000 NA
14767 2100000 NA
14768 2e+06 NA
14769 2e+06 NA
14770 2e+06 NA
14771 2100000 NA
14772 2100000 NA
14773 2100000 NA
14774 2e+06 NA
14775 2e+06 NA
14776 2e+06 NA
14777 2e+06 NA
14778 2100000 NA
14779 2100000 NA
14780 2e+06 NA
14781 2e+06 NA
14782 2100000 NA
14783 2100000 NA
14784 2100000 NA
14785 2100000 NA
14786 2100000 NA
14787 2100000 NA
14788 2100000 NA
14789 2e+06 NA
14790 2e+06 NA
14791 2e+06 NA
14792 2e+06 NA
14793 2e+06 NA
14794 2100000 NA
14795 2e+06 NA
14796 2e+06 NA
14797 2e+06 NA
14798 2e+06 NA
14799 2e+06 NA
14800 2e+06 NA
14801 2e+06 NA
14802 2e+06 NA
14803 2e+06 NA
14804 2e+06 NA
14805 2e+06 NA
14806 2e+06 NA
14807 2e+06 NA
14808 2e+06 NA
14809 1900000 NA
14810 1900000 NA
14811 1900000 NA
14812 1700000 NA
14813 1700000 NA
14814 1700000 NA
14815 1800000 NA
14816 1800000 NA
14817 1800000 NA
14818 1800000 NA
14819 1800000 NA
14820 1800000 NA
14821 1900000 NA
14822 1900000 NA
14823 1900000 NA
14824 1900000 NA
14825 1900000 NA
14826 1800000 NA
14827 1800000 NA
14828 1800000 NA
14829 1800000 NA
14830 1900000 NA
14831 1900000 NA
14832 2e+06 NA
14833 2e+06 NA
14834 2e+06 NA
14835 2100000 NA
14836 2100000 NA
14837 1900000 NA
14838 1900000 NA
14839 1900000 NA
14840 2e+06 NA
14841 2e+06 NA
14842 1900000 NA
14843 1800000 NA
14844 1700000 NA
14845 1700000 NA
14846 1600000 NA
14847 1700000 NA
14848 1700000 NA
14849 1700000 NA
14850 1700000 NA
14851 1600000 NA
14852 1600000 NA
14853 1600000 NA
14854 1600000 NA
14855 1700000 NA
14856 1600000 NA
14857 1700000 NA
14858 1700000 NA
14859 1800000 NA
14860 1800000 NA
14861 1800000 NA
14862 1800000 NA
14863 1900000 NA
14864 1900000 NA
14865 1900000 NA
14866 1800000 NA
14867 1800000 NA
14868 1800000 NA
14869 1800000 NA
14870 1900000 NA
14871 1900000 NA
14872 2e+06 NA
14873 2e+06 NA
14874 1900000 NA
14875 1900000 NA
14876 1900000 NA
14877 1900000 NA
14878 2e+06 NA
14879 2e+06 NA
14880 1900000 NA
14881 1900000 NA
14882 1900000 NA
14883 1900000 NA
14884 1900000 NA
14885 2e+06 NA
14886 2e+06 NA
14887 2e+06 NA
14888 1900000 NA
14889 2e+06 NA
14890 2e+06 NA
14891 2e+06 NA
14892 2e+06 NA
14893 2e+06 NA
14894 2e+06 NA
14895 2e+06 NA
14896 2100000 NA
14897 2e+06 NA
14898 2e+06 NA
14899 2e+06 NA
14900 2e+06 NA
14901 2100000 NA
14902 2100000 NA
14903 2e+06 NA
14904 2e+06 NA
14905 2e+06 NA
14906 2100000 NA
14907 2e+06 NA
14908 2e+06 NA
14909 2e+06 NA
14910 2e+06 NA
14911 2e+06 NA
14912 2e+06 NA
14913 2e+06 NA
14914 2e+06 NA
14915 2e+06 NA
14916 2e+06 NA
14917 2e+06 NA
14918 2e+06 NA
14920 2e+06 NA
14921 2e+06 NA
14922 2e+06 NA
14923 2e+06 NA
14924 1900000 NA
14925 1900000 NA
14926 1900000 NA
14927 1900000 NA
14928 1900000 NA
14929 1900000 NA
14930 1800000 NA
14931 1800000 NA
14932 1800000 NA
14933 1800000 NA
14934 1900000 NA
14935 1900000 NA
14936 1900000 NA
14937 1900000 NA
14938 1800000 NA
14939 1800000 NA
14940 1900000 NA
14941 1900000 NA
14942 1900000 NA
14943 1900000 NA
14944 1800000 NA
14945 1900000 NA
14946 1900000 NA
14947 1900000 NA
14948 2e+06 NA
14949 2e+06 NA
14950 2e+06 NA
14951 2e+06 NA
14952 2e+06 NA
14953 2e+06 NA
14954 2e+06 NA
14955 2100000 NA
14956 2200000 NA
14957 2200000 NA
14958 2200000 NA
14959 2300000 NA
14960 2200000 NA
14961 2200000 NA
14962 2e+06 NA
14963 2e+06 NA
14964 2e+06 NA
14965 2100000 NA
14966 2100000 NA
14967 2e+06 NA
14968 2e+06 NA
14969 1900000 NA
14970 1800000 NA
14971 1700000 NA
14972 1600000 NA
14973 1600000 NA
14974 1600000 NA
14975 1600000 NA
14976 1700000 NA
14979 1600000 NA
14981 1500000 NA
14983 1400000 NA
14984 1500000 NA
14985 1600000 NA
14986 1700000 NA
14987 1800000 NA
14990 1900000 NA
14991 1800000 NA
14992 1700000 NA
14993 1700000 NA
14996 1800000 NA
14998 1800000 NA
15000 1700000 NA
15001 1600000 NA
15003 1500000 NA
15005 1600000 NA
15009 1500000 NA
15012 1400000 NA
15013 1400000 NA
15016 1300000 NA
15020 1200000 NA
15025 1200000 NA
15028 1100000 NA
15032 1100000 NA
15033 1e+06 NA
15035 1e+06 NA
15036 957200 NA
15038 957200 NA
15039 912100 NA
15044 869100 NA
15046 828300 NA
15047 828300 NA
15048 787400 NA
15050 787400 NA
15052 780500 NA
15054 819100 NA
15055 819100 NA
15058 825600 NA
15060 788000 NA
15061 788000 NA
15063 781600 NA
15064 781600 NA
15066 759500 NA
15067 759500 NA
15070 757900 NA
15072 751900 NA
15073 751900 NA
15076 744900 NA
15078 771600 NA
15080 771600 NA
15081 772500 NA
15084 802700 NA
15085 824700 NA
15087 830000 NA
15089 847500 NA
15090 847500 NA
15091 853500 NA
15093 824300 NA
15094 824300 NA
15095 785800 NA
15096 776100 NA
15097 776100 NA
15098 809000 NA
15101 814400 NA
15103 804900 NA
15105 805900 NA
15106 805900 NA
15107 794400 NA
15110 754700 NA
15112 727200 NA
15114 712400 NA
15115 712400 NA
15116 711400 NA
15119 724000 NA
15120 724000 NA
15121 710400 NA
15123 710600 NA
15125 713400 NA
15128 732800 NA
15130 755100 NA
15132 764400 NA
15133 776000 NA
15136 770000 NA
15138 793800 NA
15140 787500 NA
15143 791200 NA
15145 788700 NA
15147 802600 NA
15148 817200 NA
15150 793700 NA
15152 795600 NA
15154 796500 NA
15156 777200 NA
15157 777200 NA
15158 760000 NA
15159 760000 NA
15161 745300 NA
15163 738800 NA
15164 738800 NA
15165 742800 NA
15168 735900 NA
15170 719300 NA
15172 727200 NA
15175 727700 NA
15177 710400 NA
15178 690000 NA
15179 690000 NA
15182 692000 NA
15184 713000 NA
15185 736500 NA
15186 736500 NA
15187 709000 NA
15189 677600 NA
15191 652300 NA
15193 629700 NA
15194 622600 NA
15196 626100 NA
15197 632000 NA
15199 620200 NA
15202 598400 NA
15204 578200 NA
15207 561700 NA
15208 536700 NA
15210 524800 NA
15212 511100 NA
15214 485900 NA
15215 462200 NA
15217 420100 NA
15219 401000 NA
15220 401000 NA
15221 384500 NA
15222 370600 NA
15224 373800 NA
15226 388800 NA
15227 378000 NA
15229 360100 NA
15231 347700 NA
15232 349900 NA
15233 349900 NA
15235 375700 NA
15238 393100 NA
15240 406900 NA
15242 387700 NA
15243 369600 NA
15244 351500 NA
15247 334100 NA
15248 318000 NA
15249 318000 NA
15250 303800 NA
15252 303300 NA
15254 302400 NA
15256 291300 NA
15257 283100 NA
15258 283400 NA
15261 283900 NA
15263 280300 NA
15264 279900 NA
15266 278200 NA
15268 273600 NA
15270 262600 NA
15271 263700 NA
15273 287000 NA
15275 300300 NA
15277 330000 NA
15280 344700 NA
15281 361900 NA
15283 380000 NA
15285 381100 NA
15287 376500 NA
15291 350700 NA
15294 334000 NA
15296 318200 NA
15297 303500 NA
15299 298400 NA
15302 323100 NA
15303 323100 NA
15304 331500 NA
15306 327700 NA
15307 327700 NA
15308 319000 NA
15310 303400 NA
15312 289700 NA
15313 276636 NA
15314 272708 NA
15315 272708 NA
15316 283836 NA
15317 283836 NA
15318 296455 NA
15319 304761 NA
15320 312989 NA
15321 312989 NA
15322 327032 NA
15323 327032 NA
15324 342329 NA
15325 342329 NA
15326 354359 NA
15327 354359 NA
15328 351307 NA
15329 351307 NA
15330 347107 NA
15331 347107 NA
15332 355425 NA
15333 365567 NA
15334 365567 NA
15335 372713 NA
15336 361300 NA
15337 361300 NA
15338 360994 NA
15339 360994 NA
15340 370754 NA
15341 373921 NA
15342 373921 NA
15343 392421 NA
15344 392421 NA
15345 410083 NA
15346 410083 NA
15347 392011 NA
15348 392011 NA
15349 373513 NA
15350 373513 NA
15351 355764 NA
15352 355764 NA
15353 339249 NA
15354 339249 NA
15355 322286 NA
15356 322286 NA
15357 308825 NA
15358 308825 NA
15359 308825 NA
15360 302090 NA
15361 302090 NA
15362 289890 NA
15363 289890 NA
15364 289890 NA
15365 281492 NA
15366 281492 NA
15367 271525 NA
15368 271525 NA
15369 275697 NA
15370 275697 NA
15371 275697 NA
15372 288211 NA
15373 288211 NA
15374 300123 NA
15375 300123 NA
15376 300123 NA
15377 310376 NA
15378 310376 NA
15379 310376 NA
15380 299046 NA
15381 299046 NA
15382 308241 NA
15383 308241 NA
15384 321639 NA
15385 321639 NA
15386 321639 NA
15387 334819 NA
15388 334819 NA
15389 321546 NA
15390 321546 NA
15391 321546 NA
15392 323472 NA
15393 323472 NA
15394 323472 NA
15395 331388 NA
15396 331388 NA
15397 336658 NA
15398 336658 NA
15399 336658 NA
15400 331469 NA
15401 331469 NA
15402 331469 NA
15403 315626 NA
15404 315626 NA
15405 300838 NA
15406 300838 NA
15407 291266 NA
15408 291266 NA
15409 282535 NA
15410 282535 NA
15411 292443 NA
15412 292443 NA
15413 292443 NA
15414 296976 NA
15415 296976 NA
15416 296976 NA
15417 300625 NA
15418 300625 NA
15419 313206 NA
15420 313206 NA
15421 326120 NA
15422 332283 NA
15423 338446 NA
15424 344608 NA
15425 350771 NA
15426 356934 NA
15427 356934 NA
15428 356934 NA
15429 372878 NA
15430 372878 NA
15431 372878 NA
15432 379328 NA
15433 379328 NA
15434 379328 NA
15435 381233 NA
15436 381233 NA
15437 381233 NA
15438 362645 NA
15439 362645 NA
15440 362645 NA
15441 345457 NA
15442 345457 NA
15443 329532 NA
15444 329532 NA
15445 318227 NA
15446 318227 NA
15447 312736 NA
15448 312736 NA
15449 312736 NA
15450 306282 NA
15451 306282 NA
15452 306282 NA
15453 304079 NA
15454 304079 NA
15455 304079 NA
15456 304079 NA
15457 307878 NA
15458 307878 NA
15459 307878 NA
15460 297540 NA
15461 297540 NA
15462 297540 NA
15463 299420 NA
15464 299420 NA
15465 304887 NA
15466 304887 NA
15467 304887 NA
15468 312855 NA
15469 312855 NA
15470 323363 NA
15471 323363 NA
15472 323363 NA
15473 334920 NA
15474 334920 NA
15475 344534 NA
15476 344534 NA
15477 344534 NA
15478 343120 NA
15479 343120 NA
15480 343354 NA
15481 343354 NA
15482 343354 NA
15483 328209 NA
15484 328209 NA
15485 328209 NA
15486 320444 NA
15487 320444 NA
15488 320444 NA
15489 322071 NA
15490 322071 NA
15491 316606 NA
15492 316606 NA
15493 316606 NA
15494 320457 NA
15495 320457 NA
15496 320560 NA
15497 320560 NA
15498 320560 NA
15499 318362 NA
15500 318362 NA
15501 318362 NA
15502 331271 NA
15503 331271 NA
15504 331271 NA
15505 347007 NA
15506 347007 NA
15507 362386 NA
15508 362386 NA
15509 362386 NA
15510 380506 NA
15511 380506 NA
15512 396638 NA
15513 396638 NA
15514 416420 NA
15515 416420 NA
15516 423928 NA
15517 423928 NA
15518 434488 NA
15519 434488 NA
15520 451020 NA
15521 451020 NA
15522 451020 NA
15523 461183 NA
15524 461183 NA
15525 461183 NA
15526 447327 NA
15527 447327 NA
15528 447327 NA
15529 428492 NA
15530 428492 NA
15531 428492 NA
15532 407090 NA
15533 407090 NA
15534 407090 NA
15535 388056 NA
15536 388056 NA
15537 388056 NA
15538 379816 NA
15539 379816 NA
15540 379816 NA
15541 361542 NA
15542 361542 NA
15543 361542 NA
15544 343464 NA
15545 343464 NA
15546 326339 NA
15547 326339 NA
15548 326339 NA
15549 318144 NA
15550 318144 NA
15551 318144 NA
15552 324209 NA
15553 324209 NA
15554 325682 NA
15555 325682 NA
15556 325682 NA
15557 331870 NA
15558 331870 NA
15559 344179 NA
15560 344179 NA
15561 344179 NA
15562 334506 NA
15563 334506 NA
15564 319966 NA
15565 319966 NA
15566 319966 NA
15567 327516 NA
15568 327516 NA
15569 327516 NA
15570 320563 NA
15571 320563 NA
15572 320563 NA
15573 323559 NA
15574 323559 NA
15575 323559 NA
15576 334864 NA
15577 334864 NA
15578 334864 NA
15579 341033 NA
15580 341033 NA
15581 341033 NA
15582 333566 NA
15583 333566 NA
15584 333566 NA
15585 317625 NA
15586 317625 NA
15587 317625 NA
15588 323063 NA
15589 323063 NA
15590 323063 NA
15591 326616 NA
15592 326616 NA
15593 326616 NA
15594 334984 NA
15595 334984 NA
15596 334984 NA
15597 339725 NA
15598 339725 NA
15599 339725 NA
15600 338377 NA
15601 338377 NA
15602 338377 NA
15603 338377 NA
15604 333512 NA
15605 333512 NA
15606 324146 NA
15607 324146 NA
15608 324146 NA
15609 324146 NA
15610 313059 NA
15611 313059 NA
15612 313059 NA
15613 301372 NA
15614 301372 NA
15615 301372 NA
15616 296060 NA
15617 296060 NA
15618 296060 NA
15619 309324 NA
15620 309324 NA
15621 309324 NA
15622 324120 NA
15623 324120 NA
15624 324120 NA
15625 324120 NA
15626 339220 NA
15627 339220 NA
15628 339220 NA
15629 344918 NA
15630 344918 NA
15631 344918 NA
15632 334068 NA
15633 334068 NA
15634 334068 NA
15635 319946 NA
15636 319946 NA
15637 319946 NA
15638 319946 NA
15639 308710 NA
15640 308710 NA
15641 308710 NA
15642 308710 NA
15643 293380 NA
15644 293380 NA
15645 287432 NA
15646 287432 NA
15647 287432 NA
15648 296542 NA
15649 296542 NA
15650 301594 NA
15651 306645 NA
15652 311697 NA
15653 316748 NA
15654 321800 NA
15655 326851 NA
15656 331903 NA
15657 336954 NA
15658 336954 NA
15659 336954 NA
15660 336954 NA
15661 352555 NA
15662 352555 NA
15663 352555 NA
15664 352555 NA
15665 369024 NA
15666 369024 NA
15667 369024 NA
15668 369024 NA
15669 369024 NA
15670 374568 NA
15671 374568 NA
15672 374568 NA
15673 374568 NA
15674 374568 NA
15675 374568 NA
15676 374568 NA
15677 357398 NA
15678 357398 NA
15679 357398 NA
15680 357398 NA
15681 357398 NA
15682 357398 NA
15683 340367 NA
15684 340367 NA
15685 340367 NA
15686 340367 NA
15687 340367 NA
15688 324229 NA
15689 324229 NA
15690 324229 NA
15691 324229 NA
15692 324229 NA
15693 308849 NA
15694 308849 NA
15695 308849 NA
15696 308849 NA
15697 308849 NA
15698 294224 NA
15699 294224 NA
15700 294224 NA
15701 294224 NA
15702 294224 NA
15703 294224 NA
15704 280373 NA
15705 280373 NA
15706 280373 NA
15707 280373 NA
15708 280373 NA
15709 280373 NA
15710 280373 NA
15711 267161 NA
15712 267161 NA
15713 267161 NA
15714 267161 NA
15715 267161 NA
15716 267161 NA
15717 267161 NA
15718 254356 NA
15719 254356 NA
15720 254356 NA
15721 254356 NA
15722 254356 NA
15723 254356 NA
15724 243224 NA
15725 243224 NA
15726 243224 NA
15727 243224 NA
15728 243224 NA
15729 243224 NA
15730 232549 NA
15731 232549 NA
15732 232549 NA
15733 232549 NA
15734 232549 NA
15735 222125 NA
15736 222125 NA
15737 222125 NA
15738 222125 NA
15739 222125 NA
15740 211708 NA
15741 211708 NA
15742 211708 NA
15743 211708 NA
15744 211708 NA
15745 211708 NA
15746 202179 NA
15747 202179 NA
15748 202179 NA
15749 202179 NA
15750 202179 NA
15751 202179 NA
15752 192721 NA
15753 192721 NA
15754 192721 NA
15755 192721 NA
15756 192721 NA
15757 192721 NA
15758 184012 NA
15759 184012 NA
15760 184012 NA
15761 184012 NA
15762 184012 NA
15763 184012 NA
15764 184012 NA
15765 184012 NA
15766 175481 NA
15767 175481 NA
15768 175481 NA
15769 175481 NA
15770 175481 NA
15771 175481 NA
15772 168574 NA
15773 168574 NA
15774 168574 NA
15775 168574 NA
15776 168574 NA
15777 168574 NA
15778 168574 NA
15779 161606 NA
15780 161606 NA
15781 161606 NA
15782 161606 NA
15783 162237 NA
15784 162237 NA
15785 162237 NA
15786 162237 NA
15787 163076 NA
15788 163076 NA
15789 163076 NA
15790 163076 NA
15791 164156 NA
15792 164156 NA
15793 164156 NA
15794 164156 NA
15795 164156 NA
15796 164156 NA
15797 166789 NA
15798 166789 NA
15799 166789 NA
15800 166789 NA
15801 166789 NA
15802 166789 NA
15803 166789 NA
15804 166789 NA
15805 173069 NA
15806 173069 NA
15807 173069 NA
15808 173069 NA
15809 173069 NA
15810 173069 NA
15811 173069 NA
15812 173069 NA
15813 173069 NA
15814 174901 NA
15815 174901 NA
15816 174901 NA
15817 174901 NA
15818 174901 NA
15819 174901 NA
15820 174901 NA
15821 174901 NA
15822 174901 NA
15823 174901 NA
15824 172191 NA
15825 172191 NA
15826 172191 NA
15827 172191 NA
15828 172191 NA
15829 172191 NA
15830 172191 NA
15831 172191 NA
15832 172191 NA
15833 170103 NA
15834 170103 NA
15835 170103 NA
15836 170103 NA
15837 170103 NA
15838 170103 NA
15839 170103 NA
15840 170103 NA
15841 172035 NA
15842 172035 NA
15843 172035 NA
15844 172035 NA
15845 172035 NA
15846 172035 NA
15847 172035 NA
15848 172035 NA
15849 172035 NA
15850 172035 NA
15851 176967 NA
15852 176967 NA
15853 176967 NA
15854 176967 NA
15855 176967 NA
15856 176967 NA
15857 176967 NA
15858 176967 NA
15859 176967 NA
15860 176967 NA
15861 176967 NA
15862 185034 NA
15863 185034 NA
15864 185034 NA
15865 185034 NA
15866 185034 NA
15867 185034 NA
15868 185034 NA
15869 185034 NA
15870 185034 NA
15871 188333 NA
15872 188333 NA
15873 188333 NA
15874 188333 NA
15875 188333 NA
15876 188333 NA
15877 188333 NA
15878 188333 NA
15879 188333 NA
15880 181126 NA
15881 181126 NA
15882 181126 NA
15883 181126 NA
15884 181126 NA
15885 181126 NA
15886 181126 NA
15887 181126 NA
15888 181126 NA
15889 178123 NA
15890 178123 NA
15891 178123 NA
15892 178123 NA
15893 178123 NA
15894 178123 NA
15895 178123 NA
15896 178123 NA
15897 170284 NA
15898 170284 NA
15899 170284 NA
15900 170284 NA
15901 170284 NA
15902 170284 NA
15903 169625 NA
15904 168965 NA
15905 168306 NA
15906 167646 NA
15907 166987 NA
15908 166327 NA
15909 166327 NA
15910 166327 NA
15911 166327 NA
15912 166327 NA
15913 166327 NA
15914 166327 NA
15915 165594 NA
15916 165594 NA
15917 165594 NA
15918 165594 NA
15919 165594 NA
15920 165594 NA
15921 165594 NA
15922 165594 NA
15923 165594 NA
15924 165594 NA
15925 165594 NA
15926 169476 NA
15927 169476 NA
15928 169476 NA
15929 169476 NA
15930 169476 NA
15931 169476 NA
15932 169476 NA
15933 169476 NA
15934 169476 NA
15935 169476 NA
15936 169476 NA
15937 169476 NA
15938 169476 NA
15939 169476 NA
15940 168332 NA
15941 168332 NA
15942 168332 NA
15943 168332 NA
15944 168332 NA
15945 168332 NA
15946 168332 NA
15947 168332 NA
15948 168332 NA
15949 168332 NA
15950 168332 NA
15951 168332 NA
15952 168332 NA
15953 168332 NA
15954 168332 NA
15955 168332 NA
15956 160382 NA
15957 160382 NA
15958 160382 NA
15959 160382 NA
15960 160382 NA
15961 160382 NA
15962 160382 NA
15963 160382 NA
15964 160382 NA
15965 161277 NA
15966 161277 NA
15967 161277 NA
15968 161277 NA
15969 161277 NA
15970 161277 NA
15971 161277 NA
15972 162469 NA
15973 162469 NA
15974 162469 NA
15975 162469 NA
15976 162469 NA
15977 162469 NA
15978 162469 NA
15979 162469 NA
15980 162469 NA
15981 162469 NA
15982 163223 NA
15983 163223 NA
15984 163223 NA
15985 163223 NA
15986 163223 NA
15987 163223 NA
15988 163223 NA
15989 163223 NA
15990 163223 NA
15991 163223 NA
15992 163223 NA
15993 163223 NA
15994 163223 NA
15995 163933 NA
15996 163933 NA
15997 163933 NA
15998 163933 NA
15999 163933 NA
16000 163933 NA
16001 163933 NA
16002 163933 NA
16003 163933 NA
16004 163933 NA
16005 163933 NA
16006 163933 NA
16007 163933 NA
16008 163933 NA
16009 163933 NA
16010 163884 NA
16011 163884 NA
16012 163884 NA
16013 163884 NA
16014 163884 NA
16015 163884 NA
16016 163884 NA
16017 163884 NA
16018 163884 NA
16019 163884 NA
16020 163884 NA
16021 163884 NA
16022 163884 NA
16023 164301 NA
16024 164301 NA
16025 164301 NA
16026 164301 NA
16027 164301 NA
16028 164301 NA
16029 164301 NA
16030 164301 NA
16031 164301 NA
16032 164301 NA
16033 164301 NA
16034 164301 NA
16035 164009 NA
16036 163717 NA
16037 163425 NA
16038 163133 NA
16039 162841 NA
16040 162549 NA
16041 162257 NA
16042 162257 NA
16043 162257 NA
16044 162257 NA
16045 162257 NA
16046 162257 NA
16047 162257 NA
16048 162329 NA
16049 162329 NA
16050 162329 NA
16051 162329 NA
16052 162329 NA
16053 162329 NA
16054 162329 NA
16055 162329 NA
16056 162329 NA
16057 162329 NA
16058 163208 NA
16059 163208 NA
16060 163208 NA
16061 163208 NA
16062 163208 NA
16063 163208 NA
16064 163208 NA
16065 163208 NA
16066 163208 NA
16067 163208 NA
16068 163208 NA
16069 163208 NA
16070 162892 NA
16071 162892 NA
16072 162892 NA
16073 162892 NA
16074 162892 NA
16075 162892 NA
16076 162892 NA
16077 162892 NA
16078 162892 NA
16079 162892 NA
16080 162892 NA
16081 162449 NA
16082 162449 NA
16083 162449 NA
16084 162449 NA
16085 162449 NA
16086 162449 NA
16087 162449 NA
16088 163032 NA
16089 163032 NA
16090 163032 NA
16091 163032 NA
16092 163032 NA
16093 163032 NA
16094 163032 NA
16095 163032 NA
16096 163032 NA
16097 163865 NA
16098 163865 NA
16099 163865 NA
16100 163865 NA
16101 163865 NA
16102 163865 NA
16103 163865 NA
16104 163865 NA
16105 163865 NA
16106 163865 NA
16107 163865 NA
16108 163865 NA
16109 167624 NA
16110 167624 NA
16111 167624 NA
16112 167624 NA
16113 167624 NA
16114 167624 NA
16115 167624 NA
16116 167624 NA
16117 167624 NA
16118 167624 NA
16119 167624 NA
16120 167624 NA
16121 174186 NA
16122 174186 NA
16123 174186 NA
16124 174186 NA
16125 174186 NA
16126 174186 NA
16127 174186 NA
16128 174186 NA
16129 174186 NA
16130 174186 NA
16131 174186 NA
16132 174186 NA
16133 174186 NA
16134 174186 NA
16135 182331 NA
16136 182331 NA
16137 182331 NA
16138 182331 NA
16139 182331 NA
16140 182331 NA
16141 182331 NA
16142 182331 NA
16143 182331 NA
16144 182331 NA
16145 182331 NA
16146 182331 NA
16147 182331 NA
16148 182331 NA
16149 182331 NA
16150 182331 NA
16151 182331 NA
16152 187553 NA
16153 187553 NA
16154 187553 NA
16155 187553 NA
16156 187553 NA
16157 187553 NA
16158 187553 NA
16159 187553 NA
16160 187553 NA
16161 187553 NA
16162 187553 NA
16163 187553 NA
16164 187553 NA
16165 187553 NA
16166 187553 NA
16167 178797 NA
16168 178797 NA
16169 178797 NA
16170 178797 NA
16171 178797 NA
16172 178797 NA
16173 178797 NA
16174 178797 NA
16175 178797 NA
16176 178797 NA
16177 178797 NA
16178 178797 NA
16179 178797 NA
16180 170491 NA
16181 170491 NA
16182 170491 NA
16183 170491 NA
16184 170491 NA
16185 170491 NA
16186 170491 NA
16187 170491 NA
16188 170491 NA
16189 170491 NA
16190 170491 NA
16191 170491 NA
16192 170491 NA
16193 162739 NA
16194 162739 NA
16195 162739 NA
16196 162739 NA
16197 162739 NA
16198 162739 NA
16199 162739 NA
16200 162739 NA
16201 162739 NA
16202 162739 NA
16203 162739 NA
16204 161186 NA
16205 161186 NA
16206 161186 NA
16207 161186 NA
16208 161186 NA
16209 161186 NA
16210 161186 NA
16211 161186 NA
16212 161186 NA
16213 161186 NA
16214 161937 NA
16215 161937 NA
16216 161937 NA
16217 161937 NA
16218 161937 NA
16219 161937 NA
16220 161937 NA
16221 161937 NA
16222 162708 NA
16223 162708 NA
16224 162708 NA
16225 162708 NA
16226 162708 NA
16227 162708 NA
16228 162708 NA
16229 162708 NA
16230 164416 NA
16231 164416 NA
16232 164416 NA
16233 164416 NA
16234 164416 NA
16235 164416 NA
16236 164416 NA
16237 164416 NA
16238 164416 NA
16239 164416 NA
16240 164416 NA
16241 164416 NA
16242 164416 NA
16243 170373 NA
16244 170373 NA
16245 170373 NA
16246 170373 NA
16247 170373 NA
16248 170373 NA
16249 170373 NA
16250 170373 NA
16251 170373 NA
16252 170373 NA
16253 170373 NA
16254 170373 NA
16255 170373 NA
16256 170373 NA
16257 170373 NA
16258 177724 NA
16259 177724 NA
16260 177724 NA
16261 177724 NA
16262 177724 NA
16263 177724 NA
16264 177724 NA
16265 177724 NA
16266 177724 NA
16267 177724 NA
16268 184020 NA
16269 184020 NA
16270 184020 NA
16271 184020 NA
16272 184020 NA
16273 184020 NA
16274 184020 NA
16275 184020 NA
16276 184020 NA
16277 192184 NA
16278 192184 NA
16279 192184 NA
16280 192184 NA
16281 192184 NA
16282 192184 NA
16283 192184 NA
16284 192184 NA
16285 192184 NA
16286 192184 NA
16287 192184 NA
16288 187689 NA
16289 187689 NA
16290 187689 NA
16291 187689 NA
16292 187689 NA
16293 187689 NA
16294 187689 NA
16295 178998 NA
16296 178998 NA
16297 178998 NA
16298 178998 NA
16299 178998 NA
16300 178998 NA
16301 178998 NA
16302 178998 NA
16303 171009 NA
16304 171009 NA
16305 171009 NA
16306 171009 NA
16307 171009 NA
16308 171009 NA
16309 171009 NA
16310 171009 NA
16311 163074 NA
16312 163074 NA
16313 163074 NA
16314 163074 NA
16315 163074 NA
16316 163074 NA
16317 163074 NA
16318 158227 NA
16319 158227 NA
16320 158227 NA
16321 158227 NA
16322 159589 NA
16323 159589 NA
16324 159589 NA
16325 159589 NA
16326 159589 NA
16327 160462 NA
16328 160462 NA
16329 160462 NA
16330 160462 NA
16331 160462 NA
16332 160462 NA
16333 161364 NA
16334 161364 NA
16335 161364 NA
16336 161364 NA
16337 161364 NA
16338 161364 NA
16339 161364 NA
16340 161364 NA
16341 162084 NA
16342 162084 NA
16343 162084 NA
16344 162084 NA
16345 162084 NA
16346 162084 NA
16347 162084 NA
16348 162084 NA
16349 162084 NA
16350 162084 NA
16351 162084 NA
16352 159719 NA
16353 159719 NA
16354 159719 NA
16355 159719 NA
16356 159719 NA
16357 160592 NA
16358 160592 NA
16359 160592 NA
16360 160592 NA
16361 160592 NA
16362 160592 NA
16363 161564 NA
16364 161564 NA
16365 161564 NA
16366 161564 NA
16367 161564 NA
16368 161564 NA
16369 161564 NA
16370 162282 NA
16371 162282 NA
16372 162282 NA
16373 162282 NA
16374 162282 NA
16375 162282 NA
16376 162282 NA
16377 162282 NA
16378 162282 NA
16379 163136 NA
16380 163136 NA
16381 163136 NA
16382 163136 NA
16383 163136 NA
16384 163136 NA
16385 163136 NA
16386 163136 NA
16387 163136 NA
16388 163136 NA
16389 162281 NA
16390 162281 NA
16391 162281 NA
16392 162281 NA
16393 162281 NA
16394 162281 NA
16395 162281 NA
16396 162281 NA
16397 162281 NA
16398 162760 NA
16399 162760 NA
16400 162760 NA
16401 162760 NA
16402 162760 NA
16403 162760 NA
16404 162760 NA
16405 162760 NA
16406 162760 NA
16407 162760 NA
16408 162726 NA
16409 162726 NA
16410 162726 NA
16411 162726 NA
16412 162726 NA
16413 162726 NA
16414 162726 NA
16415 162726 NA
16416 162726 NA
16417 162726 NA
16418 162726 NA
16419 162726 NA
16420 162643 NA
16421 162643 NA
16422 162643 NA
16423 162643 NA
16424 162643 NA
16425 162643 NA
16426 162643 NA
16427 162643 NA
16428 162643 NA
16429 162643 NA
16430 162643 NA
16431 164612 NA
16432 164612 NA
16433 164612 NA
16434 164612 NA
16435 164612 NA
16436 164612 NA
16437 164612 NA
16438 164612 NA
16439 164612 NA
16440 164612 NA
16441 164612 NA
16442 164612 NA
16443 164612 NA
16444 164612 NA
16445 162818 NA
16446 162818 NA
16447 162818 NA
16448 162818 NA
16449 162818 NA
16450 162818 NA
16451 162818 NA
16452 162818 NA
16453 162818 NA
16454 162818 NA
16455 162818 NA
16456 161761 NA
16457 161761 NA
16458 161761 NA
16459 161761 NA
16460 161761 NA
16461 161761 NA
16462 161761 NA
16463 161761 NA
16464 161761 NA
16465 161761 NA
16466 161797 NA
16467 161797 NA
16468 161797 NA
16469 161797 NA
16470 161797 NA
16471 161797 NA
16472 161797 NA
16473 161797 NA
16474 161797 NA
16475 161797 NA
16476 161797 NA
16477 161958 NA
16478 161958 NA
16479 161958 NA
16480 161958 NA
16481 161958 NA
16482 161958 NA
16483 161958 NA
16484 161958 NA
16485 161958 NA
16486 162185 NA
16487 162185 NA
16488 162185 NA
16489 162185 NA
16490 162185 NA
16491 162185 NA
16492 162185 NA
16493 162185 NA
16494 162185 NA
16495 162185 NA
16496 161234 NA
16497 161234 NA
16498 161234 NA
16499 161234 NA
16500 161234 NA
16501 161234 NA
16502 161234 NA
16503 161971 NA
16504 161971 NA
16505 161971 NA
16506 161971 NA
16507 161971 NA
16508 161971 NA
16509 161971 NA
16510 161971 NA
16511 161971 NA
16512 162556 NA
16513 162556 NA
16514 162556 NA
16515 162556 NA
16516 162556 NA
16517 162556 NA
16518 162556 NA
16519 162556 NA
16520 162556 NA
16521 162556 NA
16522 162556 NA
16523 162556 NA
16524 162556 NA
16525 162527 NA
16526 162527 NA
16527 162527 NA
16528 162527 NA
16529 162527 NA
16530 162527 NA
16531 162527 NA
16532 162527 NA
16533 162527 NA
16534 162527 NA
16535 162527 NA
16536 162527 NA
16537 162527 NA
16538 160842 NA
16539 160842 NA
16540 160842 NA
16541 160842 NA
16542 160842 NA
16543 160842 NA
16544 160842 NA
16545 160842 NA
16546 160842 NA
16547 160842 NA
16548 161487 NA
16549 161487 NA
16550 161487 NA
16551 161487 NA
16552 161487 NA
16553 161487 NA
16554 161487 NA
16555 161487 NA
16556 161487 NA
16557 161487 NA
16558 161487 NA
16559 161487 NA
16560 162172 NA
16561 162172 NA
16562 162172 NA
16563 162172 NA
16564 162172 NA
16565 162172 NA
16566 162172 NA
16567 162172 NA
16568 162172 NA
16569 162172 NA
16570 162172 NA
16571 162172 NA
16572 162172 NA
16573 162172 NA
16574 162172 NA
16575 162172 NA
16576 162172 NA
16577 162242 NA
16578 162242 NA
16579 162242 NA
16580 162242 NA
16581 162242 NA
16582 162242 NA
16583 162242 NA
16584 162242 NA
16585 162242 NA
16586 162242 NA
16587 162242 NA
16588 162242 NA
16589 162242 NA
16590 162242 NA
16591 162242 NA
16592 162242 NA
16593 162242 NA
16594 162737 NA
16595 162737 NA
16596 162737 NA
16597 162737 NA
16598 162737 NA
16599 162737 NA
16600 162737 NA
16601 162737 NA
16602 162737 NA
16603 162737 NA
16604 162737 NA
16605 162737 NA
16606 162737 NA
16607 162737 NA
16608 162737 NA
16609 162737 NA
16610 162737 NA
16611 162737 NA
16612 163032 NA
16613 163032 NA
16614 163032 NA
16615 163032 NA
16616 163032 NA
16617 163032 NA
16618 163032 NA
16619 163032 NA
16620 163032 NA
16621 163032 NA
16622 163032 NA
16623 163032 NA
16624 163032 NA
16625 163032 NA
16626 163032 NA
16627 163032 NA
16628 163032 NA
16629 163032 NA
16630 163748 NA
16631 163748 NA
16632 163748 NA
16633 163748 NA
16634 163748 NA
16635 163748 NA
16636 163748 NA
16637 163748 NA
16638 163748 NA
16639 163748 NA
16640 163748 NA
16641 163748 NA
16642 163748 NA
16643 163748 NA
16644 163748 NA
16645 163748 NA
16646 163748 NA
16647 163960 NA
16648 163960 NA
16649 163960 NA
16650 163960 NA
16651 163960 NA
16652 163960 NA
16653 163960 NA
16654 163960 NA
16655 163960 NA
16656 163960 NA
16657 163960 NA
16658 163960 NA
16659 163960 NA
16660 163960 NA
16661 163960 NA
16662 163960 NA
16663 163960 NA
16665 163960 NA
16666 162627 NA
16668 162627 NA
16669 162627 NA
16670 162627 NA
16671 162627 NA
16672 162627 NA
16673 162627 NA
16674 162627 NA
16675 162627 NA
16676 162627 NA
16677 162627 NA
16678 162627 NA
16679 162627 NA
16681 162627 NA
16682 162627 NA
16683 162627 NA
16684 162627 NA
16686 162627 NA
16687 162627 NA
16688 162627 NA
16689 163018 NA
16690 163018 NA
16691 163018 NA
16692 163018 NA
16693 163018 NA
16694 163018 NA
16695 163018 NA
16696 163018 NA
16697 163018 NA
16698 163018 NA
16699 163018 NA
16700 163018 NA
16701 163018 NA
16702 163018 NA
16703 163018 NA
16704 163018 NA
16705 163018 NA
16706 163018 NA
16707 163018 NA
16708 163018 NA
16709 163018 NA
16710 163018 NA
16711 163018 NA
16712 163018 NA
16715 162923 NA
16717 162923 NA
16719 162923 NA
16720 162923 NA
16721 162923 NA
16722 162923 NA
16723 162923 NA
16724 162923 NA
16725 162923 NA
16726 162923 NA
16728 162923 NA
16731 162923 NA
16732 162923 NA
16733 162923 NA
16734 162923 NA
16735 162923 NA
16736 162923 NA
16737 162923 NA
16738 162923 NA
16739 162074 NA
16740 162074 NA
16741 162074 NA
16742 162074 NA
16743 162074 NA
16744 162074 NA
16745 162074 NA
16746 162074 NA
16747 162074 NA
16748 162074 NA
16749 162074 NA
16750 162074 NA
16751 162074 NA
16752 162074 NA
16753 162853 NA
16754 162853 NA
16755 162853 NA
16756 162853 NA
16757 162853 NA
16759 162853 NA
16760 162853 NA
16761 162853 NA
16762 162853 NA
16763 162853 NA
16764 162853 NA
16765 162853 NA
16766 162853 NA
16767 162853 NA
16768 162853 NA
16769 162853 NA
16770 162853 NA
16771 162853 NA
16772 162853 NA
16773 162853 NA
16774 162853 NA
16775 162853 NA
16777 162853 NA
16778 162853 NA
16779 162853 NA
16780 162853 NA
16781 163351 NA
16782 163351 NA
16783 163351 NA
16784 163351 NA
16785 163351 NA
16786 163351 NA
16787 163351 NA
16788 163351 NA
16789 163351 NA
16790 163351 NA
16791 163351 NA
16792 163351 NA
16793 163351 NA
16794 163351 NA
16795 163351 NA
16796 163351 NA
16797 163351 NA
16798 163351 NA
16799 163351 NA
16800 163351 NA
16801 163351 NA
16802 163351 NA
16803 163351 NA
16804 163351 NA
16807 163351 NA
16808 163351 NA
16809 163351 NA
16810 163351 NA
16811 163351 NA
16812 164692 NA
16813 164692 NA
16814 164692 NA
16815 164692 NA
16816 164692 NA
16817 164692 NA
16818 164692 NA
16820 164692 NA
16821 164692 NA
16823 164692 NA
16824 164692 NA
16825 164692 NA
16826 164692 NA
16827 164692 NA
16828 164692 NA
16829 164692 NA
16830 169938 NA
16831 169938 NA
16832 169938 NA
16833 169938 NA
16834 169938 NA
16835 169938 NA
16836 169938 NA
16837 169938 NA
16838 169938 NA
16839 169938 NA
16840 169938 NA
16841 169938 NA
16842 169938 NA
16843 169938 NA
16844 169938 NA
16845 169938 NA
16847 169938 NA
16849 169938 NA
16850 169938 NA
16851 169938 NA
16852 169938 NA
16853 178230 NA
16854 178230 NA
16855 178230 NA
16856 178230 NA
16857 178230 NA
16858 178230 NA
16859 178230 NA
16860 178230 NA
16861 178230 NA
16862 178230 NA
16863 178230 NA
16864 178230 NA
16865 178230 NA
16866 178230 NA
16867 178230 NA
16869 178230 NA
16870 178230 NA
16871 178230 NA
16872 178230 NA
16873 178230 NA
16874 178230 NA
16875 178230 NA
16876 178230 NA
16878 694473 NA
16879 694473 NA
16880 694473 NA
16881 694473 NA
16884 694473 NA
16885 694473 NA
16886 694473 NA
16887 694473 NA
16888 694473 NA
16889 694473 NA
16890 694473 NA
16892 694473 NA
16893 694473 NA
16894 694473 NA
16895 694473 NA
16896 694473 NA
16897 694473 NA
16898 694473 NA
16899 694473 NA
16900 694473 NA
16901 694473 NA
16902 694473 NA
16903 694473 NA
16904 694473 NA
16905 694473 NA
16906 694473 NA
16907 694473 NA
16908 694473 NA
16909 694473 NA
16910 694473 NA
16911 694473 NA
16912 694473 NA
16913 694473 NA
16914 694473 NA
16915 694473 NA
16916 694473 NA
16917 694473 NA
16918 694473 NA
16919 694473 NA
16920 694473 NA
16921 694473 NA
16922 694473 NA
16923 694473 NA
16924 694473 NA
16925 694473 NA
16926 694473 NA
16927 694473 NA
16928 694473 NA
16929 694473 NA
16930 694473 NA
16931 694473 NA
16932 694473 NA
16933 694473 NA
16934 694473 NA
16935 694473 NA
16937 694473 NA
16938 694473 NA
16939 694473 NA
16940 694473 NA
16941 694473 NA
16942 694473 NA
16943 694473 NA
16944 694473 NA
16945 694473 NA
16946 694473 NA
16949 694473 NA
16950 694473 NA
16951 694473 NA
16952 694473 NA
16953 694473 NA
16954 694473 NA
16955 694473 NA
16956 694473 NA
16957 694473 NA
16958 694473 NA
16959 694473 NA
16960 694473 NA
16967 720568 NA
16968 720568 NA
16969 720568 NA
16970 720568 NA
16971 720568 NA
16972 720568 NA
16974 720568 NA
16975 720568 NA
16976 720568 NA
16977 720568 NA
16978 720568 NA
16979 720568 NA
16980 720568 NA
16981 720568 NA
16982 720568 NA
16984 720568 NA
16985 720568 NA
16986 720568 NA
16987 720568 NA
16988 720568 NA
16989 720568 NA
16990 720568 NA
16991 720568 NA
16992 720568 NA
16993 720568 NA
16994 720568 NA
16999 720568 NA
17001 720568 NA
17006 720568 NA
17007 720568 NA
17014 720568 NA
17015 720568 NA
17016 720568 NA
17017 720568 NA
17018 720568 NA
17019 720568 NA
17020 720568 NA
17021 720568 NA
17022 720568 NA
17023 720568 NA
17024 720568 NA
17025 720568 NA
17026 720568 NA
17027 720568 NA
17028 720568 NA
17029 720568 NA
17031 720568 NA
17032 720568 NA
17033 720568 NA
17034 720568 NA
17035 720568 NA
17036 720568 NA
17037 720568 NA
17038 720568 NA
17039 720568 NA
17040 720568 NA
17042 720568 NA
17044 720568 NA
17045 720568 NA
17046 720568 NA
17047 720568 NA
17048 720568 NA
17049 720568 NA
17050 720568 NA
17051 720568 NA
17052 720568 NA
17053 720568 NA
17054 720568 NA
17055 720568 NA
17056 720568 NA
17057 720568 NA
17058 720568 NA
17059 720568 NA
17060 720568 NA
17061 720568 NA
17062 720568 NA
17063 720568 NA
17064 720568 NA
17069 720568 NA
17070 720568 NA
17071 720568 NA
17072 720568 NA
17073 720568 NA
17075 720568 NA
17076 720568 NA
17077 720568 NA
17078 720568 NA
17079 720568 NA
17080 720568 NA
17081 720568 NA
17083 720568 NA
17084 720568 NA
17085 720568 NA
17086 720568 NA
17087 720568 NA
17088 720568 NA
17089 720568 NA
17091 720568 NA
17092 720568 NA
17093 720568 NA
17094 720568 NA
17095 720568 NA
17096 720568 NA
17097 720568 NA
17098 720568 NA
17099 720568 NA
17100 720568 NA
17101 720568 NA
17102 720568 NA
17103 720568 NA
17104 720568 NA
17105 720568 NA
17106 720568 NA
17107 720568 NA
17108 720568 NA
17109 720568 NA
17110 720568 NA
17111 720568 NA
17112 720568 NA
17113 720568 NA
17114 720568 NA
17115 720568 NA
17117 720568 NA
17118 720568 NA
17123 720568 NA
17124 720568 NA
17125 720568 NA
17126 720568 NA
17127 720568 NA
17129 720568 NA
17130 720568 NA
17131 720568 NA
17132 720568 NA
17133 720568 NA
17134 720568 NA
17135 720568 NA
17136 720568 NA
17138 720568 NA
17139 720568 NA
17140 720568 NA
17141 720568 NA
17142 720568 NA
17143 720568 NA
17144 720568 NA
17145 720568 NA
17146 720568 NA
17147 720568 NA
17148 720568 NA
17149 720568 NA
