"Index" "Price" "Volume"
14019 850 NA
14020 850 NA
14021 850 NA
14022 850 NA
14023 850 NA
14024 850 NA
14025 850 NA
14026 850 NA
14027 850 NA
14028 850 NA
14029 850 NA
14030 850 NA
14031 850 NA
14032 850 NA
14033 850 NA
14034 850 NA
14035 850 NA
14036 850 NA
14037 850 NA
14038 850 NA
14039 850 NA
14040 850 NA
14041 850 NA
14042 850 NA
14043 850 NA
14044 850 NA
14045 850 NA
14046 850 NA
14047 850 NA
14048 850 NA
14049 850 NA
14050 850 NA
14051 850 NA
14052 850 NA
14053 850 NA
14054 850 NA
14055 850 NA
14056 850 NA
14057 850 NA
14058 850 NA
14059 850 NA
14060 850 NA
14061 850 NA
14062 850 NA
14063 850 NA
14064 850 NA
14065 850 NA
14066 850 NA
14067 850 NA
14068 850 NA
14069 850 NA
14070 850 NA
14071 850 NA
14072 850 NA
14073 850 NA
14074 850 NA
14075 850 NA
14076 850 NA
14077 850 NA
14078 850 NA
14079 850 NA
14080 850 NA
14081 850 NA
14082 850 NA
14083 850 NA
14084 850 NA
14085 850 NA
14086 850 NA
14087 850 NA
14088 850 NA
14089 850 NA
14090 850 NA
14091 850 NA
14092 850 NA
14093 850 NA
14094 850 NA
14095 850 NA
14096 850 NA
14097 850 NA
14098 850 NA
14099 850 NA
14100 850 NA
14101 850 NA
14102 850 NA
14103 850 NA
14104 850 NA
14105 850 NA
14106 850 NA
14107 850 NA
14108 849 NA
14109 850 NA
14110 850 NA
14111 849 NA
14112 849 NA
14113 850 NA
14114 850 NA
14115 850 NA
14116 850 NA
14117 850 NA
14118 850 NA
14119 850 NA
14120 850 NA
14121 850 NA
14122 850 NA
14123 850 NA
14124 849 NA
14125 849 NA
14126 850 NA
14127 850 NA
14128 850 NA
14129 850 NA
14130 850 NA
14131 850 NA
14132 850 NA
14133 850 NA
14134 850 NA
14135 849 NA
14136 850 NA
14137 850 NA
14138 850 NA
14139 850 NA
14140 850 NA
14141 850 NA
14142 850 NA
14143 850 NA
14144 850 NA
14145 850 NA
14146 850 NA
14147 850 NA
14148 850 NA
14149 850 NA
14150 850 NA
14151 850 NA
14152 850 NA
14153 849 NA
14154 849 NA
14155 850 NA
14156 850 NA
14157 850 NA
14158 850 NA
14159 850 NA
14160 850 NA
14161 850 NA
14162 849 NA
14163 850 NA
14164 850 NA
14165 850 NA
14166 850 NA
14167 850 NA
14168 850 NA
14169 850 NA
14170 849 NA
14171 850 NA
14172 850 NA
14173 850 NA
14174 850 NA
14175 850 NA
14176 850 NA
14177 850 NA
14178 850 NA
14179 850 NA
14180 850 NA
14181 850 NA
14182 850 NA
14183 850 NA
14184 850 NA
14185 850 NA
14186 850 NA
14187 850 NA
14188 850 NA
14189 850 NA
14190 850 NA
14191 850 NA
14192 850 NA
14193 850 NA
14194 850 NA
14195 850 NA
14196 850 NA
14197 850 NA
14198 850 NA
14199 850 NA
14200 850 NA
14201 850 NA
14202 850 NA
14203 850 NA
14204 849 NA
14205 849 NA
14206 850 NA
14207 850 NA
14208 850 NA
14209 850 NA
14210 850 NA
14211 850 NA
14212 850 NA
14213 848 NA
14214 848 NA
14215 849 NA
14216 849 NA
14217 850 NA
14218 850 NA
14219 850 NA
14220 850 NA
14221 850 NA
14222 850 NA
14223 850 NA
14224 850 NA
14225 850 NA
14226 850 NA
14227 849 NA
14228 850 NA
14229 850 NA
14230 850 NA
14231 850 NA
14232 850 NA
14233 850 NA
14234 850 NA
14235 850 NA
14236 850 NA
14237 850 NA
14238 850 NA
14239 850 NA
14240 850 NA
14241 850 NA
14242 850 NA
14243 850 NA
14244 850 NA
14245 850 NA
14246 850 NA
14247 850 NA
14248 850 NA
14249 850 NA
14250 850 NA
14251 850 NA
14252 850 NA
14253 850 NA
14254 850 NA
14255 850 NA
14256 849 NA
14257 850 NA
14258 850 NA
14259 850 NA
14260 850 NA
14261 850 NA
14262 850 NA
14263 850 NA
14264 850 NA
14265 849 NA
14266 849 NA
14267 850 NA
14268 850 NA
14269 850 NA
14270 850 NA
14271 850 NA
14272 850 NA
14273 850 NA
14274 850 NA
14275 850 NA
14276 850 NA
14277 850 NA
14278 850 NA
14279 850 NA
14280 850 NA
14281 850 NA
14282 850 NA
14283 850 NA
14284 850 NA
14285 850 NA
14286 850 NA
14287 850 NA
14288 850 NA
14289 850 NA
14290 850 NA
14291 850 NA
14292 850 NA
14293 850 NA
14294 850 NA
14295 850 NA
14296 850 NA
14297 850 NA
14298 850 NA
14299 849 NA
14300 850 NA
14301 850 NA
14302 850 NA
14303 850 NA
14304 850 NA
14305 850 NA
14306 850 NA
14307 850 NA
14308 850 NA
14309 850 NA
14310 850 NA
14311 850 NA
14312 850 NA
14313 850 NA
14314 850 NA
14315 850 NA
14316 850 NA
14317 850 NA
14318 850 NA
14319 850 NA
14320 850 NA
14321 850 NA
14322 850 NA
14323 850 NA
14324 850 NA
14325 850 NA
14326 850 NA
14327 850 NA
14328 850 NA
14329 850 NA
14330 850 NA
14331 850 NA
14332 850 NA
14333 850 NA
14334 850 NA
14335 850 NA
14336 850 NA
14337 850 NA
14338 850 NA
14339 850 NA
14340 850 NA
14341 850 NA
14342 850 NA
14343 850 NA
14344 850 NA
14345 850 NA
14346 850 NA
14347 850 NA
14348 850 NA
14349 849 NA
14350 850 NA
14351 850 NA
14352 850 NA
14353 850 NA
14354 850 NA
14355 850 NA
14356 850 NA
14357 850 NA
14358 850 NA
14359 850 NA
14360 850 NA
14361 850 NA
14362 850 NA
14363 850 NA
14364 850 NA
14365 850 NA
14366 850 NA
14367 850 NA
14368 850 NA
14369 850 NA
14370 850 NA
14371 850 NA
14372 850 NA
14373 850 NA
14374 850 NA
14375 850 NA
14376 850 NA
14377 848 NA
14378 850 NA
14379 850 NA
14380 850 NA
14381 850 NA
14382 849 NA
14383 849 NA
14384 850 NA
14385 850 NA
14386 850 NA
14387 850 NA
14388 850 NA
14389 850 NA
14390 849 NA
14391 849 NA
14392 850 NA
14393 850 NA
14394 850 NA
14395 850 NA
14396 850 NA
14397 850 NA
14398 850 NA
14399 850 NA
14400 850 NA
14401 850 NA
14402 850 NA
14403 850 NA
14404 850 NA
14405 850 NA
14406 850 NA
14407 850 NA
14408 850 NA
14409 849 NA
14410 850 NA
14411 850 NA
14412 850 NA
14413 850 NA
14414 850 NA
14415 850 NA
14416 850 NA
14417 850 NA
14418 850 NA
14419 850 NA
14420 850 NA
14421 850 NA
14422 850 NA
14423 850 NA
14424 850 NA
14425 850 NA
14426 849 NA
14428 850 NA
14429 850 NA
14430 850 NA
14431 848 NA
14432 850 NA
14433 850 NA
14434 850 NA
14435 850 NA
14436 850 NA
14437 850 NA
14438 850 NA
14439 850 NA
14440 850 NA
14441 850 NA
14442 850 NA
14443 850 NA
14444 850 NA
14445 850 NA
14446 850 NA
14447 850 NA
14448 850 NA
14449 850 NA
14450 850 NA
14451 850 NA
14452 850 NA
14453 850 NA
14454 850 NA
14455 850 NA
14456 850 NA
14457 850 NA
14458 850 NA
14459 847 NA
14460 847 NA
14461 850 NA
14462 850 NA
14463 850 NA
14464 850 NA
14465 850 NA
14466 850 NA
14467 850 NA
14468 850 NA
14469 850 NA
14470 850 NA
14471 850 NA
14472 850 NA
14473 850 NA
14474 850 NA
14475 850 NA
14476 850 NA
14477 850 NA
14478 850 NA
14479 849 NA
14480 850 NA
14481 850 NA
14482 850 NA
14483 850 NA
14484 850 NA
14485 850 NA
14486 850 NA
14487 850 NA
14488 850 NA
14489 870 NA
14490 870 NA
14491 870 NA
14492 914 NA
14493 914 NA
14494 950 NA
14495 950 NA
14496 950 NA
14497 950 NA
14498 950 NA
14499 950 NA
14500 949 NA
14501 950 NA
14502 950 NA
14503 950 NA
14504 950 NA
14505 950 NA
14506 948 NA
14507 950 NA
14508 950 NA
14509 950 NA
14510 950 NA
14511 950 NA
14512 950 NA
14513 950 NA
14514 950 NA
14515 950 NA
14516 950 NA
14517 950 NA
14518 950 NA
14519 950 NA
14520 950 NA
14521 950 NA
14522 950 NA
14523 950 NA
14524 950 NA
14525 950 NA
14526 950 NA
14527 950 NA
14528 950 NA
14529 950 NA
14530 950 NA
14531 950 NA
14532 950 NA
14533 950 NA
14534 950 NA
14535 950 NA
14536 950 NA
14537 950 NA
14538 950 NA
14539 950 NA
14540 950 NA
14541 950 NA
14542 950 NA
14543 950 NA
14544 950 NA
14545 950 NA
14546 950 NA
14547 950 NA
14548 950 NA
14549 950 NA
14550 950 NA
14551 950 NA
14552 950 NA
14553 950 NA
14554 950 NA
14555 950 NA
14556 950 NA
14557 950 NA
14558 950 NA
14559 950 NA
14560 950 NA
14561 950 NA
14562 950 NA
14563 950 NA
14564 950 NA
14565 950 NA
14566 950 NA
14567 950 NA
14568 950 NA
14569 950 NA
14570 950 NA
14571 950 NA
14572 950 NA
14573 950 NA
14574 950 NA
14575 950 NA
14576 950 NA
14577 950 NA
14578 950 NA
14579 950 NA
14580 950 NA
14581 950 NA
14582 950 NA
14583 950 NA
14584 950 NA
14585 950 NA
14586 950 NA
14587 950 NA
14588 950 NA
14589 950 NA
14590 950 NA
14591 950 NA
14592 950 NA
14593 950 NA
14594 950 NA
14595 950 NA
14596 950 NA
14597 950 NA
14598 950 NA
14599 950 NA
14600 950 NA
14601 950 NA
14602 950 NA
14603 950 NA
14604 950 NA
14605 950 NA
14606 950 NA
14607 950 NA
14608 950 NA
14609 950 NA
14610 950 NA
14611 950 NA
14612 950 NA
14613 950 NA
14614 950 NA
14615 950 NA
14616 950 NA
14617 950 NA
14618 950 NA
14619 950 NA
14620 950 NA
14621 950 NA
14622 950 NA
14623 950 NA
14624 950 NA
14625 950 NA
14626 950 NA
14627 950 NA
14628 950 NA
14629 950 NA
14630 950 NA
14631 950 NA
14632 950 NA
14633 950 NA
14634 950 NA
14635 950 NA
14636 950 NA
14637 950 NA
14638 950 NA
14639 950 NA
14640 950 NA
14641 950 NA
14642 950 NA
14643 950 NA
14644 950 NA
14645 950 NA
14646 950 NA
14647 950 NA
14648 950 NA
14649 950 NA
14650 950 NA
14651 950 NA
14653 950 NA
14654 950 NA
14655 950 NA
14656 950 NA
14657 950 NA
14658 950 NA
14659 950 NA
14660 950 NA
14661 950 NA
14662 950 NA
14663 950 NA
14664 950 NA
14665 950 NA
14666 950 NA
14667 950 NA
14668 950 NA
14669 950 NA
14670 950 NA
14671 950 NA
14672 950 NA
14673 950 NA
14674 950 NA
14675 950 NA
14676 950 NA
14677 950 NA
14678 950 NA
14679 950 NA
14680 950 NA
14681 950 NA
14682 950 NA
14683 950 NA
14684 950 NA
14685 950 NA
14686 950 NA
14687 950 NA
14688 950 NA
14689 950 NA
14690 950 NA
14691 950 NA
14692 950 NA
14693 950 NA
14694 950 NA
14695 950 NA
14696 950 NA
14697 950 NA
14698 950 NA
14699 950 NA
14700 950 NA
14701 950 NA
14702 950 NA
14703 950 NA
14704 950 NA
14705 950 NA
14706 950 NA
14707 950 NA
14708 950 NA
14709 950 NA
14710 950 NA
14711 950 NA
14712 950 NA
14713 950 NA
14714 950 NA
14715 950 NA
14716 950 NA
14717 950 NA
14718 950 NA
14719 950 NA
14720 950 NA
14721 950 NA
14722 950 NA
14723 950 NA
14724 950 NA
14725 950 NA
14726 950 NA
14727 950 NA
14728 950 NA
14729 950 NA
14730 950 NA
14731 950 NA
14732 950 NA
14733 950 NA
14734 950 NA
14735 950 NA
14736 950 NA
14737 950 NA
14738 950 NA
14739 950 NA
14740 950 NA
14741 950 NA
14742 950 NA
14743 950 NA
14744 950 NA
14745 950 NA
14746 950 NA
14747 950 NA
14748 950 NA
14749 950 NA
14750 950 NA
14751 950 NA
14752 950 NA
14753 950 NA
14754 950 NA
14755 950 NA
14756 950 NA
14757 950 NA
14758 950 NA
14759 950 NA
14760 950 NA
14761 950 NA
14762 950 NA
14763 950 NA
14764 950 NA
14765 950 NA
14766 950 NA
14767 950 NA
14768 950 NA
14769 950 NA
14770 950 NA
14771 950 NA
14772 950 NA
14773 950 NA
14774 950 NA
14775 950 NA
14776 950 NA
14777 950 NA
14778 950 NA
14779 950 NA
14780 950 NA
14781 950 NA
14782 950 NA
14783 950 NA
14784 950 NA
14785 950 NA
14786 950 NA
14787 950 NA
14788 950 NA
14789 950 NA
14790 950 NA
14791 950 NA
14792 950 NA
14793 950 NA
14794 950 NA
14795 950 NA
14796 950 NA
14797 950 NA
14798 950 NA
14799 950 NA
14800 950 NA
14801 950 NA
14802 950 NA
14803 950 NA
14804 950 NA
14805 950 NA
14806 950 NA
14807 950 NA
14808 950 NA
14809 950 NA
14810 950 NA
14811 950 NA
14812 950 NA
14813 950 NA
14814 950 NA
14815 950 NA
14816 950 NA
14817 950 NA
14818 950 NA
14819 950 NA
14820 950 NA
14821 950 NA
14822 950 NA
14823 950 NA
14824 950 NA
14825 950 NA
14826 950 NA
14827 950 NA
14828 950 NA
14829 950 NA
14830 950 NA
14831 950 NA
14832 950 NA
14833 950 NA
14834 950 NA
14835 950 NA
14836 950 NA
14837 950 NA
14838 950 NA
14839 950 NA
14840 950 NA
14841 950 NA
14842 950 NA
14843 950 NA
14844 950 NA
14845 950 NA
14846 950 NA
14847 950 NA
14848 950 NA
14849 950 NA
14850 950 NA
14851 950 NA
14852 950 NA
14853 950 NA
14854 950 NA
14855 950 NA
14856 950 NA
14857 950 NA
14858 950 NA
14859 950 NA
14860 950 NA
14861 950 NA
14862 950 NA
14863 945 NA
14864 945 NA
14865 945 NA
14866 949 NA
14867 949 NA
14868 949 NA
14869 949 NA
14870 950 NA
14871 950 NA
14872 950 NA
14873 950 NA
14874 950 NA
14875 950 NA
14876 950 NA
14877 950 NA
14878 950 NA
14879 950 NA
14880 950 NA
14881 950 NA
14882 950 NA
14883 950 NA
14884 950 NA
14885 950 NA
14886 950 NA
14887 950 NA
14888 950 NA
14889 950 NA
14890 950 NA
14891 950 NA
14892 950 NA
14893 950 NA
14894 950 NA
14895 950 NA
14896 950 NA
14897 950 NA
14898 950 NA
14899 950 NA
14900 950 NA
14901 950 NA
14902 950 NA
14903 950 NA
14904 950 NA
14905 950 NA
14906 950 NA
14907 950 NA
14908 950 NA
14909 950 NA
14910 950 NA
14911 950 NA
14912 950 NA
14913 950 NA
14914 950 NA
14915 950 NA
14916 950 NA
14917 950 NA
14918 950 NA
14920 950 NA
14921 950 NA
14922 950 NA
14923 950 NA
14924 950 NA
14925 950 NA
14926 950 NA
14927 950 NA
14928 950 NA
14929 950 NA
14930 950 NA
14931 950 NA
14932 950 NA
14933 950 NA
14934 950 NA
14935 950 NA
14936 950 NA
14937 950 NA
14938 950 NA
14939 950 NA
14940 950 NA
14941 950 NA
14942 950 NA
14943 950 NA
14944 950 NA
14945 950 NA
14946 950 NA
14947 950 NA
14948 950 NA
14949 950 NA
14950 950 NA
14951 950 NA
14952 950 NA
14953 950 NA
14954 950 NA
14955 950 NA
14956 950 NA
14957 950 NA
14958 950 NA
14959 950 NA
14960 950 NA
14961 950 NA
14962 950 NA
14963 950 NA
14964 950 NA
14965 950 NA
14966 950 NA
14967 950 NA
14968 950 NA
14969 950 NA
14970 950 NA
14971 950 NA
14972 950 NA
14973 950 NA
14974 950 NA
14981 950 NA
14988 950 NA
14995 950 NA
15002 950 NA
15009 950 NA
15016 950 NA
15018 974 NA
15020 1020 NA
15021 1020 NA
15025 1071 NA
15028 1105 NA
15029 1086 NA
15031 1086 NA
15032 1131 NA
15033 1131 NA
15035 1161 NA
15036 1161 NA
15038 1199 NA
15039 1199 NA
15042 1255 NA
15044 1315 NA
15046 1315 NA
15047 1368 NA
15048 1368 NA
15050 1430 NA
15052 1430 NA
15054 1498 NA
15055 1498 NA
15058 1560 NA
15060 1560 NA
15061 1638 NA
15064 1674 NA
15067 1674 NA
15068 1601 NA
15072 1567 NA
15073 1567 NA
15077 1607 NA
15078 1576 NA
15080 1576 NA
15082 1632 NA
15085 1640 NA
15090 1640 NA
15091 1644 NA
15094 1681 NA
15096 1701 NA
15098 1701 NA
15100 1691 NA
15101 1691 NA
15103 1703 NA
15106 1761 NA
15110 1753 NA
15114 1739 NA
15116 1739 NA
15119 1778 NA
15120 1778 NA
15123 1772 NA
15125 1775 NA
15128 1777 NA
15130 1777 NA
15131 1841 NA
15133 1841 NA
15135 1930 NA
15136 1930 NA
15138 1966 NA
15142 1902 NA
15143 1902 NA
15144 1811 NA
15145 1811 NA
15147 1814 NA
15150 1856 NA
15154 1835 NA
15157 1835 NA
15158 1864 NA
15159 1864 NA
15161 1876 NA
15164 1876 NA
15165 1815 NA
15168 1742 NA
15172 1723 NA
15175 1663 NA
15177 1678 NA
15179 1678 NA
15182 1648 NA
15184 1669 NA
15186 1669 NA
15187 1682 NA
15193 1723 NA
15194 1723 NA
15196 1716 NA
15197 1691 NA
15199 1691 NA
15204 1634 NA
15207 1588 NA
15210 1560 NA
15214 1581 NA
15217 1545 NA
15219 1501 NA
15221 1501 NA
15222 1428 NA
15224 1382 NA
15227 1360 NA
15231 1362 NA
15232 1362 NA
15235 1308 NA
15238 1324 NA
15242 1337 NA
15243 1348 NA
15244 1348 NA
15248 1381 NA
15249 1381 NA
15250 1413 NA
15256 1438 NA
15258 1430 NA
15263 1425 NA
15264 1425 NA
15266 1428 NA
15270 1429 NA
15271 1429 NA
15273 1415 NA
15275 1415 NA
15277 1418 NA
15281 1418 NA
15282 1377 NA
15283 1377 NA
15287 1384 NA
15291 1363 NA
15296 1355 NA
15297 1355 NA
15302 1306 NA
15304 1306 NA
15306 1302 NA
15310 1302 NA
15312 1310 NA
15314 1310 NA
15315 1295 NA
15318 1295 NA
15319 1314 NA
15326 1314 NA
15327 1314 NA
15328 1342 NA
15331 1342 NA
15332 1338 NA
15335 1338 NA
15336 1271 NA
15338 1271 NA
15339 1221 NA
15340 1221 NA
15341 1221 NA
15342 1221 NA
15343 1214 NA
15344 1214 NA
15345 1214 NA
15346 1214 NA
15347 1219 NA
15348 1219 NA
15349 1219 NA
15350 1219 NA
15351 1219 NA
15352 1234 NA
15353 1234 NA
15354 1234 NA
15355 1234 NA
15356 1225 NA
15357 1225 NA
15358 1225 NA
15359 1225 NA
15360 1196 NA
15361 1196 NA
15362 1196 NA
15363 1177 NA
15364 1177 NA
15365 1177 NA
15366 1177 NA
15367 1178 NA
15368 1178 NA
15369 1178 NA
15370 1178 NA
15371 1178 NA
15372 1172 NA
15373 1172 NA
15374 1172 NA
15375 1172 NA
15376 1172 NA
15377 1176 NA
15378 1176 NA
15379 1176 NA
15380 1176 NA
15381 1176 NA
15382 1204 NA
15383 1204 NA
15384 1204 NA
15385 1204 NA
15386 1204 NA
15387 1228 NA
15388 1228 NA
15389 1228 NA
15390 1228 NA
15391 1225 NA
15392 1225 NA
15393 1225 NA
15394 1225 NA
15395 1225 NA
15396 1212 NA
15397 1212 NA
15398 1212 NA
15399 1212 NA
15400 1212 NA
15401 1184 NA
15402 1184 NA
15403 1184 NA
15404 1184 NA
15405 1184 NA
15406 1155 NA
15407 1155 NA
15408 1155 NA
15409 1155 NA
15410 1155 NA
15411 1143 NA
15412 1143 NA
15413 1143 NA
15414 1143 NA
15415 1143 NA
15416 1143 NA
15417 1183 NA
15418 1183 NA
15419 1183 NA
15420 1183 NA
15421 1227 NA
15422 1235 NA
15423 1243 NA
15424 1251 NA
15425 1259 NA
15426 1267 NA
15427 1267 NA
15428 1267 NA
15429 1267 NA
15430 1277 NA
15431 1277 NA
15432 1277 NA
15433 1287 NA
15434 1287 NA
15435 1287 NA
15436 1287 NA
15437 1296 NA
15438 1296 NA
15439 1296 NA
15440 1296 NA
15441 1304 NA
15442 1304 NA
15443 1304 NA
15444 1304 NA
15445 1304 NA
15446 1286 NA
15447 1286 NA
15448 1286 NA
15449 1286 NA
15450 1286 NA
15451 1246 NA
15452 1246 NA
15453 1246 NA
15454 1246 NA
15455 1246 NA
15456 1266 NA
15457 1266 NA
15458 1266 NA
15459 1266 NA
15460 1266 NA
15461 1287 NA
15462 1287 NA
15463 1287 NA
15464 1287 NA
15465 1287 NA
15466 1298 NA
15467 1298 NA
15468 1298 NA
15469 1298 NA
15470 1301 NA
15471 1301 NA
15472 1301 NA
15473 1301 NA
15474 1301 NA
15475 1301 NA
15476 1301 NA
15477 1301 NA
15478 1301 NA
15479 1301 NA
15480 1300 NA
15481 1300 NA
15482 1300 NA
15483 1300 NA
15484 1302 NA
15485 1302 NA
15486 1302 NA
15487 1302 NA
15488 1288 NA
15489 1288 NA
15490 1288 NA
15491 1288 NA
15492 1323 NA
15493 1323 NA
15494 1323 NA
15495 1364 NA
15496 1364 NA
15497 1364 NA
15498 1364 NA
15499 1424 NA
15500 1424 NA
15501 1424 NA
15502 1424 NA
15503 1492 NA
15504 1492 NA
15505 1492 NA
15506 1492 NA
15507 1551 NA
15508 1551 NA
15509 1551 NA
15510 1551 NA
15511 1625 NA
15512 1625 NA
15513 1625 NA
15514 1703 NA
15515 1703 NA
15516 1703 NA
15517 1703 NA
15518 1743 NA
15519 1743 NA
15520 1743 NA
15521 1743 NA
15522 1684 NA
15523 1684 NA
15524 1684 NA
15525 1696 NA
15526 1696 NA
15527 1696 NA
15528 1696 NA
15529 1696 NA
15530 1755 NA
15531 1755 NA
15532 1755 NA
15533 1755 NA
15534 1791 NA
15535 1791 NA
15536 1791 NA
15537 1791 NA
15538 1762 NA
15539 1762 NA
15540 1762 NA
15541 1762 NA
15542 1741 NA
15543 1741 NA
15544 1741 NA
15545 1741 NA
15546 1741 NA
15547 1747 NA
15548 1747 NA
15549 1747 NA
15550 1747 NA
15551 1747 NA
15552 1703 NA
15553 1703 NA
15554 1703 NA
15555 1703 NA
15556 1621 NA
15557 1621 NA
15558 1621 NA
15559 1621 NA
15560 1587 NA
15561 1587 NA
15562 1587 NA
15563 1587 NA
15564 1543 NA
15565 1543 NA
15566 1543 NA
15567 1543 NA
15568 1543 NA
15569 1532 NA
15570 1532 NA
15571 1532 NA
15572 1532 NA
15573 1532 NA
15574 1516 NA
15575 1516 NA
15576 1516 NA
15577 1516 NA
15578 1516 NA
15579 1518 NA
15580 1518 NA
15581 1518 NA
15582 1518 NA
15583 1518 NA
15584 1546 NA
15585 1546 NA
15586 1546 NA
15587 1546 NA
15588 1579 NA
15589 1579 NA
15590 1579 NA
15591 1579 NA
15592 1579 NA
15593 1624 NA
15594 1624 NA
15595 1624 NA
15596 1624 NA
15597 1624 NA
15598 1645 NA
15599 1645 NA
15600 1645 NA
15601 1645 NA
15602 1645 NA
15603 1645 NA
15604 1645 NA
15605 1653 NA
15606 1653 NA
15607 1653 NA
15608 1653 NA
15609 1653 NA
15610 1640 NA
15611 1640 NA
15612 1640 NA
15613 1640 NA
15614 1640 NA
15615 1588 NA
15616 1588 NA
15617 1588 NA
15618 1588 NA
15619 1588 NA
15620 1530 NA
15621 1530 NA
15622 1530 NA
15623 1530 NA
15624 1530 NA
15625 1530 NA
15626 1464 NA
15627 1464 NA
15628 1464 NA
15629 1464 NA
15630 1464 NA
15631 1439 NA
15632 1439 NA
15633 1439 NA
15634 1439 NA
15635 1439 NA
15636 1439 NA
15637 1419 NA
15638 1419 NA
15639 1419 NA
15640 1419 NA
15641 1419 NA
15642 1419 NA
15643 1419 NA
15644 1427 NA
15645 1427 NA
15646 1427 NA
15647 1427 NA
15648 1427 NA
15649 1427 NA
15650 1428 NA
15651 1430 NA
15652 1431 NA
15653 1433 NA
15654 1434 NA
15655 1435 NA
15656 1437 NA
15657 1438 NA
15658 1397 NA
15659 1397 NA
15660 1397 NA
15661 1397 NA
15662 1397 NA
15663 1397 NA
15664 1397 NA
15665 1369 NA
15666 1369 NA
15667 1369 NA
15668 1369 NA
15669 1369 NA
15670 1369 NA
15671 1369 NA
15672 1369 NA
15673 1390 NA
15674 1390 NA
15675 1390 NA
15676 1390 NA
15677 1390 NA
15678 1390 NA
15679 1390 NA
15680 1390 NA
15681 1415 NA
15682 1415 NA
15683 1415 NA
15684 1415 NA
15685 1415 NA
15686 1415 NA
15687 1415 NA
15688 1415 NA
15689 1415 NA
15690 1415 NA
15691 1421 NA
15692 1421 NA
15693 1421 NA
15694 1421 NA
15695 1421 NA
15696 1421 NA
15697 1421 NA
15698 1421 NA
15699 1421 NA
15700 1421 NA
15701 1462 NA
15702 1462 NA
15703 1462 NA
15704 1462 NA
15705 1462 NA
15706 1462 NA
15707 1462 NA
15708 1462 NA
15709 1462 NA
15710 1458 NA
15711 1458 NA
15712 1458 NA
15713 1458 NA
15714 1458 NA
15715 1458 NA
15716 1458 NA
15717 1458 NA
15718 1458 NA
15719 1458 NA
15720 1445 NA
15721 1445 NA
15722 1445 NA
15723 1445 NA
15724 1445 NA
15725 1445 NA
15726 1445 NA
15727 1445 NA
15728 1445 NA
15729 1445 NA
15730 1454 NA
15731 1454 NA
15732 1454 NA
15733 1454 NA
15734 1454 NA
15735 1454 NA
15736 1454 NA
15737 1454 NA
15738 1454 NA
15739 1454 NA
15740 1436 NA
15741 1436 NA
15742 1436 NA
15743 1436 NA
15744 1436 NA
15745 1436 NA
15746 1436 NA
15747 1436 NA
15748 1436 NA
15749 1436 NA
15750 1447 NA
15751 1447 NA
15752 1447 NA
15753 1447 NA
15754 1447 NA
15755 1447 NA
15756 1447 NA
15757 1447 NA
15758 1447 NA
15759 1447 NA
15760 1445 NA
15761 1445 NA
15762 1445 NA
15763 1445 NA
15764 1445 NA
15765 1445 NA
15766 1445 NA
15767 1445 NA
15768 1445 NA
15769 1445 NA
15770 1445 NA
15771 1445 NA
15772 1451 NA
15773 1451 NA
15774 1451 NA
15775 1451 NA
15776 1451 NA
15777 1451 NA
15778 1451 NA
15779 1451 NA
15780 1451 NA
15781 1451 NA
15782 1451 NA
15783 1451 NA
15784 1440 NA
15785 1440 NA
15786 1440 NA
15787 1440 NA
15788 1440 NA
15789 1440 NA
15790 1440 NA
15791 1440 NA
15792 1440 NA
15793 1440 NA
15794 1440 NA
15795 1440 NA
15796 1448 NA
15797 1448 NA
15798 1448 NA
15799 1448 NA
15800 1448 NA
15801 1448 NA
15802 1448 NA
15803 1448 NA
15804 1448 NA
15805 1448 NA
15806 1448 NA
15807 1448 NA
15808 1451 NA
15809 1451 NA
15810 1451 NA
15811 1451 NA
15812 1451 NA
15813 1451 NA
15814 1451 NA
15815 1451 NA
15816 1451 NA
15817 1451 NA
15818 1451 NA
15819 1451 NA
15820 1462 NA
15821 1462 NA
15822 1462 NA
15823 1462 NA
15824 1462 NA
15825 1462 NA
15826 1462 NA
15827 1462 NA
15828 1462 NA
15829 1462 NA
15830 1462 NA
15831 1462 NA
15832 1462 NA
15833 1462 NA
15834 1462 NA
15835 1506 NA
15836 1506 NA
15837 1506 NA
15838 1506 NA
15839 1506 NA
15840 1506 NA
15841 1506 NA
15842 1506 NA
15843 1506 NA
15844 1506 NA
15845 1506 NA
15846 1506 NA
15847 1506 NA
15848 1552 NA
15849 1552 NA
15850 1552 NA
15851 1552 NA
15852 1552 NA
15853 1552 NA
15854 1552 NA
15855 1552 NA
15856 1552 NA
15857 1552 NA
15858 1552 NA
15859 1552 NA
15860 1552 NA
15861 1612 NA
15862 1612 NA
15863 1612 NA
15864 1612 NA
15865 1612 NA
15866 1612 NA
15867 1612 NA
15868 1612 NA
15869 1612 NA
15870 1612 NA
15871 1612 NA
15872 1612 NA
15873 1656 NA
15874 1656 NA
15875 1656 NA
15876 1656 NA
15877 1656 NA
15878 1656 NA
15879 1656 NA
15880 1656 NA
15881 1656 NA
15882 1656 NA
15883 1656 NA
15884 1656 NA
15885 1656 NA
15886 1705 NA
15887 1705 NA
15888 1705 NA
15889 1705 NA
15890 1705 NA
15891 1705 NA
15892 1705 NA
15893 1705 NA
15894 1705 NA
15895 1705 NA
15896 1705 NA
15897 1724 NA
15898 1724 NA
15899 1724 NA
15900 1724 NA
15901 1724 NA
15902 1724 NA
15903 1722 NA
15904 1719 NA
15905 1717 NA
15906 1715 NA
15907 1712 NA
15908 1710 NA
15909 1710 NA
15910 1710 NA
15911 1710 NA
15912 1710 NA
15913 1710 NA
15914 1710 NA
15915 1710 NA
15916 1710 NA
15917 1710 NA
15918 1710 NA
15919 1710 NA
15920 1710 NA
15921 1776 NA
15922 1776 NA
15923 1776 NA
15924 1776 NA
15925 1776 NA
15926 1776 NA
15927 1776 NA
15928 1776 NA
15929 1776 NA
15930 1776 NA
15931 1776 NA
15932 1776 NA
15933 1776 NA
15934 1776 NA
15935 1776 NA
15936 1853 NA
15937 1853 NA
15938 1853 NA
15939 1853 NA
15940 1853 NA
15941 1853 NA
15942 1853 NA
15943 1853 NA
15944 1853 NA
15945 1853 NA
15946 1853 NA
15947 1853 NA
15948 1853 NA
15949 1853 NA
15950 1853 NA
15951 1941 NA
15952 1941 NA
15953 1941 NA
15954 1941 NA
15955 1941 NA
15956 1941 NA
15957 1941 NA
15958 1941 NA
15959 1941 NA
15960 1941 NA
15961 1941 NA
15962 1941 NA
15963 1941 NA
15964 1941 NA
15965 1941 NA
15966 1941 NA
15967 1941 NA
15968 1941 NA
15969 1941 NA
15970 1941 NA
15971 2031 NA
15972 2031 NA
15973 2031 NA
15974 2031 NA
15975 2031 NA
15976 2031 NA
15977 2031 NA
15978 2031 NA
15979 2031 NA
15980 2031 NA
15981 2031 NA
15982 2031 NA
15983 2031 NA
15984 2031 NA
15985 2031 NA
15986 2043 NA
15987 2055 NA
15988 2067 NA
15989 2079 NA
15990 2090 NA
15991 2102 NA
15992 2114 NA
15993 2126 NA
15994 2126 NA
15995 2126 NA
15996 2126 NA
15997 2126 NA
15998 2126 NA
15999 2126 NA
16000 2126 NA
16001 2126 NA
16002 2126 NA
16003 2126 NA
16004 2126 NA
16005 2126 NA
16006 2126 NA
16007 2126 NA
16008 2126 NA
16009 2126 NA
16010 2126 NA
16011 2224 NA
16012 2224 NA
16013 2224 NA
16014 2224 NA
16015 2224 NA
16016 2224 NA
16017 2224 NA
16018 2224 NA
16019 2224 NA
16020 2224 NA
16021 2224 NA
16022 2224 NA
16023 2224 NA
16024 2224 NA
16025 2224 NA
16026 2224 NA
16027 2224 NA
16028 2224 NA
16029 2224 NA
16030 2328 NA
16031 2328 NA
16032 2328 NA
16033 2328 NA
16034 2328 NA
16035 2328 NA
16036 2328 NA
16037 2328 NA
16038 2328 NA
16039 2328 NA
16040 2328 NA
16041 2328 NA
16042 2328 NA
16043 2328 NA
16044 2328 NA
16045 2328 NA
16046 2328 NA
16047 2328 NA
16048 2328 NA
16049 2328 NA
16050 2328 NA
16051 2411 NA
16052 2411 NA
16053 2411 NA
16054 2411 NA
16055 2411 NA
16056 2411 NA
16057 2411 NA
16058 2411 NA
16059 2411 NA
16060 2411 NA
16061 2411 NA
16062 2411 NA
16063 2411 NA
16064 2411 NA
16065 2411 NA
16066 2411 NA
16067 2411 NA
16068 2411 NA
16069 2411 NA
16070 2411 NA
16071 2503 NA
16072 2503 NA
16073 2503 NA
16074 2503 NA
16075 2503 NA
16076 2503 NA
16077 2503 NA
16078 2503 NA
16079 2503 NA
16080 2503 NA
16081 2503 NA
16082 2503 NA
16083 2503 NA
16084 2503 NA
16085 2503 NA
16086 2503 NA
16087 2503 NA
16088 2562 NA
16089 2562 NA
16090 2562 NA
16091 2562 NA
16092 2562 NA
16093 2562 NA
16094 2562 NA
16095 2562 NA
16096 2562 NA
16097 2562 NA
16098 2562 NA
16099 2562 NA
16100 2562 NA
16101 2562 NA
16102 2562 NA
16103 2562 NA
16104 2562 NA
16105 2666 NA
16106 2666 NA
16107 2666 NA
16108 2666 NA
16109 2666 NA
16110 2666 NA
16111 2666 NA
16112 2666 NA
16113 2666 NA
16114 2666 NA
16115 2666 NA
16116 2666 NA
16117 2666 NA
16118 2666 NA
16119 2666 NA
16120 2666 NA
16121 2666 NA
16122 2666 NA
16123 2666 NA
16124 2723 NA
16125 2723 NA
16126 2723 NA
16127 2723 NA
16128 2723 NA
16129 2723 NA
16130 2723 NA
16131 2723 NA
16132 2723 NA
16133 2723 NA
16134 2723 NA
16135 2723 NA
16136 2723 NA
16137 2723 NA
16138 2723 NA
16139 2723 NA
16140 2723 NA
16141 2723 NA
16142 2723 NA
16143 2788 NA
16144 2788 NA
16145 2788 NA
16146 2788 NA
16147 2788 NA
16148 2788 NA
16149 2788 NA
16150 2788 NA
16151 2788 NA
16152 2788 NA
16153 2788 NA
16154 2788 NA
16155 2788 NA
16156 2788 NA
16157 2788 NA
16158 2788 NA
16159 2788 NA
16160 2788 NA
16161 2834 NA
16162 2834 NA
16163 2834 NA
16164 2834 NA
16165 2834 NA
16166 2834 NA
16167 2834 NA
16168 2834 NA
16169 2834 NA
16170 2834 NA
16171 2834 NA
16172 2834 NA
16173 2834 NA
16174 2834 NA
16175 2834 NA
16176 2834 NA
16177 2834 NA
16178 2834 NA
16179 2834 NA
16180 2874 NA
16181 2874 NA
16182 2874 NA
16183 2874 NA
16184 2874 NA
16185 2874 NA
16186 2874 NA
16187 2874 NA
16188 2874 NA
16189 2874 NA
16190 2874 NA
16191 2874 NA
16192 2874 NA
16193 2874 NA
16194 2874 NA
16195 2874 NA
16196 2874 NA
16197 2874 NA
16198 2874 NA
16199 2874 NA
16200 2874 NA
16201 2954 NA
16202 2954 NA
16203 2954 NA
16204 2954 NA
16205 2954 NA
16206 2954 NA
16207 2954 NA
16208 2954 NA
16209 2954 NA
16210 2954 NA
16211 2954 NA
16212 2954 NA
16213 2954 NA
16214 2954 NA
16215 2954 NA
16216 2954 NA
16217 2954 NA
16218 2954 NA
16219 2954 NA
16220 2954 NA
16221 2954 NA
16222 2926 NA
16223 2926 NA
16224 2926 NA
16225 2926 NA
16226 2926 NA
16227 2926 NA
16228 2926 NA
16229 2926 NA
16230 2926 NA
16231 2926 NA
16232 2926 NA
16233 2926 NA
16234 2926 NA
16235 2926 NA
16236 2926 NA
16237 2834 NA
16238 2834 NA
16239 2834 NA
16240 2834 NA
16241 2834 NA
16242 2834 NA
16243 2834 NA
16244 2834 NA
16245 2834 NA
16246 2834 NA
16247 2834 NA
16248 2834 NA
16249 2834 NA
16250 2834 NA
16251 2714 NA
16252 2714 NA
16253 2714 NA
16254 2714 NA
16255 2714 NA
16256 2714 NA
16257 2714 NA
16258 2714 NA
16259 2714 NA
16260 2714 NA
16261 2714 NA
16262 2714 NA
16263 2714 NA
16264 2714 NA
16265 2714 NA
16266 2709 NA
16267 2709 NA
16268 2709 NA
16269 2709 NA
16270 2709 NA
16271 2709 NA
16272 2709 NA
16273 2709 NA
16274 2709 NA
16275 2709 NA
16276 2709 NA
16277 2709 NA
16278 2709 NA
16279 2723 NA
16280 2723 NA
16281 2723 NA
16282 2723 NA
16283 2723 NA
16284 2723 NA
16285 2723 NA
16286 2723 NA
16287 2723 NA
16288 2723 NA
16289 2723 NA
16290 2723 NA
16291 2723 NA
16292 2723 NA
16293 2723 NA
16294 2850 NA
16295 2850 NA
16296 2850 NA
16297 2850 NA
16298 2850 NA
16299 2850 NA
16300 2850 NA
16301 2850 NA
16302 2850 NA
16303 2850 NA
16304 2850 NA
16305 2850 NA
16306 2850 NA
16307 2850 NA
16308 2850 NA
16309 2850 NA
16310 2972 NA
16311 2972 NA
16312 2972 NA
16313 2972 NA
16314 2972 NA
16315 2972 NA
16316 2972 NA
16317 2972 NA
16318 2972 NA
16319 2972 NA
16320 2972 NA
16321 2972 NA
16322 2972 NA
16323 2972 NA
16324 2972 NA
16325 2972 NA
16326 2972 NA
16327 3095 NA
16328 3095 NA
16329 3095 NA
16330 3095 NA
16331 3095 NA
16332 3095 NA
16333 3095 NA
16334 3095 NA
16335 3095 NA
16336 3095 NA
16337 3095 NA
16338 3095 NA
16339 3095 NA
16340 3095 NA
16341 3095 NA
16342 3095 NA
16343 3095 NA
16344 3240 NA
16345 3240 NA
16346 3240 NA
16347 3240 NA
16348 3240 NA
16349 3240 NA
16350 3240 NA
16351 3240 NA
16352 3240 NA
16353 3240 NA
16354 3240 NA
16355 3240 NA
16356 3240 NA
16357 3240 NA
16358 3240 NA
16359 3240 NA
16360 3240 NA
16361 3240 NA
16362 3240 NA
16363 3402 NA
16364 3402 NA
16365 3402 NA
16366 3402 NA
16367 3402 NA
16368 3402 NA
16369 3402 NA
16370 3402 NA
16371 3402 NA
16372 3402 NA
16373 3402 NA
16374 3402 NA
16375 3402 NA
16376 3402 NA
16377 3402 NA
16378 3402 NA
16379 3402 NA
16380 3402 NA
16381 3402 NA
16382 3530 NA
16383 3530 NA
16384 3530 NA
16385 3530 NA
16386 3530 NA
16387 3530 NA
16388 3530 NA
16389 3530 NA
16390 3530 NA
16391 3530 NA
16392 3530 NA
16393 3530 NA
16394 3530 NA
16395 3530 NA
16396 3530 NA
16397 3530 NA
16398 3530 NA
16399 3701 NA
16400 3701 NA
16401 3701 NA
16402 3701 NA
16403 3701 NA
16404 3701 NA
16405 3701 NA
16406 3701 NA
16407 3701 NA
16408 3701 NA
16409 3701 NA
16410 3701 NA
16411 3701 NA
16412 3701 NA
16413 3701 NA
16414 3701 NA
16415 3701 NA
16416 3701 NA
16417 3792 NA
16418 3792 NA
16419 3792 NA
16420 3792 NA
16421 3792 NA
16422 3792 NA
16423 3792 NA
16424 3792 NA
16425 3792 NA
16426 3792 NA
16427 3792 NA
16428 3792 NA
16429 3792 NA
16430 3792 NA
16431 3792 NA
16432 3792 NA
16433 3792 NA
16434 3967 NA
16435 3967 NA
16436 3967 NA
16437 3967 NA
16438 3967 NA
16439 3967 NA
16440 3967 NA
16441 3967 NA
16442 3967 NA
16443 3967 NA
16444 3967 NA
16445 3967 NA
16446 3967 NA
16447 4139 NA
16448 4139 NA
16449 4139 NA
16450 4139 NA
16451 4139 NA
16452 4139 NA
16453 4139 NA
16454 4139 NA
16455 4139 NA
16456 4139 NA
16457 4139 NA
16458 4139 NA
16459 4139 NA
16460 4139 NA
16461 4139 NA
16462 4139 NA
16463 4329 NA
16464 4329 NA
16465 4329 NA
16466 4329 NA
16467 4329 NA
16468 4329 NA
16469 4329 NA
16470 4329 NA
16471 4329 NA
16472 4329 NA
16473 4329 NA
16474 4329 NA
16475 4329 NA
16476 4329 NA
16477 4329 NA
16478 4524 NA
16479 4524 NA
16480 4524 NA
16481 4524 NA
16482 4524 NA
16483 4524 NA
16484 4524 NA
16485 4524 NA
16486 4524 NA
16487 4524 NA
16488 4524 NA
16489 4524 NA
16490 4524 NA
16491 4524 NA
16492 4524 NA
16493 4700 NA
16494 4700 NA
16495 4700 NA
16496 4700 NA
16497 4700 NA
16498 4700 NA
16499 4700 NA
16500 4700 NA
16501 4700 NA
16502 4700 NA
16503 4700 NA
16504 4700 NA
16505 4700 NA
16506 4700 NA
16507 4700 NA
16508 4855 NA
16509 4855 NA
16510 4855 NA
16511 4855 NA
16512 4855 NA
16513 4855 NA
16514 4855 NA
16515 4855 NA
16516 4855 NA
16517 4855 NA
16518 4855 NA
16519 4855 NA
16520 4855 NA
16521 4855 NA
16522 4855 NA
16523 4855 NA
16524 4855 NA
16525 5090 NA
16526 5090 NA
16527 5090 NA
16528 5090 NA
16529 5090 NA
16530 5090 NA
16531 5090 NA
16532 5090 NA
16533 5090 NA
16534 5090 NA
16535 5090 NA
16536 5090 NA
16537 5090 NA
16538 5090 NA
16539 5090 NA
16540 5090 NA
16541 5090 NA
16542 5313 NA
16543 5313 NA
16544 5313 NA
16545 5313 NA
16546 5313 NA
16547 5313 NA
16548 5313 NA
16549 5313 NA
16550 5313 NA
16551 5313 NA
16552 5313 NA
16553 5313 NA
16554 5313 NA
16555 5313 NA
16556 5313 NA
16557 5313 NA
16558 5313 NA
16559 5146 NA
16560 5146 NA
16561 5146 NA
16562 5146 NA
16563 5146 NA
16564 5146 NA
16565 5146 NA
16566 5146 NA
16567 5146 NA
16568 5146 NA
16569 5146 NA
16570 5146 NA
16571 5146 NA
16572 5146 NA
16573 5146 NA
16574 5146 NA
16575 4910 NA
16576 4910 NA
16577 4910 NA
16578 4910 NA
16579 4910 NA
16580 4910 NA
16581 4910 NA
16582 4910 NA
16583 4910 NA
16584 4910 NA
16585 4910 NA
16586 4910 NA
16587 4910 NA
16588 4671 NA
16589 4671 NA
16590 4671 NA
16591 4671 NA
16592 4671 NA
16593 4671 NA
16594 4671 NA
16595 4671 NA
16596 4671 NA
16597 4671 NA
16598 4671 NA
16599 4671 NA
16600 4671 NA
16601 4671 NA
16602 4671 NA
16603 4671 NA
16604 4452 NA
16605 4452 NA
16606 4452 NA
16607 4452 NA
16608 4452 NA
16609 4452 NA
16610 4452 NA
16611 4452 NA
16612 4452 NA
16613 4452 NA
16614 4452 NA
16615 4452 NA
16616 4452 NA
16617 4452 NA
16618 4452 NA
16619 4452 NA
16620 4241 NA
16621 4241 NA
16622 4241 NA
16623 4241 NA
16624 4241 NA
16625 4241 NA
16626 4241 NA
16627 4241 NA
16628 4241 NA
16629 4241 NA
16630 4241 NA
16631 4241 NA
16632 4241 NA
16633 4241 NA
16634 4241 NA
16635 4241 NA
16636 4047 NA
16637 4047 NA
16638 4047 NA
16639 4047 NA
16640 4047 NA
16641 4047 NA
16642 4047 NA
16643 4047 NA
16644 4047 NA
16645 4047 NA
16646 4047 NA
16647 3866 NA
16648 3866 NA
16649 3866 NA
16650 3866 NA
16651 3866 NA
16652 3866 NA
16653 3866 NA
16654 3866 NA
16655 3866 NA
16656 3866 NA
16657 3866 NA
16658 3866 NA
16659 3683 NA
16660 3683 NA
16661 3683 NA
16662 3683 NA
16663 3683 NA
16665 3683 NA
16666 3683 NA
16668 3683 NA
16669 3683 NA
16670 3683 NA
16671 3513 NA
16672 3513 NA
16673 3513 NA
16674 3513 NA
16675 3513 NA
16676 3513 NA
16677 3513 NA
16678 3513 NA
16679 3513 NA
16680 3513 NA
16681 3513 NA
16682 3513 NA
16683 3513 NA
16684 3367 NA
16686 3367 NA
16687 3367 NA
16688 3367 NA
16689 3367 NA
16690 3367 NA
16691 3367 NA
16692 3367 NA
16693 3367 NA
16694 3367 NA
16695 3260 NA
16696 3260 NA
16697 3260 NA
16698 3260 NA
16699 3260 NA
16700 3260 NA
16701 3260 NA
16702 3260 NA
16703 3260 NA
16704 3260 NA
16705 3260 NA
16706 3260 NA
16707 3260 NA
16708 3260 NA
16709 3260 NA
16710 3260 NA
16711 3301 NA
16712 3301 NA
16715 3301 NA
16717 3301 NA
16719 3301 NA
16720 3301 NA
16721 3301 NA
16722 3301 NA
16723 3301 NA
16724 3301 NA
16725 3301 NA
16726 3301 NA
16728 3301 NA
16731 3213 NA
16732 3213 NA
16733 3213 NA
16734 3213 NA
16735 3213 NA
16736 3213 NA
16737 3213 NA
16738 3213 NA
16739 3213 NA
16740 3213 NA
16741 3213 NA
16742 3213 NA
16743 3213 NA
16744 3213 NA
16745 3128 NA
16746 3128 NA
16747 3128 NA
16748 3128 NA
16749 3128 NA
16750 3128 NA
16751 3128 NA
16752 3128 NA
16753 3128 NA
16754 3128 NA
16755 3128 NA
16756 3128 NA
16757 3128 NA
16759 3128 NA
16760 3128 NA
16761 3128 NA
16762 3128 NA
16763 3128 NA
16764 3087 NA
16765 3087 NA
16766 3087 NA
16767 3087 NA
16768 3087 NA
16769 3087 NA
16770 3087 NA
16772 3087 NA
16773 3087 NA
16774 3087 NA
16775 3087 NA
16777 3087 NA
16778 3087 NA
16779 3087 NA
16780 3087 NA
16781 3087 NA
16782 3087 NA
16783 3026 NA
16784 3026 NA
16785 3026 NA
16786 3026 NA
16787 3026 NA
16788 3026 NA
16789 3026 NA
16790 3026 NA
16791 3026 NA
16792 3026 NA
16793 3026 NA
16794 3026 NA
16795 3026 NA
16796 3026 NA
16797 3026 NA
16798 3026 NA
16799 3026 NA
16800 3026 NA
16801 2936 NA
16802 2936 NA
16803 2936 NA
16804 2936 NA
16807 2936 NA
16808 2936 NA
16809 2936 NA
16810 2936 NA
16811 2936 NA
16812 2936 NA
16813 2936 NA
16814 2936 NA
16815 2936 NA
16816 2936 NA
16817 2936 NA
16818 2936 NA
16820 2864 NA
16821 2864 NA
16823 2864 NA
16824 2864 NA
16825 2864 NA
16826 2864 NA
16827 2864 NA
16828 2864 NA
16829 2864 NA
16830 2864 NA
16831 2864 NA
16832 2864 NA
16833 2864 NA
16834 2864 NA
16835 2864 NA
16836 2864 NA
16837 2864 NA
16838 2776 NA
16839 2776 NA
16840 2776 NA
16841 2776 NA
16842 2776 NA
16843 2776 NA
16844 2776 NA
16845 2776 NA
16847 2776 NA
16849 2776 NA
16850 2776 NA
16851 2776 NA
16852 2776 NA
16853 2776 NA
16854 2776 NA
16855 2776 NA
16856 2776 NA
16857 2679 NA
16858 2679 NA
16859 2679 NA
16860 2679 NA
16861 2679 NA
16862 2679 NA
16863 2679 NA
16864 2679 NA
16865 2679 NA
16866 2679 NA
16867 2679 NA
16869 2679 NA
16870 2679 NA
16871 2679 NA
16872 2679 NA
16873 2679 NA
16874 2679 NA
16875 2679 NA
16876 2679 NA
16878 2756 NA
16879 2756 NA
16880 2756 NA
16881 2756 NA
16884 2756 NA
16885 2756 NA
16886 2756 NA
16887 2756 NA
16888 2756 NA
16889 2756 NA
16890 2756 NA
16892 2756 NA
16893 2756 NA
16894 2756 NA
16895 2756 NA
16896 2756 NA
16897 2782 NA
16898 2782 NA
16899 2782 NA
16900 2782 NA
16901 2782 NA
16902 2782 NA
16903 2782 NA
16904 2782 NA
16905 2782 NA
16906 2782 NA
16907 2782 NA
16908 2782 NA
16909 2782 NA
16910 2782 NA
16911 2782 NA
16912 2782 NA
16913 2782 NA
16914 2782 NA
16915 2781 NA
16916 2781 NA
16917 2781 NA
16918 2781 NA
16919 2781 NA
16920 2781 NA
16921 2781 NA
16922 2781 NA
16923 2781 NA
16924 2781 NA
16925 2781 NA
16926 2781 NA
16927 2781 NA
16928 2781 NA
16929 2781 NA
16930 2781 NA
16931 2781 NA
16932 2781 NA
16933 2781 NA
16934 2781 NA
16935 2871 NA
16937 2871 NA
16938 2871 NA
16939 2871 NA
16940 2871 NA
16941 2871 NA
16942 2871 NA
16943 2871 NA
16944 2871 NA
16945 2871 NA
16946 2871 NA
16949 2871 NA
16950 2871 NA
16951 2871 NA
16952 2871 NA
16953 2871 NA
16954 2871 NA
16955 2871 NA
16956 2900 NA
16957 2900 NA
16958 2900 NA
16959 2900 NA
16960 2900 NA
16967 2900 NA
16968 2900 NA
16969 2900 NA
16970 2900 NA
16971 2900 NA
16972 2900 NA
16974 2900 NA
16975 2900 NA
16976 2913 NA
16977 2913 NA
16978 2913 NA
16979 2913 NA
16980 2913 NA
16981 2913 NA
16982 2913 NA
16984 2913 NA
16985 2913 NA
16986 2913 NA
16987 2913 NA
16988 2913 NA
16989 2913 NA
16990 2913 NA
16991 2913 NA
16992 2913 NA
16993 2913 NA
16994 2913 NA
16999 2913 NA
17001 2896 NA
17006 2896 NA
17007 2896 NA
17014 2896 NA
17015 2896 NA
17016 2896 NA
17017 2896 NA
17018 2896 NA
17019 2896 NA
17020 2896 NA
17021 2896 NA
17022 2896 NA
17023 2896 NA
17024 2896 NA
17025 2934 NA
17026 2934 NA
17027 2934 NA
17028 2934 NA
17029 2934 NA
17031 2934 NA
17032 2934 NA
17033 2934 NA
17034 2934 NA
17035 2934 NA
17036 2934 NA
17037 2934 NA
17038 2934 NA
17039 2934 NA
17040 2934 NA
17042 2934 NA
17044 2934 NA
17045 2934 NA
17046 2934 NA
17047 2934 NA
17048 2934 NA
17049 2934 NA
17050 2952 NA
17051 2952 NA
17052 2952 NA
17053 2952 NA
17054 2952 NA
17055 2952 NA
17056 2952 NA
17057 2952 NA
17058 2952 NA
17059 2952 NA
17060 2952 NA
17061 2952 NA
17062 2952 NA
17063 2952 NA
17064 2952 NA
17069 2952 NA
17070 2952 NA
17071 2952 NA
17072 2952 NA
17073 2952 NA
17075 2889 NA
17076 2889 NA
17077 2889 NA
17078 2889 NA
17079 2889 NA
17080 2889 NA
17081 2889 NA
17083 2889 NA
17084 2889 NA
17085 2889 NA
17086 2889 NA
17087 2889 NA
17088 2889 NA
17089 2889 NA
17091 2889 NA
17092 2889 NA
17093 2889 NA
17094 2889 NA
17095 2889 NA
17096 2889 NA
17097 2889 NA
17098 2889 NA
17099 2889 NA
17100 2889 NA
17101 2955 NA
17102 2955 NA
17103 2955 NA
17104 2955 NA
17105 2955 NA
17106 2955 NA
17107 2955 NA
17108 2955 NA
17109 2955 NA
17110 2955 NA
17111 2955 NA
17112 2955 NA
17113 2955 NA
17114 2955 NA
17115 2955 NA
17117 2955 NA
17118 2955 NA
17123 2955 NA
17124 2955 NA
17125 2955 NA
17126 2955 NA
17127 2955 NA
17129 2983 NA
17130 2983 NA
17131 2983 NA
17132 2983 NA
17133 2983 NA
17134 2983 NA
17135 2983 NA
17136 2983 NA
17138 2983 NA
17139 2983 NA
17140 2983 NA
17141 2983 NA
17142 2983 NA
17143 2983 NA
17144 2983 NA
17145 2983 NA
17146 2983 NA
17147 2983 NA
17148 2983 NA
17149 2983 NA
