"Index" "Price" "Volume"
15664 8333 NA
15665 8333 NA
15666 8333 NA
15667 8333 NA
15668 8333 NA
15669 8333 NA
15670 8333 NA
15671 8333 NA
15672 8333 NA
15673 8333 NA
15674 8333 NA
15675 8333 NA
15676 8333 NA
15677 8333 NA
15678 8333 NA
15679 8333 NA
15680 8333 NA
15681 8333 NA
15682 8333 NA
15683 8333 NA
15684 8333 NA
15685 8333 NA
15686 8333 NA
15687 8333 NA
15688 8333 NA
15689 8333 NA
15690 8333 NA
15691 8333 NA
15692 8333 NA
15693 8333 NA
15694 8333 NA
15695 8333 NA
15696 8333 NA
15697 8333 NA
15698 8333 NA
15699 8333 NA
15700 8333 NA
15701 8333 NA
15702 8333 NA
15703 8333 NA
15704 8333 NA
15705 8333 NA
15706 8333 NA
15707 8333 NA
15708 8333 NA
15709 8333 NA
15710 8333 NA
15711 8333 NA
15712 8333 NA
15713 8333 NA
15714 8333 NA
15715 8333 NA
15716 8333 NA
15717 8333 NA
15718 8333 NA
15719 8333 NA
15720 8333 NA
15721 8333 NA
15722 8333 NA
15723 8333 NA
15724 8333 NA
15725 8333 NA
15726 8333 NA
15727 8333 NA
15728 8333 NA
15729 8333 NA
15730 8333 NA
15731 8333 NA
15732 8333 NA
15733 8333 NA
15734 8333 NA
15735 8333 NA
15736 8333 NA
15737 8333 NA
15738 8333 NA
15739 8333 NA
15740 8333 NA
15741 8333 NA
15742 8333 NA
15743 8333 NA
15744 8333 NA
15745 8333 NA
15746 8333 NA
15747 8333 NA
15748 8333 NA
15749 8333 NA
15750 8333 NA
15751 8333 NA
15752 8333 NA
15753 8333 NA
15754 8333 NA
15755 8333 NA
15756 8333 NA
15757 8333 NA
15758 8333 NA
15759 8333 NA
15760 8333 NA
15761 8333 NA
15762 8333 NA
15763 8333 NA
15764 8333 NA
15765 8333 NA
15766 8333 NA
15767 8333 NA
15768 8333 NA
15769 8333 NA
15770 8333 NA
15771 8333 NA
15772 8333 NA
15773 8333 NA
15774 8333 NA
15775 8333 NA
15776 8333 NA
15777 8333 NA
15778 8333 NA
15779 8333 NA
15780 8333 NA
15781 8333 NA
15782 8333 NA
15783 8333 NA
15784 8333 NA
15785 8333 NA
15786 8333 NA
15787 8333 NA
15788 8333 NA
15789 8333 NA
15790 8333 NA
15791 8333 NA
15792 8333 NA
15793 8333 NA
15794 8333 NA
15795 8333 NA
15796 8333 NA
15797 8333 NA
15798 8333 NA
15799 8333 NA
15800 8333 NA
15801 8333 NA
15802 8333 NA
15803 8333 NA
15804 8333 NA
15805 8333 NA
15806 8333 NA
15807 8333 NA
15808 8333 NA
15809 8333 NA
15810 8333 NA
15811 8333 NA
15812 8333 NA
15813 8333 NA
15814 8333 NA
15815 8333 NA
15816 8333 NA
15817 8333 NA
15818 8333 NA
15819 8333 NA
15820 8333 NA
15821 8333 NA
15822 8333 NA
15823 8333 NA
15824 8333 NA
15825 8333 NA
15826 8333 NA
15827 8333 NA
15828 8333 NA
15829 8333 NA
15830 8333 NA
15831 8333 NA
15832 8333 NA
15833 8333 NA
15834 8333 NA
15835 8333 NA
15836 8333 NA
15837 8333 NA
15838 8333 NA
15839 8333 NA
15840 8333 NA
15841 8333 NA
15842 8333 NA
15843 8333 NA
15844 8333 NA
15845 8333 NA
15846 8333 NA
15847 8333 NA
15848 8333 NA
15849 8333 NA
15850 8333 NA
15851 8333 NA
15852 8333 NA
15853 8333 NA
15854 8333 NA
15855 8333 NA
15856 8333 NA
15857 8333 NA
15858 8333 NA
15859 8333 NA
15860 8333 NA
15861 8333 NA
15862 8333 NA
15863 8333 NA
15864 8333 NA
15865 8333 NA
15866 8333 NA
15867 8333 NA
15868 8333 NA
15869 8333 NA
15870 8333 NA
15871 8333 NA
15872 8333 NA
15873 8333 NA
15874 8333 NA
15875 8333 NA
15876 8333 NA
15877 8333 NA
15878 8333 NA
15879 8333 NA
15880 8333 NA
15881 8333 NA
15882 8333 NA
15883 8333 NA
15884 8333 NA
15885 8333 NA
15886 8333 NA
15887 8333 NA
15888 8333 NA
15889 8333 NA
15890 8333 NA
15891 8333 NA
15892 8333 NA
15893 8333 NA
15894 8333 NA
15895 8333 NA
15896 8333 NA
15897 8333 NA
15898 8333 NA
15899 8333 NA
15900 8333 NA
15901 8333 NA
15902 8333 NA
15903 8333 NA
15904 8333 NA
15905 8333 NA
15906 8333 NA
15907 8333 NA
15908 8333 NA
15909 8333 NA
15910 8333 NA
15911 8333 NA
15912 8333 NA
15913 8333 NA
15914 8333 NA
15915 8333 NA
15916 8333 NA
15917 8333 NA
15918 8333 NA
15919 8333 NA
15920 8333 NA
15921 8333 NA
15922 8333 NA
15923 8333 NA
15924 8333 NA
15925 8333 NA
15926 8333 NA
15927 8333 NA
15928 8333 NA
15929 8333 NA
15930 8333 NA
15931 8333 NA
15932 8333 NA
15933 8333 NA
15934 8333 NA
15935 8333 NA
15936 8333 NA
15937 8333 NA
15938 8333 NA
15939 8333 NA
15940 8333 NA
15941 8333 NA
15942 8333 NA
15943 8333 NA
15944 8333 NA
15945 8333 NA
15946 8333 NA
15947 8333 NA
15948 8333 NA
15949 8333 NA
15950 8333 NA
15951 8333 NA
15952 8333 NA
15953 8333 NA
15954 8333 NA
15955 8333 NA
15956 8333 NA
15957 8333 NA
15958 8333 NA
15959 8333 NA
15960 8333 NA
15961 8333 NA
15962 8333 NA
15963 8333 NA
15964 8333 NA
15965 8333 NA
15966 8333 NA
15967 8333 NA
15968 8333 NA
15969 8333 NA
15970 8333 NA
15971 8333 NA
15972 8333 NA
15973 8333 NA
15974 8333 NA
15975 8333 NA
15976 8333 NA
15977 8333 NA
15978 8333 NA
15979 8333 NA
15980 8333 NA
15981 8333 NA
15982 8333 NA
15983 8333 NA
15984 8333 NA
15985 8333 NA
15986 8333 NA
15987 8333 NA
15988 8333 NA
15989 8333 NA
15990 8333 NA
15991 8333 NA
15992 8333 NA
15993 8333 NA
15994 8333 NA
15995 8333 NA
15996 8333 NA
15997 8333 NA
15998 8333 NA
15999 8333 NA
16000 8333 NA
16001 8333 NA
16002 8333 NA
16003 8333 NA
16004 8333 NA
16005 8333 NA
16006 8333 NA
16007 8333 NA
16008 8333 NA
16009 8333 NA
16010 8333 NA
16011 8333 NA
16012 8333 NA
16013 8333 NA
16014 8333 NA
16015 8333 NA
16016 8333 NA
16017 8333 NA
16018 8333 NA
16019 8333 NA
16020 8333 NA
16021 8333 NA
16022 8333 NA
16023 8333 NA
16024 8333 NA
16025 8333 NA
16026 8333 NA
16027 8333 NA
16028 8333 NA
16029 8333 NA
16030 8333 NA
16031 8333 NA
16032 8333 NA
16033 8333 NA
16034 8333 NA
16035 8333 NA
16036 8333 NA
16037 8333 NA
16038 8333 NA
16039 8333 NA
16040 8333 NA
16041 8333 NA
16042 8333 NA
16043 8333 NA
16044 8333 NA
16045 8333 NA
16046 8333 NA
16047 8333 NA
16048 8333 NA
16049 8333 NA
16050 8333 NA
16051 8333 NA
16052 8333 NA
16053 8333 NA
16054 8333 NA
16055 8333 NA
16056 8333 NA
16057 8333 NA
16058 8333 NA
16059 8333 NA
16060 8333 NA
16061 8333 NA
16062 8333 NA
16063 8333 NA
16064 8333 NA
16065 8333 NA
16066 8333 NA
16067 8333 NA
16068 8333 NA
16069 8333 NA
16070 8333 NA
16071 8333 NA
16072 8333 NA
16073 8333 NA
16074 8333 NA
16075 8333 NA
16076 8333 NA
16077 8333 NA
16078 8333 NA
16079 8333 NA
16080 8333 NA
16081 8333 NA
16082 8333 NA
16083 8333 NA
16084 8333 NA
16085 8333 NA
16086 8333 NA
16087 8333 NA
16088 8333 NA
16089 8333 NA
16090 8333 NA
16091 8333 NA
16092 8333 NA
16093 8333 NA
16094 8333 NA
16095 8333 NA
16096 8333 NA
16097 8333 NA
16098 8333 NA
16099 8333 NA
16100 8333 NA
16101 8333 NA
16102 8333 NA
16103 8333 NA
16104 8333 NA
16105 8333 NA
16106 8333 NA
16107 8333 NA
16108 8333 NA
16109 8333 NA
16110 8333 NA
16111 8333 NA
16112 8333 NA
16113 8333 NA
16114 8333 NA
16115 8333 NA
16116 8333 NA
16117 8333 NA
16118 8333 NA
16119 8333 NA
16120 8333 NA
16121 8333 NA
16122 8333 NA
16123 8333 NA
16124 8333 NA
16125 8333 NA
16126 8333 NA
16127 8333 NA
16128 8333 NA
16129 8333 NA
16130 8333 NA
16131 8333 NA
16132 8333 NA
16133 8333 NA
16134 8333 NA
16135 8333 NA
16136 8333 NA
16137 8333 NA
16138 8333 NA
16139 8333 NA
16140 8333 NA
16141 8333 NA
16142 8333 NA
16143 8333 NA
16144 8333 NA
16145 8333 NA
16146 8333 NA
16147 8333 NA
16148 8333 NA
16149 8333 NA
16150 8333 NA
16151 8333 NA
16152 8333 NA
16153 8333 NA
16154 8333 NA
16155 8333 NA
16156 8333 NA
16157 8333 NA
16158 8333 NA
16159 8333 NA
16160 8333 NA
16161 8333 NA
16162 8333 NA
16163 8333 NA
16164 8333 NA
16165 8333 NA
16166 8333 NA
16167 8333 NA
16168 8333 NA
16169 8333 NA
16170 8333 NA
16171 8333 NA
16172 8333 NA
16173 8333 NA
16174 8333 NA
16175 8333 NA
16176 8333 NA
16177 8333 NA
16178 8333 NA
16179 8333 NA
16180 8333 NA
16181 8333 NA
16182 8333 NA
16183 8333 NA
16184 8333 NA
16185 8333 NA
16186 8333 NA
16187 8333 NA
16188 8333 NA
16189 8333 NA
16190 8333 NA
16191 8333 NA
16192 8333 NA
16193 8333 NA
16194 8333 NA
16195 8333 NA
16196 8333 NA
16197 8333 NA
16198 8333 NA
16199 8333 NA
16200 8333 NA
16201 8333 NA
16202 8333 NA
16203 8333 NA
16204 8333 NA
16205 8333 NA
16206 8333 NA
16207 8333 NA
16208 8333 NA
16209 8333 NA
16210 8333 NA
16211 8333 NA
16212 8333 NA
16213 8333 NA
16214 8333 NA
16215 8333 NA
16216 8333 NA
16217 8333 NA
16218 8333 NA
16219 8333 NA
16220 8333 NA
16221 8333 NA
16222 8333 NA
16223 8333 NA
16224 8333 NA
16225 8333 NA
16226 8333 NA
16227 8333 NA
16228 8333 NA
16229 8333 NA
16230 8333 NA
16231 8333 NA
16232 8333 NA
16233 8333 NA
16234 8333 NA
16235 8333 NA
16236 8333 NA
16237 8333 NA
16238 8333 NA
16239 8333 NA
16240 8333 NA
16241 8333 NA
16242 8333 NA
16243 8333 NA
16244 8333 NA
16245 8333 NA
16246 8333 NA
16247 8333 NA
16248 8333 NA
16249 8333 NA
16250 8333 NA
16251 8333 NA
16252 8333 NA
16253 8333 NA
16254 8333 NA
16255 8333 NA
16256 8333 NA
16257 8333 NA
16258 8333 NA
16259 8333 NA
16260 8333 NA
16261 8333 NA
16262 8333 NA
16263 8333 NA
16264 8333 NA
16265 8333 NA
16266 8333 NA
16267 8333 NA
16268 8333 NA
16269 8333 NA
16270 8333 NA
16271 8333 NA
16272 8333 NA
16273 8333 NA
16274 8333 NA
16275 8333 NA
16276 8333 NA
16277 8333 NA
16278 8333 NA
16279 8333 NA
16280 8333 NA
16281 8333 NA
16282 8333 NA
16283 8333 NA
16284 8333 NA
16285 8333 NA
16286 8333 NA
16287 8333 NA
16288 8333 NA
16289 8333 NA
16290 8333 NA
16291 8333 NA
16292 8333 NA
16293 8333 NA
16294 8333 NA
16295 8333 NA
16296 8333 NA
16297 8333 NA
16298 8333 NA
16299 8333 NA
16300 8333 NA
16301 8333 NA
16302 8333 NA
16303 8333 NA
16304 8333 NA
16305 8333 NA
16306 8333 NA
16307 8333 NA
16308 8333 NA
16309 8333 NA
16310 8333 NA
16311 8333 NA
16312 8333 NA
16313 8333 NA
16314 8333 NA
16315 8333 NA
16316 8333 NA
16317 8333 NA
16318 8333 NA
16319 8333 NA
16320 8333 NA
16321 8333 NA
16322 8333 NA
16323 8333 NA
16324 8333 NA
16325 8333 NA
16326 8333 NA
16327 8333 NA
16328 8333 NA
16329 8333 NA
16330 8333 NA
16331 8333 NA
16332 8333 NA
16333 8333 NA
16334 8333 NA
16335 8333 NA
16336 8333 NA
16337 8333 NA
16338 8333 NA
16339 8333 NA
16340 8333 NA
16341 8333 NA
16342 8333 NA
16343 8333 NA
16344 8333 NA
16345 8333 NA
16346 8333 NA
16347 8333 NA
16348 8333 NA
16349 8333 NA
16350 8333 NA
16351 8333 NA
16352 8333 NA
16353 8333 NA
16354 8333 NA
16355 8333 NA
16356 8333 NA
16357 8333 NA
16358 8333 NA
16359 8333 NA
16360 8333 NA
16361 8333 NA
16362 8333 NA
16363 8333 NA
16364 8333 NA
16365 8333 NA
16366 8333 NA
16367 8333 NA
16368 8333 NA
16369 8333 NA
16370 8333 NA
16371 8333 NA
16372 8333 NA
16373 8333 NA
16374 8333 NA
16375 8333 NA
16376 8333 NA
16377 8333 NA
16378 8333 NA
16379 8333 NA
16380 8333 NA
16381 8333 NA
16382 8333 NA
16383 8333 NA
16384 8333 NA
16385 8333 NA
16386 8333 NA
16387 8333 NA
16388 8333 NA
16389 8333 NA
16390 8333 NA
16391 8333 NA
16392 8333 NA
16393 8333 NA
16394 8333 NA
16395 8333 NA
16396 8333 NA
16397 8333 NA
16398 8333 NA
16399 8333 NA
16400 8333 NA
16401 8333 NA
16402 8333 NA
16403 8333 NA
16404 8333 NA
16405 8333 NA
16406 8333 NA
16407 8333 NA
16408 8333 NA
16409 8333 NA
16410 8333 NA
16411 8333 NA
16412 8333 NA
16413 8333 NA
16414 8333 NA
16415 8333 NA
16416 8333 NA
16417 8333 NA
16418 8333 NA
16419 8333 NA
16420 8333 NA
16421 8333 NA
16422 8333 NA
16423 8333 NA
16424 8333 NA
16425 8333 NA
16426 8333 NA
16427 8333 NA
16428 8333 NA
16429 8333 NA
16430 8333 NA
16431 8333 NA
16432 8333 NA
16433 8333 NA
16434 8333 NA
16435 8333 NA
16436 8333 NA
16437 8333 NA
16438 8333 NA
16439 8333 NA
16440 8333 NA
16441 8333 NA
16442 8333 NA
16443 8333 NA
16444 8333 NA
16445 8333 NA
16446 8333 NA
16447 8333 NA
16448 8333 NA
16449 8333 NA
16450 8333 NA
16451 8333 NA
16452 8333 NA
16453 8333 NA
16454 8333 NA
16455 8333 NA
16456 8333 NA
16457 8333 NA
16458 8333 NA
16459 8333 NA
16460 8333 NA
16461 8333 NA
16462 8333 NA
16463 8333 NA
16464 8333 NA
16465 8333 NA
16466 8333 NA
16467 8333 NA
16468 8333 NA
16469 8333 NA
16470 8333 NA
16471 8333 NA
16472 8333 NA
16473 8333 NA
16474 8333 NA
16475 8333 NA
16476 8333 NA
16477 8333 NA
16478 8333 NA
16479 8333 NA
16480 8333 NA
16481 8333 NA
16482 8333 NA
16483 8333 NA
16484 8333 NA
16485 8333 NA
16486 8333 NA
16487 8333 NA
16488 8333 NA
16489 8333 NA
16490 8333 NA
16491 8333 NA
16492 8333 NA
16493 8333 NA
16494 8333 NA
16495 8333 NA
16496 8333 NA
16497 8333 NA
16498 8333 NA
16499 8333 NA
16500 8333 NA
16501 8333 NA
16502 8333 NA
16503 8333 NA
16504 8333 NA
16505 8333 NA
16506 8333 NA
16507 8333 NA
16508 8333 NA
16509 8333 NA
16510 8333 NA
16511 8333 NA
16512 8333 NA
16513 8333 NA
16514 8333 NA
16515 8333 NA
16516 8333 NA
16517 8333 NA
16518 8333 NA
16519 8333 NA
16520 8333 NA
16521 8333 NA
16522 8333 NA
16523 8333 NA
16524 8333 NA
16525 8333 NA
16526 8333 NA
16527 8333 NA
16528 8333 NA
16529 8333 NA
16530 8333 NA
16531 8333 NA
16532 8333 NA
16533 8333 NA
16534 8333 NA
16535 8333 NA
16536 8333 NA
16537 8333 NA
16538 8333 NA
16539 8333 NA
16540 8333 NA
16541 8333 NA
16542 8333 NA
16543 8333 NA
16544 8333 NA
16545 8333 NA
16546 8333 NA
16547 8333 NA
16548 8333 NA
16549 8333 NA
16550 8333 NA
16551 8333 NA
16552 8333 NA
16553 8333 NA
16554 8333 NA
16555 8333 NA
16556 8333 NA
16557 8333 NA
16558 8333 NA
16559 8333 NA
16560 8333 NA
16561 8333 NA
16562 8333 NA
16563 8333 NA
16564 8333 NA
16565 8333 NA
16566 8333 NA
16567 8333 NA
16568 8333 NA
16569 8333 NA
16570 8333 NA
16571 8333 NA
16572 8333 NA
16573 8333 NA
16574 8333 NA
16575 8333 NA
16576 8333 NA
16577 8333 NA
16578 8333 NA
16579 8333 NA
16580 8333 NA
16581 8333 NA
16582 8333 NA
16583 8333 NA
16584 8333 NA
16585 8333 NA
16586 8333 NA
16587 8333 NA
16588 8333 NA
16589 8333 NA
16590 8333 NA
16591 8333 NA
16592 8333 NA
16593 8333 NA
16594 8333 NA
16595 8333 NA
16596 8333 NA
16597 8333 NA
16598 8333 NA
16599 8333 NA
16600 8333 NA
16601 8333 NA
16602 8333 NA
16603 8333 NA
16604 8333 NA
16605 8333 NA
16606 8333 NA
16607 8333 NA
16608 8333 NA
16609 8333 NA
16610 8333 NA
16611 8333 NA
16612 8333 NA
16613 8333 NA
16614 8333 NA
16615 8333 NA
16616 8333 NA
16617 8333 NA
16618 8333 NA
16619 8333 NA
16620 8333 NA
16621 8333 NA
16622 8333 NA
16623 8333 NA
16624 8333 NA
16625 8333 NA
16626 8333 NA
16627 8333 NA
16628 8333 NA
16629 8333 NA
16630 8333 NA
16631 8333 NA
16632 8333 NA
16633 8333 NA
16634 8333 NA
16635 8333 NA
16636 8333 NA
16637 8333 NA
16638 8333 NA
16639 8333 NA
16640 8333 NA
16641 8333 NA
16642 8333 NA
16643 8333 NA
16644 8333 NA
16645 8333 NA
16646 8333 NA
16647 8333 NA
16648 8333 NA
16649 8333 NA
16650 8333 NA
16651 8333 NA
16652 8333 NA
16653 8333 NA
16654 8333 NA
16655 8333 NA
16656 8333 NA
16657 8333 NA
16658 8333 NA
16659 8333 NA
16660 8333 NA
16661 8333 NA
16662 8333 NA
16663 8333 NA
16665 8333 NA
16666 8333 NA
16668 8333 NA
16669 8333 NA
16670 8333 NA
16671 8333 NA
16672 8333 NA
16673 8333 NA
16674 8333 NA
16675 8333 NA
16676 8333 NA
16677 8333 NA
16678 8333 NA
16679 8333 NA
16680 8333 NA
16681 8333 NA
16682 8333 NA
16683 8333 NA
16684 8333 NA
16686 8333 NA
16687 8333 NA
16688 8333 NA
16689 8333 NA
16690 8333 NA
16691 8333 NA
16692 8333 NA
16693 8333 NA
16694 8333 NA
16695 8333 NA
16696 8333 NA
16697 8333 NA
16698 8333 NA
16699 8333 NA
16700 8333 NA
16701 8333 NA
16702 8333 NA
16703 8259 NA
16704 8259 NA
16705 8259 NA
16706 8259 NA
16707 8259 NA
16708 8259 NA
16709 8259 NA
16710 8259 NA
16711 8259 NA
16712 8259 NA
16715 8259 NA
16717 8259 NA
16720 8259 NA
16721 8259 NA
16722 8259 NA
16723 8259 NA
16724 8259 NA
16725 8259 NA
16726 8259 NA
16728 8259 NA
16731 8259 NA
16732 8259 NA
16733 8259 NA
16734 8259 NA
16735 8259 NA
16736 8259 NA
16737 8259 NA
16738 8259 NA
16739 8259 NA
16740 8259 NA
16741 8259 NA
16742 8259 NA
16743 8259 NA
16744 8259 NA
16745 8259 NA
16746 8259 NA
16747 8259 NA
16748 8259 NA
16749 8259 NA
16750 8259 NA
16751 8259 NA
16752 8259 NA
16753 8259 NA
16754 8259 NA
16755 8259 NA
16756 8259 NA
16757 8259 NA
16759 8259 NA
16760 8259 NA
16761 8259 NA
16762 8259 NA
16763 8259 NA
16764 8259 NA
16765 8259 NA
16766 8259 NA
16767 8259 NA
16768 8259 NA
16769 8259 NA
16770 8259 NA
16771 8259 NA
16772 8259 NA
16773 8259 NA
16774 8259 NA
16775 8259 NA
16777 8259 NA
16778 8259 NA
16779 8259 NA
16780 8259 NA
16781 8259 NA
16782 8259 NA
16783 8259 NA
16784 8259 NA
16785 8259 NA
16786 8259 NA
16787 8259 NA
16788 8259 NA
16789 8259 NA
16790 8259 NA
16791 8259 NA
16792 8259 NA
16793 8259 NA
16794 8259 NA
16795 8259 NA
16796 8259 NA
16797 8259 NA
16798 8259 NA
16799 8259 NA
16800 8259 NA
16801 8259 NA
16802 8259 NA
16803 8259 NA
16804 8259 NA
16807 8259 NA
16808 8259 NA
16809 8259 NA
16810 8259 NA
16811 8259 NA
16812 8259 NA
16813 8259 NA
16814 8259 NA
16815 8259 NA
16816 8259 NA
16817 8259 NA
16818 8259 NA
16820 8259 NA
16821 8259 NA
16823 8259 NA
16824 8259 NA
16825 8259 NA
16826 8259 NA
16827 8259 NA
16828 8259 NA
16829 8259 NA
16830 8259 NA
16831 8259 NA
16832 8259 NA
16833 8259 NA
16834 8259 NA
16835 8259 NA
16836 8259 NA
16837 8259 NA
16838 8259 NA
16839 8259 NA
16840 8259 NA
16841 8259 NA
16842 8259 NA
16843 8259 NA
16844 8259 NA
16845 8259 NA
16847 8259 NA
16849 8259 NA
16850 8259 NA
16851 8259 NA
16852 8259 NA
16853 8259 NA
16854 8259 NA
16855 8259 NA
16856 8259 NA
16857 8259 NA
16858 8259 NA
16859 8259 NA
16860 8259 NA
16861 8259 NA
16862 8259 NA
16863 8259 NA
16864 8259 NA
16865 8259 NA
16866 8259 NA
16867 8259 NA
16869 8259 NA
16870 8259 NA
16871 8259 NA
16872 8259 NA
16873 8259 NA
16874 8259 NA
16875 8259 NA
16876 8259 NA
16878 8259 NA
16879 8259 NA
16880 8259 NA
16881 8259 NA
16884 8259 NA
16885 8259 NA
16886 8259 NA
16887 8259 NA
16888 8259 NA
16889 8259 NA
16890 8259 NA
16892 8259 NA
16893 8259 NA
16894 8259 NA
16895 8259 NA
16896 8259 NA
16897 8259 NA
16898 8259 NA
16899 8259 NA
16900 8259 NA
16901 8259 NA
16902 8259 NA
16903 8259 NA
16904 8259 NA
16905 8259 NA
16906 8259 NA
16907 8259 NA
16908 8259 NA
16909 8259 NA
16910 8259 NA
16911 8259 NA
16912 8259 NA
16913 8259 NA
16914 8259 NA
16915 8259 NA
16916 8259 NA
16917 8259 NA
16918 8259 NA
16919 8259 NA
16920 8259 NA
16921 8259 NA
16922 8259 NA
16923 8259 NA
16924 8259 NA
16925 8259 NA
16926 8259 NA
16927 8259 NA
16928 8259 NA
16929 8259 NA
16930 8259 NA
16931 8259 NA
16932 8259 NA
16933 8259 NA
16934 8259 NA
16935 8259 NA
16937 8259 NA
16938 8259 NA
16939 8259 NA
16940 8259 NA
16941 8259 NA
16942 8259 NA
16943 8259 NA
16944 8259 NA
16945 8259 NA
16946 8259 NA
16949 8259 NA
16950 8259 NA
16951 8259 NA
16952 8259 NA
16953 8259 NA
16954 8259 NA
16955 8259 NA
16956 8259 NA
16957 8259 NA
16958 8259 NA
16959 8259 NA
16960 8259 NA
16967 8259 NA
16968 8259 NA
16969 8259 NA
16970 8259 NA
16971 8259 NA
16972 8259 NA
16974 8259 NA
16975 8259 NA
16976 8259 NA
16977 8259 NA
16978 8259 NA
16979 8259 NA
16980 8259 NA
16981 8259 NA
16982 8259 NA
16984 8259 NA
16985 8259 NA
16986 8259 NA
16987 8259 NA
16988 8259 NA
16989 8259 NA
16990 8259 NA
16991 8259 NA
16992 8259 NA
16993 8259 NA
16994 8259 NA
16999 8259 NA
17001 8259 NA
17006 8259 NA
17007 8259 NA
17014 8259 NA
17015 8259 NA
17016 8259 NA
17017 8259 NA
17018 8259 NA
17019 8259 NA
17020 8259 NA
17021 8259 NA
17022 8259 NA
17023 8259 NA
17024 8259 NA
17025 8259 NA
17026 8259 NA
17027 8259 NA
17028 8259 NA
17029 8259 NA
17031 8259 NA
17032 8259 NA
17033 8259 NA
17034 8259 NA
17035 8259 NA
17036 8259 NA
17037 8259 NA
17038 8259 NA
17039 8259 NA
17040 8259 NA
17042 8259 NA
17044 8259 NA
17045 8259 NA
17046 8259 NA
17047 8259 NA
17048 8259 NA
17049 8259 NA
17050 8259 NA
17051 8259 NA
17052 8259 NA
17053 8259 NA
17054 8259 NA
17055 8259 NA
17056 8259 NA
17057 8259 NA
17058 8259 NA
17059 8259 NA
17060 8259 NA
17061 8259 NA
17062 8259 NA
17063 8259 NA
17064 8259 NA
17069 8259 NA
17070 8259 NA
17071 8259 NA
17072 8259 NA
17073 8259 NA
17075 8259 NA
17076 8259 NA
17077 8259 NA
17078 8259 NA
17079 8259 NA
17080 8259 NA
17081 8259 NA
17083 8259 NA
17084 8259 NA
17085 8259 NA
17086 8259 NA
17087 8259 NA
17088 8259 NA
17089 8259 NA
17091 8259 NA
17092 8259 NA
17093 8259 NA
17094 8259 NA
17095 8259 NA
17096 8259 NA
17097 8259 NA
17098 8259 NA
17099 8259 NA
17100 8259 NA
17101 8259 NA
17102 8259 NA
17103 8259 NA
17104 8259 NA
17105 8259 NA
17106 8259 NA
17107 8259 NA
17108 8259 NA
17109 8259 NA
17110 8259 NA
17111 8259 NA
17112 8259 NA
17113 8259 NA
17114 8259 NA
17115 8259 NA
17117 8259 NA
17118 8259 NA
17123 8259 NA
17124 8259 NA
17125 8259 NA
17126 8259 NA
17127 8259 NA
17129 8259 NA
17130 8259 NA
17131 8259 NA
17132 8259 NA
17133 8259 NA
17134 8259 NA
17135 8259 NA
17136 8259 NA
17138 8259 NA
17139 8259 NA
17140 8259 NA
17141 8259 NA
17142 8259 NA
17143 8259 NA
17144 8259 NA
17145 8259 NA
17146 8259 NA
17147 8259 NA
