"Index" "Price" "Volume"
14019 2116 NA
14020 2116 NA
14021 2109 NA
14022 2109 NA
14023 2114 NA
14024 2114 NA
14025 2117 NA
14026 2117 NA
14027 2117 NA
14028 2117 NA
14029 2115 NA
14030 2115 NA
14031 2116 NA
14032 2116 NA
14033 2116 NA
14034 2117 NA
14035 2117 NA
14036 2117 NA
14037 2117 NA
14038 2117 NA
14039 2116 NA
14040 2116 NA
14041 2116 NA
14042 2116 NA
14043 2116 NA
14044 2116 NA
14045 2116 NA
14046 2116 NA
14047 2118 NA
14048 2118 NA
14049 2118 NA
14050 2118 NA
14051 2118 NA
14052 2116 NA
14053 2116 NA
14054 2116 NA
14055 2118 NA
14056 2118 NA
14057 2105 NA
14058 2105 NA
14059 2089 NA
14060 2089 NA
14061 2089 NA
14062 2113 NA
14063 2113 NA
14064 2113 NA
14065 2110 NA
14066 2110 NA
14067 2110 NA
14068 2094 NA
14069 2094 NA
14070 2094 NA
14071 2111 NA
14072 2111 NA
14073 2111 NA
14074 2116 NA
14075 2116 NA
14076 2116 NA
14077 2113 NA
14078 2113 NA
14079 2113 NA
14080 2113 NA
14081 2113 NA
14082 2113 NA
14083 2118 NA
14084 2118 NA
14085 2115 NA
14086 2115 NA
14087 2115 NA
14088 2116 NA
14089 2117 NA
14090 2117 NA
14091 2117 NA
14092 2117 NA
14093 2117 NA
14094 2117 NA
14095 2117 NA
14096 2117 NA
14097 2117 NA
14098 2117 NA
14099 2117 NA
14100 2118 NA
14101 2118 NA
14102 2118 NA
14103 2118 NA
14104 2118 NA
14105 2120 NA
14106 2120 NA
14107 2120 NA
14108 2120 NA
14109 2118 NA
14110 2118 NA
14111 2119 NA
14112 2119 NA
14113 2119 NA
14114 2118 NA
14115 2118 NA
14116 2118 NA
14117 2119 NA
14118 2119 NA
14119 2119 NA
14120 2119 NA
14121 2119 NA
14122 2119 NA
14123 2119 NA
14124 2108 NA
14125 2108 NA
14126 2107 NA
14127 2107 NA
14128 2107 NA
14129 2119 NA
14130 2119 NA
14131 2119 NA
14132 2117 NA
14133 2117 NA
14134 2117 NA
14135 2116 NA
14136 2111 NA
14137 2111 NA
14138 2111 NA
14139 2111 NA
14140 2119 NA
14141 2119 NA
14142 2119 NA
14143 2118 NA
14144 2118 NA
14145 2118 NA
14146 2118 NA
14147 2118 NA
14148 2118 NA
14149 2119 NA
14150 2119 NA
14151 2118 NA
14152 2118 NA
14153 2118 NA
14154 2119 NA
14155 2119 NA
14156 2119 NA
14157 2119 NA
14158 2119 NA
14159 2118 NA
14160 2118 NA
14161 2118 NA
14162 2118 NA
14163 2120 NA
14164 2120 NA
14165 2120 NA
14166 2120 NA
14167 2120 NA
14168 2117 NA
14169 2117 NA
14170 2117 NA
14171 2118 NA
14172 2118 NA
14173 2118 NA
14174 2120 NA
14175 2120 NA
14176 2120 NA
14177 2120 NA
14178 2120 NA
14179 2119 NA
14180 2119 NA
14181 2119 NA
14182 2119 NA
14183 2119 NA
14184 2119 NA
14185 2119 NA
14186 2119 NA
14187 2119 NA
14188 2119 NA
14189 2116 NA
14190 2116 NA
14191 2116 NA
14192 2117 NA
14193 2117 NA
14194 2117 NA
14195 2117 NA
14196 2119 NA
14197 2119 NA
14198 2119 NA
14199 2117 NA
14200 2117 NA
14201 2117 NA
14202 2117 NA
14203 2118 NA
14204 2118 NA
14205 2118 NA
14206 2104 NA
14207 2104 NA
14208 2104 NA
14209 2104 NA
14210 2117 NA
14211 2117 NA
14212 2117 NA
14213 2117 NA
14214 2117 NA
14215 2117 NA
14216 2117 NA
14217 2119 NA
14218 2119 NA
14219 2119 NA
14220 2118 NA
14221 2118 NA
14222 2118 NA
14223 2118 NA
14224 2119 NA
14225 2119 NA
14226 2119 NA
14227 2118 NA
14228 2118 NA
14229 2118 NA
14230 2118 NA
14231 2117 NA
14232 2117 NA
14233 2117 NA
14234 2117 NA
14235 2117 NA
14236 2119 NA
14237 2119 NA
14238 2119 NA
14239 2116 NA
14240 2116 NA
14241 2116 NA
14242 2118 NA
14243 2118 NA
14244 2118 NA
14245 2118 NA
14246 2119 NA
14247 2119 NA
14248 2095 NA
14249 2095 NA
14250 2095 NA
14251 2095 NA
14252 2116 NA
14253 2116 NA
14254 2119 NA
14255 2119 NA
14256 2119 NA
14257 2119 NA
14258 2119 NA
14259 2119 NA
14260 2119 NA
14261 2119 NA
14262 2118 NA
14263 2118 NA
14264 2118 NA
14265 2118 NA
14266 2118 NA
14267 2118 NA
14268 2118 NA
14269 2118 NA
14270 2118 NA
14271 2118 NA
14272 2118 NA
14273 2118 NA
14274 2118 NA
14275 2119 NA
14276 2119 NA
14277 2119 NA
14278 2119 NA
14279 2119 NA
14280 2119 NA
14281 2119 NA
14282 2116 NA
14283 2116 NA
14284 2116 NA
14285 2118 NA
14286 2118 NA
14287 2118 NA
14288 2118 NA
14289 2119 NA
14290 2119 NA
14291 2117 NA
14292 2117 NA
14293 2117 NA
14294 2111 NA
14295 2111 NA
14296 2111 NA
14297 2111 NA
14298 2108 NA
14299 2108 NA
14300 2108 NA
14301 2108 NA
14302 2114 NA
14303 2114 NA
14304 2119 NA
14305 2119 NA
14306 2119 NA
14307 2119 NA
14308 2119 NA
14309 2117 NA
14310 2117 NA
14311 2117 NA
14312 2118 NA
14313 2118 NA
14314 2118 NA
14315 2118 NA
14316 2115 NA
14317 2115 NA
14318 2115 NA
14319 2114 NA
14320 2114 NA
14321 2114 NA
14322 2114 NA
14323 2112 NA
14324 2112 NA
14325 2112 NA
14326 2117 NA
14327 2117 NA
14328 2117 NA
14329 2117 NA
14330 2090 NA
14331 2090 NA
14332 2090 NA
14333 2090 NA
14334 2117 NA
14335 2117 NA
14336 2117 NA
14337 2117 NA
14338 2117 NA
14339 2113 NA
14340 2113 NA
14341 2113 NA
14342 2113 NA
14343 2113 NA
14344 2118 NA
14345 2118 NA
14346 2118 NA
14347 2116 NA
14348 2116 NA
14349 2116 NA
14350 2116 NA
14351 2116 NA
14352 2116 NA
14353 2116 NA
14354 2116 NA
14355 2116 NA
14356 2116 NA
14357 2119 NA
14358 2119 NA
14359 2119 NA
14360 2119 NA
14361 2119 NA
14362 2119 NA
14363 2119 NA
14364 2119 NA
14365 2119 NA
14366 2119 NA
14367 2119 NA
14368 2119 NA
14369 2119 NA
14370 2095 NA
14371 2095 NA
14372 2095 NA
14373 2095 NA
14374 2095 NA
14375 2113 NA
14376 2113 NA
14377 2113 NA
14378 2113 NA
14379 2113 NA
14380 2113 NA
14381 2096 NA
14382 2096 NA
14383 2096 NA
14384 2096 NA
14385 2096 NA
14386 2111 NA
14387 2111 NA
14388 2111 NA
14389 2113 NA
14390 2113 NA
14391 2113 NA
14392 2113 NA
14393 2113 NA
14394 2113 NA
14395 2119 NA
14396 2119 NA
14397 2119 NA
14398 2119 NA
14399 2119 NA
14400 2119 NA
14401 2119 NA
14402 2119 NA
14403 2119 NA
14404 2119 NA
14405 2119 NA
14406 2119 NA
14407 2118 NA
14408 2118 NA
14409 2118 NA
14410 2118 NA
14411 2118 NA
14412 2119 NA
14413 2119 NA
14414 2119 NA
14415 2119 NA
14416 2118 NA
14417 2118 NA
14418 2118 NA
14419 2120 NA
14420 2120 NA
14421 2120 NA
14422 2120 NA
14423 2120 NA
14424 2120 NA
14425 2120 NA
14426 2120 NA
14428 2120 NA
14429 2118 NA
14430 2118 NA
14431 2118 NA
14432 2119 NA
14433 2119 NA
14434 2119 NA
14435 2119 NA
14436 2119 NA
14437 2119 NA
14438 2119 NA
14439 2119 NA
14440 2120 NA
14441 2120 NA
14442 2120 NA
14443 2120 NA
14444 2120 NA
14445 2120 NA
14446 2120 NA
14447 2119 NA
14448 2119 NA
14449 2119 NA
14450 2119 NA
14451 2119 NA
14452 2119 NA
14453 2119 NA
14454 2119 NA
14455 2119 NA
14456 2119 NA
14457 2119 NA
14458 2120 NA
14459 2120 NA
14460 2120 NA
14461 2120 NA
14462 2120 NA
14463 2120 NA
14464 2118 NA
14465 2118 NA
14466 2118 NA
14467 2118 NA
14468 2119 NA
14469 2119 NA
14470 2119 NA
14471 2119 NA
14472 2119 NA
14473 2119 NA
14474 2120 NA
14475 2120 NA
14476 2120 NA
14477 2120 NA
14478 2120 NA
14479 2120 NA
14480 2120 NA
14481 2120 NA
14482 2120 NA
14483 2120 NA
14484 2120 NA
14485 2119 NA
14486 2119 NA
14487 2119 NA
14488 2119 NA
14489 2119 NA
14490 2119 NA
14491 2119 NA
14492 2119 NA
14493 2119 NA
14494 2120 NA
14495 2120 NA
14496 2120 NA
14497 2120 NA
14498 2120 NA
14499 2120 NA
14500 2120 NA
14501 2120 NA
14502 2120 NA
14503 2120 NA
14504 2120 NA
14505 2120 NA
14506 2118 NA
14507 2118 NA
14508 2120 NA
14509 2120 NA
14510 2120 NA
14511 2120 NA
14512 2120 NA
14513 2120 NA
14514 2120 NA
14515 2120 NA
14516 2120 NA
14517 2120 NA
14518 2120 NA
14519 2120 NA
14520 2120 NA
14521 2120 NA
14522 2120 NA
14523 2120 NA
14524 2120 NA
14525 2120 NA
14526 2120 NA
14527 2120 NA
14528 2120 NA
14529 2120 NA
14530 2120 NA
14531 2120 NA
14532 2120 NA
14533 2120 NA
14534 2120 NA
14535 2120 NA
14536 2120 NA
14537 2120 NA
14538 2120 NA
14539 2120 NA
14540 2120 NA
14541 2120 NA
14542 2120 NA
14543 2120 NA
14544 2120 NA
14545 2120 NA
14546 2120 NA
14547 2120 NA
14548 2120 NA
14549 2120 NA
14550 2120 NA
14551 2120 NA
14552 2120 NA
14553 2120 NA
14554 2120 NA
14555 2120 NA
14556 2120 NA
14557 2120 NA
14558 2120 NA
14559 2120 NA
14560 2120 NA
14561 2120 NA
14562 2120 NA
14563 2120 NA
14564 2120 NA
14565 2120 NA
14566 2120 NA
14567 2120 NA
14568 2120 NA
14569 2120 NA
14570 2120 NA
14571 2120 NA
14572 2120 NA
14573 2120 NA
14574 2120 NA
14575 2120 NA
14576 2120 NA
14577 2120 NA
14578 2120 NA
14579 2120 NA
14580 2120 NA
14581 2120 NA
14582 2120 NA
14583 2120 NA
14584 2120 NA
14585 2120 NA
14586 2120 NA
14587 2120 NA
14588 2120 NA
14589 2120 NA
14590 2120 NA
14591 2120 NA
14592 2120 NA
14593 2120 NA
14594 2120 NA
14595 2120 NA
14596 2120 NA
14597 2120 NA
14598 2120 NA
14599 2120 NA
14600 2120 NA
14601 2120 NA
14602 2120 NA
14603 2120 NA
14604 2120 NA
14605 2120 NA
14606 2120 NA
14607 2120 NA
14608 2120 NA
14609 2120 NA
14610 2120 NA
14611 2120 NA
14612 2120 NA
14613 2120 NA
14614 2120 NA
14615 2120 NA
14616 2120 NA
14617 2120 NA
14618 2120 NA
14619 2120 NA
14620 2120 NA
14621 2120 NA
14622 2120 NA
14623 2120 NA
14624 2120 NA
14625 2120 NA
14626 2120 NA
14627 2120 NA
14628 2120 NA
14629 2120 NA
14630 2120 NA
14631 2120 NA
14632 2120 NA
14633 2120 NA
14634 2120 NA
14635 2120 NA
14636 2120 NA
14637 2120 NA
14638 2120 NA
14639 2120 NA
14640 2120 NA
14641 2120 NA
14642 2120 NA
14643 2120 NA
14644 2120 NA
14645 2120 NA
14646 2120 NA
14647 2119 NA
14648 2119 NA
14649 2119 NA
14650 2119 NA
14651 2119 NA
14653 2120 NA
14654 2120 NA
14655 2120 NA
14656 2120 NA
14657 2120 NA
14658 2120 NA
14659 2120 NA
14660 2120 NA
14661 2120 NA
14662 2120 NA
14663 2120 NA
14664 2120 NA
14665 2120 NA
14666 2120 NA
14667 2120 NA
14668 2120 NA
14669 2120 NA
14670 2120 NA
14671 2120 NA
14672 2120 NA
14673 2120 NA
14674 2120 NA
14675 2120 NA
14676 2120 NA
14677 2120 NA
14678 2120 NA
14679 2120 NA
14680 2120 NA
14681 2120 NA
14682 2120 NA
14683 2120 NA
14684 2120 NA
14685 2120 NA
14686 2120 NA
14687 2120 NA
14688 2120 NA
14689 2120 NA
14690 2120 NA
14691 2120 NA
14692 2120 NA
14693 2120 NA
14694 2120 NA
14695 2120 NA
14696 2120 NA
14697 2120 NA
14698 2120 NA
14699 2120 NA
14700 2120 NA
14701 2120 NA
14702 2120 NA
14703 2120 NA
14704 2120 NA
14705 2120 NA
14706 2120 NA
14707 2120 NA
14708 2120 NA
14709 2120 NA
14710 2120 NA
14711 2120 NA
14712 2120 NA
14713 2120 NA
14714 2120 NA
14715 2120 NA
14716 2120 NA
14717 2120 NA
14718 2120 NA
14719 2120 NA
14720 2120 NA
14721 2120 NA
14722 2120 NA
14723 2120 NA
14724 2120 NA
14725 2120 NA
14726 2120 NA
14727 2120 NA
14728 2120 NA
14729 2120 NA
14730 2120 NA
14731 2120 NA
14732 2120 NA
14733 2120 NA
14734 2120 NA
14735 2120 NA
14736 2119 NA
14737 2119 NA
14738 2119 NA
14739 2119 NA
14740 2119 NA
14741 2119 NA
14742 2120 NA
14743 2120 NA
14744 2120 NA
14745 2120 NA
14746 2120 NA
14747 2120 NA
14748 2120 NA
14749 2120 NA
14750 2120 NA
14751 2120 NA
14752 2120 NA
14753 2120 NA
14754 2120 NA
14755 2120 NA
14756 2120 NA
14757 2120 NA
14758 2120 NA
14759 2120 NA
14760 2120 NA
14761 2120 NA
14762 2120 NA
14763 2120 NA
14764 2120 NA
14765 2120 NA
14766 2120 NA
14767 2120 NA
14768 2120 NA
14769 2120 NA
14770 2120 NA
14771 2120 NA
14772 2120 NA
14773 2120 NA
14774 2120 NA
14775 2120 NA
14776 2120 NA
14777 2120 NA
14778 2120 NA
14779 2120 NA
14780 2120 NA
14781 2120 NA
14782 2120 NA
14783 2120 NA
14784 2120 NA
14785 2120 NA
14786 2120 NA
14787 2120 NA
14788 2120 NA
14789 2120 NA
14790 2120 NA
14791 2120 NA
14792 2120 NA
14793 2120 NA
14794 2120 NA
14795 2120 NA
14796 2120 NA
14797 2120 NA
14798 2120 NA
14799 2120 NA
14800 2120 NA
14801 2120 NA
14802 2120 NA
14803 2120 NA
14804 2120 NA
14805 2120 NA
14806 2120 NA
14807 2120 NA
14808 2120 NA
14809 2120 NA
14810 2120 NA
14811 2120 NA
14812 2120 NA
14813 2120 NA
14814 2120 NA
14815 2120 NA
14816 2120 NA
14817 2120 NA
14818 2120 NA
14819 2120 NA
14820 2120 NA
14821 2120 NA
14822 2120 NA
14823 2120 NA
14824 2120 NA
14825 2120 NA
14826 2120 NA
14827 2120 NA
14828 2120 NA
14829 2120 NA
14830 2120 NA
14831 2120 NA
14832 2120 NA
14833 2120 NA
14834 2120 NA
14835 2120 NA
14836 2120 NA
14837 2120 NA
14838 2120 NA
14839 2120 NA
14840 2120 NA
14841 2120 NA
14842 2120 NA
14843 2119 NA
14844 2119 NA
14845 2119 NA
14846 2119 NA
14847 2119 NA
14848 2119 NA
14849 2119 NA
14850 2119 NA
14851 2120 NA
14852 2120 NA
14853 2120 NA
14854 2120 NA
14855 2120 NA
14856 2120 NA
14857 2120 NA
14858 2120 NA
14859 2120 NA
14860 2120 NA
14861 2120 NA
14862 2120 NA
14863 2120 NA
14864 2120 NA
14865 2120 NA
14866 2120 NA
14867 2120 NA
14868 2120 NA
14869 2120 NA
14870 2120 NA
14871 2120 NA
14872 2120 NA
14873 2120 NA
14874 2120 NA
14875 2120 NA
14876 2120 NA
14877 2120 NA
14878 2120 NA
14879 2120 NA
14880 2120 NA
14881 2120 NA
14882 2120 NA
14883 2120 NA
14884 2120 NA
14885 2120 NA
14886 2120 NA
14887 2120 NA
14888 2120 NA
14889 2120 NA
14890 2120 NA
14891 2120 NA
14892 2120 NA
14893 2120 NA
14894 2120 NA
14895 2120 NA
14896 2120 NA
14897 2120 NA
14898 2120 NA
14899 2120 NA
14900 2120 NA
14901 2120 NA
14902 2120 NA
14903 2120 NA
14904 2120 NA
14905 2120 NA
14906 2120 NA
14907 2120 NA
14908 2120 NA
14909 2120 NA
14910 2120 NA
14911 2120 NA
14912 2120 NA
14913 2120 NA
14914 2120 NA
14915 2120 NA
14916 2120 NA
14917 2120 NA
14918 2120 NA
14920 2120 NA
14921 2120 NA
14922 2120 NA
14923 2120 NA
14924 2120 NA
14925 2120 NA
14926 2120 NA
14927 2120 NA
14928 2120 NA
14929 2120 NA
14930 2120 NA
14931 2120 NA
14932 2120 NA
14933 2120 NA
14934 2120 NA
14935 2120 NA
14936 2120 NA
14937 2120 NA
14938 2120 NA
14939 2120 NA
14940 2120 NA
14941 2120 NA
14942 2120 NA
14943 2120 NA
14944 2120 NA
14945 2120 NA
14946 2120 NA
14947 2120 NA
14948 2120 NA
14949 2120 NA
14950 2120 NA
14951 2120 NA
14952 2120 NA
14953 2120 NA
14954 2120 NA
14955 2120 NA
14956 2120 NA
14957 2120 NA
14958 2120 NA
14959 2120 NA
14960 2120 NA
14961 2120 NA
14962 2120 NA
14963 2120 NA
14964 2120 NA
14965 2120 NA
14966 2119 NA
14967 2119 NA
14968 2119 NA
14969 2119 NA
14970 2119 NA
14971 2119 NA
14972 2119 NA
14973 2119 NA
14974 2119 NA
14975 2119 NA
14976 2120 NA
14983 2120 NA
14990 2120 NA
14997 2120 NA
15004 2120 NA
15011 2120 NA
15016 2120 NA
15018 2200 NA
15019 2310 NA
15020 2528 NA
15021 2528 NA
15023 2782 NA
15025 2922 NA
15026 3069 NA
15028 3377 NA
15029 3708 NA
15031 3894 NA
15032 3960 NA
15033 3976 NA
15035 4054 NA
15036 4181 NA
15037 4181 NA
15038 4308 NA
15039 4495 NA
15042 4655 NA
15044 5065 NA
15046 5111 NA
15047 5126 NA
15048 5126 NA
15050 5110 NA
15052 5019 NA
15054 4961 NA
15055 4924 NA
15058 4858 NA
15060 4884 NA
15061 5002 NA
15063 5203 NA
15064 5461 NA
15066 5461 NA
15067 5735 NA
15070 5989 NA
15072 6166 NA
15073 6452 NA
15077 6550 NA
15078 6520 NA
15080 6612 NA
15084 6658 NA
15085 6571 NA
15086 6272 NA
15087 6272 NA
15088 5965 NA
15089 5709 NA
15090 5709 NA
15091 5698 NA
15093 5487 NA
15094 5487 NA
15095 5219 NA
15096 5097 NA
15097 5097 NA
15098 4978 NA
15101 4774 NA
15103 4611 NA
15105 4504 NA
15106 4504 NA
15107 4378 NA
15110 4325 NA
15114 4159 NA
15115 4132 NA
15116 4132 NA
15119 4110 NA
15120 4110 NA
15121 4112 NA
15125 4112 NA
15126 4104 NA
15128 4094 NA
15130 4094 NA
15131 4109 NA
15132 4109 NA
15133 4077 NA
15134 4077 NA
15136 4079 NA
15138 4052 NA
15140 4178 NA
15143 4378 NA
15145 4378 NA
15147 4429 NA
15149 4391 NA
15150 4391 NA
15151 4399 NA
15154 4304 NA
15156 4193 NA
15157 4193 NA
15158 4120 NA
15159 4120 NA
15161 4188 NA
15163 4138 NA
15164 4138 NA
15165 4046 NA
15168 4244 NA
15172 4270 NA
15175 4305 NA
15177 4212 NA
15178 4212 NA
15179 4233 NA
15182 4258 NA
15185 4136 NA
15186 4136 NA
15187 4112 NA
15189 4112 NA
15191 4298 NA
15193 4513 NA
15194 4513 NA
15196 4666 NA
15197 4666 NA
15199 4660 NA
15204 4303 NA
15207 4127 NA
15210 4043 NA
15212 4177 NA
15215 4172 NA
15217 4192 NA
15220 4192 NA
15221 4138 NA
15224 4123 NA
15227 4158 NA
15231 4110 NA
15232 4110 NA
15235 4082 NA
15240 4100 NA
15242 4100 NA
15243 4130 NA
15244 4130 NA
15248 4152 NA
15250 4152 NA
15254 4163 NA
15258 4139 NA
15264 4165 NA
15270 4166 NA
15271 4166 NA
15273 4117 NA
15275 4117 NA
15277 4128 NA
15281 4128 NA
15283 4102 NA
15287 4104 NA
15291 4129 NA
15297 4146 NA
15302 4150 NA
15303 4150 NA
15304 4148 NA
15307 4148 NA
15310 4150 NA
15312 4150 NA
15313 4132 NA
15316 4132 NA
15317 4090 NA
15320 4090 NA
15321 4103 NA
15325 4103 NA
15326 4050 NA
15329 4050 NA
15330 3979 NA
15334 3979 NA
15335 4005 NA
15338 4005 NA
15339 4040 NA
15340 4040 NA
15341 4040 NA
15342 4040 NA
15343 4043 NA
15344 4043 NA
15345 4043 NA
15346 4043 NA
15347 4062 NA
15348 4062 NA
15349 4062 NA
15350 4062 NA
15351 4062 NA
15352 4027 NA
15353 4027 NA
15354 4027 NA
15355 4027 NA
15356 3999 NA
15357 3999 NA
15358 3999 NA
15359 3999 NA
15360 3999 NA
15361 4009 NA
15362 4009 NA
15363 4009 NA
15364 4009 NA
15365 3997 NA
15366 3997 NA
15367 3997 NA
15368 3997 NA
15369 4011 NA
15370 4011 NA
15371 4011 NA
15372 4011 NA
15373 4011 NA
15374 4034 NA
15375 4034 NA
15376 4034 NA
15377 4034 NA
15378 4034 NA
15379 4034 NA
15380 4029 NA
15381 4029 NA
15382 4029 NA
15383 4029 NA
15384 4029 NA
15385 4029 NA
15386 4035 NA
15387 4035 NA
15388 4035 NA
15389 4035 NA
15390 4035 NA
15391 4020 NA
15392 4020 NA
15393 4020 NA
15394 4020 NA
15395 4020 NA
15396 4020 NA
15397 3944 NA
15398 3944 NA
15399 3944 NA
15400 3944 NA
15401 3944 NA
15402 3944 NA
15403 3899 NA
15404 3899 NA
15405 3899 NA
15406 3899 NA
15407 3899 NA
15408 3871 NA
15409 3871 NA
15410 3871 NA
15411 3871 NA
15412 3944 NA
15413 3944 NA
15414 3944 NA
15415 3944 NA
15416 3944 NA
15417 3925 NA
15418 3925 NA
15419 3925 NA
15420 3925 NA
15421 3925 NA
15422 3937 NA
15423 3949 NA
15424 3960 NA
15425 3972 NA
15426 3984 NA
15427 4057 NA
15428 4057 NA
15429 4057 NA
15430 4057 NA
15431 4057 NA
15432 4098 NA
15433 4098 NA
15434 4098 NA
15435 4098 NA
15436 4065 NA
15437 4065 NA
15438 4065 NA
15439 4065 NA
15440 4130 NA
15441 4130 NA
15442 4130 NA
15443 4130 NA
15444 4130 NA
15445 4125 NA
15446 4125 NA
15447 4125 NA
15448 4125 NA
15449 4125 NA
15450 4052 NA
15451 4052 NA
15452 4052 NA
15453 4052 NA
15454 4052 NA
15455 4052 NA
15456 3911 NA
15457 3911 NA
15458 3911 NA
15459 3911 NA
15460 3911 NA
15461 3911 NA
15462 3809 NA
15463 3809 NA
15464 3809 NA
15465 3809 NA
15466 3809 NA
15467 3809 NA
15468 3927 NA
15469 3927 NA
15470 3927 NA
15471 3927 NA
15472 3927 NA
15473 3927 NA
15474 4081 NA
15475 4081 NA
15476 4081 NA
15477 4081 NA
15478 4081 NA
15479 4081 NA
15480 4096 NA
15481 4096 NA
15482 4096 NA
15483 4096 NA
15484 4096 NA
15485 4096 NA
15486 3977 NA
15487 3977 NA
15488 3977 NA
15489 3977 NA
15490 3977 NA
15491 3903 NA
15492 3903 NA
15493 3903 NA
15494 3903 NA
15495 3903 NA
15496 3873 NA
15497 3873 NA
15498 3873 NA
15499 3873 NA
15500 3873 NA
15501 3821 NA
15502 3821 NA
15503 3821 NA
15504 3821 NA
15505 3821 NA
15506 3772 NA
15507 3772 NA
15508 3772 NA
15509 3772 NA
15510 3772 NA
15511 3765 NA
15512 3765 NA
15513 3765 NA
15514 3765 NA
15515 3765 NA
15516 3771 NA
15517 3771 NA
15518 3771 NA
15519 3771 NA
15520 3771 NA
15521 3806 NA
15522 3806 NA
15523 3806 NA
15524 3806 NA
15525 3806 NA
15526 3806 NA
15527 3870 NA
15528 3870 NA
15529 3870 NA
15530 3870 NA
15531 3870 NA
15532 3899 NA
15533 3899 NA
15534 3899 NA
15535 3899 NA
15536 3899 NA
15537 3899 NA
15538 3899 NA
15539 3898 NA
15540 3898 NA
15541 3898 NA
15542 3898 NA
15543 3898 NA
15544 3898 NA
15545 3898 NA
15546 3927 NA
15547 3927 NA
15548 3927 NA
15549 3927 NA
15550 3927 NA
15551 3927 NA
15552 4074 NA
15553 4074 NA
15554 4074 NA
15555 4074 NA
15556 4074 NA
15557 4131 NA
15558 4131 NA
15559 4131 NA
15560 4131 NA
15561 4131 NA
15562 4312 NA
15563 4312 NA
15564 4312 NA
15565 4312 NA
15566 4312 NA
15567 4312 NA
15568 4387 NA
15569 4387 NA
15570 4387 NA
15571 4387 NA
15572 4387 NA
15573 4387 NA
15574 4387 NA
15575 4426 NA
15576 4426 NA
15577 4426 NA
15578 4426 NA
15579 4426 NA
15580 4426 NA
15581 4426 NA
15582 4298 NA
15583 4298 NA
15584 4298 NA
15585 4298 NA
15586 4298 NA
15587 4298 NA
15588 4298 NA
15589 4189 NA
15590 4189 NA
15591 4189 NA
15592 4189 NA
15593 4189 NA
15594 4189 NA
15595 4189 NA
15596 4189 NA
15597 4176 NA
15598 4176 NA
15599 4176 NA
15600 4176 NA
15601 4176 NA
15602 4176 NA
15603 4176 NA
15604 4176 NA
15605 4214 NA
15606 4214 NA
15607 4214 NA
15608 4214 NA
15609 4214 NA
15610 4214 NA
15611 4214 NA
15612 4214 NA
15613 4214 NA
15614 4317 NA
15615 4317 NA
15616 4317 NA
15617 4317 NA
15618 4317 NA
15619 4317 NA
15620 4317 NA
15621 4317 NA
15622 4317 NA
15623 4379 NA
15624 4379 NA
15625 4379 NA
15626 4379 NA
15627 4379 NA
15628 4379 NA
15629 4379 NA
15630 4379 NA
15631 4379 NA
15632 4379 NA
15633 4385 NA
15634 4385 NA
15635 4385 NA
15636 4385 NA
15637 4385 NA
15638 4385 NA
15639 4385 NA
15640 4385 NA
15641 4385 NA
15642 4385 NA
15643 4385 NA
15644 4413 NA
15645 4413 NA
15646 4413 NA
15647 4413 NA
15648 4413 NA
15649 4413 NA
15650 4408 NA
15651 4404 NA
15652 4399 NA
15653 4394 NA
15654 4389 NA
15655 4385 NA
15656 4380 NA
15657 4375 NA
15658 4375 NA
15659 4375 NA
15660 4375 NA
15661 4375 NA
15662 4375 NA
15663 4375 NA
15664 4457 NA
15665 4457 NA
15666 4548 NA
15667 4548 NA
15668 4651 NA
15669 4651 NA
15670 4716 NA
15671 4716 NA
15672 4744 NA
15673 4744 NA
15674 4789 NA
15675 4789 NA
15676 4945 NA
15677 4945 NA
15678 4945 NA
15679 4973 NA
15680 4973 NA
15681 4973 NA
15682 4973 NA
15683 5030 NA
15684 5030 NA
15685 5030 NA
15686 5030 NA
15687 5000 NA
15688 5000 NA
15689 5000 NA
15690 5000 NA
15691 5000 NA
15692 4903 NA
15693 4903 NA
15694 4903 NA
15695 4903 NA
15696 4845 NA
15697 4845 NA
15698 4845 NA
15699 4845 NA
15700 4784 NA
15701 4784 NA
15702 4784 NA
15703 4784 NA
15704 4776 NA
15705 4776 NA
15706 4776 NA
15707 4776 NA
15708 4776 NA
15709 4756 NA
15710 4756 NA
15711 4756 NA
15712 4756 NA
15713 4756 NA
15714 4718 NA
15715 4718 NA
15716 4718 NA
15717 4718 NA
15718 4718 NA
15719 4718 NA
15720 4693 NA
15721 4693 NA
15722 4693 NA
15723 4693 NA
15724 4693 NA
15725 4693 NA
15726 4693 NA
15727 4662 NA
15728 4662 NA
15729 4662 NA
15730 4662 NA
15731 4662 NA
15732 4662 NA
15733 4662 NA
15734 4660 NA
15735 4660 NA
15736 4660 NA
15737 4660 NA
15738 4660 NA
15739 4660 NA
15740 4680 NA
15741 4680 NA
15742 4680 NA
15743 4680 NA
15744 4680 NA
15745 4680 NA
15746 4680 NA
15747 4663 NA
15748 4663 NA
15749 4663 NA
15750 4663 NA
15751 4663 NA
15752 4663 NA
15753 4663 NA
15754 4702 NA
15755 4702 NA
15756 4702 NA
15757 4702 NA
15758 4702 NA
15759 4702 NA
15760 4702 NA
15761 4702 NA
15762 4728 NA
15763 4728 NA
15764 4728 NA
15765 4728 NA
15766 4728 NA
15767 4728 NA
15768 4728 NA
15769 4728 NA
15770 4728 NA
15771 4733 NA
15772 4733 NA
15773 4733 NA
15774 4733 NA
15775 4733 NA
15776 4733 NA
15777 4733 NA
15778 4859 NA
15779 4859 NA
15780 4859 NA
15781 4859 NA
15782 4859 NA
15783 4859 NA
15784 4859 NA
15785 4781 NA
15786 4781 NA
15787 4781 NA
15788 4781 NA
15789 4781 NA
15790 4781 NA
15791 4781 NA
15792 4781 NA
15793 4610 NA
15794 4610 NA
15795 4610 NA
15796 4610 NA
15797 4610 NA
15798 4591 NA
15799 4573 NA
15800 4554 NA
15801 4535 NA
15802 4516 NA
15803 4498 NA
15804 4479 NA
15805 4479 NA
15806 4479 NA
15807 4479 NA
15808 4479 NA
15809 4479 NA
15810 4437 NA
15811 4437 NA
15812 4437 NA
15813 4437 NA
15814 4437 NA
15815 4437 NA
15816 4437 NA
15817 4437 NA
15818 4437 NA
15819 4437 NA
15820 4437 NA
15821 4437 NA
15822 4411 NA
15823 4411 NA
15824 4411 NA
15825 4411 NA
15826 4411 NA
15827 4411 NA
15828 4411 NA
15829 4411 NA
15830 4411 NA
15831 4411 NA
15832 4411 NA
15833 4252 NA
15834 4252 NA
15835 4252 NA
15836 4252 NA
15837 4252 NA
15838 4252 NA
15839 4252 NA
15840 4252 NA
15841 4252 NA
15842 4252 NA
15843 4252 NA
15844 4252 NA
15845 4061 NA
15846 4061 NA
15847 4061 NA
15848 4061 NA
15849 4061 NA
15850 4061 NA
15851 4061 NA
15852 4061 NA
15853 4061 NA
15854 4061 NA
15855 3947 NA
15856 3947 NA
15857 3947 NA
15858 3947 NA
15859 3947 NA
15860 3947 NA
15861 3947 NA
15862 3947 NA
15863 3947 NA
15864 3947 NA
15865 3887 NA
15866 3887 NA
15867 3887 NA
15868 3887 NA
15869 3887 NA
15870 3887 NA
15871 3887 NA
15872 3887 NA
15873 3887 NA
15874 3887 NA
15875 3887 NA
15876 3993 NA
15877 3993 NA
15878 3993 NA
15879 3993 NA
15880 3993 NA
15881 3993 NA
15882 3993 NA
15883 3993 NA
15884 3993 NA
15885 3993 NA
15886 3993 NA
15887 4011 NA
15888 4011 NA
15889 4011 NA
15890 4011 NA
15891 4011 NA
15892 4011 NA
15893 4011 NA
15894 4011 NA
15895 4011 NA
15896 4011 NA
15897 4011 NA
15898 4011 NA
15899 3936 NA
15900 3936 NA
15901 3936 NA
15902 3936 NA
15903 3936 NA
15904 3936 NA
15905 3936 NA
15906 3936 NA
15907 3936 NA
15908 3936 NA
15909 3936 NA
15910 3919 NA
15911 3919 NA
15912 3919 NA
15913 3919 NA
15914 3919 NA
15915 3919 NA
15916 3919 NA
15917 3919 NA
15918 3919 NA
15919 3919 NA
15920 3919 NA
15921 3919 NA
15922 4004 NA
15923 4004 NA
15924 4004 NA
15925 4004 NA
15926 4004 NA
15927 4004 NA
15928 4004 NA
15929 4004 NA
15930 4004 NA
15931 4004 NA
15932 4004 NA
15933 4004 NA
15934 4004 NA
15935 4004 NA
15936 3956 NA
15937 3956 NA
15938 3956 NA
15939 3956 NA
15940 3956 NA
15941 3956 NA
15942 3956 NA
15943 3956 NA
15944 3956 NA
15945 3956 NA
15946 3956 NA
15947 3956 NA
15948 3956 NA
15949 3956 NA
15950 3956 NA
15951 3956 NA
15952 3956 NA
15953 3956 NA
15954 3956 NA
15955 3977 NA
15956 3977 NA
15957 3977 NA
15958 3977 NA
15959 3977 NA
15960 3977 NA
15961 3977 NA
15962 3977 NA
15963 3977 NA
15964 3977 NA
15965 3977 NA
15966 3977 NA
15967 3977 NA
15968 3977 NA
15969 3977 NA
15970 3977 NA
15971 3977 NA
15972 3977 NA
15973 3977 NA
15974 3977 NA
15975 3977 NA
15976 3977 NA
15977 3977 NA
15978 3977 NA
15979 3917 NA
15980 3917 NA
15981 3917 NA
15982 3917 NA
15983 3917 NA
15984 3917 NA
15985 3917 NA
15986 3917 NA
15987 3917 NA
15988 3917 NA
15989 3917 NA
15990 3917 NA
15991 3917 NA
15992 3917 NA
15993 3917 NA
15994 3917 NA
15995 3917 NA
15996 3917 NA
15997 3917 NA
15998 3917 NA
15999 3917 NA
16000 3917 NA
16001 3917 NA
16002 3917 NA
16003 3917 NA
16004 3934 NA
16005 3934 NA
16006 3934 NA
16007 3934 NA
16008 3934 NA
16009 3934 NA
16010 3934 NA
16011 3934 NA
16012 3934 NA
16013 3934 NA
16014 3934 NA
16015 3934 NA
16016 3934 NA
16017 3934 NA
16018 3934 NA
16019 3934 NA
16020 3934 NA
16021 3934 NA
16022 3934 NA
16023 3934 NA
16024 3934 NA
16025 3934 NA
16026 3934 NA
16027 3934 NA
16028 3934 NA
16029 3973 NA
16030 3973 NA
16031 3973 NA
16032 3973 NA
16033 3973 NA
16034 3973 NA
16035 3973 NA
16036 3973 NA
16037 3973 NA
16038 3973 NA
16039 3973 NA
16040 3973 NA
16041 3973 NA
16042 3973 NA
16043 3973 NA
16044 3973 NA
16045 3973 NA
16046 3973 NA
16047 3973 NA
16048 4021 NA
16049 4021 NA
16050 4021 NA
16051 4021 NA
16052 4021 NA
16053 4021 NA
16054 4021 NA
16055 4021 NA
16056 4021 NA
16057 4021 NA
16058 4021 NA
16059 4021 NA
16060 4021 NA
16061 4021 NA
16062 4021 NA
16063 4021 NA
16064 4021 NA
16065 4021 NA
16066 3959 NA
16067 3959 NA
16068 3959 NA
16069 3959 NA
16070 3959 NA
16071 3959 NA
16072 3959 NA
16073 3959 NA
16074 3959 NA
16075 3959 NA
16076 3959 NA
16077 3959 NA
16078 3959 NA
16079 3959 NA
16080 3959 NA
16081 3959 NA
16082 3959 NA
16083 3933 NA
16084 3933 NA
16085 3933 NA
16086 3933 NA
16087 3933 NA
16088 3933 NA
16089 3933 NA
16090 3933 NA
16091 3933 NA
16092 3933 NA
16093 3933 NA
16094 3933 NA
16095 3933 NA
16096 3933 NA
16097 3933 NA
16098 3848 NA
16099 3848 NA
16100 3848 NA
16101 3848 NA
16102 3848 NA
16103 3848 NA
16104 3848 NA
16105 3848 NA
16106 3848 NA
16107 3848 NA
16108 3848 NA
16109 3848 NA
16110 3848 NA
16111 3848 NA
16112 3848 NA
16113 3848 NA
16114 3848 NA
16115 3885 NA
16116 3885 NA
16117 3885 NA
16118 3885 NA
16119 3885 NA
16120 3885 NA
16121 3885 NA
16122 3885 NA
16123 3885 NA
16124 3885 NA
16125 3885 NA
16126 3885 NA
16127 3885 NA
16128 3885 NA
16129 3885 NA
16130 3885 NA
16131 3944 NA
16132 3944 NA
16133 3944 NA
16134 3944 NA
16135 3944 NA
16136 3944 NA
16137 3944 NA
16138 3944 NA
16139 3944 NA
16140 3944 NA
16141 3944 NA
16142 3944 NA
16143 3944 NA
16144 3944 NA
16145 3944 NA
16146 4065 NA
16147 4065 NA
16148 4065 NA
16149 4065 NA
16150 4065 NA
16151 4065 NA
16152 4065 NA
16153 4065 NA
16154 4065 NA
16155 4065 NA
16156 4065 NA
16157 4065 NA
16158 4065 NA
16159 4065 NA
16160 4065 NA
16161 4065 NA
16162 4065 NA
16163 4065 NA
16164 4065 NA
16165 4220 NA
16166 4220 NA
16167 4220 NA
16168 4220 NA
16169 4220 NA
16170 4220 NA
16171 4220 NA
16172 4220 NA
16173 4220 NA
16174 4220 NA
16175 4220 NA
16176 4220 NA
16177 4220 NA
16178 4220 NA
16179 4220 NA
16180 4220 NA
16181 4220 NA
16182 4220 NA
16183 4183 NA
16184 4183 NA
16185 4183 NA
16186 4183 NA
16187 4183 NA
16188 4183 NA
16189 4183 NA
16190 4183 NA
16191 4183 NA
16192 4183 NA
16193 4183 NA
16194 4183 NA
16195 4183 NA
16196 4183 NA
16197 4183 NA
16198 4183 NA
16199 4183 NA
16200 4183 NA
16201 4183 NA
16202 4183 NA
16203 4183 NA
16204 4308 NA
16205 4308 NA
16206 4308 NA
16207 4308 NA
16208 4308 NA
16209 4308 NA
16210 4308 NA
16211 4308 NA
16212 4308 NA
16213 4308 NA
16214 4308 NA
16215 4308 NA
16216 4308 NA
16217 4308 NA
16218 4308 NA
16219 4308 NA
16220 4308 NA
16221 4308 NA
16222 4308 NA
16223 4308 NA
16224 4308 NA
16225 4308 NA
16226 4308 NA
16227 4308 NA
16228 4441 NA
16229 4441 NA
16230 4441 NA
16231 4441 NA
16232 4441 NA
16233 4441 NA
16234 4441 NA
16235 4441 NA
16236 4441 NA
16237 4441 NA
16238 4441 NA
16239 4441 NA
16240 4441 NA
16241 4441 NA
16242 4441 NA
16243 4441 NA
16244 4441 NA
16245 4441 NA
16246 4441 NA
16247 4289 NA
16248 4289 NA
16249 4289 NA
16250 4289 NA
16251 4289 NA
16252 4289 NA
16253 4289 NA
16254 4289 NA
16255 4289 NA
16256 4289 NA
16257 4289 NA
16258 4289 NA
16259 4289 NA
16260 4289 NA
16261 4289 NA
16262 4289 NA
16263 4289 NA
16264 4289 NA
16265 4213 NA
16266 4213 NA
16267 4213 NA
16268 4213 NA
16269 4213 NA
16270 4213 NA
16271 4213 NA
16272 4213 NA
16273 4213 NA
16274 4213 NA
16275 4213 NA
16276 4213 NA
16277 4213 NA
16278 4143 NA
16279 4143 NA
16280 4143 NA
16281 4143 NA
16282 4143 NA
16283 4143 NA
16284 4143 NA
16285 4143 NA
16286 4143 NA
16287 4143 NA
16288 4143 NA
16289 4143 NA
16290 4143 NA
16291 4143 NA
16292 4078 NA
16293 4078 NA
16294 4078 NA
16295 4078 NA
16296 4078 NA
16297 4078 NA
16298 4078 NA
16299 4078 NA
16300 4078 NA
16301 4078 NA
16302 4078 NA
16303 4078 NA
16304 4078 NA
16305 4078 NA
16306 4078 NA
16307 4078 NA
16308 4078 NA
16309 4078 NA
16310 4059 NA
16311 4059 NA
16312 4059 NA
16313 4059 NA
16314 4059 NA
16315 4059 NA
16316 4059 NA
16317 4059 NA
16318 4059 NA
16319 4059 NA
16320 4059 NA
16321 4059 NA
16322 4059 NA
16323 4059 NA
16324 4059 NA
16325 4059 NA
16326 4059 NA
16327 4059 NA
16328 4059 NA
16329 4059 NA
16330 4059 NA
16331 4041 NA
16332 4041 NA
16333 4041 NA
16334 4041 NA
16335 4041 NA
16336 4041 NA
16337 4041 NA
16338 4041 NA
16339 4041 NA
16340 4041 NA
16341 4041 NA
16342 4041 NA
16343 4041 NA
16344 4041 NA
16345 4041 NA
16346 4041 NA
16347 4041 NA
16348 4041 NA
16349 4041 NA
16350 4041 NA
16351 4041 NA
16352 3932 NA
16353 3932 NA
16354 3932 NA
16355 3932 NA
16356 3932 NA
16357 3932 NA
16358 3932 NA
16359 3932 NA
16360 3932 NA
16361 3932 NA
16362 3932 NA
16363 3932 NA
16364 3932 NA
16365 3932 NA
16366 3932 NA
16367 3932 NA
16368 3932 NA
16369 3932 NA
16370 3932 NA
16371 3932 NA
16372 3932 NA
16373 3932 NA
16374 3932 NA
16375 3932 NA
16376 3891 NA
16377 3891 NA
16378 3891 NA
16379 3891 NA
16380 3891 NA
16381 3891 NA
16382 3891 NA
16383 3891 NA
16384 3891 NA
16385 3891 NA
16386 3891 NA
16387 3891 NA
16388 3891 NA
16389 3891 NA
16390 3891 NA
16391 3891 NA
16392 3891 NA
16393 3891 NA
16394 3891 NA
16395 3891 NA
16396 3891 NA
16397 3891 NA
16398 3891 NA
16399 3789 NA
16400 3789 NA
16401 3789 NA
16402 3789 NA
16403 3789 NA
16404 3789 NA
16405 3789 NA
16406 3789 NA
16407 3789 NA
16408 3789 NA
16409 3789 NA
16410 3789 NA
16411 3789 NA
16412 3789 NA
16413 3789 NA
16414 3789 NA
16415 3789 NA
16416 3789 NA
16417 3789 NA
16418 3789 NA
16419 3789 NA
16420 3789 NA
16421 3789 NA
16422 3789 NA
16423 3789 NA
16424 3803 NA
16425 3803 NA
16426 3803 NA
16427 3803 NA
16428 3803 NA
16429 3803 NA
16430 3803 NA
16431 3803 NA
16432 3803 NA
16433 3803 NA
16434 3803 NA
16435 3803 NA
16436 3803 NA
16437 3803 NA
16438 3803 NA
16439 3803 NA
16440 3803 NA
16441 3803 NA
16442 3803 NA
16443 3803 NA
16444 3803 NA
16445 3803 NA
16446 3803 NA
16447 3815 NA
16448 3815 NA
16449 3815 NA
16450 3815 NA
16451 3815 NA
16452 3815 NA
16453 3815 NA
16454 3815 NA
16455 3815 NA
16456 3815 NA
16457 3815 NA
16458 3815 NA
16459 3815 NA
16460 3815 NA
16461 3815 NA
16462 3815 NA
16463 3815 NA
16464 3815 NA
16465 3815 NA
16466 3815 NA
16467 3815 NA
16468 3815 NA
16469 3779 NA
16470 3779 NA
16471 3779 NA
16472 3779 NA
16473 3779 NA
16474 3779 NA
16475 3779 NA
16476 3779 NA
16477 3779 NA
16478 3779 NA
16479 3779 NA
16480 3779 NA
16481 3779 NA
16482 3779 NA
16483 3779 NA
16484 3779 NA
16485 3779 NA
16486 3779 NA
16487 3779 NA
16488 3779 NA
16489 3779 NA
16490 3779 NA
16491 3779 NA
16492 3691 NA
16493 3691 NA
16494 3691 NA
16495 3691 NA
16496 3691 NA
16497 3691 NA
16498 3691 NA
16499 3691 NA
16500 3691 NA
16501 3691 NA
16502 3691 NA
16503 3691 NA
16504 3691 NA
16505 3691 NA
16506 3691 NA
16507 3691 NA
16508 3691 NA
16509 3691 NA
16510 3691 NA
16511 3691 NA
16512 3691 NA
16513 3691 NA
16514 3691 NA
16515 3691 NA
16516 3691 NA
16517 3667 NA
16518 3667 NA
16519 3667 NA
16520 3667 NA
16521 3667 NA
16522 3667 NA
16523 3667 NA
16524 3667 NA
16525 3667 NA
16526 3667 NA
16527 3667 NA
16528 3667 NA
16529 3667 NA
16530 3667 NA
16531 3667 NA
16532 3667 NA
16533 3667 NA
16534 3667 NA
16535 3667 NA
16536 3667 NA
16537 3667 NA
16538 3667 NA
16539 3667 NA
16540 3667 NA
16541 3667 NA
16542 3627 NA
16543 3627 NA
16544 3627 NA
16545 3627 NA
16546 3627 NA
16547 3627 NA
16548 3627 NA
16549 3627 NA
16550 3627 NA
16551 3627 NA
16552 3627 NA
16553 3627 NA
16554 3627 NA
16555 3627 NA
16556 3627 NA
16557 3627 NA
16558 3627 NA
16559 3627 NA
16560 3627 NA
16561 3627 NA
16562 3627 NA
16563 3627 NA
16564 3627 NA
16565 3627 NA
16566 3627 NA
16567 3627 NA
16568 3627 NA
16569 3627 NA
16570 3627 NA
16571 3627 NA
16572 3627 NA
16573 3627 NA
16574 3509 NA
16575 3509 NA
16576 3509 NA
16577 3509 NA
16578 3509 NA
16579 3509 NA
16580 3509 NA
16581 3509 NA
16582 3509 NA
16583 3509 NA
16584 3509 NA
16585 3509 NA
16586 3509 NA
16587 3509 NA
16588 3509 NA
16589 3509 NA
16590 3509 NA
16591 3509 NA
16592 3509 NA
16593 3509 NA
16594 3509 NA
16595 3509 NA
16596 3509 NA
16597 3509 NA
16598 3509 NA
16599 3509 NA
16600 3509 NA
16601 3509 NA
16602 3509 NA
16603 3509 NA
16604 3509 NA
16605 3509 NA
16606 3457 NA
16607 3457 NA
16608 3457 NA
16609 3457 NA
16610 3457 NA
16611 3457 NA
16612 3457 NA
16613 3457 NA
16614 3457 NA
16615 3457 NA
16616 3457 NA
16617 3457 NA
16618 3457 NA
16619 3457 NA
16620 3457 NA
16621 3457 NA
16622 3457 NA
16623 3457 NA
16624 3457 NA
16625 3457 NA
16626 3457 NA
16627 3457 NA
16628 3457 NA
16629 3457 NA
16630 3457 NA
16631 3457 NA
16632 3457 NA
16633 3457 NA
16634 3457 NA
16635 3457 NA
16636 3457 NA
16637 3457 NA
16638 3457 NA
16639 3457 NA
16640 3457 NA
16641 3457 NA
16642 3457 NA
16643 3457 NA
16644 3457 NA
16645 3413 NA
16646 3413 NA
16647 3413 NA
16648 3413 NA
16649 3413 NA
16650 3413 NA
16651 3413 NA
16652 3413 NA
16653 3413 NA
16654 3413 NA
16655 3413 NA
16656 3413 NA
16657 3413 NA
16658 3413 NA
16659 3413 NA
16660 3413 NA
16661 3413 NA
16662 3413 NA
16663 3413 NA
16665 3413 NA
16666 3413 NA
16668 3413 NA
16669 3413 NA
16670 3413 NA
16671 3413 NA
16672 3413 NA
16673 3413 NA
16674 3413 NA
16675 3413 NA
16676 3413 NA
16677 3413 NA
16678 3413 NA
16679 3413 NA
16680 3413 NA
16681 3398 NA
16682 3398 NA
16683 3398 NA
16684 3398 NA
16686 3398 NA
16687 3398 NA
16688 3398 NA
16689 3398 NA
16690 3398 NA
16691 3398 NA
16692 3398 NA
16693 3398 NA
16694 3398 NA
16695 3398 NA
16696 3398 NA
16697 3398 NA
16698 3398 NA
16699 3398 NA
16700 3398 NA
16701 3398 NA
16702 3398 NA
16703 3398 NA
16704 3398 NA
16705 3398 NA
16706 3398 NA
16707 3398 NA
16708 3398 NA
16709 3398 NA
16710 3398 NA
16711 3398 NA
16712 3398 NA
16715 3398 NA
16717 3398 NA
16720 3465 NA
16721 3465 NA
16722 3465 NA
16723 3465 NA
16724 3465 NA
16725 3465 NA
16726 3465 NA
16728 3465 NA
16731 3465 NA
16732 3465 NA
16733 3465 NA
16734 3465 NA
16735 3465 NA
16736 3465 NA
16737 3465 NA
16738 3465 NA
16739 3465 NA
16740 3465 NA
16741 3465 NA
16742 3465 NA
16743 3465 NA
16744 3465 NA
16745 3465 NA
16746 3465 NA
16747 3465 NA
16748 3465 NA
16749 3465 NA
16750 3465 NA
16751 3458 NA
16752 3458 NA
16753 3458 NA
16754 3458 NA
16755 3458 NA
16756 3458 NA
16757 3458 NA
16759 3458 NA
16760 3458 NA
16761 3458 NA
16762 3458 NA
16763 3458 NA
16764 3458 NA
16765 3458 NA
16766 3458 NA
16767 3458 NA
16768 3458 NA
16769 3458 NA
16770 3458 NA
16771 3458 NA
16772 3458 NA
16773 3458 NA
16774 3458 NA
16775 3458 NA
16777 3458 NA
16778 3458 NA
16779 3458 NA
16780 3458 NA
16781 3458 NA
16782 3458 NA
16783 3458 NA
16784 3458 NA
16785 3458 NA
16786 3458 NA
16787 3458 NA
16788 3458 NA
16789 3458 NA
16790 3458 NA
16791 3458 NA
16792 3458 NA
16793 3458 NA
16794 3458 NA
16795 3458 NA
16796 3458 NA
16797 3458 NA
16798 3458 NA
16799 3458 NA
16800 3458 NA
16801 3458 NA
16802 3458 NA
16803 3559 NA
16804 3559 NA
16807 3559 NA
16808 3559 NA
16809 3559 NA
16810 3559 NA
16811 3559 NA
16812 3559 NA
16813 3559 NA
16814 3559 NA
16815 3559 NA
16816 3559 NA
16817 3559 NA
16818 3559 NA
16820 3559 NA
16821 3559 NA
16823 3559 NA
16824 3559 NA
16825 3559 NA
16826 3717 NA
16827 3717 NA
16828 3891 NA
16829 3891 NA
16830 3891 NA
16831 3891 NA
16832 3891 NA
16833 3891 NA
16834 4063 NA
16835 4063 NA
16836 4063 NA
16837 4063 NA
16838 4063 NA
16839 4063 NA
16840 4063 NA
16841 4063 NA
16842 4063 NA
16843 4063 NA
16844 4063 NA
16845 4063 NA
16847 4063 NA
16849 4227 NA
16850 4227 NA
16851 4227 NA
16852 4227 NA
16853 4227 NA
16854 4227 NA
16855 4227 NA
16856 4227 NA
16857 4227 NA
16858 4227 NA
16859 4227 NA
16860 4227 NA
16861 4227 NA
16862 4227 NA
16863 4227 NA
16864 4227 NA
16865 4227 NA
16866 4227 NA
16867 4227 NA
16869 4227 NA
16870 4227 NA
16871 4227 NA
16872 4373 NA
16873 4373 NA
16874 4373 NA
16875 4373 NA
16876 4373 NA
16878 4373 NA
16879 4373 NA
16880 4373 NA
16881 4373 NA
16884 4373 NA
16885 4373 NA
16886 4373 NA
16887 4373 NA
16888 4373 NA
16889 4373 NA
16890 4373 NA
16892 4373 NA
16893 4373 NA
16894 4373 NA
16895 4373 NA
16896 4525 NA
16897 4525 NA
16898 4525 NA
16899 4525 NA
16900 4525 NA
16901 4525 NA
16902 4525 NA
16903 4525 NA
16904 4525 NA
16905 4525 NA
16906 4525 NA
16907 4525 NA
16908 4525 NA
16909 4525 NA
16910 4525 NA
16911 4525 NA
16912 4525 NA
16913 4525 NA
16914 4525 NA
16915 4525 NA
16916 4525 NA
16917 4525 NA
16918 4525 NA
16919 4525 NA
16920 4525 NA
16921 4525 NA
16922 4668 NA
16923 4668 NA
16924 4668 NA
16925 4668 NA
16926 4668 NA
16927 4668 NA
16928 4668 NA
16929 4668 NA
16930 4668 NA
16931 4668 NA
16932 4668 NA
16933 4668 NA
16934 4668 NA
16935 4668 NA
16937 4668 NA
16938 4668 NA
16939 4668 NA
16940 4668 NA
16941 4668 NA
16942 4668 NA
16943 4668 NA
16944 4668 NA
16945 4668 NA
16946 4668 NA
16949 4668 NA
16950 4668 NA
16951 4668 NA
16952 4818 NA
16953 4818 NA
16954 4818 NA
16955 4818 NA
16956 4818 NA
16957 4818 NA
16958 4818 NA
16959 4818 NA
16960 4818 NA
16967 4818 NA
16968 4818 NA
16969 4818 NA
16970 4818 NA
16971 4818 NA
16972 4818 NA
16974 4818 NA
16975 4818 NA
16976 4818 NA
16977 4818 NA
16978 5005 NA
16979 5005 NA
16980 5005 NA
16981 5005 NA
16982 5005 NA
16984 5005 NA
16985 5005 NA
16986 5005 NA
16987 5005 NA
16988 5005 NA
16989 5005 NA
16990 5005 NA
16991 5005 NA
16992 5005 NA
16993 5005 NA
16994 5005 NA
16999 5005 NA
17001 5005 NA
17006 5005 NA
17007 5005 NA
17014 5146 NA
17015 5146 NA
17016 5146 NA
17017 5146 NA
17018 5146 NA
17019 5146 NA
17020 5146 NA
17021 5146 NA
17022 5146 NA
17023 5146 NA
17024 5146 NA
17025 5146 NA
17026 5146 NA
17027 5146 NA
17028 5146 NA
17029 5146 NA
17031 5146 NA
17032 5146 NA
17033 5146 NA
17034 5146 NA
17035 5146 NA
17036 5146 NA
17037 5146 NA
17038 5146 NA
17039 5146 NA
17040 5146 NA
17042 5146 NA
17044 5146 NA
17045 5146 NA
17046 5146 NA
17047 5146 NA
17048 5146 NA
17049 5288 NA
17050 5288 NA
17051 5288 NA
17052 5288 NA
17053 5288 NA
17054 5288 NA
17055 5288 NA
17056 5288 NA
17057 5288 NA
17058 5288 NA
17059 5288 NA
17060 5288 NA
17061 5288 NA
17062 5288 NA
17063 5288 NA
17064 5288 NA
17069 5288 NA
17070 5288 NA
17071 5288 NA
17072 5288 NA
17073 5288 NA
17075 5288 NA
17076 5288 NA
17077 5288 NA
17078 5288 NA
17079 5288 NA
17080 5288 NA
17081 5288 NA
17083 5288 NA
17084 5288 NA
17085 5288 NA
17086 5462 NA
17087 5462 NA
17088 5462 NA
17089 5462 NA
17091 5462 NA
17092 5462 NA
17093 5462 NA
17094 5462 NA
17095 5462 NA
17096 5462 NA
17097 5462 NA
17098 5462 NA
17099 5462 NA
17100 5462 NA
17101 5462 NA
17102 5462 NA
17103 5462 NA
17104 5462 NA
17105 5462 NA
17106 5462 NA
17107 5462 NA
17108 5462 NA
17109 5462 NA
17110 5462 NA
17111 5462 NA
17112 5462 NA
17113 5462 NA
17114 5462 NA
17115 5462 NA
17117 5462 NA
17118 5462 NA
17123 5462 NA
17124 5462 NA
17125 5462 NA
17126 5462 NA
17127 5462 NA
17129 5462 NA
17130 5462 NA
17131 5462 NA
17132 5582 NA
17133 5582 NA
17134 5582 NA
17135 5582 NA
17136 5582 NA
17138 5582 NA
17139 5582 NA
17140 5582 NA
17141 5582 NA
17142 5582 NA
17143 5582 NA
17144 5582 NA
17145 5582 NA
17146 5582 NA
17147 5582 NA
