"Index" "Price" "Volume"
14019 60 NA
14020 60 NA
14021 60 NA
14022 60 NA
14023 60 NA
14024 60 NA
14025 61 NA
14026 61 NA
14027 61 NA
14028 61 NA
14029 60 NA
14030 60 NA
14031 61 NA
14032 60 NA
14033 60 NA
14034 60 NA
14035 60 NA
14036 60 NA
14037 61 NA
14038 60 NA
14039 60 NA
14040 60 NA
14041 61 NA
14042 60 NA
14043 60 NA
14044 60 NA
14045 61 NA
14046 61 NA
14047 60 NA
14048 60 NA
14049 60 NA
14050 61 NA
14051 61 NA
14052 61 NA
14053 60 NA
14054 60 NA
14055 61 NA
14056 60 NA
14057 60 NA
14058 61 NA
14059 60 NA
14060 61 NA
14061 60 NA
14062 62 NA
14063 62 NA
14064 61 NA
14065 60 NA
14066 61 NA
14067 62 NA
14068 62 NA
14069 60 NA
14070 60 NA
14071 60 NA
14072 61 NA
14073 60 NA
14074 60 NA
14075 60 NA
14076 60 NA
14077 60 NA
14078 60 NA
14079 61 NA
14080 62 NA
14081 62 NA
14082 60 NA
14083 61 NA
14084 62 NA
14085 61 NA
14086 61 NA
14087 61 NA
14088 62 NA
14089 62 NA
14090 62 NA
14091 63 NA
14092 63 NA
14093 62 NA
14094 60 NA
14095 60 NA
14096 61 NA
14097 61 NA
14098 60 NA
14099 60 NA
14100 61 NA
14101 60 NA
14102 60 NA
14103 60 NA
14104 60 NA
14105 61 NA
14106 61 NA
14107 61 NA
14108 60 NA
14109 61 NA
14110 62 NA
14111 62 NA
14112 62 NA
14113 62 NA
14114 60 NA
14115 60 NA
14116 60 NA
14117 60 NA
14118 60 NA
14119 60 NA
14120 60 NA
14121 60 NA
14122 60 NA
14123 60 NA
14124 60 NA
14125 61 NA
14126 60 NA
14127 60 NA
14128 60 NA
14129 62 NA
14130 60 NA
14131 60 NA
14132 60 NA
14133 60 NA
14134 60 NA
14135 60 NA
14136 60 NA
14137 60 NA
14138 60 NA
14139 60 NA
14140 60 NA
14141 60 NA
14142 60 NA
14143 60 NA
14144 60 NA
14145 60 NA
14146 60 NA
14147 60 NA
14148 60 NA
14149 60 NA
14150 60 NA
14151 60 NA
14152 60 NA
14153 60 NA
14154 60 NA
14155 60 NA
14156 60 NA
14157 60 NA
14158 60 NA
14159 61 NA
14160 62 NA
14161 62 NA
14162 61 NA
14163 61 NA
14164 62 NA
14165 62 NA
14166 60 NA
14167 60 NA
14168 61 NA
14169 60 NA
14170 60 NA
14171 60 NA
14172 60 NA
14173 60 NA
14174 60 NA
14175 60 NA
14176 60 NA
14177 60 NA
14178 60 NA
14179 60 NA
14180 60 NA
14181 60 NA
14182 60 NA
14183 60 NA
14184 60 NA
14185 60 NA
14186 60 NA
14187 60 NA
14188 60 NA
14189 60 NA
14190 60 NA
14191 60 NA
14192 60 NA
14193 60 NA
14194 60 NA
14195 60 NA
14196 60 NA
14197 60 NA
14198 60 NA
14199 60 NA
14200 60 NA
14201 60 NA
14202 60 NA
14203 60 NA
14204 60 NA
14205 60 NA
14206 60 NA
14207 60 NA
14208 60 NA
14209 60 NA
14210 60 NA
14211 60 NA
14212 60 NA
14213 61 NA
14214 60 NA
14215 60 NA
14216 60 NA
14217 61 NA
14218 61 NA
14219 60 NA
14220 60 NA
14221 60 NA
14222 60 NA
14223 60 NA
14224 60 NA
14225 60 NA
14226 60 NA
14227 60 NA
14228 60 NA
14229 60 NA
14230 60 NA
14231 60 NA
14232 60 NA
14233 60 NA
14234 60 NA
14235 60 NA
14236 60 NA
14237 60 NA
14238 60 NA
14239 60 NA
14240 60 NA
14241 60 NA
14242 60 NA
14243 60 NA
14244 60 NA
14245 60 NA
14246 60 NA
14247 60 NA
14248 60 NA
14249 60 NA
14250 60 NA
14251 60 NA
14252 60 NA
14253 60 NA
14254 60 NA
14255 60 NA
14256 60 NA
14257 60 NA
14258 60 NA
14259 60 NA
14260 60 NA
14261 60 NA
14262 60 NA
14263 60 NA
14264 61 NA
14265 60 NA
14266 60 NA
14267 60 NA
14268 60 NA
14269 63 NA
14270 63 NA
14271 65 NA
14272 62 NA
14273 62 NA
14274 64 NA
14275 61 NA
14276 60 NA
14277 60 NA
14278 60 NA
14279 60 NA
14280 60 NA
14281 60 NA
14282 60 NA
14283 60 NA
14284 61 NA
14285 63 NA
14286 63 NA
14287 62 NA
14288 60 NA
14289 60 NA
14290 60 NA
14291 61 NA
14292 60 NA
14293 60 NA
14294 60 NA
14295 60 NA
14296 60 NA
14297 60 NA
14298 60 NA
14299 61 NA
14300 65 NA
14301 69 NA
14302 76 NA
14303 79 NA
14304 83 NA
14305 88 NA
14306 93 NA
14307 98 NA
14308 98 NA
14309 93 NA
14310 93 NA
14311 83 NA
14312 78 NA
14313 74 NA
14314 74 NA
14315 71 NA
14316 64 NA
14317 64 NA
14318 60 NA
14319 60 NA
14320 60 NA
14321 61 NA
14322 62 NA
14323 60 NA
14324 61 NA
14325 61 NA
14326 63 NA
14327 64 NA
14328 62 NA
14329 61 NA
14330 60 NA
14331 60 NA
14332 62 NA
14333 65 NA
14334 66 NA
14335 66 NA
14336 67 NA
14337 67 NA
14338 67 NA
14339 68 NA
14340 68 NA
14341 65 NA
14342 67 NA
14343 66 NA
14344 64 NA
14345 60 NA
14346 60 NA
14347 60 NA
14348 60 NA
14349 60 NA
14350 60 NA
14351 60 NA
14352 61 NA
14353 61 NA
14354 61 NA
14355 60 NA
14356 61 NA
14357 63 NA
14358 63 NA
14359 64 NA
14360 61 NA
14361 60 NA
14362 61 NA
14363 64 NA
14364 63 NA
14365 63 NA
14366 60 NA
14367 60 NA
14368 60 NA
14369 61 NA
14370 61 NA
14371 62 NA
14372 60 NA
14373 60 NA
14374 61 NA
14375 63 NA
14376 64 NA
14377 60 NA
14378 60 NA
14379 60 NA
14380 60 NA
14381 60 NA
14382 60 NA
14383 60 NA
14384 60 NA
14385 61 NA
14386 63 NA
14387 64 NA
14388 66 NA
14389 69 NA
14390 68 NA
14391 68 NA
14392 66 NA
14393 66 NA
14394 63 NA
14395 71 NA
14396 74 NA
14397 77 NA
14398 77 NA
14399 86 NA
14400 90 NA
14401 90 NA
14402 91 NA
14403 91 NA
14404 92 NA
14405 94 NA
14406 96 NA
14407 95 NA
14408 95 NA
14409 94 NA
14410 90 NA
14411 90 NA
14412 92 NA
14413 91 NA
14414 91 NA
14415 91 NA
14416 92 NA
14417 95 NA
14418 92 NA
14419 91 NA
14420 95 NA
14421 95 NA
14422 96 NA
14423 97 NA
14424 97 NA
14425 97 NA
14426 96 NA
14427 92 NA
14428 90 NA
14429 80 NA
14430 80 NA
14431 76 NA
14432 72 NA
14433 73 NA
14434 73 NA
14435 70 NA
14436 65 NA
14437 65 NA
14438 62 NA
14439 63 NA
14440 62 NA
14441 61 NA
14442 62 NA
14443 63 NA
14444 70 NA
14445 70 NA
14446 73 NA
14447 76 NA
14448 76 NA
14449 75 NA
14450 77 NA
14451 80 NA
14452 88 NA
14453 88 NA
14454 98 NA
14455 98 NA
14456 103 NA
14457 109 NA
14458 113 NA
14459 119 NA
14460 124 NA
14461 131 NA
14462 137 NA
14463 144 NA
14464 151 NA
14465 158 NA
14466 162 NA
14467 162 NA
14468 166 NA
14469 175 NA
14470 183 NA
14471 191 NA
14472 209 NA
14473 209 NA
14474 230 NA
14475 238 NA
14476 238 NA
14477 231 NA
14478 231 NA
14479 231 NA
14480 235 NA
14481 240 NA
14482 240 NA
14483 241 NA
14484 241 NA
14485 253 NA
14486 266 NA
14487 280 NA
14488 291 NA
14489 314 NA
14490 329 NA
14491 329 NA
14492 344 NA
14493 361 NA
14494 398 NA
14495 398 NA
14496 417 NA
14497 435 NA
14498 452 NA
14499 469 NA
14500 488 NA
14501 502 NA
14502 528 NA
14503 580 NA
14504 608 NA
14505 608 NA
14506 612 NA
14507 641 NA
14508 670 NA
14509 703 NA
14510 728 NA
14511 753 NA
14512 805 NA
14513 805 NA
14514 808 NA
14515 776 NA
14516 776 NA
14517 714 NA
14518 714 NA
14519 674 NA
14520 674 NA
14521 640 NA
14522 568 NA
14523 568 NA
14524 498 NA
14525 498 NA
14526 460 NA
14527 437 NA
14528 409 NA
14529 388 NA
14530 342 NA
14531 342 NA
14532 309 NA
14533 295 NA
14534 295 NA
14535 278 NA
14536 252 NA
14537 240 NA
14538 240 NA
14539 240 NA
14540 248 NA
14541 260 NA
14542 260 NA
14543 240 NA
14544 228 NA
14545 208 NA
14546 204 NA
14547 192 NA
14548 192 NA
14549 195 NA
14550 199 NA
14551 192 NA
14552 188 NA
14553 190 NA
14554 190 NA
14555 208 NA
14556 208 NA
14557 216 NA
14558 204 NA
14559 188 NA
14560 188 NA
14561 178 NA
14562 174 NA
14563 165 NA
14564 163 NA
14565 163 NA
14566 168 NA
14567 168 NA
14568 177 NA
14569 188 NA
14570 197 NA
14571 197 NA
14572 204 NA
14573 214 NA
14574 219 NA
14575 229 NA
14576 240 NA
14577 251 NA
14578 276 NA
14579 276 NA
14580 287 NA
14581 290 NA
14582 261 NA
14583 261 NA
14584 246 NA
14585 234 NA
14586 234 NA
14587 222 NA
14588 210 NA
14589 210 NA
14590 201 NA
14591 201 NA
14592 202 NA
14593 213 NA
14594 211 NA
14595 205 NA
14596 205 NA
14597 204 NA
14598 210 NA
14599 231 NA
14600 231 NA
14601 233 NA
14602 233 NA
14603 229 NA
14604 241 NA
14605 246 NA
14606 246 NA
14607 236 NA
14608 236 NA
14609 224 NA
14610 224 NA
14611 212 NA
14612 212 NA
14613 226 NA
14614 236 NA
14615 236 NA
14616 238 NA
14617 262 NA
14618 267 NA
14619 277 NA
14620 277 NA
14621 302 NA
14622 302 NA
14623 333 NA
14624 333 NA
14625 364 NA
14626 382 NA
14627 382 NA
14628 420 NA
14629 440 NA
14630 440 NA
14631 455 NA
14632 455 NA
14633 420 NA
14634 420 NA
14635 406 NA
14636 396 NA
14637 397 NA
14638 401 NA
14639 412 NA
14640 430 NA
14641 450 NA
14642 450 NA
14643 455 NA
14644 455 NA
14645 474 NA
14646 486 NA
14647 535 NA
14648 560 NA
14649 560 NA
14650 537 NA
14651 552 NA
14653 578 NA
14654 633 NA
14655 660 NA
14656 660 NA
14657 693 NA
14658 764 NA
14659 798 NA
14660 798 NA
14661 833 NA
14662 884 NA
14663 884 NA
14664 800 NA
14665 779 NA
14666 757 NA
14667 757 NA
14668 719 NA
14669 683 NA
14670 668 NA
14671 637 NA
14672 604 NA
14673 604 NA
14674 573 NA
14675 572 NA
14676 543 NA
14677 542 NA
14678 515 NA
14679 489 NA
14680 488 NA
14681 463 NA
14682 458 NA
14683 438 NA
14684 438 NA
14685 434 NA
14686 416 NA
14687 413 NA
14688 411 NA
14689 395 NA
14690 365 NA
14691 358 NA
14692 358 NA
14693 339 NA
14694 323 NA
14695 323 NA
14696 306 NA
14697 305 NA
14698 289 NA
14699 288 NA
14700 274 NA
14701 273 NA
14702 259 NA
14703 254 NA
14704 266 NA
14705 279 NA
14706 279 NA
14707 274 NA
14708 289 NA
14709 289 NA
14710 302 NA
14711 318 NA
14712 341 NA
14713 341 NA
14714 359 NA
14715 393 NA
14716 393 NA
14717 434 NA
14718 450 NA
14719 450 NA
14720 497 NA
14721 497 NA
14722 465 NA
14723 465 NA
14724 447 NA
14725 434 NA
14726 421 NA
14727 396 NA
14728 396 NA
14729 376 NA
14730 357 NA
14731 339 NA
14732 309 NA
14733 309 NA
14734 282 NA
14735 282 NA
14736 260 NA
14737 260 NA
14738 237 NA
14739 237 NA
14740 235 NA
14741 246 NA
14742 258 NA
14743 265 NA
14744 279 NA
14745 286 NA
14746 291 NA
14747 302 NA
14748 322 NA
14749 322 NA
14750 317 NA
14751 311 NA
14752 325 NA
14753 336 NA
14754 353 NA
14755 387 NA
14756 387 NA
14757 402 NA
14758 388 NA
14759 401 NA
14760 404 NA
14761 418 NA
14762 437 NA
14763 437 NA
14764 459 NA
14765 482 NA
14766 506 NA
14767 532 NA
14768 585 NA
14769 585 NA
14770 610 NA
14771 671 NA
14772 671 NA
14773 705 NA
14774 737 NA
14775 807 NA
14776 837 NA
14777 837 NA
14778 909 NA
14779 909 NA
14780 964 NA
14781 1013 NA
14782 1048 NA
14783 1048 NA
14784 1009 NA
14785 1009 NA
14786 958 NA
14787 953 NA
14788 910 NA
14789 863 NA
14790 850 NA
14791 850 NA
14792 817 NA
14793 806 NA
14794 774 NA
14795 732 NA
14796 732 NA
14797 721 NA
14798 681 NA
14799 657 NA
14800 657 NA
14801 641 NA
14802 623 NA
14803 591 NA
14804 591 NA
14805 576 NA
14806 576 NA
14807 570 NA
14808 559 NA
14809 551 NA
14810 536 NA
14811 536 NA
14812 518 NA
14813 510 NA
14814 510 NA
14815 504 NA
14816 493 NA
14817 485 NA
14818 478 NA
14819 465 NA
14820 465 NA
14821 457 NA
14822 450 NA
14823 432 NA
14824 432 NA
14825 425 NA
14826 408 NA
14827 408 NA
14828 400 NA
14829 391 NA
14830 384 NA
14831 375 NA
14832 362 NA
14833 362 NA
14834 353 NA
14835 345 NA
14836 340 NA
14837 326 NA
14838 320 NA
14839 320 NA
14840 307 NA
14841 307 NA
14842 301 NA
14843 285 NA
14844 283 NA
14845 268 NA
14846 266 NA
14847 251 NA
14848 240 NA
14849 240 NA
14850 228 NA
14851 216 NA
14852 212 NA
14853 204 NA
14854 204 NA
14855 199 NA
14856 192 NA
14857 181 NA
14858 181 NA
14859 170 NA
14860 170 NA
14861 165 NA
14862 159 NA
14863 155 NA
14864 150 NA
14865 146 NA
14866 137 NA
14867 137 NA
14868 132 NA
14869 129 NA
14870 121 NA
14871 121 NA
14872 113 NA
14873 113 NA
14874 107 NA
14875 107 NA
14876 104 NA
14877 101 NA
14878 98 NA
14879 94 NA
14880 91 NA
14881 91 NA
14882 85 NA
14883 85 NA
14884 82 NA
14885 79 NA
14886 76 NA
14887 74 NA
14888 71 NA
14889 69 NA
14890 63 NA
14891 63 NA
14892 60 NA
14893 56 NA
14894 56 NA
14895 54 NA
14896 50 NA
14897 50 NA
14898 50 NA
14899 49 NA
14900 48 NA
14901 44 NA
14902 44 NA
14903 42 NA
14904 42 NA
14905 40 NA
14906 37 NA
14907 35 NA
14908 35 NA
14909 33 NA
14910 32 NA
14911 29 NA
14912 27 NA
14913 26 NA
14914 26 NA
14915 26 NA
14916 26 NA
14917 26 NA
14918 26 NA
14920 26 NA
14921 26 NA
14922 26 NA
14923 26 NA
14924 26 NA
14925 26 NA
14926 26 NA
14927 26 NA
14928 26 NA
14929 26 NA
14930 26 NA
14931 26 NA
14932 26 NA
14933 26 NA
14934 26 NA
14935 26 NA
14936 26 NA
14937 26 NA
14938 26 NA
14939 26 NA
14940 27 NA
14941 26 NA
14942 26 NA
14943 26 NA
14944 26 NA
14945 26 NA
14946 26 NA
14947 26 NA
14948 26 NA
14949 27 NA
14950 27 NA
14951 26 NA
14952 27 NA
14953 27 NA
14954 27 NA
14955 28 NA
14956 28 NA
14957 27 NA
14958 27 NA
14959 27 NA
14960 26 NA
14961 26 NA
14962 26 NA
14963 26 NA
14964 26 NA
14965 26 NA
14966 26 NA
14967 26 NA
14968 26 NA
14969 26 NA
14970 26 NA
14971 26 NA
14972 26 NA
14973 26 NA
14974 26 NA
14981 26 NA
14988 26 NA
14995 26 NA
15002 26 NA
15009 26 NA
15016 26 NA
15018 25 NA
15019 23 NA
15020 19 NA
15021 19 NA
15023 17 NA
15025 16 NA
15026 15 NA
15028 13 NA
15029 11 NA
15031 10 NA
15032 9 NA
15033 7 NA
15035 6 NA
15036 5 NA
15038 5 NA
15039 4 NA
15044 4 NA
15046 5 NA
15053 5 NA
15060 5 NA
15061 5 NA
15064 4 NA
15067 4 NA
15073 3 NA
15080 3 NA
15082 2 NA
15084 1 NA
15085 1 NA
15086 2 NA
15093 2 NA
15094 2 NA
15096 3 NA
15103 3 NA
15110 3 NA
15116 3 NA
15119 2 NA
15120 1 NA
15124 2 NA
15125 2 NA
15126 3 NA
15128 4 NA
15132 4 NA
15133 5 NA
15136 5 NA
15140 6 NA
15145 6 NA
15150 5 NA
15151 4 NA
15154 3 NA
15156 2 NA
15159 2 NA
15161 3 NA
15163 4 NA
15164 5 NA
15171 5 NA
15178 5 NA
15179 5 NA
15184 6 NA
15187 6 NA
15189 5 NA
15191 6 NA
15198 6 NA
15204 6 NA
15210 5 NA
15212 4 NA
15215 5 NA
15221 5 NA
15223 4 NA
15227 4 NA
15232 3 NA
15233 3 NA
15235 1 NA
15240 2 NA
15247 2 NA
15250 2 NA
15252 3 NA
15259 3 NA
15264 3 NA
15270 2 NA
15271 2 NA
15275 3 NA
15282 3 NA
15283 3 NA
15291 4 NA
15297 4 NA
15299 3 NA
15302 4 NA
15309 4 NA
15312 4 NA
15313 3 NA
15318 3 NA
15319 4 NA
15321 4 NA
15322 5 NA
15329 5 NA
15336 5 NA
15340 5 NA
15341 6 NA
15342 6 NA
15343 6 NA
15344 6 NA
15345 6 NA
15346 6 NA
15347 5 NA
15348 5 NA
15349 4 NA
15350 4 NA
15351 4 NA
15352 4 NA
15353 4 NA
15354 5 NA
15355 5 NA
15356 5 NA
15357 5 NA
15358 5 NA
15359 5 NA
15360 5 NA
15361 5 NA
15362 6 NA
15363 7 NA
15364 7 NA
15365 6 NA
15366 5 NA
15367 4 NA
15368 4 NA
15369 4 NA
15370 4 NA
15371 5 NA
15372 5 NA
15373 5 NA
15374 6 NA
15375 6 NA
15376 6 NA
15377 6 NA
15378 6 NA
15379 7 NA
15380 8 NA
15381 8 NA
15382 8 NA
15383 8 NA
15384 8 NA
15385 8 NA
15386 8 NA
15387 8 NA
15388 9 NA
15389 9 NA
15390 8 NA
15391 8 NA
15392 8 NA
15393 9 NA
15394 9 NA
15395 8 NA
15396 8 NA
15397 8 NA
15398 8 NA
15399 8 NA
15400 9 NA
15401 9 NA
15402 9 NA
15403 10 NA
15404 10 NA
15405 10 NA
15406 10 NA
15407 10 NA
15408 11 NA
15409 10 NA
15410 10 NA
15411 9 NA
15412 9 NA
15413 9 NA
15414 9 NA
15415 9 NA
15416 9 NA
15417 10 NA
15418 10 NA
15419 10 NA
15420 10 NA
15421 11 NA
15422 11 NA
15423 11 NA
15424 11 NA
15425 11 NA
15426 11 NA
15427 11 NA
15428 11 NA
15429 11 NA
15430 11 NA
15431 11 NA
15432 11 NA
15433 11 NA
15434 11 NA
15435 12 NA
15436 12 NA
15437 12 NA
15438 12 NA
15439 12 NA
15440 11 NA
15441 11 NA
15442 11 NA
15443 11 NA
15444 11 NA
15445 11 NA
15446 11 NA
15447 11 NA
15448 12 NA
15449 12 NA
15450 12 NA
15451 12 NA
15452 12 NA
15453 12 NA
15454 12 NA
15455 13 NA
15456 13 NA
15457 13 NA
15458 13 NA
15459 13 NA
15460 12 NA
15461 12 NA
15462 12 NA
15463 12 NA
15464 12 NA
15465 13 NA
15466 13 NA
15467 13 NA
15468 13 NA
15469 13 NA
15470 13 NA
15471 13 NA
15472 13 NA
15473 12 NA
15474 11 NA
15475 11 NA
15476 12 NA
15477 12 NA
15478 12 NA
15479 12 NA
15480 12 NA
15481 12 NA
15482 12 NA
15483 12 NA
15484 12 NA
15485 12 NA
15486 12 NA
15487 12 NA
15488 12 NA
15489 12 NA
15490 12 NA
15491 12 NA
15492 12 NA
15493 12 NA
15494 13 NA
15495 13 NA
15496 13 NA
15497 13 NA
15498 13 NA
15499 13 NA
15500 13 NA
15501 13 NA
15502 13 NA
15503 13 NA
15504 13 NA
15505 12 NA
15506 11 NA
15507 10 NA
15508 10 NA
15509 11 NA
15510 12 NA
15511 12 NA
15512 13 NA
15513 14 NA
15514 14 NA
15515 15 NA
15516 15 NA
15517 15 NA
15518 15 NA
15519 16 NA
15520 16 NA
15521 16 NA
15522 17 NA
15523 16 NA
15524 16 NA
15525 16 NA
15526 16 NA
15527 16 NA
15528 16 NA
15529 16 NA
15530 16 NA
15531 16 NA
15532 17 NA
15533 17 NA
15534 17 NA
15535 17 NA
15536 17 NA
15537 17 NA
15538 17 NA
15539 17 NA
15540 17 NA
15541 18 NA
15542 18 NA
15543 18 NA
15544 18 NA
15545 18 NA
15546 18 NA
15547 18 NA
15548 18 NA
15549 18 NA
15550 18 NA
15551 18 NA
15552 17 NA
15553 17 NA
15554 17 NA
15555 17 NA
15556 17 NA
15557 17 NA
15558 17 NA
15559 17 NA
15560 17 NA
15561 18 NA
15562 18 NA
15563 18 NA
15564 19 NA
15565 19 NA
15566 20 NA
15567 20 NA
15568 20 NA
15569 20 NA
15570 20 NA
15571 20 NA
15572 20 NA
15573 20 NA
15574 20 NA
15575 20 NA
15576 20 NA
15577 20 NA
15578 20 NA
15579 21 NA
15580 22 NA
15581 22 NA
15582 22 NA
15583 22 NA
15584 21 NA
15585 20 NA
15586 20 NA
15587 20 NA
15588 20 NA
15589 20 NA
15590 20 NA
15591 21 NA
15592 21 NA
15593 21 NA
15594 21 NA
15595 21 NA
15596 21 NA
15597 21 NA
15598 19 NA
15599 19 NA
15600 19 NA
15601 19 NA
15602 19 NA
15603 18 NA
15604 18 NA
15605 17 NA
15606 17 NA
15607 17 NA
15608 17 NA
15609 17 NA
15610 17 NA
15611 18 NA
15612 18 NA
15613 18 NA
15614 18 NA
15615 18 NA
15616 18 NA
15617 19 NA
15618 19 NA
15619 19 NA
15620 19 NA
15621 19 NA
15622 19 NA
15623 19 NA
15624 20 NA
15625 20 NA
15626 20 NA
15627 20 NA
15628 20 NA
15629 20 NA
15630 20 NA
15631 20 NA
15632 20 NA
15633 20 NA
15634 20 NA
15635 20 NA
15636 20 NA
15637 21 NA
15638 21 NA
15639 21 NA
15640 21 NA
15641 22 NA
15642 24 NA
15643 24 NA
15644 24 NA
15645 24 NA
15646 25 NA
15647 25 NA
15648 25 NA
15649 26 NA
15650 26 NA
15651 26 NA
15652 25 NA
15653 25 NA
15654 25 NA
15655 25 NA
15656 24 NA
15657 24 NA
15658 24 NA
15659 24 NA
15660 24 NA
15661 24 NA
15662 24 NA
15663 24 NA
15664 24 NA
15665 23 NA
15666 23 NA
15667 22 NA
15668 22 NA
15669 22 NA
15670 22 NA
15671 23 NA
15672 23 NA
15673 23 NA
15674 23 NA
15675 23 NA
15676 23 NA
15677 23 NA
15678 23 NA
15679 23 NA
15680 24 NA
15681 24 NA
15682 24 NA
15683 23 NA
15684 23 NA
15685 22 NA
15686 22 NA
15687 22 NA
15688 23 NA
15689 23 NA
15690 24 NA
15691 24 NA
15692 24 NA
15693 24 NA
15694 24 NA
15695 25 NA
15696 25 NA
15697 25 NA
15698 25 NA
15699 25 NA
15700 25 NA
15701 25 NA
15702 25 NA
15703 25 NA
15704 25 NA
15705 25 NA
15706 24 NA
15707 24 NA
15708 24 NA
15709 24 NA
15710 22 NA
15711 22 NA
15712 20 NA
15713 20 NA
15714 20 NA
15715 20 NA
15716 20 NA
15717 20 NA
15718 20 NA
15719 19 NA
15720 19 NA
15721 19 NA
15722 18 NA
15723 18 NA
15724 17 NA
15725 17 NA
15726 17 NA
15727 17 NA
15728 17 NA
15729 17 NA
15730 18 NA
15731 18 NA
15732 18 NA
15733 18 NA
15734 18 NA
15735 19 NA
15736 19 NA
15737 19 NA
15738 19 NA
15739 19 NA
15740 19 NA
15741 20 NA
15742 20 NA
15743 21 NA
15744 21 NA
15745 20 NA
15746 20 NA
15747 19 NA
15748 19 NA
15749 19 NA
15750 19 NA
15751 19 NA
15752 19 NA
15753 19 NA
15754 19 NA
15755 19 NA
15756 19 NA
15757 19 NA
15758 19 NA
15759 19 NA
15760 19 NA
15761 19 NA
15762 19 NA
15763 19 NA
15764 19 NA
15765 20 NA
15766 20 NA
15767 21 NA
15768 21 NA
15769 22 NA
15770 22 NA
15771 24 NA
15772 24 NA
15773 25 NA
15774 25 NA
15775 25 NA
15776 25 NA
15777 24 NA
15778 24 NA
15779 23 NA
15780 23 NA
15781 23 NA
15782 23 NA
15783 22 NA
15784 22 NA
15785 22 NA
15786 22 NA
15787 23 NA
15788 23 NA
15789 24 NA
15790 24 NA
15791 24 NA
15792 24 NA
15793 24 NA
15794 25 NA
15795 25 NA
15796 25 NA
15797 25 NA
15798 25 NA
15799 25 NA
15800 25 NA
15801 26 NA
15802 26 NA
15803 26 NA
15804 26 NA
15805 26 NA
15806 26 NA
15807 26 NA
15808 26 NA
15809 26 NA
15810 26 NA
15811 26 NA
15812 26 NA
15813 25 NA
15814 25 NA
15815 25 NA
15816 25 NA
15817 25 NA
15818 25 NA
15819 25 NA
15820 25 NA
15821 25 NA
15822 25 NA
15823 24 NA
15824 24 NA
15825 23 NA
15826 23 NA
15827 23 NA
15828 24 NA
15829 24 NA
15830 24 NA
15831 26 NA
15832 26 NA
15833 26 NA
15834 27 NA
15835 27 NA
15836 27 NA
15837 27 NA
15838 27 NA
15839 27 NA
15840 27 NA
15841 27 NA
15842 27 NA
15843 27 NA
15844 28 NA
15845 28 NA
15846 28 NA
15847 28 NA
15848 29 NA
15849 29 NA
15850 31 NA
15851 31 NA
15852 31 NA
15853 31 NA
15854 31 NA
15855 31 NA
15856 31 NA
15857 32 NA
15858 32 NA
15859 32 NA
15860 32 NA
15861 32 NA
15862 32 NA
15863 32 NA
15864 32 NA
15865 30 NA
15866 30 NA
15867 30 NA
15868 30 NA
15869 31 NA
15870 31 NA
15871 32 NA
15872 32 NA
15873 32 NA
15874 32 NA
15875 30 NA
15876 30 NA
15877 30 NA
15878 28 NA
15879 28 NA
15880 26 NA
15881 26 NA
15882 26 NA
15883 26 NA
15884 25 NA
15885 25 NA
15886 25 NA
15887 25 NA
15888 25 NA
15889 25 NA
15890 26 NA
15891 26 NA
15892 27 NA
15893 27 NA
15894 28 NA
15895 28 NA
15896 28 NA
15897 29 NA
15898 29 NA
15899 29 NA
15900 28 NA
15901 28 NA
15902 27 NA
15903 27 NA
15904 26 NA
15905 26 NA
15906 25 NA
15907 25 NA
15908 24 NA
15909 24 NA
15910 24 NA
15911 24 NA
15912 24 NA
15913 24 NA
15914 24 NA
15915 25 NA
15916 25 NA
15917 25 NA
15918 25 NA
15919 25 NA
15920 25 NA
15921 26 NA
15922 26 NA
15923 26 NA
15924 25 NA
15925 25 NA
15926 25 NA
15927 25 NA
15928 25 NA
15929 25 NA
15930 26 NA
15931 26 NA
15932 26 NA
15933 26 NA
15934 26 NA
15935 26 NA
15936 26 NA
15937 26 NA
15938 26 NA
15939 26 NA
15940 26 NA
15941 26 NA
15942 26 NA
15943 26 NA
15944 26 NA
15945 26 NA
15946 25 NA
15947 25 NA
15948 25 NA
15949 25 NA
15950 25 NA
15951 25 NA
15952 25 NA
15953 26 NA
15954 26 NA
15955 26 NA
15956 26 NA
15957 26 NA
15958 26 NA
15959 26 NA
15960 26 NA
15961 26 NA
15962 27 NA
15963 27 NA
15964 27 NA
15965 27 NA
15966 27 NA
15967 27 NA
15968 27 NA
15969 27 NA
15970 27 NA
15971 27 NA
15972 27 NA
15973 27 NA
15974 27 NA
15975 27 NA
15976 27 NA
15977 27 NA
15978 27 NA
15979 26 NA
15980 26 NA
15981 26 NA
15982 26 NA
15983 26 NA
15984 26 NA
15985 26 NA
15986 26 NA
15987 26 NA
15988 26 NA
15989 27 NA
15990 27 NA
15991 27 NA
15992 27 NA
15993 27 NA
15994 26 NA
15995 26 NA
15996 26 NA
15997 26 NA
15998 27 NA
15999 27 NA
16000 27 NA
16001 27 NA
16002 28 NA
16003 28 NA
16004 28 NA
16005 28 NA
16006 29 NA
16007 29 NA
16008 29 NA
16009 29 NA
16010 29 NA
16011 29 NA
16012 29 NA
16013 29 NA
16014 29 NA
16015 29 NA
16016 29 NA
16017 27 NA
16018 27 NA
16019 27 NA
16020 27 NA
16021 25 NA
16022 25 NA
16023 25 NA
16024 24 NA
16025 24 NA
16026 22 NA
16027 22 NA
16028 20 NA
16029 20 NA
16030 20 NA
16031 19 NA
16032 19 NA
16033 19 NA
16034 19 NA
16035 19 NA
16036 19 NA
16037 19 NA
16038 18 NA
16039 18 NA
16040 18 NA
16041 18 NA
16042 18 NA
16043 17 NA
16044 17 NA
16045 17 NA
16046 17 NA
16047 16 NA
16048 16 NA
16049 16 NA
16050 15 NA
16051 15 NA
16052 15 NA
16053 15 NA
16054 15 NA
16055 15 NA
16056 15 NA
16057 15 NA
16058 14 NA
16059 14 NA
16060 14 NA
16061 14 NA
16062 14 NA
16063 14 NA
16064 14 NA
16065 14 NA
16066 14 NA
16067 14 NA
16068 14 NA
16069 14 NA
16070 14 NA
16071 13 NA
16072 13 NA
16073 13 NA
16074 13 NA
16075 13 NA
16076 13 NA
16077 13 NA
16078 13 NA
16079 13 NA
16080 13 NA
16081 13 NA
16082 13 NA
16083 14 NA
16084 14 NA
16085 14 NA
16086 14 NA
16087 14 NA
16088 14 NA
16089 15 NA
16090 15 NA
16091 15 NA
16092 14 NA
16093 14 NA
16094 14 NA
16095 15 NA
16096 15 NA
16097 15 NA
16098 15 NA
16099 15 NA
16100 15 NA
16101 15 NA
16102 14 NA
16103 13 NA
16104 12 NA
16105 11 NA
16106 10 NA
16107 9 NA
16108 8 NA
16109 7 NA
16110 6 NA
16111 5 NA
16112 4 NA
16113 3 NA
16114 2 NA
16115 1 NA
16116 1 NA
16117 1 NA
16118 1 NA
16119 1 NA
16120 1 NA
16121 1 NA
16122 1 NA
16123 1 NA
16124 1 NA
16125 1 NA
16126 1 NA
16127 1 NA
16128 1 NA
16129 1 NA
16130 1 NA
16131 1 NA
16132 1 NA
16133 1 NA
16134 1 NA
16135 1 NA
16136 1 NA
16137 1 NA
16138 1 NA
16139 1 NA
16140 1 NA
16141 1 NA
16142 1 NA
16143 1 NA
16144 1 NA
16145 1 NA
16146 1 NA
16147 1 NA
16148 1 NA
16149 1 NA
16150 1 NA
16151 1 NA
16152 1 NA
16153 1 NA
16154 1 NA
16155 1 NA
16156 1 NA
16157 1 NA
16158 1 NA
16159 1 NA
16160 1 NA
16161 1 NA
16162 1 NA
16163 1 NA
16164 1 NA
16165 1 NA
16166 1 NA
16167 1 NA
16168 1 NA
16169 1 NA
16170 1 NA
16171 1 NA
16172 1 NA
16173 1 NA
16174 1 NA
16175 1 NA
16176 1 NA
16177 1 NA
16178 1 NA
16179 1 NA
16180 1 NA
16181 1 NA
16182 1 NA
16183 1 NA
16184 1 NA
16185 1 NA
16186 1 NA
16187 1 NA
16188 1 NA
16189 1 NA
16190 1 NA
16191 2 NA
16192 2 NA
16193 2 NA
16194 2 NA
16195 2 NA
16196 2 NA
16197 2 NA
16198 2 NA
16199 2 NA
16200 2 NA
16201 2 NA
16202 2 NA
16203 2 NA
16204 2 NA
16205 2 NA
16206 2 NA
16207 2 NA
16208 2 NA
16209 2 NA
16210 2 NA
16211 2 NA
16212 2 NA
16213 1 NA
16214 1 NA
16215 1 NA
16216 1 NA
16217 1 NA
16218 1 NA
16219 1 NA
16220 1 NA
16221 2 NA
16222 2 NA
16223 2 NA
16224 2 NA
16225 2 NA
16226 2 NA
16227 2 NA
16228 2 NA
16229 2 NA
16230 2 NA
16231 2 NA
16232 2 NA
16233 3 NA
16234 3 NA
16235 3 NA
16236 3 NA
16237 3 NA
16238 3 NA
16239 3 NA
16240 3 NA
16241 3 NA
16242 3 NA
16243 2 NA
16244 2 NA
16245 2 NA
16246 2 NA
16247 2 NA
16248 2 NA
16249 3 NA
16250 3 NA
16251 3 NA
16252 3 NA
16253 3 NA
16254 3 NA
16255 3 NA
16256 3 NA
16257 3 NA
16258 3 NA
16259 3 NA
16260 3 NA
16261 3 NA
16262 3 NA
16263 3 NA
16264 3 NA
16265 3 NA
16266 3 NA
16267 3 NA
16268 3 NA
16269 3 NA
16270 3 NA
16271 3 NA
16272 3 NA
16273 3 NA
16274 3 NA
16275 3 NA
16276 3 NA
16277 3 NA
16278 3 NA
16279 3 NA
16280 3 NA
16281 3 NA
16282 3 NA
16283 3 NA
16284 3 NA
16285 3 NA
16286 3 NA
16287 3 NA
16288 3 NA
16289 3 NA
16290 3 NA
16291 3 NA
16292 3 NA
16293 3 NA
16294 3 NA
16295 2 NA
16296 2 NA
16297 2 NA
16298 2 NA
16299 2 NA
16300 1 NA
16301 1 NA
16302 1 NA
16303 2 NA
16304 2 NA
16305 2 NA
16306 3 NA
16307 3 NA
16308 3 NA
16309 3 NA
16310 3 NA
16311 2 NA
16312 2 NA
16313 2 NA
16314 3 NA
16315 3 NA
16316 3 NA
16317 3 NA
16318 3 NA
16319 3 NA
16320 3 NA
16321 3 NA
16322 3 NA
16323 3 NA
16324 3 NA
16325 3 NA
16326 3 NA
16327 3 NA
16328 3 NA
16329 3 NA
16330 3 NA
16331 4 NA
16332 4 NA
16333 4 NA
16334 4 NA
16335 4 NA
16336 4 NA
16337 4 NA
16338 5 NA
16339 5 NA
16340 4 NA
16341 4 NA
16342 5 NA
16343 5 NA
16344 5 NA
16345 5 NA
16346 5 NA
16347 5 NA
16348 5 NA
16349 5 NA
16350 5 NA
16351 5 NA
16352 5 NA
16353 5 NA
16354 6 NA
16355 6 NA
16356 6 NA
16357 6 NA
16358 6 NA
16359 6 NA
16360 6 NA
16361 6 NA
16362 6 NA
16363 7 NA
16364 7 NA
16365 7 NA
16366 7 NA
16367 6 NA
16368 6 NA
16369 6 NA
16370 6 NA
16371 6 NA
16372 6 NA
16373 6 NA
16374 6 NA
16375 6 NA
16376 6 NA
16377 6 NA
16378 6 NA
16379 6 NA
16380 6 NA
16381 6 NA
16382 6 NA
16383 7 NA
16384 7 NA
16385 7 NA
16386 8 NA
16387 8 NA
16388 8 NA
16389 7 NA
16390 7 NA
16391 7 NA
16392 7 NA
16393 8 NA
16394 8 NA
16395 8 NA
16396 8 NA
16397 9 NA
16398 9 NA
16399 9 NA
16400 9 NA
16401 9 NA
16402 9 NA
16403 10 NA
16404 10 NA
16405 10 NA
16406 10 NA
16407 10 NA
16408 10 NA
16409 10 NA
16410 10 NA
16411 10 NA
16412 10 NA
16413 9 NA
16414 9 NA
16415 9 NA
16416 9 NA
16417 9 NA
16418 9 NA
16419 9 NA
16420 8 NA
16421 8 NA
16422 8 NA
16423 8 NA
16424 8 NA
16425 8 NA
16426 8 NA
16427 8 NA
16428 8 NA
16429 8 NA
16430 8 NA
16431 8 NA
16432 8 NA
16433 8 NA
16434 7 NA
16435 7 NA
16436 7 NA
16437 7 NA
16438 7 NA
16439 7 NA
16440 7 NA
16441 7 NA
16442 7 NA
16443 7 NA
16444 7 NA
16445 7 NA
16446 7 NA
16447 7 NA
16448 7 NA
16449 7 NA
16450 7 NA
16451 7 NA
16452 8 NA
16453 8 NA
16454 8 NA
16455 8 NA
16456 8 NA
16457 8 NA
16458 8 NA
16459 8 NA
16460 8 NA
16461 8 NA
16462 8 NA
16463 8 NA
16464 8 NA
16465 8 NA
16466 8 NA
16467 9 NA
16468 9 NA
16469 9 NA
16470 8 NA
16471 8 NA
16472 8 NA
16473 9 NA
16474 9 NA
16475 9 NA
16476 9 NA
16477 9 NA
16478 9 NA
16479 8 NA
16480 8 NA
16481 8 NA
16482 8 NA
16483 8 NA
16484 8 NA
16485 9 NA
16486 9 NA
16487 9 NA
16488 9 NA
16489 9 NA
16490 9 NA
16491 8 NA
16492 8 NA
16493 8 NA
16494 7 NA
16495 7 NA
16496 7 NA
16497 8 NA
16498 8 NA
16499 8 NA
16500 8 NA
16501 8 NA
16502 8 NA
16503 8 NA
16504 8 NA
16505 8 NA
16506 8 NA
16507 9 NA
16508 9 NA
16509 9 NA
16510 10 NA
16511 10 NA
16512 10 NA
16513 10 NA
16514 11 NA
16515 11 NA
16516 11 NA
16517 10 NA
16518 10 NA
16519 10 NA
16520 10 NA
16521 10 NA
16522 10 NA
16523 10 NA
16524 11 NA
16525 11 NA
16526 11 NA
16527 11 NA
16528 11 NA
16529 11 NA
16530 11 NA
16531 11 NA
16532 11 NA
16533 11 NA
16534 11 NA
16535 12 NA
16536 12 NA
16537 12 NA
16538 12 NA
16539 12 NA
16540 12 NA
16541 12 NA
16542 12 NA
16543 12 NA
16544 12 NA
16545 12 NA
16546 12 NA
16547 12 NA
16548 12 NA
16549 12 NA
16550 12 NA
16551 12 NA
16552 12 NA
16553 11 NA
16554 11 NA
16555 11 NA
16556 11 NA
16557 11 NA
16558 11 NA
16559 11 NA
16560 11 NA
16561 11 NA
16562 11 NA
16563 11 NA
16564 11 NA
16565 11 NA
16566 11 NA
16567 11 NA
16568 11 NA
16569 11 NA
16570 11 NA
16571 11 NA
16572 11 NA
16573 12 NA
16574 12 NA
16575 12 NA
16576 12 NA
16577 12 NA
16578 12 NA
16579 12 NA
16580 12 NA
16581 12 NA
16582 12 NA
16583 12 NA
16584 12 NA
16585 12 NA
16586 12 NA
16587 12 NA
16588 12 NA
16589 12 NA
16590 12 NA
16591 12 NA
16592 12 NA
16593 13 NA
16594 13 NA
16595 13 NA
16596 13 NA
16597 14 NA
16598 14 NA
16599 14 NA
16600 14 NA
16601 14 NA
16602 14 NA
16603 14 NA
16604 14 NA
16605 14 NA
16606 13 NA
16607 13 NA
16608 13 NA
16609 13 NA
16610 13 NA
16611 13 NA
16612 13 NA
16613 13 NA
16614 13 NA
16615 13 NA
16616 13 NA
16617 13 NA
16618 14 NA
16619 14 NA
16620 14 NA
16621 14 NA
16622 14 NA
16623 15 NA
16624 15 NA
16625 15 NA
16626 15 NA
16627 16 NA
16628 16 NA
16629 16 NA
16630 16 NA
16631 16 NA
16632 16 NA
16633 16 NA
16634 16 NA
16635 16 NA
16636 16 NA
16637 16 NA
16638 16 NA
16639 16 NA
16640 16 NA
16641 16 NA
16642 16 NA
16643 17 NA
16644 17 NA
16645 17 NA
16646 17 NA
16647 17 NA
16648 17 NA
16649 17 NA
16650 17 NA
16651 17 NA
16652 17 NA
16653 17 NA
16654 17 NA
16655 17 NA
16656 17 NA
16657 17 NA
16658 17 NA
16659 17 NA
16660 17 NA
16661 17 NA
16662 18 NA
16663 18 NA
16665 18 NA
16666 18 NA
16668 18 NA
16669 18 NA
16670 18 NA
16671 18 NA
16672 18 NA
16673 18 NA
16674 18 NA
16675 17 NA
16676 17 NA
16677 17 NA
16678 17 NA
16679 16 NA
16680 16 NA
16681 16 NA
16682 16 NA
16683 16 NA
16684 16 NA
16686 16 NA
16687 16 NA
16688 16 NA
16689 16 NA
16690 16 NA
16691 16 NA
16692 15 NA
16693 15 NA
16694 15 NA
16695 15 NA
16696 15 NA
16697 15 NA
16698 15 NA
16699 15 NA
16700 15 NA
16701 15 NA
16702 15 NA
16703 15 NA
16704 15 NA
16705 15 NA
16706 15 NA
16707 15 NA
16708 15 NA
16709 15 NA
16710 15 NA
16711 15 NA
16712 15 NA
16715 14 NA
16717 14 NA
16720 15 NA
16721 15 NA
16722 15 NA
16723 15 NA
16724 15 NA
16725 15 NA
16726 15 NA
16728 15 NA
16731 15 NA
16732 15 NA
16733 15 NA
16734 15 NA
16735 15 NA
16736 15 NA
16737 15 NA
16738 15 NA
16739 15 NA
16740 15 NA
16741 15 NA
16742 15 NA
16743 16 NA
16744 16 NA
16745 16 NA
16746 16 NA
16747 16 NA
16748 16 NA
16749 15 NA
16750 15 NA
16751 15 NA
16752 15 NA
16753 14 NA
16754 14 NA
16755 14 NA
16756 14 NA
16757 13 NA
16759 13 NA
16760 13 NA
16761 13 NA
16762 13 NA
16763 13 NA
16764 14 NA
16765 14 NA
16766 14 NA
16767 14 NA
16768 15 NA
16769 15 NA
16770 15 NA
16771 15 NA
16772 15 NA
16773 15 NA
16774 15 NA
16775 15 NA
16777 15 NA
16778 15 NA
16779 15 NA
16780 15 NA
16781 15 NA
16782 16 NA
16783 16 NA
16784 16 NA
16785 16 NA
16786 16 NA
16787 16 NA
16788 16 NA
16789 16 NA
16790 16 NA
16791 16 NA
16792 16 NA
16793 15 NA
16794 15 NA
16795 15 NA
16796 15 NA
16797 15 NA
16798 15 NA
16799 15 NA
16800 16 NA
16801 16 NA
16802 16 NA
16803 16 NA
16804 16 NA
16807 16 NA
16808 16 NA
16809 16 NA
16810 16 NA
16811 17 NA
16812 17 NA
16813 17 NA
16814 17 NA
16815 17 NA
16816 17 NA
16817 17 NA
16818 17 NA
16820 17 NA
16821 17 NA
16823 18 NA
16824 18 NA
16825 18 NA
16826 18 NA
16827 18 NA
16828 18 NA
16829 18 NA
16830 18 NA
16831 18 NA
16832 18 NA
16833 18 NA
16834 18 NA
16835 18 NA
16836 18 NA
16837 18 NA
16838 18 NA
16839 18 NA
16840 18 NA
16841 18 NA
16842 18 NA
16843 18 NA
16844 18 NA
16845 18 NA
16847 18 NA
16849 18 NA
16850 18 NA
16851 18 NA
16852 18 NA
16853 19 NA
16854 19 NA
16855 19 NA
16856 19 NA
16857 19 NA
16858 19 NA
16859 20 NA
16860 20 NA
16861 20 NA
16862 20 NA
16863 20 NA
16864 20 NA
16865 20 NA
16866 21 NA
16867 21 NA
16869 22 NA
16870 22 NA
16871 22 NA
16872 22 NA
16873 22 NA
16874 22 NA
16875 22 NA
16876 22 NA
16878 23 NA
16879 23 NA
16880 23 NA
16881 24 NA
16884 24 NA
16885 26 NA
16886 26 NA
16887 26 NA
16888 26 NA
16889 27 NA
16890 27 NA
16892 27 NA
16893 27 NA
16894 28 NA
16895 28 NA
16896 28 NA
16897 27 NA
16898 27 NA
16899 27 NA
16900 27 NA
16901 27 NA
16902 26 NA
16903 26 NA
16904 26 NA
16905 26 NA
16906 26 NA
16907 25 NA
16908 25 NA
16909 25 NA
16910 25 NA
16911 26 NA
16912 26 NA
16913 26 NA
16914 26 NA
16915 25 NA
16916 25 NA
16917 25 NA
16918 25 NA
16919 27 NA
16920 27 NA
16921 27 NA
16922 27 NA
16923 28 NA
16924 28 NA
16925 28 NA
16926 28 NA
16927 30 NA
16928 30 NA
16929 30 NA
16930 30 NA
16931 30 NA
16932 30 NA
16933 30 NA
16934 30 NA
16935 30 NA
16937 31 NA
16938 31 NA
16939 31 NA
16940 31 NA
16941 31 NA
16942 33 NA
16943 33 NA
16944 33 NA
16945 33 NA
16946 34 NA
16949 34 NA
16950 34 NA
16951 35 NA
16952 35 NA
16953 35 NA
16954 35 NA
16955 36 NA
16956 36 NA
16957 36 NA
16958 36 NA
16959 37 NA
16960 37 NA
16967 34 NA
16968 34 NA
16969 34 NA
16970 32 NA
16971 32 NA
16972 32 NA
16974 32 NA
16975 30 NA
16976 30 NA
16977 30 NA
16978 31 NA
16979 31 NA
16980 31 NA
16981 31 NA
16982 31 NA
16984 31 NA
16985 31 NA
16986 31 NA
16987 31 NA
16988 31 NA
16989 31 NA
16990 31 NA
16991 31 NA
16992 31 NA
16993 31 NA
16994 31 NA
16999 30 NA
17001 32 NA
17006 32 NA
17007 34 NA
17014 36 NA
17015 36 NA
17016 36 NA
17017 36 NA
17018 37 NA
17019 37 NA
17020 37 NA
17021 37 NA
17022 37 NA
17023 36 NA
17024 36 NA
17025 36 NA
17026 36 NA
17027 36 NA
17028 35 NA
17029 35 NA
17031 35 NA
17032 35 NA
17033 35 NA
17034 35 NA
17035 35 NA
17036 34 NA
17037 34 NA
17038 34 NA
17039 34 NA
17040 34 NA
17042 35 NA
17044 35 NA
17045 35 NA
17046 35 NA
17047 34 NA
17048 34 NA
17049 34 NA
17050 34 NA
17051 34 NA
17052 35 NA
17053 35 NA
17054 35 NA
17055 35 NA
17056 35 NA
17057 35 NA
17058 34 NA
17059 34 NA
17060 34 NA
17061 34 NA
17062 34 NA
17063 36 NA
17064 36 NA
17069 36 NA
17070 36 NA
17071 36 NA
17072 36 NA
17073 37 NA
17075 37 NA
17076 37 NA
17077 37 NA
17078 37 NA
17079 37 NA
17080 37 NA
17081 37 NA
17083 37 NA
17084 35 NA
17085 35 NA
17086 35 NA
17087 35 NA
17088 35 NA
17089 33 NA
17091 33 NA
17092 33 NA
17093 31 NA
17094 31 NA
17095 31 NA
17096 31 NA
17097 29 NA
17098 29 NA
17099 29 NA
17100 30 NA
17101 30 NA
17102 30 NA
17103 30 NA
17104 30 NA
17105 30 NA
17106 30 NA
17107 30 NA
17108 30 NA
17109 30 NA
17110 30 NA
17111 30 NA
17112 30 NA
17113 30 NA
17114 30 NA
17115 30 NA
17117 30 NA
17118 30 NA
17123 28 NA
17124 28 NA
17125 28 NA
17126 28 NA
17127 26 NA
17129 26 NA
17130 26 NA
17131 26 NA
17132 25 NA
17133 25 NA
17134 25 NA
17135 25 NA
17136 25 NA
17138 24 NA
17139 24 NA
17140 24 NA
17141 24 NA
17142 24 NA
17143 24 NA
17144 22 NA
17145 22 NA
17146 22 NA
17147 22 NA
17148 22 NA
17149 24 NA
