"Index" "Price" "Volume"
14019 292600 NA
14020 307200 NA
14021 322600 NA
14022 338700 NA
14023 338700 NA
14024 338700 NA
14025 355700 NA
14026 355700 NA
14027 355700 NA
14028 373500 NA
14029 373500 NA
14030 373500 NA
14031 373500 NA
14032 392100 NA
14033 411700 NA
14034 411700 NA
14035 411700 NA
14036 411700 NA
14037 411700 NA
14038 411700 NA
14039 411700 NA
14040 411700 NA
14041 411700 NA
14042 411700 NA
14043 432300 NA
14044 432300 NA
14045 432300 NA
14046 432300 NA
14047 432300 NA
14048 432300 NA
14049 432300 NA
14050 432300 NA
14051 432300 NA
14052 453900 NA
14053 453900 NA
14054 453900 NA
14055 453900 NA
14056 453900 NA
14057 453900 NA
14058 453900 NA
14059 453900 NA
14060 453900 NA
14061 476600 NA
14062 476600 NA
14063 476600 NA
14064 476600 NA
14065 476600 NA
14066 476600 NA
14067 476600 NA
14068 476600 NA
14069 500500 NA
14070 500500 NA
14071 500500 NA
14072 500500 NA
14073 500500 NA
14074 500500 NA
14075 500500 NA
14076 500500 NA
14077 500500 NA
14078 500500 NA
14079 525400 NA
14080 525400 NA
14081 525400 NA
14082 525400 NA
14083 525400 NA
14084 525400 NA
14085 525400 NA
14086 525400 NA
14087 525400 NA
14088 538500 NA
14089 551600 NA
14090 551600 NA
14091 551600 NA
14092 551600 NA
14093 551600 NA
14094 551600 NA
14095 551600 NA
14096 551600 NA
14097 551600 NA
14098 551600 NA
14099 551600 NA
14100 551600 NA
14101 551600 NA
14102 551600 NA
14103 578200 NA
14104 578200 NA
14105 606300 NA
14106 606300 NA
14107 635800 NA
14108 635800 NA
14109 667000 NA
14110 667000 NA
14111 7e+05 NA
14112 7e+05 NA
14113 7e+05 NA
14114 734600 NA
14115 734600 NA
14116 770900 NA
14117 770900 NA
14118 770900 NA
14119 808800 NA
14120 808800 NA
14121 848400 NA
14122 848400 NA
14123 848400 NA
14124 848400 NA
14125 889300 NA
14126 889300 NA
14127 889300 NA
14128 889300 NA
14129 932700 NA
14130 932700 NA
14131 932700 NA
14132 932700 NA
14133 977200 NA
14134 977200 NA
14135 977200 NA
14136 977200 NA
14137 977200 NA
14138 977200 NA
14139 1e+06 NA
14140 1e+06 NA
14141 1e+06 NA
14142 1e+06 NA
14143 1e+06 NA
14144 1e+06 NA
14145 1100000 NA
14146 1100000 NA
14147 1100000 NA
14148 1100000 NA
14149 1100000 NA
14150 1100000 NA
14151 1100000 NA
14152 1100000 NA
14153 1100000 NA
14154 1100000 NA
14155 1100000 NA
14156 1100000 NA
14157 1100000 NA
14158 1200000 NA
14159 1200000 NA
14160 1200000 NA
14161 1200000 NA
14162 1200000 NA
14163 1200000 NA
14164 1200000 NA
14165 1200000 NA
14166 1200000 NA
14167 1200000 NA
14168 1200000 NA
14169 1200000 NA
14170 1300000 NA
14171 1300000 NA
14172 1300000 NA
14173 1300000 NA
14174 1300000 NA
14175 1300000 NA
14176 1300000 NA
14177 1300000 NA
14178 1300000 NA
14179 1400000 NA
14180 1400000 NA
14181 1400000 NA
14182 1400000 NA
14183 1400000 NA
14184 1400000 NA
14185 1400000 NA
14186 1400000 NA
14187 1400000 NA
14188 1400000 NA
14189 1400000 NA
14190 1400000 NA
14191 1400000 NA
14192 1400000 NA
14193 1500000 NA
14194 1500000 NA
14195 1500000 NA
14196 1500000 NA
14197 1600000 NA
14198 1600000 NA
14199 1600000 NA
14200 1600000 NA
14201 1700000 NA
14202 1700000 NA
14203 1700000 NA
14204 1700000 NA
14205 1700000 NA
14206 1700000 NA
14207 1700000 NA
14208 1700000 NA
14209 1700000 NA
14210 1700000 NA
14211 1500000 NA
14212 1500000 NA
14213 1400000 NA
14214 1400000 NA
14215 1200000 NA
14216 1200000 NA
14217 1100000 NA
14218 1100000 NA
14219 1e+06 NA
14220 957000 NA
14221 865800 NA
14222 865800 NA
14223 822900 NA
14224 745900 NA
14225 745900 NA
14226 708900 NA
14227 673400 NA
14228 639700 NA
14229 607800 NA
14230 577600 NA
14231 523800 NA
14232 497700 NA
14233 497700 NA
14234 472800 NA
14235 426800 NA
14236 407600 NA
14237 416400 NA
14238 416400 NA
14239 457600 NA
14240 457600 NA
14241 502900 NA
14242 524700 NA
14243 542600 NA
14244 525700 NA
14245 525700 NA
14246 500300 NA
14247 482000 NA
14248 461700 NA
14249 443800 NA
14250 432700 NA
14251 427400 NA
14252 431700 NA
14253 428700 NA
14254 429600 NA
14255 429600 NA
14256 441600 NA
14257 427300 NA
14258 427300 NA
14259 413000 NA
14260 417500 NA
14261 432600 NA
14262 435600 NA
14263 435600 NA
14264 433100 NA
14265 422800 NA
14266 422800 NA
14267 412500 NA
14268 412500 NA
14269 399900 NA
14270 399900 NA
14271 396700 NA
14272 399700 NA
14273 399700 NA
14274 403800 NA
14275 405800 NA
14276 398000 NA
14277 398000 NA
14278 392700 NA
14279 379600 NA
14280 375900 NA
14281 366500 NA
14282 366000 NA
14283 366000 NA
14284 366300 NA
14285 364300 NA
14286 364300 NA
14287 367900 NA
14288 366500 NA
14289 380300 NA
14290 398800 NA
14291 418500 NA
14292 449700 NA
14293 449700 NA
14294 467800 NA
14295 467800 NA
14296 432000 NA
14297 432000 NA
14298 411400 NA
14299 411400 NA
14300 394500 NA
14301 394500 NA
14302 363800 NA
14303 354500 NA
14304 355400 NA
14305 349100 NA
14306 338500 NA
14307 331600 NA
14308 331600 NA
14309 325000 NA
14310 325800 NA
14311 348000 NA
14312 355100 NA
14313 361100 NA
14314 361100 NA
14315 372900 NA
14316 388000 NA
14317 388000 NA
14318 396700 NA
14319 386800 NA
14320 386800 NA
14321 378600 NA
14322 377700 NA
14323 368300 NA
14324 371800 NA
14325 365200 NA
14326 356100 NA
14327 356100 NA
14328 348900 NA
14329 348300 NA
14330 355800 NA
14331 355800 NA
14332 360200 NA
14333 360200 NA
14334 374700 NA
14335 374700 NA
14336 389500 NA
14337 389500 NA
14338 397000 NA
14339 403400 NA
14340 403400 NA
14341 411800 NA
14342 415500 NA
14343 403800 NA
14344 394100 NA
14345 382800 NA
14346 380100 NA
14347 377900 NA
14348 377900 NA
14349 369800 NA
14350 363500 NA
14351 363500 NA
14352 360200 NA
14353 354900 NA
14354 354900 NA
14355 352400 NA
14356 361900 NA
14357 361900 NA
14358 366900 NA
14359 366900 NA
14360 366800 NA
14361 367000 NA
14362 366700 NA
14363 361800 NA
14364 358200 NA
14365 358200 NA
14366 362000 NA
14367 369100 NA
14368 369100 NA
14369 364500 NA
14370 364500 NA
14371 377200 NA
14372 381300 NA
14373 381300 NA
14374 378800 NA
14375 373000 NA
14376 372000 NA
14377 377200 NA
14378 365800 NA
14379 356500 NA
14380 356500 NA
14381 350900 NA
14382 352200 NA
14383 350700 NA
14384 351300 NA
14385 351300 NA
14386 351100 NA
14387 342000 NA
14388 346000 NA
14389 354500 NA
14390 359500 NA
14391 359500 NA
14392 354600 NA
14393 354600 NA
14394 349600 NA
14395 349500 NA
14396 357200 NA
14397 360700 NA
14398 360700 NA
14399 364800 NA
14400 365200 NA
14401 365200 NA
14402 367100 NA
14403 376400 NA
14404 376400 NA
14405 392900 NA
14406 401900 NA
14407 406600 NA
14408 406600 NA
14409 401800 NA
14410 396300 NA
14411 392500 NA
14412 382000 NA
14413 382400 NA
14414 382400 NA
14415 383600 NA
14416 381900 NA
14417 382900 NA
14418 392600 NA
14419 399900 NA
14420 412300 NA
14421 412300 NA
14422 423500 NA
14423 438500 NA
14424 438500 NA
14425 450800 NA
14426 460300 NA
14427 473300 NA
14428 484900 NA
14429 491800 NA
14430 491800 NA
14431 492700 NA
14432 499200 NA
14433 498900 NA
14434 498900 NA
14435 494000 NA
14436 480800 NA
14437 480800 NA
14438 479400 NA
14439 487900 NA
14440 495100 NA
14441 496500 NA
14442 496500 NA
14443 482700 NA
14444 480700 NA
14445 480700 NA
14446 487600 NA
14447 504700 NA
14448 504700 NA
14449 515500 NA
14450 519600 NA
14451 513200 NA
14452 504300 NA
14453 504300 NA
14454 491500 NA
14455 491500 NA
14456 481100 NA
14457 485200 NA
14458 483900 NA
14459 473400 NA
14460 463700 NA
14461 463400 NA
14462 454400 NA
14463 451900 NA
14464 449300 NA
14465 456100 NA
14466 461200 NA
14467 474400 NA
14468 488800 NA
14469 497900 NA
14470 508000 NA
14471 511400 NA
14472 505700 NA
14473 505700 NA
14474 519400 NA
14475 523200 NA
14476 523200 NA
14477 497500 NA
14478 497500 NA
14479 486300 NA
14480 470400 NA
14481 440600 NA
14482 440600 NA
14483 441000 NA
14484 441000 NA
14485 450900 NA
14486 466200 NA
14487 478200 NA
14488 487900 NA
14489 479900 NA
14490 478700 NA
14491 478700 NA
14492 476000 NA
14493 476000 NA
14494 471500 NA
14495 471500 NA
14496 463600 NA
14497 463600 NA
14498 459400 NA
14499 469000 NA
14500 473900 NA
14501 478300 NA
14502 478300 NA
14503 473200 NA
14504 461300 NA
14505 461300 NA
14506 448100 NA
14507 449800 NA
14508 441800 NA
14509 445000 NA
14510 462500 NA
14511 462500 NA
14512 485200 NA
14513 485200 NA
14514 502000 NA
14515 523700 NA
14516 523700 NA
14517 534500 NA
14518 534500 NA
14519 523900 NA
14520 523900 NA
14521 526900 NA
14522 526700 NA
14523 526700 NA
14524 522700 NA
14525 522700 NA
14526 517800 NA
14527 517800 NA
14528 506900 NA
14529 506900 NA
14530 514300 NA
14531 514300 NA
14532 508300 NA
14533 507100 NA
14534 507100 NA
14535 504400 NA
14536 517900 NA
14537 517900 NA
14538 525100 NA
14539 525100 NA
14540 531500 NA
14541 537900 NA
14542 546900 NA
14543 548400 NA
14544 548400 NA
14545 526400 NA
14546 526400 NA
14547 507700 NA
14548 489400 NA
14549 485800 NA
14550 487500 NA
14551 490200 NA
14552 490200 NA
14553 509800 NA
14554 509800 NA
14555 548100 NA
14556 548100 NA
14557 566300 NA
14558 587100 NA
14559 603300 NA
14560 603300 NA
14561 597200 NA
14562 597200 NA
14563 578000 NA
14564 569400 NA
14565 558500 NA
14566 558500 NA
14567 558500 NA
14568 551000 NA
14569 563700 NA
14570 569700 NA
14571 569700 NA
14572 562600 NA
14573 543900 NA
14574 543900 NA
14575 531300 NA
14576 531900 NA
14577 544900 NA
14578 541500 NA
14579 541500 NA
14580 542700 NA
14581 542800 NA
14582 557800 NA
14583 557800 NA
14584 583500 NA
14585 587700 NA
14586 587700 NA
14587 579100 NA
14588 570100 NA
14589 570100 NA
14590 568100 NA
14591 571700 NA
14592 571700 NA
14593 569000 NA
14594 564400 NA
14595 556300 NA
14596 556300 NA
14597 554000 NA
14598 547900 NA
14599 547000 NA
14600 547000 NA
14601 547000 NA
14602 566200 NA
14603 574200 NA
14604 566100 NA
14605 564200 NA
14606 564200 NA
14607 574400 NA
14608 574400 NA
14609 586300 NA
14610 6e+05 NA
14611 599600 NA
14612 591100 NA
14613 574300 NA
14614 550300 NA
14615 550300 NA
14616 534200 NA
14617 542700 NA
14618 536300 NA
14619 536600 NA
14620 536600 NA
14621 537200 NA
14622 537200 NA
14623 536500 NA
14624 536500 NA
14625 560100 NA
14626 558600 NA
14627 558600 NA
14628 540000 NA
14629 523900 NA
14630 523900 NA
14631 497800 NA
14632 497800 NA
14633 500200 NA
14634 500200 NA
14635 513600 NA
14636 521600 NA
14637 506000 NA
14638 487900 NA
14639 477700 NA
14640 470900 NA
14641 455800 NA
14642 455800 NA
14643 454600 NA
14644 454600 NA
14645 458200 NA
14646 444700 NA
14647 449800 NA
14648 463300 NA
14649 463300 NA
14650 454200 NA
14651 440300 NA
14653 428700 NA
14654 441500 NA
14655 444000 NA
14656 444000 NA
14657 451400 NA
14658 436500 NA
14659 442600 NA
14660 442600 NA
14661 459800 NA
14662 494500 NA
14663 494500 NA
14664 482500 NA
14665 471000 NA
14666 467400 NA
14667 467400 NA
14668 466000 NA
14669 474300 NA
14670 474300 NA
14671 475900 NA
14672 463300 NA
14673 463300 NA
14674 466600 NA
14675 468700 NA
14676 465400 NA
14677 451500 NA
14678 451500 NA
14679 451300 NA
14680 451300 NA
14681 471900 NA
14682 489100 NA
14683 505600 NA
14684 505600 NA
14685 528100 NA
14686 528100 NA
14687 546800 NA
14688 546800 NA
14689 573100 NA
14690 594300 NA
14691 594300 NA
14692 594300 NA
14693 589300 NA
14694 582700 NA
14695 582700 NA
14696 580900 NA
14697 574500 NA
14698 563000 NA
14699 569600 NA
14700 569600 NA
14701 580500 NA
14702 587100 NA
14703 576500 NA
14704 571200 NA
14705 558600 NA
14706 558600 NA
14707 575400 NA
14708 590000 NA
14709 590000 NA
14710 571000 NA
14711 555900 NA
14712 555900 NA
14713 555900 NA
14714 559100 NA
14715 571200 NA
14716 571200 NA
14717 595100 NA
14718 608700 NA
14719 608700 NA
14720 593300 NA
14721 593300 NA
14722 579000 NA
14723 579000 NA
14724 589300 NA
14725 589300 NA
14726 598700 NA
14727 581700 NA
14728 581700 NA
14729 560100 NA
14730 560100 NA
14731 561200 NA
14732 566400 NA
14733 566400 NA
14734 576200 NA
14735 576200 NA
14736 582300 NA
14737 582300 NA
14738 588500 NA
14739 588500 NA
14740 589400 NA
14741 589400 NA
14742 601400 NA
14743 601400 NA
14744 618200 NA
14745 618200 NA
14746 630100 NA
14747 630100 NA
14748 609900 NA
14749 609900 NA
14750 594400 NA
14751 585600 NA
14752 586600 NA
14753 586600 NA
14754 585300 NA
14755 601600 NA
14756 601600 NA
14757 623800 NA
14758 635600 NA
14759 655800 NA
14760 678000 NA
14761 678000 NA
14762 695600 NA
14763 695600 NA
14764 715600 NA
14765 715600 NA
14766 723800 NA
14767 713500 NA
14768 713500 NA
14769 692000 NA
14770 674500 NA
14771 677500 NA
14772 677500 NA
14773 674300 NA
14774 674300 NA
14775 655600 NA
14776 640500 NA
14777 640500 NA
14778 602900 NA
14779 602900 NA
14780 569000 NA
14781 557000 NA
14782 575800 NA
14783 575800 NA
14784 561200 NA
14785 561200 NA
14786 558900 NA
14787 560000 NA
14788 557700 NA
14789 543000 NA
14790 539300 NA
14791 539300 NA
14792 522000 NA
14793 511100 NA
14794 496600 NA
14795 515800 NA
14796 515800 NA
14797 528000 NA
14798 548600 NA
14799 570600 NA
14800 570600 NA
14801 595700 NA
14802 595700 NA
14803 621600 NA
14804 621600 NA
14805 580700 NA
14806 580700 NA
14807 584000 NA
14808 592800 NA
14809 601200 NA
14810 625500 NA
14811 625500 NA
14812 647200 NA
14813 637900 NA
14814 637900 NA
14815 626600 NA
14816 615200 NA
14817 608500 NA
14818 607900 NA
14819 618100 NA
14820 618100 NA
14821 614400 NA
14822 616700 NA
14823 623600 NA
14824 623600 NA
14825 630100 NA
14826 668000 NA
14827 668000 NA
14828 692500 NA
14829 712800 NA
14830 740100 NA
14831 763500 NA
14832 821000 NA
14833 821000 NA
14834 855400 NA
14835 888300 NA
14836 923900 NA
14837 962200 NA
14838 1e+06 NA
14839 1e+06 NA
14840 1e+06 NA
14841 1e+06 NA
14842 1100000 NA
14843 1100000 NA
14844 1100000 NA
14845 1200000 NA
14846 1200000 NA
14847 1200000 NA
14848 1200000 NA
14849 1200000 NA
14850 1300000 NA
14851 1300000 NA
14852 1300000 NA
14853 1300000 NA
14854 1300000 NA
14855 1300000 NA
14856 1400000 NA
14857 1400000 NA
14858 1400000 NA
14859 1500000 NA
14860 1500000 NA
14861 1500000 NA
14862 1500000 NA
14863 1500000 NA
14864 1500000 NA
14865 1600000 NA
14866 1600000 NA
14867 1600000 NA
14868 1600000 NA
14869 1700000 NA
14870 1700000 NA
14871 1700000 NA
14872 1700000 NA
14873 1700000 NA
14874 1700000 NA
14875 1700000 NA
14876 1700000 NA
14877 1800000 NA
14878 1800000 NA
14879 1800000 NA
14880 1800000 NA
14881 1800000 NA
14882 1800000 NA
14883 1800000 NA
14884 1800000 NA
14885 1900000 NA
14886 1900000 NA
14887 1900000 NA
14888 1900000 NA
14889 1900000 NA
14890 2e+06 NA
14891 2e+06 NA
14892 2e+06 NA
14893 2e+06 NA
14894 2e+06 NA
14895 2e+06 NA
14896 2e+06 NA
14897 2e+06 NA
14898 2e+06 NA
14899 2e+06 NA
14900 2100000 NA
14901 2100000 NA
14902 2100000 NA
14903 2100000 NA
14904 2100000 NA
14905 2200000 NA
14906 2200000 NA
14907 2200000 NA
14908 2200000 NA
14909 2200000 NA
14910 2200000 NA
14911 2200000 NA
14912 2200000 NA
14913 2200000 NA
14914 2200000 NA
14915 2200000 NA
14916 2200000 NA
14917 2200000 NA
14918 2200000 NA
14920 2100000 NA
14921 2100000 NA
14922 2100000 NA
14923 2100000 NA
14924 2100000 NA
14925 2100000 NA
14926 2100000 NA
14927 2100000 NA
14928 2100000 NA
14929 2100000 NA
14930 2200000 NA
14931 2200000 NA
14932 2200000 NA
14933 2200000 NA
14934 2200000 NA
14935 2200000 NA
14936 2200000 NA
14937 2200000 NA
14938 2200000 NA
14939 2200000 NA
14940 2300000 NA
14941 2300000 NA
14942 2300000 NA
14943 2300000 NA
14944 2300000 NA
14945 2300000 NA
14946 2300000 NA
14947 2300000 NA
14948 2300000 NA
14949 2300000 NA
14950 2300000 NA
14951 2300000 NA
14952 2300000 NA
14953 2300000 NA
14954 2300000 NA
14955 2300000 NA
14956 2300000 NA
14957 2300000 NA
14958 2300000 NA
14959 2300000 NA
14960 2300000 NA
14961 2300000 NA
14962 2300000 NA
14963 2300000 NA
14964 2300000 NA
14965 2300000 NA
14966 2300000 NA
14967 2300000 NA
14968 2300000 NA
14969 2300000 NA
14970 2300000 NA
14971 2300000 NA
14972 2300000 NA
14973 2300000 NA
14974 2300000 NA
14975 2300000 NA
14979 2200000 NA
14981 2200000 NA
14983 2100000 NA
14986 2100000 NA
14987 2200000 NA
14989 2200000 NA
14991 2300000 NA
14995 2300000 NA
14996 2400000 NA
15001 2400000 NA
15003 2500000 NA
15005 2500000 NA
15009 2700000 NA
15011 2800000 NA
15013 2900000 NA
15014 2900000 NA
15016 3e+06 NA
15018 3200000 NA
15020 3300000 NA
15021 3300000 NA
15023 3400000 NA
15025 3400000 NA
15026 3600000 NA
15028 3700000 NA
15029 3700000 NA
15031 3800000 NA
15032 3800000 NA
15033 4e+06 NA
15035 4e+06 NA
15036 4200000 NA
15038 4200000 NA
15039 4300000 NA
15044 4500000 NA
15046 4700000 NA
15048 4700000 NA
15050 4880601 NA
15052 4900000 NA
15054 5100000 NA
15055 5100000 NA
15058 5300000 NA
15060 5300000 NA
15061 5500000 NA
15064 5500000 NA
15066 5800000 NA
15067 5800000 NA
15070 6e+06 NA
15073 6300000 NA
15074 6273000 NA
15078 6500000 NA
15085 6500000 NA
15087 6500000 NA
15088 6400000 NA
15090 6400000 NA
15093 6200000 NA
15097 6200000 NA
15098 6100000 NA
15101 6100000 NA
15105 6300000 NA
15106 6300000 NA
15110 6400000 NA
15115 6400000 NA
15116 6700000 NA
15120 6700000 NA
15123 6900000 NA
15130 6900000 NA
15133 6900000 NA
15135 6700000 NA
15136 6700000 NA
15140 6500000 NA
15145 6500000 NA
15147 6300000 NA
15150 6300000 NA
15151 6100000 NA
15156 5800000 NA
15159 5800000 NA
15161 5600000 NA
15164 5600000 NA
15165 5300000 NA
15169 5338098 NA
15170 5100000 NA
15172 5100000 NA
15173 5125608 NA
15175 5e+06 NA
15179 5e+06 NA
15180 5200000 NA
15184 5300000 NA
15185 5100000 NA
15192 5100000 NA
15194 5100000 NA
15196 5200000 NA
15199 5200000 NA
15204 5e+06 NA
15211 5e+06 NA
15212 5e+06 NA
15220 5100000 NA
15221 5100000 NA
15224 4900000 NA
15227 4700000 NA
15231 4500000 NA
15232 4500000 NA
15235 4300000 NA
15238 4100000 NA
15240 3900000 NA
15242 3900000 NA
15243 3700000 NA
15244 3700000 NA
15247 3500000 NA
15248 3400000 NA
15250 3400000 NA
15251 3364734 NA
15252 3200000 NA
15256 3060760 NA
15258 3e+06 NA
15264 3e+06 NA
15266 3100000 NA
15270 3200000 NA
15271 3200000 NA
15273 3400000 NA
15275 3400000 NA
15277 3500000 NA
15280 3500000 NA
15281 3600000 NA
15283 3600000 NA
15287 3800000 NA
15289 3900000 NA
15294 4100000 NA
15297 4300000 NA
15302 4500000 NA
15307 4452973 NA
15308 4600000 NA
15310 4600000 NA
15313 4831968 NA
15316 4831968 NA
15317 5029234 NA
15321 5029234 NA
15322 5245562 NA
15326 5245562 NA
15327 5467185 NA
15330 5467185 NA
15331 5693432 NA
15334 5693432 NA
15335 5935141 NA
15338 5935141 NA
15339 6186454 NA
15340 6186454 NA
15341 6186454 NA
15342 6186454 NA
15343 6186454 NA
15344 6186454 NA
15345 6455729 NA
15346 6455729 NA
15347 6455729 NA
15348 6455729 NA
15349 6455729 NA
15350 6731143 NA
15351 6731143 NA
15352 6731143 NA
15353 6731143 NA
15354 6731143 NA
15355 7015622 NA
15356 7015622 NA
15357 7015622 NA
15358 7015622 NA
15359 7015622 NA
15360 7015622 NA
15361 7315366 NA
15362 7315366 NA
15363 7315366 NA
15364 7315366 NA
15365 7315366 NA
15366 7574028 NA
15367 7574028 NA
15368 7574028 NA
15369 7574028 NA
15370 7574028 NA
15371 7574028 NA
15372 7760909 NA
15373 7760909 NA
15374 7760909 NA
15375 7760909 NA
15376 7760909 NA
15377 7760909 NA
15378 7484578 NA
15379 7484578 NA
15380 7484578 NA
15381 7484578 NA
15382 7484578 NA
15383 7141458 NA
15384 7141458 NA
15385 7141458 NA
15386 7141458 NA
15387 7141458 NA
15388 6811339 NA
15389 6811339 NA
15390 6811339 NA
15391 6811339 NA
15392 6811339 NA
15393 6566588 NA
15394 6566588 NA
15395 6566588 NA
15396 6566588 NA
15397 6566588 NA
15398 6566588 NA
15399 6269796 NA
15400 6269796 NA
15401 6269796 NA
15402 6269796 NA
15403 6269796 NA
15404 5978588 NA
15405 5978588 NA
15406 5978588 NA
15407 5978588 NA
15408 5978588 NA
15409 5978588 NA
15410 5706330 NA
15411 5706330 NA
15412 5706330 NA
15413 5706330 NA
15414 5706330 NA
15415 5479291 NA
15416 5479291 NA
15417 5479291 NA
15418 5479291 NA
15419 5479291 NA
15420 5479291 NA
15421 5479291 NA
15422 5494558 NA
15423 5509826 NA
15424 5525093 NA
15425 5540361 NA
15426 5555628 NA
15427 5555628 NA
15428 5755172 NA
15429 5755172 NA
15430 5755172 NA
15431 5755172 NA
15432 5755172 NA
15433 5515381 NA
15434 5515381 NA
15435 5515381 NA
15436 5515381 NA
15437 5264484 NA
15438 5264484 NA
15439 5264484 NA
15440 5264484 NA
15441 5018675 NA
15442 5018675 NA
15443 5018675 NA
15444 5018675 NA
15445 5018675 NA
15446 4860511 NA
15447 4860511 NA
15448 4860511 NA
15449 4860511 NA
15450 4860511 NA
15451 4858263 NA
15452 4858263 NA
15453 4858263 NA
15454 4858263 NA
15455 4858263 NA
15456 4858263 NA
15457 5052149 NA
15458 5052149 NA
15459 5052149 NA
15460 5052149 NA
15461 5052149 NA
15462 5271051 NA
15463 5271051 NA
15464 5271051 NA
15465 5271051 NA
15466 5271051 NA
15467 5271051 NA
15468 5494467 NA
15469 5494467 NA
15470 5494467 NA
15471 5494467 NA
15472 5494467 NA
15473 5494467 NA
15474 5721842 NA
15475 5721842 NA
15476 5721842 NA
15477 5721842 NA
15478 5721842 NA
15479 5721842 NA
15480 5901967 NA
15481 5901967 NA
15482 5901967 NA
15483 5901967 NA
15484 5901967 NA
15485 5901967 NA
15486 6005145 NA
15487 6005145 NA
15488 6005145 NA
15489 6005145 NA
15490 6005145 NA
15491 6005145 NA
15492 6025071 NA
15493 6025071 NA
15494 6025071 NA
15495 6025071 NA
15496 6025071 NA
15497 6025071 NA
15498 5932860 NA
15499 5932860 NA
15500 5932860 NA
15501 5932860 NA
15502 5932860 NA
15503 5886030 NA
15504 5886030 NA
15505 5886030 NA
15506 5886030 NA
15507 5886030 NA
15508 5886030 NA
15509 5781072 NA
15510 5781072 NA
15511 5781072 NA
15512 5781072 NA
15513 5781072 NA
15514 5659020 NA
15515 5659020 NA
15516 5659020 NA
15517 5659020 NA
15518 5659020 NA
15519 5659020 NA
15520 5538634 NA
15521 5538634 NA
15522 5538634 NA
15523 5538634 NA
15524 5538634 NA
15525 5362332 NA
15526 5362332 NA
15527 5362332 NA
15528 5362332 NA
15529 5362332 NA
15530 5362332 NA
15531 5196492 NA
15532 5196492 NA
15533 5196492 NA
15534 5196492 NA
15535 5196492 NA
15536 5196492 NA
15537 5120326 NA
15538 5120326 NA
15539 5120326 NA
15540 5120326 NA
15541 5120326 NA
15542 5120326 NA
15543 5120326 NA
15544 5198878 NA
15545 5198878 NA
15546 5198878 NA
15547 5198878 NA
15548 5198878 NA
15549 5410747 NA
15550 5410747 NA
15551 5410747 NA
15552 5410747 NA
15553 5410747 NA
15554 5418032 NA
15555 5418032 NA
15556 5418032 NA
15557 5418032 NA
15558 5486276 NA
15559 5486276 NA
15560 5486276 NA
15561 5486276 NA
15562 5486276 NA
15563 5409119 NA
15564 5409119 NA
15565 5409119 NA
15566 5409119 NA
15567 5325222 NA
15568 5325222 NA
15569 5325222 NA
15570 5325222 NA
15571 5281409 NA
15572 5281409 NA
15573 5281409 NA
15574 5281409 NA
15575 5242636 NA
15576 5242636 NA
15577 5242636 NA
15578 5242636 NA
15579 5103385 NA
15580 5103385 NA
15581 5103385 NA
15582 5103385 NA
15583 4865050 NA
15584 4865050 NA
15585 4865050 NA
15586 4865050 NA
15587 4628214 NA
15588 4628214 NA
15589 4628214 NA
15590 4628214 NA
15591 4419675 NA
15592 4419675 NA
15593 4419675 NA
15594 4280776 NA
15595 4280776 NA
15596 4280776 NA
15597 4280776 NA
15598 4335355 NA
15599 4335355 NA
15600 4335355 NA
15601 4335355 NA
15602 4335355 NA
15603 4510084 NA
15604 4510084 NA
15605 4510084 NA
15606 4510084 NA
15607 4510084 NA
15608 4695835 NA
15609 4695835 NA
15610 4695835 NA
15611 4695835 NA
15612 4695835 NA
15613 4695835 NA
15614 4895988 NA
15615 4895988 NA
15616 4895988 NA
15617 4895988 NA
15618 4895988 NA
15619 5103297 NA
15620 5103297 NA
15621 5103297 NA
15622 5103297 NA
15623 5103297 NA
15624 5103297 NA
15625 5305181 NA
15626 5305181 NA
15627 5305181 NA
15628 5305181 NA
15629 5305181 NA
15630 5305181 NA
15631 5534787 NA
15632 5534787 NA
15633 5534787 NA
15634 5534787 NA
15635 5534787 NA
15636 5534787 NA
15637 5765996 NA
15638 5765996 NA
15639 5765996 NA
15640 5765996 NA
15641 5765996 NA
15642 5765996 NA
15643 5765996 NA
15644 6015951 NA
15645 6015951 NA
15646 6015951 NA
15647 6015951 NA
15648 6015951 NA
15649 6015951 NA
15650 6025125 NA
15651 6034299 NA
15652 6043473 NA
15653 6052647 NA
15654 6061821 NA
15655 6070995 NA
15656 6080169 NA
15657 6089343 NA
15658 6089343 NA
15659 6089343 NA
15660 6089343 NA
15661 6089343 NA
15662 6089343 NA
15663 5802994 NA
15664 5802994 NA
15665 5802994 NA
15666 5802994 NA
15667 5802994 NA
15668 5802994 NA
15669 5802994 NA
15670 5802994 NA
15671 5802994 NA
15672 5802994 NA
15673 5543912 NA
15674 5543912 NA
15675 5543912 NA
15676 5543912 NA
15677 5543912 NA
15678 5543912 NA
15679 5543912 NA
15680 5543912 NA
15681 5543912 NA
15682 5543912 NA
15683 5287977 NA
15684 5287977 NA
15685 5287977 NA
15686 5287977 NA
15687 5287977 NA
15688 5287977 NA
15689 5287977 NA
15690 5287977 NA
15691 5287977 NA
15692 5287977 NA
15693 5042683 NA
15694 5042683 NA
15695 5042683 NA
15696 5042683 NA
15697 5042683 NA
15698 5042683 NA
15699 5042683 NA
15700 5042683 NA
15701 5042683 NA
15702 5042683 NA
15703 4819353 NA
15704 4819353 NA
15705 4819353 NA
15706 4819353 NA
15707 4819353 NA
15708 4819353 NA
15709 4819353 NA
15710 4819353 NA
15711 4819353 NA
15712 4819353 NA
15713 4604375 NA
15714 4604375 NA
15715 4604375 NA
15716 4604375 NA
15717 4604375 NA
15718 4604375 NA
15719 4604375 NA
15720 4604375 NA
15721 4604375 NA
15722 4604375 NA
15723 4405538 NA
15724 4405538 NA
15725 4405538 NA
15726 4405538 NA
15727 4405538 NA
15728 4405538 NA
15729 4405538 NA
15730 4405538 NA
15731 4405538 NA
15732 4405538 NA
15733 4405538 NA
15734 4405538 NA
15735 4405538 NA
15736 4208938 NA
15737 4208938 NA
15738 4208938 NA
15739 4208938 NA
15740 4208938 NA
15741 4208938 NA
15742 4208938 NA
15743 4208938 NA
15744 4208938 NA
15745 4208938 NA
15746 4208938 NA
15747 4022457 NA
15748 4022457 NA
15749 4022457 NA
15750 4022457 NA
15751 4022457 NA
15752 4022457 NA
15753 4022457 NA
15754 4022457 NA
15755 4022457 NA
15756 4022457 NA
15757 3849725 NA
15758 3849725 NA
15759 3849725 NA
15760 3849725 NA
15761 3849725 NA
15762 3849725 NA
15763 3849725 NA
15764 3849725 NA
15765 3849725 NA
15766 3849725 NA
15767 3849725 NA
15768 3849725 NA
15769 3679281 NA
15770 3679281 NA
15771 3679281 NA
15772 3679281 NA
15773 3679281 NA
15774 3679281 NA
15775 3679281 NA
15776 3679281 NA
15777 3679281 NA
15778 3679281 NA
15779 3520543 NA
15780 3520543 NA
15781 3520543 NA
15782 3520543 NA
15783 3520543 NA
15784 3520543 NA
15785 3520543 NA
15786 3520543 NA
15787 3520543 NA
15788 3520543 NA
15789 3520543 NA
15790 3520543 NA
15791 3369178 NA
15792 3369178 NA
15793 3369178 NA
15794 3369178 NA
15795 3369178 NA
15796 3369178 NA
15797 3369178 NA
15798 3348637 NA
15799 3328096 NA
15800 3307555 NA
15801 3287014 NA
15802 3266473 NA
15803 3245932 NA
15804 3225391 NA
15805 3225391 NA
15806 3225391 NA
15807 3225391 NA
15808 3225391 NA
15809 3225391 NA
15810 3225391 NA
15811 3081958 NA
15812 3081958 NA
15813 3081958 NA
15814 3081958 NA
15815 3081958 NA
15816 3081958 NA
15817 3081958 NA
15818 3081958 NA
15819 3081958 NA
15820 3081958 NA
15821 3081958 NA
15822 3081958 NA
15823 2947762 NA
15824 2947762 NA
15825 2947762 NA
15826 2947762 NA
15827 2947762 NA
15828 2947762 NA
15829 2947762 NA
15830 2947762 NA
15831 2947762 NA
15832 2947762 NA
15833 2947762 NA
15834 2947762 NA
15835 2947762 NA
15836 2822399 NA
15837 2822399 NA
15838 2822399 NA
15839 2822399 NA
15840 2822399 NA
15841 2822399 NA
15842 2822399 NA
15843 2822399 NA
15844 2822399 NA
15845 2822399 NA
15846 2822399 NA
15847 2822399 NA
15848 2704999 NA
15849 2704999 NA
15850 2704999 NA
15851 2704999 NA
15852 2704999 NA
15853 2704999 NA
15854 2704999 NA
15855 2704999 NA
15856 2704999 NA
15857 2704999 NA
15858 2704999 NA
15859 2590331 NA
15860 2590331 NA
15861 2590331 NA
15862 2590331 NA
15863 2590331 NA
15864 2590331 NA
15865 2590331 NA
15866 2590331 NA
15867 2590331 NA
15868 2590331 NA
15869 2590331 NA
15870 2590331 NA
15871 2590331 NA
15872 2590331 NA
15873 2478751 NA
15874 2478751 NA
15875 2478751 NA
15876 2478751 NA
15877 2478751 NA
15878 2478751 NA
15879 2478751 NA
15880 2478751 NA
15881 2478751 NA
15882 2478751 NA
15883 2478751 NA
15884 2478751 NA
15885 2478751 NA
15886 2478751 NA
15887 2370369 NA
15888 2370369 NA
15889 2370369 NA
15890 2370369 NA
15891 2370369 NA
15892 2370369 NA
15893 2370369 NA
15894 2370369 NA
15895 2370369 NA
15896 2370369 NA
15897 2370369 NA
15898 2370369 NA
15899 2370369 NA
15900 2267289 NA
15901 2267289 NA
15902 2267289 NA
15903 2267289 NA
15904 2267289 NA
15905 2267289 NA
15906 2267289 NA
15907 2267289 NA
15908 2267289 NA
15909 2267289 NA
15910 2267289 NA
15911 2267289 NA
15912 2168926 NA
15913 2168926 NA
15914 2168926 NA
15915 2168926 NA
15916 2168926 NA
15917 2168926 NA
15918 2168926 NA
15919 2168926 NA
15920 2168926 NA
15921 2168926 NA
15922 2168926 NA
15923 2168926 NA
15924 2168926 NA
15925 2168926 NA
15926 2168926 NA
15927 2168926 NA
15928 2072221 NA
15929 2072221 NA
15930 2072221 NA
15931 2072221 NA
15932 2072221 NA
15933 2072221 NA
15934 2072221 NA
15935 2072221 NA
15936 2072221 NA
15937 2072221 NA
15938 2072221 NA
15939 2072221 NA
15940 2072221 NA
15941 2072221 NA
15942 2072221 NA
15943 2072221 NA
15944 2072221 NA
15945 2072221 NA
15946 2072221 NA
15947 2072221 NA
15948 2072221 NA
15949 1983517 NA
15950 1983517 NA
15951 1983517 NA
15952 1983517 NA
15953 1983517 NA
15954 1983517 NA
15955 1983517 NA
15956 1983517 NA
15957 1983517 NA
15958 1983517 NA
15959 1983517 NA
15960 1983517 NA
15961 1983517 NA
15962 1983517 NA
15963 1983517 NA
15964 1983517 NA
15965 1983517 NA
15966 1983517 NA
15967 1983517 NA
15968 1983517 NA
15969 1983517 NA
15970 1983517 NA
15971 1983517 NA
15972 1983517 NA
15973 1983517 NA
15974 1983517 NA
15975 1983517 NA
15976 1900604 NA
15977 1900604 NA
15978 1900604 NA
15979 1900604 NA
15980 1900604 NA
15981 1900604 NA
15982 1900604 NA
15983 1900604 NA
15984 1900604 NA
15985 1900604 NA
15986 1900604 NA
15987 1900604 NA
15988 1900604 NA
15989 1900604 NA
15990 1900604 NA
15991 1900604 NA
15992 1900604 NA
15993 1900604 NA
15994 1900604 NA
15995 1900604 NA
15996 1900604 NA
15997 1900604 NA
15998 1900604 NA
15999 1900604 NA
16000 1900604 NA
16001 1816642 NA
16002 1816642 NA
16003 1816642 NA
16004 1816642 NA
16005 1816642 NA
16006 1816642 NA
16007 1816642 NA
16008 1816642 NA
16009 1816642 NA
16010 1816642 NA
16011 1816642 NA
16012 1816642 NA
16013 1816642 NA
16014 1816642 NA
16015 1816642 NA
16016 1816642 NA
16017 1816642 NA
16018 1816642 NA
16019 1816642 NA
16020 1816642 NA
16021 1816642 NA
16022 1816642 NA
16023 1816642 NA
16024 1816642 NA
16025 1816642 NA
16026 1739847 NA
16027 1739847 NA
16028 1739847 NA
16029 1739847 NA
16030 1739847 NA
16031 1739847 NA
16032 1739847 NA
16033 1739847 NA
16034 1739847 NA
16035 1739847 NA
16036 1739847 NA
16037 1739847 NA
16038 1739847 NA
16039 1739847 NA
16040 1739847 NA
16041 1739847 NA
16042 1739847 NA
16043 1739847 NA
16044 1739847 NA
16045 1739847 NA
16046 1739847 NA
16047 1662380 NA
16048 1662380 NA
16049 1662380 NA
16050 1662380 NA
16051 1662380 NA
16052 1662380 NA
16053 1662380 NA
16054 1662380 NA
16055 1662380 NA
16056 1662380 NA
16057 1662380 NA
16058 1662380 NA
16059 1662380 NA
16060 1662380 NA
16061 1662380 NA
16062 1662380 NA
16063 1662380 NA
16064 1662380 NA
16065 1662380 NA
16066 1662380 NA
16067 1662380 NA
16068 1662380 NA
16069 1587321 NA
16070 1587321 NA
16071 1587321 NA
16072 1587321 NA
16073 1587321 NA
16074 1587321 NA
16075 1587321 NA
16076 1587321 NA
16077 1587321 NA
16078 1587321 NA
16079 1587321 NA
16080 1587321 NA
16081 1587321 NA
16082 1587321 NA
16083 1587321 NA
16084 1587321 NA
16085 1587321 NA
16086 1587321 NA
16087 1522617 NA
16088 1522617 NA
16089 1522617 NA
16090 1522617 NA
16091 1522617 NA
16092 1522617 NA
16093 1522617 NA
16094 1522617 NA
16095 1522617 NA
16096 1522617 NA
16097 1522617 NA
16098 1522617 NA
16099 1522617 NA
16100 1522617 NA
16101 1522617 NA
16102 1522617 NA
16103 1522617 NA
16104 1470012 NA
16105 1470012 NA
16106 1470012 NA
16107 1470012 NA
16108 1470012 NA
16109 1470012 NA
16110 1470012 NA
16111 1470012 NA
16112 1470012 NA
16113 1470012 NA
16114 1470012 NA
16115 1470012 NA
16116 1470012 NA
16117 1470012 NA
16118 1470012 NA
16119 1470012 NA
16120 1410940 NA
16121 1410940 NA
16122 1410940 NA
16123 1410940 NA
16124 1410940 NA
16125 1410940 NA
16126 1410940 NA
16127 1410940 NA
16128 1410940 NA
16129 1410940 NA
16130 1410940 NA
16131 1410940 NA
16132 1410940 NA
16133 1410940 NA
16134 1410940 NA
16135 1410940 NA
16136 1410940 NA
16137 1348578 NA
16138 1348578 NA
16139 1348578 NA
16140 1348578 NA
16141 1348578 NA
16142 1348578 NA
16143 1348578 NA
16144 1348578 NA
16145 1348578 NA
16146 1348578 NA
16147 1348578 NA
16148 1348578 NA
16149 1348578 NA
16150 1348578 NA
16151 1348578 NA
16152 1348578 NA
16153 1348578 NA
16154 1348578 NA
16155 1287482 NA
16156 1287482 NA
16157 1287482 NA
16158 1287482 NA
16159 1287482 NA
16160 1287482 NA
16161 1287482 NA
16162 1287482 NA
16163 1287482 NA
16164 1287482 NA
16165 1287482 NA
16166 1287482 NA
16167 1287482 NA
16168 1287482 NA
16169 1287482 NA
16170 1287482 NA
16171 1287482 NA
16172 1287482 NA
16173 1287482 NA
16174 1228377 NA
16175 1228377 NA
16176 1228377 NA
16177 1228377 NA
16178 1228377 NA
16179 1228377 NA
16180 1228377 NA
16181 1228377 NA
16182 1228377 NA
16183 1228377 NA
16184 1228377 NA
16185 1228377 NA
16186 1228377 NA
16187 1228377 NA
16188 1228377 NA
16189 1228377 NA
16190 1228377 NA
16191 1228377 NA
16192 1228377 NA
16193 1172599 NA
16194 1172599 NA
16195 1172599 NA
16196 1172599 NA
16197 1172599 NA
16198 1172599 NA
16199 1172599 NA
16200 1172599 NA
16201 1172599 NA
16202 1172599 NA
16203 1172599 NA
16204 1172599 NA
16205 1172599 NA
16206 1172599 NA
16207 1172599 NA
16208 1172599 NA
16209 1172599 NA
16210 1172599 NA
16211 1121316 NA
16212 1121316 NA
16213 1121316 NA
16214 1121316 NA
16215 1121316 NA
16216 1121316 NA
16217 1121316 NA
16218 1121316 NA
16219 1121316 NA
16220 1121316 NA
16221 1121316 NA
16222 1121316 NA
16223 1121316 NA
16224 1121316 NA
16225 1121316 NA
16226 1121316 NA
16227 1121316 NA
16228 1121316 NA
16229 1071269 NA
16230 1071269 NA
16231 1071269 NA
16232 1071269 NA
16233 1071269 NA
16234 1071269 NA
16235 1071269 NA
16236 1071269 NA
16237 1071269 NA
16238 1071269 NA
16239 1071269 NA
16240 1071269 NA
16241 1071269 NA
16242 1071269 NA
16243 1071269 NA
16244 1024819 NA
16245 1024819 NA
16246 1024819 NA
16247 1024819 NA
16248 1024819 NA
16249 1024819 NA
16250 1024819 NA
16251 1024819 NA
16252 1024819 NA
16253 1024819 NA
16254 1024819 NA
16255 1024819 NA
16256 1024819 NA
16257 1024819 NA
16258 987191 NA
16259 987191 NA
16260 987191 NA
16261 987191 NA
16262 987191 NA
16263 987191 NA
16264 987191 NA
16265 987191 NA
16266 987191 NA
16267 987191 NA
16268 987191 NA
16269 987191 NA
16270 952238 NA
16271 952238 NA
16272 952238 NA
16273 952238 NA
16274 952238 NA
16275 952238 NA
16276 952238 NA
16277 952238 NA
16278 952238 NA
16279 952238 NA
16280 952238 NA
16281 935621 NA
16282 935621 NA
16283 935621 NA
16284 935621 NA
16285 935621 NA
16286 935621 NA
16287 935621 NA
16288 935621 NA
16289 935621 NA
16290 935621 NA
16291 935621 NA
16292 920785 NA
16293 920785 NA
16294 920785 NA
16295 920785 NA
16296 920785 NA
16297 920785 NA
16298 920785 NA
16299 920785 NA
16300 920785 NA
16301 920785 NA
16302 920785 NA
16303 920785 NA
16304 920785 NA
16305 909488 NA
16306 909488 NA
16307 909488 NA
16308 909488 NA
16309 909488 NA
16310 909488 NA
16311 909488 NA
16312 909488 NA
16313 909488 NA
16314 909488 NA
16315 909488 NA
16316 909488 NA
16317 909488 NA
16318 883934 NA
16319 883934 NA
16320 883934 NA
16321 883934 NA
16322 883934 NA
16323 883934 NA
16324 883934 NA
16325 883934 NA
16326 883934 NA
16327 883934 NA
16328 883934 NA
16329 883934 NA
16330 883934 NA
16331 883934 NA
16332 883934 NA
16333 883934 NA
16334 842455 NA
16335 842455 NA
16336 842455 NA
16337 842455 NA
16338 842455 NA
16339 842455 NA
16340 842455 NA
16341 842455 NA
16342 842455 NA
16343 842455 NA
16344 842455 NA
16345 842455 NA
16346 842455 NA
16347 842455 NA
16348 842455 NA
16349 810076 NA
16350 810076 NA
16351 810076 NA
16352 810076 NA
16353 810076 NA
16354 810076 NA
16355 810076 NA
16356 810076 NA
16357 810076 NA
16358 810076 NA
16359 810076 NA
16360 810076 NA
16361 810076 NA
16362 810076 NA
16363 810076 NA
16364 773951 NA
16365 773951 NA
16366 773951 NA
16367 773951 NA
16368 773951 NA
16369 773951 NA
16370 773951 NA
16371 773951 NA
16372 773951 NA
16373 773951 NA
16374 773951 NA
16375 773951 NA
16376 773951 NA
16377 773951 NA
16378 773951 NA
16379 773951 NA
16380 773951 NA
16381 773951 NA
16382 747471 NA
16383 747471 NA
16384 747471 NA
16385 747471 NA
16386 747471 NA
16387 747471 NA
16388 747471 NA
16389 747471 NA
16390 747471 NA
16391 747471 NA
16392 747471 NA
16393 747471 NA
16394 717599 NA
16395 717599 NA
16396 717599 NA
16397 717599 NA
16398 717599 NA
16399 717599 NA
16400 717599 NA
16401 684346 NA
16402 684346 NA
16403 684346 NA
16404 684346 NA
16405 684346 NA
16406 684346 NA
16407 653199 NA
16408 653199 NA
16409 653199 NA
16410 653199 NA
16411 653199 NA
16412 653199 NA
16413 622740 NA
16414 622740 NA
16415 622740 NA
16416 622740 NA
16417 622740 NA
16418 622740 NA
16419 622740 NA
16420 594534 NA
16421 594534 NA
16422 594534 NA
16423 594534 NA
16424 594534 NA
16425 594534 NA
16426 567512 NA
16427 567512 NA
16428 567512 NA
16429 567512 NA
16430 567512 NA
16431 567512 NA
16432 541300 NA
16433 541300 NA
16434 541300 NA
16435 541300 NA
16436 541300 NA
16437 516277 NA
16438 516277 NA
16439 516277 NA
16440 516277 NA
16441 516277 NA
16442 492984 NA
16443 492984 NA
16444 492984 NA
16445 492984 NA
16446 492984 NA
16447 470453 NA
16448 470453 NA
16449 470453 NA
16450 470453 NA
16451 470453 NA
16452 470453 NA
16453 449225 NA
16454 449225 NA
16455 449225 NA
16456 449225 NA
16457 449225 NA
16458 428958 NA
16459 428958 NA
16460 428958 NA
16461 428958 NA
16462 428958 NA
16463 428958 NA
16464 409226 NA
16465 409226 NA
16466 409226 NA
16467 409226 NA
16468 409226 NA
16469 409226 NA
16470 391016 NA
16471 391016 NA
16472 391016 NA
16473 391016 NA
16474 391016 NA
16475 391016 NA
16476 373455 NA
16477 373455 NA
16478 373455 NA
16479 373455 NA
16480 373455 NA
16481 373455 NA
16482 171794 NA
16483 171794 NA
16484 171794 NA
16485 171794 NA
16486 171794 NA
16487 171794 NA
16488 171794 NA
16489 163911 NA
16490 163911 NA
16491 163911 NA
16492 163911 NA
16493 163911 NA
16494 163911 NA
16495 159471 NA
16496 159471 NA
16497 159471 NA
16498 159471 NA
16499 159471 NA
16500 159471 NA
16501 159471 NA
16502 159471 NA
16503 156741 NA
16504 156741 NA
16505 156741 NA
16506 156741 NA
16507 156741 NA
16508 156741 NA
16509 156741 NA
16510 156741 NA
16511 156741 NA
16512 157842 NA
16513 157842 NA
16514 157842 NA
16515 157842 NA
16516 157842 NA
16517 157842 NA
16518 157842 NA
16519 157842 NA
16520 157842 NA
16521 157842 NA
16522 161608 NA
16523 161608 NA
16524 161608 NA
16525 161608 NA
16526 161608 NA
16527 161608 NA
16528 161608 NA
16529 161608 NA
16530 161608 NA
16531 162922 NA
16532 162922 NA
16533 162922 NA
16534 162922 NA
16535 162922 NA
16536 162922 NA
16537 162922 NA
16538 162922 NA
16539 162922 NA
16540 162922 NA
16541 168603 NA
16542 168603 NA
16543 168603 NA
16544 168603 NA
16545 168603 NA
16546 168603 NA
16547 168603 NA
16548 168603 NA
16549 168603 NA
16550 168603 NA
16551 168603 NA
16552 173629 NA
16553 173629 NA
16554 173629 NA
16555 173629 NA
16556 173629 NA
16557 173629 NA
16558 173629 NA
16559 173629 NA
16560 173629 NA
16561 173629 NA
16562 173629 NA
16563 178503 NA
16564 178503 NA
16565 178503 NA
16566 178503 NA
16567 178503 NA
16568 178503 NA
16569 178503 NA
16570 178503 NA
16571 178503 NA
16572 178503 NA
16573 183009 NA
16574 183009 NA
16575 183009 NA
16576 183009 NA
16577 183009 NA
16578 183009 NA
16579 183009 NA
16580 190025 NA
16581 190025 NA
16582 190025 NA
16583 190025 NA
16584 190025 NA
16585 190025 NA
16586 190025 NA
16587 190025 NA
16588 190025 NA
16589 197636 NA
16590 197636 NA
16591 197636 NA
16592 197636 NA
16593 197636 NA
16594 197636 NA
16595 197636 NA
16596 197636 NA
16597 197636 NA
16598 197636 NA
16599 201752 NA
16600 201752 NA
16601 201752 NA
16602 201752 NA
16603 201752 NA
16604 201752 NA
16605 201752 NA
16606 201752 NA
16607 201752 NA
16608 201752 NA
16609 201752 NA
16610 203455 NA
16611 203455 NA
16612 203455 NA
16613 203455 NA
16614 203455 NA
16615 203455 NA
16616 203455 NA
16617 203455 NA
16618 203455 NA
16619 203455 NA
16620 203455 NA
16621 203455 NA
16622 203934 NA
16623 203934 NA
16624 203934 NA
16625 203934 NA
16626 203934 NA
16627 203934 NA
16628 203934 NA
16629 203934 NA
16630 203934 NA
16631 203934 NA
16632 203934 NA
16633 199945 NA
16634 199945 NA
16635 199945 NA
16636 199945 NA
16637 199945 NA
16638 199945 NA
16639 199945 NA
16640 199945 NA
16641 199945 NA
16642 199945 NA
16643 199945 NA
16644 197879 NA
16645 197879 NA
16646 197879 NA
16647 197879 NA
16648 197879 NA
16649 197879 NA
16650 197879 NA
16651 197879 NA
16652 197879 NA
16653 197879 NA
16654 206853 NA
16655 206853 NA
16656 216241 NA
16657 216241 NA
16658 216241 NA
16659 216241 NA
16660 225756 NA
16661 225756 NA
16662 225756 NA
16663 225756 NA
16665 225756 NA
16666 225756 NA
16668 235532 NA
16669 235532 NA
16670 235532 NA
16671 235532 NA
16672 235532 NA
16673 235532 NA
16674 235532 NA
16675 235532 NA
16676 235532 NA
16677 235532 NA
16678 246081 NA
16679 246081 NA
16680 246081 NA
16681 246081 NA
16682 246081 NA
16683 246081 NA
16684 246081 NA
16686 246081 NA
16687 246081 NA
16688 246081 NA
16689 246081 NA
16690 256899 NA
16691 256899 NA
16692 256899 NA
16693 256899 NA
16694 256899 NA
16695 256899 NA
16696 256899 NA
16697 256899 NA
16698 256899 NA
16699 256899 NA
16700 256899 NA
16701 256899 NA
16702 264435 NA
16703 264435 NA
16704 264435 NA
16705 264435 NA
16706 264435 NA
16707 264435 NA
16708 264435 NA
16709 264435 NA
16710 264435 NA
16711 264435 NA
16712 264435 NA
16715 264435 NA
16717 270888 NA
16720 270888 NA
16721 270888 NA
16722 270888 NA
16723 270888 NA
16724 270888 NA
16725 270888 NA
16726 270888 NA
16728 270888 NA
16731 281200 NA
16732 281200 NA
16733 281200 NA
16734 281200 NA
16735 281200 NA
16736 281200 NA
16737 281200 NA
16738 281200 NA
16739 281200 NA
16740 281200 NA
16741 281200 NA
16742 281200 NA
16743 281200 NA
16744 290477 NA
16745 290477 NA
16746 290477 NA
16747 290477 NA
16748 290477 NA
16749 290477 NA
16750 290477 NA
16751 290477 NA
16752 290477 NA
16753 290477 NA
16754 290477 NA
16755 290477 NA
16756 290477 NA
16757 290477 NA
16759 291470 NA
16760 291470 NA
16761 291470 NA
16762 291470 NA
16763 291470 NA
16764 291470 NA
16765 291470 NA
16766 291470 NA
16767 291470 NA
16768 291470 NA
16769 291470 NA
16770 291470 NA
16771 291470 NA
16772 291470 NA
16773 291013 NA
16774 291013 NA
16775 291013 NA
16777 291013 NA
16778 291013 NA
16779 291013 NA
16780 291013 NA
16781 291013 NA
16782 291013 NA
16783 291013 NA
16784 291013 NA
16785 296336 NA
16786 296336 NA
16787 296336 NA
16788 296336 NA
16789 296336 NA
16790 296336 NA
16791 296336 NA
16792 296336 NA
16793 296336 NA
16794 296336 NA
16795 296336 NA
16796 296336 NA
16797 296336 NA
16798 297593 NA
16799 297593 NA
16800 297593 NA
16801 297593 NA
16802 297593 NA
16803 297593 NA
16804 297593 NA
16807 297593 NA
16808 297593 NA
16809 297593 NA
16810 284500 NA
16811 284500 NA
16812 284500 NA
16813 284500 NA
16814 284500 NA
16815 284500 NA
16816 284500 NA
16817 284500 NA
16818 286139 NA
16820 286139 NA
16821 286139 NA
16823 286139 NA
16824 286139 NA
16825 286139 NA
16826 280693 NA
16827 280693 NA
16828 280693 NA
16829 280693 NA
16830 286853 NA
16831 286853 NA
16832 286853 NA
16833 286853 NA
16834 299999 NA
16835 299999 NA
16836 299999 NA
16837 299999 NA
16838 299999 NA
16839 299999 NA
16840 313516 NA
16841 313516 NA
16842 313516 NA
16843 313516 NA
16844 313516 NA
16845 313516 NA
16847 313516 NA
16849 327791 NA
16850 327791 NA
16851 327791 NA
16852 342910 NA
16853 358435 NA
16854 374844 NA
16855 392197 NA
16856 392197 NA
16857 410385 NA
16858 410385 NA
16859 410385 NA
16860 410385 NA
16861 429095 NA
16862 429095 NA
16863 429095 NA
16864 449230 NA
16865 449230 NA
16866 449230 NA
16867 469636 NA
16869 469636 NA
16870 469636 NA
16871 491564 NA
16872 491564 NA
16873 491564 NA
16874 514307 NA
16875 514307 NA
16876 514307 NA
16878 1567429 NA
16879 1567429 NA
16880 1567429 NA
16881 1567429 NA
16884 1627177 NA
16885 1627177 NA
16886 1627177 NA
16887 1627177 NA
16888 1627177 NA
16889 1627177 NA
16890 1681899 NA
16892 1681899 NA
16893 1681899 NA
16894 1681899 NA
16895 1681899 NA
16896 1739156 NA
16897 1739156 NA
16898 1739156 NA
16899 1739156 NA
16900 1739156 NA
16901 1739156 NA
16902 1739156 NA
16903 1707471 NA
16904 1707471 NA
16905 1707471 NA
16906 1707471 NA
16907 1707471 NA
16908 1707471 NA
16909 1707471 NA
16910 1728349 NA
16911 1728349 NA
16912 1728349 NA
16913 1728349 NA
16914 1728349 NA
16915 1728349 NA
16916 1728349 NA
16917 1797074 NA
16918 1797074 NA
16919 1797074 NA
16920 1797074 NA
16921 1797074 NA
16922 1797074 NA
16923 1797074 NA
16924 1808252 NA
16925 1808252 NA
16926 1808252 NA
16927 1808252 NA
16928 1808252 NA
16929 1808252 NA
16930 1808252 NA
16931 1808252 NA
16932 1835085 NA
16933 1835085 NA
16934 1835085 NA
16935 1835085 NA
16937 1835085 NA
16938 1835085 NA
16939 1835085 NA
16940 1835085 NA
16941 1835085 NA
16942 1814643 NA
16943 1814643 NA
16944 1814643 NA
16945 1814643 NA
16946 1814643 NA
16949 1814643 NA
16950 1814643 NA
16951 1868089 NA
16952 1868089 NA
16953 1868089 NA
16954 1868089 NA
16955 1868089 NA
16956 1868089 NA
16957 1868089 NA
16958 1868089 NA
16959 1840218 NA
16960 1840218 NA
16967 1787341 NA
16968 1787341 NA
16969 1787341 NA
16970 1787341 NA
16971 1787341 NA
16972 1787341 NA
16974 1858471 NA
16975 1858471 NA
16976 1858471 NA
16977 1858471 NA
16978 1858471 NA
16979 1858471 NA
16980 1858471 NA
16981 1907547 NA
16982 1907547 NA
16984 1907547 NA
16985 1907547 NA
16986 1907547 NA
16987 1992363 NA
16988 1992363 NA
16989 1992363 NA
16990 1992363 NA
16991 1992363 NA
16992 1992363 NA
16993 1907391 NA
16994 1907391 NA
16999 1907391 NA
17001 1818954 NA
17006 1818954 NA
17007 1818954 NA
17014 1736889 NA
17015 1736889 NA
17016 1660631 NA
17017 1660631 NA
17018 1660631 NA
17019 1660631 NA
17020 1660631 NA
17021 1660631 NA
17022 1660631 NA
17023 1585404 NA
17024 1585404 NA
17025 1585404 NA
17026 1585404 NA
17027 1585404 NA
17028 1585404 NA
17029 1585404 NA
17031 1506133 NA
17032 1506133 NA
17033 1506133 NA
17034 1506133 NA
17035 1506133 NA
17036 1506133 NA
17037 1506133 NA
17038 1506133 NA
17039 1445383 NA
17040 1445383 NA
17042 1445383 NA
17044 1445383 NA
17045 1445383 NA
17046 1445383 NA
17047 1385881 NA
17048 1385881 NA
17049 1385881 NA
17050 1385881 NA
17051 1385881 NA
17052 1385881 NA
17053 1385881 NA
17054 1327931 NA
17055 1327931 NA
17056 1327931 NA
17057 1327931 NA
17058 1327931 NA
17059 1327931 NA
17060 1327931 NA
17061 1293570 NA
17062 1293570 NA
17063 1293570 NA
17064 1293570 NA
17069 1291018 NA
17070 1291018 NA
17071 1291018 NA
17072 1291018 NA
17073 1291018 NA
17075 1291018 NA
17076 1291018 NA
17077 1238722 NA
17078 1238722 NA
17079 1238722 NA
17080 1186414 NA
17081 1186414 NA
17083 1134990 NA
17084 1134990 NA
17085 839645 NA
17086 839645 NA
17087 839645 NA
17088 839645 NA
17089 839645 NA
17091 808220 NA
17092 808220 NA
17093 808220 NA
17094 808220 NA
17095 808220 NA
17096 783413 NA
17097 783413 NA
17098 783413 NA
17099 783413 NA
17100 783413 NA
17101 783413 NA
17102 783413 NA
17103 783413 NA
17104 813183 NA
17105 813183 NA
17106 813183 NA
17107 813183 NA
17108 813183 NA
17109 813183 NA
17110 813183 NA
17111 835262 NA
17112 835262 NA
17113 835262 NA
17114 835262 NA
17115 835262 NA
17117 835262 NA
17118 835262 NA
17123 868843 NA
17124 868843 NA
17125 868843 NA
17126 905627 NA
17127 905627 NA
17129 905627 NA
17130 905627 NA
17131 905627 NA
17132 936197 NA
17133 936197 NA
17134 936197 NA
17135 936197 NA
17136 936197 NA
17138 936197 NA
17139 945013 NA
17140 945013 NA
17141 945013 NA
17142 945013 NA
17143 945013 NA
17144 945013 NA
17145 945013 NA
17146 982378 NA
17147 982378 NA
17148 982378 NA
17149 982378 NA
