"Index" "Price" "Volume"
14019 368100 NA
14020 368000 NA
14021 365900 NA
14022 365900 NA
14023 365800 NA
14024 365800 NA
14025 368700 NA
14026 368700 NA
14027 373100 NA
14028 373100 NA
14029 379600 NA
14030 379600 NA
14031 384300 NA
14032 388700 NA
14033 392400 NA
14034 397300 NA
14035 397700 NA
14036 397900 NA
14037 396100 NA
14038 391300 NA
14039 386900 NA
14040 386900 NA
14041 384700 NA
14042 383100 NA
14043 379400 NA
14044 376900 NA
14045 368900 NA
14046 368900 NA
14047 364600 NA
14048 362700 NA
14049 360600 NA
14050 360100 NA
14051 360100 NA
14052 358500 NA
14053 361900 NA
14054 361900 NA
14055 364200 NA
14056 366200 NA
14057 369200 NA
14058 369500 NA
14059 372100 NA
14060 372500 NA
14061 374200 NA
14062 384100 NA
14063 384100 NA
14064 384300 NA
14065 376900 NA
14066 370900 NA
14067 363900 NA
14068 356000 NA
14069 347800 NA
14070 347800 NA
14071 351300 NA
14072 357100 NA
14073 362600 NA
14074 359900 NA
14075 359900 NA
14076 355800 NA
14077 354300 NA
14078 352100 NA
14079 351300 NA
14080 352600 NA
14081 354600 NA
14082 354200 NA
14083 354000 NA
14084 350000 NA
14085 344000 NA
14086 344000 NA
14087 343400 NA
14088 352700 NA
14089 362000 NA
14090 362000 NA
14091 384300 NA
14092 384300 NA
14093 380500 NA
14094 381700 NA
14095 375500 NA
14096 372700 NA
14097 372700 NA
14098 369400 NA
14099 378700 NA
14100 394000 NA
14101 409200 NA
14102 426900 NA
14103 419600 NA
14104 411800 NA
14105 403700 NA
14106 400100 NA
14107 398400 NA
14108 400900 NA
14109 396600 NA
14110 397100 NA
14111 395700 NA
14112 395700 NA
14113 393900 NA
14114 399000 NA
14115 399000 NA
14116 400800 NA
14117 403600 NA
14118 401800 NA
14119 404300 NA
14120 405500 NA
14121 401500 NA
14122 397200 NA
14123 397200 NA
14124 392700 NA
14125 386700 NA
14126 396400 NA
14127 407500 NA
14128 407500 NA
14129 397600 NA
14130 392600 NA
14131 392600 NA
14132 394200 NA
14133 396000 NA
14134 396200 NA
14135 401500 NA
14136 400800 NA
14137 404200 NA
14138 404200 NA
14139 403200 NA
14140 396700 NA
14141 402000 NA
14142 402700 NA
14143 402700 NA
14144 400900 NA
14145 395200 NA
14146 394500 NA
14147 393200 NA
14148 392800 NA
14149 397200 NA
14150 397200 NA
14151 397400 NA
14152 386600 NA
14153 375000 NA
14154 364800 NA
14155 358500 NA
14156 353900 NA
14157 353900 NA
14158 358100 NA
14159 360900 NA
14160 363800 NA
14161 363800 NA
14162 367600 NA
14163 371400 NA
14164 374300 NA
14165 374300 NA
14166 377000 NA
14167 376500 NA
14168 366500 NA
14169 355400 NA
14170 340700 NA
14171 337800 NA
14172 337800 NA
14173 335000 NA
14174 330600 NA
14175 326300 NA
14176 326300 NA
14177 325800 NA
14178 325800 NA
14179 324400 NA
14180 324300 NA
14181 322200 NA
14182 317800 NA
14183 312100 NA
14184 310000 NA
14185 313600 NA
14186 317400 NA
14187 319600 NA
14188 319600 NA
14189 321400 NA
14190 322100 NA
14191 324500 NA
14192 325800 NA
14193 327000 NA
14194 329700 NA
14195 332000 NA
14196 332100 NA
14197 332400 NA
14198 334800 NA
14199 336000 NA
14200 337500 NA
14201 338000 NA
14202 338000 NA
14203 338900 NA
14204 342800 NA
14205 342800 NA
14206 342700 NA
14207 346600 NA
14208 351100 NA
14209 351100 NA
14210 356000 NA
14211 364000 NA
14212 364000 NA
14213 364400 NA
14214 361200 NA
14215 352700 NA
14216 352700 NA
14217 347900 NA
14218 345900 NA
14219 344700 NA
14220 345800 NA
14221 349300 NA
14222 349300 NA
14223 350500 NA
14224 348900 NA
14225 348900 NA
14226 349200 NA
14227 348200 NA
14228 348000 NA
14229 347900 NA
14230 343500 NA
14231 338000 NA
14232 335100 NA
14233 335100 NA
14234 330300 NA
14235 327400 NA
14236 328000 NA
14237 328400 NA
14238 328400 NA
14239 329200 NA
14240 329200 NA
14241 330400 NA
14242 329100 NA
14243 328900 NA
14244 329600 NA
14245 329600 NA
14246 331700 NA
14247 333400 NA
14248 332300 NA
14249 330200 NA
14250 329200 NA
14251 329500 NA
14252 329400 NA
14253 329500 NA
14254 332600 NA
14255 332600 NA
14256 333900 NA
14257 337800 NA
14258 337800 NA
14259 339400 NA
14260 341500 NA
14261 343400 NA
14262 347900 NA
14263 347900 NA
14264 354700 NA
14265 357300 NA
14266 357300 NA
14267 363500 NA
14268 363500 NA
14269 368800 NA
14270 368800 NA
14271 371400 NA
14272 376100 NA
14273 376100 NA
14274 380800 NA
14275 383400 NA
14276 385900 NA
14277 385900 NA
14278 388500 NA
14279 390200 NA
14280 396700 NA
14281 398700 NA
14282 400500 NA
14283 400500 NA
14284 402400 NA
14285 400100 NA
14286 400100 NA
14287 396100 NA
14288 389700 NA
14289 383300 NA
14290 378400 NA
14291 374500 NA
14292 368900 NA
14293 368900 NA
14294 364800 NA
14295 364800 NA
14296 359300 NA
14297 359300 NA
14298 358000 NA
14299 357200 NA
14300 357500 NA
14301 358600 NA
14302 362600 NA
14303 367300 NA
14304 372300 NA
14305 376600 NA
14306 378400 NA
14307 377000 NA
14308 377000 NA
14309 370900 NA
14310 362500 NA
14311 350800 NA
14312 343600 NA
14313 340600 NA
14314 340600 NA
14315 341400 NA
14316 344200 NA
14317 344200 NA
14318 349200 NA
14319 355500 NA
14320 362800 NA
14321 370500 NA
14322 377200 NA
14323 380900 NA
14324 381400 NA
14325 379800 NA
14326 376500 NA
14327 371600 NA
14328 366700 NA
14329 361300 NA
14330 352000 NA
14331 352000 NA
14332 349200 NA
14333 349000 NA
14334 349200 NA
14335 352300 NA
14336 362300 NA
14337 362300 NA
14338 365900 NA
14339 366300 NA
14340 366300 NA
14341 362700 NA
14342 357800 NA
14343 354500 NA
14344 353200 NA
14345 352900 NA
14346 354600 NA
14347 355200 NA
14348 355200 NA
14349 356900 NA
14350 356300 NA
14351 356300 NA
14352 354800 NA
14353 351400 NA
14354 351400 NA
14355 349600 NA
14356 347400 NA
14357 345000 NA
14358 345000 NA
14359 347400 NA
14360 350600 NA
14361 353600 NA
14362 353700 NA
14363 355200 NA
14364 356900 NA
14365 356900 NA
14366 357400 NA
14367 357400 NA
14368 357400 NA
14369 356800 NA
14370 355700 NA
14371 353000 NA
14372 346900 NA
14373 346900 NA
14374 342000 NA
14375 338500 NA
14376 334200 NA
14377 332300 NA
14378 327400 NA
14379 323900 NA
14380 323900 NA
14381 320900 NA
14382 319100 NA
14383 319900 NA
14384 322200 NA
14385 326500 NA
14386 330900 NA
14387 333800 NA
14388 335100 NA
14389 333300 NA
14390 332000 NA
14391 332000 NA
14392 332200 NA
14393 332200 NA
14394 333500 NA
14395 333600 NA
14396 333300 NA
14397 332200 NA
14398 332200 NA
14399 330000 NA
14400 329700 NA
14401 329700 NA
14402 330300 NA
14403 332600 NA
14404 334400 NA
14405 334600 NA
14406 334800 NA
14407 337000 NA
14408 337000 NA
14409 339300 NA
14410 339100 NA
14411 338000 NA
14412 332300 NA
14413 330700 NA
14414 330700 NA
14415 330600 NA
14416 330600 NA
14417 330700 NA
14418 330400 NA
14419 331600 NA
14420 333800 NA
14421 333800 NA
14422 336500 NA
14423 337800 NA
14424 337800 NA
14425 337700 NA
14426 339200 NA
14427 341200 NA
14428 343800 NA
14429 349300 NA
14430 349300 NA
14431 351000 NA
14432 357100 NA
14433 359100 NA
14434 359100 NA
14435 361000 NA
14436 364500 NA
14437 364500 NA
14438 367300 NA
14439 369100 NA
14440 370600 NA
14441 372400 NA
14442 371300 NA
14443 368300 NA
14444 370500 NA
14445 370500 NA
14446 374100 NA
14447 383400 NA
14448 383400 NA
14449 388700 NA
14450 391800 NA
14451 394500 NA
14452 404700 NA
14453 404700 NA
14454 405200 NA
14455 405200 NA
14456 400200 NA
14457 396600 NA
14458 396000 NA
14459 393300 NA
14460 389600 NA
14461 390100 NA
14462 392300 NA
14463 396100 NA
14464 400400 NA
14465 406000 NA
14466 410300 NA
14467 413500 NA
14468 416700 NA
14469 418100 NA
14470 418100 NA
14471 415600 NA
14472 409300 NA
14473 409300 NA
14474 407700 NA
14475 409600 NA
14476 409600 NA
14477 411300 NA
14478 411300 NA
14479 410400 NA
14480 411100 NA
14481 411600 NA
14482 411600 NA
14483 413800 NA
14484 413800 NA
14485 415100 NA
14486 415000 NA
14487 416700 NA
14488 418400 NA
14489 419800 NA
14490 420500 NA
14491 420500 NA
14492 423400 NA
14493 424400 NA
14494 431200 NA
14495 431200 NA
14496 431900 NA
14497 432700 NA
14498 433700 NA
14499 435000 NA
14500 436700 NA
14501 439600 NA
14502 441600 NA
14503 444500 NA
14504 444800 NA
14505 444800 NA
14506 449100 NA
14507 451100 NA
14508 451000 NA
14509 453500 NA
14510 453600 NA
14511 454000 NA
14512 453600 NA
14513 453600 NA
14514 452300 NA
14515 449300 NA
14516 449300 NA
14517 449600 NA
14518 449600 NA
14519 454300 NA
14520 454300 NA
14521 456900 NA
14522 463200 NA
14523 463200 NA
14524 465400 NA
14525 468700 NA
14526 470500 NA
14527 467900 NA
14528 466800 NA
14529 466800 NA
14530 465500 NA
14531 465500 NA
14532 462200 NA
14533 462300 NA
14534 462300 NA
14535 461800 NA
14536 465900 NA
14537 469600 NA
14538 477000 NA
14539 477000 NA
14540 483900 NA
14541 492200 NA
14542 502400 NA
14543 504400 NA
14544 504400 NA
14545 496700 NA
14546 496700 NA
14547 483300 NA
14548 479000 NA
14549 478200 NA
14550 483800 NA
14551 485000 NA
14552 486100 NA
14553 487300 NA
14554 487300 NA
14555 497000 NA
14556 497000 NA
14557 503100 NA
14558 508300 NA
14559 512200 NA
14560 512200 NA
14561 513700 NA
14562 517800 NA
14563 520400 NA
14564 523400 NA
14565 528200 NA
14566 530400 NA
14567 530400 NA
14568 532600 NA
14569 534600 NA
14570 536700 NA
14571 536700 NA
14572 537300 NA
14573 537700 NA
14574 539900 NA
14575 542800 NA
14576 544200 NA
14577 547100 NA
14578 553000 NA
14579 553000 NA
14580 557600 NA
14581 564700 NA
14582 575300 NA
14583 575300 NA
14584 580100 NA
14585 580900 NA
14586 580900 NA
14587 580600 NA
14588 568300 NA
14589 568300 NA
14590 558900 NA
14591 547100 NA
14592 532600 NA
14593 525000 NA
14594 517500 NA
14595 513500 NA
14596 513500 NA
14597 516700 NA
14598 520000 NA
14599 521100 NA
14600 521100 NA
14601 516300 NA
14602 512500 NA
14603 509600 NA
14604 506300 NA
14605 506100 NA
14606 506100 NA
14607 512500 NA
14608 512500 NA
14609 521800 NA
14610 529700 NA
14611 533800 NA
14612 538000 NA
14613 542300 NA
14614 545700 NA
14615 545700 NA
14616 550200 NA
14617 560700 NA
14618 562000 NA
14619 565100 NA
14620 565100 NA
14621 572500 NA
14622 572500 NA
14623 577400 NA
14624 577400 NA
14625 581100 NA
14626 583900 NA
14627 583900 NA
14628 587800 NA
14629 589000 NA
14630 589000 NA
14631 594600 NA
14632 594600 NA
14633 594500 NA
14634 594500 NA
14635 593000 NA
14636 588500 NA
14637 584100 NA
14638 575900 NA
14639 572200 NA
14640 567800 NA
14641 565700 NA
14642 565700 NA
14643 573300 NA
14644 573300 NA
14645 580600 NA
14646 583400 NA
14647 585800 NA
14648 585900 NA
14649 585900 NA
14650 587400 NA
14651 586300 NA
14653 586100 NA
14654 582100 NA
14655 581100 NA
14656 581100 NA
14657 582900 NA
14658 580300 NA
14659 577500 NA
14660 577500 NA
14661 579000 NA
14662 576600 NA
14663 576600 NA
14664 579700 NA
14665 579500 NA
14666 581300 NA
14667 581300 NA
14668 581100 NA
14669 581900 NA
14670 579900 NA
14671 576600 NA
14672 564700 NA
14673 564700 NA
14674 558000 NA
14675 556500 NA
14676 557500 NA
14677 561700 NA
14678 563300 NA
14679 565100 NA
14680 567100 NA
14681 572400 NA
14682 572000 NA
14683 573400 NA
14684 573400 NA
14685 574800 NA
14686 579100 NA
14687 583900 NA
14688 588000 NA
14689 593800 NA
14690 605400 NA
14691 609500 NA
14692 609500 NA
14693 620100 NA
14694 628500 NA
14695 628500 NA
14696 635200 NA
14697 639800 NA
14698 642000 NA
14699 643900 NA
14700 645700 NA
14701 647300 NA
14702 650800 NA
14703 651700 NA
14704 651600 NA
14705 656300 NA
14706 656300 NA
14707 658100 NA
14708 660400 NA
14709 660400 NA
14710 659000 NA
14711 657600 NA
14712 654700 NA
14713 654700 NA
14714 653000 NA
14715 642300 NA
14716 642300 NA
14717 612900 NA
14718 601500 NA
14719 601500 NA
14720 576000 NA
14721 576000 NA
14722 558500 NA
14723 558500 NA
14724 559400 NA
14725 566400 NA
14726 577100 NA
14727 588300 NA
14728 588300 NA
14729 600200 NA
14730 611000 NA
14731 609100 NA
14732 601100 NA
14733 601100 NA
14734 605800 NA
14735 605800 NA
14736 610600 NA
14737 610600 NA
14738 610300 NA
14739 610300 NA
14740 606600 NA
14741 606100 NA
14742 605200 NA
14743 603900 NA
14744 604400 NA
14745 604200 NA
14746 601300 NA
14747 599900 NA
14748 595200 NA
14749 595200 NA
14750 594800 NA
14751 590800 NA
14752 589000 NA
14753 591700 NA
14754 591700 NA
14755 590700 NA
14756 590700 NA
14757 588600 NA
14758 589100 NA
14759 587800 NA
14760 585700 NA
14761 587100 NA
14762 589600 NA
14763 589600 NA
14764 590600 NA
14765 591400 NA
14766 592800 NA
14767 596700 NA
14768 599000 NA
14769 600600 NA
14770 598600 NA
14771 598500 NA
14772 598500 NA
14773 596300 NA
14774 593700 NA
14775 595200 NA
14776 594600 NA
14777 594600 NA
14778 594900 NA
14779 594900 NA
14780 594300 NA
14781 596100 NA
14782 593400 NA
14783 593400 NA
14784 594600 NA
14785 594600 NA
14786 593600 NA
14787 595300 NA
14788 594700 NA
14789 597100 NA
14790 598100 NA
14791 598100 NA
14792 600700 NA
14793 605500 NA
14794 607000 NA
14795 601800 NA
14796 601800 NA
14797 6e+05 NA
14798 601800 NA
14799 601400 NA
14800 601400 NA
14801 604000 NA
14802 605300 NA
14803 606000 NA
14804 606000 NA
14805 609700 NA
14806 609700 NA
14807 613700 NA
14808 619700 NA
14809 621300 NA
14810 621000 NA
14811 621000 NA
14812 620800 NA
14813 619900 NA
14814 619900 NA
14815 618500 NA
14816 613500 NA
14817 613100 NA
14818 612600 NA
14819 618300 NA
14820 618300 NA
14821 622000 NA
14822 624200 NA
14823 634500 NA
14824 634500 NA
14825 643200 NA
14826 610100 NA
14827 610100 NA
14828 590900 NA
14829 571800 NA
14830 553900 NA
14831 538100 NA
14832 516400 NA
14833 516400 NA
14834 519700 NA
14835 530900 NA
14836 536600 NA
14837 539300 NA
14838 532400 NA
14839 532400 NA
14840 521500 NA
14841 521500 NA
14842 516700 NA
14843 510400 NA
14844 506400 NA
14845 503100 NA
14846 500100 NA
14847 495000 NA
14848 494400 NA
14849 494400 NA
14850 494300 NA
14851 487200 NA
14852 487000 NA
14853 487000 NA
14854 486800 NA
14855 487700 NA
14856 486100 NA
14857 494000 NA
14858 494000 NA
14859 497400 NA
14860 497400 NA
14861 501100 NA
14862 504000 NA
14863 509500 NA
14864 519400 NA
14865 529400 NA
14866 535900 NA
14867 535900 NA
14868 541900 NA
14869 547900 NA
14870 554100 NA
14871 554100 NA
14872 554600 NA
14873 554600 NA
14874 550300 NA
14875 550300 NA
14876 546900 NA
14877 541800 NA
14878 540400 NA
14879 538600 NA
14880 540500 NA
14881 540500 NA
14882 551500 NA
14883 551500 NA
14884 552900 NA
14885 555300 NA
14886 558900 NA
14887 559300 NA
14888 562200 NA
14889 558200 NA
14890 551600 NA
14891 551600 NA
14892 546100 NA
14893 536200 NA
14894 536200 NA
14895 533200 NA
14896 528900 NA
14897 525900 NA
14898 525900 NA
14899 523400 NA
14900 522700 NA
14901 526200 NA
14902 526200 NA
14903 532500 NA
14904 532500 NA
14905 537900 NA
14906 543300 NA
14907 541500 NA
14908 541500 NA
14909 543200 NA
14910 547600 NA
14911 557600 NA
14912 559800 NA
14913 556700 NA
14914 552000 NA
14915 552000 NA
14916 546000 NA
14917 534600 NA
14918 520800 NA
14920 508600 NA
14921 504400 NA
14922 507100 NA
14923 507100 NA
14924 517100 NA
14925 524200 NA
14926 528100 NA
14927 525300 NA
14928 521000 NA
14929 521000 NA
14930 521600 NA
14931 521600 NA
14932 521500 NA
14933 520400 NA
14934 523700 NA
14935 523700 NA
14936 519600 NA
14937 516800 NA
14938 514900 NA
14939 518000 NA
14940 520400 NA
14941 516200 NA
14942 516200 NA
14943 515100 NA
14944 516400 NA
14945 518700 NA
14946 518700 NA
14947 519500 NA
14948 520700 NA
14949 521400 NA
14950 521400 NA
14951 517200 NA
14952 516500 NA
14953 516500 NA
14954 514600 NA
14955 512900 NA
14956 513300 NA
14957 514000 NA
14958 514300 NA
14959 512800 NA
14960 509500 NA
14961 509500 NA
14962 490300 NA
14963 490300 NA
14964 481200 NA
14965 457200 NA
14966 442900 NA
14967 438800 NA
14968 438800 NA
14969 430600 NA
14970 421600 NA
14971 411200 NA
14972 403900 NA
14973 395400 NA
14974 396600 NA
14975 396600 NA
14976 408200 NA
14979 420900 NA
14980 420900 NA
14981 422200 NA
14983 416100 NA
14984 409000 NA
14985 401000 NA
14986 386800 NA
14987 383900 NA
14989 382300 NA
14990 381900 NA
14991 384900 NA
14992 385500 NA
14993 385200 NA
14995 379100 NA
14996 359700 NA
14998 339200 NA
15000 332300 NA
15001 321100 NA
15003 313300 NA
15005 314600 NA
15007 309000 NA
15008 296600 NA
15009 283300 NA
15011 266000 NA
15012 260200 NA
15013 251100 NA
15014 251063 NA
15015 245629 NA
15016 246300 NA
15018 246500 NA
15019 248500 NA
15020 250800 NA
15021 250800 NA
15023 261700 NA
15025 266200 NA
15026 270200 NA
15028 274900 NA
15029 276000 NA
15031 280400 NA
15032 278800 NA
15033 270100 NA
15035 267200 NA
15036 266600 NA
15037 266600 NA
15038 268500 NA
15039 268200 NA
15040 267600 NA
15042 266800 NA
15044 260900 NA
15046 256000 NA
15047 253300 NA
15048 250500 NA
15049 250500 NA
15050 249000 NA
15052 249300 NA
15054 248700 NA
15055 246300 NA
15058 253800 NA
15060 251800 NA
15061 248700 NA
15063 248900 NA
15064 252600 NA
15066 250700 NA
15067 251000 NA
15068 249900 NA
15070 254600 NA
15072 256200 NA
15073 264200 NA
15077 272200 NA
15078 284900 NA
15080 307600 NA
15082 317400 NA
15084 335600 NA
15085 344400 NA
15086 347800 NA
15087 346200 NA
15088 349600 NA
15089 350600 NA
15090 348200 NA
15091 350200 NA
15093 349400 NA
15094 351500 NA
15095 355200 NA
15096 356600 NA
15097 358300 NA
15098 356300 NA
15100 346300 NA
15101 332500 NA
15102 321100 NA
15103 312200 NA
15105 308700 NA
15106 302000 NA
15107 293300 NA
15109 290900 NA
15110 287500 NA
15112 279800 NA
15114 271000 NA
15115 262900 NA
15116 265400 NA
15119 270900 NA
15120 270800 NA
15121 268700 NA
15123 275900 NA
15124 276500 NA
15125 275200 NA
15126 270300 NA
15128 270100 NA
15130 276000 NA
15131 275800 NA
15132 275400 NA
15133 272700 NA
15135 265200 NA
15136 264100 NA
15137 257900 NA
15138 251200 NA
15140 249500 NA
15142 244900 NA
15143 241400 NA
15144 237900 NA
15145 240700 NA
15147 243500 NA
15149 232700 NA
15150 228000 NA
15152 230100 NA
15154 228900 NA
15156 220900 NA
15157 222400 NA
15158 227400 NA
15159 227900 NA
15161 217600 NA
15163 215900 NA
15164 219000 NA
15165 221700 NA
15166 223600 NA
15168 221700 NA
15170 220600 NA
15172 216900 NA
15173 213700 NA
15175 213500 NA
15177 221100 NA
15178 227800 NA
15179 228300 NA
15182 222900 NA
15184 219500 NA
15185 223500 NA
15186 229000 NA
15187 232100 NA
15189 231600 NA
15191 230700 NA
15193 236800 NA
15194 234500 NA
15196 230500 NA
15197 231300 NA
15199 236400 NA
15204 232500 NA
15207 232100 NA
15210 228900 NA
15212 229200 NA
15214 229000 NA
15215 228700 NA
15217 224500 NA
15219 224300 NA
15220 225900 NA
15221 228200 NA
15222 228900 NA
15224 227500 NA
15226 227800 NA
15227 226800 NA
15229 225900 NA
15231 223000 NA
15232 223400 NA
15233 224200 NA
15235 223300 NA
15238 224500 NA
15240 224100 NA
15241 223300 NA
15242 223300 NA
15243 220700 NA
15244 220100 NA
15247 221500 NA
15248 222700 NA
15249 222700 NA
15250 223500 NA
15252 224200 NA
15254 222900 NA
15256 220500 NA
15257 219700 NA
15258 218900 NA
15259 221200 NA
15261 223300 NA
15263 223100 NA
15264 222000 NA
15266 222800 NA
15268 224700 NA
15270 228600 NA
15271 230500 NA
15273 236300 NA
15275 238100 NA
15277 239200 NA
15280 243200 NA
15281 246200 NA
15282 248900 NA
15283 251800 NA
15284 254700 NA
15285 256000 NA
15287 256400 NA
15289 254100 NA
15291 251300 NA
15294 254200 NA
15296 254900 NA
15297 255600 NA
15299 256400 NA
15302 264200 NA
15303 266800 NA
15304 265300 NA
15306 267800 NA
15307 270400 NA
15308 274200 NA
15310 273800 NA
15312 273200 NA
15313 274461 NA
15314 277209 NA
15315 279451 NA
15316 282267 NA
15317 284349 NA
15318 286326 NA
15319 289083 NA
15320 291851 NA
15321 296331 NA
15322 294706 NA
15323 292553 NA
15324 292314 NA
15325 290188 NA
15326 288542 NA
15327 284312 NA
15328 277508 NA
15329 272201 NA
15330 268329 NA
15331 265318 NA
15332 260892 NA
15333 264948 NA
15334 264067 NA
15335 260629 NA
15336 256171 NA
15337 254029 NA
15338 251729 NA
15339 250285 NA
15340 253756 NA
15341 251906 NA
15342 250668 NA
15343 250945 NA
15344 249992 NA
15345 250167 NA
15346 250167 NA
15347 252423 NA
15348 254459 NA
15349 258258 NA
15350 260212 NA
15351 262722 NA
15352 262416 NA
15353 261553 NA
15354 259964 NA
15355 255769 NA
15356 253401 NA
15357 254390 NA
15358 254390 NA
15359 257482 NA
15360 257295 NA
15361 258633 NA
15362 259403 NA
15363 259942 NA
15364 259942 NA
15365 261031 NA
15366 264962 NA
15367 267589 NA
15368 268266 NA
15369 268995 NA
15370 270717 NA
15371 271961 NA
15372 274406 NA
15373 276303 NA
15374 277086 NA
15375 280868 NA
15376 280868 NA
15377 284484 NA
15378 287930 NA
15379 288961 NA
15380 292625 NA
15381 283147 NA
15382 284755 NA
15383 283202 NA
15384 281453 NA
15385 281453 NA
15386 282221 NA
15387 281549 NA
15388 281487 NA
15389 280399 NA
15390 274475 NA
15391 270583 NA
15392 266983 NA
15393 269633 NA
15394 267957 NA
15395 261617 NA
15396 257695 NA
15397 251334 NA
15398 247724 NA
15399 250932 NA
15400 252396 NA
15401 253971 NA
15402 257448 NA
15403 260284 NA
15404 264456 NA
15405 264456 NA
15406 272898 NA
15407 282622 NA
15408 294276 NA
15409 301624 NA
15410 310652 NA
15411 322498 NA
15412 331616 NA
15413 327391 NA
15414 320595 NA
15415 320595 NA
15416 311139 NA
15417 300354 NA
15418 290254 NA
15419 291568 NA
15420 287999 NA
15421 282242 NA
15422 277340 NA
15423 272438 NA
15424 267537 NA
15425 262635 NA
15426 257733 NA
15427 251916 NA
15428 245803 NA
15429 248635 NA
15430 254726 NA
15431 253434 NA
15432 250746 NA
15433 247604 NA
15434 247604 NA
15435 245084 NA
15436 243856 NA
15437 243856 NA
15438 249723 NA
15439 249631 NA
15440 247722 NA
15441 254400 NA
15442 253403 NA
15443 253003 NA
15444 249786 NA
15445 252183 NA
15446 246887 NA
15447 242717 NA
15448 239783 NA
15449 239783 NA
15450 236386 NA
15451 232192 NA
15452 229807 NA
15453 226148 NA
15454 229979 NA
15455 224318 NA
15456 219995 NA
15457 215644 NA
15458 212537 NA
15459 209472 NA
15460 206360 NA
15461 202441 NA
15462 198252 NA
15463 196798 NA
15464 194587 NA
15465 193903 NA
15466 192844 NA
15467 191734 NA
15468 190833 NA
15469 190609 NA
15470 191503 NA
15471 193844 NA
15472 192435 NA
15473 192519 NA
15474 192146 NA
15475 190918 NA
15476 192039 NA
15477 191093 NA
15478 190409 NA
15479 189346 NA
15480 189717 NA
15481 190388 NA
15482 190630 NA
15483 190043 NA
15484 187299 NA
15485 185154 NA
15486 183566 NA
15487 183201 NA
15488 181522 NA
15489 180844 NA
15490 177749 NA
15491 175007 NA
15492 172565 NA
15493 171735 NA
15494 170616 NA
15495 169245 NA
15496 167904 NA
15497 168007 NA
15498 167312 NA
15499 168471 NA
15500 169766 NA
15501 170739 NA
15502 173199 NA
15503 176502 NA
15504 179467 NA
15505 183130 NA
15506 187343 NA
15507 191514 NA
15508 195644 NA
15509 199099 NA
15510 203466 NA
15511 206341 NA
15512 209910 NA
15513 213600 NA
15514 219283 NA
15515 225475 NA
15516 230024 NA
15517 235346 NA
15518 237894 NA
15519 239861 NA
15520 240089 NA
15521 240700 NA
15522 242395 NA
15523 242076 NA
15524 241449 NA
15525 240036 NA
15526 238615 NA
15527 237416 NA
15528 236544 NA
15529 233093 NA
15530 230771 NA
15531 227666 NA
15532 223430 NA
15533 220433 NA
15534 218378 NA
15535 215394 NA
15536 214954 NA
15537 214812 NA
15538 213934 NA
15539 215141 NA
15540 215890 NA
15541 217604 NA
15542 220173 NA
15543 226377 NA
15544 227389 NA
15545 229452 NA
15546 232070 NA
15547 236390 NA
15548 237862 NA
15549 240024 NA
15550 240378 NA
15551 240955 NA
15552 240527 NA
15553 239245 NA
15554 237841 NA
15555 237648 NA
15556 238162 NA
15557 240767 NA
15558 239792 NA
15559 238985 NA
15560 237612 NA
15561 238690 NA
15562 238367 NA
15563 238859 NA
15564 238577 NA
15565 242491 NA
15566 242931 NA
15567 244385 NA
15568 245005 NA
15569 246314 NA
15570 246998 NA
15571 248186 NA
15572 249072 NA
15573 248901 NA
15574 251498 NA
15575 250663 NA
15576 250749 NA
15577 251323 NA
15578 250496 NA
15579 250347 NA
15580 250217 NA
15581 248720 NA
15582 246238 NA
15583 243203 NA
15584 239720 NA
15585 234279 NA
15586 230489 NA
15587 225505 NA
15588 220489 NA
15589 217476 NA
15590 213636 NA
15591 214117 NA
15592 214323 NA
15593 214818 NA
15594 216127 NA
15595 217546 NA
15596 219730 NA
15597 222377 NA
15598 224998 NA
15599 226637 NA
15600 227429 NA
15601 229173 NA
15602 232085 NA
15603 233492 NA
15604 234865 NA
15605 237343 NA
15606 239053 NA
15607 244280 NA
15608 247550 NA
15609 251566 NA
15610 255470 NA
15611 258408 NA
15612 261028 NA
15613 262817 NA
15614 266412 NA
15615 269073 NA
15616 270551 NA
15617 275255 NA
15618 278545 NA
15619 280163 NA
15620 284298 NA
15621 287646 NA
15622 289976 NA
15623 291735 NA
15624 291740 NA
15625 293638 NA
15626 295705 NA
15627 297301 NA
15628 298856 NA
15629 299208 NA
15630 301713 NA
15631 303487 NA
15632 303945 NA
15633 303973 NA
15634 304090 NA
15635 304475 NA
15636 305111 NA
15637 307077 NA
15638 307077 NA
15639 307310 NA
15640 307399 NA
15641 305268 NA
15642 304375 NA
15643 303264 NA
15644 302830 NA
15645 303866 NA
15646 303866 NA
15647 304528 NA
15648 304610 NA
15649 305255 NA
15650 306337 NA
15651 307419 NA
15652 308501 NA
15653 309583 NA
15654 310664 NA
15655 311746 NA
15656 312828 NA
15657 313910 NA
15658 318154 NA
15659 320933 NA
15660 322734 NA
15661 325496 NA
15662 328093 NA
15663 329184 NA
15664 330648 NA
15665 330648 NA
15666 331348 NA
15667 331348 NA
15668 331765 NA
15669 334189 NA
15670 333755 NA
15671 334682 NA
15672 334682 NA
15673 335303 NA
15674 337032 NA
15675 336983 NA
15676 335923 NA
15677 335241 NA
15678 339827 NA
15679 341820 NA
15680 344911 NA
15681 345620 NA
15682 345620 NA
15683 347217 NA
15684 350468 NA
15685 351643 NA
15686 351643 NA
15687 351814 NA
15688 351814 NA
15689 352856 NA
15690 352856 NA
15691 351792 NA
15692 351792 NA
15693 349433 NA
15694 349433 NA
15695 348011 NA
15696 348011 NA
15697 345240 NA
15698 344784 NA
15699 342591 NA
15700 342591 NA
15701 340535 NA
15702 340535 NA
15703 336903 NA
15704 339728 NA
15705 339743 NA
15706 339863 NA
15707 336984 NA
15708 337785 NA
15709 337785 NA
15710 334628 NA
15711 334628 NA
15712 334316 NA
15713 334316 NA
15714 333082 NA
15715 333082 NA
15716 333743 NA
15717 337456 NA
15718 338386 NA
15719 338386 NA
15720 336885 NA
15721 336885 NA
15722 338666 NA
15723 339125 NA
15724 339125 NA
15725 339057 NA
15726 341823 NA
15727 340629 NA
15728 340629 NA
15729 340545 NA
15730 343538 NA
15731 343538 NA
15732 343877 NA
15733 343877 NA
15734 343990 NA
15735 347706 NA
15736 348723 NA
15737 347766 NA
15738 347047 NA
15739 347047 NA
15740 346553 NA
15741 346553 NA
15742 343805 NA
15743 342382 NA
15744 342382 NA
15745 340520 NA
15746 340520 NA
15747 340600 NA
15748 340600 NA
15749 340068 NA
15750 342919 NA
15751 342919 NA
15752 341367 NA
15753 341367 NA
15754 340979 NA
15755 341726 NA
15756 339948 NA
15757 339948 NA
15758 336561 NA
15759 336793 NA
15760 338784 NA
15761 336393 NA
15762 336393 NA
15763 337361 NA
15764 339512 NA
15765 339512 NA
15766 336850 NA
15767 336850 NA
15768 334673 NA
15769 334654 NA
15770 333574 NA
15771 333574 NA
15772 330640 NA
15773 330640 NA
15774 328582 NA
15775 327341 NA
15776 326508 NA
15777 325489 NA
15778 324572 NA
15779 324745 NA
15780 324745 NA
15781 322463 NA
15782 320478 NA
15783 317405 NA
15784 316386 NA
15785 316386 NA
15786 314013 NA
15787 313209 NA
15788 311323 NA
15789 312473 NA
15790 312473 NA
15791 310749 NA
15792 310749 NA
15793 308731 NA
15794 307689 NA
15795 305260 NA
15796 305260 NA
15797 304110 NA
15798 304374 NA
15799 304637 NA
15800 304901 NA
15801 305165 NA
15802 305429 NA
15803 305692 NA
15804 305956 NA
15805 308110 NA
15806 308110 NA
15807 308120 NA
15808 308461 NA
15809 309602 NA
15810 309092 NA
15811 309092 NA
15812 310346 NA
15813 310346 NA
15814 309180 NA
15815 308117 NA
15816 308117 NA
15817 308150 NA
15818 308150 NA
15819 308305 NA
15820 308305 NA
15821 309389 NA
15822 312137 NA
15823 313023 NA
15824 313169 NA
15825 313169 NA
15826 311356 NA
15827 311356 NA
15828 313446 NA
15829 313446 NA
15830 318086 NA
15831 318086 NA
15832 320712 NA
15833 320712 NA
15834 321809 NA
15835 321809 NA
15836 322804 NA
15837 323579 NA
15838 323579 NA
15839 324059 NA
15840 324059 NA
15841 326806 NA
15842 326806 NA
15843 329804 NA
15844 332669 NA
15845 332669 NA
15846 337230 NA
15847 337230 NA
15848 341351 NA
15849 344924 NA
15850 344924 NA
15851 348278 NA
15852 348278 NA
15853 351243 NA
15854 351243 NA
15855 354414 NA
15856 354414 NA
15857 355293 NA
15858 356412 NA
15859 356141 NA
15860 356141 NA
15861 357716 NA
15862 357716 NA
15863 355522 NA
15864 354076 NA
15865 354076 NA
15866 351882 NA
15867 353997 NA
15868 351313 NA
15869 351313 NA
15870 348684 NA
15871 349035 NA
15872 349035 NA
15873 350195 NA
15874 350195 NA
15875 350540 NA
15876 350540 NA
15877 351338 NA
15878 355439 NA
15879 355439 NA
15880 354971 NA
15881 358776 NA
15882 358776 NA
15883 360866 NA
15884 360198 NA
15885 360198 NA
15886 359171 NA
15887 355857 NA
15888 355857 NA
15889 355476 NA
15890 355476 NA
15891 356558 NA
15892 356558 NA
15893 357946 NA
15894 357946 NA
15895 358553 NA
15896 358553 NA
15897 361183 NA
15898 361183 NA
15899 363105 NA
15900 363105 NA
15901 365416 NA
15902 365416 NA
15903 370993 NA
15904 376570 NA
15905 382147 NA
15906 387723 NA
15907 393300 NA
15908 398877 NA
15909 398877 NA
15910 407724 NA
15911 413406 NA
15912 422395 NA
15913 431550 NA
15914 431550 NA
15915 442267 NA
15916 452578 NA
15917 452578 NA
15918 464063 NA
15919 476309 NA
15920 476309 NA
15921 490766 NA
15922 505454 NA
15923 505454 NA
15924 518782 NA
15925 518782 NA
15926 533742 NA
15927 533742 NA
15928 549388 NA
15929 549388 NA
15930 565033 NA
15931 565033 NA
15932 578346 NA
15933 578346 NA
15934 587349 NA
15935 587349 NA
15936 592497 NA
15937 592497 NA
15938 593242 NA
15939 593242 NA
15940 602408 NA
15941 602408 NA
15942 602991 NA
15943 602991 NA
15944 602991 NA
15945 596628 NA
15946 596628 NA
15947 580381 NA
15948 580381 NA
15949 563844 NA
15950 563844 NA
15951 545022 NA
15952 545022 NA
15953 545022 NA
15954 525875 NA
15955 525875 NA
15956 506400 NA
15957 506400 NA
15958 506400 NA
15959 491037 NA
15960 491037 NA
15961 491037 NA
15962 478218 NA
15963 478218 NA
15964 467353 NA
15965 467353 NA
15966 467353 NA
15967 458030 NA
15968 458030 NA
15969 451150 NA
15970 451150 NA
15971 451150 NA
15972 443205 NA
15973 443205 NA
15974 443205 NA
15975 435293 NA
15976 435293 NA
15977 435293 NA
15978 418877 NA
15979 418877 NA
15980 418877 NA
15981 409082 NA
15982 409082 NA
15983 402167 NA
15984 402167 NA
15985 402167 NA
15986 400876 NA
15987 399585 NA
15988 398293 NA
15989 397002 NA
15990 395711 NA
15991 394420 NA
15992 393128 NA
15993 391837 NA
15994 398751 NA
15995 398751 NA
15996 398751 NA
15997 408422 NA
15998 408422 NA
15999 410947 NA
16000 410947 NA
16001 410947 NA
16002 410925 NA
16003 410925 NA
16004 410925 NA
16005 402032 NA
16006 402032 NA
16007 387168 NA
16008 387168 NA
16009 387168 NA
16010 375770 NA
16011 375770 NA
16012 365382 NA
16013 365382 NA
16014 351964 NA
16015 351964 NA
16016 351964 NA
16017 337369 NA
16018 337369 NA
16019 331740 NA
16020 331740 NA
16021 324571 NA
16022 324571 NA
16023 324571 NA
16024 312223 NA
16025 312223 NA
16026 304414 NA
16027 304414 NA
16028 298697 NA
16029 298697 NA
16030 298697 NA
16031 292804 NA
16032 292804 NA
16033 289153 NA
16034 289153 NA
16035 284961 NA
16036 280770 NA
16037 276578 NA
16038 272386 NA
16039 268194 NA
16040 264003 NA
16041 259811 NA
16042 259811 NA
16043 259811 NA
16044 255736 NA
16045 255736 NA
16046 255736 NA
16047 253440 NA
16048 253440 NA
16049 250209 NA
16050 250209 NA
16051 252492 NA
16052 252492 NA
16053 258462 NA
16054 258462 NA
16055 262038 NA
16056 262038 NA
16057 270469 NA
16058 270469 NA
16059 272861 NA
16060 272861 NA
16061 276006 NA
16062 276006 NA
16063 276047 NA
16064 276047 NA
16065 280932 NA
16066 280932 NA
16067 283969 NA
16068 283969 NA
16069 283828 NA
16070 283828 NA
16071 287111 NA
16072 287111 NA
16073 289124 NA
16074 289124 NA
16075 293901 NA
16076 293901 NA
16077 296284 NA
16078 296284 NA
16079 296284 NA
16080 298377 NA
16081 298377 NA
16082 298350 NA
16083 298350 NA
16084 295703 NA
16085 295703 NA
16086 295703 NA
16087 297282 NA
16088 297282 NA
16089 295750 NA
16090 295750 NA
16091 295750 NA
16092 292984 NA
16093 292984 NA
16094 292984 NA
16095 291095 NA
16096 291095 NA
16097 283515 NA
16098 283515 NA
16099 279724 NA
16100 279724 NA
16101 279724 NA
16102 273373 NA
16103 271995 NA
16104 271995 NA
16105 268127 NA
16106 268127 NA
16107 265844 NA
16108 265844 NA
16109 262384 NA
16110 262384 NA
16111 261478 NA
16112 261478 NA
16113 258781 NA
16114 258781 NA
16115 257410 NA
16116 257410 NA
16117 258027 NA
16118 257404 NA
16119 257404 NA
16120 254543 NA
16121 254543 NA
16122 250870 NA
16123 250870 NA
16124 246009 NA
16125 246009 NA
16126 244439 NA
16127 244439 NA
16128 242148 NA
16129 242148 NA
16130 237790 NA
16131 237790 NA
16132 236050 NA
16133 236050 NA
16134 236060 NA
16135 236060 NA
16136 235515 NA
16137 235515 NA
16138 240935 NA
16139 240935 NA
16140 246343 NA
16141 246343 NA
16142 253938 NA
16143 253938 NA
16144 260865 NA
16145 260865 NA
16146 267704 NA
16147 267704 NA
16148 273988 NA
16149 273988 NA
16150 273988 NA
16151 281480 NA
16152 281480 NA
16153 290373 NA
16154 290373 NA
16155 290373 NA
16156 299491 NA
16157 299491 NA
16158 308320 NA
16159 308320 NA
16160 316989 NA
16161 316989 NA
16162 316989 NA
16163 324154 NA
16164 324154 NA
16165 327636 NA
16166 327636 NA
16167 331031 NA
16168 331031 NA
16169 331031 NA
16170 334049 NA
16171 334049 NA
16172 334049 NA
16173 336130 NA
16174 336130 NA
16175 338332 NA
16176 338332 NA
16177 342336 NA
16178 342336 NA
16179 348056 NA
16180 348056 NA
16181 353048 NA
16182 353048 NA
16183 360529 NA
16184 360529 NA
16185 360529 NA
16186 363619 NA
16187 363619 NA
16188 363619 NA
16189 365627 NA
16190 365627 NA
16191 365627 NA
16192 370487 NA
16193 370487 NA
16194 372497 NA
16195 372497 NA
16196 372497 NA
16197 375025 NA
16198 375025 NA
16199 375025 NA
16200 376330 NA
16201 376330 NA
16202 373489 NA
16203 370648 NA
16204 360332 NA
16205 360332 NA
16206 360332 NA
16207 346369 NA
16208 346369 NA
16209 334574 NA
16210 334574 NA
16211 323370 NA
16212 323370 NA
16213 323370 NA
16214 313737 NA
16215 313737 NA
16216 303776 NA
16217 303776 NA
16218 303776 NA
16219 291613 NA
16220 291613 NA
16221 287359 NA
16222 287359 NA
16223 279516 NA
16224 279516 NA
16225 275626 NA
16226 275626 NA
16227 274267 NA
16228 274267 NA
16229 272247 NA
16230 272247 NA
16231 272247 NA
16232 269389 NA
16233 269389 NA
16234 269389 NA
16235 267295 NA
16236 267295 NA
16237 267920 NA
16238 267920 NA
16239 265935 NA
16240 265935 NA
16241 265935 NA
16242 265250 NA
16243 265250 NA
16244 262741 NA
16245 262741 NA
16246 263181 NA
16247 263181 NA
16248 262909 NA
16249 262909 NA
16250 261666 NA
16251 261666 NA
16252 260678 NA
16253 260678 NA
16254 257933 NA
16255 257933 NA
16256 250774 NA
16257 250774 NA
16258 250774 NA
16259 244272 NA
16260 244272 NA
16261 240457 NA
16262 240457 NA
16263 235278 NA
16264 235278 NA
16265 232229 NA
16266 232229 NA
16267 229119 NA
16268 229119 NA
16269 228383 NA
16270 229017 NA
16271 229017 NA
16272 227597 NA
16273 227597 NA
16274 226182 NA
16275 226133 NA
16276 226133 NA
16277 226385 NA
16278 226385 NA
16279 226091 NA
16280 226091 NA
16281 225719 NA
16282 225719 NA
16283 219846 NA
16284 219846 NA
16285 211504 NA
16286 211504 NA
16287 207906 NA
16288 207906 NA
16289 200705 NA
16290 200705 NA
16291 195078 NA
16292 195078 NA
16293 192468 NA
16294 192468 NA
16295 191727 NA
16296 191727 NA
16297 193723 NA
16298 193723 NA
16299 193504 NA
16300 193504 NA
16301 191816 NA
16302 191816 NA
16303 186672 NA
16304 186672 NA
16305 186469 NA
16306 186469 NA
16307 184411 NA
16308 184411 NA
16309 183303 NA
16310 185639 NA
16311 185639 NA
16312 185709 NA
16313 185709 NA
16314 185300 NA
16315 185300 NA
16316 185267 NA
16317 185267 NA
16318 184961 NA
16319 184961 NA
16320 187234 NA
16321 187234 NA
16322 187704 NA
16323 187704 NA
16324 187704 NA
16325 186981 NA
16326 186981 NA
16327 189790 NA
16328 189790 NA
16329 190769 NA
16330 190769 NA
16331 190769 NA
16332 193972 NA
16333 193972 NA
16334 194129 NA
16335 194129 NA
16336 194129 NA
16337 194942 NA
16338 194942 NA
16339 196001 NA
16340 196001 NA
16341 196001 NA
16342 195760 NA
16343 195760 NA
16344 195760 NA
16345 197252 NA
16346 197252 NA
16347 199894 NA
16348 199894 NA
16349 200015 NA
16350 200015 NA
16351 200015 NA
16352 196604 NA
16353 196604 NA
16354 196604 NA
16355 192032 NA
16356 192032 NA
16357 188290 NA
16358 188290 NA
16359 187420 NA
16360 187420 NA
16361 187420 NA
16362 185160 NA
16363 185160 NA
16364 181932 NA
16365 181932 NA
16366 181932 NA
16367 179016 NA
16368 179016 NA
16369 178572 NA
16370 178572 NA
16371 173716 NA
16372 173716 NA
16373 169287 NA
16374 169287 NA
16375 169287 NA
16376 165808 NA
16377 165808 NA
16378 163776 NA
16379 163776 NA
16380 163776 NA
16381 161072 NA
16382 161072 NA
16383 159391 NA
16384 159391 NA
16385 159391 NA
16386 158157 NA
16387 158157 NA
16388 158157 NA
16389 157641 NA
16390 157641 NA
16391 157641 NA
16392 155481 NA
16393 155481 NA
16394 153025 NA
16395 153025 NA
16396 149309 NA
16397 149309 NA
16398 145823 NA
16399 145823 NA
16400 144104 NA
16401 144104 NA
16402 143470 NA
16403 143470 NA
16404 141313 NA
16405 141313 NA
16406 140234 NA
16407 140234 NA
16408 140724 NA
16409 140724 NA
16410 140218 NA
16411 138218 NA
16412 138218 NA
16413 137163 NA
16414 137163 NA
16415 137163 NA
16416 134855 NA
16417 134855 NA
16418 131308 NA
16419 131308 NA
16420 131308 NA
16421 129336 NA
16422 129336 NA
16423 127172 NA
16424 127172 NA
16425 127569 NA
16426 127569 NA
16427 127678 NA
16428 127678 NA
16429 126603 NA
16430 126603 NA
16431 124985 NA
16432 124985 NA
16433 124985 NA
16434 123929 NA
16435 123929 NA
16436 123417 NA
16437 123417 NA
16438 122776 NA
16439 122776 NA
16440 123006 NA
16441 123006 NA
16442 123006 NA
16443 121906 NA
16444 121906 NA
16445 120045 NA
16446 120045 NA
16447 120873 NA
16448 120873 NA
16449 120873 NA
16450 119860 NA
16451 119860 NA
16452 119466 NA
16453 119466 NA
16454 119127 NA
16455 119127 NA
16456 120381 NA
16457 120381 NA
16458 122613 NA
16459 122613 NA
16460 123650 NA
16461 123650 NA
16462 123522 NA
16463 123522 NA
16464 124990 NA
16465 124990 NA
16466 124770 NA
16467 124770 NA
16468 125368 NA
16469 125368 NA
16470 125368 NA
16471 124721 NA
16472 124721 NA
16473 123748 NA
16474 123748 NA
16475 122816 NA
16476 122816 NA
16477 123509 NA
16478 123509 NA
16479 123509 NA
16480 122939 NA
16481 122939 NA
16482 121346 NA
16483 121346 NA
16484 121238 NA
16485 121238 NA
16486 120631 NA
16487 120631 NA
16488 120006 NA
16489 120006 NA
16490 119396 NA
16491 119396 NA
16492 121000 NA
16493 121000 NA
16494 123270 NA
16495 123270 NA
16496 125951 NA
16497 125951 NA
16498 126859 NA
16499 126859 NA
16500 128023 NA
16501 128023 NA
16502 128305 NA
16503 128305 NA
16504 128305 NA
16505 127694 NA
16506 127694 NA
16507 127694 NA
16508 126759 NA
16509 126759 NA
16510 124815 NA
16511 124815 NA
16512 124948 NA
16513 124948 NA
16514 124948 NA
16515 125278 NA
16516 125278 NA
16517 125666 NA
16518 125666 NA
16519 125666 NA
16520 125999 NA
16521 125999 NA
16522 125999 NA
16523 126370 NA
16524 126370 NA
16525 127171 NA
16526 127171 NA
16527 127171 NA
16528 127915 NA
16529 127915 NA
16530 129946 NA
16531 129946 NA
16532 131163 NA
16533 131163 NA
16534 131163 NA
16535 130897 NA
16536 130897 NA
16537 129150 NA
16538 129150 NA
16539 129150 NA
16540 127971 NA
16541 127971 NA
16542 127971 NA
16543 128288 NA
16544 128288 NA
16545 128288 NA
16546 129353 NA
16547 129353 NA
16548 129353 NA
16549 129899 NA
16550 129899 NA
16551 130498 NA
16552 130498 NA
16553 130498 NA
16554 130424 NA
16555 130424 NA
16556 130424 NA
16557 130951 NA
16558 130951 NA
16559 130951 NA
16560 130177 NA
16561 130177 NA
16562 130177 NA
16563 131887 NA
16564 131887 NA
16565 131887 NA
16566 133112 NA
16567 133112 NA
16568 133112 NA
16569 134488 NA
16570 134488 NA
16571 134488 NA
16572 133737 NA
16573 133737 NA
16574 135256 NA
16575 135256 NA
16576 135256 NA
16577 134908 NA
16578 134908 NA
16579 134944 NA
16580 134944 NA
16581 136539 NA
16582 136539 NA
16583 137355 NA
16584 137355 NA
16585 137355 NA
16586 139260 NA
16587 139260 NA
16588 140192 NA
16589 140192 NA
16590 140192 NA
16591 141585 NA
16592 141585 NA
16593 141585 NA
16594 144070 NA
16595 144070 NA
16596 144070 NA
16597 144813 NA
16598 144813 NA
16599 144813 NA
16600 140993 NA
16601 140993 NA
16602 140993 NA
16603 139153 NA
16604 139153 NA
16605 139153 NA
16606 136975 NA
16607 136975 NA
16608 136975 NA
16609 133311 NA
16610 133311 NA
16611 133311 NA
16612 131769 NA
16613 131769 NA
16614 131769 NA
16615 131551 NA
16616 131551 NA
16617 131551 NA
16618 130850 NA
16619 130850 NA
16620 130850 NA
16621 130392 NA
16622 130392 NA
16623 130392 NA
16624 130335 NA
16625 130335 NA
16626 129272 NA
16627 129272 NA
16628 129272 NA
16629 127605 NA
16630 127605 NA
16631 127605 NA
16632 127548 NA
16633 127548 NA
16634 127548 NA
16635 126833 NA
16636 126833 NA
16637 126833 NA
16638 123933 NA
16639 123933 NA
16640 123933 NA
16641 122187 NA
16642 122187 NA
16643 121633 NA
16644 121633 NA
16645 121633 NA
16646 119591 NA
16647 119591 NA
16648 119591 NA
16649 118238 NA
16650 118238 NA
16651 118238 NA
16652 117063 NA
16653 117063 NA
16654 117063 NA
16655 116810 NA
16656 116810 NA
16657 116810 NA
16658 114701 NA
16659 114701 NA
16660 114701 NA
16661 114966 NA
16662 114966 NA
16663 114966 NA
16665 113543 NA
16666 112499 NA
16668 112499 NA
16669 112499 NA
16670 112549 NA
16671 112549 NA
16672 112549 NA
16673 113039 NA
16674 113039 NA
16675 113039 NA
16676 113068 NA
16677 113068 NA
16678 116400 NA
16679 116400 NA
16680 116400 NA
16681 117416 NA
16682 117416 NA
16683 117416 NA
16684 119186 NA
16686 119186 NA
16687 121697 NA
16688 121697 NA
16689 121697 NA
16690 121697 NA
16691 123729 NA
16692 123729 NA
16693 123729 NA
16694 126511 NA
16695 126511 NA
16696 126511 NA
16697 129031 NA
16698 129031 NA
16699 129031 NA
16700 130639 NA
16701 130639 NA
16702 130639 NA
16703 131140 NA
16704 131140 NA
16705 131140 NA
16706 131228 NA
16707 131228 NA
16708 131228 NA
16709 132824 NA
16710 132824 NA
16711 132824 NA
16712 132824 NA
16715 134571 NA
16717 137583 NA
16720 139451 NA
16721 139451 NA
16722 139451 NA
16723 141360 NA
16724 141360 NA
16725 141360 NA
16726 142474 NA
16728 142474 NA
16731 141629 NA
16732 143697 NA
16733 143697 NA
16734 143697 NA
16735 143622 NA
16736 143622 NA
16737 143622 NA
16738 143911 NA
16739 143911 NA
16740 143911 NA
16741 142091 NA
16742 142091 NA
16743 142091 NA
16744 141781 NA
16745 141781 NA
16746 141781 NA
16747 140223 NA
16748 140223 NA
16749 140223 NA
16750 139287 NA
16751 139287 NA
16752 139287 NA
16753 139287 NA
16754 140869 NA
16755 140869 NA
16756 140869 NA
16757 144516 NA
16759 144516 NA
16760 149262 NA
16761 149262 NA
16762 149262 NA
16763 154299 NA
16764 154299 NA
16765 154299 NA
16766 160052 NA
16767 160052 NA
16768 160052 NA
16769 165171 NA
16770 165171 NA
16771 165171 NA
16772 165171 NA
16773 168820 NA
16774 168820 NA
16775 168820 NA
16777 174035 NA
16778 174035 NA
16779 179086 NA
16780 179086 NA
16781 179086 NA
16782 181362 NA
16783 181362 NA
16784 181362 NA
16785 184656 NA
16786 184656 NA
16787 184656 NA
16788 189480 NA
16789 189480 NA
16790 189480 NA
16791 192342 NA
16792 192342 NA
16793 192342 NA
16794 193239 NA
16795 193239 NA
16796 193239 NA
16797 195092 NA
16798 195092 NA
16799 195092 NA
16800 193643 NA
16801 193643 NA
16802 193643 NA
16803 192071 NA
16804 192071 NA
16807 188448 NA
16808 185162 NA
16809 185162 NA
16810 185162 NA
16811 183378 NA
16812 183378 NA
16813 183378 NA
16814 184849 NA
16815 184849 NA
16816 184849 NA
16817 184515 NA
16818 184515 NA
16820 185157 NA
16821 185157 NA
16823 184803 NA
16824 184803 NA
16825 184803 NA
16826 185201 NA
16827 185201 NA
16828 185201 NA
16829 185264 NA
16830 185264 NA
16831 185264 NA
16832 184916 NA
16833 184916 NA
16834 185005 NA
16835 185005 NA
16836 185005 NA
16837 183111 NA
16838 183111 NA
16839 183111 NA
16840 182172 NA
16841 182172 NA
16842 182172 NA
16843 186084 NA
16844 186084 NA
16845 186624 NA
16847 186624 NA
16849 188115 NA
16850 188115 NA
16851 193428 NA
16852 193428 NA
16853 201266 NA
16854 201266 NA
16855 201266 NA
16856 209024 NA
16857 209024 NA
16858 209024 NA
16859 214763 NA
16860 214763 NA
16861 214763 NA
16862 221862 NA
16863 221862 NA
16864 221862 NA
16865 227680 NA
16866 227680 NA
16867 227680 NA
16869 236040 NA
16870 236040 NA
16871 246870 NA
16872 246870 NA
16873 257893 NA
16874 257893 NA
16875 257893 NA
16876 269194 NA
16878 403364 NA
16879 403364 NA
16880 403364 NA
16881 420856 NA
16884 420856 NA
16885 439777 NA
16886 439777 NA
16887 439777 NA
16888 454189 NA
16889 454189 NA
16890 454189 NA
16892 471153 NA
16893 471153 NA
16894 487083 NA
16895 487083 NA
16896 487083 NA
16897 507098 NA
16898 507098 NA
16899 507098 NA
16900 528420 NA
16901 528420 NA
16902 528420 NA
16903 547605 NA
16904 547605 NA
16905 547605 NA
16906 547605 NA
16907 566493 NA
16908 566493 NA
16909 566493 NA
16910 566493 NA
16911 588118 NA
16912 588118 NA
16913 588118 NA
16914 588118 NA
16915 610355 NA
16916 610355 NA
16917 610355 NA
16918 635806 NA
16919 635806 NA
16920 635806 NA
16921 635806 NA
16922 660401 NA
16923 660401 NA
16924 660401 NA
16925 660401 NA
16926 687605 NA
16927 687605 NA
16928 687605 NA
16929 687605 NA
16930 717335 NA
16931 717335 NA
16932 717335 NA
16933 717335 NA
16934 747076 NA
16935 747076 NA
16937 747076 NA
16938 778228 NA
16939 778228 NA
16940 778228 NA
16941 778228 NA
16942 808697 NA
16943 808697 NA
16944 808697 NA
16945 808697 NA
16946 837609 NA
16949 837609 NA
16950 859836 NA
16951 859836 NA
16952 859836 NA
16953 859836 NA
16954 876493 NA
16955 876493 NA
16956 876493 NA
16957 876493 NA
16958 886605 NA
16959 886605 NA
16960 886605 NA
16967 905267 NA
16968 945073 NA
16969 945073 NA
16970 945073 NA
16971 987261 NA
16972 987261 NA
16974 1027616 NA
16975 1027616 NA
16976 1027616 NA
16977 1027616 NA
16978 1070231 NA
16979 1070231 NA
16980 1070231 NA
16981 1111352 NA
16982 1111352 NA
16984 1111352 NA
16985 1141663 NA
16986 1141663 NA
16987 1141663 NA
16988 1141663 NA
16989 1162428 NA
16990 1162428 NA
16991 1162428 NA
16992 1162428 NA
16993 1191251 NA
16994 1191251 NA
16999 1176796 NA
17001 1138061 NA
17006 1107492 NA
17007 1107492 NA
17014 1039101 NA
17015 1004630 NA
17016 1004630 NA
17017 1004630 NA
17018 976266 NA
17019 976266 NA
17020 976266 NA
17021 976266 NA
17022 953928 NA
17023 953928 NA
17024 953928 NA
17025 953928 NA
17026 924992 NA
17027 924992 NA
17028 924992 NA
17029 924992 NA
17031 896562 NA
17032 896562 NA
17033 896562 NA
17034 873230 NA
17035 873230 NA
17036 873230 NA
17037 843261 NA
17038 843261 NA
17039 843261 NA
17040 843261 NA
17042 815540 NA
17044 815540 NA
17045 789787 NA
17046 789787 NA
17047 789787 NA
17048 789787 NA
17049 772918 NA
17050 772918 NA
17051 772918 NA
17052 772918 NA
17053 765735 NA
17054 765735 NA
17055 765735 NA
17056 765735 NA
17057 761048 NA
17058 761048 NA
17059 761048 NA
17060 761048 NA
17061 745749 NA
17062 745749 NA
17063 745749 NA
17064 745749 NA
17069 738136 NA
17070 719333 NA
17071 719333 NA
17072 719333 NA
17073 719333 NA
17075 711943 NA
17076 711943 NA
17077 711943 NA
17078 699113 NA
17079 699113 NA
17080 678600 NA
17081 678600 NA
17083 635121 NA
17084 635121 NA
17085 635121 NA
17086 613797 NA
17087 613797 NA
17088 613797 NA
17089 593936 NA
17091 593936 NA
17092 593936 NA
17093 573449 NA
17094 573449 NA
17095 573449 NA
17096 557676 NA
17097 557676 NA
17098 557676 NA
17099 557676 NA
17100 548916 NA
17101 548916 NA
17102 548916 NA
17103 548916 NA
17104 556299 NA
17105 556299 NA
17106 556299 NA
17107 556299 NA
17108 561566 NA
17109 561566 NA
17110 561566 NA
17111 561566 NA
17112 571253 NA
17113 571253 NA
17114 571253 NA
17115 571253 NA
17117 587735 NA
17118 587735 NA
17123 604023 NA
17124 604023 NA
17125 618366 NA
17126 618366 NA
17127 618366 NA
17129 618366 NA
17130 629837 NA
17131 629837 NA
17132 629837 NA
17133 629837 NA
17134 629837 NA
17135 641096 NA
17136 641096 NA
17138 641096 NA
17139 641096 NA
17140 628689 NA
17141 628689 NA
17142 628689 NA
17143 628689 NA
17144 628689 NA
17145 623343 NA
17146 623343 NA
17147 623343 NA
17148 623343 NA
17149 637373 NA
