"Index" "Price" "Volume"
16384 3000 NA
16385 3000 NA
16386 3000 NA
16387 3000 NA
16388 3000 NA
16389 3000 NA
16390 3000 NA
16391 3000 NA
16392 3000 NA
16393 3000 NA
16394 3000 NA
16395 3000 NA
16396 3030 NA
16397 3030 NA
16398 3030 NA
16399 3030 NA
16400 3030 NA
16401 3030 NA
16402 3030 NA
16403 3030 NA
16404 3030 NA
16405 3030 NA
16406 3030 NA
16407 3030 NA
16408 3030 NA
16409 3030 NA
16410 3030 NA
16411 3084 NA
16412 3084 NA
16413 3084 NA
16414 3084 NA
16415 3084 NA
16416 3084 NA
16417 3084 NA
16418 3084 NA
16419 3084 NA
16420 3084 NA
16421 3084 NA
16422 3084 NA
16423 3084 NA
16424 3084 NA
16425 3084 NA
16426 3084 NA
16427 2970 NA
16428 2970 NA
16429 2970 NA
16430 2970 NA
16431 2970 NA
16432 2970 NA
16433 2970 NA
16434 2970 NA
16435 2970 NA
16436 2970 NA
16437 2970 NA
16438 2970 NA
16439 2970 NA
16440 2970 NA
16441 2970 NA
16442 2970 NA
16443 2970 NA
16444 2970 NA
16445 2970 NA
16446 2848 NA
16447 2848 NA
16448 2848 NA
16449 2848 NA
16450 2848 NA
16451 2848 NA
16452 2848 NA
16453 2848 NA
16454 2848 NA
16455 2848 NA
16456 2848 NA
16457 2848 NA
16458 2848 NA
16459 2848 NA
16460 2848 NA
16461 2848 NA
16462 2848 NA
16463 2848 NA
16464 2813 NA
16465 2813 NA
16466 2813 NA
16467 2813 NA
16468 2813 NA
16469 2813 NA
16470 2813 NA
16471 2813 NA
16472 2813 NA
16473 2813 NA
16474 2813 NA
16475 2813 NA
16476 2813 NA
16477 2813 NA
16478 2813 NA
16479 2813 NA
16480 2813 NA
16481 2813 NA
16482 1813 NA
16483 1813 NA
16484 1813 NA
16485 1813 NA
16486 1813 NA
16487 1813 NA
16488 1813 NA
16489 1813 NA
16490 1813 NA
16491 1813 NA
16492 1813 NA
16493 1813 NA
16494 1813 NA
16495 1813 NA
16496 1731 NA
16497 1731 NA
16498 1731 NA
16499 1731 NA
16500 1731 NA
16501 1731 NA
16502 1731 NA
16503 1731 NA
16504 1731 NA
16505 1731 NA
16506 1731 NA
16507 1731 NA
16508 1731 NA
16509 1731 NA
16510 1731 NA
16511 1731 NA
16512 1731 NA
16513 1661 NA
16514 1661 NA
16515 1661 NA
16516 1661 NA
16517 1661 NA
16518 1661 NA
16519 1661 NA
16520 1661 NA
16521 1661 NA
16522 1661 NA
16523 1661 NA
16524 1661 NA
16525 1661 NA
16526 1661 NA
16527 1661 NA
16528 1661 NA
16529 1661 NA
16530 1661 NA
16531 1661 NA
16532 1661 NA
16533 1661 NA
16534 1604 NA
16535 1604 NA
16536 1604 NA
16537 1604 NA
16538 1604 NA
16539 1604 NA
16540 1604 NA
16541 1604 NA
16542 1604 NA
16543 1604 NA
16544 1604 NA
16545 1604 NA
16546 1604 NA
16547 1604 NA
16548 1604 NA
16549 1604 NA
16550 1604 NA
16551 1604 NA
16552 1604 NA
16553 1604 NA
16554 1604 NA
16555 1604 NA
16556 1604 NA
16557 1604 NA
16558 1531 NA
16559 1531 NA
16560 1531 NA
16561 1531 NA
16562 1531 NA
16563 1531 NA
16564 1531 NA
16565 1531 NA
16566 1531 NA
16567 1531 NA
16568 1531 NA
16569 1531 NA
16570 1531 NA
16571 1531 NA
16572 1531 NA
16573 1531 NA
16574 1531 NA
16575 1531 NA
16576 1531 NA
16577 1531 NA
16578 1531 NA
16579 1531 NA
16580 1531 NA
16581 1531 NA
16582 1531 NA
16583 1531 NA
16584 1531 NA
16585 1470 NA
16586 1470 NA
16587 1470 NA
16588 1470 NA
16589 1470 NA
16590 1470 NA
16591 1470 NA
16592 1470 NA
16593 1470 NA
16594 1470 NA
16595 1470 NA
16596 1470 NA
16597 1470 NA
16598 1470 NA
16599 1470 NA
16600 1470 NA
16601 1470 NA
16602 1470 NA
16603 1470 NA
16604 1470 NA
16605 1470 NA
16606 1470 NA
16607 1470 NA
16608 1470 NA
16609 1470 NA
16610 1470 NA
16611 1470 NA
16612 1470 NA
16613 1470 NA
16614 1470 NA
16615 1470 NA
16616 1410 NA
16617 1410 NA
16618 1410 NA
16619 1410 NA
16620 1410 NA
16621 1410 NA
16622 1410 NA
16623 1410 NA
16624 1410 NA
16625 1410 NA
16626 1410 NA
16627 1410 NA
16628 1410 NA
16629 1410 NA
16630 1410 NA
16631 1410 NA
16632 1410 NA
16633 1410 NA
16634 1410 NA
16635 1410 NA
16636 1410 NA
16637 1410 NA
16638 1410 NA
16639 1410 NA
16640 1410 NA
16641 1410 NA
16642 1410 NA
16643 1410 NA
16644 1410 NA
16645 1410 NA
16646 1410 NA
16647 1410 NA
16648 1410 NA
16649 1410 NA
16650 1410 NA
16651 1410 NA
16652 1410 NA
16653 1410 NA
16654 1357 NA
16655 1357 NA
16656 1357 NA
16657 1357 NA
16658 1357 NA
16659 1357 NA
16660 1357 NA
16661 1357 NA
16662 1357 NA
16663 1357 NA
16665 1357 NA
16666 1357 NA
16668 1357 NA
16669 1357 NA
16670 1357 NA
16671 1357 NA
16672 1357 NA
16673 1357 NA
16674 1357 NA
16675 1357 NA
16676 1357 NA
16677 1357 NA
16678 1357 NA
16679 1357 NA
16680 1357 NA
16681 1357 NA
16682 1357 NA
16683 1357 NA
16684 1342 NA
16686 1342 NA
16687 1342 NA
16688 1342 NA
16689 1342 NA
16690 1342 NA
16691 1342 NA
16692 1342 NA
16693 1342 NA
16694 1342 NA
16695 1342 NA
16696 1342 NA
16697 1342 NA
16698 1342 NA
16699 1342 NA
16700 1342 NA
16701 1342 NA
16702 1342 NA
16703 1342 NA
16704 1342 NA
16705 1342 NA
16706 1342 NA
16707 1342 NA
16708 1342 NA
16709 1342 NA
16710 1342 NA
16711 1342 NA
16712 1342 NA
16715 1298 NA
16717 1298 NA
16720 1298 NA
16721 1298 NA
16722 1298 NA
16723 1298 NA
16724 1298 NA
16725 1298 NA
16726 1298 NA
16728 1298 NA
16731 1298 NA
16732 1298 NA
16733 1298 NA
16734 1298 NA
16735 1298 NA
16736 1298 NA
16737 1298 NA
16738 1298 NA
16739 1298 NA
16740 1298 NA
16741 1298 NA
16742 1298 NA
16743 1243 NA
16744 1243 NA
16745 1243 NA
16746 1243 NA
16747 1243 NA
16748 1243 NA
16749 1243 NA
16750 1243 NA
16751 1243 NA
16752 1243 NA
16753 1243 NA
16754 1243 NA
16755 1243 NA
16756 1243 NA
16757 1243 NA
16759 1243 NA
16760 1243 NA
16761 1243 NA
16762 1243 NA
16763 1243 NA
16764 1243 NA
16765 1243 NA
16766 1243 NA
16767 1243 NA
16768 1243 NA
16769 1243 NA
16770 1243 NA
16771 1243 NA
16772 1243 NA
16773 1243 NA
16774 1243 NA
16775 1243 NA
16777 1205 NA
16778 1205 NA
16779 1205 NA
16780 1205 NA
16781 1205 NA
16782 1205 NA
16783 1205 NA
16784 1205 NA
16785 1205 NA
16786 1205 NA
16787 1205 NA
16788 1205 NA
16789 1205 NA
16790 1205 NA
16791 1205 NA
16792 1205 NA
16793 1205 NA
16794 1205 NA
16795 1205 NA
16796 1205 NA
16797 1205 NA
16798 1205 NA
16799 1205 NA
16800 1205 NA
16801 1205 NA
16802 1205 NA
16803 1205 NA
16804 1205 NA
16807 1151 NA
16808 1151 NA
16809 1151 NA
16810 1151 NA
16811 1151 NA
16812 1151 NA
16813 1151 NA
16814 1151 NA
16815 1151 NA
16816 1151 NA
16817 1151 NA
16818 1151 NA
16820 1151 NA
16821 1151 NA
16823 1151 NA
16824 1151 NA
16825 1151 NA
16826 1151 NA
16827 1151 NA
16828 1151 NA
16829 1102 NA
16830 1102 NA
16831 1102 NA
16832 1102 NA
16833 1102 NA
16834 1102 NA
16835 1102 NA
16836 1102 NA
16837 1102 NA
16838 1102 NA
16839 1102 NA
16840 1102 NA
16841 1102 NA
16842 1102 NA
16843 1102 NA
16844 1102 NA
16845 1102 NA
16847 1102 NA
16849 1102 NA
16850 1102 NA
16851 1102 NA
16852 1102 NA
16853 1102 NA
16854 1102 NA
16855 1102 NA
16856 1049 NA
16857 1049 NA
16858 1049 NA
16859 1049 NA
16860 1049 NA
16861 1049 NA
16862 1049 NA
16863 1049 NA
16864 1049 NA
16865 1049 NA
16866 1049 NA
16867 1049 NA
16869 1049 NA
16870 1049 NA
16871 1049 NA
16872 1049 NA
16873 1049 NA
16874 1049 NA
16875 1049 NA
16876 1049 NA
16878 1049 NA
16879 1049 NA
16880 1049 NA
16881 1049 NA
16884 1003 NA
16885 1003 NA
16886 1003 NA
16887 1003 NA
16888 1003 NA
16889 1003 NA
16890 1003 NA
16892 1003 NA
16893 1003 NA
16894 1003 NA
16895 1003 NA
16896 1003 NA
16897 1003 NA
16898 1003 NA
16899 1003 NA
16900 1003 NA
16901 1003 NA
16902 1003 NA
16903 1003 NA
16904 1003 NA
16905 1003 NA
16906 1003 NA
16907 1003 NA
16908 1003 NA
16909 1003 NA
16910 1003 NA
16911 1003 NA
16912 1003 NA
16913 1003 NA
16914 1003 NA
16915 1003 NA
16916 1003 NA
16917 1003 NA
16918 1003 NA
16919 953 NA
16920 953 NA
16921 953 NA
16922 953 NA
16923 953 NA
16924 953 NA
16925 953 NA
16926 953 NA
16927 953 NA
16928 953 NA
16929 953 NA
16930 953 NA
16931 953 NA
16932 953 NA
16933 953 NA
16934 953 NA
16935 953 NA
16937 953 NA
16938 953 NA
16939 953 NA
16940 953 NA
16941 953 NA
16942 953 NA
16943 953 NA
16944 953 NA
16945 953 NA
16946 953 NA
16949 953 NA
16950 953 NA
16951 953 NA
16952 953 NA
16953 953 NA
16954 985 NA
16955 985 NA
16956 985 NA
16957 985 NA
16958 985 NA
16959 985 NA
16960 985 NA
16967 985 NA
16968 985 NA
16969 985 NA
16970 985 NA
16971 985 NA
16972 985 NA
16974 985 NA
16975 985 NA
16976 985 NA
16977 985 NA
16978 985 NA
16979 985 NA
16980 985 NA
16981 985 NA
16982 985 NA
16984 985 NA
16985 985 NA
16986 985 NA
16987 985 NA
16988 985 NA
16989 985 NA
16990 985 NA
16991 985 NA
16992 985 NA
16993 985 NA
16994 985 NA
16999 1018 NA
17001 1018 NA
17006 1018 NA
17007 1018 NA
17014 1018 NA
17015 1018 NA
17016 1018 NA
17017 1018 NA
17018 1018 NA
17019 1018 NA
17020 1018 NA
17021 1018 NA
17022 1018 NA
17023 1018 NA
17024 1018 NA
17025 1018 NA
17026 1018 NA
17027 1018 NA
17028 1018 NA
17029 1018 NA
17031 1018 NA
17032 1018 NA
17033 1018 NA
17034 1018 NA
17035 1018 NA
17036 1018 NA
17037 1018 NA
17038 1018 NA
17039 1018 NA
17040 1012 NA
17042 1012 NA
17044 1012 NA
17045 1012 NA
17046 1012 NA
17047 1012 NA
17048 1012 NA
17049 1012 NA
17050 1012 NA
17051 1012 NA
17052 1012 NA
17053 1012 NA
17054 1012 NA
17055 1012 NA
17056 1012 NA
17057 1012 NA
17058 1012 NA
17059 1012 NA
17060 1012 NA
17061 1012 NA
17062 1012 NA
17063 1012 NA
17064 1012 NA
17069 1012 NA
17070 1012 NA
17071 1012 NA
17072 1012 NA
17073 976 NA
17075 976 NA
17076 976 NA
17077 976 NA
17078 976 NA
17079 976 NA
17080 976 NA
17081 976 NA
17083 976 NA
17084 976 NA
17085 976 NA
17086 976 NA
17087 976 NA
17088 976 NA
17089 976 NA
17091 976 NA
17092 976 NA
17093 976 NA
17094 976 NA
17095 976 NA
17096 976 NA
17097 976 NA
17098 976 NA
17099 976 NA
17100 976 NA
17101 976 NA
17102 976 NA
17103 976 NA
17104 976 NA
17105 976 NA
17106 976 NA
17107 957 NA
17108 957 NA
17109 957 NA
17110 957 NA
17111 957 NA
17112 957 NA
17113 957 NA
17114 957 NA
17115 957 NA
17117 957 NA
17118 957 NA
17123 957 NA
17124 957 NA
17125 957 NA
17126 957 NA
17127 957 NA
17129 957 NA
17130 957 NA
17131 957 NA
17132 957 NA
17133 957 NA
17134 957 NA
17135 957 NA
17136 957 NA
17138 957 NA
17139 957 NA
17140 957 NA
17141 914 NA
17142 914 NA
17143 914 NA
17144 914 NA
17145 914 NA
17146 914 NA
17147 914 NA
